Date,Time PST,Air Temp °F, 2<sup>nd</sup> Air Temp °F, Dew Point °F, Rel Hum %, Leaf Wet u., Wind Dir @ Speed mph, Wind Gust mph, 8 in. Soil Tmp °F, Tot Prec in, Solar Rad W/m²,Location,Station ID,Station Name,Download Timestamp
2007-11-01,00:15,41.8,,38.3,87.1,0.02,N@0.0,0.0,49.8,0.0,0,"Wheelhouse, Benton County",100065,Wheelhouse,2017-11-29 01:23:12.393368
2007-11-01,00:30,40.8,,38.0,89.6,0.03,E@0.0,1.4,49.8,0.0,0,"Wheelhouse, Benton County",100065,Wheelhouse,2017-11-29 01:23:12.393368
2007-11-01,00:45,39.8,,37.1,89.9,0.03,N@0.0,0.0,49.8,0.0,0,"Wheelhouse, Benton County",100065,Wheelhouse,2017-11-29 01:23:12.393368
2007-11-01,01:00,38.7,,36.6,91.8,0.04,N@0.0,0.0,49.7,0.0,0,"Wheelhouse, Benton County",100065,Wheelhouse,2017-11-29 01:23:12.393368
2007-11-01,01:15,38.5,,36.4,91.8,0.03,N@0.0,0.0,49.7,0.0,0,"Wheelhouse, Benton County",100065,Wheelhouse,2017-11-29 01:23:12.393368
2007-11-01,01:30,38.8,,37.0,93.2,0.04,E@3.4,5.7,49.7,0.0,0,"Wheelhouse, Benton County",100065,Wheelhouse,2017-11-29 01:23:12.393368
2007-11-01,01:45,38.8,,36.6,91.7,0.04,N@0.0,0.0,49.7,0.0,0,"Wheelhouse, Benton County",100065,Wheelhouse,2017-11-29 01:23:12.393368
2007-11-01,02:00,38.7,,36.5,91.8,0.04,N@0.0,0.0,49.7,0.0,0,"Wheelhouse, Benton County",100065,Wheelhouse,2017-11-29 01:23:12.393368
2007-11-01,02:15,38.4,,36.0,90.8,0.05,N@0.0,0.0,49.6,0.0,0,"Wheelhouse, Benton County",100065,Wheelhouse,2017-11-29 01:23:12.393368
2007-11-01,02:30,37.1,,35.3,92.8,0.06,N@0.0,0.0,49.6,0.0,0,"Wheelhouse, Benton County",100065,Wheelhouse,2017-11-29 01:23:12.393368
2007-11-01,02:45,36.2,,35.0,95.4,0.08,N@0.0,0.0,49.6,0.0,0,"Wheelhouse, Benton County",100065,Wheelhouse,2017-11-29 01:23:12.393368
2007-11-01,03:00,36.3,,34.8,94.4,0.07,N@0.0,0.0,49.5,0.0,0,"Wheelhouse, Benton County",100065,Wheelhouse,2017-11-29 01:23:12.393368
2007-11-01,03:15,35.5,,34.7,96.6,0.09,NE@3.0,4.6,49.5,0.0,0,"Wheelhouse, Benton County",100065,Wheelhouse,2017-11-29 01:23:12.393368
2007-11-01,03:30,35.5,,34.8,97.5,0.1,NE@1.3,4.6,49.5,0.0,0,"Wheelhouse, Benton County",100065,Wheelhouse,2017-11-29 01:23:12.393368
2007-11-01,03:45,34.8,,34.4,98.2,0.12,NE@3.2,5.7,49.4,0.0,0,"Wheelhouse, Benton County",100065,Wheelhouse,2017-11-29 01:23:12.393368
2007-11-01,04:00,34.3,,34.2,99.9,0.15,N@0.0,0.0,49.4,0.0,0,"Wheelhouse, Benton County",100065,Wheelhouse,2017-11-29 01:23:12.393368
2007-11-01,04:15,34.7,,34.7,99.9,0.16,NE@3.7,6.0,49.4,0.0,0,"Wheelhouse, Benton County",100065,Wheelhouse,2017-11-29 01:23:12.393368
2007-11-01,04:30,34.2,,34.2,100.0,0.18,NE@2.6,6.0,49.3,0.0,0,"Wheelhouse, Benton County",100065,Wheelhouse,2017-11-29 01:23:12.393368
2007-11-01,04:45,34.6,,34.6,100.0,0.21,NE@4.7,6.7,49.3,0.0,0,"Wheelhouse, Benton County",100065,Wheelhouse,2017-11-29 01:23:12.393368
2007-11-01,05:00,35.6,,35.6,100.0,0.2,NE@4.8,6.4,49.2,0.0,0,"Wheelhouse, Benton County",100065,Wheelhouse,2017-11-29 01:23:12.393368
2007-11-01,05:15,34.7,,34.7,100.0,0.22,NE@0.7,5.3,49.2,0.0,0,"Wheelhouse, Benton County",100065,Wheelhouse,2017-11-29 01:23:12.393368
2007-11-01,05:30,35.0,,35.0,100.0,0.19,NE@1.7,5.7,49.1,0.0,0,"Wheelhouse, Benton County",100065,Wheelhouse,2017-11-29 01:23:12.393368
2007-11-01,05:45,35.3,,35.0,99.0,0.16,NE@4.8,6.0,49.1,0.0,0,"Wheelhouse, Benton County",100065,Wheelhouse,2017-11-29 01:23:12.393368
2007-11-01,06:00,34.6,,34.2,98.5,0.15,NE@4.5,7.1,49.0,0.0,0,"Wheelhouse, Benton County",100065,Wheelhouse,2017-11-29 01:23:12.393368
2007-11-01,06:15,34.8,,34.4,98.4,0.11,NE@5.8,8.9,49.0,0.0,0,"Wheelhouse, Benton County",100065,Wheelhouse,2017-11-29 01:23:12.393368
2007-11-01,06:30,34.9,,34.2,97.4,0.11,NE@5.1,6.7,48.9,0.0,1,"Wheelhouse, Benton County",100065,Wheelhouse,2017-11-29 01:23:12.393368
2007-11-01,06:45,34.5,,33.8,97.1,0.1,NE@1.8,6.7,48.8,0.0,5,"Wheelhouse, Benton County",100065,Wheelhouse,2017-11-29 01:23:12.393368
2007-11-01,07:00,35.4,,34.2,95.4,0.06,NE@5.2,6.4,48.8,0.0,26,"Wheelhouse, Benton County",100065,Wheelhouse,2017-11-29 01:23:12.393368
2007-11-01,07:15,36.2,,34.4,93.0,0.04,NE@4.7,6.7,48.7,0.0,56,"Wheelhouse, Benton County",100065,Wheelhouse,2017-11-29 01:23:12.393368
2007-11-01,07:30,38.1,,35.3,89.4,0.02,NE@1.9,4.6,48.7,0.0,87,"Wheelhouse, Benton County",100065,Wheelhouse,2017-11-29 01:23:12.393368
2007-11-01,07:45,39.5,,36.4,88.4,0.01,NE@2.0,7.8,48.6,0.0,119,"Wheelhouse, Benton County",100065,Wheelhouse,2017-11-29 01:23:12.393368
2007-11-01,08:00,41.6,,37.4,84.7,0.01,NE@3.6,5.7,48.5,0.0,154,"Wheelhouse, Benton County",100065,Wheelhouse,2017-11-29 01:23:12.393368
2007-11-01,08:15,44.0,,38.0,79.2,0.0,E@3.2,7.4,48.5,0.0,189,"Wheelhouse, Benton County",100065,Wheelhouse,2017-11-29 01:23:12.393368
2007-11-01,08:30,45.5,,38.3,75.6,0.0,E@3.2,8.5,48.4,0.0,224,"Wheelhouse, Benton County",100065,Wheelhouse,2017-11-29 01:23:12.393368
2007-11-01,08:45,46.4,,38.9,74.9,0.0,SE@0.4,8.2,48.4,0.0,259,"Wheelhouse, Benton County",100065,Wheelhouse,2017-11-29 01:23:12.393368
2007-11-01,09:00,47.5,,39.4,73.2,0.0,SE@3.1,8.2,48.3,0.0,292,"Wheelhouse, Benton County",100065,Wheelhouse,2017-11-29 01:23:12.393368
2007-11-01,09:15,48.4,,38.3,67.8,0.0,SE@2.8,8.2,48.2,0.0,325,"Wheelhouse, Benton County",100065,Wheelhouse,2017-11-29 01:23:12.393368
2007-11-01,09:30,49.1,,38.0,65.3,0.0,SE@1.4,7.4,48.2,0.0,354,"Wheelhouse, Benton County",100065,Wheelhouse,2017-11-29 01:23:12.393368
2007-11-01,09:45,50.1,,37.1,60.8,0.0,SE@1.5,5.3,48.1,0.0,381,"Wheelhouse, Benton County",100065,Wheelhouse,2017-11-29 01:23:12.393368
2007-11-01,10:00,50.7,,37.0,59.2,0.0,SE@0.0,3.1,48.1,0.0,410,"Wheelhouse, Benton County",100065,Wheelhouse,2017-11-29 01:23:12.393368
2007-11-01,10:15,51.4,,37.1,57.8,0.0,SE@0.4,5.7,48.0,0.0,431,"Wheelhouse, Benton County",100065,Wheelhouse,2017-11-29 01:23:12.393368
2007-11-01,10:30,51.8,,38.2,59.7,0.0,E@2.6,6.4,48.0,0.0,460,"Wheelhouse, Benton County",100065,Wheelhouse,2017-11-29 01:23:12.393368
2007-11-01,10:45,52.9,,38.2,57.1,0.0,E@0.9,8.2,47.9,0.0,511,"Wheelhouse, Benton County",100065,Wheelhouse,2017-11-29 01:23:12.393368
2007-11-01,11:00,54.1,,38.4,55.2,0.0,E@2.6,7.8,47.9,0.0,492,"Wheelhouse, Benton County",100065,Wheelhouse,2017-11-29 01:23:12.393368
2007-11-01,11:15,54.9,,39.1,55.1,0.0,E@3.9,9.6,47.9,0.0,539,"Wheelhouse, Benton County",100065,Wheelhouse,2017-11-29 01:23:12.393368
2007-11-01,11:30,55.3,,39.5,55.2,0.0,SE@2.4,11.4,47.9,0.0,468,"Wheelhouse, Benton County",100065,Wheelhouse,2017-11-29 01:23:12.393368
2007-11-01,11:45,55.1,,39.9,56.4,0.0,SE@3.0,9.9,47.9,0.0,369,"Wheelhouse, Benton County",100065,Wheelhouse,2017-11-29 01:23:12.393368
2007-11-01,12:00,55.3,,39.9,56.0,0.0,SE@4.3,11.0,47.9,0.0,411,"Wheelhouse, Benton County",100065,Wheelhouse,2017-11-29 01:23:12.393368
2007-11-01,12:15,56.0,,40.2,55.2,0.0,SE@2.9,9.2,47.9,0.0,469,"Wheelhouse, Benton County",100065,Wheelhouse,2017-11-29 01:23:12.393368
2007-11-01,12:30,56.4,,39.7,53.4,0.0,SE@3.0,8.2,47.9,0.0,489,"Wheelhouse, Benton County",100065,Wheelhouse,2017-11-29 01:23:12.393368
2007-11-01,12:45,56.8,,39.3,51.7,0.0,SE@1.1,8.5,47.9,0.0,483,"Wheelhouse, Benton County",100065,Wheelhouse,2017-11-29 01:23:12.393368
2007-11-01,13:00,57.8,,38.1,47.8,0.0,S@1.9,7.8,48.0,0.0,476,"Wheelhouse, Benton County",100065,Wheelhouse,2017-11-29 01:23:12.393368
2007-11-01,13:15,58.4,,37.2,45.1,0.0,S@0.1,5.7,48.0,0.0,465,"Wheelhouse, Benton County",100065,Wheelhouse,2017-11-29 01:23:12.393368
2007-11-01,13:30,58.6,,36.8,44.0,0.0,SE@0.1,5.7,48.1,0.0,347,"Wheelhouse, Benton County",100065,Wheelhouse,2017-11-29 01:23:12.393368
2007-11-01,13:45,58.3,,36.6,44.1,0.0,S@0.2,6.7,48.2,0.0,250,"Wheelhouse, Benton County",100065,Wheelhouse,2017-11-29 01:23:12.393368
2007-11-01,14:00,58.0,,35.4,42.4,0.0,S@0.2,6.0,48.3,0.0,247,"Wheelhouse, Benton County",100065,Wheelhouse,2017-11-29 01:23:12.393368
2007-11-01,14:15,58.4,,33.8,39.4,0.0,SE@0.4,6.0,48.4,0.0,264,"Wheelhouse, Benton County",100065,Wheelhouse,2017-11-29 01:23:12.393368
2007-11-01,14:30,58.3,,31.9,36.7,0.0,E@0.4,9.6,48.5,0.0,263,"Wheelhouse, Benton County",100065,Wheelhouse,2017-11-29 01:23:12.393368
2007-11-01,14:45,57.5,,33.0,39.4,0.0,NE@6.3,9.9,48.6,0.0,207,"Wheelhouse, Benton County",100065,Wheelhouse,2017-11-29 01:23:12.393368
2007-11-01,15:00,57.3,,32.8,39.3,0.0,NE@5.6,10.3,48.7,0.0,226,"Wheelhouse, Benton County",100065,Wheelhouse,2017-11-29 01:23:12.393368
2007-11-01,15:15,57.0,,32.2,38.9,0.0,NE@6.3,11.7,48.9,0.0,169,"Wheelhouse, Benton County",100065,Wheelhouse,2017-11-29 01:23:12.393368
2007-11-01,15:30,55.9,,32.0,40.1,0.0,NE@5.2,9.9,49.0,0.0,133,"Wheelhouse, Benton County",100065,Wheelhouse,2017-11-29 01:23:12.393368
2007-11-01,15:45,55.6,,32.1,40.6,0.0,NE@2.7,9.6,49.1,0.0,129,"Wheelhouse, Benton County",100065,Wheelhouse,2017-11-29 01:23:12.393368
2007-11-01,16:00,54.9,,31.4,40.5,0.0,NE@0.2,6.7,49.2,0.0,94,"Wheelhouse, Benton County",100065,Wheelhouse,2017-11-29 01:23:12.393368
2007-11-01,16:15,53.5,,32.3,44.4,0.0,NE@0.0,1.7,49.4,0.0,65,"Wheelhouse, Benton County",100065,Wheelhouse,2017-11-29 01:23:12.393368
2007-11-01,16:30,50.8,,33.6,51.5,0.0,NE@0.0,1.4,49.5,0.0,29,"Wheelhouse, Benton County",100065,Wheelhouse,2017-11-29 01:23:12.393368
2007-11-01,16:45,48.5,,32.0,52.5,0.0,N@0.0,0.0,49.6,0.0,10,"Wheelhouse, Benton County",100065,Wheelhouse,2017-11-29 01:23:12.393368
2007-11-01,17:00,45.8,,31.8,57.8,0.0,N@0.0,0.0,49.8,0.0,2,"Wheelhouse, Benton County",100065,Wheelhouse,2017-11-29 01:23:12.393368
2007-11-01,17:15,44.4,,31.3,59.8,0.0,NE@1.3,7.8,49.9,0.0,0,"Wheelhouse, Benton County",100065,Wheelhouse,2017-11-29 01:23:12.393368
2007-11-01,17:30,44.0,,31.2,60.4,0.0,NE@6.4,7.8,50.0,0.0,0,"Wheelhouse, Benton County",100065,Wheelhouse,2017-11-29 01:23:12.393368
2007-11-01,17:45,43.4,,31.2,61.7,0.0,NE@6.3,7.4,50.1,0.0,0,"Wheelhouse, Benton County",100065,Wheelhouse,2017-11-29 01:23:12.393368
2007-11-01,18:00,42.7,,31.2,63.6,0.0,NE@6.5,7.8,50.2,0.0,0,"Wheelhouse, Benton County",100065,Wheelhouse,2017-11-29 01:23:12.393368
2007-11-01,18:15,41.7,,31.0,65.6,0.0,NE@6.4,7.8,50.3,0.0,0,"Wheelhouse, Benton County",100065,Wheelhouse,2017-11-29 01:23:12.393368
2007-11-01,18:30,41.4,,31.0,66.2,0.0,NE@6.7,8.2,50.3,0.0,0,"Wheelhouse, Benton County",100065,Wheelhouse,2017-11-29 01:23:12.393368
2007-11-01,18:45,40.9,,30.7,66.7,0.0,NE@6.2,7.8,50.4,0.0,0,"Wheelhouse, Benton County",100065,Wheelhouse,2017-11-29 01:23:12.393368
2007-11-01,19:00,40.6,,30.4,66.7,0.0,NE@6.1,7.8,50.5,0.0,0,"Wheelhouse, Benton County",100065,Wheelhouse,2017-11-29 01:23:12.393368
2007-11-01,19:15,39.9,,30.0,67.4,0.0,NE@6.2,7.4,50.5,0.0,0,"Wheelhouse, Benton County",100065,Wheelhouse,2017-11-29 01:23:12.393368
2007-11-01,19:30,39.3,,29.9,68.9,0.0,NE@6.4,8.2,50.5,0.0,0,"Wheelhouse, Benton County",100065,Wheelhouse,2017-11-29 01:23:12.393368
2007-11-01,19:45,38.8,,29.4,68.5,0.0,NE@6.2,7.4,50.6,0.0,0,"Wheelhouse, Benton County",100065,Wheelhouse,2017-11-29 01:23:12.393368
2007-11-01,20:00,38.8,,29.1,68.0,0.0,NE@6.8,8.5,50.6,0.0,0,"Wheelhouse, Benton County",100065,Wheelhouse,2017-11-29 01:23:12.393368
2007-11-01,20:15,38.0,,28.8,69.3,0.0,NE@6.5,7.4,50.6,0.0,0,"Wheelhouse, Benton County",100065,Wheelhouse,2017-11-29 01:23:12.393368
2007-11-01,20:30,37.9,,28.8,69.3,0.0,NE@6.3,7.4,50.6,0.0,0,"Wheelhouse, Benton County",100065,Wheelhouse,2017-11-29 01:23:12.393368
2007-11-01,20:45,38.2,,29.1,69.5,0.0,NE@5.4,7.4,50.6,0.0,0,"Wheelhouse, Benton County",100065,Wheelhouse,2017-11-29 01:23:12.393368
2007-11-01,21:00,39.1,,29.9,69.2,0.0,E@0.7,4.6,50.6,0.0,0,"Wheelhouse, Benton County",100065,Wheelhouse,2017-11-29 01:23:12.393368
2007-11-01,21:15,39.1,,29.2,67.4,0.0,NE@0.1,6.0,50.6,0.0,0,"Wheelhouse, Benton County",100065,Wheelhouse,2017-11-29 01:23:12.393368
2007-11-01,21:30,37.7,,28.5,69.1,0.0,NE@0.8,6.0,50.6,0.0,0,"Wheelhouse, Benton County",100065,Wheelhouse,2017-11-29 01:23:12.393368
2007-11-01,21:45,35.2,,27.9,74.4,0.0,NE@1.9,5.7,50.5,0.0,0,"Wheelhouse, Benton County",100065,Wheelhouse,2017-11-29 01:23:12.393368
2007-11-01,22:00,34.4,,28.0,77.0,0.0,NE@2.1,4.9,50.5,0.0,0,"Wheelhouse, Benton County",100065,Wheelhouse,2017-11-29 01:23:12.393368
2007-11-01,22:15,34.6,,28.4,77.9,0.0,N@0.0,0.0,50.5,0.0,0,"Wheelhouse, Benton County",100065,Wheelhouse,2017-11-29 01:23:12.393368
2007-11-01,22:30,34.3,,28.7,79.7,0.0,N@0.0,0.0,50.4,0.0,0,"Wheelhouse, Benton County",100065,Wheelhouse,2017-11-29 01:23:12.393368
2007-11-01,22:45,33.9,,28.8,81.5,0.0,N@0.0,0.0,50.4,0.0,0,"Wheelhouse, Benton County",100065,Wheelhouse,2017-11-29 01:23:12.393368
2007-11-01,23:00,34.3,,29.1,81.0,0.0,NE@1.9,6.4,50.3,0.0,0,"Wheelhouse, Benton County",100065,Wheelhouse,2017-11-29 01:23:12.393368
2007-11-02,23:15,34.4,,29.2,81.0,0.0,NE@4.6,6.0,50.3,0.0,0,"Wheelhouse, Benton County",100065,Wheelhouse,2017-11-29 01:23:12.393368
2007-11-02,23:30,33.9,,29.0,82.1,0.0,N@0.0,0.0,50.2,0.0,0,"Wheelhouse, Benton County",100065,Wheelhouse,2017-11-29 01:23:12.393368
2007-11-02,23:45,33.4,,28.7,82.5,0.0,NE@1.6,8.5,50.2,0.0,0,"Wheelhouse, Benton County",100065,Wheelhouse,2017-11-29 01:23:12.393368
2007-11-02,24:00,34.5,,28.9,79.7,0.0,N@4.4,6.4,50.1,0.0,0,"Wheelhouse, Benton County",100065,Wheelhouse,2017-11-29 01:23:12.393368
2007-11-02,00:15,36.0,,29.5,77.0,0.0,E@3.9,7.4,50.1,0.0,0,"Wheelhouse, Benton County",100065,Wheelhouse,2017-11-29 01:23:12.393368
2007-11-02,00:30,36.8,,29.2,73.6,0.0,NE@1.6,6.0,50.0,0.0,0,"Wheelhouse, Benton County",100065,Wheelhouse,2017-11-29 01:23:12.393368
2007-11-02,00:45,38.1,,29.1,69.7,0.0,NE@0.3,6.4,49.9,0.0,0,"Wheelhouse, Benton County",100065,Wheelhouse,2017-11-29 01:23:12.393368
2007-11-02,01:00,35.8,,29.0,75.9,0.0,N@0.0,0.0,49.9,0.0,0,"Wheelhouse, Benton County",100065,Wheelhouse,2017-11-29 01:23:12.393368
2007-11-02,01:15,34.4,,28.1,77.5,0.0,N@0.0,0.0,49.8,0.0,0,"Wheelhouse, Benton County",100065,Wheelhouse,2017-11-29 01:23:12.393368
2007-11-02,01:30,35.1,,28.4,76.5,0.0,N@0.0,0.0,49.7,0.0,0,"Wheelhouse, Benton County",100065,Wheelhouse,2017-11-29 01:23:12.393368
2007-11-02,01:45,36.7,,28.9,73.2,0.0,N@0.0,0.0,49.7,0.0,0,"Wheelhouse, Benton County",100065,Wheelhouse,2017-11-29 01:23:12.393368
2007-11-02,02:00,36.3,,30.1,77.9,0.01,N@0.0,0.0,49.6,0.0,0,"Wheelhouse, Benton County",100065,Wheelhouse,2017-11-29 01:23:12.393368
2007-11-02,02:15,34.6,,29.9,82.6,0.02,N@0.0,0.0,49.5,0.0,0,"Wheelhouse, Benton County",100065,Wheelhouse,2017-11-29 01:23:12.393368
2007-11-02,02:30,31.7,,28.1,86.6,0.02,N@0.0,0.0,49.5,0.0,0,"Wheelhouse, Benton County",100065,Wheelhouse,2017-11-29 01:23:12.393368
2007-11-02,02:45,30.1,,27.5,90.9,0.03,N@0.0,0.0,49.4,0.0,0,"Wheelhouse, Benton County",100065,Wheelhouse,2017-11-29 01:23:12.393368
2007-11-02,03:00,28.7,,26.7,93.5,0.04,N@0.0,0.0,49.3,0.0,0,"Wheelhouse, Benton County",100065,Wheelhouse,2017-11-29 01:23:12.393368
2007-11-02,03:15,27.8,,26.2,95.5,0.05,N@0.0,0.0,49.2,0.0,0,"Wheelhouse, Benton County",100065,Wheelhouse,2017-11-29 01:23:12.393368
2007-11-02,03:30,28.4,,27.4,97.7,0.06,N@0.0,0.0,49.2,0.0,0,"Wheelhouse, Benton County",100065,Wheelhouse,2017-11-29 01:23:12.393368
2007-11-02,03:45,28.4,,27.0,96.2,0.05,N@0.0,0.0,49.1,0.0,0,"Wheelhouse, Benton County",100065,Wheelhouse,2017-11-29 01:23:12.393368
2007-11-02,04:00,28.4,,27.0,96.5,0.05,N@0.0,0.0,49.0,0.0,0,"Wheelhouse, Benton County",100065,Wheelhouse,2017-11-29 01:23:12.393368
2007-11-02,04:15,28.3,,26.7,95.6,0.04,N@0.0,0.0,48.9,0.0,0,"Wheelhouse, Benton County",100065,Wheelhouse,2017-11-29 01:23:12.393368
2007-11-02,04:30,28.3,,26.8,96.1,0.05,N@0.0,0.0,48.8,0.0,0,"Wheelhouse, Benton County",100065,Wheelhouse,2017-11-29 01:23:12.393368
2007-11-02,04:45,28.9,,27.1,94.4,0.04,N@0.0,0.0,48.8,0.0,0,"Wheelhouse, Benton County",100065,Wheelhouse,2017-11-29 01:23:12.393368
2007-11-02,05:00,28.2,,26.9,96.7,0.06,NE@1.5,6.0,48.7,0.0,0,"Wheelhouse, Benton County",100065,Wheelhouse,2017-11-29 01:23:12.393368
2007-11-02,05:15,29.7,,28.4,96.0,0.04,NE@3.4,5.3,48.6,0.0,0,"Wheelhouse, Benton County",100065,Wheelhouse,2017-11-29 01:23:12.393368
2007-11-02,05:30,29.3,,27.7,94.9,0.04,NE@1.2,6.0,48.5,0.0,0,"Wheelhouse, Benton County",100065,Wheelhouse,2017-11-29 01:23:12.393368
2007-11-02,05:45,29.3,,27.6,94.5,0.03,N@0.0,0.0,48.4,0.0,0,"Wheelhouse, Benton County",100065,Wheelhouse,2017-11-29 01:23:12.393368
2007-11-02,06:00,28.9,,27.4,95.9,0.05,N@0.0,0.0,48.3,0.0,0,"Wheelhouse, Benton County",100065,Wheelhouse,2017-11-29 01:23:12.393368
2007-11-02,06:15,30.1,,28.1,92.9,0.03,N@0.0,0.0,48.2,0.0,0,"Wheelhouse, Benton County",100065,Wheelhouse,2017-11-29 01:23:12.393368
2007-11-02,06:30,28.3,,26.5,94.5,0.06,N@0.0,0.0,48.1,0.0,1,"Wheelhouse, Benton County",100065,Wheelhouse,2017-11-29 01:23:12.393368
2007-11-02,06:45,27.3,,26.6,99.4,0.09,N@0.0,0.0,48.1,0.0,5,"Wheelhouse, Benton County",100065,Wheelhouse,2017-11-29 01:23:12.393368
2007-11-02,07:00,27.6,,27.0,100.0,0.09,N@0.0,0.0,48.0,0.0,24,"Wheelhouse, Benton County",100065,Wheelhouse,2017-11-29 01:23:12.393368
2007-11-02,07:15,28.9,,28.5,100.0,0.08,N@0.0,0.0,47.9,0.0,54,"Wheelhouse, Benton County",100065,Wheelhouse,2017-11-29 01:23:12.393368
2007-11-02,07:30,30.3,,29.9,99.1,0.04,N@0.0,0.0,47.8,0.0,85,"Wheelhouse, Benton County",100065,Wheelhouse,2017-11-29 01:23:12.393368
2007-11-02,07:45,33.1,,32.2,96.3,0.03,N@0.0,0.0,47.7,0.0,120,"Wheelhouse, Benton County",100065,Wheelhouse,2017-11-29 01:23:12.393368
2007-11-02,08:00,34.9,,32.7,91.6,0.02,N@0.0,0.0,47.6,0.0,154,"Wheelhouse, Benton County",100065,Wheelhouse,2017-11-29 01:23:12.393368
2007-11-02,08:15,35.1,,33.0,91.8,0.02,N@0.0,0.0,47.5,0.0,190,"Wheelhouse, Benton County",100065,Wheelhouse,2017-11-29 01:23:12.393368
2007-11-02,08:30,35.5,,33.8,93.7,0.02,N@0.0,0.0,47.4,0.0,224,"Wheelhouse, Benton County",100065,Wheelhouse,2017-11-29 01:23:12.393368
2007-11-02,08:45,36.2,,34.8,94.4,0.02,N@0.0,0.0,47.4,0.0,259,"Wheelhouse, Benton County",100065,Wheelhouse,2017-11-29 01:23:12.393368
2007-11-02,09:00,37.8,,35.5,91.1,0.01,N@0.0,0.0,47.3,0.0,292,"Wheelhouse, Benton County",100065,Wheelhouse,2017-11-29 01:23:12.393368
2007-11-02,09:15,39.3,,35.3,85.6,0.01,N@0.0,0.0,47.2,0.0,323,"Wheelhouse, Benton County",100065,Wheelhouse,2017-11-29 01:23:12.393368
2007-11-02,09:30,40.8,,35.6,81.5,0.0,N@0.0,0.0,47.1,0.0,352,"Wheelhouse, Benton County",100065,Wheelhouse,2017-11-29 01:23:12.393368
2007-11-02,09:45,42.0,,35.7,78.0,0.0,N@0.0,0.0,47.0,0.0,379,"Wheelhouse, Benton County",100065,Wheelhouse,2017-11-29 01:23:12.393368
2007-11-02,10:00,43.4,,36.0,75.2,0.0,N@0.0,0.0,47.0,0.0,419,"Wheelhouse, Benton County",100065,Wheelhouse,2017-11-29 01:23:12.393368
2007-11-02,10:15,44.1,,35.9,72.6,0.0,S@0.1,2.8,46.9,0.0,423,"Wheelhouse, Benton County",100065,Wheelhouse,2017-11-29 01:23:12.393368
2007-11-02,10:30,44.9,,35.8,70.2,0.0,SE@0.1,2.4,46.8,0.0,432,"Wheelhouse, Benton County",100065,Wheelhouse,2017-11-29 01:23:12.393368
2007-11-02,10:45,45.6,,35.9,68.6,0.0,N@0.0,0.0,46.7,0.0,453,"Wheelhouse, Benton County",100065,Wheelhouse,2017-11-29 01:23:12.393368
2007-11-02,11:00,46.5,,35.5,65.4,0.0,N@0.0,0.0,46.7,0.0,476,"Wheelhouse, Benton County",100065,Wheelhouse,2017-11-29 01:23:12.393368
2007-11-02,11:15,47.5,,35.8,63.7,0.0,N@0.0,0.0,46.6,0.0,479,"Wheelhouse, Benton County",100065,Wheelhouse,2017-11-29 01:23:12.393368
2007-11-02,11:30,48.4,,34.7,58.7,0.0,N@0.0,0.0,46.6,0.0,500,"Wheelhouse, Benton County",100065,Wheelhouse,2017-11-29 01:23:12.393368
2007-11-02,11:45,49.0,,34.3,56.7,0.0,N@0.0,0.0,46.6,0.0,481,"Wheelhouse, Benton County",100065,Wheelhouse,2017-11-29 01:23:12.393368
2007-11-02,12:00,49.6,,34.2,55.3,0.0,N@0.0,0.0,46.6,0.0,462,"Wheelhouse, Benton County",100065,Wheelhouse,2017-11-29 01:23:12.393368
2007-11-02,12:15,50.4,,33.2,51.4,0.0,SE@0.2,4.6,46.6,0.0,469,"Wheelhouse, Benton County",100065,Wheelhouse,2017-11-29 01:23:12.393368
2007-11-02,12:30,51.0,,33.4,50.8,0.0,S@0.0,1.4,46.6,0.0,468,"Wheelhouse, Benton County",100065,Wheelhouse,2017-11-29 01:23:12.393368
2007-11-02,12:45,51.4,,32.9,49.1,0.0,N@0.0,0.0,46.6,0.0,459,"Wheelhouse, Benton County",100065,Wheelhouse,2017-11-29 01:23:12.393368
2007-11-02,13:00,52.0,,33.8,49.7,0.0,N@0.0,0.0,46.6,0.0,458,"Wheelhouse, Benton County",100065,Wheelhouse,2017-11-29 01:23:12.393368
2007-11-02,13:15,52.1,,33.7,49.4,0.0,N@0.0,0.0,46.6,0.0,432,"Wheelhouse, Benton County",100065,Wheelhouse,2017-11-29 01:23:12.393368
2007-11-02,13:30,52.6,,33.6,48.2,0.0,SE@0.0,1.4,46.7,0.0,384,"Wheelhouse, Benton County",100065,Wheelhouse,2017-11-29 01:23:12.393368
2007-11-02,13:45,52.8,,33.3,47.2,0.0,N@0.0,0.0,46.7,0.0,378,"Wheelhouse, Benton County",100065,Wheelhouse,2017-11-29 01:23:12.393368
2007-11-02,14:00,53.2,,33.3,46.5,0.0,N@0.0,0.0,46.8,0.0,351,"Wheelhouse, Benton County",100065,Wheelhouse,2017-11-29 01:23:12.393368
2007-11-02,14:15,53.1,,33.5,47.2,0.0,N@0.0,0.0,46.9,0.0,277,"Wheelhouse, Benton County",100065,Wheelhouse,2017-11-29 01:23:12.393368
2007-11-02,14:30,53.3,,33.4,46.7,0.0,N@0.0,0.0,47.0,0.0,239,"Wheelhouse, Benton County",100065,Wheelhouse,2017-11-29 01:23:12.393368
2007-11-02,14:45,52.9,,33.8,48.0,0.0,S@0.1,4.2,47.1,0.0,197,"Wheelhouse, Benton County",100065,Wheelhouse,2017-11-29 01:23:12.393368
2007-11-02,15:00,52.4,,35.1,51.6,0.0,S@1.7,8.2,47.2,0.0,180,"Wheelhouse, Benton County",100065,Wheelhouse,2017-11-29 01:23:12.393368
2007-11-02,15:15,51.2,,34.9,53.4,0.0,S@0.9,7.4,47.3,0.0,128,"Wheelhouse, Benton County",100065,Wheelhouse,2017-11-29 01:23:12.393368
2007-11-02,15:30,50.1,,35.0,55.9,0.0,S@0.7,7.1,47.4,0.0,126,"Wheelhouse, Benton County",100065,Wheelhouse,2017-11-29 01:23:12.393368
2007-11-02,15:45,49.7,,34.6,55.8,0.0,S@2.3,6.7,47.5,0.0,127,"Wheelhouse, Benton County",100065,Wheelhouse,2017-11-29 01:23:12.393368
2007-11-02,16:00,49.6,,34.9,56.7,0.0,S@0.7,5.7,47.6,0.0,99,"Wheelhouse, Benton County",100065,Wheelhouse,2017-11-29 01:23:12.393368
2007-11-02,16:15,48.1,,36.3,63.5,0.0,SE@0.3,4.6,47.8,0.0,49,"Wheelhouse, Benton County",100065,Wheelhouse,2017-11-29 01:23:12.393368
2007-11-02,16:30,46.9,,37.3,69.1,0.0,N@0.0,0.0,47.9,0.0,29,"Wheelhouse, Benton County",100065,Wheelhouse,2017-11-29 01:23:12.393368
2007-11-02,16:45,45.8,,35.0,65.6,0.0,N@0.0,0.0,48.1,0.0,8,"Wheelhouse, Benton County",100065,Wheelhouse,2017-11-29 01:23:12.393368
2007-11-02,17:00,44.4,,32.7,63.4,0.0,NE@0.0,1.4,48.2,0.0,2,"Wheelhouse, Benton County",100065,Wheelhouse,2017-11-29 01:23:12.393368
2007-11-02,17:15,40.4,,30.8,68.5,0.0,N@0.0,0.0,48.3,0.0,0,"Wheelhouse, Benton County",100065,Wheelhouse,2017-11-29 01:23:12.393368
2007-11-02,17:30,38.5,,30.4,72.3,0.0,N@0.0,0.0,48.4,0.0,0,"Wheelhouse, Benton County",100065,Wheelhouse,2017-11-29 01:23:12.393368
2007-11-02,17:45,37.4,,30.5,75.8,0.0,N@0.0,0.0,48.5,0.0,0,"Wheelhouse, Benton County",100065,Wheelhouse,2017-11-29 01:23:12.393368
2007-11-02,18:00,36.8,,30.7,78.2,0.0,N@0.0,0.0,48.6,0.0,0,"Wheelhouse, Benton County",100065,Wheelhouse,2017-11-29 01:23:12.393368
2007-11-02,18:15,36.3,,30.2,78.3,0.0,NE@0.0,1.4,48.7,0.0,0,"Wheelhouse, Benton County",100065,Wheelhouse,2017-11-29 01:23:12.393368
2007-11-02,18:30,36.0,,30.3,79.5,0.0,N@0.0,0.0,48.8,0.0,0,"Wheelhouse, Benton County",100065,Wheelhouse,2017-11-29 01:23:12.393368
2007-11-02,18:45,35.6,,30.6,82.0,0.0,N@0.0,0.0,48.9,0.0,0,"Wheelhouse, Benton County",100065,Wheelhouse,2017-11-29 01:23:12.393368
2007-11-02,19:00,35.5,,30.7,82.4,0.0,NE@0.2,5.3,48.9,0.0,0,"Wheelhouse, Benton County",100065,Wheelhouse,2017-11-29 01:23:12.393368
2007-11-02,19:15,35.3,,30.5,82.4,0.0,N@0.0,0.0,49.0,0.0,0,"Wheelhouse, Benton County",100065,Wheelhouse,2017-11-29 01:23:12.393368
2007-11-02,19:30,35.1,,30.8,84.2,0.0,N@0.0,0.0,49.0,0.0,0,"Wheelhouse, Benton County",100065,Wheelhouse,2017-11-29 01:23:12.393368
2007-11-02,19:45,34.7,,31.0,85.9,0.0,N@0.0,0.0,49.1,0.0,0,"Wheelhouse, Benton County",100065,Wheelhouse,2017-11-29 01:23:12.393368
2007-11-02,20:00,35.7,,31.6,84.6,0.0,N@0.0,0.0,49.1,0.0,0,"Wheelhouse, Benton County",100065,Wheelhouse,2017-11-29 01:23:12.393368
2007-11-02,20:15,36.0,,31.9,84.8,0.0,N@0.0,0.0,49.1,0.0,0,"Wheelhouse, Benton County",100065,Wheelhouse,2017-11-29 01:23:12.393368
2007-11-02,20:30,35.9,,31.7,84.6,0.01,N@0.0,0.0,49.1,0.0,0,"Wheelhouse, Benton County",100065,Wheelhouse,2017-11-29 01:23:12.393368
2007-11-02,20:45,36.0,,31.9,85.0,0.01,N@0.0,0.0,49.1,0.0,0,"Wheelhouse, Benton County",100065,Wheelhouse,2017-11-29 01:23:12.393368
2007-11-02,21:00,35.9,,31.8,84.8,0.01,N@0.0,0.0,49.1,0.0,0,"Wheelhouse, Benton County",100065,Wheelhouse,2017-11-29 01:23:12.393368
2007-11-02,21:15,35.2,,31.5,86.2,0.01,N@0.0,0.0,49.1,0.0,0,"Wheelhouse, Benton County",100065,Wheelhouse,2017-11-29 01:23:12.393368
2007-11-02,21:30,35.1,,31.5,86.8,0.01,N@0.0,0.0,49.0,0.0,0,"Wheelhouse, Benton County",100065,Wheelhouse,2017-11-29 01:23:12.393368
2007-11-02,21:45,35.2,,31.3,85.7,0.01,N@0.0,0.0,49.0,0.0,0,"Wheelhouse, Benton County",100065,Wheelhouse,2017-11-29 01:23:12.393368
2007-11-02,22:00,34.5,,30.8,86.4,0.01,N@0.0,0.0,49.0,0.0,0,"Wheelhouse, Benton County",100065,Wheelhouse,2017-11-29 01:23:12.393368
2007-11-02,22:15,34.4,,31.0,87.4,0.01,N@0.0,0.0,49.0,0.0,0,"Wheelhouse, Benton County",100065,Wheelhouse,2017-11-29 01:23:12.393368
2007-11-02,22:30,34.5,,30.8,86.2,0.01,N@0.0,0.0,48.9,0.0,0,"Wheelhouse, Benton County",100065,Wheelhouse,2017-11-29 01:23:12.393368
2007-11-02,22:45,34.1,,31.0,88.6,0.01,N@0.0,0.0,48.9,0.0,0,"Wheelhouse, Benton County",100065,Wheelhouse,2017-11-29 01:23:12.393368
2007-11-02,23:00,34.1,,31.3,89.6,0.01,N@0.0,0.0,48.8,0.0,0,"Wheelhouse, Benton County",100065,Wheelhouse,2017-11-29 01:23:12.393368
2007-11-03,23:15,34.0,,31.4,89.9,0.01,N@0.0,0.0,48.8,0.0,0,"Wheelhouse, Benton County",100065,Wheelhouse,2017-11-29 01:23:12.393368
2007-11-03,23:30,33.9,,31.4,90.5,0.01,N@0.0,0.0,48.8,0.0,0,"Wheelhouse, Benton County",100065,Wheelhouse,2017-11-29 01:23:12.393368
2007-11-03,23:45,33.8,,31.5,90.9,0.02,N@0.0,0.0,48.7,0.0,0,"Wheelhouse, Benton County",100065,Wheelhouse,2017-11-29 01:23:12.393368
2007-11-03,24:00,32.9,,30.9,92.1,0.03,N@0.0,0.0,48.7,0.0,0,"Wheelhouse, Benton County",100065,Wheelhouse,2017-11-29 01:23:12.393368
2007-11-03,00:15,32.5,,30.8,93.6,0.03,N@0.0,0.0,48.6,0.0,0,"Wheelhouse, Benton County",100065,Wheelhouse,2017-11-29 01:23:12.393368
2007-11-03,00:30,32.5,,31.1,94.5,0.03,N@0.0,0.0,48.5,0.0,0,"Wheelhouse, Benton County",100065,Wheelhouse,2017-11-29 01:23:12.393368
2007-11-03,00:45,34.0,,31.8,91.4,0.02,N@0.0,0.0,48.5,0.0,0,"Wheelhouse, Benton County",100065,Wheelhouse,2017-11-29 01:23:12.393368
2007-11-03,01:00,33.6,,31.6,92.3,0.03,N@0.0,0.0,48.4,0.0,0,"Wheelhouse, Benton County",100065,Wheelhouse,2017-11-29 01:23:12.393368
2007-11-03,01:15,33.2,,31.7,94.0,0.03,N@0.0,0.0,48.4,0.0,0,"Wheelhouse, Benton County",100065,Wheelhouse,2017-11-29 01:23:12.393368
2007-11-03,01:30,33.9,,32.5,94.5,0.04,N@0.0,0.0,48.3,0.0,0,"Wheelhouse, Benton County",100065,Wheelhouse,2017-11-29 01:23:12.393368
2007-11-03,01:45,34.5,,33.1,94.3,0.03,N@0.0,0.0,48.3,0.0,0,"Wheelhouse, Benton County",100065,Wheelhouse,2017-11-29 01:23:12.393368
2007-11-03,02:00,34.3,,32.9,94.7,0.04,N@0.0,0.0,48.2,0.0,0,"Wheelhouse, Benton County",100065,Wheelhouse,2017-11-29 01:23:12.393368
2007-11-03,02:15,33.7,,32.8,96.5,0.06,N@0.0,0.0,48.1,0.0,0,"Wheelhouse, Benton County",100065,Wheelhouse,2017-11-29 01:23:12.393368
2007-11-03,02:30,33.1,,32.7,98.1,0.07,N@0.0,0.0,48.1,0.0,0,"Wheelhouse, Benton County",100065,Wheelhouse,2017-11-29 01:23:12.393368
2007-11-03,02:45,33.1,,32.6,97.8,0.06,N@0.0,0.0,48.0,0.0,0,"Wheelhouse, Benton County",100065,Wheelhouse,2017-11-29 01:23:12.393368
2007-11-03,03:00,33.0,,32.5,97.7,0.07,N@0.0,0.0,48.0,0.0,0,"Wheelhouse, Benton County",100065,Wheelhouse,2017-11-29 01:23:12.393368
2007-11-03,03:15,33.5,,33.1,98.6,0.06,E@0.2,5.7,47.9,0.0,0,"Wheelhouse, Benton County",100065,Wheelhouse,2017-11-29 01:23:12.393368
2007-11-03,03:30,34.1,,33.3,96.9,0.06,N@0.0,0.0,47.8,0.0,0,"Wheelhouse, Benton County",100065,Wheelhouse,2017-11-29 01:23:12.393368
2007-11-03,03:45,33.9,,33.2,97.4,0.07,N@0.0,0.0,47.8,0.0,0,"Wheelhouse, Benton County",100065,Wheelhouse,2017-11-29 01:23:12.393368
2007-11-03,04:00,33.5,,32.9,97.4,0.06,N@0.0,0.0,47.7,0.0,0,"Wheelhouse, Benton County",100065,Wheelhouse,2017-11-29 01:23:12.393368
2007-11-03,04:15,33.5,,33.1,98.2,0.07,N@0.0,0.0,47.7,0.0,0,"Wheelhouse, Benton County",100065,Wheelhouse,2017-11-29 01:23:12.393368
2007-11-03,04:30,34.2,,33.5,97.2,0.06,N@0.0,0.0,47.6,0.0,0,"Wheelhouse, Benton County",100065,Wheelhouse,2017-11-29 01:23:12.393368
2007-11-03,04:45,34.2,,33.4,97.2,0.07,N@0.0,0.0,47.5,0.0,0,"Wheelhouse, Benton County",100065,Wheelhouse,2017-11-29 01:23:12.393368
2007-11-03,05:00,34.1,,33.4,97.3,0.07,N@0.0,0.0,47.5,0.0,0,"Wheelhouse, Benton County",100065,Wheelhouse,2017-11-29 01:23:12.393368
2007-11-03,05:15,34.4,,33.6,96.7,0.08,N@0.0,0.0,47.4,0.0,0,"Wheelhouse, Benton County",100065,Wheelhouse,2017-11-29 01:23:12.393368
2007-11-03,05:30,33.3,,32.7,97.9,0.09,N@0.0,0.0,47.4,0.0,0,"Wheelhouse, Benton County",100065,Wheelhouse,2017-11-29 01:23:12.393368
2007-11-03,05:45,34.4,,33.8,97.7,0.08,N@0.0,0.0,47.3,0.0,0,"Wheelhouse, Benton County",100065,Wheelhouse,2017-11-29 01:23:12.393368
2007-11-03,06:00,34.0,,33.3,97.1,0.08,N@0.0,0.0,47.2,0.0,0,"Wheelhouse, Benton County",100065,Wheelhouse,2017-11-29 01:23:12.393368
2007-11-03,06:15,34.8,,34.1,97.1,0.09,N@0.0,0.0,47.2,0.0,0,"Wheelhouse, Benton County",100065,Wheelhouse,2017-11-29 01:23:12.393368
2007-11-03,06:30,34.4,,33.6,97.0,0.08,N@0.0,0.0,47.1,0.0,0,"Wheelhouse, Benton County",100065,Wheelhouse,2017-11-29 01:23:12.393368
2007-11-03,06:45,34.1,,33.6,97.8,0.1,N@0.0,0.0,47.1,0.0,3,"Wheelhouse, Benton County",100065,Wheelhouse,2017-11-29 01:23:12.393368
2007-11-03,07:00,34.7,,34.1,97.5,0.07,N@0.0,0.0,47.0,0.0,20,"Wheelhouse, Benton County",100065,Wheelhouse,2017-11-29 01:23:12.393368
2007-11-03,07:15,35.6,,34.6,96.2,0.04,N@0.0,0.0,47.0,0.0,59,"Wheelhouse, Benton County",100065,Wheelhouse,2017-11-29 01:23:12.393368
2007-11-03,07:30,36.7,,35.3,94.5,0.03,N@0.0,0.0,46.9,0.0,71,"Wheelhouse, Benton County",100065,Wheelhouse,2017-11-29 01:23:12.393368
2007-11-03,07:45,36.9,,35.7,95.5,0.04,N@0.0,0.0,46.8,0.0,84,"Wheelhouse, Benton County",100065,Wheelhouse,2017-11-29 01:23:12.393368
2007-11-03,08:00,38.3,,36.8,94.3,0.02,N@0.0,0.0,46.8,0.0,108,"Wheelhouse, Benton County",100065,Wheelhouse,2017-11-29 01:23:12.393368
2007-11-03,08:15,39.6,,37.3,91.1,0.02,N@0.0,0.0,46.7,0.0,114,"Wheelhouse, Benton County",100065,Wheelhouse,2017-11-29 01:23:12.393368
2007-11-03,08:30,40.3,,37.4,89.3,0.01,N@0.0,0.0,46.7,0.0,155,"Wheelhouse, Benton County",100065,Wheelhouse,2017-11-29 01:23:12.393368
2007-11-03,08:45,41.7,,37.9,86.2,0.01,SE@0.3,7.8,46.6,0.0,204,"Wheelhouse, Benton County",100065,Wheelhouse,2017-11-29 01:23:12.393368
2007-11-03,09:00,42.4,,38.0,84.2,0.01,SE@3.1,8.9,46.6,0.0,249,"Wheelhouse, Benton County",100065,Wheelhouse,2017-11-29 01:23:12.393368
2007-11-03,09:15,43.0,,38.1,82.4,0.0,SE@3.6,7.4,46.5,0.0,248,"Wheelhouse, Benton County",100065,Wheelhouse,2017-11-29 01:23:12.393368
2007-11-03,09:30,44.4,,38.4,79.4,0.0,SE@2.4,6.4,46.5,0.0,343,"Wheelhouse, Benton County",100065,Wheelhouse,2017-11-29 01:23:12.393368
2007-11-03,09:45,45.4,,38.2,75.6,0.0,N@0.0,0.0,46.4,0.0,351,"Wheelhouse, Benton County",100065,Wheelhouse,2017-11-29 01:23:12.393368
2007-11-03,10:00,46.1,,38.4,74.3,0.0,N@0.0,0.0,46.4,0.0,338,"Wheelhouse, Benton County",100065,Wheelhouse,2017-11-29 01:23:12.393368
2007-11-03,10:15,47.0,,38.5,71.9,0.0,SE@3.8,8.2,46.4,0.0,352,"Wheelhouse, Benton County",100065,Wheelhouse,2017-11-29 01:23:12.393368
2007-11-03,10:30,48.4,,38.7,68.8,0.0,SE@3.5,8.5,46.3,0.0,398,"Wheelhouse, Benton County",100065,Wheelhouse,2017-11-29 01:23:12.393368
2007-11-03,10:45,49.6,,38.6,65.7,0.0,SE@0.1,6.0,46.3,0.0,423,"Wheelhouse, Benton County",100065,Wheelhouse,2017-11-29 01:23:12.393368
2007-11-03,11:00,50.4,,37.9,62.1,0.0,S@3.2,8.2,46.3,0.0,450,"Wheelhouse, Benton County",100065,Wheelhouse,2017-11-29 01:23:12.393368
2007-11-03,11:15,50.9,,37.7,60.4,0.0,S@0.2,7.1,46.3,0.0,457,"Wheelhouse, Benton County",100065,Wheelhouse,2017-11-29 01:23:12.393368
2007-11-03,11:30,51.5,,38.3,60.3,0.0,S@0.8,7.8,46.3,0.0,462,"Wheelhouse, Benton County",100065,Wheelhouse,2017-11-29 01:23:12.393368
2007-11-03,11:45,52.0,,37.8,58.4,0.0,S@4.1,7.8,46.3,0.0,452,"Wheelhouse, Benton County",100065,Wheelhouse,2017-11-29 01:23:12.393368
2007-11-03,12:00,52.4,,38.7,59.5,0.0,S@0.8,7.1,46.3,0.0,429,"Wheelhouse, Benton County",100065,Wheelhouse,2017-11-29 01:23:12.393368
2007-11-03,12:15,53.0,,39.2,59.2,0.0,S@2.4,7.1,46.3,0.0,448,"Wheelhouse, Benton County",100065,Wheelhouse,2017-11-29 01:23:12.393368
2007-11-03,12:30,54.0,,39.1,56.9,0.0,S@0.0,1.4,46.3,0.0,450,"Wheelhouse, Benton County",100065,Wheelhouse,2017-11-29 01:23:12.393368
2007-11-03,12:45,54.5,,39.7,57.1,0.0,S@3.1,7.4,46.4,0.0,432,"Wheelhouse, Benton County",100065,Wheelhouse,2017-11-29 01:23:12.393368
2007-11-03,13:00,55.3,,39.6,55.5,0.0,S@2.1,6.7,46.4,0.0,426,"Wheelhouse, Benton County",100065,Wheelhouse,2017-11-29 01:23:12.393368
2007-11-03,13:15,56.0,,40.0,54.8,0.0,S@3.9,7.4,46.5,0.0,417,"Wheelhouse, Benton County",100065,Wheelhouse,2017-11-29 01:23:12.393368
2007-11-03,13:30,56.4,,39.3,52.6,0.0,S@3.9,7.1,46.6,0.0,397,"Wheelhouse, Benton County",100065,Wheelhouse,2017-11-29 01:23:12.393368
2007-11-03,13:45,57.4,,39.3,50.8,0.0,S@2.9,6.7,46.6,0.0,369,"Wheelhouse, Benton County",100065,Wheelhouse,2017-11-29 01:23:12.393368
2007-11-03,14:00,57.9,,39.0,49.3,0.0,S@3.0,7.4,46.7,0.0,325,"Wheelhouse, Benton County",100065,Wheelhouse,2017-11-29 01:23:12.393368
2007-11-03,14:15,58.3,,39.3,49.0,0.0,N@0.0,0.0,46.8,0.0,304,"Wheelhouse, Benton County",100065,Wheelhouse,2017-11-29 01:23:12.393368
2007-11-03,14:30,59.1,,39.6,48.3,0.0,N@0.0,0.0,46.9,0.0,283,"Wheelhouse, Benton County",100065,Wheelhouse,2017-11-29 01:23:12.393368
2007-11-03,14:45,59.4,,40.0,48.4,0.0,S@1.2,6.4,47.0,0.0,251,"Wheelhouse, Benton County",100065,Wheelhouse,2017-11-29 01:23:12.393368
2007-11-03,15:00,59.8,,40.8,49.3,0.0,S@3.2,5.7,47.2,0.0,230,"Wheelhouse, Benton County",100065,Wheelhouse,2017-11-29 01:23:12.393368
2007-11-03,15:15,59.7,,41.3,50.5,0.0,S@2.8,7.4,47.3,0.0,198,"Wheelhouse, Benton County",100065,Wheelhouse,2017-11-29 01:23:12.393368
2007-11-03,15:30,59.4,,41.9,52.3,0.0,S@2.2,6.4,47.4,0.0,143,"Wheelhouse, Benton County",100065,Wheelhouse,2017-11-29 01:23:12.393368
2007-11-03,15:45,59.2,,42.9,54.7,0.0,N@0.0,0.0,47.6,0.0,134,"Wheelhouse, Benton County",100065,Wheelhouse,2017-11-29 01:23:12.393368
2007-11-03,16:00,59.2,,44.0,56.9,0.0,N@0.0,0.0,47.7,0.0,115,"Wheelhouse, Benton County",100065,Wheelhouse,2017-11-29 01:23:12.393368
2007-11-03,16:15,57.9,,45.1,62.4,0.0,N@0.0,0.0,47.8,0.0,74,"Wheelhouse, Benton County",100065,Wheelhouse,2017-11-29 01:23:12.393368
2007-11-03,16:30,56.4,,44.2,63.6,0.0,N@0.0,0.0,48.0,0.0,38,"Wheelhouse, Benton County",100065,Wheelhouse,2017-11-29 01:23:12.393368
2007-11-03,16:45,53.7,,43.3,67.6,0.0,N@0.0,0.0,48.1,0.0,10,"Wheelhouse, Benton County",100065,Wheelhouse,2017-11-29 01:23:12.393368
2007-11-03,17:00,51.4,,40.2,65.2,0.0,N@0.0,0.0,48.3,0.0,2,"Wheelhouse, Benton County",100065,Wheelhouse,2017-11-29 01:23:12.393368
2007-11-03,17:15,50.1,,41.0,70.8,0.0,N@0.0,0.0,48.4,0.0,0,"Wheelhouse, Benton County",100065,Wheelhouse,2017-11-29 01:23:12.393368
2007-11-03,17:30,49.5,,39.0,66.9,0.0,N@0.0,0.0,48.5,0.0,0,"Wheelhouse, Benton County",100065,Wheelhouse,2017-11-29 01:23:12.393368
2007-11-03,17:45,47.5,,38.2,69.8,0.0,NE@0.0,3.5,48.7,0.0,0,"Wheelhouse, Benton County",100065,Wheelhouse,2017-11-29 01:23:12.393368
2007-11-03,18:00,47.9,,39.8,73.3,0.0,N@0.0,0.0,48.8,0.0,0,"Wheelhouse, Benton County",100065,Wheelhouse,2017-11-29 01:23:12.393368
2007-11-03,18:15,48.9,,40.0,71.3,0.0,N@0.0,0.0,48.9,0.0,0,"Wheelhouse, Benton County",100065,Wheelhouse,2017-11-29 01:23:12.393368
2007-11-03,18:30,49.0,,40.1,71.2,0.0,N@0.0,0.0,49.0,0.0,0,"Wheelhouse, Benton County",100065,Wheelhouse,2017-11-29 01:23:12.393368
2007-11-03,18:45,48.6,,39.3,70.0,0.0,N@0.0,0.0,49.1,0.0,0,"Wheelhouse, Benton County",100065,Wheelhouse,2017-11-29 01:23:12.393368
2007-11-03,19:00,48.9,,39.5,69.8,0.0,N@0.0,0.0,49.2,0.0,0,"Wheelhouse, Benton County",100065,Wheelhouse,2017-11-29 01:23:12.393368
2007-11-03,19:15,48.7,,40.5,73.1,0.0,N@0.0,0.0,49.3,0.0,0,"Wheelhouse, Benton County",100065,Wheelhouse,2017-11-29 01:23:12.393368
2007-11-03,19:30,47.9,,39.1,71.2,0.0,N@0.0,0.0,49.4,0.0,0,"Wheelhouse, Benton County",100065,Wheelhouse,2017-11-29 01:23:12.393368
2007-11-03,19:45,46.6,,38.4,72.9,0.0,N@0.0,0.0,49.4,0.0,0,"Wheelhouse, Benton County",100065,Wheelhouse,2017-11-29 01:23:12.393368
2007-11-03,20:00,46.4,,38.9,74.9,0.0,N@0.0,0.0,49.5,0.0,0,"Wheelhouse, Benton County",100065,Wheelhouse,2017-11-29 01:23:12.393368
2007-11-03,20:15,46.9,,38.8,73.2,0.0,N@0.0,0.0,49.5,0.0,0,"Wheelhouse, Benton County",100065,Wheelhouse,2017-11-29 01:23:12.393368
2007-11-03,20:30,45.9,,38.5,75.2,0.0,N@0.0,0.0,49.6,0.0,0,"Wheelhouse, Benton County",100065,Wheelhouse,2017-11-29 01:23:12.393368
2007-11-03,20:45,46.0,,39.2,77.0,0.0,N@0.0,0.0,49.6,0.0,0,"Wheelhouse, Benton County",100065,Wheelhouse,2017-11-29 01:23:12.393368
2007-11-03,21:00,45.1,,39.4,80.1,0.01,N@0.0,0.0,49.6,0.0,0,"Wheelhouse, Benton County",100065,Wheelhouse,2017-11-29 01:23:12.393368
2007-11-03,21:15,45.2,,39.6,80.5,0.01,N@0.0,0.0,49.6,0.0,0,"Wheelhouse, Benton County",100065,Wheelhouse,2017-11-29 01:23:12.393368
2007-11-03,21:30,44.6,,39.0,80.5,0.01,N@0.0,0.0,49.7,0.0,0,"Wheelhouse, Benton County",100065,Wheelhouse,2017-11-29 01:23:12.393368
2007-11-03,21:45,44.8,,39.8,82.6,0.01,N@0.0,0.0,49.7,0.0,0,"Wheelhouse, Benton County",100065,Wheelhouse,2017-11-29 01:23:12.393368
2007-11-03,22:00,44.2,,39.7,84.1,0.01,N@0.0,0.0,49.7,0.0,0,"Wheelhouse, Benton County",100065,Wheelhouse,2017-11-29 01:23:12.393368
2007-11-03,22:15,43.7,,39.7,85.9,0.02,N@0.0,0.0,49.7,0.0,0,"Wheelhouse, Benton County",100065,Wheelhouse,2017-11-29 01:23:12.393368
2007-11-03,22:30,44.3,,39.9,84.4,0.01,N@0.0,0.0,49.7,0.0,0,"Wheelhouse, Benton County",100065,Wheelhouse,2017-11-29 01:23:12.393368
2007-11-03,22:45,44.3,,40.2,85.6,0.02,N@0.0,0.0,49.7,0.0,0,"Wheelhouse, Benton County",100065,Wheelhouse,2017-11-29 01:23:12.393368
2007-11-03,23:00,46.1,,41.3,83.0,0.01,N@0.0,0.0,49.7,0.0,0,"Wheelhouse, Benton County",100065,Wheelhouse,2017-11-29 01:23:12.393368
2007-11-04,23:15,44.9,,41.2,86.7,0.03,N@0.0,0.0,49.6,0.0,0,"Wheelhouse, Benton County",100065,Wheelhouse,2017-11-29 01:23:12.393368
2007-11-04,23:30,45.8,,42.1,86.6,0.05,N@0.0,0.0,49.6,0.0,0,"Wheelhouse, Benton County",100065,Wheelhouse,2017-11-29 01:23:12.393368
2007-11-04,23:45,46.5,,42.1,84.5,0.09,N@0.0,0.0,49.6,0.0,0,"Wheelhouse, Benton County",100065,Wheelhouse,2017-11-29 01:23:12.393368
2007-11-04,24:00,46.5,,41.8,83.7,0.09,N@0.0,0.0,49.6,0.0,0,"Wheelhouse, Benton County",100065,Wheelhouse,2017-11-29 01:23:12.393368
2007-11-04,00:15,45.4,,40.7,83.4,0.05,N@0.0,0.0,49.6,0.0,0,"Wheelhouse, Benton County",100065,Wheelhouse,2017-11-29 01:23:12.393368
2007-11-04,00:30,45.7,,41.1,83.6,0.03,N@0.0,0.0,49.5,0.0,0,"Wheelhouse, Benton County",100065,Wheelhouse,2017-11-29 01:23:12.393368
2007-11-04,00:45,46.2,,41.0,82.0,0.03,N@0.0,0.0,49.5,0.0,0,"Wheelhouse, Benton County",100065,Wheelhouse,2017-11-29 01:23:12.393368
2007-11-04,01:00,46.4,,41.3,82.1,0.03,N@0.0,0.0,49.5,0.0,0,"Wheelhouse, Benton County",100065,Wheelhouse,2017-11-29 01:23:12.393368
2007-11-04,01:15,46.2,,41.5,83.3,0.03,N@0.0,0.0,49.4,0.0,0,"Wheelhouse, Benton County",100065,Wheelhouse,2017-11-29 01:23:12.393368
2007-11-04,01:30,46.9,,42.1,83.2,0.05,N@0.0,0.0,49.4,0.0,0,"Wheelhouse, Benton County",100065,Wheelhouse,2017-11-29 01:23:12.393368
2007-11-04,01:45,47.2,,42.2,82.8,0.04,N@0.0,0.0,49.4,0.0,0,"Wheelhouse, Benton County",100065,Wheelhouse,2017-11-29 01:23:12.393368
2007-11-04,02:00,47.4,,42.4,82.8,0.09,N@0.0,0.0,49.3,0.0,0,"Wheelhouse, Benton County",100065,Wheelhouse,2017-11-29 01:23:12.393368
2007-11-04,02:15,46.7,,41.8,83.1,0.06,N@0.0,0.0,49.3,0.0,0,"Wheelhouse, Benton County",100065,Wheelhouse,2017-11-29 01:23:12.393368
2007-11-04,02:30,41.8,,39.2,90.7,0.11,N@0.0,0.0,49.2,0.0,0,"Wheelhouse, Benton County",100065,Wheelhouse,2017-11-29 01:23:12.393368
2007-11-04,02:45,43.3,,41.2,92.1,0.09,N@0.0,0.0,49.2,0.0,0,"Wheelhouse, Benton County",100065,Wheelhouse,2017-11-29 01:23:12.393368
2007-11-04,03:00,43.7,,41.5,91.8,0.12,N@0.0,0.0,49.1,0.0,0,"Wheelhouse, Benton County",100065,Wheelhouse,2017-11-29 01:23:12.393368
2007-11-04,03:15,43.4,,41.4,92.7,0.15,N@0.0,0.0,49.1,0.0,0,"Wheelhouse, Benton County",100065,Wheelhouse,2017-11-29 01:23:12.393368
2007-11-04,03:30,43.3,,42.3,96.2,0.28,N@0.0,0.0,49.1,0.0,0,"Wheelhouse, Benton County",100065,Wheelhouse,2017-11-29 01:23:12.393368
2007-11-04,03:45,44.0,,43.7,98.8,0.45,N@0.0,0.0,49.0,0.0,0,"Wheelhouse, Benton County",100065,Wheelhouse,2017-11-29 01:23:12.393368
2007-11-04,04:00,44.5,,44.3,99.2,0.59,SE@0.0,2.4,49.0,0.0,0,"Wheelhouse, Benton County",100065,Wheelhouse,2017-11-29 01:23:12.393368
2007-11-04,04:15,44.9,,44.9,100.0,0.7,N@0.0,0.0,48.9,0.0,0,"Wheelhouse, Benton County",100065,Wheelhouse,2017-11-29 01:23:12.393368
2007-11-04,04:30,44.5,,44.5,99.9,0.77,N@0.0,0.0,48.8,0.0,0,"Wheelhouse, Benton County",100065,Wheelhouse,2017-11-29 01:23:12.393368
2007-11-04,04:45,44.5,,44.5,100.0,0.83,N@0.0,0.0,48.8,0.0,0,"Wheelhouse, Benton County",100065,Wheelhouse,2017-11-29 01:23:12.393368
2007-11-04,05:00,44.7,,44.7,99.9,0.86,N@0.0,0.0,48.7,0.0,0,"Wheelhouse, Benton County",100065,Wheelhouse,2017-11-29 01:23:12.393368
2007-11-04,05:15,42.1,,42.0,99.4,0.88,N@0.0,0.0,48.7,0.0,0,"Wheelhouse, Benton County",100065,Wheelhouse,2017-11-29 01:23:12.393368
2007-11-04,05:30,40.3,,40.3,100.0,0.9,N@0.0,0.0,48.6,0.0,0,"Wheelhouse, Benton County",100065,Wheelhouse,2017-11-29 01:23:12.393368
2007-11-04,05:45,42.6,,42.6,100.0,0.91,N@0.0,0.0,48.6,0.0,0,"Wheelhouse, Benton County",100065,Wheelhouse,2017-11-29 01:23:12.393368
2007-11-04,06:00,41.3,,41.3,100.0,0.92,N@0.0,0.0,48.5,0.0,0,"Wheelhouse, Benton County",100065,Wheelhouse,2017-11-29 01:23:12.393368
2007-11-04,06:15,39.5,,39.5,100.0,0.92,N@0.0,0.0,48.5,0.0,0,"Wheelhouse, Benton County",100065,Wheelhouse,2017-11-29 01:23:12.393368
2007-11-04,06:30,39.3,,39.3,100.0,0.93,N@0.0,0.0,48.4,0.0,0,"Wheelhouse, Benton County",100065,Wheelhouse,2017-11-29 01:23:12.393368
2007-11-04,06:45,40.0,,40.0,100.0,0.94,N@0.0,0.0,48.4,0.0,4,"Wheelhouse, Benton County",100065,Wheelhouse,2017-11-29 01:23:12.393368
2007-11-04,07:00,40.0,,40.0,100.0,0.95,N@0.0,0.0,48.3,0.0,19,"Wheelhouse, Benton County",100065,Wheelhouse,2017-11-29 01:23:12.393368
2007-11-04,07:15,40.8,,40.8,100.0,0.96,E@0.0,1.4,48.3,0.0,52,"Wheelhouse, Benton County",100065,Wheelhouse,2017-11-29 01:23:12.393368
2007-11-04,07:30,42.3,,42.3,100.0,0.96,N@0.0,0.0,48.2,0.0,87,"Wheelhouse, Benton County",100065,Wheelhouse,2017-11-29 01:23:12.393368
2007-11-04,07:45,43.4,,43.4,100.0,0.96,NE@2.7,9.9,48.1,0.0,113,"Wheelhouse, Benton County",100065,Wheelhouse,2017-11-29 01:23:12.393368
2007-11-04,08:00,45.0,,45.0,100.0,0.96,E@6.0,8.5,48.1,0.0,144,"Wheelhouse, Benton County",100065,Wheelhouse,2017-11-29 01:23:12.393368
2007-11-04,08:15,47.4,,47.4,100.0,0.94,SE@4.5,7.1,48.0,0.0,180,"Wheelhouse, Benton County",100065,Wheelhouse,2017-11-29 01:23:12.393368
2007-11-04,08:30,49.4,,48.5,96.5,0.88,SE@1.1,6.0,48.0,0.0,216,"Wheelhouse, Benton County",100065,Wheelhouse,2017-11-29 01:23:12.393368
2007-11-04,08:45,50.7,,48.6,92.5,0.63,SE@2.3,7.1,47.9,0.0,247,"Wheelhouse, Benton County",100065,Wheelhouse,2017-11-29 01:23:12.393368
2007-11-04,09:00,51.2,,48.3,89.7,0.09,S@5.0,7.4,47.9,0.0,281,"Wheelhouse, Benton County",100065,Wheelhouse,2017-11-29 01:23:12.393368
2007-11-04,09:15,51.7,,47.8,86.5,0.01,S@5.6,8.5,47.8,0.0,309,"Wheelhouse, Benton County",100065,Wheelhouse,2017-11-29 01:23:12.393368
2007-11-04,09:30,52.8,,47.8,83.0,0.01,S@6.9,9.6,47.8,0.0,336,"Wheelhouse, Benton County",100065,Wheelhouse,2017-11-29 01:23:12.393368
2007-11-04,09:45,53.7,,47.2,78.5,0.0,S@6.4,9.9,47.8,0.0,364,"Wheelhouse, Benton County",100065,Wheelhouse,2017-11-29 01:23:12.393368
2007-11-04,10:00,54.9,,47.0,74.6,0.0,S@5.6,8.5,47.7,0.0,387,"Wheelhouse, Benton County",100065,Wheelhouse,2017-11-29 01:23:12.393368
2007-11-04,10:15,55.7,,47.1,72.7,0.0,S@4.0,9.2,47.7,0.0,404,"Wheelhouse, Benton County",100065,Wheelhouse,2017-11-29 01:23:12.393368
2007-11-04,10:30,56.9,,48.1,72.2,0.0,S@7.0,9.9,47.7,0.0,420,"Wheelhouse, Benton County",100065,Wheelhouse,2017-11-29 01:23:12.393368
2007-11-04,10:45,58.6,,48.8,69.8,0.0,S@6.9,10.7,47.7,0.0,442,"Wheelhouse, Benton County",100065,Wheelhouse,2017-11-29 01:23:12.393368
2007-11-04,11:00,59.2,,48.9,68.7,0.0,S@5.0,10.3,47.7,0.0,457,"Wheelhouse, Benton County",100065,Wheelhouse,2017-11-29 01:23:12.393368
2007-11-04,11:15,60.4,,49.4,67.0,0.0,S@6.3,12.1,47.6,0.0,462,"Wheelhouse, Benton County",100065,Wheelhouse,2017-11-29 01:23:12.393368
2007-11-04,11:30,61.7,,49.7,64.7,0.0,S@5.6,9.6,47.6,0.0,464,"Wheelhouse, Benton County",100065,Wheelhouse,2017-11-29 01:23:12.393368
2007-11-04,11:45,63.1,,49.5,61.0,0.0,S@7.8,12.4,47.6,0.0,468,"Wheelhouse, Benton County",100065,Wheelhouse,2017-11-29 01:23:12.393368
2007-11-04,12:00,64.2,,49.9,59.8,0.0,S@8.5,13.2,47.7,0.0,468,"Wheelhouse, Benton County",100065,Wheelhouse,2017-11-29 01:23:12.393368
2007-11-04,12:15,65.3,,50.1,57.8,0.0,S@9.0,13.2,47.7,0.0,464,"Wheelhouse, Benton County",100065,Wheelhouse,2017-11-29 01:23:12.393368
2007-11-04,12:30,65.8,,50.2,57.0,0.0,S@10.6,15.3,47.7,0.0,454,"Wheelhouse, Benton County",100065,Wheelhouse,2017-11-29 01:23:12.393368
2007-11-04,12:45,65.8,,50.1,56.9,0.0,S@10.1,15.3,47.8,0.0,453,"Wheelhouse, Benton County",100065,Wheelhouse,2017-11-29 01:23:12.393368
2007-11-04,13:00,66.3,,50.1,55.9,0.0,S@9.3,13.5,47.8,0.0,425,"Wheelhouse, Benton County",100065,Wheelhouse,2017-11-29 01:23:12.393368
2007-11-04,13:15,66.6,,50.2,55.5,0.0,S@9.1,13.2,47.9,0.0,403,"Wheelhouse, Benton County",100065,Wheelhouse,2017-11-29 01:23:12.393368
2007-11-04,13:30,67.2,,50.1,54.1,0.0,S@6.9,12.1,47.9,0.0,391,"Wheelhouse, Benton County",100065,Wheelhouse,2017-11-29 01:23:12.393368
2007-11-04,13:45,67.9,,49.7,52.1,0.0,S@7.4,14.2,48.0,0.0,369,"Wheelhouse, Benton County",100065,Wheelhouse,2017-11-29 01:23:12.393368
2007-11-04,14:00,68.6,,48.6,48.8,0.0,S@8.2,11.0,48.1,0.0,344,"Wheelhouse, Benton County",100065,Wheelhouse,2017-11-29 01:23:12.393368
2007-11-04,14:15,68.7,,49.5,50.3,0.0,S@9.1,16.7,48.2,0.0,313,"Wheelhouse, Benton County",100065,Wheelhouse,2017-11-29 01:23:12.393368
2007-11-04,14:30,68.5,,49.2,50.1,0.0,SW@11.3,16.0,48.4,0.0,279,"Wheelhouse, Benton County",100065,Wheelhouse,2017-11-29 01:23:12.393368
2007-11-04,14:45,68.3,,49.1,50.1,0.0,SW@9.3,14.2,48.5,0.0,250,"Wheelhouse, Benton County",100065,Wheelhouse,2017-11-29 01:23:12.393368
2007-11-04,15:00,68.3,,49.1,50.2,0.0,S@9.0,12.1,48.6,0.0,217,"Wheelhouse, Benton County",100065,Wheelhouse,2017-11-29 01:23:12.393368
2007-11-04,15:15,68.2,,49.1,50.4,0.0,S@7.7,10.7,48.7,0.0,186,"Wheelhouse, Benton County",100065,Wheelhouse,2017-11-29 01:23:12.393368
2007-11-04,15:30,67.9,,49.2,51.1,0.0,S@7.5,11.4,48.9,0.0,154,"Wheelhouse, Benton County",100065,Wheelhouse,2017-11-29 01:23:12.393368
2007-11-04,15:45,67.1,,49.4,53.0,0.0,SW@7.9,10.7,49.0,0.0,122,"Wheelhouse, Benton County",100065,Wheelhouse,2017-11-29 01:23:12.393368
2007-11-04,16:00,66.2,,49.4,54.5,0.0,SW@5.7,9.9,49.2,0.0,91,"Wheelhouse, Benton County",100065,Wheelhouse,2017-11-29 01:23:12.393368
2007-11-04,16:15,65.3,,49.2,56.0,0.0,SW@3.6,6.4,49.3,0.0,59,"Wheelhouse, Benton County",100065,Wheelhouse,2017-11-29 01:23:12.393368
2007-11-04,16:30,63.7,,49.7,60.3,0.0,N@0.0,0.0,49.5,0.0,34,"Wheelhouse, Benton County",100065,Wheelhouse,2017-11-29 01:23:12.393368
2007-11-04,16:45,60.6,,48.2,63.5,0.0,N@0.0,0.0,49.7,0.0,10,"Wheelhouse, Benton County",100065,Wheelhouse,2017-11-29 01:23:12.393368
2007-11-04,17:00,56.8,,46.7,68.7,0.0,NE@4.0,6.4,49.8,0.0,2,"Wheelhouse, Benton County",100065,Wheelhouse,2017-11-29 01:23:12.393368
2007-11-04,17:15,54.8,,46.6,73.9,0.0,NE@4.4,6.4,50.0,0.0,0,"Wheelhouse, Benton County",100065,Wheelhouse,2017-11-29 01:23:12.393368
2007-11-04,17:30,54.3,,47.2,76.8,0.0,NE@0.2,6.7,50.1,0.0,0,"Wheelhouse, Benton County",100065,Wheelhouse,2017-11-29 01:23:12.393368
2007-11-04,17:45,53.8,,47.5,78.9,0.0,NE@0.9,7.4,50.2,0.0,0,"Wheelhouse, Benton County",100065,Wheelhouse,2017-11-29 01:23:12.393368
2007-11-04,18:00,53.4,,47.3,79.8,0.01,NE@6.5,8.2,50.4,0.0,0,"Wheelhouse, Benton County",100065,Wheelhouse,2017-11-29 01:23:12.393368
2007-11-04,18:15,53.3,,47.1,79.4,0.01,NE@7.6,10.3,50.5,0.0,0,"Wheelhouse, Benton County",100065,Wheelhouse,2017-11-29 01:23:12.393368
2007-11-04,18:30,54.6,,46.2,73.1,0.0,NE@8.6,10.7,50.6,0.0,0,"Wheelhouse, Benton County",100065,Wheelhouse,2017-11-29 01:23:12.393368
2007-11-04,18:45,54.8,,45.8,71.4,0.0,NE@8.5,10.3,50.7,0.0,0,"Wheelhouse, Benton County",100065,Wheelhouse,2017-11-29 01:23:12.393368
2007-11-04,19:00,54.5,,45.1,70.4,0.0,NE@8.6,11.0,50.8,0.0,0,"Wheelhouse, Benton County",100065,Wheelhouse,2017-11-29 01:23:12.393368
2007-11-04,19:15,54.5,,44.1,67.8,0.0,NE@9.2,12.1,50.9,0.0,0,"Wheelhouse, Benton County",100065,Wheelhouse,2017-11-29 01:23:12.393368
2007-11-04,19:30,54.3,,43.5,66.7,0.0,NE@8.3,10.7,51.0,0.0,0,"Wheelhouse, Benton County",100065,Wheelhouse,2017-11-29 01:23:12.393368
2007-11-04,19:45,53.0,,42.9,68.3,0.0,NE@8.5,10.7,51.1,0.0,0,"Wheelhouse, Benton County",100065,Wheelhouse,2017-11-29 01:23:12.393368
2007-11-04,20:00,52.2,,41.9,67.9,0.0,NE@8.1,10.3,51.1,0.0,0,"Wheelhouse, Benton County",100065,Wheelhouse,2017-11-29 01:23:12.393368
2007-11-04,20:15,52.2,,41.3,66.2,0.0,NE@8.2,11.0,51.2,0.0,0,"Wheelhouse, Benton County",100065,Wheelhouse,2017-11-29 01:23:12.393368
2007-11-04,20:30,51.3,,41.5,69.1,0.0,NE@7.6,9.6,51.2,0.0,0,"Wheelhouse, Benton County",100065,Wheelhouse,2017-11-29 01:23:12.393368
2007-11-04,20:45,51.0,,41.8,70.5,0.0,NE@7.7,9.9,51.3,0.0,0,"Wheelhouse, Benton County",100065,Wheelhouse,2017-11-29 01:23:12.393368
2007-11-04,21:00,51.8,,41.1,66.7,0.0,NE@9.0,13.2,51.3,0.0,0,"Wheelhouse, Benton County",100065,Wheelhouse,2017-11-29 01:23:12.393368
2007-11-04,21:15,54.2,,40.4,59.5,0.0,NE@12.3,17.1,51.3,0.0,0,"Wheelhouse, Benton County",100065,Wheelhouse,2017-11-29 01:23:12.393368
2007-11-04,21:30,54.6,,40.7,59.2,0.0,NE@12.3,15.3,51.4,0.0,0,"Wheelhouse, Benton County",100065,Wheelhouse,2017-11-29 01:23:12.393368
2007-11-04,21:45,54.3,,40.8,60.2,0.0,N@11.3,14.2,51.4,0.0,0,"Wheelhouse, Benton County",100065,Wheelhouse,2017-11-29 01:23:12.393368
2007-11-04,22:00,53.7,,40.0,59.4,0.0,NE@10.6,15.7,51.4,0.0,0,"Wheelhouse, Benton County",100065,Wheelhouse,2017-11-29 01:23:12.393368
2007-11-04,22:15,53.0,,39.5,59.9,0.0,NE@10.5,15.0,51.4,0.0,0,"Wheelhouse, Benton County",100065,Wheelhouse,2017-11-29 01:23:12.393368
2007-11-04,22:30,52.6,,39.1,60.0,0.0,NE@10.1,13.5,51.4,0.0,0,"Wheelhouse, Benton County",100065,Wheelhouse,2017-11-29 01:23:12.393368
2007-11-04,22:45,52.3,,39.1,60.4,0.0,NE@10.8,15.3,51.4,0.0,0,"Wheelhouse, Benton County",100065,Wheelhouse,2017-11-29 01:23:12.393368
2007-11-04,23:00,52.7,,38.7,58.7,0.0,NE@13.2,17.8,51.5,0.0,0,"Wheelhouse, Benton County",100065,Wheelhouse,2017-11-29 01:23:12.393368
2007-11-04,23:15,52.5,,38.3,58.3,0.0,NE@15.2,20.0,51.5,0.0,0,"Wheelhouse, Benton County",100065,Wheelhouse,2017-11-29 01:23:12.393368
2007-11-04,23:30,51.9,,38.4,59.7,0.0,NE@15.3,19.6,51.5,0.0,0,"Wheelhouse, Benton County",100065,Wheelhouse,2017-11-29 01:23:12.393368
2007-11-04,23:45,51.5,,38.5,61.1,0.0,NE@15.5,21.4,51.4,0.0,0,"Wheelhouse, Benton County",100065,Wheelhouse,2017-11-29 01:23:12.393368
2007-11-04,24:00,50.9,,38.5,62.2,0.0,NE@14.9,20.0,51.4,0.0,0,"Wheelhouse, Benton County",100065,Wheelhouse,2017-11-29 01:23:12.393368
2007-11-05,00:15,50.7,,38.2,62.2,0.0,NE@16.2,22.8,51.4,0.0,0,"Wheelhouse, Benton County",100065,Wheelhouse,2017-11-29 01:23:12.393368
2007-11-05,00:30,50.5,,37.9,61.8,0.0,NE@16.3,21.4,51.4,0.0,0,"Wheelhouse, Benton County",100065,Wheelhouse,2017-11-29 01:23:12.393368
2007-11-05,00:45,50.2,,37.6,61.8,0.0,NE@16.6,22.5,51.4,0.0,0,"Wheelhouse, Benton County",100065,Wheelhouse,2017-11-29 01:23:12.393368
2007-11-05,01:00,49.9,,37.2,61.6,0.0,NE@16.4,21.4,51.4,0.0,0,"Wheelhouse, Benton County",100065,Wheelhouse,2017-11-29 01:23:12.393368
2007-11-05,01:15,49.8,,36.8,60.8,0.0,NE@17.4,23.2,51.4,0.0,0,"Wheelhouse, Benton County",100065,Wheelhouse,2017-11-29 01:23:12.393368
2007-11-05,01:30,49.7,,36.4,60.1,0.0,NE@17.2,23.9,51.4,0.0,0,"Wheelhouse, Benton County",100065,Wheelhouse,2017-11-29 01:23:12.393368
2007-11-05,01:45,49.5,,36.1,59.7,0.0,NE@15.5,22.1,51.4,0.0,0,"Wheelhouse, Benton County",100065,Wheelhouse,2017-11-29 01:23:12.393368
2007-11-05,02:00,49.4,,35.6,58.9,0.0,NE@14.3,21.8,51.4,0.0,0,"Wheelhouse, Benton County",100065,Wheelhouse,2017-11-29 01:23:12.393368
2007-11-05,02:15,49.0,,35.3,58.9,0.0,NE@12.8,20.3,51.4,0.0,0,"Wheelhouse, Benton County",100065,Wheelhouse,2017-11-29 01:23:12.393368
2007-11-05,02:30,48.9,,34.7,57.9,0.0,NE@13.0,22.8,51.4,0.0,0,"Wheelhouse, Benton County",100065,Wheelhouse,2017-11-29 01:23:12.393368
2007-11-05,02:45,48.5,,34.2,57.5,0.0,NE@12.7,18.5,51.4,0.0,0,"Wheelhouse, Benton County",100065,Wheelhouse,2017-11-29 01:23:12.393368
2007-11-05,03:00,48.2,,33.7,57.0,0.0,NE@11.6,16.7,51.3,0.0,0,"Wheelhouse, Benton County",100065,Wheelhouse,2017-11-29 01:23:12.393368
2007-11-05,03:15,48.3,,33.2,55.8,0.0,NE@11.9,21.8,51.3,0.0,0,"Wheelhouse, Benton County",100065,Wheelhouse,2017-11-29 01:23:12.393368
2007-11-05,03:30,47.8,,33.1,56.6,0.0,NE@12.2,18.9,51.3,0.0,0,"Wheelhouse, Benton County",100065,Wheelhouse,2017-11-29 01:23:12.393368
2007-11-05,03:45,47.4,,32.9,57.1,0.0,NE@12.1,16.7,51.3,0.0,0,"Wheelhouse, Benton County",100065,Wheelhouse,2017-11-29 01:23:12.393368
2007-11-05,04:00,47.3,,32.6,56.4,0.0,NE@11.8,18.5,51.3,0.0,0,"Wheelhouse, Benton County",100065,Wheelhouse,2017-11-29 01:23:12.393368
2007-11-05,04:15,46.2,,32.5,58.6,0.0,NE@8.5,15.3,51.2,0.0,0,"Wheelhouse, Benton County",100065,Wheelhouse,2017-11-29 01:23:12.393368
2007-11-05,04:30,46.5,,32.2,57.4,0.0,NE@10.2,14.6,51.2,0.0,0,"Wheelhouse, Benton County",100065,Wheelhouse,2017-11-29 01:23:12.393368
2007-11-05,04:45,46.5,,32.1,56.8,0.0,NE@10.0,15.3,51.2,0.0,0,"Wheelhouse, Benton County",100065,Wheelhouse,2017-11-29 01:23:12.393368
2007-11-05,05:00,46.2,,31.9,57.2,0.0,NE@10.0,14.2,51.1,0.0,0,"Wheelhouse, Benton County",100065,Wheelhouse,2017-11-29 01:23:12.393368
2007-11-05,05:15,46.2,,31.9,57.0,0.0,E@8.6,12.4,51.1,0.0,0,"Wheelhouse, Benton County",100065,Wheelhouse,2017-11-29 01:23:12.393368
2007-11-05,05:30,44.7,,31.8,60.1,0.0,SE@5.3,9.9,51.1,0.0,0,"Wheelhouse, Benton County",100065,Wheelhouse,2017-11-29 01:23:12.393368
2007-11-05,05:45,44.7,,31.5,59.6,0.0,SE@5.7,9.6,51.1,0.0,0,"Wheelhouse, Benton County",100065,Wheelhouse,2017-11-29 01:23:12.393368
2007-11-05,06:00,44.8,,31.2,58.6,0.0,NE@5.2,9.2,51.1,0.0,0,"Wheelhouse, Benton County",100065,Wheelhouse,2017-11-29 01:23:12.393368
2007-11-05,06:15,44.9,,30.8,57.6,0.0,NE@6.8,12.4,51.0,0.0,0,"Wheelhouse, Benton County",100065,Wheelhouse,2017-11-29 01:23:12.393368
2007-11-05,06:30,45.4,,30.6,55.8,0.0,NE@7.9,16.4,51.0,0.0,1,"Wheelhouse, Benton County",100065,Wheelhouse,2017-11-29 01:23:12.393368
2007-11-05,06:45,45.7,,30.4,54.8,0.0,NE@9.0,16.0,51.0,0.0,3,"Wheelhouse, Benton County",100065,Wheelhouse,2017-11-29 01:23:12.393368
2007-11-05,07:00,44.9,,30.4,56.4,0.0,NE@7.0,10.3,50.9,0.0,17,"Wheelhouse, Benton County",100065,Wheelhouse,2017-11-29 01:23:12.393368
2007-11-05,07:15,44.0,,30.7,59.2,0.0,NE@4.4,6.7,50.9,0.0,44,"Wheelhouse, Benton County",100065,Wheelhouse,2017-11-29 01:23:12.393368
2007-11-05,07:30,43.7,,31.1,60.9,0.0,NE@3.1,6.0,50.8,0.0,73,"Wheelhouse, Benton County",100065,Wheelhouse,2017-11-29 01:23:12.393368
2007-11-05,07:45,43.9,,33.2,65.7,0.0,E@2.6,5.3,50.8,0.0,106,"Wheelhouse, Benton County",100065,Wheelhouse,2017-11-29 01:23:12.393368
2007-11-05,08:00,43.3,,35.5,73.8,0.0,SE@0.2,2.4,50.7,0.0,139,"Wheelhouse, Benton County",100065,Wheelhouse,2017-11-29 01:23:12.393368
2007-11-05,08:15,43.9,,36.0,73.6,0.0,N@0.0,0.0,50.7,0.0,174,"Wheelhouse, Benton County",100065,Wheelhouse,2017-11-29 01:23:12.393368
2007-11-05,08:30,44.6,,36.1,71.7,0.0,S@0.3,3.5,50.6,0.0,209,"Wheelhouse, Benton County",100065,Wheelhouse,2017-11-29 01:23:12.393368
2007-11-05,08:45,45.4,,35.9,69.0,0.0,S@0.7,4.6,50.6,0.0,242,"Wheelhouse, Benton County",100065,Wheelhouse,2017-11-29 01:23:12.393368
2007-11-05,09:00,46.6,,35.8,66.0,0.0,S@0.5,3.9,50.6,0.0,274,"Wheelhouse, Benton County",100065,Wheelhouse,2017-11-29 01:23:12.393368
2007-11-05,09:15,48.0,,35.8,62.6,0.0,N@0.0,0.0,50.5,0.0,304,"Wheelhouse, Benton County",100065,Wheelhouse,2017-11-29 01:23:12.393368
2007-11-05,09:30,49.9,,33.9,53.9,0.0,SE@3.1,13.5,50.5,0.0,334,"Wheelhouse, Benton County",100065,Wheelhouse,2017-11-29 01:23:12.393368
2007-11-05,09:45,52.6,,30.7,42.9,0.0,NE@8.5,13.5,50.4,0.0,361,"Wheelhouse, Benton County",100065,Wheelhouse,2017-11-29 01:23:12.393368
2007-11-05,10:00,53.1,,30.3,41.5,0.0,NE@6.3,12.1,50.4,0.0,384,"Wheelhouse, Benton County",100065,Wheelhouse,2017-11-29 01:23:12.393368
2007-11-05,10:15,53.8,,30.2,40.2,0.0,E@2.1,11.7,50.4,0.0,405,"Wheelhouse, Benton County",100065,Wheelhouse,2017-11-29 01:23:12.393368
2007-11-05,10:30,54.3,,30.3,39.7,0.0,NE@6.8,11.4,50.3,0.0,423,"Wheelhouse, Benton County",100065,Wheelhouse,2017-11-29 01:23:12.393368
2007-11-05,10:45,55.4,,30.6,38.6,0.0,E@7.2,12.1,50.3,0.0,438,"Wheelhouse, Benton County",100065,Wheelhouse,2017-11-29 01:23:12.393368
2007-11-05,11:00,55.2,,31.2,39.7,0.0,NE@7.4,13.9,50.2,0.0,450,"Wheelhouse, Benton County",100065,Wheelhouse,2017-11-29 01:23:12.393368
2007-11-05,11:15,55.8,,31.9,40.1,0.0,SE@9.3,12.8,50.2,0.0,459,"Wheelhouse, Benton County",100065,Wheelhouse,2017-11-29 01:23:12.393368
2007-11-05,11:30,56.2,,32.2,39.9,0.0,SE@8.0,11.4,50.2,0.0,464,"Wheelhouse, Benton County",100065,Wheelhouse,2017-11-29 01:23:12.393368
2007-11-05,11:45,56.1,,32.4,40.5,0.0,E@7.3,11.4,50.2,0.0,466,"Wheelhouse, Benton County",100065,Wheelhouse,2017-11-29 01:23:12.393368
2007-11-05,12:00,56.3,,31.2,38.2,0.0,NE@8.0,13.5,50.2,0.0,466,"Wheelhouse, Benton County",100065,Wheelhouse,2017-11-29 01:23:12.393368
2007-11-05,12:15,56.6,,30.6,37.0,0.0,NE@7.9,12.4,50.2,0.0,462,"Wheelhouse, Benton County",100065,Wheelhouse,2017-11-29 01:23:12.393368
2007-11-05,12:30,57.5,,30.6,35.7,0.0,NE@7.3,11.7,50.2,0.0,455,"Wheelhouse, Benton County",100065,Wheelhouse,2017-11-29 01:23:12.393368
2007-11-05,12:45,57.7,,30.6,35.5,0.0,NE@6.1,11.4,50.1,0.0,444,"Wheelhouse, Benton County",100065,Wheelhouse,2017-11-29 01:23:12.393368
2007-11-05,13:00,57.9,,30.6,35.3,0.0,NE@8.2,12.4,50.2,0.0,430,"Wheelhouse, Benton County",100065,Wheelhouse,2017-11-29 01:23:12.393368
2007-11-05,13:15,58.3,,30.9,35.1,0.0,NE@7.7,12.4,50.2,0.0,413,"Wheelhouse, Benton County",100065,Wheelhouse,2017-11-29 01:23:12.393368
2007-11-05,13:30,58.1,,30.9,35.3,0.0,NE@6.6,11.7,50.2,0.0,393,"Wheelhouse, Benton County",100065,Wheelhouse,2017-11-29 01:23:12.393368
2007-11-05,13:45,58.1,,31.2,35.8,0.0,NE@7.6,13.5,50.3,0.0,370,"Wheelhouse, Benton County",100065,Wheelhouse,2017-11-29 01:23:12.393368
2007-11-05,14:00,58.0,,31.2,36.0,0.0,NE@6.5,11.4,50.3,0.0,345,"Wheelhouse, Benton County",100065,Wheelhouse,2017-11-29 01:23:12.393368
2007-11-05,14:15,58.4,,31.4,35.8,0.0,NE@6.5,10.7,50.4,0.0,317,"Wheelhouse, Benton County",100065,Wheelhouse,2017-11-29 01:23:12.393368
2007-11-05,14:30,58.1,,31.3,36.1,0.0,NE@7.7,12.1,50.4,0.0,287,"Wheelhouse, Benton County",100065,Wheelhouse,2017-11-29 01:23:12.393368
2007-11-05,14:45,58.0,,31.5,36.4,0.0,NE@6.9,11.7,50.5,0.0,255,"Wheelhouse, Benton County",100065,Wheelhouse,2017-11-29 01:23:12.393368
2007-11-05,15:00,57.9,,31.7,36.9,0.0,NE@5.4,10.3,50.6,0.0,222,"Wheelhouse, Benton County",100065,Wheelhouse,2017-11-29 01:23:12.393368
2007-11-05,15:15,57.7,,31.8,37.3,0.0,NE@4.7,10.7,50.7,0.0,188,"Wheelhouse, Benton County",100065,Wheelhouse,2017-11-29 01:23:12.393368
2007-11-05,15:30,57.4,,32.0,38.0,0.0,NE@5.4,9.9,50.8,0.0,155,"Wheelhouse, Benton County",100065,Wheelhouse,2017-11-29 01:23:12.393368
2007-11-05,15:45,56.9,,31.6,38.0,0.0,NE@4.9,9.2,50.8,0.0,121,"Wheelhouse, Benton County",100065,Wheelhouse,2017-11-29 01:23:12.393368
2007-11-05,16:00,56.2,,32.0,39.5,0.0,N@0.0,0.0,50.9,0.0,89,"Wheelhouse, Benton County",100065,Wheelhouse,2017-11-29 01:23:12.393368
2007-11-05,16:15,55.3,,32.2,41.4,0.0,N@0.0,0.0,51.0,0.0,59,"Wheelhouse, Benton County",100065,Wheelhouse,2017-11-29 01:23:12.393368
2007-11-05,16:30,53.4,,32.4,44.6,0.0,N@0.0,0.0,51.1,0.0,31,"Wheelhouse, Benton County",100065,Wheelhouse,2017-11-29 01:23:12.393368
2007-11-05,16:45,50.6,,31.9,48.6,0.0,N@0.0,0.0,51.2,0.0,8,"Wheelhouse, Benton County",100065,Wheelhouse,2017-11-29 01:23:12.393368
2007-11-05,17:00,48.4,,31.3,51.4,0.0,N@0.0,0.0,51.3,0.0,2,"Wheelhouse, Benton County",100065,Wheelhouse,2017-11-29 01:23:12.393368
2007-11-05,17:15,46.4,,31.0,54.8,0.0,N@0.0,0.0,51.4,0.0,0,"Wheelhouse, Benton County",100065,Wheelhouse,2017-11-29 01:23:12.393368
2007-11-05,17:30,45.2,,31.0,57.3,0.0,N@0.0,0.0,51.5,0.0,0,"Wheelhouse, Benton County",100065,Wheelhouse,2017-11-29 01:23:12.393368
2007-11-05,17:45,44.2,,31.0,59.5,0.0,N@0.0,0.0,51.6,0.0,0,"Wheelhouse, Benton County",100065,Wheelhouse,2017-11-29 01:23:12.393368
2007-11-05,18:00,43.4,,31.3,62.0,0.0,N@0.0,0.0,51.7,0.0,0,"Wheelhouse, Benton County",100065,Wheelhouse,2017-11-29 01:23:12.393368
2007-11-05,18:15,42.4,,31.4,64.8,0.0,N@0.0,0.0,51.7,0.0,0,"Wheelhouse, Benton County",100065,Wheelhouse,2017-11-29 01:23:12.393368
2007-11-05,18:30,42.6,,31.6,64.9,0.0,N@0.0,0.0,51.8,0.0,0,"Wheelhouse, Benton County",100065,Wheelhouse,2017-11-29 01:23:12.393368
2007-11-05,18:45,42.2,,31.7,65.9,0.0,N@0.0,0.0,51.8,0.0,0,"Wheelhouse, Benton County",100065,Wheelhouse,2017-11-29 01:23:12.393368
2007-11-05,19:00,41.6,,31.8,67.8,0.0,N@0.0,0.0,51.9,0.0,0,"Wheelhouse, Benton County",100065,Wheelhouse,2017-11-29 01:23:12.393368
2007-11-05,19:15,40.7,,31.7,69.8,0.0,N@0.0,0.0,51.9,0.0,0,"Wheelhouse, Benton County",100065,Wheelhouse,2017-11-29 01:23:12.393368
2007-11-05,19:30,40.2,,32.0,72.4,0.0,S@1.1,6.4,51.9,0.0,0,"Wheelhouse, Benton County",100065,Wheelhouse,2017-11-29 01:23:12.393368
2007-11-05,19:45,40.4,,32.3,72.6,0.0,N@0.0,0.0,52.0,0.0,0,"Wheelhouse, Benton County",100065,Wheelhouse,2017-11-29 01:23:12.393368
2007-11-05,20:00,40.2,,31.9,71.9,0.0,S@1.0,6.4,52.0,0.0,0,"Wheelhouse, Benton County",100065,Wheelhouse,2017-11-29 01:23:12.393368
2007-11-05,20:15,39.8,,31.5,72.1,0.0,N@0.0,0.0,52.0,0.0,0,"Wheelhouse, Benton County",100065,Wheelhouse,2017-11-29 01:23:12.393368
2007-11-05,20:30,39.1,,31.4,73.5,0.0,E@0.4,5.7,52.0,0.0,0,"Wheelhouse, Benton County",100065,Wheelhouse,2017-11-29 01:23:12.393368
2007-11-05,20:45,39.4,,31.7,73.7,0.0,N@0.0,0.0,51.9,0.0,0,"Wheelhouse, Benton County",100065,Wheelhouse,2017-11-29 01:23:12.393368
2007-11-05,21:00,38.6,,31.5,75.3,0.0,S@2.5,6.4,51.9,0.0,0,"Wheelhouse, Benton County",100065,Wheelhouse,2017-11-29 01:23:12.393368
2007-11-05,21:15,39.2,,31.4,73.3,0.0,E@1.6,6.4,51.9,0.0,0,"Wheelhouse, Benton County",100065,Wheelhouse,2017-11-29 01:23:12.393368
2007-11-05,21:30,40.1,,31.3,70.6,0.0,N@0.0,0.0,51.9,0.0,0,"Wheelhouse, Benton County",100065,Wheelhouse,2017-11-29 01:23:12.393368
2007-11-05,21:45,39.2,,31.0,72.1,0.0,N@0.0,0.0,51.8,0.0,0,"Wheelhouse, Benton County",100065,Wheelhouse,2017-11-29 01:23:12.393368
2007-11-05,22:00,40.2,,31.0,69.3,0.0,N@0.0,0.0,51.8,0.0,0,"Wheelhouse, Benton County",100065,Wheelhouse,2017-11-29 01:23:12.393368
2007-11-05,22:15,38.5,,30.9,73.7,0.0,N@0.0,0.0,51.8,0.0,0,"Wheelhouse, Benton County",100065,Wheelhouse,2017-11-29 01:23:12.393368
2007-11-05,22:30,38.7,,31.2,74.2,0.0,N@0.0,0.0,51.7,0.0,0,"Wheelhouse, Benton County",100065,Wheelhouse,2017-11-29 01:23:12.393368
2007-11-05,22:45,37.1,,30.9,78.1,0.0,N@0.0,0.0,51.7,0.0,0,"Wheelhouse, Benton County",100065,Wheelhouse,2017-11-29 01:23:12.393368
2007-11-05,23:00,36.5,,31.2,80.8,0.0,N@0.0,0.0,51.6,0.0,0,"Wheelhouse, Benton County",100065,Wheelhouse,2017-11-29 01:23:12.393368
2007-11-05,23:15,35.1,,30.6,83.5,0.0,N@0.0,0.0,51.6,0.0,0,"Wheelhouse, Benton County",100065,Wheelhouse,2017-11-29 01:23:12.393368
2007-11-05,23:30,34.8,,30.1,82.8,0.0,N@0.0,0.0,51.5,0.0,0,"Wheelhouse, Benton County",100065,Wheelhouse,2017-11-29 01:23:12.393368
2007-11-05,23:45,34.1,,30.2,85.7,0.0,N@0.0,0.0,51.5,0.0,0,"Wheelhouse, Benton County",100065,Wheelhouse,2017-11-29 01:23:12.393368
2007-11-05,24:00,34.9,,30.6,84.4,0.0,N@0.0,0.0,51.4,0.0,0,"Wheelhouse, Benton County",100065,Wheelhouse,2017-11-29 01:23:12.393368
2007-11-06,00:15,35.2,,30.7,83.4,0.0,N@0.0,0.0,51.3,0.0,0,"Wheelhouse, Benton County",100065,Wheelhouse,2017-11-29 01:23:12.393368
2007-11-06,00:30,35.1,,30.8,84.2,0.0,N@0.0,0.0,51.3,0.0,0,"Wheelhouse, Benton County",100065,Wheelhouse,2017-11-29 01:23:12.393368
2007-11-06,00:45,35.1,,30.7,84.0,0.0,N@0.0,0.0,51.2,0.0,0,"Wheelhouse, Benton County",100065,Wheelhouse,2017-11-29 01:23:12.393368
2007-11-06,01:00,34.7,,30.4,84.1,0.0,N@0.0,0.0,51.1,0.0,0,"Wheelhouse, Benton County",100065,Wheelhouse,2017-11-29 01:23:12.393368
2007-11-06,01:15,34.1,,30.2,85.4,0.0,N@0.0,0.0,51.1,0.0,0,"Wheelhouse, Benton County",100065,Wheelhouse,2017-11-29 01:23:12.393368
2007-11-06,01:30,33.4,,30.0,87.5,0.0,N@0.0,0.0,51.0,0.0,0,"Wheelhouse, Benton County",100065,Wheelhouse,2017-11-29 01:23:12.393368
2007-11-06,01:45,32.9,,30.2,89.5,0.01,N@0.0,0.0,50.9,0.0,0,"Wheelhouse, Benton County",100065,Wheelhouse,2017-11-29 01:23:12.393368
2007-11-06,02:00,33.2,,30.5,89.7,0.0,N@0.0,0.0,50.9,0.0,0,"Wheelhouse, Benton County",100065,Wheelhouse,2017-11-29 01:23:12.393368
2007-11-06,02:15,33.9,,30.8,88.3,0.0,N@0.0,0.0,50.8,0.0,0,"Wheelhouse, Benton County",100065,Wheelhouse,2017-11-29 01:23:12.393368
2007-11-06,02:30,33.3,,30.4,88.8,0.01,N@0.0,0.0,50.7,0.0,0,"Wheelhouse, Benton County",100065,Wheelhouse,2017-11-29 01:23:12.393368
2007-11-06,02:45,33.0,,30.4,90.2,0.01,N@0.0,0.0,50.7,0.0,0,"Wheelhouse, Benton County",100065,Wheelhouse,2017-11-29 01:23:12.393368
2007-11-06,03:00,32.9,,30.5,90.6,0.01,N@0.0,0.0,50.6,0.0,0,"Wheelhouse, Benton County",100065,Wheelhouse,2017-11-29 01:23:12.393368
2007-11-06,03:15,31.7,,29.8,92.5,0.01,N@0.0,0.0,50.5,0.0,0,"Wheelhouse, Benton County",100065,Wheelhouse,2017-11-29 01:23:12.393368
2007-11-06,03:30,31.6,,30.0,94.2,0.01,N@0.0,0.0,50.4,0.0,0,"Wheelhouse, Benton County",100065,Wheelhouse,2017-11-29 01:23:12.393368
2007-11-06,03:45,31.7,,30.1,93.7,0.01,N@0.0,0.0,50.4,0.0,0,"Wheelhouse, Benton County",100065,Wheelhouse,2017-11-29 01:23:12.393368
2007-11-06,04:00,32.1,,30.5,93.7,0.01,N@0.0,0.0,50.3,0.0,0,"Wheelhouse, Benton County",100065,Wheelhouse,2017-11-29 01:23:12.393368
2007-11-06,04:15,32.8,,31.1,93.2,0.01,N@0.0,0.0,50.2,0.0,0,"Wheelhouse, Benton County",100065,Wheelhouse,2017-11-29 01:23:12.393368
2007-11-06,04:30,31.6,,30.1,94.1,0.02,N@0.0,0.0,50.1,0.0,0,"Wheelhouse, Benton County",100065,Wheelhouse,2017-11-29 01:23:12.393368
2007-11-06,04:45,31.9,,30.7,95.4,0.02,N@0.0,0.0,50.0,0.0,0,"Wheelhouse, Benton County",100065,Wheelhouse,2017-11-29 01:23:12.393368
2007-11-06,05:00,32.0,,31.1,96.6,0.02,N@0.0,0.0,50.0,0.0,0,"Wheelhouse, Benton County",100065,Wheelhouse,2017-11-29 01:23:12.393368
2007-11-06,05:15,31.7,,30.7,96.0,0.02,N@0.0,0.0,49.9,0.0,0,"Wheelhouse, Benton County",100065,Wheelhouse,2017-11-29 01:23:12.393368
2007-11-06,05:30,31.5,,30.7,97.3,0.03,N@0.0,0.0,49.8,0.0,0,"Wheelhouse, Benton County",100065,Wheelhouse,2017-11-29 01:23:12.393368
2007-11-06,05:45,31.5,,31.1,98.5,0.04,N@0.0,0.0,49.7,0.0,0,"Wheelhouse, Benton County",100065,Wheelhouse,2017-11-29 01:23:12.393368
2007-11-06,06:00,31.7,,31.2,97.9,0.04,N@0.0,0.0,49.6,0.0,0,"Wheelhouse, Benton County",100065,Wheelhouse,2017-11-29 01:23:12.393368
2007-11-06,06:15,31.4,,30.9,98.3,0.05,N@0.0,0.0,49.6,0.0,0,"Wheelhouse, Benton County",100065,Wheelhouse,2017-11-29 01:23:12.393368
2007-11-06,06:30,31.1,,30.8,99.4,0.06,N@0.0,0.0,49.5,0.0,0,"Wheelhouse, Benton County",100065,Wheelhouse,2017-11-29 01:23:12.393368
2007-11-06,06:45,31.5,,31.3,99.5,0.05,N@0.0,0.0,49.4,0.0,6,"Wheelhouse, Benton County",100065,Wheelhouse,2017-11-29 01:23:12.393368
2007-11-06,07:00,32.0,,31.8,99.1,0.04,N@0.0,0.0,49.3,0.0,17,"Wheelhouse, Benton County",100065,Wheelhouse,2017-11-29 01:23:12.393368
2007-11-06,07:15,32.6,,32.2,98.4,0.03,N@0.0,0.0,49.2,0.0,54,"Wheelhouse, Benton County",100065,Wheelhouse,2017-11-29 01:23:12.393368
2007-11-06,07:30,34.3,,33.8,98.0,0.02,N@0.0,0.0,49.2,0.0,74,"Wheelhouse, Benton County",100065,Wheelhouse,2017-11-29 01:23:12.393368
2007-11-06,07:45,35.6,,34.8,96.7,0.02,N@0.0,0.0,49.1,0.0,96,"Wheelhouse, Benton County",100065,Wheelhouse,2017-11-29 01:23:12.393368
2007-11-06,08:00,37.0,,35.8,95.3,0.02,N@0.0,0.0,49.0,0.0,116,"Wheelhouse, Benton County",100065,Wheelhouse,2017-11-29 01:23:12.393368
2007-11-06,08:15,38.7,,36.5,91.7,0.01,N@0.0,0.0,48.9,0.0,184,"Wheelhouse, Benton County",100065,Wheelhouse,2017-11-29 01:23:12.393368
2007-11-06,08:30,39.6,,36.5,88.3,0.01,SE@2.1,7.8,48.9,0.0,162,"Wheelhouse, Benton County",100065,Wheelhouse,2017-11-29 01:23:12.393368
2007-11-06,08:45,39.4,,36.4,88.9,0.01,SE@1.0,8.2,48.8,0.0,116,"Wheelhouse, Benton County",100065,Wheelhouse,2017-11-29 01:23:12.393368
2007-11-06,09:00,39.2,,36.2,89.1,0.01,SE@0.1,3.5,48.7,0.0,115,"Wheelhouse, Benton County",100065,Wheelhouse,2017-11-29 01:23:12.393368
2007-11-06,09:15,39.4,,36.1,88.0,0.0,N@0.0,0.0,48.6,0.0,206,"Wheelhouse, Benton County",100065,Wheelhouse,2017-11-29 01:23:12.393368
2007-11-06,09:30,41.3,,36.6,83.0,0.0,N@0.0,0.0,48.6,0.0,335,"Wheelhouse, Benton County",100065,Wheelhouse,2017-11-29 01:23:12.393368
2007-11-06,09:45,42.0,,36.3,79.9,0.0,N@0.0,0.0,48.5,0.0,284,"Wheelhouse, Benton County",100065,Wheelhouse,2017-11-29 01:23:12.393368
2007-11-06,10:00,43.3,,37.1,78.7,0.0,N@0.0,0.0,48.4,0.0,410,"Wheelhouse, Benton County",100065,Wheelhouse,2017-11-29 01:23:12.393368
2007-11-06,10:15,44.6,,37.3,75.4,0.0,N@0.0,0.0,48.4,0.0,387,"Wheelhouse, Benton County",100065,Wheelhouse,2017-11-29 01:23:12.393368
2007-11-06,10:30,45.4,,37.2,72.8,0.0,N@0.0,0.0,48.3,0.0,414,"Wheelhouse, Benton County",100065,Wheelhouse,2017-11-29 01:23:12.393368
2007-11-06,10:45,46.8,,37.3,69.4,0.0,N@0.0,0.0,48.3,0.0,384,"Wheelhouse, Benton County",100065,Wheelhouse,2017-11-29 01:23:12.393368
2007-11-06,11:00,47.8,,37.2,66.5,0.0,N@0.0,0.0,48.2,0.0,439,"Wheelhouse, Benton County",100065,Wheelhouse,2017-11-29 01:23:12.393368
2007-11-06,11:15,49.1,,37.3,63.5,0.0,N@0.0,0.0,48.2,0.0,461,"Wheelhouse, Benton County",100065,Wheelhouse,2017-11-29 01:23:12.393368
2007-11-06,11:30,50.1,,36.9,60.4,0.0,N@0.0,0.0,48.2,0.0,455,"Wheelhouse, Benton County",100065,Wheelhouse,2017-11-29 01:23:12.393368
2007-11-06,11:45,50.8,,37.0,59.1,0.0,N@0.0,0.0,48.2,0.0,463,"Wheelhouse, Benton County",100065,Wheelhouse,2017-11-29 01:23:12.393368
2007-11-06,12:00,51.2,,37.2,58.4,0.0,N@0.0,0.0,48.2,0.0,461,"Wheelhouse, Benton County",100065,Wheelhouse,2017-11-29 01:23:12.393368
2007-11-06,12:15,51.5,,37.4,58.5,0.0,SE@1.8,8.9,48.1,0.0,457,"Wheelhouse, Benton County",100065,Wheelhouse,2017-11-29 01:23:12.393368
2007-11-06,12:30,52.2,,37.8,57.7,0.0,S@2.4,8.9,48.2,0.0,449,"Wheelhouse, Benton County",100065,Wheelhouse,2017-11-29 01:23:12.393368
2007-11-06,12:45,52.2,,37.5,57.2,0.0,S@0.1,6.0,48.2,0.0,440,"Wheelhouse, Benton County",100065,Wheelhouse,2017-11-29 01:23:12.393368
2007-11-06,13:00,52.4,,37.6,56.7,0.0,SE@0.2,6.4,48.2,0.0,432,"Wheelhouse, Benton County",100065,Wheelhouse,2017-11-29 01:23:12.393368
2007-11-06,13:15,52.3,,36.9,55.6,0.0,S@0.7,7.4,48.2,0.0,297,"Wheelhouse, Benton County",100065,Wheelhouse,2017-11-29 01:23:12.393368
2007-11-06,13:30,52.4,,36.8,55.1,0.0,S@0.1,3.5,48.3,0.0,323,"Wheelhouse, Benton County",100065,Wheelhouse,2017-11-29 01:23:12.393368
2007-11-06,13:45,54.2,,36.8,51.6,0.0,S@0.0,1.4,48.3,0.0,384,"Wheelhouse, Benton County",100065,Wheelhouse,2017-11-29 01:23:12.393368
2007-11-06,14:00,54.4,,36.4,50.5,0.0,N@0.0,0.0,48.4,0.0,335,"Wheelhouse, Benton County",100065,Wheelhouse,2017-11-29 01:23:12.393368
2007-11-06,14:15,55.3,,36.3,48.6,0.0,N@0.0,0.0,48.4,0.0,318,"Wheelhouse, Benton County",100065,Wheelhouse,2017-11-29 01:23:12.393368
2007-11-06,14:30,55.1,,36.1,48.6,0.0,N@0.0,0.0,48.5,0.0,268,"Wheelhouse, Benton County",100065,Wheelhouse,2017-11-29 01:23:12.393368
2007-11-06,14:45,55.1,,36.0,48.3,0.0,N@0.0,0.0,48.6,0.0,244,"Wheelhouse, Benton County",100065,Wheelhouse,2017-11-29 01:23:12.393368
2007-11-06,15:00,55.0,,36.1,48.7,0.0,N@0.0,0.0,48.7,0.0,197,"Wheelhouse, Benton County",100065,Wheelhouse,2017-11-29 01:23:12.393368
2007-11-06,15:15,55.5,,36.1,47.9,0.0,N@0.0,0.0,48.8,0.0,198,"Wheelhouse, Benton County",100065,Wheelhouse,2017-11-29 01:23:12.393368
2007-11-06,15:30,55.9,,36.0,47.0,0.0,N@0.0,0.0,48.9,0.0,144,"Wheelhouse, Benton County",100065,Wheelhouse,2017-11-29 01:23:12.393368
2007-11-06,15:45,55.5,,36.0,47.7,0.0,N@0.0,0.0,49.0,0.0,120,"Wheelhouse, Benton County",100065,Wheelhouse,2017-11-29 01:23:12.393368
2007-11-06,16:00,55.3,,36.0,48.0,0.0,N@0.0,0.0,49.1,0.0,102,"Wheelhouse, Benton County",100065,Wheelhouse,2017-11-29 01:23:12.393368
2007-11-06,16:15,54.4,,36.2,50.0,0.0,N@0.0,0.0,49.2,0.0,63,"Wheelhouse, Benton County",100065,Wheelhouse,2017-11-29 01:23:12.393368
2007-11-06,16:30,52.0,,36.1,54.4,0.0,N@0.0,0.0,49.3,0.0,31,"Wheelhouse, Benton County",100065,Wheelhouse,2017-11-29 01:23:12.393368
2007-11-06,16:45,49.8,,35.2,57.1,0.0,N@0.0,0.0,49.4,0.0,10,"Wheelhouse, Benton County",100065,Wheelhouse,2017-11-29 01:23:12.393368
2007-11-06,17:00,48.3,,35.1,60.1,0.0,N@0.0,0.0,49.5,0.0,2,"Wheelhouse, Benton County",100065,Wheelhouse,2017-11-29 01:23:12.393368
2007-11-06,17:15,46.1,,34.2,62.9,0.0,N@0.0,0.0,49.7,0.0,0,"Wheelhouse, Benton County",100065,Wheelhouse,2017-11-29 01:23:12.393368
2007-11-06,17:30,43.1,,33.7,69.1,0.0,N@0.0,0.0,49.8,0.0,0,"Wheelhouse, Benton County",100065,Wheelhouse,2017-11-29 01:23:12.393368
2007-11-06,17:45,42.4,,34.4,72.9,0.0,N@0.0,0.0,49.9,0.0,0,"Wheelhouse, Benton County",100065,Wheelhouse,2017-11-29 01:23:12.393368
2007-11-06,18:00,41.0,,33.7,75.0,0.0,N@0.0,0.0,50.0,0.0,0,"Wheelhouse, Benton County",100065,Wheelhouse,2017-11-29 01:23:12.393368
2007-11-06,18:15,39.5,,33.4,78.7,0.0,N@0.0,0.0,50.1,0.0,0,"Wheelhouse, Benton County",100065,Wheelhouse,2017-11-29 01:23:12.393368
2007-11-06,18:30,39.3,,33.8,80.4,0.0,N@0.0,0.0,50.1,0.0,0,"Wheelhouse, Benton County",100065,Wheelhouse,2017-11-29 01:23:12.393368
2007-11-06,18:45,39.3,,33.8,80.6,0.0,NE@1.0,5.7,50.2,0.0,0,"Wheelhouse, Benton County",100065,Wheelhouse,2017-11-29 01:23:12.393368
2007-11-06,19:00,38.8,,34.1,83.0,0.0,NE@0.0,4.9,50.3,0.0,0,"Wheelhouse, Benton County",100065,Wheelhouse,2017-11-29 01:23:12.393368
2007-11-06,19:15,38.9,,34.4,83.9,0.0,N@0.0,0.0,50.3,0.0,0,"Wheelhouse, Benton County",100065,Wheelhouse,2017-11-29 01:23:12.393368
2007-11-06,19:30,38.9,,34.4,83.7,0.0,N@0.0,0.0,50.4,0.0,0,"Wheelhouse, Benton County",100065,Wheelhouse,2017-11-29 01:23:12.393368
2007-11-06,19:45,38.7,,34.2,83.7,0.0,N@0.0,0.0,50.4,0.0,0,"Wheelhouse, Benton County",100065,Wheelhouse,2017-11-29 01:23:12.393368
2007-11-06,20:00,38.4,,34.1,84.6,0.0,N@0.0,0.0,50.4,0.0,0,"Wheelhouse, Benton County",100065,Wheelhouse,2017-11-29 01:23:12.393368
2007-11-06,20:15,37.9,,33.8,85.0,0.0,N@0.0,0.0,50.5,0.0,0,"Wheelhouse, Benton County",100065,Wheelhouse,2017-11-29 01:23:12.393368
2007-11-06,20:30,38.1,,34.2,85.6,0.0,N@0.0,0.0,50.5,0.0,0,"Wheelhouse, Benton County",100065,Wheelhouse,2017-11-29 01:23:12.393368
2007-11-06,20:45,37.9,,34.0,85.7,0.0,N@0.0,0.0,50.5,0.0,0,"Wheelhouse, Benton County",100065,Wheelhouse,2017-11-29 01:23:12.393368
2007-11-06,21:00,37.7,,33.9,86.0,0.0,N@0.0,0.0,50.4,0.0,0,"Wheelhouse, Benton County",100065,Wheelhouse,2017-11-29 01:23:12.393368
2007-11-06,21:15,37.8,,33.8,85.3,0.0,N@0.0,0.0,50.4,0.0,0,"Wheelhouse, Benton County",100065,Wheelhouse,2017-11-29 01:23:12.393368
2007-11-06,21:30,37.7,,33.8,85.9,0.0,N@0.0,0.0,50.4,0.0,0,"Wheelhouse, Benton County",100065,Wheelhouse,2017-11-29 01:23:12.393368
2007-11-06,21:45,38.0,,34.1,85.6,0.0,N@0.0,0.0,50.4,0.0,0,"Wheelhouse, Benton County",100065,Wheelhouse,2017-11-29 01:23:12.393368
2007-11-06,22:00,37.6,,34.1,87.1,0.01,N@0.0,0.0,50.4,0.0,0,"Wheelhouse, Benton County",100065,Wheelhouse,2017-11-29 01:23:12.393368
2007-11-06,22:15,37.7,,34.4,87.6,0.01,N@0.0,0.0,50.3,0.0,0,"Wheelhouse, Benton County",100065,Wheelhouse,2017-11-29 01:23:12.393368
2007-11-06,22:30,37.7,,34.4,87.5,0.01,N@0.0,0.0,50.3,0.0,0,"Wheelhouse, Benton County",100065,Wheelhouse,2017-11-29 01:23:12.393368
2007-11-06,22:45,37.4,,34.3,88.2,0.01,N@0.0,0.0,50.3,0.0,0,"Wheelhouse, Benton County",100065,Wheelhouse,2017-11-29 01:23:12.393368
2007-11-06,23:00,37.3,,34.1,87.9,0.01,N@0.0,0.0,50.2,0.0,0,"Wheelhouse, Benton County",100065,Wheelhouse,2017-11-29 01:23:12.393368
2007-11-06,23:15,37.1,,34.0,88.4,0.01,N@0.0,0.0,50.2,0.0,0,"Wheelhouse, Benton County",100065,Wheelhouse,2017-11-29 01:23:12.393368
2007-11-06,23:30,37.3,,34.3,88.9,0.01,N@0.0,0.0,50.2,0.0,0,"Wheelhouse, Benton County",100065,Wheelhouse,2017-11-29 01:23:12.393368
2007-11-06,23:45,37.5,,34.7,89.4,0.01,N@0.0,0.0,50.1,0.0,0,"Wheelhouse, Benton County",100065,Wheelhouse,2017-11-29 01:23:12.393368
2007-11-06,24:00,37.3,,34.5,89.4,0.01,N@0.0,0.0,50.1,0.0,0,"Wheelhouse, Benton County",100065,Wheelhouse,2017-11-29 01:23:12.393368
2007-11-07,00:15,36.5,,34.0,90.4,0.01,N@0.0,0.0,50.0,0.0,0,"Wheelhouse, Benton County",100065,Wheelhouse,2017-11-29 01:23:12.393368
2007-11-07,00:30,35.6,,33.2,91.1,0.02,N@0.0,0.0,50.0,0.0,0,"Wheelhouse, Benton County",100065,Wheelhouse,2017-11-29 01:23:12.393368
2007-11-07,00:45,35.0,,33.5,94.2,0.02,N@0.0,0.0,49.9,0.0,0,"Wheelhouse, Benton County",100065,Wheelhouse,2017-11-29 01:23:12.393368
2007-11-07,01:00,35.4,,34.0,94.6,0.02,N@0.0,0.0,49.9,0.0,0,"Wheelhouse, Benton County",100065,Wheelhouse,2017-11-29 01:23:12.393368
2007-11-07,01:15,36.2,,34.9,95.0,0.02,N@0.0,0.0,49.8,0.0,0,"Wheelhouse, Benton County",100065,Wheelhouse,2017-11-29 01:23:12.393368
2007-11-07,01:30,37.1,,35.4,93.7,0.02,N@0.0,0.0,49.8,0.0,0,"Wheelhouse, Benton County",100065,Wheelhouse,2017-11-29 01:23:12.393368
2007-11-07,01:45,36.7,,34.9,93.2,0.02,N@0.0,0.0,49.7,0.0,0,"Wheelhouse, Benton County",100065,Wheelhouse,2017-11-29 01:23:12.393368
2007-11-07,02:00,36.7,,35.1,93.9,0.01,N@0.0,0.0,49.7,0.0,0,"Wheelhouse, Benton County",100065,Wheelhouse,2017-11-29 01:23:12.393368
2007-11-07,02:15,37.8,,36.0,93.2,0.01,N@0.0,0.0,49.6,0.0,0,"Wheelhouse, Benton County",100065,Wheelhouse,2017-11-29 01:23:12.393368
2007-11-07,02:30,39.2,,36.5,90.0,0.01,N@0.0,0.0,49.6,0.0,0,"Wheelhouse, Benton County",100065,Wheelhouse,2017-11-29 01:23:12.393368
2007-11-07,02:45,39.5,,36.9,90.5,0.01,N@0.0,0.0,49.5,0.0,0,"Wheelhouse, Benton County",100065,Wheelhouse,2017-11-29 01:23:12.393368
2007-11-07,03:00,39.6,,36.7,89.4,0.01,N@0.0,0.0,49.4,0.0,0,"Wheelhouse, Benton County",100065,Wheelhouse,2017-11-29 01:23:12.393368
2007-11-07,03:15,39.6,,36.8,89.6,0.01,N@0.0,0.0,49.4,0.0,0,"Wheelhouse, Benton County",100065,Wheelhouse,2017-11-29 01:23:12.393368
2007-11-07,03:30,39.3,,37.0,91.1,0.02,N@0.0,0.0,49.3,0.0,0,"Wheelhouse, Benton County",100065,Wheelhouse,2017-11-29 01:23:12.393368
2007-11-07,03:45,39.1,,36.9,91.9,0.02,N@0.0,0.0,49.3,0.0,0,"Wheelhouse, Benton County",100065,Wheelhouse,2017-11-29 01:23:12.393368
2007-11-07,04:00,39.1,,37.0,92.1,0.02,N@0.0,0.0,49.2,0.0,0,"Wheelhouse, Benton County",100065,Wheelhouse,2017-11-29 01:23:12.393368
2007-11-07,04:15,38.4,,36.7,93.4,0.04,N@0.0,0.0,49.2,0.0,0,"Wheelhouse, Benton County",100065,Wheelhouse,2017-11-29 01:23:12.393368
2007-11-07,04:30,37.8,,36.1,93.2,0.03,N@0.0,0.0,49.1,0.0,0,"Wheelhouse, Benton County",100065,Wheelhouse,2017-11-29 01:23:12.393368
2007-11-07,04:45,37.5,,36.1,94.4,0.03,N@0.0,0.0,49.1,0.0,0,"Wheelhouse, Benton County",100065,Wheelhouse,2017-11-29 01:23:12.393368
2007-11-07,05:00,37.4,,36.1,95.0,0.03,N@0.0,0.0,49.0,0.0,0,"Wheelhouse, Benton County",100065,Wheelhouse,2017-11-29 01:23:12.393368
2007-11-07,05:15,37.4,,36.2,95.3,0.03,N@0.0,0.0,49.0,0.0,0,"Wheelhouse, Benton County",100065,Wheelhouse,2017-11-29 01:23:12.393368
2007-11-07,05:30,37.1,,36.0,95.8,0.04,N@0.0,0.0,48.9,0.0,0,"Wheelhouse, Benton County",100065,Wheelhouse,2017-11-29 01:23:12.393368
2007-11-07,05:45,36.8,,35.9,96.6,0.04,N@0.0,0.0,48.9,0.0,0,"Wheelhouse, Benton County",100065,Wheelhouse,2017-11-29 01:23:12.393368
2007-11-07,06:00,36.5,,35.8,97.0,0.05,N@0.0,0.0,48.9,0.0,0,"Wheelhouse, Benton County",100065,Wheelhouse,2017-11-29 01:23:12.393368
2007-11-07,06:15,36.1,,35.6,98.1,0.07,N@0.0,0.0,48.8,0.0,0,"Wheelhouse, Benton County",100065,Wheelhouse,2017-11-29 01:23:12.393368
2007-11-07,06:30,36.5,,36.2,98.6,0.06,N@0.0,0.0,48.8,0.0,0,"Wheelhouse, Benton County",100065,Wheelhouse,2017-11-29 01:23:12.393368
2007-11-07,06:45,36.8,,36.2,97.8,0.05,N@0.0,0.0,48.7,0.0,2,"Wheelhouse, Benton County",100065,Wheelhouse,2017-11-29 01:23:12.393368
2007-11-07,07:00,37.4,,36.5,96.8,0.03,N@0.0,0.0,48.7,0.0,4,"Wheelhouse, Benton County",100065,Wheelhouse,2017-11-29 01:23:12.393368
2007-11-07,07:15,38.6,,37.1,94.1,0.02,N@0.0,0.0,48.6,0.0,10,"Wheelhouse, Benton County",100065,Wheelhouse,2017-11-29 01:23:12.393368
2007-11-07,07:30,39.6,,37.4,91.7,0.02,N@0.0,0.0,48.6,0.0,20,"Wheelhouse, Benton County",100065,Wheelhouse,2017-11-29 01:23:12.393368
2007-11-07,07:45,39.6,,37.8,93.1,0.02,N@0.0,0.0,48.6,0.0,24,"Wheelhouse, Benton County",100065,Wheelhouse,2017-11-29 01:23:12.393368
2007-11-07,08:00,39.8,,38.2,93.8,0.02,N@0.0,0.0,48.5,0.0,36,"Wheelhouse, Benton County",100065,Wheelhouse,2017-11-29 01:23:12.393368
2007-11-07,08:15,40.4,,38.7,93.6,0.02,N@0.0,0.0,48.5,0.0,68,"Wheelhouse, Benton County",100065,Wheelhouse,2017-11-29 01:23:12.393368
2007-11-07,08:30,41.0,,38.3,89.8,0.01,N@0.0,0.0,48.4,0.0,106,"Wheelhouse, Benton County",100065,Wheelhouse,2017-11-29 01:23:12.393368
2007-11-07,08:45,41.7,,38.6,88.8,0.01,N@0.0,0.0,48.4,0.0,136,"Wheelhouse, Benton County",100065,Wheelhouse,2017-11-29 01:23:12.393368
2007-11-07,09:00,42.7,,39.1,87.1,0.01,N@0.0,0.0,48.4,0.0,169,"Wheelhouse, Benton County",100065,Wheelhouse,2017-11-29 01:23:12.393368
2007-11-07,09:15,43.1,,39.1,85.4,0.0,N@0.0,0.0,48.3,0.0,142,"Wheelhouse, Benton County",100065,Wheelhouse,2017-11-29 01:23:12.393368
2007-11-07,09:30,43.5,,39.1,84.5,0.0,N@0.0,0.0,48.3,0.0,118,"Wheelhouse, Benton County",100065,Wheelhouse,2017-11-29 01:23:12.393368
2007-11-07,09:45,44.4,,39.4,82.4,0.0,N@0.0,0.0,48.2,0.0,118,"Wheelhouse, Benton County",100065,Wheelhouse,2017-11-29 01:23:12.393368
2007-11-07,10:00,45.4,,39.7,80.0,0.0,N@0.0,0.0,48.2,0.0,207,"Wheelhouse, Benton County",100065,Wheelhouse,2017-11-29 01:23:12.393368
2007-11-07,10:15,46.7,,40.2,78.0,0.0,N@0.0,0.0,48.2,0.0,297,"Wheelhouse, Benton County",100065,Wheelhouse,2017-11-29 01:23:12.393368
2007-11-07,10:30,46.8,,40.4,78.3,0.0,SE@0.7,5.3,48.2,0.0,122,"Wheelhouse, Benton County",100065,Wheelhouse,2017-11-29 01:23:12.393368
2007-11-07,10:45,46.6,,40.3,78.6,0.0,N@0.0,0.0,48.1,0.0,75,"Wheelhouse, Benton County",100065,Wheelhouse,2017-11-29 01:23:12.393368
2007-11-07,11:00,46.4,,40.7,80.1,0.0,SE@0.9,7.4,48.1,0.0,143,"Wheelhouse, Benton County",100065,Wheelhouse,2017-11-29 01:23:12.393368
2007-11-07,11:15,46.8,,40.0,77.0,0.0,N@0.0,0.0,48.1,0.0,191,"Wheelhouse, Benton County",100065,Wheelhouse,2017-11-29 01:23:12.393368
2007-11-07,11:30,47.3,,40.1,76.0,0.0,N@0.0,0.0,48.1,0.0,215,"Wheelhouse, Benton County",100065,Wheelhouse,2017-11-29 01:23:12.393368
2007-11-07,11:45,48.2,,40.4,74.3,0.0,N@0.0,0.0,48.1,0.0,280,"Wheelhouse, Benton County",100065,Wheelhouse,2017-11-29 01:23:12.393368
2007-11-07,12:00,49.3,,40.7,72.1,0.0,N@0.0,0.0,48.1,0.0,337,"Wheelhouse, Benton County",100065,Wheelhouse,2017-11-29 01:23:12.393368
2007-11-07,12:15,50.6,,40.5,68.3,0.0,N@0.0,0.0,48.1,0.0,371,"Wheelhouse, Benton County",100065,Wheelhouse,2017-11-29 01:23:12.393368
2007-11-07,12:30,51.8,,40.4,65.0,0.0,N@0.0,0.0,48.2,0.0,395,"Wheelhouse, Benton County",100065,Wheelhouse,2017-11-29 01:23:12.393368
2007-11-07,12:45,53.1,,40.3,61.7,0.0,N@0.0,0.0,48.2,0.0,434,"Wheelhouse, Benton County",100065,Wheelhouse,2017-11-29 01:23:12.393368
2007-11-07,13:00,53.6,,40.5,61.0,0.0,N@0.0,0.0,48.2,0.0,410,"Wheelhouse, Benton County",100065,Wheelhouse,2017-11-29 01:23:12.393368
2007-11-07,13:15,54.4,,40.7,59.8,0.0,N@0.0,0.0,48.3,0.0,413,"Wheelhouse, Benton County",100065,Wheelhouse,2017-11-29 01:23:12.393368
2007-11-07,13:30,55.4,,40.6,57.1,0.0,N@0.0,0.0,48.3,0.0,383,"Wheelhouse, Benton County",100065,Wheelhouse,2017-11-29 01:23:12.393368
2007-11-07,13:45,56.1,,40.6,55.9,0.0,N@0.0,0.0,48.3,0.0,366,"Wheelhouse, Benton County",100065,Wheelhouse,2017-11-29 01:23:12.393368
2007-11-07,14:00,56.1,,40.7,56.2,0.0,N@0.0,0.0,48.4,0.0,306,"Wheelhouse, Benton County",100065,Wheelhouse,2017-11-29 01:23:12.393368
2007-11-07,14:15,55.9,,41.1,57.5,0.0,S@0.2,5.3,48.5,0.0,243,"Wheelhouse, Benton County",100065,Wheelhouse,2017-11-29 01:23:12.393368
2007-11-07,14:30,54.9,,41.4,60.3,0.0,S@1.3,7.8,48.5,0.0,173,"Wheelhouse, Benton County",100065,Wheelhouse,2017-11-29 01:23:12.393368
2007-11-07,14:45,53.8,,41.7,63.3,0.0,S@1.7,7.1,48.6,0.0,219,"Wheelhouse, Benton County",100065,Wheelhouse,2017-11-29 01:23:12.393368
2007-11-07,15:00,54.3,,41.4,61.6,0.0,S@2.2,7.4,48.7,0.0,222,"Wheelhouse, Benton County",100065,Wheelhouse,2017-11-29 01:23:12.393368
2007-11-07,15:15,54.2,,41.0,60.8,0.0,S@0.3,6.0,48.8,0.0,182,"Wheelhouse, Benton County",100065,Wheelhouse,2017-11-29 01:23:12.393368
2007-11-07,15:30,53.9,,41.2,61.9,0.0,S@0.1,4.9,48.9,0.0,141,"Wheelhouse, Benton County",100065,Wheelhouse,2017-11-29 01:23:12.393368
2007-11-07,15:45,53.2,,41.5,64.4,0.0,S@0.1,4.9,49.0,0.0,93,"Wheelhouse, Benton County",100065,Wheelhouse,2017-11-29 01:23:12.393368
2007-11-07,16:00,52.4,,42.2,68.0,0.0,S@0.1,3.9,49.1,0.0,59,"Wheelhouse, Benton County",100065,Wheelhouse,2017-11-29 01:23:12.393368
2007-11-07,16:15,51.1,,42.3,71.7,0.0,N@0.0,0.0,49.2,0.0,45,"Wheelhouse, Benton County",100065,Wheelhouse,2017-11-29 01:23:12.393368
2007-11-07,16:30,50.1,,42.2,74.2,0.0,N@0.0,0.0,49.3,0.0,18,"Wheelhouse, Benton County",100065,Wheelhouse,2017-11-29 01:23:12.393368
2007-11-07,16:45,49.0,,41.2,74.3,0.0,N@0.0,0.0,49.4,0.0,4,"Wheelhouse, Benton County",100065,Wheelhouse,2017-11-29 01:23:12.393368
2007-11-07,17:00,46.2,,39.5,77.2,0.0,N@0.0,0.0,49.5,0.0,1,"Wheelhouse, Benton County",100065,Wheelhouse,2017-11-29 01:23:12.393368
2007-11-07,17:15,43.9,,38.4,80.8,0.0,N@0.0,0.0,49.6,0.0,0,"Wheelhouse, Benton County",100065,Wheelhouse,2017-11-29 01:23:12.393368
2007-11-07,17:30,43.4,,38.5,82.7,0.01,N@0.0,0.0,49.7,0.0,0,"Wheelhouse, Benton County",100065,Wheelhouse,2017-11-29 01:23:12.393368
2007-11-07,17:45,42.8,,38.4,84.4,0.01,N@0.0,0.0,49.8,0.0,0,"Wheelhouse, Benton County",100065,Wheelhouse,2017-11-29 01:23:12.393368
2007-11-07,18:00,42.2,,38.9,87.7,0.01,SE@5.1,8.2,49.9,0.0,0,"Wheelhouse, Benton County",100065,Wheelhouse,2017-11-29 01:23:12.393368
2007-11-07,18:15,42.6,,39.2,87.7,0.01,NE@3.1,6.4,49.9,0.0,0,"Wheelhouse, Benton County",100065,Wheelhouse,2017-11-29 01:23:12.393368
2007-11-07,18:30,42.2,,39.2,88.8,0.01,NE@5.7,7.1,50.0,0.0,0,"Wheelhouse, Benton County",100065,Wheelhouse,2017-11-29 01:23:12.393368
2007-11-07,18:45,42.4,,39.4,88.8,0.01,NE@2.0,6.7,50.1,0.0,0,"Wheelhouse, Benton County",100065,Wheelhouse,2017-11-29 01:23:12.393368
2007-11-07,19:00,42.7,,39.5,88.4,0.01,N@0.0,0.0,50.1,0.0,0,"Wheelhouse, Benton County",100065,Wheelhouse,2017-11-29 01:23:12.393368
2007-11-07,19:15,42.9,,39.6,88.0,0.01,NE@0.5,6.4,50.2,0.0,0,"Wheelhouse, Benton County",100065,Wheelhouse,2017-11-29 01:23:12.393368
2007-11-07,19:30,43.0,,39.3,86.6,0.01,N@0.0,0.0,50.2,0.0,0,"Wheelhouse, Benton County",100065,Wheelhouse,2017-11-29 01:23:12.393368
2007-11-07,19:45,41.9,,38.9,88.9,0.02,N@0.0,0.0,50.2,0.0,0,"Wheelhouse, Benton County",100065,Wheelhouse,2017-11-29 01:23:12.393368
2007-11-07,20:00,41.2,,38.9,91.5,0.03,W@3.1,6.4,50.2,0.0,0,"Wheelhouse, Benton County",100065,Wheelhouse,2017-11-29 01:23:12.393368
2007-11-07,20:15,41.7,,39.5,91.7,0.02,N@0.0,0.0,50.3,0.0,0,"Wheelhouse, Benton County",100065,Wheelhouse,2017-11-29 01:23:12.393368
2007-11-07,20:30,40.7,,38.5,91.9,0.03,N@0.0,0.0,50.3,0.0,0,"Wheelhouse, Benton County",100065,Wheelhouse,2017-11-29 01:23:12.393368
2007-11-07,20:45,41.2,,39.0,91.8,0.02,N@0.0,0.0,50.3,0.0,0,"Wheelhouse, Benton County",100065,Wheelhouse,2017-11-29 01:23:12.393368
2007-11-07,21:00,42.9,,38.8,85.3,0.02,N@0.0,0.0,50.3,0.0,0,"Wheelhouse, Benton County",100065,Wheelhouse,2017-11-29 01:23:12.393368
2007-11-07,21:15,40.4,,38.1,91.2,0.03,N@0.0,0.0,50.3,0.0,0,"Wheelhouse, Benton County",100065,Wheelhouse,2017-11-29 01:23:12.393368
2007-11-07,21:30,39.7,,37.9,93.1,0.04,N@0.0,0.0,50.3,0.0,0,"Wheelhouse, Benton County",100065,Wheelhouse,2017-11-29 01:23:12.393368
2007-11-07,21:45,40.1,,38.3,93.0,0.03,N@0.0,0.0,50.3,0.0,0,"Wheelhouse, Benton County",100065,Wheelhouse,2017-11-29 01:23:12.393368
2007-11-07,22:00,41.0,,38.7,91.6,0.03,N@0.0,0.0,50.3,0.0,0,"Wheelhouse, Benton County",100065,Wheelhouse,2017-11-29 01:23:12.393368
2007-11-07,22:15,40.4,,37.9,90.4,0.03,NE@0.0,1.7,50.2,0.0,0,"Wheelhouse, Benton County",100065,Wheelhouse,2017-11-29 01:23:12.393368
2007-11-07,22:30,38.5,,37.2,94.9,0.07,N@0.0,0.0,50.2,0.0,0,"Wheelhouse, Benton County",100065,Wheelhouse,2017-11-29 01:23:12.393368
2007-11-07,22:45,37.9,,37.0,96.5,0.09,N@0.0,0.0,50.2,0.0,0,"Wheelhouse, Benton County",100065,Wheelhouse,2017-11-29 01:23:12.393368
2007-11-07,23:00,37.9,,37.1,97.1,0.1,N@0.0,0.0,50.2,0.0,0,"Wheelhouse, Benton County",100065,Wheelhouse,2017-11-29 01:23:12.393368
2007-11-07,23:15,37.7,,37.2,97.9,0.11,N@0.0,0.0,50.2,0.0,0,"Wheelhouse, Benton County",100065,Wheelhouse,2017-11-29 01:23:12.393368
2007-11-07,23:30,37.6,,37.1,97.8,0.1,N@0.0,0.0,50.1,0.0,0,"Wheelhouse, Benton County",100065,Wheelhouse,2017-11-29 01:23:12.393368
2007-11-07,23:45,38.0,,37.4,97.8,0.09,N@0.0,0.0,50.1,0.0,0,"Wheelhouse, Benton County",100065,Wheelhouse,2017-11-29 01:23:12.393368
2007-11-07,24:00,38.4,,37.8,97.7,0.09,N@0.0,0.0,50.0,0.0,0,"Wheelhouse, Benton County",100065,Wheelhouse,2017-11-29 01:23:12.393368
