Date,Time PST,Air Temp °F, 2<sup>nd</sup> Air Temp °F, Dew Point °F, Rel Hum %, Leaf Wet u., Wind Dir @ Speed mph, Wind Gust mph, 8 in. Soil Tmp °F, Tot Prec in, Solar Rad W/m²,Location,Station ID,Station Name,Download Timestamp
2005-11-16,00:15,35.3,,33.9,94.6,,NE@2.9,3.9,37.9,0.0,0,"Wheelhouse, Benton County",100065,Wheelhouse,2017-11-29 00:26:07.380551
2005-11-16,00:30,34.8,,33.6,95.2,,NE@3.2,5.2,37.7,0.0,0,"Wheelhouse, Benton County",100065,Wheelhouse,2017-11-29 00:26:07.380551
2005-11-16,00:45,34.0,,32.8,95.2,,NE@4.7,8.1,37.7,0.0,0,"Wheelhouse, Benton County",100065,Wheelhouse,2017-11-29 00:26:07.380551
2005-11-16,01:00,34.1,,32.8,94.8,,NE@7.2,9.7,37.6,0.0,0,"Wheelhouse, Benton County",100065,Wheelhouse,2017-11-29 00:26:07.380551
2005-11-16,01:15,34.5,,32.8,93.4,,NE@7.5,21.5,37.6,0.0,0,"Wheelhouse, Benton County",100065,Wheelhouse,2017-11-29 00:26:07.380551
2005-11-16,01:30,34.5,,32.6,92.5,,NE@7.5,10.9,37.6,0.0,0,"Wheelhouse, Benton County",100065,Wheelhouse,2017-11-29 00:26:07.380551
2005-11-16,01:45,34.6,,32.5,92.0,,NE@7.5,9.5,37.5,0.0,0,"Wheelhouse, Benton County",100065,Wheelhouse,2017-11-29 00:26:07.380551
2005-11-16,02:00,34.5,,32.4,92.2,,NE@7.9,11.1,37.5,0.0,0,"Wheelhouse, Benton County",100065,Wheelhouse,2017-11-29 00:26:07.380551
2005-11-16,02:15,34.3,,32.5,93.1,,NE@6.4,13.1,37.4,0.0,0,"Wheelhouse, Benton County",100065,Wheelhouse,2017-11-29 00:26:07.380551
2005-11-16,02:30,34.0,,32.3,93.2,,NE@5.7,8.1,37.4,0.0,0,"Wheelhouse, Benton County",100065,Wheelhouse,2017-11-29 00:26:07.380551
2005-11-16,02:45,33.6,,32.0,93.9,,NE@4.7,7.9,37.3,0.0,0,"Wheelhouse, Benton County",100065,Wheelhouse,2017-11-29 00:26:07.380551
2005-11-16,03:00,33.5,,31.9,93.7,,NE@4.3,6.1,37.3,0.0,0,"Wheelhouse, Benton County",100065,Wheelhouse,2017-11-29 00:26:07.380551
2005-11-16,03:15,33.6,,31.7,92.7,,NE@4.3,7.0,37.3,0.0,0,"Wheelhouse, Benton County",100065,Wheelhouse,2017-11-29 00:26:07.380551
2005-11-16,03:30,33.6,,31.8,93.0,,NE@5.0,7.3,37.2,0.0,0,"Wheelhouse, Benton County",100065,Wheelhouse,2017-11-29 00:26:07.380551
2005-11-16,03:45,33.5,,31.7,93.1,,NE@5.0,6.8,37.2,0.0,0,"Wheelhouse, Benton County",100065,Wheelhouse,2017-11-29 00:26:07.380551
2005-11-16,04:00,33.2,,31.5,93.3,,NE@4.3,6.1,37.1,0.0,0,"Wheelhouse, Benton County",100065,Wheelhouse,2017-11-29 00:26:07.380551
2005-11-16,04:15,33.0,,31.4,93.7,,NE@4.3,6.1,37.1,0.0,0,"Wheelhouse, Benton County",100065,Wheelhouse,2017-11-29 00:26:07.380551
2005-11-16,04:30,32.9,,31.5,94.7,,NE@5.4,9.7,37.0,0.0,0,"Wheelhouse, Benton County",100065,Wheelhouse,2017-11-29 00:26:07.380551
2005-11-16,04:45,33.0,,31.5,94.0,,NE@4.8,6.4,36.9,0.0,0,"Wheelhouse, Benton County",100065,Wheelhouse,2017-11-29 00:26:07.380551
2005-11-16,05:00,32.9,,31.4,94.2,,N@5.0,6.8,36.9,0.0,0,"Wheelhouse, Benton County",100065,Wheelhouse,2017-11-29 00:26:07.380551
2005-11-16,05:15,32.9,,31.4,94.2,,NE@5.5,7.7,36.9,0.0,0,"Wheelhouse, Benton County",100065,Wheelhouse,2017-11-29 00:26:07.380551
2005-11-16,05:30,33.0,,31.3,93.2,,NE@5.5,7.5,36.8,0.0,0,"Wheelhouse, Benton County",100065,Wheelhouse,2017-11-29 00:26:07.380551
2005-11-16,05:45,32.6,,31.2,94.7,,N@4.3,7.2,36.8,0.0,0,"Wheelhouse, Benton County",100065,Wheelhouse,2017-11-29 00:26:07.380551
2005-11-16,06:00,32.5,,31.2,95.0,,NE@3.2,5.5,36.7,0.0,0,"Wheelhouse, Benton County",100065,Wheelhouse,2017-11-29 00:26:07.380551
2005-11-16,06:15,32.5,,31.1,94.6,,S@2.9,4.1,36.7,0.0,0,"Wheelhouse, Benton County",100065,Wheelhouse,2017-11-29 00:26:07.380551
2005-11-16,06:30,31.3,,30.3,96.1,,NE@2.7,3.6,36.7,0.0,0,"Wheelhouse, Benton County",100065,Wheelhouse,2017-11-29 00:26:07.380551
2005-11-16,06:45,31.1,,30.4,97.5,,NE@3.0,5.7,36.6,0.0,0,"Wheelhouse, Benton County",100065,Wheelhouse,2017-11-29 00:26:07.380551
2005-11-16,07:00,31.3,,30.8,98.3,,E@2.5,5.2,36.6,0.0,0,"Wheelhouse, Benton County",100065,Wheelhouse,2017-11-29 00:26:07.380551
2005-11-16,07:15,31.9,,31.4,98.2,,E@2.0,3.4,36.6,0.0,1,"Wheelhouse, Benton County",100065,Wheelhouse,2017-11-29 00:26:07.380551
2005-11-16,07:30,32.2,,31.5,97.3,,SE@1.4,2.5,36.5,0.0,7,"Wheelhouse, Benton County",100065,Wheelhouse,2017-11-29 00:26:07.380551
2005-11-16,07:45,32.5,,31.6,96.5,,SE@1.7,1.7,36.5,0.0,15,"Wheelhouse, Benton County",100065,Wheelhouse,2017-11-29 00:26:07.380551
2005-11-16,08:00,32.4,,31.5,96.4,,E@0.4,1.1,36.4,0.0,16,"Wheelhouse, Benton County",100065,Wheelhouse,2017-11-29 00:26:07.380551
2005-11-16,08:15,32.8,,32.0,96.9,,E@1.7,1.7,36.4,0.0,55,"Wheelhouse, Benton County",100065,Wheelhouse,2017-11-29 00:26:07.380551
2005-11-16,08:30,34.9,,33.3,93.9,,N@0.0,1.7,36.4,0.0,126,"Wheelhouse, Benton County",100065,Wheelhouse,2017-11-29 00:26:07.380551
2005-11-16,08:45,36.6,,33.3,87.7,,SE@1.7,1.8,36.3,0.0,164,"Wheelhouse, Benton County",100065,Wheelhouse,2017-11-29 00:26:07.380551
2005-11-16,09:00,36.8,,33.4,87.3,,SE@1.1,2.1,36.3,0.0,171,"Wheelhouse, Benton County",100065,Wheelhouse,2017-11-29 00:26:07.380551
2005-11-16,09:15,37.1,,33.9,88.2,,S@1.4,3.4,36.3,0.0,166,"Wheelhouse, Benton County",100065,Wheelhouse,2017-11-29 00:26:07.380551
2005-11-16,09:30,38.1,,34.3,86.0,,S@1.1,2.3,36.2,0.0,254,"Wheelhouse, Benton County",100065,Wheelhouse,2017-11-29 00:26:07.380551
2005-11-16,09:45,39.2,,34.6,83.3,,SW@1.9,2.0,36.2,0.0,288,"Wheelhouse, Benton County",100065,Wheelhouse,2017-11-29 00:26:07.380551
2005-11-16,10:00,38.9,,34.7,84.8,,W@1.3,4.3,36.2,0.0,262,"Wheelhouse, Benton County",100065,Wheelhouse,2017-11-29 00:26:07.380551
2005-11-16,10:15,40.2,,35.7,83.9,,W@2.1,3.8,36.2,0.0,372,"Wheelhouse, Benton County",100065,Wheelhouse,2017-11-29 00:26:07.380551
2005-11-16,10:30,40.7,,36.1,83.6,,W@2.1,4.3,36.1,0.0,269,"Wheelhouse, Benton County",100065,Wheelhouse,2017-11-29 00:26:07.380551
2005-11-16,10:45,41.3,,36.5,82.9,,SW@2.5,3.9,36.1,0.0,340,"Wheelhouse, Benton County",100065,Wheelhouse,2017-11-29 00:26:07.380551
2005-11-16,11:00,41.2,,36.8,84.2,,S@3.6,5.7,36.2,0.0,247,"Wheelhouse, Benton County",100065,Wheelhouse,2017-11-29 00:26:07.380551
2005-11-16,11:15,41.4,,37.4,85.3,,SW@4.3,6.4,36.2,0.0,341,"Wheelhouse, Benton County",100065,Wheelhouse,2017-11-29 00:26:07.380551
2005-11-16,11:30,42.0,,37.8,84.9,,W@2.9,5.2,36.2,0.0,347,"Wheelhouse, Benton County",100065,Wheelhouse,2017-11-29 00:26:07.380551
2005-11-16,11:45,42.4,,37.9,84.1,,SW@2.7,7.3,36.3,0.0,360,"Wheelhouse, Benton County",100065,Wheelhouse,2017-11-29 00:26:07.380551
2005-11-16,12:00,43.3,,38.2,81.9,,SW@2.1,4.3,36.4,0.0,358,"Wheelhouse, Benton County",100065,Wheelhouse,2017-11-29 00:26:07.380551
2005-11-16,12:15,44.7,,39.1,80.7,,SW@1.4,3.6,36.5,0.0,356,"Wheelhouse, Benton County",100065,Wheelhouse,2017-11-29 00:26:07.380551
2005-11-16,12:30,44.7,,37.9,76.9,,W@1.6,3.2,36.6,0.0,351,"Wheelhouse, Benton County",100065,Wheelhouse,2017-11-29 00:26:07.380551
2005-11-16,12:45,45.4,,37.7,74.1,,SW@1.7,2.5,36.7,0.0,343,"Wheelhouse, Benton County",100065,Wheelhouse,2017-11-29 00:26:07.380551
2005-11-16,13:00,46.4,,37.7,71.5,,NW@1.3,2.9,36.9,0.0,329,"Wheelhouse, Benton County",100065,Wheelhouse,2017-11-29 00:26:07.380551
2005-11-16,13:15,46.8,,38.0,71.3,,NW@1.8,4.3,37.1,0.0,314,"Wheelhouse, Benton County",100065,Wheelhouse,2017-11-29 00:26:07.380551
2005-11-16,13:30,47.2,,38.0,70.1,,N@2.3,4.1,37.3,0.0,306,"Wheelhouse, Benton County",100065,Wheelhouse,2017-11-29 00:26:07.380551
2005-11-16,13:45,47.9,,38.2,69.1,,N@2.9,5.9,37.5,0.0,294,"Wheelhouse, Benton County",100065,Wheelhouse,2017-11-29 00:26:07.380551
2005-11-16,14:00,48.5,,37.6,65.8,,NW@1.4,3.9,37.6,0.0,257,"Wheelhouse, Benton County",100065,Wheelhouse,2017-11-29 00:26:07.380551
2005-11-16,14:15,49.3,,38.3,65.5,,N@2.5,5.4,37.9,0.0,223,"Wheelhouse, Benton County",100065,Wheelhouse,2017-11-29 00:26:07.380551
2005-11-16,14:30,49.0,,38.0,65.5,,NE@5.0,9.5,38.0,0.0,207,"Wheelhouse, Benton County",100065,Wheelhouse,2017-11-29 00:26:07.380551
2005-11-16,14:45,46.8,,37.7,70.5,,NE@7.3,9.5,38.1,0.0,160,"Wheelhouse, Benton County",100065,Wheelhouse,2017-11-29 00:26:07.380551
2005-11-16,15:00,46.4,,37.6,71.4,,NE@7.5,10.2,38.3,0.0,140,"Wheelhouse, Benton County",100065,Wheelhouse,2017-11-29 00:26:07.380551
2005-11-16,15:15,46.2,,37.6,71.8,,NE@5.9,14.3,38.4,0.0,110,"Wheelhouse, Benton County",100065,Wheelhouse,2017-11-29 00:26:07.380551
2005-11-16,15:30,45.4,,37.5,73.8,,NE@5.7,8.6,38.6,0.0,79,"Wheelhouse, Benton County",100065,Wheelhouse,2017-11-29 00:26:07.380551
2005-11-16,15:45,44.3,,37.1,75.6,,NE@5.5,11.8,38.7,0.0,44,"Wheelhouse, Benton County",100065,Wheelhouse,2017-11-29 00:26:07.380551
2005-11-16,16:00,43.0,,36.9,78.9,,NE@5.7,7.7,38.8,0.0,15,"Wheelhouse, Benton County",100065,Wheelhouse,2017-11-29 00:26:07.380551
2005-11-16,16:15,41.6,,36.1,80.7,,NE@5.4,11.3,38.9,0.0,4,"Wheelhouse, Benton County",100065,Wheelhouse,2017-11-29 00:26:07.380551
2005-11-16,16:30,40.4,,35.7,83.4,,NE@6.1,8.9,39.0,0.0,0,"Wheelhouse, Benton County",100065,Wheelhouse,2017-11-29 00:26:07.380551
2005-11-16,16:45,39.4,,35.2,85.0,,NE@5.2,12.3,39.1,0.0,0,"Wheelhouse, Benton County",100065,Wheelhouse,2017-11-29 00:26:07.380551
2005-11-16,17:00,38.4,,34.9,87.2,,NE@5.0,10.4,39.1,0.0,0,"Wheelhouse, Benton County",100065,Wheelhouse,2017-11-29 00:26:07.380551
2005-11-16,17:15,37.7,,34.5,87.9,,NE@5.5,10.0,39.2,0.0,0,"Wheelhouse, Benton County",100065,Wheelhouse,2017-11-29 00:26:07.380551
2005-11-16,17:30,37.5,,34.2,87.9,,NE@5.7,8.2,39.2,0.0,0,"Wheelhouse, Benton County",100065,Wheelhouse,2017-11-29 00:26:07.380551
2005-11-16,17:45,37.6,,34.2,87.2,,NE@6.1,10.6,39.2,0.0,0,"Wheelhouse, Benton County",100065,Wheelhouse,2017-11-29 00:26:07.380551
2005-11-16,18:00,37.5,,34.0,87.0,,NE@6.1,11.5,39.2,0.0,0,"Wheelhouse, Benton County",100065,Wheelhouse,2017-11-29 00:26:07.380551
2005-11-16,18:15,37.1,,34.0,88.5,,N@5.0,8.6,39.2,0.0,0,"Wheelhouse, Benton County",100065,Wheelhouse,2017-11-29 00:26:07.380551
2005-11-16,18:30,35.9,,33.8,92.0,,N@4.5,5.9,39.2,0.0,0,"Wheelhouse, Benton County",100065,Wheelhouse,2017-11-29 00:26:07.380551
2005-11-16,18:45,36.1,,34.0,91.9,,N@4.8,7.0,39.2,0.0,0,"Wheelhouse, Benton County",100065,Wheelhouse,2017-11-29 00:26:07.380551
2005-11-16,19:00,35.5,,33.8,93.2,,N@4.7,5.9,39.1,0.0,0,"Wheelhouse, Benton County",100065,Wheelhouse,2017-11-29 00:26:07.380551
2005-11-16,19:15,36.2,,34.2,92.4,,NE@5.7,13.6,39.1,0.0,0,"Wheelhouse, Benton County",100065,Wheelhouse,2017-11-29 00:26:07.380551
2005-11-16,19:30,37.2,,34.4,89.6,,NE@6.1,8.4,39.1,0.0,0,"Wheelhouse, Benton County",100065,Wheelhouse,2017-11-29 00:26:07.380551
2005-11-16,19:45,36.8,,34.2,90.2,,N@5.9,11.3,39.0,0.0,0,"Wheelhouse, Benton County",100065,Wheelhouse,2017-11-29 00:26:07.380551
2005-11-16,20:00,36.3,,33.8,90.5,,NE@6.1,9.3,39.0,0.0,0,"Wheelhouse, Benton County",100065,Wheelhouse,2017-11-29 00:26:07.380551
2005-11-16,20:15,36.0,,33.4,89.9,,NE@6.6,10.0,38.9,0.0,0,"Wheelhouse, Benton County",100065,Wheelhouse,2017-11-29 00:26:07.380551
2005-11-16,20:30,35.8,,33.1,89.6,,NE@6.4,14.8,38.9,0.0,0,"Wheelhouse, Benton County",100065,Wheelhouse,2017-11-29 00:26:07.380551
2005-11-16,20:45,35.3,,33.0,91.4,,NE@5.4,11.3,38.8,0.0,0,"Wheelhouse, Benton County",100065,Wheelhouse,2017-11-29 00:26:07.380551
2005-11-16,21:00,35.4,,33.0,90.9,,NE@5.7,6.8,38.8,0.0,0,"Wheelhouse, Benton County",100065,Wheelhouse,2017-11-29 00:26:07.380551
2005-11-16,21:15,34.8,,33.0,93.4,,N@4.8,8.9,38.6,0.0,0,"Wheelhouse, Benton County",100065,Wheelhouse,2017-11-29 00:26:07.380551
2005-11-16,21:30,35.5,,33.4,92.0,,NE@5.4,9.1,38.6,0.0,0,"Wheelhouse, Benton County",100065,Wheelhouse,2017-11-29 00:26:07.380551
2005-11-16,21:45,35.0,,33.0,92.1,,N@4.7,9.1,38.5,0.0,0,"Wheelhouse, Benton County",100065,Wheelhouse,2017-11-29 00:26:07.380551
2005-11-16,22:00,33.7,,32.5,95.4,,N@4.3,8.2,38.5,0.0,0,"Wheelhouse, Benton County",100065,Wheelhouse,2017-11-29 00:26:07.380551
2005-11-16,22:15,32.9,,32.0,96.5,,NE@1.8,4.7,38.4,0.0,0,"Wheelhouse, Benton County",100065,Wheelhouse,2017-11-29 00:26:07.380551
2005-11-16,22:30,33.2,,32.5,97.0,,E@1.4,3.0,38.4,0.0,0,"Wheelhouse, Benton County",100065,Wheelhouse,2017-11-29 00:26:07.380551
2005-11-16,22:45,33.7,,32.4,95.1,,E@2.5,5.9,38.3,0.0,0,"Wheelhouse, Benton County",100065,Wheelhouse,2017-11-29 00:26:07.380551
2005-11-16,23:00,35.8,,33.3,90.3,,E@3.6,7.5,38.3,0.0,0,"Wheelhouse, Benton County",100065,Wheelhouse,2017-11-29 00:26:07.380551
2005-11-16,23:15,35.3,,32.8,90.6,,S@3.2,4.8,38.2,0.0,0,"Wheelhouse, Benton County",100065,Wheelhouse,2017-11-29 00:26:07.380551
2005-11-16,23:30,34.5,,32.7,93.3,,E@1.8,5.2,38.1,0.0,0,"Wheelhouse, Benton County",100065,Wheelhouse,2017-11-29 00:26:07.380551
2005-11-16,23:45,35.3,,32.9,91.2,,E@2.1,3.6,38.1,0.0,0,"Wheelhouse, Benton County",100065,Wheelhouse,2017-11-29 00:26:07.380551
2005-11-16,24:00,36.5,,33.7,89.4,,E@1.1,5.5,38.0,0.0,0,"Wheelhouse, Benton County",100065,Wheelhouse,2017-11-29 00:26:07.380551
2005-11-17,00:15,35.9,,33.4,90.3,,E@1.1,2.9,38.0,0.0,0,"Wheelhouse, Benton County",100065,Wheelhouse,2017-11-29 00:26:07.380551
2005-11-17,00:30,36.3,,33.7,90.3,,NE@1.1,4.1,37.9,0.0,0,"Wheelhouse, Benton County",100065,Wheelhouse,2017-11-29 00:26:07.380551
2005-11-17,00:45,34.1,,32.0,92.0,,NE@1.6,3.4,37.9,0.0,0,"Wheelhouse, Benton County",100065,Wheelhouse,2017-11-29 00:26:07.380551
2005-11-17,01:00,34.7,,32.8,92.7,,NE@1.6,3.2,37.7,0.0,0,"Wheelhouse, Benton County",100065,Wheelhouse,2017-11-29 00:26:07.380551
2005-11-17,01:15,34.6,,32.1,90.5,,NE@1.4,3.6,37.7,0.0,0,"Wheelhouse, Benton County",100065,Wheelhouse,2017-11-29 00:26:07.380551
2005-11-17,01:30,34.6,,32.9,93.5,,N@1.7,3.2,37.6,0.0,0,"Wheelhouse, Benton County",100065,Wheelhouse,2017-11-29 00:26:07.380551
2005-11-17,01:45,36.0,,33.2,89.5,,NE@1.4,2.9,37.6,0.0,0,"Wheelhouse, Benton County",100065,Wheelhouse,2017-11-29 00:26:07.380551
2005-11-17,02:00,36.6,,33.1,86.9,,NE@1.7,2.3,37.5,0.0,0,"Wheelhouse, Benton County",100065,Wheelhouse,2017-11-29 00:26:07.380551
2005-11-17,02:15,35.5,,32.5,88.6,,NE@1.1,2.5,37.5,0.0,0,"Wheelhouse, Benton County",100065,Wheelhouse,2017-11-29 00:26:07.380551
2005-11-17,02:30,35.6,,32.5,88.3,,NE@1.1,2.5,37.4,0.0,0,"Wheelhouse, Benton County",100065,Wheelhouse,2017-11-29 00:26:07.380551
2005-11-17,02:45,34.7,,31.8,89.1,,NE@2.5,6.6,37.3,0.0,0,"Wheelhouse, Benton County",100065,Wheelhouse,2017-11-29 00:26:07.380551
2005-11-17,03:00,32.5,,30.8,93.2,,NE@2.5,5.4,37.3,0.0,0,"Wheelhouse, Benton County",100065,Wheelhouse,2017-11-29 00:26:07.380551
2005-11-17,03:15,32.2,,31.0,95.4,,NE@2.0,2.5,37.2,0.0,0,"Wheelhouse, Benton County",100065,Wheelhouse,2017-11-29 00:26:07.380551
2005-11-17,03:30,32.8,,31.3,94.2,,NE@2.9,6.3,37.2,0.0,0,"Wheelhouse, Benton County",100065,Wheelhouse,2017-11-29 00:26:07.380551
2005-11-17,03:45,31.9,,30.7,95.2,,NE@3.6,4.5,37.1,0.0,0,"Wheelhouse, Benton County",100065,Wheelhouse,2017-11-29 00:26:07.380551
2005-11-17,04:00,31.0,,29.6,95.2,,NE@2.5,6.4,37.0,0.0,0,"Wheelhouse, Benton County",100065,Wheelhouse,2017-11-29 00:26:07.380551
2005-11-17,04:15,31.0,,29.8,95.9,,NE@2.3,3.0,36.9,0.0,0,"Wheelhouse, Benton County",100065,Wheelhouse,2017-11-29 00:26:07.380551
2005-11-17,04:30,29.6,,28.5,96.8,,NE@2.1,4.5,36.9,0.0,0,"Wheelhouse, Benton County",100065,Wheelhouse,2017-11-29 00:26:07.380551
2005-11-17,04:45,29.9,,29.0,97.6,,NE@2.3,3.9,36.8,0.0,0,"Wheelhouse, Benton County",100065,Wheelhouse,2017-11-29 00:26:07.380551
2005-11-17,05:00,29.8,,29.1,98.5,,NE@2.9,3.4,36.8,0.0,0,"Wheelhouse, Benton County",100065,Wheelhouse,2017-11-29 00:26:07.380551
2005-11-17,05:15,28.5,,27.6,98.3,,NE@2.7,5.2,36.7,0.0,0,"Wheelhouse, Benton County",100065,Wheelhouse,2017-11-29 00:26:07.380551
2005-11-17,05:30,28.0,,27.0,98.2,,NE@2.5,3.8,36.7,0.0,0,"Wheelhouse, Benton County",100065,Wheelhouse,2017-11-29 00:26:07.380551
2005-11-17,05:45,27.7,,26.7,98.2,,NE@2.5,3.0,36.6,0.0,0,"Wheelhouse, Benton County",100065,Wheelhouse,2017-11-29 00:26:07.380551
2005-11-17,06:00,27.3,,26.2,98.1,,NE@2.9,6.4,36.6,0.0,0,"Wheelhouse, Benton County",100065,Wheelhouse,2017-11-29 00:26:07.380551
2005-11-17,06:15,27.7,,26.7,98.2,,NE@2.9,3.9,36.5,0.0,0,"Wheelhouse, Benton County",100065,Wheelhouse,2017-11-29 00:26:07.380551
2005-11-17,06:30,27.1,,26.0,98.1,,N@2.1,4.3,36.5,0.0,0,"Wheelhouse, Benton County",100065,Wheelhouse,2017-11-29 00:26:07.380551
2005-11-17,06:45,26.8,,25.7,98.1,,NE@2.5,3.9,36.4,0.0,0,"Wheelhouse, Benton County",100065,Wheelhouse,2017-11-29 00:26:07.380551
2005-11-17,07:00,27.5,,26.5,98.2,,NE@2.9,3.9,36.4,0.0,0,"Wheelhouse, Benton County",100065,Wheelhouse,2017-11-29 00:26:07.380551
2005-11-17,07:15,28.1,,27.1,98.2,,NE@2.5,5.2,36.3,0.0,3,"Wheelhouse, Benton County",100065,Wheelhouse,2017-11-29 00:26:07.380551
2005-11-17,07:30,28.3,,27.4,98.3,,NE@2.7,3.6,36.3,0.0,16,"Wheelhouse, Benton County",100065,Wheelhouse,2017-11-29 00:26:07.380551
2005-11-17,07:45,30.0,,29.3,98.5,,NE@2.5,4.5,36.2,0.0,45,"Wheelhouse, Benton County",100065,Wheelhouse,2017-11-29 00:26:07.380551
2005-11-17,08:00,31.5,,31.1,98.7,,NE@1.6,2.7,36.2,0.0,78,"Wheelhouse, Benton County",100065,Wheelhouse,2017-11-29 00:26:07.380551
2005-11-17,08:15,33.0,,32.7,98.9,,SW@1.1,2.9,36.2,0.0,96,"Wheelhouse, Benton County",100065,Wheelhouse,2017-11-29 00:26:07.380551
2005-11-17,08:30,33.9,,33.5,98.6,,S@1.7,2.7,36.0,0.0,120,"Wheelhouse, Benton County",100065,Wheelhouse,2017-11-29 00:26:07.380551
2005-11-17,08:45,35.0,,34.1,96.7,,S@0.4,1.1,36.0,0.0,140,"Wheelhouse, Benton County",100065,Wheelhouse,2017-11-29 00:26:07.380551
2005-11-17,09:00,35.8,,34.5,94.9,,S@0.4,1.4,36.0,0.0,188,"Wheelhouse, Benton County",100065,Wheelhouse,2017-11-29 00:26:07.380551
2005-11-17,09:15,35.9,,34.6,94.9,,SW@1.4,2.3,35.9,0.0,221,"Wheelhouse, Benton County",100065,Wheelhouse,2017-11-29 00:26:07.380551
2005-11-17,09:30,36.3,,35.0,94.9,,S@1.4,3.6,35.9,0.0,228,"Wheelhouse, Benton County",100065,Wheelhouse,2017-11-29 00:26:07.380551
2005-11-17,09:45,36.7,,35.5,95.1,,S@1.3,3.4,35.8,0.0,247,"Wheelhouse, Benton County",100065,Wheelhouse,2017-11-29 00:26:07.380551
2005-11-17,10:00,37.9,,36.0,92.9,,S@1.4,2.5,35.8,0.0,291,"Wheelhouse, Benton County",100065,Wheelhouse,2017-11-29 00:26:07.380551
2005-11-17,10:15,38.4,,36.5,92.7,,SW@2.1,3.8,35.8,0.0,306,"Wheelhouse, Benton County",100065,Wheelhouse,2017-11-29 00:26:07.380551
2005-11-17,10:30,38.9,,36.9,92.7,,S@2.1,4.1,35.7,0.0,326,"Wheelhouse, Benton County",100065,Wheelhouse,2017-11-29 00:26:07.380551
2005-11-17,10:45,39.5,,37.1,90.9,,SW@2.1,4.8,35.7,0.0,345,"Wheelhouse, Benton County",100065,Wheelhouse,2017-11-29 00:26:07.380551
2005-11-17,11:00,40.2,,37.3,89.6,,S@1.8,3.6,35.6,0.0,355,"Wheelhouse, Benton County",100065,Wheelhouse,2017-11-29 00:26:07.380551
2005-11-17,11:15,40.9,,37.9,88.9,,SW@1.8,3.4,35.6,0.0,361,"Wheelhouse, Benton County",100065,Wheelhouse,2017-11-29 00:26:07.380551
2005-11-17,11:30,41.3,,38.5,89.8,,SW@2.1,3.6,35.6,0.0,347,"Wheelhouse, Benton County",100065,Wheelhouse,2017-11-29 00:26:07.380551
2005-11-17,11:45,40.4,,38.2,91.5,,SW@2.1,4.8,35.6,0.0,148,"Wheelhouse, Benton County",100065,Wheelhouse,2017-11-29 00:26:07.380551
2005-11-17,12:00,40.5,,38.2,91.6,,SW@2.1,3.8,35.6,0.0,261,"Wheelhouse, Benton County",100065,Wheelhouse,2017-11-29 00:26:07.380551
2005-11-17,12:15,41.5,,38.1,87.7,,SW@1.4,2.9,35.7,0.0,332,"Wheelhouse, Benton County",100065,Wheelhouse,2017-11-29 00:26:07.380551
2005-11-17,12:30,42.9,,38.6,84.9,,SW@1.8,3.2,35.7,0.0,350,"Wheelhouse, Benton County",100065,Wheelhouse,2017-11-29 00:26:07.380551
2005-11-17,12:45,43.6,,39.4,84.9,,W@2.1,3.9,35.8,0.0,318,"Wheelhouse, Benton County",100065,Wheelhouse,2017-11-29 00:26:07.380551
2005-11-17,13:00,44.6,,40.0,83.6,,W@1.1,2.9,35.9,0.0,334,"Wheelhouse, Benton County",100065,Wheelhouse,2017-11-29 00:26:07.380551
2005-11-17,13:15,45.4,,40.3,82.1,,W@2.3,7.7,36.0,0.0,302,"Wheelhouse, Benton County",100065,Wheelhouse,2017-11-29 00:26:07.380551
2005-11-17,13:30,46.8,,38.7,73.4,,N@3.6,6.1,36.2,0.0,297,"Wheelhouse, Benton County",100065,Wheelhouse,2017-11-29 00:26:07.380551
2005-11-17,13:45,47.2,,38.5,71.8,,NE@3.2,5.7,36.3,0.0,279,"Wheelhouse, Benton County",100065,Wheelhouse,2017-11-29 00:26:07.380551
2005-11-17,14:00,47.4,,38.5,71.0,,NE@3.9,7.5,36.5,0.0,255,"Wheelhouse, Benton County",100065,Wheelhouse,2017-11-29 00:26:07.380551
2005-11-17,14:15,47.0,,39.8,75.7,,E@3.6,6.1,36.6,0.0,229,"Wheelhouse, Benton County",100065,Wheelhouse,2017-11-29 00:26:07.380551
2005-11-17,14:30,45.7,,40.1,80.6,,S@2.5,6.1,36.8,0.0,200,"Wheelhouse, Benton County",100065,Wheelhouse,2017-11-29 00:26:07.380551
2005-11-17,14:45,44.8,,39.9,82.8,,S@3.2,5.4,36.9,0.0,170,"Wheelhouse, Benton County",100065,Wheelhouse,2017-11-29 00:26:07.380551
2005-11-17,15:00,44.3,,39.7,83.7,,S@3.2,6.4,37.1,0.0,140,"Wheelhouse, Benton County",100065,Wheelhouse,2017-11-29 00:26:07.380551
2005-11-17,15:15,43.7,,39.2,84.2,,S@2.9,4.8,37.2,0.0,108,"Wheelhouse, Benton County",100065,Wheelhouse,2017-11-29 00:26:07.380551
2005-11-17,15:30,43.2,,39.1,85.1,,S@2.5,3.9,37.4,0.0,76,"Wheelhouse, Benton County",100065,Wheelhouse,2017-11-29 00:26:07.380551
2005-11-17,15:45,42.7,,39.0,86.5,,SE@2.5,3.9,37.5,0.0,40,"Wheelhouse, Benton County",100065,Wheelhouse,2017-11-29 00:26:07.380551
2005-11-17,16:00,41.5,,38.3,88.2,,SE@2.0,3.4,37.6,0.0,14,"Wheelhouse, Benton County",100065,Wheelhouse,2017-11-29 00:26:07.380551
2005-11-17,16:15,40.0,,37.2,89.8,,SE@1.1,2.9,37.6,0.0,3,"Wheelhouse, Benton County",100065,Wheelhouse,2017-11-29 00:26:07.380551
2005-11-17,16:30,36.5,,34.8,93.5,,NE@1.4,2.5,37.7,0.0,0,"Wheelhouse, Benton County",100065,Wheelhouse,2017-11-29 00:26:07.380551
2005-11-17,16:45,33.4,,32.7,97.3,,N@2.3,4.3,37.9,0.0,0,"Wheelhouse, Benton County",100065,Wheelhouse,2017-11-29 00:26:07.380551
2005-11-17,17:00,30.7,,29.9,97.5,,N@2.3,2.7,37.9,0.0,0,"Wheelhouse, Benton County",100065,Wheelhouse,2017-11-29 00:26:07.380551
2005-11-17,17:15,30.9,,30.4,98.6,,N@2.7,6.8,37.9,0.0,0,"Wheelhouse, Benton County",100065,Wheelhouse,2017-11-29 00:26:07.380551
2005-11-17,17:30,31.5,,31.1,98.7,,N@2.9,4.7,38.0,0.0,0,"Wheelhouse, Benton County",100065,Wheelhouse,2017-11-29 00:26:07.380551
2005-11-17,17:45,31.6,,31.2,98.7,,N@2.9,4.1,38.0,0.0,0,"Wheelhouse, Benton County",100065,Wheelhouse,2017-11-29 00:26:07.380551
2005-11-17,18:00,32.3,,32.0,98.8,,NE@3.6,7.9,38.0,0.0,0,"Wheelhouse, Benton County",100065,Wheelhouse,2017-11-29 00:26:07.380551
2005-11-17,18:15,31.3,,30.9,98.7,,NE@3.4,4.3,38.0,0.0,0,"Wheelhouse, Benton County",100065,Wheelhouse,2017-11-29 00:26:07.380551
2005-11-17,18:30,32.4,,32.1,98.9,,NE@3.9,5.5,38.0,0.0,0,"Wheelhouse, Benton County",100065,Wheelhouse,2017-11-29 00:26:07.380551
2005-11-17,18:45,33.4,,33.1,99.0,,NE@4.7,9.7,37.9,0.0,0,"Wheelhouse, Benton County",100065,Wheelhouse,2017-11-29 00:26:07.380551
2005-11-17,19:00,33.5,,33.3,99.0,,NE@4.3,8.8,37.9,0.0,0,"Wheelhouse, Benton County",100065,Wheelhouse,2017-11-29 00:26:07.380551
2005-11-17,19:15,32.7,,32.4,98.8,,N@3.2,6.3,37.9,0.0,0,"Wheelhouse, Benton County",100065,Wheelhouse,2017-11-29 00:26:07.380551
2005-11-17,19:30,32.2,,31.9,98.8,,NE@3.6,6.8,37.7,0.0,0,"Wheelhouse, Benton County",100065,Wheelhouse,2017-11-29 00:26:07.380551
2005-11-17,19:45,32.6,,32.3,98.8,,NE@2.9,6.4,37.7,0.0,0,"Wheelhouse, Benton County",100065,Wheelhouse,2017-11-29 00:26:07.380551
2005-11-17,20:00,33.1,,32.5,97.6,,NE@2.7,5.0,37.6,0.0,0,"Wheelhouse, Benton County",100065,Wheelhouse,2017-11-29 00:26:07.380551
2005-11-17,20:15,31.0,,30.4,97.9,,NE@2.1,3.2,37.6,0.0,0,"Wheelhouse, Benton County",100065,Wheelhouse,2017-11-29 00:26:07.380551
2005-11-17,20:30,29.6,,28.9,98.5,,NE@2.5,4.1,37.5,0.0,0,"Wheelhouse, Benton County",100065,Wheelhouse,2017-11-29 00:26:07.380551
2005-11-17,20:45,29.9,,29.2,98.5,,NE@2.9,3.6,37.5,0.0,0,"Wheelhouse, Benton County",100065,Wheelhouse,2017-11-29 00:26:07.380551
2005-11-17,21:00,30.2,,29.6,98.5,,N@3.2,5.7,37.4,0.0,0,"Wheelhouse, Benton County",100065,Wheelhouse,2017-11-29 00:26:07.380551
2005-11-17,21:15,30.4,,29.8,98.6,,NE@3.2,4.1,37.4,0.0,0,"Wheelhouse, Benton County",100065,Wheelhouse,2017-11-29 00:26:07.380551
2005-11-17,21:30,29.9,,29.3,98.5,,NE@2.7,3.4,37.3,0.0,0,"Wheelhouse, Benton County",100065,Wheelhouse,2017-11-29 00:26:07.380551
2005-11-17,21:45,30.2,,29.6,98.5,,NE@2.5,3.0,37.2,0.0,0,"Wheelhouse, Benton County",100065,Wheelhouse,2017-11-29 00:26:07.380551
2005-11-17,22:00,29.6,,28.9,98.5,,N@2.5,3.2,37.2,0.0,0,"Wheelhouse, Benton County",100065,Wheelhouse,2017-11-29 00:26:07.380551
2005-11-17,22:15,29.8,,29.1,98.5,,NE@3.2,7.3,37.1,0.0,0,"Wheelhouse, Benton County",100065,Wheelhouse,2017-11-29 00:26:07.380551
2005-11-17,22:30,29.6,,28.9,98.5,,NE@2.9,4.5,37.0,0.0,0,"Wheelhouse, Benton County",100065,Wheelhouse,2017-11-29 00:26:07.380551
2005-11-17,22:45,30.3,,29.7,98.6,,NE@2.5,5.4,36.9,0.0,0,"Wheelhouse, Benton County",100065,Wheelhouse,2017-11-29 00:26:07.380551
2005-11-17,23:00,31.1,,30.6,98.6,,NE@2.1,3.0,36.9,0.0,0,"Wheelhouse, Benton County",100065,Wheelhouse,2017-11-29 00:26:07.380551
2005-11-17,23:15,29.6,,28.9,98.5,0.0,NE@2.9,4.1,36.8,0.0,0,"Wheelhouse, Benton County",100065,Wheelhouse,2017-11-29 00:26:07.380551
2005-11-17,23:30,29.5,,28.7,98.4,0.0,NE@3.2,4.3,36.8,0.0,0,"Wheelhouse, Benton County",100065,Wheelhouse,2017-11-29 00:26:07.380551
2005-11-17,23:45,30.5,,30.0,98.6,0.0,E@2.7,3.4,36.7,0.0,0,"Wheelhouse, Benton County",100065,Wheelhouse,2017-11-29 00:26:07.380551
2005-11-17,24:00,29.2,,28.5,98.4,0.0,NE@2.7,3.2,36.7,0.0,0,"Wheelhouse, Benton County",100065,Wheelhouse,2017-11-29 00:26:07.380551
2005-11-18,00:15,28.9,,28.0,98.4,0.0,NE@3.0,3.8,36.6,0.0,0,"Wheelhouse, Benton County",100065,Wheelhouse,2017-11-29 00:26:07.380551
2005-11-18,00:30,29.0,,28.2,98.4,0.01,NE@3.2,5.5,36.6,0.0,0,"Wheelhouse, Benton County",100065,Wheelhouse,2017-11-29 00:26:07.380551
2005-11-18,00:45,29.3,,28.6,98.4,0.0,NE@2.5,3.9,36.5,0.0,0,"Wheelhouse, Benton County",100065,Wheelhouse,2017-11-29 00:26:07.380551
2005-11-18,01:00,29.4,,28.7,98.4,,NE@2.5,3.0,36.5,0.0,0,"Wheelhouse, Benton County",100065,Wheelhouse,2017-11-29 00:26:07.380551
2005-11-18,01:15,28.2,,27.2,98.3,,NE@3.0,5.4,36.4,0.0,0,"Wheelhouse, Benton County",100065,Wheelhouse,2017-11-29 00:26:07.380551
2005-11-18,01:30,28.1,,27.1,98.2,,NE@2.9,3.8,36.4,0.0,0,"Wheelhouse, Benton County",100065,Wheelhouse,2017-11-29 00:26:07.380551
2005-11-18,01:45,28.2,,27.2,98.3,,NE@3.2,6.4,36.3,0.0,0,"Wheelhouse, Benton County",100065,Wheelhouse,2017-11-29 00:26:07.380551
2005-11-18,02:00,28.4,,27.5,98.3,,NE@3.0,4.3,36.3,0.0,0,"Wheelhouse, Benton County",100065,Wheelhouse,2017-11-29 00:26:07.380551
2005-11-18,02:15,28.4,,27.5,98.3,,NE@3.0,4.7,36.2,0.0,0,"Wheelhouse, Benton County",100065,Wheelhouse,2017-11-29 00:26:07.380551
2005-11-18,02:30,28.2,,27.2,98.3,,NE@2.9,5.0,36.2,0.0,0,"Wheelhouse, Benton County",100065,Wheelhouse,2017-11-29 00:26:07.380551
2005-11-18,02:45,28.1,,27.2,98.3,,NE@2.9,5.5,36.1,0.0,0,"Wheelhouse, Benton County",100065,Wheelhouse,2017-11-29 00:26:07.380551
2005-11-18,03:00,28.6,,27.8,98.3,,E@1.8,3.4,36.0,0.0,0,"Wheelhouse, Benton County",100065,Wheelhouse,2017-11-29 00:26:07.380551
2005-11-18,03:15,29.6,,28.9,98.5,,E@1.3,2.0,36.0,0.0,0,"Wheelhouse, Benton County",100065,Wheelhouse,2017-11-29 00:26:07.380551
2005-11-18,03:30,29.6,,28.9,98.5,,NE@1.4,2.7,35.9,0.0,0,"Wheelhouse, Benton County",100065,Wheelhouse,2017-11-29 00:26:07.380551
2005-11-18,03:45,29.3,,28.6,98.4,,NE@1.3,1.8,35.9,0.0,0,"Wheelhouse, Benton County",100065,Wheelhouse,2017-11-29 00:26:07.380551
2005-11-18,04:00,28.8,,28.0,98.3,,NE@1.1,2.3,35.8,0.0,0,"Wheelhouse, Benton County",100065,Wheelhouse,2017-11-29 00:26:07.380551
2005-11-18,04:15,28.3,,27.4,98.3,,E@0.4,1.9,35.8,0.0,0,"Wheelhouse, Benton County",100065,Wheelhouse,2017-11-29 00:26:07.380551
2005-11-18,04:30,28.2,,27.2,98.3,,N@0.0,1.5,35.8,0.0,0,"Wheelhouse, Benton County",100065,Wheelhouse,2017-11-29 00:26:07.380551
2005-11-18,04:45,27.5,,26.5,98.2,,NW@1.7,1.7,35.7,0.0,0,"Wheelhouse, Benton County",100065,Wheelhouse,2017-11-29 00:26:07.380551
2005-11-18,05:00,26.6,,25.4,98.0,,N@1.4,3.0,35.7,0.0,0,"Wheelhouse, Benton County",100065,Wheelhouse,2017-11-29 00:26:07.380551
2005-11-18,05:15,26.3,,25.1,98.0,,N@0.4,1.3,35.6,0.0,0,"Wheelhouse, Benton County",100065,Wheelhouse,2017-11-29 00:26:07.380551
2005-11-18,05:30,26.9,,25.8,98.1,,NW@1.9,2.0,35.6,0.0,0,"Wheelhouse, Benton County",100065,Wheelhouse,2017-11-29 00:26:07.380551
2005-11-18,05:45,26.9,,25.8,98.1,,NW@0.2,1.1,35.5,0.0,0,"Wheelhouse, Benton County",100065,Wheelhouse,2017-11-29 00:26:07.380551
2005-11-18,06:00,27.2,,26.1,98.1,,N@0.0,0.0,35.5,0.0,0,"Wheelhouse, Benton County",100065,Wheelhouse,2017-11-29 00:26:07.380551
2005-11-18,06:15,27.8,,26.8,98.2,,SW@0.4,1.4,35.4,0.0,0,"Wheelhouse, Benton County",100065,Wheelhouse,2017-11-29 00:26:07.380551
2005-11-18,06:30,28.0,,27.0,98.2,,NW@1.7,2.0,35.4,0.0,0,"Wheelhouse, Benton County",100065,Wheelhouse,2017-11-29 00:26:07.380551
2005-11-18,06:45,28.1,,27.1,98.2,,N@1.4,2.0,35.3,0.0,0,"Wheelhouse, Benton County",100065,Wheelhouse,2017-11-29 00:26:07.380551
2005-11-18,07:00,28.3,,27.4,98.3,,NW@0.4,1.8,35.3,0.0,0,"Wheelhouse, Benton County",100065,Wheelhouse,2017-11-29 00:26:07.380551
2005-11-18,07:15,28.5,,27.6,98.3,,N@0.0,0.0,35.3,0.0,0,"Wheelhouse, Benton County",100065,Wheelhouse,2017-11-29 00:26:07.380551
2005-11-18,07:30,28.8,,28.0,98.3,,N@0.4,1.1,35.1,0.0,2,"Wheelhouse, Benton County",100065,Wheelhouse,2017-11-29 00:26:07.380551
2005-11-18,07:45,29.1,,28.3,98.4,0.0,N@1.9,2.5,35.1,0.0,6,"Wheelhouse, Benton County",100065,Wheelhouse,2017-11-29 00:26:07.380551
2005-11-18,08:00,29.5,,28.8,98.5,0.0,NE@1.8,3.2,35.1,0.0,10,"Wheelhouse, Benton County",100065,Wheelhouse,2017-11-29 00:26:07.380551
2005-11-18,08:15,30.1,,29.5,98.5,0.01,NE@2.1,3.4,35.0,0.0,18,"Wheelhouse, Benton County",100065,Wheelhouse,2017-11-29 00:26:07.380551
2005-11-18,08:30,30.5,,30.0,98.6,0.05,NE@0.4,2.0,35.0,0.0,32,"Wheelhouse, Benton County",100065,Wheelhouse,2017-11-29 00:26:07.380551
2005-11-18,08:45,30.9,,30.5,98.6,0.38,SE@1.7,2.1,35.0,0.0,38,"Wheelhouse, Benton County",100065,Wheelhouse,2017-11-29 00:26:07.380551
2005-11-18,09:00,31.2,,30.8,98.7,0.72,SE@2.1,3.4,35.0,0.0,42,"Wheelhouse, Benton County",100065,Wheelhouse,2017-11-29 00:26:07.380551
2005-11-18,09:15,31.2,,30.8,98.7,0.75,SE@2.5,4.1,34.9,0.01,49,"Wheelhouse, Benton County",100065,Wheelhouse,2017-11-29 00:26:07.380551
2005-11-18,09:30,31.3,,30.9,98.7,0.75,SE@3.4,4.8,34.9,0.0,61,"Wheelhouse, Benton County",100065,Wheelhouse,2017-11-29 00:26:07.380551
2005-11-18,09:45,31.8,,31.4,98.8,0.76,SE@4.3,8.8,34.9,0.0,56,"Wheelhouse, Benton County",100065,Wheelhouse,2017-11-29 00:26:07.380551
2005-11-18,10:00,32.0,,31.7,98.8,0.78,SE@3.6,6.4,34.8,0.0,58,"Wheelhouse, Benton County",100065,Wheelhouse,2017-11-29 00:26:07.380551
2005-11-18,10:15,32.1,,31.8,98.8,0.79,SE@3.9,6.3,34.8,0.0,67,"Wheelhouse, Benton County",100065,Wheelhouse,2017-11-29 00:26:07.380551
2005-11-18,10:30,32.3,,32.0,98.8,0.8,SE@3.2,4.7,34.8,0.0,70,"Wheelhouse, Benton County",100065,Wheelhouse,2017-11-29 00:26:07.380551
2005-11-18,10:45,32.7,,32.4,98.9,0.81,SE@3.4,6.3,34.8,0.0,87,"Wheelhouse, Benton County",100065,Wheelhouse,2017-11-29 00:26:07.380551
2005-11-18,11:00,32.7,,32.5,98.9,0.8,SE@4.1,7.5,34.8,0.0,78,"Wheelhouse, Benton County",100065,Wheelhouse,2017-11-29 00:26:07.380551
2005-11-18,11:15,32.8,,32.6,98.9,0.81,SE@3.2,6.4,34.7,0.0,85,"Wheelhouse, Benton County",100065,Wheelhouse,2017-11-29 00:26:07.380551
2005-11-18,11:30,32.8,,32.5,98.9,0.81,SE@2.0,4.3,34.7,0.0,80,"Wheelhouse, Benton County",100065,Wheelhouse,2017-11-29 00:26:07.380551
2005-11-18,11:45,33.2,,32.9,99.0,0.81,SE@2.5,5.2,34.7,0.0,76,"Wheelhouse, Benton County",100065,Wheelhouse,2017-11-29 00:26:07.380551
2005-11-18,12:00,33.2,,33.0,99.0,0.82,SE@1.8,6.4,34.6,0.0,74,"Wheelhouse, Benton County",100065,Wheelhouse,2017-11-29 00:26:07.380551
2005-11-18,12:15,33.5,,33.3,99.0,0.82,SE@1.3,3.8,34.6,0.0,75,"Wheelhouse, Benton County",100065,Wheelhouse,2017-11-29 00:26:07.380551
2005-11-18,12:30,33.9,,33.7,99.1,0.82,S@1.6,2.9,34.6,0.0,66,"Wheelhouse, Benton County",100065,Wheelhouse,2017-11-29 00:26:07.380551
2005-11-18,12:45,33.9,,33.7,99.1,0.82,S@0.4,1.8,34.6,0.0,36,"Wheelhouse, Benton County",100065,Wheelhouse,2017-11-29 00:26:07.380551
2005-11-18,13:00,34.1,,33.9,99.1,0.83,E@0.2,2.0,34.6,0.0,43,"Wheelhouse, Benton County",100065,Wheelhouse,2017-11-29 00:26:07.380551
2005-11-18,13:15,34.5,,34.3,99.2,0.83,NE@1.7,2.5,34.7,0.0,37,"Wheelhouse, Benton County",100065,Wheelhouse,2017-11-29 00:26:07.380551
2005-11-18,13:30,35.0,,34.8,99.2,0.82,NE@3.9,9.5,34.7,0.0,37,"Wheelhouse, Benton County",100065,Wheelhouse,2017-11-29 00:26:07.380551
2005-11-18,13:45,34.8,,34.5,99.2,0.78,NE@6.8,11.3,34.7,0.0,68,"Wheelhouse, Benton County",100065,Wheelhouse,2017-11-29 00:26:07.380551
2005-11-18,14:00,34.9,,34.7,99.2,0.75,NE@8.4,16.3,34.8,0.0,99,"Wheelhouse, Benton County",100065,Wheelhouse,2017-11-29 00:26:07.380551
2005-11-18,14:15,34.6,,34.4,99.2,0.69,NE@9.7,20.8,34.8,0.0,105,"Wheelhouse, Benton County",100065,Wheelhouse,2017-11-29 00:26:07.380551
2005-11-18,14:30,34.5,,34.3,99.2,0.63,NE@10.7,21.6,34.9,0.0,80,"Wheelhouse, Benton County",100065,Wheelhouse,2017-11-29 00:26:07.380551
2005-11-18,14:45,34.3,,34.0,99.1,0.55,NE@10.0,14.0,34.9,0.0,56,"Wheelhouse, Benton County",100065,Wheelhouse,2017-11-29 00:26:07.380551
2005-11-18,15:00,34.0,,33.8,99.1,0.45,NE@10.6,19.1,35.0,0.0,47,"Wheelhouse, Benton County",100065,Wheelhouse,2017-11-29 00:26:07.380551
2005-11-18,15:15,33.9,,33.7,99.1,0.33,NE@10.0,16.8,35.0,0.0,39,"Wheelhouse, Benton County",100065,Wheelhouse,2017-11-29 00:26:07.380551
2005-11-18,15:30,33.9,,33.6,99.1,0.16,NE@9.7,20.8,35.1,0.0,26,"Wheelhouse, Benton County",100065,Wheelhouse,2017-11-29 00:26:07.380551
2005-11-18,15:45,33.8,,33.6,99.1,0.04,NE@10.4,21.1,35.1,0.0,13,"Wheelhouse, Benton County",100065,Wheelhouse,2017-11-29 00:26:07.380551
2005-11-18,16:00,33.8,,33.6,99.1,0.01,NE@9.7,16.1,35.1,0.0,5,"Wheelhouse, Benton County",100065,Wheelhouse,2017-11-29 00:26:07.380551
2005-11-18,16:15,33.7,,33.4,99.0,0.0,NE@8.6,12.3,35.3,0.0,1,"Wheelhouse, Benton County",100065,Wheelhouse,2017-11-29 00:26:07.380551
2005-11-18,16:30,33.6,,33.3,99.0,0.0,NE@8.6,21.5,35.3,0.0,0,"Wheelhouse, Benton County",100065,Wheelhouse,2017-11-29 00:26:07.380551
2005-11-18,16:45,33.5,,33.2,99.0,,NE@7.9,12.3,35.4,0.0,0,"Wheelhouse, Benton County",100065,Wheelhouse,2017-11-29 00:26:07.380551
2005-11-18,17:00,33.4,,33.1,99.0,,NE@8.2,17.2,35.4,0.0,0,"Wheelhouse, Benton County",100065,Wheelhouse,2017-11-29 00:26:07.380551
2005-11-18,17:15,33.4,,33.2,99.0,,NE@7.5,10.4,35.4,0.0,0,"Wheelhouse, Benton County",100065,Wheelhouse,2017-11-29 00:26:07.380551
2005-11-18,17:30,33.6,,33.3,99.0,,NE@6.6,9.3,35.5,0.0,0,"Wheelhouse, Benton County",100065,Wheelhouse,2017-11-29 00:26:07.380551
2005-11-18,17:45,33.7,,33.5,99.0,,NE@6.8,14.5,35.5,0.0,0,"Wheelhouse, Benton County",100065,Wheelhouse,2017-11-29 00:26:07.380551
2005-11-18,18:00,34.0,,33.8,99.1,,NE@6.8,9.1,35.5,0.0,0,"Wheelhouse, Benton County",100065,Wheelhouse,2017-11-29 00:26:07.380551
2005-11-18,18:15,34.1,,33.9,99.1,,NE@6.3,14.0,35.5,0.0,0,"Wheelhouse, Benton County",100065,Wheelhouse,2017-11-29 00:26:07.380551
2005-11-18,18:30,34.3,,34.0,99.1,,NE@6.3,8.4,35.5,0.0,0,"Wheelhouse, Benton County",100065,Wheelhouse,2017-11-29 00:26:07.380551
2005-11-18,18:45,34.3,,34.0,99.1,,NE@5.7,12.0,35.5,0.0,0,"Wheelhouse, Benton County",100065,Wheelhouse,2017-11-29 00:26:07.380551
2005-11-18,19:00,33.9,,33.7,99.1,,NE@5.7,7.7,35.4,0.0,0,"Wheelhouse, Benton County",100065,Wheelhouse,2017-11-29 00:26:07.380551
2005-11-18,19:15,33.9,,33.7,99.1,,NE@5.7,8.8,35.4,0.0,0,"Wheelhouse, Benton County",100065,Wheelhouse,2017-11-29 00:26:07.380551
2005-11-18,19:30,34.1,,33.9,99.1,,NE@5.7,14.1,35.4,0.0,0,"Wheelhouse, Benton County",100065,Wheelhouse,2017-11-29 00:26:07.380551
2005-11-18,19:45,34.1,,33.9,99.1,,NE@5.5,9.1,35.4,0.0,0,"Wheelhouse, Benton County",100065,Wheelhouse,2017-11-29 00:26:07.380551
2005-11-18,20:00,33.9,,33.7,99.1,,NE@5.0,7.5,35.4,0.0,0,"Wheelhouse, Benton County",100065,Wheelhouse,2017-11-29 00:26:07.380551
2005-11-18,20:15,33.9,,33.7,99.1,,NE@5.7,9.7,35.3,0.0,0,"Wheelhouse, Benton County",100065,Wheelhouse,2017-11-29 00:26:07.380551
2005-11-18,20:30,34.0,,33.8,99.1,,NE@5.4,11.1,35.3,0.0,0,"Wheelhouse, Benton County",100065,Wheelhouse,2017-11-29 00:26:07.380551
2005-11-18,20:45,33.7,,33.4,99.0,,NE@5.5,9.5,35.3,0.0,0,"Wheelhouse, Benton County",100065,Wheelhouse,2017-11-29 00:26:07.380551
2005-11-18,21:00,34.0,,33.8,99.1,,NE@5.7,8.6,35.3,0.0,0,"Wheelhouse, Benton County",100065,Wheelhouse,2017-11-29 00:26:07.380551
2005-11-18,21:15,34.1,,33.9,99.1,,NE@5.4,12.5,35.2,0.0,0,"Wheelhouse, Benton County",100065,Wheelhouse,2017-11-29 00:26:07.380551
2005-11-18,21:30,34.0,,33.8,99.1,,NE@4.7,6.4,35.2,0.0,0,"Wheelhouse, Benton County",100065,Wheelhouse,2017-11-29 00:26:07.380551
2005-11-18,21:45,33.6,,33.4,99.0,,E@2.0,7.3,35.1,0.0,0,"Wheelhouse, Benton County",100065,Wheelhouse,2017-11-29 00:26:07.380551
2005-11-18,22:00,32.5,,32.2,98.9,,S@1.1,4.3,35.1,0.0,0,"Wheelhouse, Benton County",100065,Wheelhouse,2017-11-29 00:26:07.380551
2005-11-18,22:15,33.6,,33.3,99.0,0.0,S@1.1,5.7,35.1,0.0,0,"Wheelhouse, Benton County",100065,Wheelhouse,2017-11-29 00:26:07.380551
2005-11-18,22:30,33.3,,33.0,99.0,0.0,N@0.0,0.0,35.1,0.0,0,"Wheelhouse, Benton County",100065,Wheelhouse,2017-11-29 00:26:07.380551
2005-11-18,22:45,33.5,,33.3,99.0,,N@0.0,0.0,35.0,0.0,0,"Wheelhouse, Benton County",100065,Wheelhouse,2017-11-29 00:26:07.380551
2005-11-18,23:00,33.6,,33.3,99.0,,W@0.4,5.9,35.0,0.0,0,"Wheelhouse, Benton County",100065,Wheelhouse,2017-11-29 00:26:07.380551
2005-11-18,23:15,33.4,,33.1,99.0,,NW@1.4,2.3,35.0,0.0,0,"Wheelhouse, Benton County",100065,Wheelhouse,2017-11-29 00:26:07.380551
2005-11-18,23:30,33.5,,33.3,99.0,0.0,NW@1.3,2.3,35.0,0.0,0,"Wheelhouse, Benton County",100065,Wheelhouse,2017-11-29 00:26:07.380551
2005-11-18,23:45,33.6,,33.3,99.0,0.0,NW@1.8,2.3,34.9,0.0,0,"Wheelhouse, Benton County",100065,Wheelhouse,2017-11-29 00:26:07.380551
2005-11-18,24:00,33.6,,33.4,99.0,0.0,NW@1.8,3.0,34.9,0.0,0,"Wheelhouse, Benton County",100065,Wheelhouse,2017-11-29 00:26:07.380551
2005-11-19,00:15,33.6,,33.3,99.0,,NW@1.8,4.5,34.9,0.0,0,"Wheelhouse, Benton County",100065,Wheelhouse,2017-11-29 00:26:07.380551
2005-11-19,00:30,33.4,,33.2,99.0,,NW@2.0,4.3,34.9,0.0,0,"Wheelhouse, Benton County",100065,Wheelhouse,2017-11-29 00:26:07.380551
2005-11-19,00:45,33.4,,33.1,99.0,,NW@1.8,2.5,34.9,0.0,0,"Wheelhouse, Benton County",100065,Wheelhouse,2017-11-29 00:26:07.380551
2005-11-19,01:00,33.5,,33.2,99.0,,N@2.0,5.0,34.9,0.0,0,"Wheelhouse, Benton County",100065,Wheelhouse,2017-11-29 00:26:07.380551
2005-11-19,01:15,33.6,,33.4,99.0,,N@1.8,3.0,34.8,0.0,0,"Wheelhouse, Benton County",100065,Wheelhouse,2017-11-29 00:26:07.380551
2005-11-19,01:30,33.8,,33.6,99.1,,N@1.8,3.8,34.8,0.0,0,"Wheelhouse, Benton County",100065,Wheelhouse,2017-11-29 00:26:07.380551
2005-11-19,01:45,33.9,,33.7,99.1,,N@1.8,2.9,34.8,0.0,0,"Wheelhouse, Benton County",100065,Wheelhouse,2017-11-29 00:26:07.380551
2005-11-19,02:00,33.9,,33.7,99.1,,N@2.3,4.3,34.8,0.0,0,"Wheelhouse, Benton County",100065,Wheelhouse,2017-11-29 00:26:07.380551
2005-11-19,02:15,34.1,,33.9,99.1,,N@2.5,5.0,34.8,0.0,0,"Wheelhouse, Benton County",100065,Wheelhouse,2017-11-29 00:26:07.380551
2005-11-19,02:30,34.3,,34.0,99.1,,N@2.9,3.9,34.8,0.0,0,"Wheelhouse, Benton County",100065,Wheelhouse,2017-11-29 00:26:07.380551
2005-11-19,02:45,34.5,,34.3,99.1,,N@2.0,3.6,34.8,0.0,0,"Wheelhouse, Benton County",100065,Wheelhouse,2017-11-29 00:26:07.380551
2005-11-19,03:00,34.6,,34.4,99.2,,N@1.4,2.3,34.8,0.0,0,"Wheelhouse, Benton County",100065,Wheelhouse,2017-11-29 00:26:07.380551
2005-11-19,03:15,34.8,,34.6,99.2,,N@1.6,2.3,34.8,0.0,0,"Wheelhouse, Benton County",100065,Wheelhouse,2017-11-29 00:26:07.380551
2005-11-19,03:30,34.8,,34.6,99.2,,N@2.1,4.5,34.8,0.0,0,"Wheelhouse, Benton County",100065,Wheelhouse,2017-11-29 00:26:07.380551
2005-11-19,03:45,34.9,,34.7,99.2,,N@2.1,4.1,34.9,0.0,0,"Wheelhouse, Benton County",100065,Wheelhouse,2017-11-29 00:26:07.380551
2005-11-19,04:00,34.9,,34.7,99.2,,N@2.0,3.4,34.9,0.0,0,"Wheelhouse, Benton County",100065,Wheelhouse,2017-11-29 00:26:07.380551
2005-11-19,04:15,35.1,,34.9,99.2,,N@1.4,3.2,34.9,0.0,0,"Wheelhouse, Benton County",100065,Wheelhouse,2017-11-29 00:26:07.380551
2005-11-19,04:30,35.1,,34.9,99.2,,N@1.1,1.6,34.9,0.0,0,"Wheelhouse, Benton County",100065,Wheelhouse,2017-11-29 00:26:07.380551
2005-11-19,04:45,35.1,,35.0,99.3,,N@1.4,2.3,34.9,0.0,0,"Wheelhouse, Benton County",100065,Wheelhouse,2017-11-29 00:26:07.380551
2005-11-19,05:00,35.3,,35.1,99.3,,N@0.4,2.3,34.9,0.0,0,"Wheelhouse, Benton County",100065,Wheelhouse,2017-11-29 00:26:07.380551
2005-11-19,05:15,35.1,,34.9,99.2,,NW@1.7,2.3,34.9,0.0,0,"Wheelhouse, Benton County",100065,Wheelhouse,2017-11-29 00:26:07.380551
2005-11-19,05:30,35.0,,34.8,99.2,,N@1.4,3.0,34.9,0.0,0,"Wheelhouse, Benton County",100065,Wheelhouse,2017-11-29 00:26:07.380551
2005-11-19,05:45,35.1,,34.9,99.2,,N@0.4,3.0,34.9,0.0,0,"Wheelhouse, Benton County",100065,Wheelhouse,2017-11-29 00:26:07.380551
2005-11-19,06:00,35.1,,34.9,99.2,,N@0.0,0.0,34.9,0.0,0,"Wheelhouse, Benton County",100065,Wheelhouse,2017-11-29 00:26:07.380551
2005-11-19,06:15,35.0,,34.8,99.2,,N@0.0,0.0,34.9,0.0,0,"Wheelhouse, Benton County",100065,Wheelhouse,2017-11-29 00:26:07.380551
2005-11-19,06:30,35.1,,34.9,99.2,,W@1.7,1.8,34.9,0.0,0,"Wheelhouse, Benton County",100065,Wheelhouse,2017-11-29 00:26:07.380551
2005-11-19,06:45,35.1,,35.0,99.3,,NW@1.1,2.0,34.9,0.0,0,"Wheelhouse, Benton County",100065,Wheelhouse,2017-11-29 00:26:07.380551
2005-11-19,07:00,35.1,,35.0,99.3,,W@1.5,2.0,34.9,0.0,0,"Wheelhouse, Benton County",100065,Wheelhouse,2017-11-29 00:26:07.380551
2005-11-19,07:15,35.2,,35.0,99.3,,N@0.0,0.0,35.0,0.0,0,"Wheelhouse, Benton County",100065,Wheelhouse,2017-11-29 00:26:07.380551
2005-11-19,07:30,35.2,,35.0,99.3,,W@1.5,1.8,35.0,0.0,0,"Wheelhouse, Benton County",100065,Wheelhouse,2017-11-29 00:26:07.380551
2005-11-19,07:45,35.3,,35.1,99.3,,N@0.0,0.0,35.0,0.0,1,"Wheelhouse, Benton County",100065,Wheelhouse,2017-11-29 00:26:07.380551
2005-11-19,08:00,35.3,,35.1,99.3,,N@0.0,0.0,35.0,0.0,3,"Wheelhouse, Benton County",100065,Wheelhouse,2017-11-29 00:26:07.380551
2005-11-19,08:15,35.4,,35.2,99.3,,N@0.0,0.2,35.0,0.0,4,"Wheelhouse, Benton County",100065,Wheelhouse,2017-11-29 00:26:07.380551
2005-11-19,08:30,35.5,,35.3,99.3,,N@0.0,0.0,35.0,0.0,6,"Wheelhouse, Benton County",100065,Wheelhouse,2017-11-29 00:26:07.380551
2005-11-19,08:45,35.6,,35.4,99.3,0.0,N@0.0,0.0,35.0,0.0,8,"Wheelhouse, Benton County",100065,Wheelhouse,2017-11-29 00:26:07.380551
2005-11-19,09:00,35.7,,35.5,99.3,0.0,N@0.0,0.0,35.0,0.0,10,"Wheelhouse, Benton County",100065,Wheelhouse,2017-11-29 00:26:07.380551
2005-11-19,09:15,35.9,,35.8,99.4,0.0,N@0.0,0.0,35.0,0.0,13,"Wheelhouse, Benton County",100065,Wheelhouse,2017-11-29 00:26:07.380551
2005-11-19,09:30,36.3,,36.1,99.4,,N@0.0,0.0,35.0,0.0,12,"Wheelhouse, Benton County",100065,Wheelhouse,2017-11-29 00:26:07.380551
2005-11-19,09:45,36.5,,36.4,99.4,,N@0.0,0.0,35.1,0.0,15,"Wheelhouse, Benton County",100065,Wheelhouse,2017-11-29 00:26:07.380551
2005-11-19,10:00,36.6,,36.5,99.5,,N@0.0,0.0,35.1,0.0,15,"Wheelhouse, Benton County",100065,Wheelhouse,2017-11-29 00:26:07.380551
2005-11-19,10:15,36.7,,36.6,99.5,,N@0.0,0.0,35.1,0.0,19,"Wheelhouse, Benton County",100065,Wheelhouse,2017-11-29 00:26:07.380551
2005-11-19,10:30,37.0,,36.9,99.5,,SE@1.7,2.1,35.1,0.0,16,"Wheelhouse, Benton County",100065,Wheelhouse,2017-11-29 00:26:07.380551
2005-11-19,10:45,37.0,,36.9,99.5,,S@0.4,2.1,35.1,0.0,17,"Wheelhouse, Benton County",100065,Wheelhouse,2017-11-29 00:26:07.380551
2005-11-19,11:00,37.1,,36.9,99.5,,E@1.4,3.4,35.2,0.0,16,"Wheelhouse, Benton County",100065,Wheelhouse,2017-11-29 00:26:07.380551
2005-11-19,11:15,37.2,,37.1,99.5,,N@2.7,4.1,35.2,0.0,18,"Wheelhouse, Benton County",100065,Wheelhouse,2017-11-29 00:26:07.380551
2005-11-19,11:30,37.3,,37.2,99.4,,NE@2.9,4.3,35.3,0.0,22,"Wheelhouse, Benton County",100065,Wheelhouse,2017-11-29 00:26:07.380551
2005-11-19,11:45,37.5,,37.3,99.1,,NE@2.5,4.3,35.3,0.0,20,"Wheelhouse, Benton County",100065,Wheelhouse,2017-11-29 00:26:07.380551
2005-11-19,12:00,37.5,,37.2,98.7,,NE@3.2,5.9,35.4,0.0,26,"Wheelhouse, Benton County",100065,Wheelhouse,2017-11-29 00:26:07.380551
2005-11-19,12:15,37.6,,37.0,97.6,,NE@2.1,4.7,35.4,0.0,26,"Wheelhouse, Benton County",100065,Wheelhouse,2017-11-29 00:26:07.380551
2005-11-19,12:30,37.6,,37.4,99.3,,NE@2.7,4.3,35.4,0.0,25,"Wheelhouse, Benton County",100065,Wheelhouse,2017-11-29 00:26:07.380551
2005-11-19,12:45,37.6,,37.4,99.0,,N@1.4,2.5,35.5,0.0,21,"Wheelhouse, Benton County",100065,Wheelhouse,2017-11-29 00:26:07.380551
2005-11-19,13:00,37.4,,37.3,99.5,,N@2.9,5.9,35.5,0.0,20,"Wheelhouse, Benton County",100065,Wheelhouse,2017-11-29 00:26:07.380551
2005-11-19,13:15,37.3,,37.2,99.6,,NW@2.7,4.1,35.6,0.0,16,"Wheelhouse, Benton County",100065,Wheelhouse,2017-11-29 00:26:07.380551
2005-11-19,13:30,37.4,,37.2,99.4,,N@2.0,3.4,35.6,0.0,17,"Wheelhouse, Benton County",100065,Wheelhouse,2017-11-29 00:26:07.380551
2005-11-19,13:45,37.5,,37.3,99.1,,N@2.5,4.5,35.6,0.0,12,"Wheelhouse, Benton County",100065,Wheelhouse,2017-11-29 00:26:07.380551
2005-11-19,14:00,37.5,,37.3,99.3,,N@2.3,3.9,35.7,0.0,10,"Wheelhouse, Benton County",100065,Wheelhouse,2017-11-29 00:26:07.380551
2005-11-19,14:15,37.4,,37.3,99.4,,N@3.2,6.8,35.7,0.0,10,"Wheelhouse, Benton County",100065,Wheelhouse,2017-11-29 00:26:07.380551
2005-11-19,14:30,37.4,,37.2,99.4,,N@3.0,5.9,35.8,0.0,9,"Wheelhouse, Benton County",100065,Wheelhouse,2017-11-29 00:26:07.380551
2005-11-19,14:45,37.4,,37.2,99.3,,N@2.5,4.7,35.8,0.0,6,"Wheelhouse, Benton County",100065,Wheelhouse,2017-11-29 00:26:07.380551
2005-11-19,15:00,37.4,,37.2,99.3,,NE@2.9,5.5,35.8,0.0,5,"Wheelhouse, Benton County",100065,Wheelhouse,2017-11-29 00:26:07.380551
2005-11-19,15:15,37.4,,37.2,99.3,,NE@3.4,6.1,35.9,0.0,3,"Wheelhouse, Benton County",100065,Wheelhouse,2017-11-29 00:26:07.380551
2005-11-19,15:30,37.1,,36.9,99.5,,N@3.0,5.2,35.9,0.0,1,"Wheelhouse, Benton County",100065,Wheelhouse,2017-11-29 00:26:07.380551
2005-11-19,15:45,36.9,,36.8,99.5,,NE@3.2,5.9,35.9,0.0,0,"Wheelhouse, Benton County",100065,Wheelhouse,2017-11-29 00:26:07.380551
2005-11-19,16:00,36.7,,36.6,99.5,0.0,NE@3.2,4.7,36.0,0.0,0,"Wheelhouse, Benton County",100065,Wheelhouse,2017-11-29 00:26:07.380551
2005-11-19,16:15,36.6,,36.5,99.5,0.04,N@3.2,5.2,36.0,0.0,0,"Wheelhouse, Benton County",100065,Wheelhouse,2017-11-29 00:26:07.380551
2005-11-19,16:30,36.5,,36.4,99.4,0.13,NE@2.1,5.0,36.0,0.0,0,"Wheelhouse, Benton County",100065,Wheelhouse,2017-11-29 00:26:07.380551
2005-11-19,16:45,36.5,,36.4,99.4,0.16,NE@2.0,3.2,36.0,0.0,0,"Wheelhouse, Benton County",100065,Wheelhouse,2017-11-29 00:26:07.380551
2005-11-19,17:00,36.4,,36.3,99.4,0.18,NE@2.1,3.4,36.1,0.0,0,"Wheelhouse, Benton County",100065,Wheelhouse,2017-11-29 00:26:07.380551
2005-11-19,17:15,36.4,,36.2,99.4,0.19,NE@2.1,3.6,36.1,0.0,0,"Wheelhouse, Benton County",100065,Wheelhouse,2017-11-29 00:26:07.380551
2005-11-19,17:30,36.5,,36.4,99.4,0.15,NE@2.9,7.2,36.2,0.0,0,"Wheelhouse, Benton County",100065,Wheelhouse,2017-11-29 00:26:07.380551
2005-11-19,17:45,36.6,,36.5,99.4,0.12,NE@1.6,2.3,36.2,0.0,0,"Wheelhouse, Benton County",100065,Wheelhouse,2017-11-29 00:26:07.380551
2005-11-19,18:00,36.4,,36.3,99.4,0.11,NE@1.7,1.7,36.2,0.0,0,"Wheelhouse, Benton County",100065,Wheelhouse,2017-11-29 00:26:07.380551
2005-11-19,18:15,36.4,,36.2,99.4,0.1,N@1.9,1.9,36.2,0.0,0,"Wheelhouse, Benton County",100065,Wheelhouse,2017-11-29 00:26:07.380551
2005-11-19,18:30,36.3,,36.1,99.4,0.08,N@1.1,2.7,36.2,0.0,0,"Wheelhouse, Benton County",100065,Wheelhouse,2017-11-29 00:26:07.380551
2005-11-19,18:45,36.2,,36.0,99.4,0.06,NE@2.5,3.6,36.2,0.0,0,"Wheelhouse, Benton County",100065,Wheelhouse,2017-11-29 00:26:07.380551
2005-11-19,19:00,36.2,,36.0,99.4,0.05,NE@1.6,4.5,36.2,0.0,0,"Wheelhouse, Benton County",100065,Wheelhouse,2017-11-29 00:26:07.380551
2005-11-19,19:15,36.2,,36.0,99.4,0.03,NE@1.1,1.8,36.2,0.0,0,"Wheelhouse, Benton County",100065,Wheelhouse,2017-11-29 00:26:07.380551
2005-11-19,19:30,36.1,,35.9,99.4,0.03,NE@0.4,1.4,36.2,0.0,0,"Wheelhouse, Benton County",100065,Wheelhouse,2017-11-29 00:26:07.380551
2005-11-19,19:45,36.2,,36.0,99.4,0.02,NE@1.3,1.8,36.2,0.0,0,"Wheelhouse, Benton County",100065,Wheelhouse,2017-11-29 00:26:07.380551
2005-11-19,20:00,36.0,,35.9,99.4,0.02,N@1.4,3.6,36.2,0.0,0,"Wheelhouse, Benton County",100065,Wheelhouse,2017-11-29 00:26:07.380551
2005-11-19,20:15,36.0,,35.8,99.4,0.02,N@1.8,3.2,36.2,0.0,0,"Wheelhouse, Benton County",100065,Wheelhouse,2017-11-29 00:26:07.380551
2005-11-19,20:30,36.0,,35.9,99.4,0.01,N@1.7,1.7,36.2,0.0,0,"Wheelhouse, Benton County",100065,Wheelhouse,2017-11-29 00:26:07.380551
2005-11-19,20:45,36.0,,35.9,99.4,0.01,N@2.1,4.3,36.2,0.0,0,"Wheelhouse, Benton County",100065,Wheelhouse,2017-11-29 00:26:07.380551
2005-11-19,21:00,35.8,,35.7,99.3,0.03,NW@2.7,6.3,36.2,0.0,0,"Wheelhouse, Benton County",100065,Wheelhouse,2017-11-29 00:26:07.380551
2005-11-19,21:15,35.7,,35.5,99.3,0.05,N@2.5,3.6,36.2,0.0,0,"Wheelhouse, Benton County",100065,Wheelhouse,2017-11-29 00:26:07.380551
2005-11-19,21:30,35.7,,35.5,99.3,0.09,N@2.0,4.7,36.2,0.0,0,"Wheelhouse, Benton County",100065,Wheelhouse,2017-11-29 00:26:07.380551
2005-11-19,21:45,35.6,,35.4,99.3,0.11,N@2.9,4.8,36.2,0.0,0,"Wheelhouse, Benton County",100065,Wheelhouse,2017-11-29 00:26:07.380551
2005-11-19,22:00,35.6,,35.4,99.3,0.1,N@2.9,4.3,36.2,0.0,0,"Wheelhouse, Benton County",100065,Wheelhouse,2017-11-29 00:26:07.380551
2005-11-19,22:15,35.5,,35.4,99.3,0.08,N@2.1,3.9,36.2,0.0,0,"Wheelhouse, Benton County",100065,Wheelhouse,2017-11-29 00:26:07.380551
2005-11-19,22:30,35.5,,35.3,99.3,0.08,NW@2.1,3.0,36.2,0.0,0,"Wheelhouse, Benton County",100065,Wheelhouse,2017-11-29 00:26:07.380551
2005-11-19,22:45,35.5,,35.3,99.3,0.08,N@1.4,2.1,36.2,0.0,0,"Wheelhouse, Benton County",100065,Wheelhouse,2017-11-29 00:26:07.380551
2005-11-19,23:00,35.4,,35.2,99.3,0.08,NW@0.4,2.0,36.2,0.0,0,"Wheelhouse, Benton County",100065,Wheelhouse,2017-11-29 00:26:07.380551
2005-11-19,23:15,35.4,,35.2,99.3,0.08,N@0.0,1.9,36.2,0.0,0,"Wheelhouse, Benton County",100065,Wheelhouse,2017-11-29 00:26:07.380551
2005-11-19,23:30,35.3,,35.1,99.3,0.08,N@0.0,0.0,36.2,0.0,0,"Wheelhouse, Benton County",100065,Wheelhouse,2017-11-29 00:26:07.380551
2005-11-19,23:45,35.3,,35.1,99.3,0.08,NW@0.2,1.3,36.2,0.0,0,"Wheelhouse, Benton County",100065,Wheelhouse,2017-11-29 00:26:07.380551
2005-11-19,24:00,35.3,,35.1,99.3,0.07,NW@1.1,2.1,36.2,0.0,0,"Wheelhouse, Benton County",100065,Wheelhouse,2017-11-29 00:26:07.380551
2005-11-20,00:15,35.3,,35.1,99.3,0.07,NW@2.0,4.8,36.2,0.0,0,"Wheelhouse, Benton County",100065,Wheelhouse,2017-11-29 00:26:07.380551
2005-11-20,00:30,35.3,,35.1,99.3,0.07,N@1.4,2.3,36.2,0.0,0,"Wheelhouse, Benton County",100065,Wheelhouse,2017-11-29 00:26:07.380551
2005-11-20,00:45,35.3,,35.1,99.3,0.07,N@1.4,2.5,36.2,0.0,0,"Wheelhouse, Benton County",100065,Wheelhouse,2017-11-29 00:26:07.380551
2005-11-20,01:00,35.3,,35.1,99.3,0.07,N@1.6,2.9,36.2,0.0,0,"Wheelhouse, Benton County",100065,Wheelhouse,2017-11-29 00:26:07.380551
2005-11-20,01:15,35.3,,35.1,99.3,0.08,N@1.1,2.0,36.2,0.0,0,"Wheelhouse, Benton County",100065,Wheelhouse,2017-11-29 00:26:07.380551
2005-11-20,01:30,35.3,,35.1,99.3,0.1,N@1.1,4.7,36.2,0.0,0,"Wheelhouse, Benton County",100065,Wheelhouse,2017-11-29 00:26:07.380551
2005-11-20,01:45,35.3,,35.1,99.3,0.11,N@1.4,2.5,36.2,0.0,0,"Wheelhouse, Benton County",100065,Wheelhouse,2017-11-29 00:26:07.380551
2005-11-20,02:00,35.3,,35.1,99.3,0.13,N@1.9,2.0,36.2,0.0,0,"Wheelhouse, Benton County",100065,Wheelhouse,2017-11-29 00:26:07.380551
2005-11-20,02:15,35.1,,35.0,99.3,0.13,NW@1.8,3.6,36.2,0.0,0,"Wheelhouse, Benton County",100065,Wheelhouse,2017-11-29 00:26:07.380551
2005-11-20,02:30,35.1,,35.0,99.2,0.12,N@1.7,1.7,36.2,0.0,0,"Wheelhouse, Benton County",100065,Wheelhouse,2017-11-29 00:26:07.380551
2005-11-20,02:45,35.1,,34.9,99.2,0.12,N@1.6,2.5,36.2,0.0,0,"Wheelhouse, Benton County",100065,Wheelhouse,2017-11-29 00:26:07.380551
2005-11-20,03:00,35.1,,34.9,99.2,0.11,N@1.4,2.7,36.2,0.0,0,"Wheelhouse, Benton County",100065,Wheelhouse,2017-11-29 00:26:07.380551
2005-11-20,03:15,35.1,,34.9,99.2,0.1,NE@0.4,1.1,36.2,0.0,0,"Wheelhouse, Benton County",100065,Wheelhouse,2017-11-29 00:26:07.380551
2005-11-20,03:30,35.2,,35.0,99.3,0.1,S@1.1,2.1,36.2,0.0,0,"Wheelhouse, Benton County",100065,Wheelhouse,2017-11-29 00:26:07.380551
2005-11-20,03:45,35.1,,35.0,99.2,0.09,SW@0.2,2.1,36.2,0.0,0,"Wheelhouse, Benton County",100065,Wheelhouse,2017-11-29 00:26:07.380551
2005-11-20,04:00,35.3,,35.1,99.3,0.09,S@0.4,1.1,36.2,0.0,0,"Wheelhouse, Benton County",100065,Wheelhouse,2017-11-29 00:26:07.380551
2005-11-20,04:15,35.3,,35.1,99.3,0.09,S@0.2,1.1,36.2,0.0,0,"Wheelhouse, Benton County",100065,Wheelhouse,2017-11-29 00:26:07.380551
2005-11-20,04:30,35.3,,35.1,99.3,0.1,N@0.0,0.0,36.2,0.0,0,"Wheelhouse, Benton County",100065,Wheelhouse,2017-11-29 00:26:07.380551
2005-11-20,04:45,35.2,,35.0,99.3,0.1,N@0.0,0.0,36.2,0.0,0,"Wheelhouse, Benton County",100065,Wheelhouse,2017-11-29 00:26:07.380551
2005-11-20,05:00,35.1,,35.0,99.2,0.1,N@0.0,0.2,36.2,0.0,0,"Wheelhouse, Benton County",100065,Wheelhouse,2017-11-29 00:26:07.380551
2005-11-20,05:15,35.1,,35.0,99.2,0.11,W@1.7,1.7,36.2,0.0,0,"Wheelhouse, Benton County",100065,Wheelhouse,2017-11-29 00:26:07.380551
2005-11-20,05:30,34.9,,34.7,99.2,0.12,NW@1.1,2.9,36.2,0.0,0,"Wheelhouse, Benton County",100065,Wheelhouse,2017-11-29 00:26:07.380551
2005-11-20,05:45,34.8,,34.6,99.2,0.14,N@1.4,2.7,36.2,0.0,0,"Wheelhouse, Benton County",100065,Wheelhouse,2017-11-29 00:26:07.380551
2005-11-20,06:00,34.8,,34.5,99.2,0.17,N@1.8,3.4,36.2,0.0,0,"Wheelhouse, Benton County",100065,Wheelhouse,2017-11-29 00:26:07.380551
2005-11-20,06:15,34.8,,34.5,99.2,0.24,N@2.1,3.0,36.2,0.0,0,"Wheelhouse, Benton County",100065,Wheelhouse,2017-11-29 00:26:07.380551
2005-11-20,06:30,34.7,,34.5,99.2,0.37,N@2.5,3.8,36.2,0.0,0,"Wheelhouse, Benton County",100065,Wheelhouse,2017-11-29 00:26:07.380551
2005-11-20,06:45,34.8,,34.5,99.2,0.51,N@2.1,3.6,36.2,0.0,0,"Wheelhouse, Benton County",100065,Wheelhouse,2017-11-29 00:26:07.380551
2005-11-20,07:00,34.7,,34.5,99.2,0.55,N@1.8,2.9,36.2,0.0,0,"Wheelhouse, Benton County",100065,Wheelhouse,2017-11-29 00:26:07.380551
2005-11-20,07:15,34.7,,34.5,99.2,0.57,NW@1.8,3.8,36.2,0.0,0,"Wheelhouse, Benton County",100065,Wheelhouse,2017-11-29 00:26:07.380551
2005-11-20,07:30,34.7,,34.5,99.2,0.58,NW@2.3,3.6,36.2,0.0,0,"Wheelhouse, Benton County",100065,Wheelhouse,2017-11-29 00:26:07.380551
2005-11-20,07:45,34.6,,34.4,99.2,0.62,NW@2.9,5.9,36.2,0.0,1,"Wheelhouse, Benton County",100065,Wheelhouse,2017-11-29 00:26:07.380551
2005-11-20,08:00,34.7,,34.5,99.2,0.6,NW@3.2,5.0,36.2,0.0,2,"Wheelhouse, Benton County",100065,Wheelhouse,2017-11-29 00:26:07.380551
2005-11-20,08:15,34.8,,34.6,99.2,0.57,NW@2.5,4.5,36.2,0.0,4,"Wheelhouse, Benton County",100065,Wheelhouse,2017-11-29 00:26:07.380551
2005-11-20,08:30,35.0,,34.8,99.2,0.54,N@1.6,3.9,36.2,0.0,6,"Wheelhouse, Benton County",100065,Wheelhouse,2017-11-29 00:26:07.380551
2005-11-20,08:45,35.2,,35.0,99.3,0.51,N@1.8,3.6,36.2,0.0,8,"Wheelhouse, Benton County",100065,Wheelhouse,2017-11-29 00:26:07.380551
2005-11-20,09:00,35.5,,35.3,99.3,0.48,NW@1.1,2.1,36.2,0.0,10,"Wheelhouse, Benton County",100065,Wheelhouse,2017-11-29 00:26:07.380551
2005-11-20,09:15,35.7,,35.5,99.3,0.44,N@2.1,5.0,36.2,0.0,11,"Wheelhouse, Benton County",100065,Wheelhouse,2017-11-29 00:26:07.380551
2005-11-20,09:30,35.8,,35.6,99.3,0.39,W@2.5,3.4,36.1,0.0,16,"Wheelhouse, Benton County",100065,Wheelhouse,2017-11-29 00:26:07.380551
2005-11-20,09:45,35.8,,35.7,99.4,0.34,N@2.9,5.0,36.1,0.0,21,"Wheelhouse, Benton County",100065,Wheelhouse,2017-11-29 00:26:07.380551
2005-11-20,10:00,36.0,,35.8,99.4,0.32,N@3.2,4.8,36.1,0.0,24,"Wheelhouse, Benton County",100065,Wheelhouse,2017-11-29 00:26:07.380551
2005-11-20,10:15,36.0,,35.9,99.4,0.43,N@3.6,6.1,36.2,0.0,28,"Wheelhouse, Benton County",100065,Wheelhouse,2017-11-29 00:26:07.380551
2005-11-20,10:30,36.0,,35.9,99.4,0.48,NW@3.6,5.2,36.2,0.0,34,"Wheelhouse, Benton County",100065,Wheelhouse,2017-11-29 00:26:07.380551
2005-11-20,10:45,36.2,,36.1,99.4,0.48,NW@3.6,5.0,36.2,0.0,42,"Wheelhouse, Benton County",100065,Wheelhouse,2017-11-29 00:26:07.380551
2005-11-20,11:00,36.4,,36.2,99.4,0.45,N@3.2,7.7,36.2,0.0,49,"Wheelhouse, Benton County",100065,Wheelhouse,2017-11-29 00:26:07.380551
2005-11-20,11:15,36.7,,36.6,99.5,0.39,N@2.9,5.7,36.2,0.0,45,"Wheelhouse, Benton County",100065,Wheelhouse,2017-11-29 00:26:07.380551
2005-11-20,11:30,36.8,,36.7,99.5,0.31,N@3.6,7.2,36.2,0.0,46,"Wheelhouse, Benton County",100065,Wheelhouse,2017-11-29 00:26:07.380551
2005-11-20,11:45,36.9,,36.8,99.5,0.2,NW@3.2,6.6,36.2,0.0,43,"Wheelhouse, Benton County",100065,Wheelhouse,2017-11-29 00:26:07.380551
2005-11-20,12:00,37.1,,36.9,99.5,0.12,NW@3.0,5.0,36.2,0.0,43,"Wheelhouse, Benton County",100065,Wheelhouse,2017-11-29 00:26:07.380551
2005-11-20,12:15,37.2,,37.1,99.5,0.02,NW@3.0,4.1,36.3,0.0,44,"Wheelhouse, Benton County",100065,Wheelhouse,2017-11-29 00:26:07.380551
2005-11-20,12:30,37.3,,37.2,99.5,,NW@2.5,3.8,36.3,0.0,40,"Wheelhouse, Benton County",100065,Wheelhouse,2017-11-29 00:26:07.380551
2005-11-20,12:45,37.4,,37.2,99.2,,N@2.7,5.2,36.3,0.0,30,"Wheelhouse, Benton County",100065,Wheelhouse,2017-11-29 00:26:07.380551
2005-11-20,13:00,37.5,,37.2,99.1,,N@2.3,5.0,36.3,0.0,23,"Wheelhouse, Benton County",100065,Wheelhouse,2017-11-29 00:26:07.380551
2005-11-20,13:15,37.6,,37.1,98.4,,N@2.7,5.0,36.4,0.0,19,"Wheelhouse, Benton County",100065,Wheelhouse,2017-11-29 00:26:07.380551
2005-11-20,13:30,37.3,,37.2,99.5,0.03,N@2.3,4.3,36.4,0.0,14,"Wheelhouse, Benton County",100065,Wheelhouse,2017-11-29 00:26:07.380551
2005-11-20,13:45,37.2,,37.1,99.5,0.03,N@3.0,4.5,36.4,0.0,10,"Wheelhouse, Benton County",100065,Wheelhouse,2017-11-29 00:26:07.380551
2005-11-20,14:00,37.1,,37.0,99.5,0.01,NW@3.0,4.3,36.5,0.0,9,"Wheelhouse, Benton County",100065,Wheelhouse,2017-11-29 00:26:07.380551
2005-11-20,14:15,37.2,,37.1,99.5,0.0,N@3.0,7.0,36.5,0.0,8,"Wheelhouse, Benton County",100065,Wheelhouse,2017-11-29 00:26:07.380551
2005-11-20,14:30,37.1,,36.9,99.5,,N@3.0,5.0,36.6,0.0,6,"Wheelhouse, Benton County",100065,Wheelhouse,2017-11-29 00:26:07.380551
2005-11-20,14:45,36.9,,36.8,99.5,,N@3.2,4.8,36.6,0.0,5,"Wheelhouse, Benton County",100065,Wheelhouse,2017-11-29 00:26:07.380551
2005-11-20,15:00,36.9,,36.7,99.0,,NW@2.0,4.1,36.6,0.0,4,"Wheelhouse, Benton County",100065,Wheelhouse,2017-11-29 00:26:07.380551
2005-11-20,15:15,37.1,,36.6,98.2,,NW@1.6,4.3,36.6,0.0,3,"Wheelhouse, Benton County",100065,Wheelhouse,2017-11-29 00:26:07.380551
2005-11-20,15:30,37.1,,36.9,99.2,,N@1.1,2.1,36.7,0.0,1,"Wheelhouse, Benton County",100065,Wheelhouse,2017-11-29 00:26:07.380551
2005-11-20,15:45,36.8,,36.6,99.4,,NE@2.1,4.3,36.7,0.0,0,"Wheelhouse, Benton County",100065,Wheelhouse,2017-11-29 00:26:07.380551
2005-11-20,16:00,36.5,,36.4,99.4,,NE@3.2,4.5,36.7,0.0,0,"Wheelhouse, Benton County",100065,Wheelhouse,2017-11-29 00:26:07.380551
2005-11-20,16:15,36.3,,36.1,99.4,0.01,NE@3.9,7.9,36.7,0.0,0,"Wheelhouse, Benton County",100065,Wheelhouse,2017-11-29 00:26:07.380551
2005-11-20,16:30,35.8,,35.7,99.3,0.08,NE@3.9,5.4,36.8,0.0,0,"Wheelhouse, Benton County",100065,Wheelhouse,2017-11-29 00:26:07.380551
2005-11-20,16:45,35.7,,35.5,99.3,0.13,NE@3.6,4.8,36.8,0.0,0,"Wheelhouse, Benton County",100065,Wheelhouse,2017-11-29 00:26:07.380551
2005-11-20,17:00,35.7,,35.5,99.3,0.21,NE@3.6,6.8,36.8,0.0,0,"Wheelhouse, Benton County",100065,Wheelhouse,2017-11-29 00:26:07.380551
2005-11-20,17:15,35.6,,35.4,99.3,0.28,NE@3.2,4.5,36.8,0.0,0,"Wheelhouse, Benton County",100065,Wheelhouse,2017-11-29 00:26:07.380551
2005-11-20,17:30,35.5,,35.4,99.3,0.36,NE@3.4,7.3,36.8,0.0,0,"Wheelhouse, Benton County",100065,Wheelhouse,2017-11-29 00:26:07.380551
2005-11-20,17:45,35.5,,35.3,99.3,0.48,NE@3.0,7.7,36.8,0.0,0,"Wheelhouse, Benton County",100065,Wheelhouse,2017-11-29 00:26:07.380551
2005-11-20,18:00,35.3,,35.1,99.3,0.61,NE@3.6,8.6,36.8,0.0,0,"Wheelhouse, Benton County",100065,Wheelhouse,2017-11-29 00:26:07.380551
2005-11-20,18:15,35.3,,35.1,99.3,0.77,N@4.1,6.3,36.8,0.0,0,"Wheelhouse, Benton County",100065,Wheelhouse,2017-11-29 00:26:07.380551
2005-11-20,18:30,35.1,,35.0,99.3,0.85,N@4.3,7.0,36.8,0.0,0,"Wheelhouse, Benton County",100065,Wheelhouse,2017-11-29 00:26:07.380551
2005-11-20,18:45,35.1,,35.0,99.2,0.87,N@4.7,8.4,36.8,0.0,0,"Wheelhouse, Benton County",100065,Wheelhouse,2017-11-29 00:26:07.380551
2005-11-20,19:00,35.1,,35.0,99.3,0.88,N@4.3,6.3,36.8,0.0,0,"Wheelhouse, Benton County",100065,Wheelhouse,2017-11-29 00:26:07.380551
2005-11-20,19:15,35.1,,35.0,99.3,0.89,NE@4.3,6.3,36.8,0.0,0,"Wheelhouse, Benton County",100065,Wheelhouse,2017-11-29 00:26:07.380551
2005-11-20,19:30,35.3,,35.1,99.3,0.88,NE@3.8,7.0,36.8,0.0,0,"Wheelhouse, Benton County",100065,Wheelhouse,2017-11-29 00:26:07.380551
2005-11-20,19:45,35.3,,35.1,99.3,0.86,NE@3.2,5.4,36.8,0.0,0,"Wheelhouse, Benton County",100065,Wheelhouse,2017-11-29 00:26:07.380551
2005-11-20,20:00,35.3,,35.1,99.3,0.85,NE@2.5,6.1,36.8,0.0,0,"Wheelhouse, Benton County",100065,Wheelhouse,2017-11-29 00:26:07.380551
2005-11-20,20:15,35.2,,35.0,99.3,0.83,NE@3.4,5.5,36.8,0.0,0,"Wheelhouse, Benton County",100065,Wheelhouse,2017-11-29 00:26:07.380551
2005-11-20,20:30,35.1,,35.0,99.2,0.81,NE@3.6,5.5,36.8,0.0,0,"Wheelhouse, Benton County",100065,Wheelhouse,2017-11-29 00:26:07.380551
2005-11-20,20:45,35.1,,34.9,99.2,0.8,NE@3.0,4.3,36.8,0.0,0,"Wheelhouse, Benton County",100065,Wheelhouse,2017-11-29 00:26:07.380551
2005-11-20,21:00,35.1,,34.9,99.2,0.79,NE@3.2,4.8,36.7,0.0,0,"Wheelhouse, Benton County",100065,Wheelhouse,2017-11-29 00:26:07.380551
2005-11-20,21:15,35.1,,35.0,99.3,0.77,NE@3.8,5.2,36.7,0.0,0,"Wheelhouse, Benton County",100065,Wheelhouse,2017-11-29 00:26:07.380551
2005-11-20,21:30,35.3,,35.1,99.3,0.75,NE@4.1,7.3,36.7,0.0,0,"Wheelhouse, Benton County",100065,Wheelhouse,2017-11-29 00:26:07.380551
2005-11-20,21:45,35.1,,35.0,99.2,0.73,N@3.8,5.7,36.7,0.0,0,"Wheelhouse, Benton County",100065,Wheelhouse,2017-11-29 00:26:07.380551
2005-11-20,22:00,35.3,,35.1,99.2,0.7,N@4.8,7.3,36.7,0.0,0,"Wheelhouse, Benton County",100065,Wheelhouse,2017-11-29 00:26:07.380551
2005-11-20,22:15,35.2,,35.0,99.0,0.61,N@5.0,7.5,36.7,0.0,0,"Wheelhouse, Benton County",100065,Wheelhouse,2017-11-29 00:26:07.380551
2005-11-20,22:30,35.1,,35.0,99.2,0.46,N@2.9,4.3,36.7,0.0,0,"Wheelhouse, Benton County",100065,Wheelhouse,2017-11-29 00:26:07.380551
2005-11-20,22:45,35.0,,34.8,99.2,0.37,N@3.2,5.0,36.7,0.0,0,"Wheelhouse, Benton County",100065,Wheelhouse,2017-11-29 00:26:07.380551
2005-11-20,23:00,34.9,,34.7,99.2,0.47,NE@3.2,5.2,36.7,0.0,0,"Wheelhouse, Benton County",100065,Wheelhouse,2017-11-29 00:26:07.380551
2005-11-20,23:15,34.9,,34.7,99.2,0.44,NE@2.5,4.5,36.6,0.0,0,"Wheelhouse, Benton County",100065,Wheelhouse,2017-11-29 00:26:07.380551
2005-11-20,23:30,34.9,,34.7,99.2,0.32,NE@4.3,6.1,36.6,0.0,0,"Wheelhouse, Benton County",100065,Wheelhouse,2017-11-29 00:26:07.380551
2005-11-20,23:45,34.8,,34.6,99.2,0.25,NE@4.3,8.8,36.6,0.0,0,"Wheelhouse, Benton County",100065,Wheelhouse,2017-11-29 00:26:07.380551
2005-11-20,24:00,34.7,,34.5,99.2,0.16,NE@2.9,4.5,36.6,0.0,0,"Wheelhouse, Benton County",100065,Wheelhouse,2017-11-29 00:26:07.380551
2005-11-21,00:15,34.6,,34.4,99.2,0.09,NE@2.7,4.1,36.6,0.0,0,"Wheelhouse, Benton County",100065,Wheelhouse,2017-11-29 00:26:07.380551
2005-11-21,00:30,34.6,,34.4,99.2,0.09,NE@3.2,5.2,36.6,0.0,0,"Wheelhouse, Benton County",100065,Wheelhouse,2017-11-29 00:26:07.380551
2005-11-21,00:45,34.6,,34.4,99.2,0.17,NE@2.5,4.5,36.6,0.0,0,"Wheelhouse, Benton County",100065,Wheelhouse,2017-11-29 00:26:07.380551
2005-11-21,01:00,34.5,,34.3,99.2,0.31,NE@2.1,3.6,36.6,0.0,0,"Wheelhouse, Benton County",100065,Wheelhouse,2017-11-29 00:26:07.380551
2005-11-21,01:15,34.5,,34.3,99.2,0.34,NE@2.5,3.4,36.6,0.0,0,"Wheelhouse, Benton County",100065,Wheelhouse,2017-11-29 00:26:07.380551
2005-11-21,01:30,34.4,,34.2,99.1,0.35,E@2.5,4.1,36.5,0.0,0,"Wheelhouse, Benton County",100065,Wheelhouse,2017-11-29 00:26:07.380551
2005-11-21,01:45,34.5,,34.3,99.1,0.33,NE@1.1,3.8,36.5,0.0,0,"Wheelhouse, Benton County",100065,Wheelhouse,2017-11-29 00:26:07.380551
2005-11-21,02:00,34.4,,34.2,99.1,0.32,N@0.0,0.0,36.5,0.0,0,"Wheelhouse, Benton County",100065,Wheelhouse,2017-11-29 00:26:07.380551
2005-11-21,02:15,34.4,,34.1,99.1,0.31,NE@1.1,2.7,36.5,0.0,0,"Wheelhouse, Benton County",100065,Wheelhouse,2017-11-29 00:26:07.380551
2005-11-21,02:30,34.4,,34.1,99.1,0.35,NE@1.8,3.6,36.5,0.0,0,"Wheelhouse, Benton County",100065,Wheelhouse,2017-11-29 00:26:07.380551
2005-11-21,02:45,34.4,,34.1,99.1,0.38,NE@1.8,4.5,36.5,0.0,0,"Wheelhouse, Benton County",100065,Wheelhouse,2017-11-29 00:26:07.380551
2005-11-21,03:00,34.3,,34.1,99.1,0.39,E@2.1,2.9,36.4,0.0,0,"Wheelhouse, Benton County",100065,Wheelhouse,2017-11-29 00:26:07.380551
2005-11-21,03:15,34.3,,34.0,99.1,0.38,E@2.5,3.2,36.4,0.0,0,"Wheelhouse, Benton County",100065,Wheelhouse,2017-11-29 00:26:07.380551
2005-11-21,03:30,34.3,,34.0,99.1,0.37,E@2.5,4.1,36.4,0.0,0,"Wheelhouse, Benton County",100065,Wheelhouse,2017-11-29 00:26:07.380551
2005-11-21,03:45,34.3,,34.0,99.1,0.35,E@2.3,3.4,36.4,0.0,0,"Wheelhouse, Benton County",100065,Wheelhouse,2017-11-29 00:26:07.380551
2005-11-21,04:00,34.3,,34.0,99.1,0.32,E@1.3,2.5,36.4,0.0,0,"Wheelhouse, Benton County",100065,Wheelhouse,2017-11-29 00:26:07.380551
2005-11-21,04:15,34.3,,34.0,99.1,0.29,NE@0.4,2.0,36.4,0.0,0,"Wheelhouse, Benton County",100065,Wheelhouse,2017-11-29 00:26:07.380551
2005-11-21,04:30,34.1,,33.9,99.1,0.27,N@0.0,0.0,36.4,0.0,0,"Wheelhouse, Benton County",100065,Wheelhouse,2017-11-29 00:26:07.380551
2005-11-21,04:45,34.1,,33.9,99.1,0.24,N@0.0,0.0,36.4,0.0,0,"Wheelhouse, Benton County",100065,Wheelhouse,2017-11-29 00:26:07.380551
2005-11-21,05:00,34.1,,33.9,99.1,0.19,NE@1.4,2.7,36.4,0.0,0,"Wheelhouse, Benton County",100065,Wheelhouse,2017-11-29 00:26:07.380551
2005-11-21,05:15,34.3,,34.0,99.1,0.13,NE@1.7,1.7,36.4,0.0,0,"Wheelhouse, Benton County",100065,Wheelhouse,2017-11-29 00:26:07.380551
2005-11-21,05:30,34.2,,34.0,99.1,0.09,NE@1.1,2.3,36.3,0.0,0,"Wheelhouse, Benton County",100065,Wheelhouse,2017-11-29 00:26:07.380551
2005-11-21,05:45,34.3,,34.0,99.1,0.06,NE@1.1,2.1,36.3,0.0,0,"Wheelhouse, Benton County",100065,Wheelhouse,2017-11-29 00:26:07.380551
2005-11-21,06:00,34.3,,34.0,99.1,0.03,N@0.4,2.3,36.3,0.0,0,"Wheelhouse, Benton County",100065,Wheelhouse,2017-11-29 00:26:07.380551
2005-11-21,06:15,34.2,,34.0,99.1,0.02,NE@0.4,1.8,36.3,0.0,0,"Wheelhouse, Benton County",100065,Wheelhouse,2017-11-29 00:26:07.380551
2005-11-21,06:30,34.3,,34.0,99.1,0.02,NE@1.4,2.5,36.3,0.0,0,"Wheelhouse, Benton County",100065,Wheelhouse,2017-11-29 00:26:07.380551
2005-11-21,06:45,34.3,,34.0,99.1,0.02,NE@1.1,2.1,36.3,0.0,0,"Wheelhouse, Benton County",100065,Wheelhouse,2017-11-29 00:26:07.380551
2005-11-21,07:00,34.2,,34.0,99.1,0.03,N@0.4,2.5,36.3,0.0,0,"Wheelhouse, Benton County",100065,Wheelhouse,2017-11-29 00:26:07.380551
2005-11-21,07:15,34.1,,33.9,99.1,0.03,N@0.0,0.0,36.3,0.0,0,"Wheelhouse, Benton County",100065,Wheelhouse,2017-11-29 00:26:07.380551
2005-11-21,07:30,34.3,,34.0,99.1,0.03,N@0.0,0.0,36.3,0.0,0,"Wheelhouse, Benton County",100065,Wheelhouse,2017-11-29 00:26:07.380551
2005-11-21,07:45,34.4,,34.1,99.1,0.03,N@0.0,0.0,36.3,0.0,1,"Wheelhouse, Benton County",100065,Wheelhouse,2017-11-29 00:26:07.380551
2005-11-21,08:00,34.4,,34.2,99.1,0.04,N@0.0,0.0,36.3,0.0,2,"Wheelhouse, Benton County",100065,Wheelhouse,2017-11-29 00:26:07.380551
2005-11-21,08:15,34.3,,34.1,99.1,0.04,E@1.7,2.5,36.2,0.0,6,"Wheelhouse, Benton County",100065,Wheelhouse,2017-11-29 00:26:07.380551
2005-11-21,08:30,34.1,,33.9,99.1,0.02,E@0.4,2.9,36.2,0.0,7,"Wheelhouse, Benton County",100065,Wheelhouse,2017-11-29 00:26:07.380551
2005-11-21,08:45,34.3,,34.0,99.1,0.01,E@1.5,2.0,36.2,0.0,11,"Wheelhouse, Benton County",100065,Wheelhouse,2017-11-29 00:26:07.380551
2005-11-21,09:00,34.4,,34.1,99.1,0.01,NE@1.7,1.8,36.2,0.0,11,"Wheelhouse, Benton County",100065,Wheelhouse,2017-11-29 00:26:07.380551
2005-11-21,09:15,34.6,,34.4,99.2,0.02,NE@1.4,2.7,36.2,0.0,16,"Wheelhouse, Benton County",100065,Wheelhouse,2017-11-29 00:26:07.380551
2005-11-21,09:30,34.9,,34.7,99.2,0.02,NE@2.1,3.2,36.2,0.0,26,"Wheelhouse, Benton County",100065,Wheelhouse,2017-11-29 00:26:07.380551
2005-11-21,09:45,35.1,,34.9,99.2,0.0,NE@1.8,2.9,36.2,0.01,28,"Wheelhouse, Benton County",100065,Wheelhouse,2017-11-29 00:26:07.380551
2005-11-21,10:00,35.4,,35.2,99.2,,E@1.4,2.3,36.2,0.0,36,"Wheelhouse, Benton County",100065,Wheelhouse,2017-11-29 00:26:07.380551
2005-11-21,10:15,35.6,,35.2,98.2,,NE@1.5,2.1,36.2,0.0,29,"Wheelhouse, Benton County",100065,Wheelhouse,2017-11-29 00:26:07.380551
2005-11-21,10:30,35.7,,35.1,97.5,,NE@1.5,2.1,36.2,0.0,27,"Wheelhouse, Benton County",100065,Wheelhouse,2017-11-29 00:26:07.380551
2005-11-21,10:45,35.7,,35.1,97.5,,N@0.0,1.1,36.2,0.0,31,"Wheelhouse, Benton County",100065,Wheelhouse,2017-11-29 00:26:07.380551
2005-11-21,11:00,35.8,,35.2,97.5,,E@1.1,2.0,36.2,0.0,36,"Wheelhouse, Benton County",100065,Wheelhouse,2017-11-29 00:26:07.380551
2005-11-21,11:15,35.8,,35.3,98.0,,SE@0.4,1.8,36.2,0.0,41,"Wheelhouse, Benton County",100065,Wheelhouse,2017-11-29 00:26:07.380551
2005-11-21,11:30,35.9,,35.4,98.0,,E@1.1,2.3,36.3,0.0,47,"Wheelhouse, Benton County",100065,Wheelhouse,2017-11-29 00:26:07.380551
2005-11-21,11:45,36.2,,35.8,98.6,,SE@1.1,2.5,36.3,0.0,47,"Wheelhouse, Benton County",100065,Wheelhouse,2017-11-29 00:26:07.380551
2005-11-21,12:00,36.2,,35.9,99.0,,N@0.0,1.3,36.3,0.0,36,"Wheelhouse, Benton County",100065,Wheelhouse,2017-11-29 00:26:07.380551
2005-11-21,12:15,36.0,,35.8,99.2,,S@1.1,2.5,36.3,0.0,47,"Wheelhouse, Benton County",100065,Wheelhouse,2017-11-29 00:26:07.380551
2005-11-21,12:30,36.2,,35.9,99.0,,S@0.4,1.6,36.3,0.0,42,"Wheelhouse, Benton County",100065,Wheelhouse,2017-11-29 00:26:07.380551
2005-11-21,12:45,36.3,,36.1,99.3,,SW@1.7,1.8,36.4,0.0,32,"Wheelhouse, Benton County",100065,Wheelhouse,2017-11-29 00:26:07.380551
2005-11-21,13:00,36.3,,36.1,99.4,,SW@1.5,2.1,36.4,0.0,19,"Wheelhouse, Benton County",100065,Wheelhouse,2017-11-29 00:26:07.380551
2005-11-21,13:15,36.4,,36.2,99.4,,S@1.7,2.3,36.4,0.0,20,"Wheelhouse, Benton County",100065,Wheelhouse,2017-11-29 00:26:07.380551
2005-11-21,13:30,36.3,,36.1,99.4,,SW@1.7,3.8,36.4,0.0,23,"Wheelhouse, Benton County",100065,Wheelhouse,2017-11-29 00:26:07.380551
2005-11-21,13:45,36.4,,36.2,99.3,,N@0.0,1.8,36.5,0.0,22,"Wheelhouse, Benton County",100065,Wheelhouse,2017-11-29 00:26:07.380551
2005-11-21,14:00,36.5,,36.4,99.4,,S@1.5,2.5,36.5,0.0,17,"Wheelhouse, Benton County",100065,Wheelhouse,2017-11-29 00:26:07.380551
2005-11-21,14:15,36.4,,36.2,99.4,,N@0.0,1.3,36.6,0.0,12,"Wheelhouse, Benton County",100065,Wheelhouse,2017-11-29 00:26:07.380551
2005-11-21,14:30,36.6,,36.4,99.0,,NE@1.4,7.7,36.6,0.0,9,"Wheelhouse, Benton County",100065,Wheelhouse,2017-11-29 00:26:07.380551
2005-11-21,14:45,37.1,,36.0,95.8,,NE@3.2,5.2,36.6,0.0,8,"Wheelhouse, Benton County",100065,Wheelhouse,2017-11-29 00:26:07.380551
2005-11-21,15:00,37.1,,35.9,95.5,,NE@3.2,7.0,36.7,0.0,7,"Wheelhouse, Benton County",100065,Wheelhouse,2017-11-29 00:26:07.380551
2005-11-21,15:15,37.0,,35.9,95.6,,NE@2.7,5.2,36.7,0.0,3,"Wheelhouse, Benton County",100065,Wheelhouse,2017-11-29 00:26:07.380551
2005-11-21,15:30,36.9,,35.8,95.4,,NE@2.7,4.8,36.7,0.0,2,"Wheelhouse, Benton County",100065,Wheelhouse,2017-11-29 00:26:07.380551
2005-11-21,15:45,36.8,,36.1,97.2,,NE@1.8,5.2,36.8,0.0,0,"Wheelhouse, Benton County",100065,Wheelhouse,2017-11-29 00:26:07.380551
2005-11-21,16:00,36.7,,35.8,96.5,,NE@3.4,6.1,36.8,0.0,0,"Wheelhouse, Benton County",100065,Wheelhouse,2017-11-29 00:26:07.380551
2005-11-21,16:15,36.6,,35.4,95.4,,N@3.6,6.6,36.8,0.0,0,"Wheelhouse, Benton County",100065,Wheelhouse,2017-11-29 00:26:07.380551
2005-11-21,16:30,36.5,,35.5,96.2,,N@3.6,6.4,36.8,0.0,0,"Wheelhouse, Benton County",100065,Wheelhouse,2017-11-29 00:26:07.380551
2005-11-21,16:45,36.3,,35.6,97.5,,NE@3.0,5.2,36.8,0.0,0,"Wheelhouse, Benton County",100065,Wheelhouse,2017-11-29 00:26:07.380551
2005-11-21,17:00,36.0,,35.8,99.0,,NE@2.9,4.1,36.9,0.0,0,"Wheelhouse, Benton County",100065,Wheelhouse,2017-11-29 00:26:07.380551
2005-11-21,17:15,35.8,,35.6,99.2,,NE@2.1,5.4,36.9,0.0,0,"Wheelhouse, Benton County",100065,Wheelhouse,2017-11-29 00:26:07.380551
2005-11-21,17:30,35.7,,35.5,99.3,,NE@2.0,3.0,36.9,0.0,0,"Wheelhouse, Benton County",100065,Wheelhouse,2017-11-29 00:26:07.380551
2005-11-21,17:45,35.6,,35.4,99.3,,NE@1.4,4.8,36.9,0.0,0,"Wheelhouse, Benton County",100065,Wheelhouse,2017-11-29 00:26:07.380551
2005-11-21,18:00,35.5,,35.3,99.3,0.0,NE@1.4,2.1,36.9,0.0,0,"Wheelhouse, Benton County",100065,Wheelhouse,2017-11-29 00:26:07.380551
2005-11-21,18:15,35.3,,35.1,99.3,0.0,NE@0.4,1.6,36.9,0.0,0,"Wheelhouse, Benton County",100065,Wheelhouse,2017-11-29 00:26:07.380551
2005-11-21,18:30,35.3,,35.1,99.3,0.0,N@0.0,1.3,36.9,0.0,0,"Wheelhouse, Benton County",100065,Wheelhouse,2017-11-29 00:26:07.380551
2005-11-21,18:45,35.1,,35.0,99.2,0.0,N@0.0,0.0,36.9,0.0,0,"Wheelhouse, Benton County",100065,Wheelhouse,2017-11-29 00:26:07.380551
2005-11-21,19:00,35.0,,34.8,99.2,0.0,N@0.0,0.0,36.9,0.0,0,"Wheelhouse, Benton County",100065,Wheelhouse,2017-11-29 00:26:07.380551
2005-11-21,19:15,35.0,,34.8,99.2,0.0,N@0.0,1.7,36.9,0.0,0,"Wheelhouse, Benton County",100065,Wheelhouse,2017-11-29 00:26:07.380551
2005-11-21,19:30,35.0,,34.8,99.2,0.01,NE@0.4,1.6,36.9,0.0,0,"Wheelhouse, Benton County",100065,Wheelhouse,2017-11-29 00:26:07.380551
2005-11-21,19:45,35.0,,34.8,99.2,0.01,N@0.0,0.0,36.9,0.0,0,"Wheelhouse, Benton County",100065,Wheelhouse,2017-11-29 00:26:07.380551
2005-11-21,20:00,34.9,,34.7,99.2,0.01,N@0.0,0.0,36.8,0.0,0,"Wheelhouse, Benton County",100065,Wheelhouse,2017-11-29 00:26:07.380551
2005-11-21,20:15,34.8,,34.6,99.2,0.0,N@0.0,0.0,36.8,0.0,0,"Wheelhouse, Benton County",100065,Wheelhouse,2017-11-29 00:26:07.380551
2005-11-21,20:30,34.8,,34.6,99.2,0.01,N@0.0,0.0,36.8,0.0,0,"Wheelhouse, Benton County",100065,Wheelhouse,2017-11-29 00:26:07.380551
2005-11-21,20:45,34.8,,34.6,99.2,0.01,N@0.0,0.0,36.8,0.0,0,"Wheelhouse, Benton County",100065,Wheelhouse,2017-11-29 00:26:07.380551
2005-11-21,21:00,34.8,,34.6,99.2,0.01,N@0.0,0.0,36.8,0.0,0,"Wheelhouse, Benton County",100065,Wheelhouse,2017-11-29 00:26:07.380551
2005-11-21,21:15,34.6,,34.4,99.2,0.01,E@0.4,1.4,36.8,0.0,0,"Wheelhouse, Benton County",100065,Wheelhouse,2017-11-29 00:26:07.380551
2005-11-21,21:30,34.5,,34.3,99.2,0.0,E@1.1,2.3,36.8,0.0,0,"Wheelhouse, Benton County",100065,Wheelhouse,2017-11-29 00:26:07.380551
2005-11-21,21:45,34.5,,34.3,99.1,0.0,E@1.1,2.1,36.8,0.0,0,"Wheelhouse, Benton County",100065,Wheelhouse,2017-11-29 00:26:07.380551
2005-11-21,22:00,34.4,,34.1,99.1,0.0,E@1.8,3.0,36.8,0.0,0,"Wheelhouse, Benton County",100065,Wheelhouse,2017-11-29 00:26:07.380551
2005-11-21,22:15,34.4,,34.1,99.1,0.0,E@2.3,5.0,36.8,0.0,0,"Wheelhouse, Benton County",100065,Wheelhouse,2017-11-29 00:26:07.380551
2005-11-21,22:30,34.4,,34.1,99.1,0.0,E@2.0,3.2,36.8,0.0,0,"Wheelhouse, Benton County",100065,Wheelhouse,2017-11-29 00:26:07.380551
2005-11-21,22:45,34.3,,34.1,99.1,0.0,E@1.8,3.0,36.7,0.0,0,"Wheelhouse, Benton County",100065,Wheelhouse,2017-11-29 00:26:07.380551
2005-11-21,23:00,34.3,,34.0,99.1,0.01,E@1.8,2.9,36.7,0.0,0,"Wheelhouse, Benton County",100065,Wheelhouse,2017-11-29 00:26:07.380551
2005-11-21,23:15,34.1,,33.9,99.1,0.01,E@2.5,4.1,36.7,0.0,0,"Wheelhouse, Benton County",100065,Wheelhouse,2017-11-29 00:26:07.380551
2005-11-21,23:30,34.1,,33.9,99.1,0.02,E@2.0,3.2,36.7,0.0,0,"Wheelhouse, Benton County",100065,Wheelhouse,2017-11-29 00:26:07.380551
2005-11-21,23:45,34.1,,33.9,99.1,0.02,E@2.3,3.4,36.7,0.0,0,"Wheelhouse, Benton County",100065,Wheelhouse,2017-11-29 00:26:07.380551
2005-11-21,24:00,34.0,,33.8,99.1,0.02,E@1.8,4.8,36.7,0.0,0,"Wheelhouse, Benton County",100065,Wheelhouse,2017-11-29 00:26:07.380551
2005-11-22,00:15,34.0,,33.8,99.1,0.02,E@1.8,2.9,36.7,0.0,0,"Wheelhouse, Benton County",100065,Wheelhouse,2017-11-29 00:26:07.380551
2005-11-22,00:30,34.0,,33.7,99.1,0.03,E@1.6,2.7,36.7,0.0,0,"Wheelhouse, Benton County",100065,Wheelhouse,2017-11-29 00:26:07.380551
2005-11-22,00:45,33.9,,33.7,99.1,0.03,E@2.9,5.0,36.7,0.0,0,"Wheelhouse, Benton County",100065,Wheelhouse,2017-11-29 00:26:07.380551
2005-11-22,01:00,33.9,,33.6,99.1,0.03,E@3.2,7.3,36.6,0.0,0,"Wheelhouse, Benton County",100065,Wheelhouse,2017-11-29 00:26:07.380551
2005-11-22,01:15,33.8,,33.6,99.1,0.03,E@3.2,4.7,36.6,0.0,0,"Wheelhouse, Benton County",100065,Wheelhouse,2017-11-29 00:26:07.380551
2005-11-22,01:30,33.8,,33.6,99.1,0.03,E@3.0,4.3,36.6,0.0,0,"Wheelhouse, Benton County",100065,Wheelhouse,2017-11-29 00:26:07.380551
2005-11-22,01:45,33.8,,33.6,99.1,0.04,E@3.0,6.8,36.6,0.0,0,"Wheelhouse, Benton County",100065,Wheelhouse,2017-11-29 00:26:07.380551
2005-11-22,02:00,33.7,,33.4,99.0,0.04,SE@3.2,5.4,36.6,0.0,0,"Wheelhouse, Benton County",100065,Wheelhouse,2017-11-29 00:26:07.380551
2005-11-22,02:15,33.7,,33.4,99.0,0.05,SE@2.5,4.8,36.6,0.0,0,"Wheelhouse, Benton County",100065,Wheelhouse,2017-11-29 00:26:07.380551
2005-11-22,02:30,33.7,,33.4,99.0,0.05,SE@2.5,3.6,36.6,0.0,0,"Wheelhouse, Benton County",100065,Wheelhouse,2017-11-29 00:26:07.380551
2005-11-22,02:45,33.6,,33.4,99.0,0.05,SE@2.3,3.4,36.6,0.0,0,"Wheelhouse, Benton County",100065,Wheelhouse,2017-11-29 00:26:07.380551
2005-11-22,03:00,33.7,,33.4,99.0,0.05,E@1.6,2.9,36.5,0.0,0,"Wheelhouse, Benton County",100065,Wheelhouse,2017-11-29 00:26:07.380551
2005-11-22,03:15,33.6,,33.4,99.0,0.05,E@1.8,2.7,36.5,0.0,0,"Wheelhouse, Benton County",100065,Wheelhouse,2017-11-29 00:26:07.380551
2005-11-22,03:30,33.7,,33.4,99.0,0.04,E@1.4,3.0,36.5,0.0,0,"Wheelhouse, Benton County",100065,Wheelhouse,2017-11-29 00:26:07.380551
2005-11-22,03:45,33.7,,33.4,99.0,0.04,E@1.1,2.3,36.5,0.0,0,"Wheelhouse, Benton County",100065,Wheelhouse,2017-11-29 00:26:07.380551
2005-11-22,04:00,33.7,,33.4,99.0,0.03,SE@1.9,2.5,36.4,0.0,0,"Wheelhouse, Benton County",100065,Wheelhouse,2017-11-29 00:26:07.380551
2005-11-22,04:15,33.7,,33.4,99.0,0.03,SE@0.2,1.1,36.4,0.0,0,"Wheelhouse, Benton County",100065,Wheelhouse,2017-11-29 00:26:07.380551
2005-11-22,04:30,33.7,,33.4,99.0,0.03,SE@0.4,1.3,36.4,0.0,0,"Wheelhouse, Benton County",100065,Wheelhouse,2017-11-29 00:26:07.380551
2005-11-22,04:45,33.7,,33.4,99.0,0.02,SE@1.7,1.7,36.4,0.0,0,"Wheelhouse, Benton County",100065,Wheelhouse,2017-11-29 00:26:07.380551
2005-11-22,05:00,33.7,,33.4,99.0,0.02,SE@1.1,1.6,36.4,0.0,0,"Wheelhouse, Benton County",100065,Wheelhouse,2017-11-29 00:26:07.380551
2005-11-22,05:15,33.6,,33.3,99.0,0.02,SE@1.4,2.3,36.4,0.0,0,"Wheelhouse, Benton County",100065,Wheelhouse,2017-11-29 00:26:07.380551
2005-11-22,05:30,33.5,,33.3,99.0,0.02,S@0.4,2.0,36.4,0.0,0,"Wheelhouse, Benton County",100065,Wheelhouse,2017-11-29 00:26:07.380551
2005-11-22,05:45,33.5,,33.3,99.0,0.02,SW@1.1,2.3,36.4,0.0,0,"Wheelhouse, Benton County",100065,Wheelhouse,2017-11-29 00:26:07.380551
2005-11-22,06:00,33.5,,33.2,99.0,0.02,SW@1.3,1.8,36.3,0.0,0,"Wheelhouse, Benton County",100065,Wheelhouse,2017-11-29 00:26:07.380551
2005-11-22,06:15,33.5,,33.2,99.0,0.02,SW@1.1,2.1,36.3,0.0,0,"Wheelhouse, Benton County",100065,Wheelhouse,2017-11-29 00:26:07.380551
2005-11-22,06:30,33.5,,33.2,99.0,0.03,SW@1.1,3.9,36.3,0.0,0,"Wheelhouse, Benton County",100065,Wheelhouse,2017-11-29 00:26:07.380551
2005-11-22,06:45,33.4,,33.1,99.0,0.03,SW@1.7,1.7,36.3,0.0,0,"Wheelhouse, Benton County",100065,Wheelhouse,2017-11-29 00:26:07.380551
2005-11-22,07:00,33.1,,32.9,99.0,0.03,S@0.4,2.1,36.3,0.0,0,"Wheelhouse, Benton County",100065,Wheelhouse,2017-11-29 00:26:07.380551
2005-11-22,07:15,33.1,,32.9,99.0,0.03,N@0.0,1.1,36.3,0.01,0,"Wheelhouse, Benton County",100065,Wheelhouse,2017-11-29 00:26:07.380551
2005-11-22,07:30,33.1,,32.9,99.0,0.03,N@0.0,0.0,36.3,0.0,0,"Wheelhouse, Benton County",100065,Wheelhouse,2017-11-29 00:26:07.380551
2005-11-22,07:45,33.2,,32.9,99.0,0.03,N@0.0,1.6,36.3,0.0,0,"Wheelhouse, Benton County",100065,Wheelhouse,2017-11-29 00:26:07.380551
2005-11-22,08:00,33.3,,33.0,99.0,0.03,NW@1.7,2.0,36.3,0.0,2,"Wheelhouse, Benton County",100065,Wheelhouse,2017-11-29 00:26:07.380551
2005-11-22,08:15,33.2,,33.0,99.0,0.03,NW@0.4,2.3,36.2,0.0,3,"Wheelhouse, Benton County",100065,Wheelhouse,2017-11-29 00:26:07.380551
2005-11-22,08:30,33.3,,33.0,99.0,0.03,W@0.2,1.1,36.2,0.0,6,"Wheelhouse, Benton County",100065,Wheelhouse,2017-11-29 00:26:07.380551
2005-11-22,08:45,33.4,,33.2,99.0,0.02,N@0.0,0.2,36.2,0.0,8,"Wheelhouse, Benton County",100065,Wheelhouse,2017-11-29 00:26:07.380551
2005-11-22,09:00,33.5,,33.3,99.0,0.01,N@0.0,1.7,36.2,0.0,10,"Wheelhouse, Benton County",100065,Wheelhouse,2017-11-29 00:26:07.380551
2005-11-22,09:15,33.7,,33.4,99.0,0.0,SW@0.2,1.7,36.2,0.0,14,"Wheelhouse, Benton County",100065,Wheelhouse,2017-11-29 00:26:07.380551
2005-11-22,09:30,33.8,,33.6,99.1,,S@1.5,3.6,36.2,0.0,19,"Wheelhouse, Benton County",100065,Wheelhouse,2017-11-29 00:26:07.380551
2005-11-22,09:45,33.8,,33.6,99.1,,S@1.7,2.1,36.2,0.0,29,"Wheelhouse, Benton County",100065,Wheelhouse,2017-11-29 00:26:07.380551
2005-11-22,10:00,34.0,,33.8,99.1,,S@1.1,2.0,36.2,0.0,29,"Wheelhouse, Benton County",100065,Wheelhouse,2017-11-29 00:26:07.380551
2005-11-22,10:15,34.1,,33.9,99.1,,S@1.1,2.0,36.2,0.0,28,"Wheelhouse, Benton County",100065,Wheelhouse,2017-11-29 00:26:07.380551
2005-11-22,10:30,34.3,,34.0,99.1,,SW@1.7,2.1,36.2,0.0,26,"Wheelhouse, Benton County",100065,Wheelhouse,2017-11-29 00:26:07.380551
2005-11-22,10:45,34.4,,34.2,99.1,,SW@1.7,1.8,36.2,0.0,29,"Wheelhouse, Benton County",100065,Wheelhouse,2017-11-29 00:26:07.380551
2005-11-22,11:00,34.5,,34.3,99.2,,W@1.1,2.5,36.2,0.0,26,"Wheelhouse, Benton County",100065,Wheelhouse,2017-11-29 00:26:07.380551
2005-11-22,11:15,34.6,,34.4,99.2,,SW@1.1,2.7,36.2,0.0,28,"Wheelhouse, Benton County",100065,Wheelhouse,2017-11-29 00:26:07.380551
2005-11-22,11:30,34.7,,34.5,99.2,,W@1.3,2.3,36.2,0.0,31,"Wheelhouse, Benton County",100065,Wheelhouse,2017-11-29 00:26:07.380551
2005-11-22,11:45,34.8,,34.5,99.2,,W@1.7,2.1,36.2,0.0,32,"Wheelhouse, Benton County",100065,Wheelhouse,2017-11-29 00:26:07.380551
2005-11-22,12:00,34.9,,34.7,99.2,,W@0.4,2.3,36.2,0.0,30,"Wheelhouse, Benton County",100065,Wheelhouse,2017-11-29 00:26:07.380551
2005-11-22,12:15,35.0,,34.8,99.2,,W@0.4,1.4,36.2,0.0,29,"Wheelhouse, Benton County",100065,Wheelhouse,2017-11-29 00:26:07.380551
2005-11-22,12:30,35.3,,35.1,99.3,,N@0.0,0.0,36.3,0.0,26,"Wheelhouse, Benton County",100065,Wheelhouse,2017-11-29 00:26:07.380551
2005-11-22,12:45,35.3,,35.1,99.3,,N@0.0,0.0,36.3,0.0,26,"Wheelhouse, Benton County",100065,Wheelhouse,2017-11-29 00:26:07.380551
2005-11-22,13:00,35.4,,35.2,99.1,,N@0.0,1.3,36.3,0.0,26,"Wheelhouse, Benton County",100065,Wheelhouse,2017-11-29 00:26:07.380551
2005-11-22,13:15,35.6,,35.3,99.0,,S@1.1,2.1,36.3,0.0,25,"Wheelhouse, Benton County",100065,Wheelhouse,2017-11-29 00:26:07.380551
2005-11-22,13:30,35.7,,35.4,98.8,,S@1.4,4.7,36.4,0.0,22,"Wheelhouse, Benton County",100065,Wheelhouse,2017-11-29 00:26:07.380551
2005-11-22,13:45,35.8,,35.5,98.6,,S@1.1,2.0,36.4,0.0,31,"Wheelhouse, Benton County",100065,Wheelhouse,2017-11-29 00:26:07.380551
2005-11-22,14:00,36.0,,35.8,99.0,,SE@2.9,4.5,36.4,0.0,16,"Wheelhouse, Benton County",100065,Wheelhouse,2017-11-29 00:26:07.380551
2005-11-22,14:15,35.5,,35.4,99.3,,SE@3.0,6.3,36.4,0.0,11,"Wheelhouse, Benton County",100065,Wheelhouse,2017-11-29 00:26:07.380551
2005-11-22,14:30,35.3,,35.1,99.3,,SE@1.3,2.7,36.5,0.0,11,"Wheelhouse, Benton County",100065,Wheelhouse,2017-11-29 00:26:07.380551
2005-11-22,14:45,35.4,,35.2,99.3,,SE@1.8,3.8,36.5,0.0,8,"Wheelhouse, Benton County",100065,Wheelhouse,2017-11-29 00:26:07.380551
2005-11-22,15:00,35.4,,35.2,99.1,,SE@1.1,2.1,36.5,0.0,5,"Wheelhouse, Benton County",100065,Wheelhouse,2017-11-29 00:26:07.380551
2005-11-22,15:15,35.4,,35.1,98.8,,SE@1.7,3.0,36.6,0.0,3,"Wheelhouse, Benton County",100065,Wheelhouse,2017-11-29 00:26:07.380551
2005-11-22,15:30,35.4,,35.0,98.5,,N@0.2,1.1,36.6,0.0,1,"Wheelhouse, Benton County",100065,Wheelhouse,2017-11-29 00:26:07.380551
2005-11-22,15:45,35.5,,35.2,98.7,,N@0.0,1.5,36.6,0.0,0,"Wheelhouse, Benton County",100065,Wheelhouse,2017-11-29 00:26:07.380551
2005-11-22,16:00,35.4,,35.2,99.3,,NW@1.7,2.5,36.6,0.0,0,"Wheelhouse, Benton County",100065,Wheelhouse,2017-11-29 00:26:07.380551
2005-11-22,16:15,35.3,,35.1,99.2,,N@1.6,3.4,36.7,0.0,0,"Wheelhouse, Benton County",100065,Wheelhouse,2017-11-29 00:26:07.380551
2005-11-22,16:30,35.3,,35.0,99.0,,N@1.8,2.9,36.7,0.0,0,"Wheelhouse, Benton County",100065,Wheelhouse,2017-11-29 00:26:07.380551
2005-11-22,16:45,35.4,,35.1,99.0,,NE@1.1,2.7,36.7,0.0,0,"Wheelhouse, Benton County",100065,Wheelhouse,2017-11-29 00:26:07.380551
2005-11-22,17:00,35.5,,35.2,98.8,,E@1.1,2.0,36.7,0.0,0,"Wheelhouse, Benton County",100065,Wheelhouse,2017-11-29 00:26:07.380551
2005-11-22,17:15,35.4,,35.1,99.1,,E@0.4,1.4,36.7,0.0,0,"Wheelhouse, Benton County",100065,Wheelhouse,2017-11-29 00:26:07.380551
2005-11-22,17:30,35.3,,35.0,98.9,,SE@1.5,1.6,36.7,0.0,0,"Wheelhouse, Benton County",100065,Wheelhouse,2017-11-29 00:26:07.380551
2005-11-22,17:45,35.3,,35.1,99.2,,N@0.0,0.0,36.7,0.0,0,"Wheelhouse, Benton County",100065,Wheelhouse,2017-11-29 00:26:07.380551
2005-11-22,18:00,35.1,,34.9,99.2,,SE@0.4,1.1,36.7,0.0,0,"Wheelhouse, Benton County",100065,Wheelhouse,2017-11-29 00:26:07.380551
2005-11-22,18:15,35.1,,34.4,97.1,,N@1.9,2.7,36.7,0.0,0,"Wheelhouse, Benton County",100065,Wheelhouse,2017-11-29 00:26:07.380551
2005-11-22,18:30,35.3,,34.3,96.4,,N@1.5,1.6,36.7,0.0,0,"Wheelhouse, Benton County",100065,Wheelhouse,2017-11-29 00:26:07.380551
2005-11-22,18:45,35.3,,34.5,97.2,,N@1.7,1.7,36.7,0.0,0,"Wheelhouse, Benton County",100065,Wheelhouse,2017-11-29 00:26:07.380551
2005-11-22,19:00,35.1,,34.5,97.5,,NE@1.7,1.7,36.7,0.0,0,"Wheelhouse, Benton County",100065,Wheelhouse,2017-11-29 00:26:07.380551
2005-11-22,19:15,35.0,,34.6,98.1,,E@0.2,1.3,36.7,0.0,0,"Wheelhouse, Benton County",100065,Wheelhouse,2017-11-29 00:26:07.380551
2005-11-22,19:30,35.0,,34.6,98.4,,E@0.2,1.8,36.7,0.0,0,"Wheelhouse, Benton County",100065,Wheelhouse,2017-11-29 00:26:07.380551
2005-11-22,19:45,35.0,,34.2,96.8,,E@0.4,2.1,36.7,0.0,0,"Wheelhouse, Benton County",100065,Wheelhouse,2017-11-29 00:26:07.380551
2005-11-22,20:00,35.0,,34.2,96.8,,N@1.7,3.4,36.7,0.0,0,"Wheelhouse, Benton County",100065,Wheelhouse,2017-11-29 00:26:07.380551
2005-11-22,20:15,35.1,,34.1,95.8,,N@0.0,0.0,36.7,0.0,0,"Wheelhouse, Benton County",100065,Wheelhouse,2017-11-29 00:26:07.380551
2005-11-22,20:30,34.9,,34.2,97.4,,NE@1.7,1.7,36.7,0.0,0,"Wheelhouse, Benton County",100065,Wheelhouse,2017-11-29 00:26:07.380551
2005-11-22,20:45,34.8,,34.5,98.6,,S@1.9,1.9,36.6,0.0,0,"Wheelhouse, Benton County",100065,Wheelhouse,2017-11-29 00:26:07.380551
2005-11-22,21:00,34.6,,34.3,98.7,,SW@1.4,2.9,36.6,0.0,0,"Wheelhouse, Benton County",100065,Wheelhouse,2017-11-29 00:26:07.380551
2005-11-22,21:15,34.6,,34.3,98.8,,S@1.4,2.5,36.6,0.0,0,"Wheelhouse, Benton County",100065,Wheelhouse,2017-11-29 00:26:07.380551
2005-11-22,21:30,34.6,,34.3,99.1,,S@0.4,2.0,36.6,0.0,0,"Wheelhouse, Benton County",100065,Wheelhouse,2017-11-29 00:26:07.380551
2005-11-22,21:45,34.4,,34.1,99.1,,S@1.4,2.5,36.6,0.0,0,"Wheelhouse, Benton County",100065,Wheelhouse,2017-11-29 00:26:07.380551
2005-11-22,22:00,34.3,,34.0,99.1,,SW@1.4,2.3,36.6,0.0,0,"Wheelhouse, Benton County",100065,Wheelhouse,2017-11-29 00:26:07.380551
2005-11-22,22:15,34.2,,34.0,99.1,,NW@1.3,2.0,36.6,0.0,0,"Wheelhouse, Benton County",100065,Wheelhouse,2017-11-29 00:26:07.380551
2005-11-22,22:30,34.0,,33.8,99.1,,NW@1.1,2.5,36.6,0.0,0,"Wheelhouse, Benton County",100065,Wheelhouse,2017-11-29 00:26:07.380551
2005-11-22,22:45,34.0,,33.8,99.1,,W@1.5,2.1,36.6,0.0,0,"Wheelhouse, Benton County",100065,Wheelhouse,2017-11-29 00:26:07.380551
2005-11-22,23:00,34.0,,33.8,99.1,,NW@0.4,1.3,36.6,0.0,0,"Wheelhouse, Benton County",100065,Wheelhouse,2017-11-29 00:26:07.380551
2005-11-22,23:15,34.0,,33.7,99.1,,W@0.4,1.4,36.5,0.0,0,"Wheelhouse, Benton County",100065,Wheelhouse,2017-11-29 00:26:07.380551
2005-11-22,23:30,33.9,,33.7,99.1,,N@0.0,0.2,36.5,0.0,0,"Wheelhouse, Benton County",100065,Wheelhouse,2017-11-29 00:26:07.380551
2005-11-22,23:45,33.9,,33.7,99.1,,N@0.0,0.0,36.5,0.0,0,"Wheelhouse, Benton County",100065,Wheelhouse,2017-11-29 00:26:07.380551
