Date,Time PST,Air Temp °F, 2<sup>nd</sup> Air Temp °F, Dew Point °F, Rel Hum %, Leaf Wet u., Wind Dir @ Speed mph, Wind Gust mph, 8 in. Soil Tmp °F, Tot Prec in, Solar Rad W/m², Atm. Press. inHg,Location,Station ID,Station Name,Download Timestamp
2016-11-21,00:15,33.3,33.2,32.6,97.3,1.0,NE@2.8,4.2,46.9,0.0,0,29.91,"Paterson, Benton County",100062,Paterson,2017-12-16 08:29:08.008923
2016-11-21,00:30,33.6,33.6,33.0,97.6,1.0,N@2.1,3.9,46.9,0.0,0,29.91,"Paterson, Benton County",100062,Paterson,2017-12-16 08:29:08.008923
2016-11-21,00:45,33.7,33.7,33.1,97.8,1.0,N@0.9,3.5,46.8,0.0,0,29.9,"Paterson, Benton County",100062,Paterson,2017-12-16 08:29:08.008923
2016-11-21,01:00,34.8,34.8,34.3,98.0,1.0,N@0.0,0.0,46.7,0.0,0,29.91,"Paterson, Benton County",100062,Paterson,2017-12-16 08:29:08.008923
2016-11-21,01:15,34.2,34.2,33.6,97.8,1.0,SW@1.7,3.5,46.7,0.0,0,29.91,"Paterson, Benton County",100062,Paterson,2017-12-16 08:29:08.008923
2016-11-21,01:30,35.5,35.4,35.0,98.1,1.0,W@1.3,3.5,46.6,0.0,0,29.92,"Paterson, Benton County",100062,Paterson,2017-12-16 08:29:08.008923
2016-11-21,01:45,35.2,35.1,34.8,98.2,1.0,W@0.4,2.8,46.5,0.0,0,29.92,"Paterson, Benton County",100062,Paterson,2017-12-16 08:29:08.008923
2016-11-21,02:00,34.4,34.3,34.0,98.4,1.0,SE@0.7,3.1,46.5,0.0,0,29.92,"Paterson, Benton County",100062,Paterson,2017-12-16 08:29:08.008923
2016-11-21,02:15,33.4,33.4,33.0,98.5,1.0,NE@0.6,2.8,46.4,0.0,0,29.92,"Paterson, Benton County",100062,Paterson,2017-12-16 08:29:08.008923
2016-11-21,02:30,33.2,33.1,32.8,98.6,1.0,SE@0.5,2.1,46.4,0.0,0,29.92,"Paterson, Benton County",100062,Paterson,2017-12-16 08:29:08.008923
2016-11-21,02:45,33.6,33.5,33.3,98.7,1.0,NW@1.1,3.9,46.3,0.0,0,29.92,"Paterson, Benton County",100062,Paterson,2017-12-16 08:29:08.008923
2016-11-21,03:00,33.4,33.4,33.1,98.8,1.0,NW@1.0,3.1,46.2,0.0,0,29.92,"Paterson, Benton County",100062,Paterson,2017-12-16 08:29:08.008923
2016-11-21,03:15,33.1,33.1,32.8,98.9,1.0,E@1.8,3.5,46.2,0.0,0,29.92,"Paterson, Benton County",100062,Paterson,2017-12-16 08:29:08.008923
2016-11-21,03:30,33.5,33.5,33.2,99.0,1.0,NE@2.5,4.6,46.1,0.0,0,29.92,"Paterson, Benton County",100062,Paterson,2017-12-16 08:29:08.008923
2016-11-21,03:45,34.0,33.9,33.8,99.1,1.0,NE@0.5,2.8,46.0,0.0,0,29.92,"Paterson, Benton County",100062,Paterson,2017-12-16 08:29:08.008923
2016-11-21,04:00,34.4,34.3,34.1,99.1,1.0,N@0.0,0.0,46.0,0.0,0,29.92,"Paterson, Benton County",100062,Paterson,2017-12-16 08:29:08.008923
2016-11-21,04:15,34.7,34.6,34.4,99.2,1.0,N@1.8,3.9,45.9,0.0,0,29.93,"Paterson, Benton County",100062,Paterson,2017-12-16 08:29:08.008923
2016-11-21,04:30,34.9,34.9,34.7,99.2,1.0,NE@2.7,3.9,45.9,0.0,0,29.93,"Paterson, Benton County",100062,Paterson,2017-12-16 08:29:08.008923
2016-11-21,04:45,35.1,35.1,34.9,99.1,1.0,NE@3.5,5.7,45.8,0.0,0,29.93,"Paterson, Benton County",100062,Paterson,2017-12-16 08:29:08.008923
2016-11-21,05:00,35.0,35.0,34.8,99.1,1.0,NE@4.3,5.7,45.8,0.0,0,29.93,"Paterson, Benton County",100062,Paterson,2017-12-16 08:29:08.008923
2016-11-21,05:15,34.9,34.9,34.7,99.1,1.0,NE@3.9,4.9,45.7,0.0,0,29.93,"Paterson, Benton County",100062,Paterson,2017-12-16 08:29:08.008923
2016-11-21,05:30,34.5,34.5,34.3,99.2,1.0,E@2.4,4.6,45.7,0.0,0,29.93,"Paterson, Benton County",100062,Paterson,2017-12-16 08:29:08.008923
2016-11-21,05:45,34.2,34.2,34.0,99.2,1.0,NE@3.0,3.9,45.6,0.0,0,29.93,"Paterson, Benton County",100062,Paterson,2017-12-16 08:29:08.008923
2016-11-21,06:00,34.4,34.4,34.2,99.1,1.0,NE@1.5,2.8,45.6,0.0,0,29.94,"Paterson, Benton County",100062,Paterson,2017-12-16 08:29:08.008923
2016-11-21,06:15,34.5,34.5,34.3,99.1,1.0,N@0.0,0.0,45.6,0.0,0,29.94,"Paterson, Benton County",100062,Paterson,2017-12-16 08:29:08.008923
2016-11-21,06:30,34.6,34.6,34.4,99.1,1.0,N@0.0,0.0,45.5,0.0,0,29.94,"Paterson, Benton County",100062,Paterson,2017-12-16 08:29:08.008923
2016-11-21,06:45,35.0,35.1,34.8,99.2,1.0,N@1.0,2.4,45.5,0.0,0,29.94,"Paterson, Benton County",100062,Paterson,2017-12-16 08:29:08.008923
2016-11-21,07:00,35.0,35.0,34.8,99.1,1.0,NE@2.6,3.9,45.5,0.0,0,29.94,"Paterson, Benton County",100062,Paterson,2017-12-16 08:29:08.008923
2016-11-21,07:15,34.9,34.9,34.7,99.2,1.0,E@2.1,3.1,45.4,0.0,2,29.94,"Paterson, Benton County",100062,Paterson,2017-12-16 08:29:08.008923
2016-11-21,07:30,34.9,34.9,34.7,99.1,1.0,N@0.0,0.0,45.4,0.01,9,29.95,"Paterson, Benton County",100062,Paterson,2017-12-16 08:29:08.008923
2016-11-21,07:45,35.1,35.1,34.9,99.1,1.0,NE@0.6,2.1,45.4,0.0,22,29.95,"Paterson, Benton County",100062,Paterson,2017-12-16 08:29:08.008923
2016-11-21,08:00,35.2,35.2,35.0,99.1,1.0,N@1.0,2.8,45.3,0.0,35,29.96,"Paterson, Benton County",100062,Paterson,2017-12-16 08:29:08.008923
2016-11-21,08:15,36.3,36.2,36.1,99.2,1.0,N@0.0,0.0,45.3,0.0,56,29.96,"Paterson, Benton County",100062,Paterson,2017-12-16 08:29:08.008923
2016-11-21,08:30,37.0,37.2,36.8,99.2,1.0,NW@2.1,4.9,45.3,0.0,130,29.96,"Paterson, Benton County",100062,Paterson,2017-12-16 08:29:08.008923
2016-11-21,08:45,38.9,39.0,38.7,99.1,1.0,N@0.6,3.1,45.3,0.0,163,29.97,"Paterson, Benton County",100062,Paterson,2017-12-16 08:29:08.008923
2016-11-21,09:00,41.1,41.2,40.8,98.9,1.0,NW@0.5,3.1,45.2,0.0,196,29.97,"Paterson, Benton County",100062,Paterson,2017-12-16 08:29:08.008923
2016-11-21,09:15,41.8,42.4,41.5,98.8,1.0,NW@1.7,4.2,45.2,0.0,221,29.97,"Paterson, Benton County",100062,Paterson,2017-12-16 08:29:08.008923
2016-11-21,09:30,41.6,42.2,41.3,98.8,1.0,NW@3.7,4.6,45.2,0.0,163,29.97,"Paterson, Benton County",100062,Paterson,2017-12-16 08:29:08.008923
2016-11-21,09:45,42.0,42.5,41.7,98.5,1.0,W@3.8,6.0,45.2,0.0,235,29.97,"Paterson, Benton County",100062,Paterson,2017-12-16 08:29:08.008923
2016-11-21,10:00,42.4,42.9,41.9,98.2,0.95,NW@2.7,4.9,45.1,0.0,263,29.96,"Paterson, Benton County",100062,Paterson,2017-12-16 08:29:08.008923
2016-11-21,10:15,43.6,44.0,42.7,96.6,0.88,NW@3.6,6.0,45.1,0.0,325,29.97,"Paterson, Benton County",100062,Paterson,2017-12-16 08:29:08.008923
2016-11-21,10:30,44.2,44.3,42.3,93.0,0.49,NW@3.6,6.4,45.1,0.0,342,29.97,"Paterson, Benton County",100062,Paterson,2017-12-16 08:29:08.008923
2016-11-21,10:45,44.9,44.8,41.9,89.2,0.09,NW@5.1,7.4,45.1,0.0,355,29.96,"Paterson, Benton County",100062,Paterson,2017-12-16 08:29:08.008923
2016-11-21,11:00,44.7,44.7,42.2,90.8,0.09,NW@5.2,7.4,45.1,0.0,332,29.97,"Paterson, Benton County",100062,Paterson,2017-12-16 08:29:08.008923
2016-11-21,11:15,44.8,44.9,42.1,90.3,0.13,NW@5.4,7.1,45.1,0.0,302,29.96,"Paterson, Benton County",100062,Paterson,2017-12-16 08:29:08.008923
2016-11-21,11:30,45.6,45.6,42.3,88.2,0.12,NW@4.7,7.4,45.1,0.0,389,29.96,"Paterson, Benton County",100062,Paterson,2017-12-16 08:29:08.008923
2016-11-21,11:45,45.3,45.4,42.1,88.5,0.15,NW@4.9,7.1,45.2,0.0,180,29.96,"Paterson, Benton County",100062,Paterson,2017-12-16 08:29:08.008923
2016-11-21,12:00,45.1,45.1,42.1,88.9,0.16,NW@5.2,7.1,45.2,0.0,183,29.96,"Paterson, Benton County",100062,Paterson,2017-12-16 08:29:08.008923
2016-11-21,12:15,46.0,46.1,42.4,87.1,0.13,N@3.4,5.7,45.3,0.0,235,29.96,"Paterson, Benton County",100062,Paterson,2017-12-16 08:29:08.008923
2016-11-21,12:30,47.3,47.5,42.6,83.4,0.05,NW@2.8,4.6,45.3,0.0,314,29.96,"Paterson, Benton County",100062,Paterson,2017-12-16 08:29:08.008923
2016-11-21,12:45,48.4,48.8,42.8,80.8,0.0,NW@3.2,5.3,45.4,0.0,336,29.95,"Paterson, Benton County",100062,Paterson,2017-12-16 08:29:08.008923
2016-11-21,13:00,49.0,49.1,43.4,80.8,0.02,NW@3.5,5.7,45.5,0.0,179,29.95,"Paterson, Benton County",100062,Paterson,2017-12-16 08:29:08.008923
2016-11-21,13:15,49.2,49.2,43.3,80.0,0.02,W@2.7,4.2,45.6,0.0,168,29.95,"Paterson, Benton County",100062,Paterson,2017-12-16 08:29:08.008923
2016-11-21,13:30,49.6,49.7,43.8,80.4,0.03,NW@2.7,3.9,45.7,0.0,143,29.96,"Paterson, Benton County",100062,Paterson,2017-12-16 08:29:08.008923
2016-11-21,13:45,50.2,50.2,43.8,78.4,0.0,NW@0.9,2.8,45.8,0.0,155,29.96,"Paterson, Benton County",100062,Paterson,2017-12-16 08:29:08.008923
2016-11-21,14:00,51.1,51.0,44.0,76.8,0.0,NW@1.3,4.2,45.9,0.0,166,29.96,"Paterson, Benton County",100062,Paterson,2017-12-16 08:29:08.008923
2016-11-21,14:15,52.0,52.0,44.1,74.5,0.0,SW@1.5,3.5,46.1,0.0,165,29.96,"Paterson, Benton County",100062,Paterson,2017-12-16 08:29:08.008923
2016-11-21,14:30,52.4,52.6,44.0,73.0,0.0,W@0.5,2.8,46.2,0.0,186,29.96,"Paterson, Benton County",100062,Paterson,2017-12-16 08:29:08.008923
2016-11-21,14:45,52.8,52.8,44.0,71.7,0.01,E@1.0,3.5,46.3,0.0,116,29.96,"Paterson, Benton County",100062,Paterson,2017-12-16 08:29:08.008923
2016-11-21,15:00,51.2,51.1,44.1,76.3,0.04,E@2.9,4.2,46.5,0.0,98,29.97,"Paterson, Benton County",100062,Paterson,2017-12-16 08:29:08.008923
2016-11-21,15:15,51.8,51.6,44.2,75.1,0.0,E@3.3,4.2,46.6,0.0,120,29.97,"Paterson, Benton County",100062,Paterson,2017-12-16 08:29:08.008923
2016-11-21,15:30,51.7,51.5,44.5,76.1,0.01,E@3.4,4.6,46.7,0.0,101,29.97,"Paterson, Benton County",100062,Paterson,2017-12-16 08:29:08.008923
2016-11-21,15:45,51.3,51.2,44.5,77.2,0.05,E@2.8,3.9,46.9,0.0,80,29.97,"Paterson, Benton County",100062,Paterson,2017-12-16 08:29:08.008923
2016-11-21,16:00,51.1,51.0,44.0,76.7,0.03,SE@2.7,4.6,47.0,0.0,56,29.98,"Paterson, Benton County",100062,Paterson,2017-12-16 08:29:08.008923
2016-11-21,16:15,50.1,50.1,43.5,78.0,0.07,SE@3.5,5.7,47.1,0.0,20,29.98,"Paterson, Benton County",100062,Paterson,2017-12-16 08:29:08.008923
2016-11-21,16:30,48.2,48.2,43.0,82.1,0.13,SE@3.6,5.7,47.3,0.0,4,29.99,"Paterson, Benton County",100062,Paterson,2017-12-16 08:29:08.008923
2016-11-21,16:45,48.5,48.6,43.1,81.3,0.12,SE@2.7,5.7,47.4,0.0,1,29.99,"Paterson, Benton County",100062,Paterson,2017-12-16 08:29:08.008923
2016-11-21,17:00,49.3,49.3,42.6,77.5,0.11,S@2.5,3.9,47.5,0.0,0,30.0,"Paterson, Benton County",100062,Paterson,2017-12-16 08:29:08.008923
2016-11-21,17:15,48.6,48.7,41.9,77.3,0.08,SW@4.3,7.4,47.6,0.0,0,30.01,"Paterson, Benton County",100062,Paterson,2017-12-16 08:29:08.008923
2016-11-21,17:30,48.0,48.1,41.7,78.6,0.08,SW@5.7,7.8,47.7,0.0,0,30.01,"Paterson, Benton County",100062,Paterson,2017-12-16 08:29:08.008923
2016-11-21,17:45,48.0,48.0,41.4,77.9,0.09,SW@5.1,7.4,47.8,0.0,0,30.02,"Paterson, Benton County",100062,Paterson,2017-12-16 08:29:08.008923
2016-11-21,18:00,45.8,45.9,40.0,79.9,0.11,SW@5.9,8.5,47.9,0.0,0,30.03,"Paterson, Benton County",100062,Paterson,2017-12-16 08:29:08.008923
2016-11-21,18:15,46.0,46.1,40.0,79.4,0.1,SW@6.1,9.9,48.0,0.0,0,30.03,"Paterson, Benton County",100062,Paterson,2017-12-16 08:29:08.008923
2016-11-21,18:30,45.3,45.4,39.8,80.9,0.11,SW@6.3,8.9,48.1,0.0,0,30.04,"Paterson, Benton County",100062,Paterson,2017-12-16 08:29:08.008923
2016-11-21,18:45,45.1,45.1,39.2,79.9,0.1,SW@6.6,9.6,48.2,0.0,0,30.05,"Paterson, Benton County",100062,Paterson,2017-12-16 08:29:08.008923
2016-11-21,19:00,44.2,44.2,38.5,80.5,0.11,SW@5.8,8.5,48.2,0.0,0,30.05,"Paterson, Benton County",100062,Paterson,2017-12-16 08:29:08.008923
2016-11-21,19:15,44.0,44.1,38.4,80.4,0.1,SW@6.9,11.0,48.3,0.0,0,30.06,"Paterson, Benton County",100062,Paterson,2017-12-16 08:29:08.008923
2016-11-21,19:30,44.1,44.2,38.3,79.7,0.1,SW@5.8,8.9,48.3,0.0,0,30.06,"Paterson, Benton County",100062,Paterson,2017-12-16 08:29:08.008923
2016-11-21,19:45,43.5,43.7,38.3,81.6,0.13,SW@5.6,7.4,48.3,0.0,0,30.07,"Paterson, Benton County",100062,Paterson,2017-12-16 08:29:08.008923
2016-11-21,20:00,43.2,43.2,38.2,82.4,0.15,SW@5.1,6.7,48.4,0.0,0,30.08,"Paterson, Benton County",100062,Paterson,2017-12-16 08:29:08.008923
2016-11-21,20:15,42.7,42.7,37.9,82.9,0.18,SW@5.0,8.5,48.4,0.0,0,30.08,"Paterson, Benton County",100062,Paterson,2017-12-16 08:29:08.008923
2016-11-21,20:30,42.5,42.6,37.7,82.8,0.21,SW@3.6,5.7,48.4,0.0,0,30.09,"Paterson, Benton County",100062,Paterson,2017-12-16 08:29:08.008923
2016-11-21,20:45,42.0,42.0,37.4,83.5,0.24,W@3.7,5.3,48.4,0.0,0,30.09,"Paterson, Benton County",100062,Paterson,2017-12-16 08:29:08.008923
2016-11-21,21:00,40.9,40.9,36.8,85.3,0.37,W@1.6,4.9,48.4,0.0,0,30.09,"Paterson, Benton County",100062,Paterson,2017-12-16 08:29:08.008923
2016-11-21,21:15,40.1,40.1,36.5,86.7,0.59,SW@3.0,4.6,48.4,0.0,0,30.09,"Paterson, Benton County",100062,Paterson,2017-12-16 08:29:08.008923
2016-11-21,21:30,41.1,41.1,37.0,85.2,0.42,SW@2.7,5.3,48.4,0.0,0,30.09,"Paterson, Benton County",100062,Paterson,2017-12-16 08:29:08.008923
2016-11-21,21:45,39.1,39.1,35.4,86.4,0.55,N@3.1,5.3,48.3,0.0,0,30.1,"Paterson, Benton County",100062,Paterson,2017-12-16 08:29:08.008923
2016-11-21,22:00,36.2,36.2,34.0,91.5,0.72,E@2.8,4.6,48.3,0.0,0,30.1,"Paterson, Benton County",100062,Paterson,2017-12-16 08:29:08.008923
2016-11-21,22:15,40.2,40.1,36.0,85.0,0.75,W@2.3,5.3,48.3,0.0,0,30.11,"Paterson, Benton County",100062,Paterson,2017-12-16 08:29:08.008923
2016-11-21,22:30,37.4,37.3,34.3,88.5,0.77,NE@1.9,4.6,48.2,0.0,0,30.11,"Paterson, Benton County",100062,Paterson,2017-12-16 08:29:08.008923
2016-11-21,22:45,35.4,35.6,33.3,92.1,0.84,N@3.9,5.3,48.2,0.0,0,30.11,"Paterson, Benton County",100062,Paterson,2017-12-16 08:29:08.008923
2016-11-21,23:00,34.4,34.4,32.4,92.1,0.87,N@4.2,5.3,48.2,0.0,0,30.12,"Paterson, Benton County",100062,Paterson,2017-12-16 08:29:08.008923
2016-11-21,23:15,34.2,34.3,32.6,93.9,0.9,N@3.6,5.3,48.1,0.0,0,30.12,"Paterson, Benton County",100062,Paterson,2017-12-16 08:29:08.008923
2016-11-21,23:30,34.5,34.5,32.7,93.2,0.92,N@3.1,4.9,48.1,0.0,0,30.12,"Paterson, Benton County",100062,Paterson,2017-12-16 08:29:08.008923
2016-11-21,23:45,34.2,34.2,32.6,93.8,0.93,N@3.5,4.9,48.0,0.0,0,30.12,"Paterson, Benton County",100062,Paterson,2017-12-16 08:29:08.008923
2016-11-21,24:00,33.8,33.7,32.3,94.2,0.94,NW@4.2,5.7,48.0,0.0,0,30.13,"Paterson, Benton County",100062,Paterson,2017-12-16 08:29:08.008923
2016-11-22,00:15,34.1,34.1,32.5,94.0,0.94,N@3.3,4.6,47.9,0.0,0,30.13,"Paterson, Benton County",100062,Paterson,2017-12-16 08:29:08.008923
2016-11-22,00:30,34.1,33.9,32.6,94.1,0.97,N@3.6,4.6,47.8,0.0,0,30.13,"Paterson, Benton County",100062,Paterson,2017-12-16 08:29:08.008923
2016-11-22,00:45,34.2,34.2,32.4,93.1,1.0,N@3.2,4.6,47.8,0.0,0,30.13,"Paterson, Benton County",100062,Paterson,2017-12-16 08:29:08.008923
2016-11-22,01:00,33.7,33.6,32.1,93.9,1.0,N@3.2,4.2,47.7,0.0,0,30.14,"Paterson, Benton County",100062,Paterson,2017-12-16 08:29:08.008923
2016-11-22,01:15,33.0,32.9,31.5,94.2,1.0,N@3.3,4.2,47.6,0.0,0,30.14,"Paterson, Benton County",100062,Paterson,2017-12-16 08:29:08.008923
2016-11-22,01:30,32.9,32.8,31.4,94.4,1.0,N@3.1,4.6,47.6,0.0,0,30.14,"Paterson, Benton County",100062,Paterson,2017-12-16 08:29:08.008923
2016-11-22,01:45,33.2,33.2,31.7,94.5,1.0,N@2.5,4.2,47.5,0.0,0,30.14,"Paterson, Benton County",100062,Paterson,2017-12-16 08:29:08.008923
2016-11-22,02:00,33.2,33.2,31.6,93.8,1.0,N@2.3,4.2,47.4,0.0,0,30.15,"Paterson, Benton County",100062,Paterson,2017-12-16 08:29:08.008923
2016-11-22,02:15,33.2,33.4,31.7,94.1,1.0,N@1.4,6.4,47.3,0.0,0,30.15,"Paterson, Benton County",100062,Paterson,2017-12-16 08:29:08.008923
2016-11-22,02:30,31.8,31.8,30.3,94.7,1.0,N@3.8,5.7,47.2,0.0,0,30.15,"Paterson, Benton County",100062,Paterson,2017-12-16 08:29:08.008923
2016-11-22,02:45,32.5,32.6,31.4,95.5,1.0,N@1.1,3.1,47.2,0.0,0,30.15,"Paterson, Benton County",100062,Paterson,2017-12-16 08:29:08.008923
2016-11-22,03:00,32.6,32.7,31.2,94.7,1.0,N@3.1,4.9,47.1,0.0,0,30.15,"Paterson, Benton County",100062,Paterson,2017-12-16 08:29:08.008923
2016-11-22,03:15,31.9,32.0,30.7,95.7,1.0,N@2.6,3.9,47.0,0.0,0,30.15,"Paterson, Benton County",100062,Paterson,2017-12-16 08:29:08.008923
2016-11-22,03:30,32.6,32.8,31.5,95.5,1.0,NE@1.7,3.9,46.9,0.0,0,30.15,"Paterson, Benton County",100062,Paterson,2017-12-16 08:29:08.008923
2016-11-22,03:45,32.0,32.1,30.6,94.4,1.0,NE@3.9,5.3,46.8,0.0,0,30.15,"Paterson, Benton County",100062,Paterson,2017-12-16 08:29:08.008923
2016-11-22,04:00,30.0,30.0,28.2,94.6,1.0,E@4.3,5.7,46.8,0.0,0,30.15,"Paterson, Benton County",100062,Paterson,2017-12-16 08:29:08.008923
2016-11-22,04:15,32.2,32.3,30.8,94.3,1.0,NE@4.3,7.1,46.7,0.0,0,30.15,"Paterson, Benton County",100062,Paterson,2017-12-16 08:29:08.008923
2016-11-22,04:30,31.1,31.3,29.3,93.8,1.0,N@3.3,5.3,46.6,0.0,0,30.15,"Paterson, Benton County",100062,Paterson,2017-12-16 08:29:08.008923
2016-11-22,04:45,31.9,32.0,30.4,94.3,1.0,NE@3.7,5.3,46.5,0.0,0,30.15,"Paterson, Benton County",100062,Paterson,2017-12-16 08:29:08.008923
2016-11-22,05:00,31.6,31.6,30.0,94.3,1.0,NE@5.0,5.7,46.4,0.0,0,30.15,"Paterson, Benton County",100062,Paterson,2017-12-16 08:29:08.008923
2016-11-22,05:15,31.9,31.9,30.1,93.4,1.0,NE@4.0,5.3,46.4,0.0,0,30.15,"Paterson, Benton County",100062,Paterson,2017-12-16 08:29:08.008923
2016-11-22,05:30,31.3,31.3,29.5,93.9,1.0,NE@3.9,4.9,46.3,0.0,0,30.15,"Paterson, Benton County",100062,Paterson,2017-12-16 08:29:08.008923
2016-11-22,05:45,31.5,31.6,29.7,93.9,1.0,NE@3.7,4.2,46.2,0.0,0,30.15,"Paterson, Benton County",100062,Paterson,2017-12-16 08:29:08.008923
2016-11-22,06:00,31.4,31.5,29.7,94.0,1.0,NE@3.5,4.2,46.1,0.0,0,30.15,"Paterson, Benton County",100062,Paterson,2017-12-16 08:29:08.008923
2016-11-22,06:15,31.6,31.8,29.8,93.5,1.0,NE@4.4,5.7,46.1,0.0,0,30.14,"Paterson, Benton County",100062,Paterson,2017-12-16 08:29:08.008923
2016-11-22,06:30,31.6,31.7,29.8,93.4,1.0,N@4.1,4.9,46.0,0.0,0,30.14,"Paterson, Benton County",100062,Paterson,2017-12-16 08:29:08.008923
2016-11-22,06:45,32.1,32.4,30.4,93.2,1.0,NE@2.8,4.2,45.9,0.0,0,30.14,"Paterson, Benton County",100062,Paterson,2017-12-16 08:29:08.008923
2016-11-22,07:00,31.4,31.4,29.5,93.2,1.0,W@2.2,3.5,45.8,0.0,1,30.15,"Paterson, Benton County",100062,Paterson,2017-12-16 08:29:08.008923
2016-11-22,07:15,31.9,31.6,29.9,92.8,1.0,N@2.3,4.2,45.8,0.0,5,30.14,"Paterson, Benton County",100062,Paterson,2017-12-16 08:29:08.008923
2016-11-22,07:30,30.9,30.8,29.0,93.3,1.0,N@3.0,3.9,45.7,0.0,18,30.14,"Paterson, Benton County",100062,Paterson,2017-12-16 08:29:08.008923
2016-11-22,07:45,31.4,31.3,29.6,93.7,0.84,N@1.9,3.1,45.6,0.0,32,30.14,"Paterson, Benton County",100062,Paterson,2017-12-16 08:29:08.008923
2016-11-22,08:00,32.5,32.6,30.4,92.1,0.75,N@0.8,2.8,45.5,0.0,65,30.14,"Paterson, Benton County",100062,Paterson,2017-12-16 08:29:08.008923
2016-11-22,08:15,33.2,33.4,30.8,90.9,0.84,NW@1.0,2.8,45.5,0.0,59,30.15,"Paterson, Benton County",100062,Paterson,2017-12-16 08:29:08.008923
2016-11-22,08:30,34.9,34.7,32.1,89.4,0.98,NW@1.6,2.8,45.4,0.0,129,30.15,"Paterson, Benton County",100062,Paterson,2017-12-16 08:29:08.008923
2016-11-22,08:45,35.9,35.9,33.1,89.7,1.0,SW@1.7,6.0,45.3,0.0,171,30.15,"Paterson, Benton County",100062,Paterson,2017-12-16 08:29:08.008923
2016-11-22,09:00,36.8,36.6,33.9,89.0,1.0,SW@3.3,4.9,45.3,0.0,191,30.15,"Paterson, Benton County",100062,Paterson,2017-12-16 08:29:08.008923
2016-11-22,09:15,37.8,37.7,34.8,88.6,0.96,SW@3.8,5.7,45.2,0.0,212,30.15,"Paterson, Benton County",100062,Paterson,2017-12-16 08:29:08.008923
2016-11-22,09:30,39.1,38.9,35.5,86.7,0.9,SW@3.0,4.2,45.1,0.0,249,30.15,"Paterson, Benton County",100062,Paterson,2017-12-16 08:29:08.008923
2016-11-22,09:45,40.5,40.5,36.2,84.6,0.73,W@2.4,3.9,45.0,0.0,267,30.15,"Paterson, Benton County",100062,Paterson,2017-12-16 08:29:08.008923
2016-11-22,10:00,42.1,42.1,36.9,81.6,0.22,SW@1.7,3.5,45.0,0.0,290,30.14,"Paterson, Benton County",100062,Paterson,2017-12-16 08:29:08.008923
2016-11-22,10:15,43.2,43.1,37.2,79.1,0.0,E@2.1,4.9,44.9,0.0,310,30.14,"Paterson, Benton County",100062,Paterson,2017-12-16 08:29:08.008923
2016-11-22,10:30,43.5,43.2,37.9,80.4,0.03,E@3.5,5.7,44.9,0.0,323,30.13,"Paterson, Benton County",100062,Paterson,2017-12-16 08:29:08.008923
2016-11-22,10:45,43.5,43.2,38.5,82.6,0.07,E@4.3,6.7,44.8,0.0,327,30.12,"Paterson, Benton County",100062,Paterson,2017-12-16 08:29:08.008923
2016-11-22,11:00,44.3,44.1,38.6,80.1,0.04,E@3.4,5.3,44.7,0.0,313,30.12,"Paterson, Benton County",100062,Paterson,2017-12-16 08:29:08.008923
2016-11-22,11:15,45.0,44.8,38.9,78.8,0.04,E@3.4,5.7,44.7,0.0,312,30.11,"Paterson, Benton County",100062,Paterson,2017-12-16 08:29:08.008923
2016-11-22,11:30,45.4,45.0,39.2,78.7,0.03,NE@4.4,6.7,44.7,0.0,369,30.1,"Paterson, Benton County",100062,Paterson,2017-12-16 08:29:08.008923
2016-11-22,11:45,46.2,45.9,39.7,77.8,0.03,E@6.3,9.9,44.6,0.0,337,30.09,"Paterson, Benton County",100062,Paterson,2017-12-16 08:29:08.008923
2016-11-22,12:00,47.2,47.0,40.0,75.7,0.03,E@6.8,8.9,44.6,0.0,363,30.08,"Paterson, Benton County",100062,Paterson,2017-12-16 08:29:08.008923
2016-11-22,12:15,48.5,48.3,40.7,74.3,0.04,E@6.0,8.9,44.6,0.0,371,30.07,"Paterson, Benton County",100062,Paterson,2017-12-16 08:29:08.008923
2016-11-22,12:30,48.8,48.6,41.0,74.4,0.05,E@6.6,10.3,44.7,0.0,227,30.06,"Paterson, Benton County",100062,Paterson,2017-12-16 08:29:08.008923
2016-11-22,12:45,48.4,48.4,40.9,75.2,0.07,E@6.1,8.5,44.7,0.0,147,30.05,"Paterson, Benton County",100062,Paterson,2017-12-16 08:29:08.008923
2016-11-22,13:00,48.5,48.4,40.6,74.1,0.05,E@6.5,8.9,44.8,0.0,179,30.05,"Paterson, Benton County",100062,Paterson,2017-12-16 08:29:08.008923
2016-11-22,13:15,48.7,48.6,40.7,73.9,0.05,E@6.3,8.5,44.8,0.0,156,30.04,"Paterson, Benton County",100062,Paterson,2017-12-16 08:29:08.008923
2016-11-22,13:30,48.4,48.3,41.1,75.7,0.06,E@6.1,8.2,44.9,0.0,151,30.04,"Paterson, Benton County",100062,Paterson,2017-12-16 08:29:08.008923
2016-11-22,13:45,48.6,48.5,41.2,75.5,0.05,E@6.0,8.2,45.0,0.0,181,30.03,"Paterson, Benton County",100062,Paterson,2017-12-16 08:29:08.008923
2016-11-22,14:00,49.3,49.2,41.8,75.2,0.04,E@7.5,10.7,45.1,0.0,177,30.02,"Paterson, Benton County",100062,Paterson,2017-12-16 08:29:08.008923
2016-11-22,14:15,49.7,49.7,42.0,74.5,0.04,E@6.9,9.2,45.2,0.0,179,30.02,"Paterson, Benton County",100062,Paterson,2017-12-16 08:29:08.008923
2016-11-22,14:30,50.7,50.5,40.6,68.0,0.0,NE@7.4,8.9,45.4,0.0,200,30.01,"Paterson, Benton County",100062,Paterson,2017-12-16 08:29:08.008923
2016-11-22,14:45,50.5,50.3,40.7,68.9,0.0,NE@7.1,8.9,45.5,0.0,136,30.0,"Paterson, Benton County",100062,Paterson,2017-12-16 08:29:08.008923
2016-11-22,15:00,49.9,49.9,39.9,68.3,0.0,NE@6.2,8.5,45.6,0.0,73,29.99,"Paterson, Benton County",100062,Paterson,2017-12-16 08:29:08.008923
2016-11-22,15:15,49.2,49.2,39.4,68.8,0.0,NE@6.9,11.0,45.7,0.0,54,29.99,"Paterson, Benton County",100062,Paterson,2017-12-16 08:29:08.008923
2016-11-22,15:30,48.1,48.0,39.1,70.8,0.02,NE@5.9,7.4,45.8,0.0,75,29.99,"Paterson, Benton County",100062,Paterson,2017-12-16 08:29:08.008923
2016-11-22,15:45,47.5,47.4,38.7,71.2,0.01,NE@8.0,11.7,46.0,0.0,70,29.98,"Paterson, Benton County",100062,Paterson,2017-12-16 08:29:08.008923
2016-11-22,16:00,45.9,45.9,38.4,75.0,0.07,NE@8.4,11.4,46.1,0.0,20,29.97,"Paterson, Benton County",100062,Paterson,2017-12-16 08:29:08.008923
2016-11-22,16:15,45.3,45.4,38.5,76.8,0.09,NE@7.5,10.3,46.2,0.0,6,29.98,"Paterson, Benton County",100062,Paterson,2017-12-16 08:29:08.008923
2016-11-22,16:30,44.8,44.9,38.7,79.0,0.14,NE@5.9,8.2,46.3,0.0,2,29.97,"Paterson, Benton County",100062,Paterson,2017-12-16 08:29:08.008923
2016-11-22,16:45,43.8,43.9,38.6,82.0,0.21,N@6.3,8.5,46.4,0.0,0,29.97,"Paterson, Benton County",100062,Paterson,2017-12-16 08:29:08.008923
2016-11-22,17:00,43.5,43.7,38.4,82.1,0.23,NE@6.9,9.6,46.5,0.0,0,29.97,"Paterson, Benton County",100062,Paterson,2017-12-16 08:29:08.008923
2016-11-22,17:15,43.9,44.1,38.0,79.3,0.15,NE@8.1,15.0,46.6,0.0,0,29.96,"Paterson, Benton County",100062,Paterson,2017-12-16 08:29:08.008923
2016-11-22,17:30,44.6,44.6,38.1,77.9,0.1,NE@11.1,15.0,46.7,0.0,0,29.95,"Paterson, Benton County",100062,Paterson,2017-12-16 08:29:08.008923
2016-11-22,17:45,44.3,44.4,38.0,78.4,0.1,NE@10.7,14.2,46.8,0.0,0,29.94,"Paterson, Benton County",100062,Paterson,2017-12-16 08:29:08.008923
2016-11-22,18:00,44.2,44.2,37.8,78.3,0.09,NE@11.6,15.0,46.9,0.0,0,29.94,"Paterson, Benton County",100062,Paterson,2017-12-16 08:29:08.008923
2016-11-22,18:15,44.0,44.0,37.7,78.4,0.1,NE@11.1,15.0,46.9,0.0,0,29.93,"Paterson, Benton County",100062,Paterson,2017-12-16 08:29:08.008923
2016-11-22,18:30,43.8,43.9,37.6,78.6,0.1,NE@11.1,14.6,47.0,0.0,0,29.92,"Paterson, Benton County",100062,Paterson,2017-12-16 08:29:08.008923
2016-11-22,18:45,43.6,43.7,37.5,78.7,0.09,NE@11.9,16.0,47.1,0.0,0,29.92,"Paterson, Benton County",100062,Paterson,2017-12-16 08:29:08.008923
2016-11-22,19:00,43.8,43.9,37.4,78.0,0.08,NE@11.6,16.4,47.1,0.0,0,29.92,"Paterson, Benton County",100062,Paterson,2017-12-16 08:29:08.008923
2016-11-22,19:15,43.6,43.7,37.4,78.4,0.1,NE@8.8,14.2,47.1,0.0,0,29.91,"Paterson, Benton County",100062,Paterson,2017-12-16 08:29:08.008923
2016-11-22,19:30,43.3,43.4,37.2,79.0,0.12,NE@7.3,10.3,47.1,0.0,0,29.91,"Paterson, Benton County",100062,Paterson,2017-12-16 08:29:08.008923
2016-11-22,19:45,43.7,43.8,37.1,77.4,0.09,NE@7.8,11.4,47.2,0.0,0,29.91,"Paterson, Benton County",100062,Paterson,2017-12-16 08:29:08.008923
2016-11-22,20:00,43.2,43.2,36.7,77.9,0.12,NE@4.2,6.4,47.2,0.0,0,29.9,"Paterson, Benton County",100062,Paterson,2017-12-16 08:29:08.008923
2016-11-22,20:15,42.3,42.3,36.3,79.1,0.16,SE@2.1,4.2,47.2,0.0,0,29.9,"Paterson, Benton County",100062,Paterson,2017-12-16 08:29:08.008923
2016-11-22,20:30,39.8,39.7,35.5,84.5,0.3,SE@1.9,3.5,47.2,0.0,0,29.9,"Paterson, Benton County",100062,Paterson,2017-12-16 08:29:08.008923
2016-11-22,20:45,39.2,39.2,35.7,86.9,0.32,SE@2.6,3.5,47.2,0.0,0,29.89,"Paterson, Benton County",100062,Paterson,2017-12-16 08:29:08.008923
2016-11-22,21:00,39.2,39.3,36.0,87.8,0.27,S@3.1,4.2,47.2,0.0,0,29.89,"Paterson, Benton County",100062,Paterson,2017-12-16 08:29:08.008923
2016-11-22,21:15,40.1,40.2,36.6,87.1,0.24,SE@3.3,4.6,47.2,0.0,0,29.89,"Paterson, Benton County",100062,Paterson,2017-12-16 08:29:08.008923
2016-11-22,21:30,40.9,40.9,37.1,86.1,0.19,S@3.3,4.9,47.2,0.0,0,29.9,"Paterson, Benton County",100062,Paterson,2017-12-16 08:29:08.008923
2016-11-22,21:45,41.3,41.3,37.3,85.4,0.2,SE@2.8,4.2,47.2,0.0,0,29.89,"Paterson, Benton County",100062,Paterson,2017-12-16 08:29:08.008923
2016-11-22,22:00,40.7,40.8,37.5,88.2,0.24,SW@3.5,6.4,47.1,0.0,0,29.89,"Paterson, Benton County",100062,Paterson,2017-12-16 08:29:08.008923
2016-11-22,22:15,41.2,41.3,37.4,86.1,0.19,W@2.9,4.9,47.1,0.0,0,29.89,"Paterson, Benton County",100062,Paterson,2017-12-16 08:29:08.008923
2016-11-22,22:30,41.6,41.7,37.5,85.3,0.46,SW@4.4,6.0,47.1,0.0,0,29.9,"Paterson, Benton County",100062,Paterson,2017-12-16 08:29:08.008923
2016-11-22,22:45,41.0,41.0,38.1,89.3,1.0,SW@4.2,6.4,47.1,0.0,0,29.91,"Paterson, Benton County",100062,Paterson,2017-12-16 08:29:08.008923
2016-11-22,23:00,40.8,40.8,38.6,91.7,1.0,W@3.1,4.2,47.0,0.0,0,29.91,"Paterson, Benton County",100062,Paterson,2017-12-16 08:29:08.008923
2016-11-22,23:15,41.4,41.3,39.0,91.2,1.0,N@2.5,4.9,47.0,0.0,0,29.91,"Paterson, Benton County",100062,Paterson,2017-12-16 08:29:08.008923
2016-11-22,23:30,41.2,41.2,39.3,92.9,1.0,NE@3.4,4.9,47.0,0.01,0,29.91,"Paterson, Benton County",100062,Paterson,2017-12-16 08:29:08.008923
2016-11-22,23:45,41.2,41.3,39.6,93.9,0.96,NE@4.3,8.2,47.0,0.02,0,29.9,"Paterson, Benton County",100062,Paterson,2017-12-16 08:29:08.008923
2016-11-22,24:00,41.3,41.4,39.6,93.6,0.95,NE@6.0,8.5,46.9,0.02,0,29.89,"Paterson, Benton County",100062,Paterson,2017-12-16 08:29:08.008923
2016-11-23,00:15,41.2,41.3,39.9,94.9,0.96,NE@6.4,8.9,46.9,0.01,0,29.87,"Paterson, Benton County",100062,Paterson,2017-12-16 08:29:08.008923
2016-11-23,00:30,41.1,41.1,39.9,95.3,0.98,E@6.9,10.7,46.9,0.01,0,29.87,"Paterson, Benton County",100062,Paterson,2017-12-16 08:29:08.008923
2016-11-23,00:45,41.0,41.1,39.9,95.6,1.0,E@8.6,12.1,46.9,0.0,0,29.87,"Paterson, Benton County",100062,Paterson,2017-12-16 08:29:08.008923
2016-11-23,01:00,41.4,41.5,40.4,96.1,1.0,E@7.4,9.6,46.8,0.0,0,29.87,"Paterson, Benton County",100062,Paterson,2017-12-16 08:29:08.008923
2016-11-23,01:15,41.6,41.6,40.4,95.7,1.0,E@8.1,11.7,46.8,0.0,0,29.87,"Paterson, Benton County",100062,Paterson,2017-12-16 08:29:08.008923
2016-11-23,01:30,40.9,40.9,39.9,96.1,1.0,SE@7.0,9.9,46.8,0.0,0,29.88,"Paterson, Benton County",100062,Paterson,2017-12-16 08:29:08.008923
2016-11-23,01:45,40.7,40.7,39.7,96.2,1.0,E@4.8,7.4,46.8,0.01,0,29.88,"Paterson, Benton County",100062,Paterson,2017-12-16 08:29:08.008923
2016-11-23,02:00,40.6,40.6,39.6,96.2,1.0,SE@1.4,4.2,46.8,0.0,0,29.88,"Paterson, Benton County",100062,Paterson,2017-12-16 08:29:08.008923
2016-11-23,02:15,40.6,40.6,39.7,96.8,1.0,SW@4.2,6.7,46.7,0.0,0,29.89,"Paterson, Benton County",100062,Paterson,2017-12-16 08:29:08.008923
2016-11-23,02:30,40.7,40.7,40.0,97.3,0.99,W@6.7,9.6,46.7,0.0,0,29.9,"Paterson, Benton County",100062,Paterson,2017-12-16 08:29:08.008923
2016-11-23,02:45,40.9,41.0,40.1,96.8,1.0,W@4.6,8.2,46.7,0.0,0,29.91,"Paterson, Benton County",100062,Paterson,2017-12-16 08:29:08.008923
2016-11-23,03:00,41.0,41.0,40.0,96.2,1.0,W@2.1,3.5,46.7,0.0,0,29.9,"Paterson, Benton County",100062,Paterson,2017-12-16 08:29:08.008923
2016-11-23,03:15,40.8,40.8,39.9,96.4,1.0,SW@2.4,3.5,46.7,0.0,0,29.9,"Paterson, Benton County",100062,Paterson,2017-12-16 08:29:08.008923
2016-11-23,03:30,40.7,40.7,39.8,96.6,1.0,W@2.1,4.2,46.7,0.0,0,29.91,"Paterson, Benton County",100062,Paterson,2017-12-16 08:29:08.008923
2016-11-23,03:45,41.4,41.5,40.6,96.9,1.0,SW@5.8,8.5,46.6,0.0,0,29.91,"Paterson, Benton County",100062,Paterson,2017-12-16 08:29:08.008923
2016-11-23,04:00,41.5,41.5,40.4,96.0,1.0,SW@4.8,7.8,46.6,0.0,0,29.91,"Paterson, Benton County",100062,Paterson,2017-12-16 08:29:08.008923
2016-11-23,04:15,41.4,41.4,40.3,95.8,1.0,SW@4.8,6.7,46.6,0.0,0,29.91,"Paterson, Benton County",100062,Paterson,2017-12-16 08:29:08.008923
2016-11-23,04:30,41.4,41.5,40.3,95.8,1.0,S@5.0,7.1,46.6,0.0,0,29.91,"Paterson, Benton County",100062,Paterson,2017-12-16 08:29:08.008923
2016-11-23,04:45,41.7,41.8,40.5,95.1,1.0,S@3.6,6.7,46.6,0.0,0,29.92,"Paterson, Benton County",100062,Paterson,2017-12-16 08:29:08.008923
2016-11-23,05:00,42.4,42.5,40.5,93.0,1.0,SW@6.4,11.0,46.6,0.0,0,29.93,"Paterson, Benton County",100062,Paterson,2017-12-16 08:29:08.008923
2016-11-23,05:15,43.1,43.2,40.7,91.4,1.0,SW@8.3,12.4,46.6,0.0,0,29.93,"Paterson, Benton County",100062,Paterson,2017-12-16 08:29:08.008923
2016-11-23,05:30,43.1,43.2,40.8,91.3,1.0,SW@8.6,12.1,46.5,0.0,0,29.93,"Paterson, Benton County",100062,Paterson,2017-12-16 08:29:08.008923
2016-11-23,05:45,43.5,43.6,40.8,90.2,0.95,SW@10.0,14.6,46.5,0.0,0,29.93,"Paterson, Benton County",100062,Paterson,2017-12-16 08:29:08.008923
2016-11-23,06:00,43.9,44.0,40.8,88.7,0.88,SW@11.3,16.0,46.5,0.0,0,29.94,"Paterson, Benton County",100062,Paterson,2017-12-16 08:29:08.008923
2016-11-23,06:15,43.9,44.0,40.5,87.6,0.43,SW@9.8,13.5,46.5,0.0,0,29.94,"Paterson, Benton County",100062,Paterson,2017-12-16 08:29:08.008923
2016-11-23,06:30,43.7,43.8,40.3,87.7,0.1,SW@9.2,13.9,46.5,0.0,0,29.95,"Paterson, Benton County",100062,Paterson,2017-12-16 08:29:08.008923
2016-11-23,06:45,43.8,43.9,40.1,86.7,0.08,SW@9.5,13.9,46.5,0.0,0,29.95,"Paterson, Benton County",100062,Paterson,2017-12-16 08:29:08.008923
2016-11-23,07:00,43.6,43.7,39.8,86.5,0.08,SW@8.4,12.1,46.5,0.0,0,29.96,"Paterson, Benton County",100062,Paterson,2017-12-16 08:29:08.008923
2016-11-23,07:15,43.1,43.2,39.6,87.4,0.1,SW@8.1,11.7,46.4,0.0,1,29.97,"Paterson, Benton County",100062,Paterson,2017-12-16 08:29:08.008923
2016-11-23,07:30,42.8,42.8,39.3,87.5,0.11,SW@7.0,9.9,46.4,0.0,6,29.98,"Paterson, Benton County",100062,Paterson,2017-12-16 08:29:08.008923
2016-11-23,07:45,42.5,42.5,39.1,87.8,0.11,SW@7.4,10.3,46.4,0.0,15,29.99,"Paterson, Benton County",100062,Paterson,2017-12-16 08:29:08.008923
2016-11-23,08:00,42.7,42.8,39.0,86.6,0.09,SW@7.5,10.3,46.4,0.0,25,30.0,"Paterson, Benton County",100062,Paterson,2017-12-16 08:29:08.008923
2016-11-23,08:15,42.7,42.7,39.1,86.9,0.09,SW@6.5,8.9,46.4,0.0,42,30.0,"Paterson, Benton County",100062,Paterson,2017-12-16 08:29:08.008923
2016-11-23,08:30,43.1,43.1,39.3,86.4,0.08,SW@7.6,10.3,46.4,0.0,55,30.01,"Paterson, Benton County",100062,Paterson,2017-12-16 08:29:08.008923
2016-11-23,08:45,43.5,43.5,39.5,85.6,0.08,SW@7.1,9.9,46.4,0.0,83,30.02,"Paterson, Benton County",100062,Paterson,2017-12-16 08:29:08.008923
2016-11-23,09:00,43.3,43.3,39.3,85.5,0.1,SW@6.6,9.9,46.4,0.0,75,30.02,"Paterson, Benton County",100062,Paterson,2017-12-16 08:29:08.008923
2016-11-23,09:15,42.9,42.9,39.0,85.9,0.1,SW@7.5,11.0,46.4,0.0,76,30.02,"Paterson, Benton County",100062,Paterson,2017-12-16 08:29:08.008923
2016-11-23,09:30,45.2,45.0,40.0,81.9,0.04,SW@8.1,12.8,46.4,0.0,232,30.03,"Paterson, Benton County",100062,Paterson,2017-12-16 08:29:08.008923
2016-11-23,09:45,47.0,46.7,40.2,77.2,0.0,SW@8.7,12.8,46.4,0.0,286,30.03,"Paterson, Benton County",100062,Paterson,2017-12-16 08:29:08.008923
2016-11-23,10:00,47.7,47.5,40.3,75.3,0.0,SW@7.3,11.0,46.3,0.0,306,30.04,"Paterson, Benton County",100062,Paterson,2017-12-16 08:29:08.008923
2016-11-23,10:15,48.8,48.5,40.9,74.0,0.0,SW@6.9,11.0,46.3,0.0,323,30.04,"Paterson, Benton County",100062,Paterson,2017-12-16 08:29:08.008923
2016-11-23,10:30,49.7,49.4,40.5,70.5,0.0,SW@8.2,12.1,46.3,0.0,339,30.04,"Paterson, Benton County",100062,Paterson,2017-12-16 08:29:08.008923
2016-11-23,10:45,50.4,50.2,40.6,68.8,0.0,SW@7.9,10.7,46.3,0.0,351,30.04,"Paterson, Benton County",100062,Paterson,2017-12-16 08:29:08.008923
2016-11-23,11:00,50.8,50.6,40.5,67.6,0.0,SW@10.0,15.3,46.3,0.0,362,30.04,"Paterson, Benton County",100062,Paterson,2017-12-16 08:29:08.008923
2016-11-23,11:15,51.0,50.7,39.9,65.8,0.0,SW@12.0,15.7,46.3,0.0,376,30.04,"Paterson, Benton County",100062,Paterson,2017-12-16 08:29:08.008923
2016-11-23,11:30,51.5,51.3,39.9,64.3,0.0,SW@11.6,16.0,46.3,0.0,372,30.04,"Paterson, Benton County",100062,Paterson,2017-12-16 08:29:08.008923
2016-11-23,11:45,51.2,51.0,39.7,64.7,0.0,SW@10.9,13.9,46.3,0.0,298,30.04,"Paterson, Benton County",100062,Paterson,2017-12-16 08:29:08.008923
2016-11-23,12:00,52.0,51.8,39.3,61.7,0.0,SW@11.0,15.3,46.3,0.0,353,30.04,"Paterson, Benton County",100062,Paterson,2017-12-16 08:29:08.008923
2016-11-23,12:15,52.1,51.8,39.0,60.8,0.0,SW@11.8,16.4,46.3,0.0,310,30.04,"Paterson, Benton County",100062,Paterson,2017-12-16 08:29:08.008923
2016-11-23,12:30,51.8,51.7,39.3,62.2,0.0,SW@11.2,15.0,46.4,0.0,285,30.04,"Paterson, Benton County",100062,Paterson,2017-12-16 08:29:08.008923
2016-11-23,12:45,50.7,50.6,38.3,62.3,0.0,SW@11.6,16.7,46.4,0.0,125,30.04,"Paterson, Benton County",100062,Paterson,2017-12-16 08:29:08.008923
2016-11-23,13:00,49.6,49.5,38.9,66.4,0.0,SW@6.7,11.4,46.5,0.0,77,30.04,"Paterson, Benton County",100062,Paterson,2017-12-16 08:29:08.008923
2016-11-23,13:15,49.7,49.7,39.2,66.8,0.0,SW@6.0,8.5,46.5,0.0,114,30.05,"Paterson, Benton County",100062,Paterson,2017-12-16 08:29:08.008923
2016-11-23,13:30,52.0,51.9,38.9,60.8,0.0,SW@9.8,15.3,46.6,0.0,271,30.05,"Paterson, Benton County",100062,Paterson,2017-12-16 08:29:08.008923
2016-11-23,13:45,50.9,50.8,38.4,62.2,0.0,SW@9.0,13.2,46.7,0.0,121,30.05,"Paterson, Benton County",100062,Paterson,2017-12-16 08:29:08.008923
2016-11-23,14:00,52.1,52.0,38.9,60.6,0.0,SW@7.4,10.3,46.8,0.0,264,30.05,"Paterson, Benton County",100062,Paterson,2017-12-16 08:29:08.008923
2016-11-23,14:15,53.7,53.5,39.3,58.0,0.0,SW@8.0,12.8,46.8,0.0,299,30.05,"Paterson, Benton County",100062,Paterson,2017-12-16 08:29:08.008923
2016-11-23,14:30,54.2,54.0,39.0,56.3,0.0,SW@11.0,16.0,46.9,0.0,290,30.05,"Paterson, Benton County",100062,Paterson,2017-12-16 08:29:08.008923
2016-11-23,14:45,54.1,53.9,38.2,54.7,0.0,SW@11.2,15.7,47.0,0.0,241,30.05,"Paterson, Benton County",100062,Paterson,2017-12-16 08:29:08.008923
2016-11-23,15:00,54.3,54.1,38.4,54.7,0.0,SW@11.4,15.7,47.1,0.0,249,30.05,"Paterson, Benton County",100062,Paterson,2017-12-16 08:29:08.008923
2016-11-23,15:15,53.9,53.7,38.3,55.3,0.0,SW@12.3,16.0,47.1,0.0,208,30.06,"Paterson, Benton County",100062,Paterson,2017-12-16 08:29:08.008923
2016-11-23,15:30,53.3,53.2,38.6,57.1,0.0,SW@10.4,15.3,47.2,0.0,154,30.07,"Paterson, Benton County",100062,Paterson,2017-12-16 08:29:08.008923
2016-11-23,15:45,52.8,52.7,38.5,58.1,0.0,SW@11.0,17.1,47.3,0.0,115,30.08,"Paterson, Benton County",100062,Paterson,2017-12-16 08:29:08.008923
2016-11-23,16:00,51.5,51.5,38.4,60.5,0.0,SW@9.8,16.0,47.4,0.0,43,30.09,"Paterson, Benton County",100062,Paterson,2017-12-16 08:29:08.008923
2016-11-23,16:15,49.9,50.0,38.8,65.3,0.0,SW@7.1,9.9,47.4,0.0,9,30.1,"Paterson, Benton County",100062,Paterson,2017-12-16 08:29:08.008923
2016-11-23,16:30,48.6,48.6,39.4,70.4,0.0,W@5.9,8.2,47.5,0.0,2,30.11,"Paterson, Benton County",100062,Paterson,2017-12-16 08:29:08.008923
2016-11-23,16:45,47.0,47.1,38.4,71.8,0.0,W@5.3,7.1,47.6,0.0,0,30.12,"Paterson, Benton County",100062,Paterson,2017-12-16 08:29:08.008923
2016-11-23,17:00,46.8,46.8,37.4,69.6,0.0,W@6.2,9.2,47.7,0.0,0,30.12,"Paterson, Benton County",100062,Paterson,2017-12-16 08:29:08.008923
2016-11-23,17:15,45.9,46.0,37.0,70.9,0.0,W@6.5,8.9,47.8,0.0,0,30.12,"Paterson, Benton County",100062,Paterson,2017-12-16 08:29:08.008923
2016-11-23,17:30,44.6,44.6,37.0,74.5,0.03,SW@5.4,8.9,47.8,0.0,0,30.13,"Paterson, Benton County",100062,Paterson,2017-12-16 08:29:08.008923
2016-11-23,17:45,42.4,42.4,37.3,82.1,0.2,SW@2.5,4.2,47.9,0.0,0,30.14,"Paterson, Benton County",100062,Paterson,2017-12-16 08:29:08.008923
2016-11-23,18:00,42.4,42.4,37.8,83.5,0.33,S@3.0,3.9,48.0,0.0,0,30.15,"Paterson, Benton County",100062,Paterson,2017-12-16 08:29:08.008923
2016-11-23,18:15,43.5,43.6,37.9,80.5,0.15,SW@3.1,3.9,48.0,0.0,0,30.15,"Paterson, Benton County",100062,Paterson,2017-12-16 08:29:08.008923
2016-11-23,18:30,41.8,41.8,37.3,83.8,0.16,NW@3.4,4.2,48.1,0.0,0,30.16,"Paterson, Benton County",100062,Paterson,2017-12-16 08:29:08.008923
2016-11-23,18:45,42.9,42.7,37.6,81.6,0.12,NW@2.6,3.1,48.1,0.0,0,30.16,"Paterson, Benton County",100062,Paterson,2017-12-16 08:29:08.008923
2016-11-23,19:00,43.3,43.3,37.7,80.4,0.1,W@3.1,4.2,48.1,0.0,0,30.16,"Paterson, Benton County",100062,Paterson,2017-12-16 08:29:08.008923
2016-11-23,19:15,42.1,42.1,37.1,82.5,0.14,SW@3.2,4.2,48.2,0.0,0,30.17,"Paterson, Benton County",100062,Paterson,2017-12-16 08:29:08.008923
2016-11-23,19:30,41.3,41.3,37.1,84.7,0.19,S@3.1,4.2,48.2,0.0,0,30.17,"Paterson, Benton County",100062,Paterson,2017-12-16 08:29:08.008923
2016-11-23,19:45,42.2,42.2,37.7,83.8,0.19,S@2.2,3.5,48.2,0.0,0,30.17,"Paterson, Benton County",100062,Paterson,2017-12-16 08:29:08.008923
2016-11-23,20:00,41.0,41.0,37.1,86.0,0.21,NW@2.1,3.5,48.2,0.0,0,30.18,"Paterson, Benton County",100062,Paterson,2017-12-16 08:29:08.008923
2016-11-23,20:15,42.6,42.7,37.6,82.3,0.13,SW@2.5,3.5,48.2,0.0,0,30.19,"Paterson, Benton County",100062,Paterson,2017-12-16 08:29:08.008923
2016-11-23,20:30,42.8,42.9,37.7,81.9,0.13,S@2.9,4.2,48.1,0.0,0,30.19,"Paterson, Benton County",100062,Paterson,2017-12-16 08:29:08.008923
2016-11-23,20:45,42.8,42.8,38.2,83.7,0.11,S@3.9,4.9,48.1,0.0,0,30.19,"Paterson, Benton County",100062,Paterson,2017-12-16 08:29:08.008923
2016-11-23,21:00,42.6,42.6,38.4,85.0,0.12,S@3.6,4.9,48.1,0.0,0,30.19,"Paterson, Benton County",100062,Paterson,2017-12-16 08:29:08.008923
2016-11-23,21:15,42.7,42.8,38.2,84.0,0.11,W@3.0,4.6,48.1,0.0,0,30.19,"Paterson, Benton County",100062,Paterson,2017-12-16 08:29:08.008923
2016-11-23,21:30,42.9,42.9,38.2,83.3,0.09,W@2.7,3.5,48.0,0.0,0,30.19,"Paterson, Benton County",100062,Paterson,2017-12-16 08:29:08.008923
2016-11-23,21:45,43.3,43.3,37.9,81.2,0.08,W@2.6,3.5,48.0,0.0,0,30.19,"Paterson, Benton County",100062,Paterson,2017-12-16 08:29:08.008923
2016-11-23,22:00,43.6,43.6,37.7,79.4,0.08,W@1.3,2.8,48.0,0.0,0,30.19,"Paterson, Benton County",100062,Paterson,2017-12-16 08:29:08.008923
2016-11-23,22:15,42.2,42.2,37.1,82.2,0.12,S@2.5,4.6,47.9,0.0,0,30.2,"Paterson, Benton County",100062,Paterson,2017-12-16 08:29:08.008923
2016-11-23,22:30,41.3,41.2,36.3,82.4,0.16,SE@2.7,4.6,47.9,0.0,0,30.2,"Paterson, Benton County",100062,Paterson,2017-12-16 08:29:08.008923
2016-11-23,22:45,39.4,39.5,35.6,85.9,0.35,E@2.1,3.9,47.9,0.0,0,30.19,"Paterson, Benton County",100062,Paterson,2017-12-16 08:29:08.008923
2016-11-23,23:00,39.5,39.7,36.4,88.5,0.48,N@3.1,5.3,47.8,0.0,0,30.2,"Paterson, Benton County",100062,Paterson,2017-12-16 08:29:08.008923
2016-11-23,23:15,40.0,40.0,36.4,86.9,0.48,NW@2.3,3.9,47.8,0.0,0,30.2,"Paterson, Benton County",100062,Paterson,2017-12-16 08:29:08.008923
2016-11-23,23:30,40.8,40.7,36.7,85.2,0.3,NW@2.4,3.1,47.7,0.0,0,30.2,"Paterson, Benton County",100062,Paterson,2017-12-16 08:29:08.008923
2016-11-23,23:45,40.7,40.5,35.5,81.6,0.14,N@2.7,4.2,47.7,0.0,0,30.2,"Paterson, Benton County",100062,Paterson,2017-12-16 08:29:08.008923
2016-11-23,24:00,39.2,39.3,35.2,85.2,0.15,N@3.9,4.9,47.7,0.0,0,30.2,"Paterson, Benton County",100062,Paterson,2017-12-16 08:29:08.008923
2016-11-24,00:15,38.4,38.5,34.9,86.8,0.17,NE@3.6,4.6,47.6,0.0,0,30.2,"Paterson, Benton County",100062,Paterson,2017-12-16 08:29:08.008923
2016-11-24,00:30,38.7,38.8,35.1,86.4,0.14,NE@3.8,5.7,47.6,0.0,0,30.2,"Paterson, Benton County",100062,Paterson,2017-12-16 08:29:08.008923
2016-11-24,00:45,39.2,39.2,35.5,86.3,0.12,E@4.4,5.7,47.5,0.0,0,30.2,"Paterson, Benton County",100062,Paterson,2017-12-16 08:29:08.008923
2016-11-24,01:00,39.3,39.3,35.7,86.9,0.13,E@4.6,6.0,47.5,0.0,0,30.19,"Paterson, Benton County",100062,Paterson,2017-12-16 08:29:08.008923
2016-11-24,01:15,39.8,39.9,35.8,85.2,0.1,E@4.5,6.0,47.4,0.0,0,30.19,"Paterson, Benton County",100062,Paterson,2017-12-16 08:29:08.008923
2016-11-24,01:30,39.8,39.9,35.7,84.9,0.1,E@4.7,6.0,47.4,0.0,0,30.19,"Paterson, Benton County",100062,Paterson,2017-12-16 08:29:08.008923
2016-11-24,01:45,39.8,39.9,35.8,85.2,0.09,E@5.3,6.7,47.3,0.0,0,30.19,"Paterson, Benton County",100062,Paterson,2017-12-16 08:29:08.008923
2016-11-24,02:00,40.4,40.5,35.8,83.4,0.07,E@6.6,8.5,47.3,0.0,0,30.19,"Paterson, Benton County",100062,Paterson,2017-12-16 08:29:08.008923
2016-11-24,02:15,40.6,40.7,35.9,83.2,0.07,E@5.4,7.1,47.3,0.0,0,30.19,"Paterson, Benton County",100062,Paterson,2017-12-16 08:29:08.008923
2016-11-24,02:30,40.4,40.5,36.0,84.0,0.08,E@4.6,6.0,47.2,0.0,0,30.18,"Paterson, Benton County",100062,Paterson,2017-12-16 08:29:08.008923
2016-11-24,02:45,40.9,40.9,35.9,82.1,0.06,NE@4.2,6.0,47.2,0.0,0,30.18,"Paterson, Benton County",100062,Paterson,2017-12-16 08:29:08.008923
2016-11-24,03:00,41.5,41.6,35.7,79.8,0.02,NE@4.4,6.0,47.1,0.0,0,30.17,"Paterson, Benton County",100062,Paterson,2017-12-16 08:29:08.008923
2016-11-24,03:15,41.1,41.1,35.8,81.3,0.06,NE@4.0,5.3,47.1,0.0,0,30.17,"Paterson, Benton County",100062,Paterson,2017-12-16 08:29:08.008923
2016-11-24,03:30,41.7,41.8,35.5,78.4,0.01,NE@5.1,6.7,47.0,0.0,0,30.17,"Paterson, Benton County",100062,Paterson,2017-12-16 08:29:08.008923
2016-11-24,03:45,41.6,41.6,35.9,80.1,0.02,NE@3.8,5.3,47.0,0.0,0,30.17,"Paterson, Benton County",100062,Paterson,2017-12-16 08:29:08.008923
2016-11-24,04:00,42.0,42.1,35.7,78.2,0.02,NE@4.2,6.4,46.9,0.0,0,30.17,"Paterson, Benton County",100062,Paterson,2017-12-16 08:29:08.008923
2016-11-24,04:15,42.8,42.9,35.9,76.3,0.0,E@5.4,7.4,46.9,0.0,0,30.16,"Paterson, Benton County",100062,Paterson,2017-12-16 08:29:08.008923
2016-11-24,04:30,42.9,42.9,36.2,77.1,0.0,E@3.1,6.4,46.8,0.0,0,30.16,"Paterson, Benton County",100062,Paterson,2017-12-16 08:29:08.008923
2016-11-24,04:45,42.7,42.7,36.6,78.9,0.0,E@5.5,7.8,46.8,0.0,0,30.16,"Paterson, Benton County",100062,Paterson,2017-12-16 08:29:08.008923
2016-11-24,05:00,42.4,42.5,37.0,81.0,0.21,NE@4.9,7.4,46.8,0.0,0,30.15,"Paterson, Benton County",100062,Paterson,2017-12-16 08:29:08.008923
2016-11-24,05:15,42.5,42.6,36.5,79.2,0.08,NE@5.5,7.1,46.7,0.0,0,30.15,"Paterson, Benton County",100062,Paterson,2017-12-16 08:29:08.008923
2016-11-24,05:30,43.7,43.8,35.8,73.5,0.0,NE@5.5,7.8,46.7,0.0,0,30.15,"Paterson, Benton County",100062,Paterson,2017-12-16 08:29:08.008923
2016-11-24,05:45,44.2,44.3,36.1,72.8,0.0,NE@4.1,5.3,46.6,0.0,0,30.14,"Paterson, Benton County",100062,Paterson,2017-12-16 08:29:08.008923
2016-11-24,06:00,47.4,47.5,36.2,65.0,0.0,E@7.8,13.2,46.6,0.0,0,30.13,"Paterson, Benton County",100062,Paterson,2017-12-16 08:29:08.008923
2016-11-24,06:15,47.4,47.5,36.8,66.4,0.0,SE@7.9,11.7,46.6,0.0,0,30.12,"Paterson, Benton County",100062,Paterson,2017-12-16 08:29:08.008923
2016-11-24,06:30,47.1,47.1,36.9,67.5,0.0,SE@7.2,11.0,46.6,0.0,0,30.11,"Paterson, Benton County",100062,Paterson,2017-12-16 08:29:08.008923
2016-11-24,06:45,46.3,46.4,36.2,67.6,0.0,E@8.0,12.1,46.5,0.0,0,30.11,"Paterson, Benton County",100062,Paterson,2017-12-16 08:29:08.008923
2016-11-24,07:00,45.3,45.4,35.7,68.9,0.0,E@6.9,10.7,46.5,0.0,0,30.1,"Paterson, Benton County",100062,Paterson,2017-12-16 08:29:08.008923
2016-11-24,07:15,46.0,46.1,33.8,62.2,0.0,E@5.9,9.2,46.4,0.0,2,30.1,"Paterson, Benton County",100062,Paterson,2017-12-16 08:29:08.008923
2016-11-24,07:30,43.9,43.9,34.5,69.3,0.0,NE@6.3,8.5,46.4,0.0,6,30.1,"Paterson, Benton County",100062,Paterson,2017-12-16 08:29:08.008923
2016-11-24,07:45,45.3,45.5,34.1,64.4,0.0,NE@8.1,11.4,46.4,0.0,12,30.1,"Paterson, Benton County",100062,Paterson,2017-12-16 08:29:08.008923
2016-11-24,08:00,46.5,46.6,33.9,61.3,0.0,E@9.0,13.2,46.4,0.0,21,30.1,"Paterson, Benton County",100062,Paterson,2017-12-16 08:29:08.008923
2016-11-24,08:15,46.3,46.4,34.5,63.1,0.0,E@7.0,9.2,46.3,0.0,32,30.09,"Paterson, Benton County",100062,Paterson,2017-12-16 08:29:08.008923
2016-11-24,08:30,46.5,46.6,35.0,64.1,0.0,E@6.9,9.6,46.3,0.0,38,30.09,"Paterson, Benton County",100062,Paterson,2017-12-16 08:29:08.008923
2016-11-24,08:45,46.7,46.8,35.9,65.7,0.0,E@6.2,8.9,46.3,0.0,47,30.08,"Paterson, Benton County",100062,Paterson,2017-12-16 08:29:08.008923
2016-11-24,09:00,46.9,47.0,36.5,66.7,0.0,E@6.1,10.3,46.3,0.0,58,30.08,"Paterson, Benton County",100062,Paterson,2017-12-16 08:29:08.008923
2016-11-24,09:15,47.9,48.0,36.2,63.8,0.0,E@6.7,9.9,46.3,0.0,63,30.07,"Paterson, Benton County",100062,Paterson,2017-12-16 08:29:08.008923
2016-11-24,09:30,48.6,48.7,36.1,61.9,0.0,E@5.8,7.8,46.2,0.0,58,30.07,"Paterson, Benton County",100062,Paterson,2017-12-16 08:29:08.008923
2016-11-24,09:45,49.4,49.5,35.7,58.9,0.0,E@6.9,14.6,46.2,0.0,66,30.07,"Paterson, Benton County",100062,Paterson,2017-12-16 08:29:08.008923
2016-11-24,10:00,52.3,52.4,32.4,46.4,0.0,E@9.5,16.7,46.2,0.0,76,30.06,"Paterson, Benton County",100062,Paterson,2017-12-16 08:29:08.008923
2016-11-24,10:15,52.4,52.5,32.9,47.1,0.0,E@8.4,16.0,46.2,0.0,64,30.05,"Paterson, Benton County",100062,Paterson,2017-12-16 08:29:08.008923
2016-11-24,10:30,53.0,53.1,32.8,46.1,0.0,E@6.0,9.9,46.2,0.0,71,30.04,"Paterson, Benton County",100062,Paterson,2017-12-16 08:29:08.008923
2016-11-24,10:45,53.5,53.6,32.2,44.1,0.0,E@7.3,13.5,46.2,0.0,55,30.03,"Paterson, Benton County",100062,Paterson,2017-12-16 08:29:08.008923
2016-11-24,11:00,53.3,53.4,32.5,45.0,0.0,E@5.7,9.6,46.1,0.0,45,30.03,"Paterson, Benton County",100062,Paterson,2017-12-16 08:29:08.008923
2016-11-24,11:15,54.5,54.6,31.2,40.9,0.0,SE@8.7,12.8,46.1,0.0,45,30.02,"Paterson, Benton County",100062,Paterson,2017-12-16 08:29:08.008923
2016-11-24,11:30,54.8,54.9,30.8,39.8,0.0,S@8.7,13.2,46.1,0.0,42,30.01,"Paterson, Benton County",100062,Paterson,2017-12-16 08:29:08.008923
2016-11-24,11:45,54.8,54.9,30.7,39.5,0.0,S@10.0,16.0,46.1,0.0,39,30.0,"Paterson, Benton County",100062,Paterson,2017-12-16 08:29:08.008923
2016-11-24,12:00,54.5,54.6,31.6,41.6,0.0,SE@10.8,16.0,46.1,0.0,45,29.99,"Paterson, Benton County",100062,Paterson,2017-12-16 08:29:08.008923
2016-11-24,12:15,54.1,54.2,32.2,43.0,0.0,SE@10.1,15.0,46.1,0.0,42,29.98,"Paterson, Benton County",100062,Paterson,2017-12-16 08:29:08.008923
2016-11-24,12:30,53.7,53.8,32.1,43.6,0.0,SE@11.9,17.8,46.2,0.0,57,29.97,"Paterson, Benton County",100062,Paterson,2017-12-16 08:29:08.008923
2016-11-24,12:45,54.0,54.1,32.4,43.6,0.0,SE@10.3,15.0,46.2,0.0,68,29.97,"Paterson, Benton County",100062,Paterson,2017-12-16 08:29:08.008923
2016-11-24,13:00,54.1,54.1,33.2,45.0,0.0,SE@7.9,10.3,46.2,0.0,70,29.97,"Paterson, Benton County",100062,Paterson,2017-12-16 08:29:08.008923
2016-11-24,13:15,54.1,54.1,33.4,45.4,0.0,E@6.6,9.9,46.2,0.0,54,29.96,"Paterson, Benton County",100062,Paterson,2017-12-16 08:29:08.008923
2016-11-24,13:30,52.9,52.9,35.5,51.4,0.0,E@6.1,8.9,46.2,0.0,54,29.96,"Paterson, Benton County",100062,Paterson,2017-12-16 08:29:08.008923
2016-11-24,13:45,52.5,52.6,35.7,52.5,0.0,E@5.0,7.8,46.3,0.0,46,29.95,"Paterson, Benton County",100062,Paterson,2017-12-16 08:29:08.008923
2016-11-24,14:00,55.0,55.2,32.9,42.9,0.0,SE@7.2,12.8,46.3,0.0,52,29.95,"Paterson, Benton County",100062,Paterson,2017-12-16 08:29:08.008923
2016-11-24,14:15,56.3,56.4,31.4,38.6,0.0,SE@9.9,16.0,46.3,0.0,35,29.94,"Paterson, Benton County",100062,Paterson,2017-12-16 08:29:08.008923
2016-11-24,14:30,55.7,55.8,32.1,40.5,0.0,SE@8.0,13.2,46.4,0.0,37,29.93,"Paterson, Benton County",100062,Paterson,2017-12-16 08:29:08.008923
2016-11-24,14:45,56.3,56.4,31.6,38.9,0.0,SE@9.6,15.0,46.4,0.0,40,29.93,"Paterson, Benton County",100062,Paterson,2017-12-16 08:29:08.008923
2016-11-24,15:00,56.0,56.1,31.6,39.4,0.0,SE@9.6,15.0,46.4,0.0,34,29.93,"Paterson, Benton County",100062,Paterson,2017-12-16 08:29:08.008923
2016-11-24,15:15,55.8,55.9,31.3,39.2,0.0,SE@9.5,15.0,46.5,0.0,36,29.92,"Paterson, Benton County",100062,Paterson,2017-12-16 08:29:08.008923
2016-11-24,15:30,55.4,55.5,31.4,39.9,0.0,SE@9.6,16.0,46.5,0.0,25,29.92,"Paterson, Benton County",100062,Paterson,2017-12-16 08:29:08.008923
2016-11-24,15:45,54.4,54.5,31.8,42.0,0.0,SE@8.9,12.8,46.5,0.0,22,29.92,"Paterson, Benton County",100062,Paterson,2017-12-16 08:29:08.008923
2016-11-24,16:00,54.2,54.3,31.1,41.1,0.0,SE@8.9,12.8,46.6,0.0,13,29.91,"Paterson, Benton County",100062,Paterson,2017-12-16 08:29:08.008923
2016-11-24,16:15,53.8,53.9,30.8,41.3,0.0,SE@8.4,11.4,46.6,0.0,4,29.91,"Paterson, Benton County",100062,Paterson,2017-12-16 08:29:08.008923
2016-11-24,16:30,53.1,53.3,31.0,42.6,0.0,SE@7.5,10.3,46.6,0.0,1,29.91,"Paterson, Benton County",100062,Paterson,2017-12-16 08:29:08.008923
2016-11-24,16:45,52.7,52.8,30.9,43.1,0.0,SE@6.2,8.9,46.7,0.0,0,29.91,"Paterson, Benton County",100062,Paterson,2017-12-16 08:29:08.008923
2016-11-24,17:00,53.0,53.1,30.7,42.2,0.0,SE@7.3,9.6,46.7,0.0,0,29.9,"Paterson, Benton County",100062,Paterson,2017-12-16 08:29:08.008923
2016-11-24,17:15,53.0,53.1,30.8,42.4,0.0,SE@7.8,12.8,46.8,0.0,0,29.9,"Paterson, Benton County",100062,Paterson,2017-12-16 08:29:08.008923
2016-11-24,17:30,52.3,52.4,31.0,43.9,0.0,SE@5.7,8.9,46.8,0.0,0,29.9,"Paterson, Benton County",100062,Paterson,2017-12-16 08:29:08.008923
2016-11-24,17:45,53.1,53.2,30.4,41.7,0.0,SE@6.1,13.5,46.8,0.0,0,29.9,"Paterson, Benton County",100062,Paterson,2017-12-16 08:29:08.008923
2016-11-24,18:00,54.3,54.5,29.1,37.7,0.0,SE@8.8,15.3,46.9,0.0,0,29.89,"Paterson, Benton County",100062,Paterson,2017-12-16 08:29:08.008923
2016-11-24,18:15,54.8,54.9,29.0,37.0,0.0,SE@9.5,14.6,46.9,0.0,0,29.89,"Paterson, Benton County",100062,Paterson,2017-12-16 08:29:08.008923
2016-11-24,18:30,53.8,54.0,29.1,38.4,0.0,SE@10.6,16.0,46.9,0.0,0,29.88,"Paterson, Benton County",100062,Paterson,2017-12-16 08:29:08.008923
2016-11-24,18:45,54.2,54.4,28.6,37.1,0.0,SE@12.2,18.5,47.0,0.0,0,29.87,"Paterson, Benton County",100062,Paterson,2017-12-16 08:29:08.008923
2016-11-24,19:00,54.5,54.7,28.3,36.3,0.0,SE@13.6,20.7,47.0,0.0,0,29.87,"Paterson, Benton County",100062,Paterson,2017-12-16 08:29:08.008923
2016-11-24,19:15,54.3,54.5,28.7,37.1,0.0,SE@11.6,15.3,47.0,0.0,0,29.87,"Paterson, Benton County",100062,Paterson,2017-12-16 08:29:08.008923
2016-11-24,19:30,52.9,53.0,29.6,40.5,0.0,SE@8.7,12.4,47.0,0.0,0,29.86,"Paterson, Benton County",100062,Paterson,2017-12-16 08:29:08.008923
2016-11-24,19:45,53.5,53.7,29.0,38.7,0.0,SE@11.4,17.5,47.1,0.0,0,29.85,"Paterson, Benton County",100062,Paterson,2017-12-16 08:29:08.008923
2016-11-24,20:00,52.5,52.6,29.8,41.5,0.0,SE@10.2,13.2,47.1,0.0,0,29.85,"Paterson, Benton County",100062,Paterson,2017-12-16 08:29:08.008923
2016-11-24,20:15,52.1,52.2,30.2,42.7,0.0,SE@9.7,14.6,47.1,0.0,0,29.84,"Paterson, Benton County",100062,Paterson,2017-12-16 08:29:08.008923
2016-11-24,20:30,52.7,52.8,29.9,41.3,0.0,SE@12.4,18.5,47.1,0.0,0,29.83,"Paterson, Benton County",100062,Paterson,2017-12-16 08:29:08.008923
2016-11-24,20:45,53.0,53.2,29.7,40.6,0.0,SE@13.3,18.9,47.1,0.0,0,29.83,"Paterson, Benton County",100062,Paterson,2017-12-16 08:29:08.008923
2016-11-24,21:00,53.4,53.5,29.3,39.4,0.0,SE@15.3,20.0,47.2,0.0,0,29.82,"Paterson, Benton County",100062,Paterson,2017-12-16 08:29:08.008923
2016-11-24,21:15,53.4,53.5,29.6,40.0,0.0,SE@13.9,19.2,47.2,0.0,0,29.81,"Paterson, Benton County",100062,Paterson,2017-12-16 08:29:08.008923
2016-11-24,21:30,54.2,54.3,29.4,38.3,0.0,SE@13.3,17.8,47.2,0.0,0,29.81,"Paterson, Benton County",100062,Paterson,2017-12-16 08:29:08.008923
2016-11-24,21:45,54.8,54.9,29.3,37.4,0.0,SE@11.6,17.1,47.2,0.0,0,29.81,"Paterson, Benton County",100062,Paterson,2017-12-16 08:29:08.008923
2016-11-24,22:00,54.5,54.6,29.8,38.6,0.0,SE@7.5,11.0,47.2,0.0,0,29.8,"Paterson, Benton County",100062,Paterson,2017-12-16 08:29:08.008923
2016-11-24,22:15,56.4,56.6,28.2,33.7,0.0,SE@9.2,14.2,47.2,0.0,0,29.8,"Paterson, Benton County",100062,Paterson,2017-12-16 08:29:08.008923
2016-11-24,22:30,56.6,56.8,27.9,33.0,0.0,SE@9.0,15.0,47.3,0.0,0,29.8,"Paterson, Benton County",100062,Paterson,2017-12-16 08:29:08.008923
2016-11-24,22:45,57.0,57.1,27.4,32.0,0.0,S@9.8,13.9,47.3,0.0,0,29.8,"Paterson, Benton County",100062,Paterson,2017-12-16 08:29:08.008923
2016-11-24,23:00,58.2,58.3,25.7,28.5,0.0,S@10.2,17.8,47.3,0.0,0,29.8,"Paterson, Benton County",100062,Paterson,2017-12-16 08:29:08.008923
2016-11-24,23:15,59.2,59.3,24.6,26.4,0.0,S@11.7,18.2,47.3,0.0,0,29.8,"Paterson, Benton County",100062,Paterson,2017-12-16 08:29:08.008923
2016-11-24,23:30,59.3,59.4,24.9,26.5,0.0,S@12.2,20.3,47.3,0.0,0,29.8,"Paterson, Benton County",100062,Paterson,2017-12-16 08:29:08.008923
2016-11-24,23:45,59.8,60.0,24.3,25.4,0.0,S@12.7,18.5,47.3,0.0,0,29.8,"Paterson, Benton County",100062,Paterson,2017-12-16 08:29:08.008923
2016-11-24,24:00,60.1,60.3,23.7,24.5,0.0,S@13.2,19.2,47.3,0.0,0,29.8,"Paterson, Benton County",100062,Paterson,2017-12-16 08:29:08.008923
2016-11-25,00:15,60.0,60.1,23.5,24.4,0.0,S@14.0,22.8,47.3,0.0,0,29.8,"Paterson, Benton County",100062,Paterson,2017-12-16 08:29:08.008923
2016-11-25,00:30,60.0,60.2,23.4,24.2,0.0,S@13.9,20.3,47.3,0.0,0,29.8,"Paterson, Benton County",100062,Paterson,2017-12-16 08:29:08.008923
2016-11-25,00:45,60.1,60.2,23.4,24.2,0.0,S@12.5,21.8,47.4,0.0,0,29.81,"Paterson, Benton County",100062,Paterson,2017-12-16 08:29:08.008923
2016-11-25,01:00,59.5,59.6,24.0,25.3,0.0,S@9.7,16.7,47.4,0.0,0,29.82,"Paterson, Benton County",100062,Paterson,2017-12-16 08:29:08.008923
2016-11-25,01:15,59.6,59.8,24.2,25.4,0.0,S@9.8,14.6,47.4,0.0,0,29.82,"Paterson, Benton County",100062,Paterson,2017-12-16 08:29:08.008923
2016-11-25,01:30,59.0,59.1,24.8,26.7,0.0,S@7.8,12.1,47.4,0.0,0,29.83,"Paterson, Benton County",100062,Paterson,2017-12-16 08:29:08.008923
2016-11-25,01:45,57.9,58.0,25.9,29.1,0.0,SW@4.7,9.6,47.4,0.0,0,29.83,"Paterson, Benton County",100062,Paterson,2017-12-16 08:29:08.008923
2016-11-25,02:00,57.0,57.1,26.1,30.2,0.0,SW@3.7,5.7,47.5,0.0,0,29.84,"Paterson, Benton County",100062,Paterson,2017-12-16 08:29:08.008923
2016-11-25,02:15,56.5,56.6,26.5,31.3,0.0,SW@4.5,6.0,47.5,0.0,0,29.85,"Paterson, Benton County",100062,Paterson,2017-12-16 08:29:08.008923
2016-11-25,02:30,56.1,56.2,27.1,32.6,0.0,W@6.0,8.5,47.5,0.0,0,29.85,"Paterson, Benton County",100062,Paterson,2017-12-16 08:29:08.008923
2016-11-25,02:45,55.8,55.9,28.4,34.7,0.0,SW@5.5,8.2,47.6,0.0,0,29.86,"Paterson, Benton County",100062,Paterson,2017-12-16 08:29:08.008923
2016-11-25,03:00,54.6,54.7,31.2,40.6,0.0,W@6.1,9.9,47.6,0.0,0,29.87,"Paterson, Benton County",100062,Paterson,2017-12-16 08:29:08.008923
2016-11-25,03:15,53.5,53.6,32.8,45.0,0.0,W@5.7,12.4,47.6,0.0,0,29.87,"Paterson, Benton County",100062,Paterson,2017-12-16 08:29:08.008923
2016-11-25,03:30,52.2,52.3,36.1,54.1,0.0,W@6.7,9.9,47.7,0.0,0,29.88,"Paterson, Benton County",100062,Paterson,2017-12-16 08:29:08.008923
2016-11-25,03:45,50.1,50.2,38.2,63.5,0.0,W@5.7,7.8,47.7,0.0,0,29.88,"Paterson, Benton County",100062,Paterson,2017-12-16 08:29:08.008923
2016-11-25,04:00,49.7,49.8,38.0,63.9,0.0,W@5.6,7.1,47.7,0.0,0,29.88,"Paterson, Benton County",100062,Paterson,2017-12-16 08:29:08.008923
2016-11-25,04:15,49.6,49.6,38.1,64.5,0.0,W@3.5,6.4,47.8,0.0,0,29.89,"Paterson, Benton County",100062,Paterson,2017-12-16 08:29:08.008923
2016-11-25,04:30,48.7,48.8,38.1,66.7,0.0,SW@2.4,3.5,47.8,0.0,0,29.9,"Paterson, Benton County",100062,Paterson,2017-12-16 08:29:08.008923
2016-11-25,04:45,48.5,48.5,38.3,67.8,0.0,SW@1.0,2.4,47.8,0.0,0,29.9,"Paterson, Benton County",100062,Paterson,2017-12-16 08:29:08.008923
2016-11-25,05:00,47.8,47.8,38.3,69.4,0.0,E@1.2,2.8,47.8,0.0,0,29.91,"Paterson, Benton County",100062,Paterson,2017-12-16 08:29:08.008923
2016-11-25,05:15,47.2,47.1,38.8,72.5,0.0,SE@1.2,3.1,47.9,0.0,0,29.91,"Paterson, Benton County",100062,Paterson,2017-12-16 08:29:08.008923
2016-11-25,05:30,47.4,47.4,39.6,74.1,0.0,S@2.4,3.1,47.9,0.0,0,29.92,"Paterson, Benton County",100062,Paterson,2017-12-16 08:29:08.008923
2016-11-25,05:45,47.4,47.5,39.8,74.5,0.0,S@2.0,3.1,47.9,0.0,0,29.92,"Paterson, Benton County",100062,Paterson,2017-12-16 08:29:08.008923
2016-11-25,06:00,46.8,46.8,39.9,76.8,0.03,N@2.1,3.1,47.9,0.0,0,29.92,"Paterson, Benton County",100062,Paterson,2017-12-16 08:29:08.008923
2016-11-25,06:15,46.0,45.9,39.6,78.1,0.06,N@1.8,3.9,47.9,0.0,0,29.93,"Paterson, Benton County",100062,Paterson,2017-12-16 08:29:08.008923
2016-11-25,06:30,45.3,45.4,40.0,81.3,0.08,NE@2.5,4.2,47.9,0.0,0,29.93,"Paterson, Benton County",100062,Paterson,2017-12-16 08:29:08.008923
2016-11-25,06:45,45.9,45.9,40.0,79.9,0.07,NE@2.5,4.9,48.0,0.0,0,29.93,"Paterson, Benton County",100062,Paterson,2017-12-16 08:29:08.008923
2016-11-25,07:00,45.3,45.4,40.1,81.7,0.08,NE@3.6,4.2,48.0,0.0,0,29.94,"Paterson, Benton County",100062,Paterson,2017-12-16 08:29:08.008923
2016-11-25,07:15,45.8,45.9,40.1,80.2,0.07,NE@3.2,4.6,48.0,0.0,0,29.95,"Paterson, Benton County",100062,Paterson,2017-12-16 08:29:08.008923
2016-11-25,07:30,45.3,45.4,40.5,82.9,0.29,NE@3.9,5.3,48.0,0.0,2,29.95,"Paterson, Benton County",100062,Paterson,2017-12-16 08:29:08.008923
2016-11-25,07:45,45.6,45.7,40.5,82.3,0.46,N@2.1,2.8,48.0,0.0,8,29.96,"Paterson, Benton County",100062,Paterson,2017-12-16 08:29:08.008923
2016-11-25,08:00,46.2,46.4,40.6,80.5,0.8,N@3.2,5.7,48.0,0.0,19,29.95,"Paterson, Benton County",100062,Paterson,2017-12-16 08:29:08.008923
2016-11-25,08:15,45.9,45.9,41.0,82.8,0.23,NE@2.6,5.7,48.0,0.0,26,29.95,"Paterson, Benton County",100062,Paterson,2017-12-16 08:29:08.008923
2016-11-25,08:30,46.2,46.2,41.4,83.2,0.09,NW@2.9,4.6,48.0,0.0,28,29.95,"Paterson, Benton County",100062,Paterson,2017-12-16 08:29:08.008923
2016-11-25,08:45,46.8,46.8,41.5,81.6,0.07,NW@2.7,3.9,48.0,0.0,48,29.96,"Paterson, Benton County",100062,Paterson,2017-12-16 08:29:08.008923
2016-11-25,09:00,47.6,47.6,41.9,80.4,0.07,NW@1.6,2.8,48.0,0.0,69,29.96,"Paterson, Benton County",100062,Paterson,2017-12-16 08:29:08.008923
2016-11-25,09:15,48.3,48.3,42.0,78.8,0.05,E@2.4,4.6,48.0,0.0,104,29.96,"Paterson, Benton County",100062,Paterson,2017-12-16 08:29:08.008923
2016-11-25,09:30,49.2,49.3,41.7,75.1,0.0,E@3.4,4.9,48.0,0.0,117,29.96,"Paterson, Benton County",100062,Paterson,2017-12-16 08:29:08.008923
2016-11-25,09:45,49.8,49.8,41.7,73.7,0.0,SE@3.2,5.3,48.0,0.0,130,29.96,"Paterson, Benton County",100062,Paterson,2017-12-16 08:29:08.008923
2016-11-25,10:00,50.1,50.1,42.4,74.6,0.0,E@2.6,4.2,48.0,0.0,150,29.96,"Paterson, Benton County",100062,Paterson,2017-12-16 08:29:08.008923
2016-11-25,10:15,50.5,50.5,41.3,70.6,0.0,NE@2.6,4.6,47.9,0.0,138,29.96,"Paterson, Benton County",100062,Paterson,2017-12-16 08:29:08.008923
2016-11-25,10:30,50.7,50.5,42.0,72.1,0.0,N@2.7,4.6,47.9,0.0,135,29.96,"Paterson, Benton County",100062,Paterson,2017-12-16 08:29:08.008923
2016-11-25,10:45,51.4,51.3,41.7,69.4,0.0,NE@3.5,4.9,47.9,0.0,134,29.95,"Paterson, Benton County",100062,Paterson,2017-12-16 08:29:08.008923
2016-11-25,11:00,52.0,52.0,40.7,65.3,0.0,SE@3.7,5.3,47.9,0.0,150,29.95,"Paterson, Benton County",100062,Paterson,2017-12-16 08:29:08.008923
2016-11-25,11:15,52.5,52.5,41.3,65.6,0.0,E@4.9,7.1,47.9,0.0,157,29.95,"Paterson, Benton County",100062,Paterson,2017-12-16 08:29:08.008923
2016-11-25,11:30,52.5,52.5,41.8,66.7,0.0,E@5.4,7.4,47.9,0.0,159,29.94,"Paterson, Benton County",100062,Paterson,2017-12-16 08:29:08.008923
2016-11-25,11:45,52.7,52.7,41.6,65.9,0.0,E@4.5,6.0,48.0,0.0,158,29.94,"Paterson, Benton County",100062,Paterson,2017-12-16 08:29:08.008923
2016-11-25,12:00,53.2,53.1,41.3,64.0,0.0,NE@3.5,4.9,48.0,0.0,185,29.94,"Paterson, Benton County",100062,Paterson,2017-12-16 08:29:08.008923
2016-11-25,12:15,53.6,53.5,40.6,61.3,0.0,NE@4.4,6.4,48.0,0.0,187,29.94,"Paterson, Benton County",100062,Paterson,2017-12-16 08:29:08.008923
2016-11-25,12:30,53.7,53.7,40.2,60.1,0.0,NE@5.1,6.7,48.0,0.0,149,29.93,"Paterson, Benton County",100062,Paterson,2017-12-16 08:29:08.008923
2016-11-25,12:45,54.5,54.3,40.4,58.9,0.0,NE@4.0,5.3,48.0,0.0,197,29.93,"Paterson, Benton County",100062,Paterson,2017-12-16 08:29:08.008923
2016-11-25,13:00,55.3,54.9,40.3,56.9,0.0,NE@4.4,6.7,48.1,0.0,277,29.92,"Paterson, Benton County",100062,Paterson,2017-12-16 08:29:08.008923
2016-11-25,13:15,55.7,55.5,40.2,55.9,0.0,NE@5.6,7.8,48.1,0.0,201,29.91,"Paterson, Benton County",100062,Paterson,2017-12-16 08:29:08.008923
2016-11-25,13:30,55.9,55.8,39.7,54.5,0.0,NE@6.0,7.4,48.1,0.0,174,29.91,"Paterson, Benton County",100062,Paterson,2017-12-16 08:29:08.008923
2016-11-25,13:45,55.8,55.8,39.5,54.1,0.0,E@5.7,7.1,48.2,0.0,115,29.9,"Paterson, Benton County",100062,Paterson,2017-12-16 08:29:08.008923
2016-11-25,14:00,55.5,55.5,40.0,55.8,0.0,NE@4.3,6.0,48.2,0.0,86,29.9,"Paterson, Benton County",100062,Paterson,2017-12-16 08:29:08.008923
2016-11-25,14:15,55.6,55.7,40.8,57.4,0.0,E@4.0,5.7,48.3,0.0,83,29.9,"Paterson, Benton County",100062,Paterson,2017-12-16 08:29:08.008923
2016-11-25,14:30,55.6,55.6,40.6,57.0,0.0,NE@4.8,6.4,48.3,0.0,76,29.9,"Paterson, Benton County",100062,Paterson,2017-12-16 08:29:08.008923
2016-11-25,14:45,55.3,55.4,40.7,57.7,0.0,E@4.5,6.0,48.4,0.0,57,29.9,"Paterson, Benton County",100062,Paterson,2017-12-16 08:29:08.008923
2016-11-25,15:00,54.8,54.8,41.7,61.3,0.0,E@3.4,4.2,48.5,0.0,39,29.9,"Paterson, Benton County",100062,Paterson,2017-12-16 08:29:08.008923
2016-11-25,15:15,54.3,54.3,41.8,62.5,0.0,E@2.2,2.8,48.6,0.0,30,29.91,"Paterson, Benton County",100062,Paterson,2017-12-16 08:29:08.008923
2016-11-25,15:30,54.2,54.2,41.4,61.7,0.0,E@1.2,3.1,48.6,0.0,25,29.91,"Paterson, Benton County",100062,Paterson,2017-12-16 08:29:08.008923
2016-11-25,15:45,53.7,53.7,41.8,64.0,0.0,E@4.3,6.4,48.7,0.0,19,29.91,"Paterson, Benton County",100062,Paterson,2017-12-16 08:29:08.008923
2016-11-25,16:00,54.8,55.0,39.9,57.0,0.01,E@6.7,11.0,48.8,0.0,11,29.91,"Paterson, Benton County",100062,Paterson,2017-12-16 08:29:08.008923
2016-11-25,16:15,54.5,54.5,40.0,57.9,0.02,SE@5.5,9.2,48.9,0.0,7,29.91,"Paterson, Benton County",100062,Paterson,2017-12-16 08:29:08.008923
2016-11-25,16:30,54.2,54.4,40.1,58.6,0.0,SE@4.7,8.9,48.9,0.0,1,29.91,"Paterson, Benton County",100062,Paterson,2017-12-16 08:29:08.008923
2016-11-25,16:45,53.5,53.6,40.5,61.2,0.0,SE@3.4,5.3,49.0,0.0,0,29.91,"Paterson, Benton County",100062,Paterson,2017-12-16 08:29:08.008923
2016-11-25,17:00,53.7,53.8,40.3,60.3,0.0,SE@3.5,5.3,49.1,0.0,0,29.91,"Paterson, Benton County",100062,Paterson,2017-12-16 08:29:08.008923
2016-11-25,17:15,52.9,53.0,40.9,63.4,0.26,SE@5.5,9.6,49.1,0.0,0,29.92,"Paterson, Benton County",100062,Paterson,2017-12-16 08:29:08.008923
2016-11-25,17:30,51.9,52.0,42.3,69.5,0.78,E@4.8,6.7,49.2,0.0,0,29.92,"Paterson, Benton County",100062,Paterson,2017-12-16 08:29:08.008923
2016-11-25,17:45,50.4,50.4,43.5,77.1,0.71,E@3.8,4.6,49.2,0.0,0,29.92,"Paterson, Benton County",100062,Paterson,2017-12-16 08:29:08.008923
2016-11-25,18:00,49.7,49.8,43.8,79.8,0.36,SE@3.4,4.6,49.3,0.0,0,29.92,"Paterson, Benton County",100062,Paterson,2017-12-16 08:29:08.008923
2016-11-25,18:15,50.3,50.3,43.3,76.8,0.74,E@3.2,5.7,49.3,0.0,0,29.92,"Paterson, Benton County",100062,Paterson,2017-12-16 08:29:08.008923
2016-11-25,18:30,49.1,49.1,44.4,83.7,0.99,NE@4.7,6.4,49.4,0.0,0,29.93,"Paterson, Benton County",100062,Paterson,2017-12-16 08:29:08.008923
2016-11-25,18:45,48.7,48.8,44.3,84.8,1.0,NE@5.2,6.4,49.4,0.0,0,29.92,"Paterson, Benton County",100062,Paterson,2017-12-16 08:29:08.008923
2016-11-25,19:00,48.8,48.9,44.1,83.7,1.0,N@4.1,5.7,49.5,0.0,0,29.93,"Paterson, Benton County",100062,Paterson,2017-12-16 08:29:08.008923
2016-11-25,19:15,48.6,48.7,44.1,84.2,1.0,N@3.7,4.9,49.5,0.0,0,29.93,"Paterson, Benton County",100062,Paterson,2017-12-16 08:29:08.008923
2016-11-25,19:30,48.5,48.6,44.0,84.1,1.0,N@3.6,4.9,49.5,0.0,0,29.92,"Paterson, Benton County",100062,Paterson,2017-12-16 08:29:08.008923
2016-11-25,19:45,48.5,48.6,43.7,83.3,1.0,NE@4.9,7.4,49.5,0.0,0,29.92,"Paterson, Benton County",100062,Paterson,2017-12-16 08:29:08.008923
2016-11-25,20:00,48.9,49.0,43.7,81.9,0.97,E@6.2,9.2,49.6,0.0,0,29.91,"Paterson, Benton County",100062,Paterson,2017-12-16 08:29:08.008923
2016-11-25,20:15,49.2,49.3,43.8,81.4,0.47,E@6.8,8.5,49.6,0.0,0,29.91,"Paterson, Benton County",100062,Paterson,2017-12-16 08:29:08.008923
2016-11-25,20:30,48.6,48.6,43.6,82.9,0.32,NE@6.0,8.2,49.6,0.0,0,29.91,"Paterson, Benton County",100062,Paterson,2017-12-16 08:29:08.008923
2016-11-25,20:45,47.7,47.8,43.3,84.5,0.14,NE@6.4,8.5,49.6,0.0,0,29.9,"Paterson, Benton County",100062,Paterson,2017-12-16 08:29:08.008923
2016-11-25,21:00,48.1,48.2,43.1,82.5,0.1,NE@6.7,8.5,49.6,0.0,0,29.9,"Paterson, Benton County",100062,Paterson,2017-12-16 08:29:08.008923
2016-11-25,21:15,48.1,48.2,43.1,82.7,0.09,NE@5.8,7.4,49.6,0.0,0,29.9,"Paterson, Benton County",100062,Paterson,2017-12-16 08:29:08.008923
2016-11-25,21:30,48.5,48.6,43.0,80.8,0.07,NE@6.3,7.8,49.6,0.0,0,29.9,"Paterson, Benton County",100062,Paterson,2017-12-16 08:29:08.008923
2016-11-25,21:45,48.6,48.7,42.9,80.5,0.07,NE@6.7,8.2,49.6,0.0,0,29.89,"Paterson, Benton County",100062,Paterson,2017-12-16 08:29:08.008923
2016-11-25,22:00,48.6,48.7,43.0,80.6,0.09,NE@6.2,7.8,49.6,0.0,0,29.89,"Paterson, Benton County",100062,Paterson,2017-12-16 08:29:08.008923
2016-11-25,22:15,48.2,48.3,42.9,81.5,0.1,NE@5.0,6.0,49.6,0.0,0,29.89,"Paterson, Benton County",100062,Paterson,2017-12-16 08:29:08.008923
2016-11-25,22:30,48.2,48.3,42.5,80.4,0.09,NE@4.8,6.7,49.6,0.0,0,29.88,"Paterson, Benton County",100062,Paterson,2017-12-16 08:29:08.008923
2016-11-25,22:45,48.1,48.1,42.3,80.3,0.08,NE@4.5,6.0,49.5,0.0,0,29.88,"Paterson, Benton County",100062,Paterson,2017-12-16 08:29:08.008923
2016-11-25,23:00,47.6,47.7,42.0,81.0,0.12,N@4.3,5.3,49.5,0.0,0,29.88,"Paterson, Benton County",100062,Paterson,2017-12-16 08:29:08.008923
2016-11-25,23:15,46.9,47.0,41.5,81.3,0.17,NE@4.9,6.4,49.5,0.0,0,29.88,"Paterson, Benton County",100062,Paterson,2017-12-16 08:29:08.008923
2016-11-25,23:30,45.3,45.5,40.4,82.9,0.21,NE@5.0,5.7,49.5,0.0,0,29.87,"Paterson, Benton County",100062,Paterson,2017-12-16 08:29:08.008923
2016-11-25,23:45,45.4,45.6,40.2,81.8,0.14,NE@4.7,5.7,49.5,0.0,0,29.87,"Paterson, Benton County",100062,Paterson,2017-12-16 08:29:08.008923
2016-11-25,24:00,45.6,45.7,40.0,80.7,0.12,N@4.9,6.0,49.5,0.0,0,29.87,"Paterson, Benton County",100062,Paterson,2017-12-16 08:29:08.008923
2016-11-26,00:15,44.3,44.4,39.4,82.9,0.19,NE@5.5,7.1,49.5,0.0,0,29.86,"Paterson, Benton County",100062,Paterson,2017-12-16 08:29:08.008923
2016-11-26,00:30,45.3,45.4,39.5,79.9,0.09,NE@6.0,7.4,49.4,0.0,0,29.85,"Paterson, Benton County",100062,Paterson,2017-12-16 08:29:08.008923
2016-11-26,00:45,44.9,45.0,39.3,80.7,0.11,N@5.1,7.4,49.4,0.0,0,29.85,"Paterson, Benton County",100062,Paterson,2017-12-16 08:29:08.008923
2016-11-26,01:00,44.8,45.0,39.3,80.8,0.1,NE@5.9,8.9,49.4,0.0,0,29.84,"Paterson, Benton County",100062,Paterson,2017-12-16 08:29:08.008923
2016-11-26,01:15,45.1,45.2,39.0,79.0,0.08,NE@6.3,7.8,49.4,0.0,0,29.83,"Paterson, Benton County",100062,Paterson,2017-12-16 08:29:08.008923
2016-11-26,01:30,44.8,45.0,39.0,79.9,0.11,N@4.9,6.7,49.3,0.0,0,29.83,"Paterson, Benton County",100062,Paterson,2017-12-16 08:29:08.008923
2016-11-26,01:45,45.2,45.4,38.8,78.0,0.08,N@4.4,5.7,49.3,0.0,0,29.83,"Paterson, Benton County",100062,Paterson,2017-12-16 08:29:08.008923
2016-11-26,02:00,45.5,45.6,38.6,76.7,0.04,N@4.5,6.0,49.3,0.0,0,29.82,"Paterson, Benton County",100062,Paterson,2017-12-16 08:29:08.008923
2016-11-26,02:15,44.4,44.5,38.6,79.8,0.08,N@4.2,6.0,49.2,0.0,0,29.81,"Paterson, Benton County",100062,Paterson,2017-12-16 08:29:08.008923
2016-11-26,02:30,43.6,43.7,38.3,81.4,0.13,N@4.0,5.7,49.2,0.0,0,29.81,"Paterson, Benton County",100062,Paterson,2017-12-16 08:29:08.008923
2016-11-26,02:45,43.3,43.3,37.8,80.9,0.12,N@4.4,6.0,49.2,0.0,0,29.8,"Paterson, Benton County",100062,Paterson,2017-12-16 08:29:08.008923
2016-11-26,03:00,43.1,43.4,37.7,80.9,0.09,N@4.3,6.0,49.1,0.0,0,29.79,"Paterson, Benton County",100062,Paterson,2017-12-16 08:29:08.008923
2016-11-26,03:15,43.7,43.8,37.8,79.4,0.08,N@3.6,5.3,49.1,0.0,0,29.79,"Paterson, Benton County",100062,Paterson,2017-12-16 08:29:08.008923
2016-11-26,03:30,43.5,43.6,37.6,79.3,0.08,N@3.4,4.9,49.0,0.0,0,29.78,"Paterson, Benton County",100062,Paterson,2017-12-16 08:29:08.008923
2016-11-26,03:45,42.8,42.9,37.3,80.6,0.1,N@4.1,5.7,49.0,0.0,0,29.78,"Paterson, Benton County",100062,Paterson,2017-12-16 08:29:08.008923
2016-11-26,04:00,43.2,43.0,36.9,78.2,0.09,N@3.4,4.6,48.9,0.0,0,29.77,"Paterson, Benton County",100062,Paterson,2017-12-16 08:29:08.008923
2016-11-26,04:15,43.3,43.3,36.6,77.2,0.08,N@3.6,5.7,48.9,0.0,0,29.76,"Paterson, Benton County",100062,Paterson,2017-12-16 08:29:08.008923
2016-11-26,04:30,42.5,42.5,36.4,78.9,0.09,N@3.6,4.9,48.8,0.0,0,29.75,"Paterson, Benton County",100062,Paterson,2017-12-16 08:29:08.008923
2016-11-26,04:45,42.6,42.7,36.5,78.9,0.09,N@3.7,5.3,48.8,0.0,0,29.74,"Paterson, Benton County",100062,Paterson,2017-12-16 08:29:08.008923
2016-11-26,05:00,42.9,43.0,36.3,77.3,0.08,N@2.9,4.9,48.7,0.0,0,29.74,"Paterson, Benton County",100062,Paterson,2017-12-16 08:29:08.008923
2016-11-26,05:15,42.6,42.9,36.2,77.8,0.07,N@3.5,4.9,48.7,0.0,0,29.73,"Paterson, Benton County",100062,Paterson,2017-12-16 08:29:08.008923
2016-11-26,05:30,42.6,42.7,36.2,77.9,0.06,N@4.0,6.0,48.6,0.0,0,29.72,"Paterson, Benton County",100062,Paterson,2017-12-16 08:29:08.008923
2016-11-26,05:45,42.2,42.3,36.3,79.2,0.08,N@3.2,4.9,48.6,0.0,0,29.71,"Paterson, Benton County",100062,Paterson,2017-12-16 08:29:08.008923
2016-11-26,06:00,40.3,40.4,35.2,81.7,0.17,E@3.2,5.3,48.5,0.0,0,29.7,"Paterson, Benton County",100062,Paterson,2017-12-16 08:29:08.008923
2016-11-26,06:15,40.5,40.6,35.6,82.4,0.29,SE@1.3,4.9,48.5,0.0,0,29.7,"Paterson, Benton County",100062,Paterson,2017-12-16 08:29:08.008923
2016-11-26,06:30,37.8,37.8,35.7,92.0,0.57,SW@3.4,6.0,48.4,0.0,0,29.69,"Paterson, Benton County",100062,Paterson,2017-12-16 08:29:08.008923
2016-11-26,06:45,38.4,38.3,37.4,96.2,0.86,SW@2.2,6.0,48.3,0.0,0,29.68,"Paterson, Benton County",100062,Paterson,2017-12-16 08:29:08.008923
2016-11-26,07:00,37.1,37.0,36.2,96.3,0.93,SW@3.5,8.5,48.3,0.0,0,29.68,"Paterson, Benton County",100062,Paterson,2017-12-16 08:29:08.008923
2016-11-26,07:15,36.1,36.1,35.2,96.5,0.97,N@2.9,6.4,48.2,0.0,2,29.67,"Paterson, Benton County",100062,Paterson,2017-12-16 08:29:08.008923
2016-11-26,07:30,35.1,35.1,34.3,96.6,1.0,N@1.2,5.3,48.2,0.0,8,29.66,"Paterson, Benton County",100062,Paterson,2017-12-16 08:29:08.008923
2016-11-26,07:45,35.3,35.2,34.5,96.9,1.0,SE@1.6,4.2,48.1,0.0,8,29.66,"Paterson, Benton County",100062,Paterson,2017-12-16 08:29:08.008923
2016-11-26,08:00,36.5,36.5,35.9,97.4,1.0,SW@1.6,3.9,48.0,0.0,8,29.66,"Paterson, Benton County",100062,Paterson,2017-12-16 08:29:08.008923
2016-11-26,08:15,36.6,36.6,35.9,97.2,1.0,N@1.4,4.2,48.0,0.0,20,29.65,"Paterson, Benton County",100062,Paterson,2017-12-16 08:29:08.008923
2016-11-26,08:30,35.8,35.7,34.9,96.8,1.0,NE@0.6,3.5,47.9,0.0,30,29.65,"Paterson, Benton County",100062,Paterson,2017-12-16 08:29:08.008923
2016-11-26,08:45,36.2,36.1,35.3,96.7,1.0,NE@0.4,2.4,47.9,0.0,43,29.65,"Paterson, Benton County",100062,Paterson,2017-12-16 08:29:08.008923
2016-11-26,09:00,37.7,37.7,36.9,96.8,1.0,NE@1.5,3.1,47.8,0.0,53,29.64,"Paterson, Benton County",100062,Paterson,2017-12-16 08:29:08.008923
2016-11-26,09:15,38.8,38.8,37.9,96.3,1.0,N@2.0,3.9,47.7,0.0,64,29.64,"Paterson, Benton County",100062,Paterson,2017-12-16 08:29:08.008923
2016-11-26,09:30,39.6,39.7,38.4,95.2,1.0,N@0.5,2.8,47.6,0.0,56,29.64,"Paterson, Benton County",100062,Paterson,2017-12-16 08:29:08.008923
2016-11-26,09:45,40.2,40.2,38.7,94.3,1.0,NE@1.7,3.9,47.6,0.0,52,29.64,"Paterson, Benton County",100062,Paterson,2017-12-16 08:29:08.008923
2016-11-26,10:00,40.8,40.8,38.8,92.3,1.0,NE@0.5,2.1,47.5,0.0,59,29.64,"Paterson, Benton County",100062,Paterson,2017-12-16 08:29:08.008923
2016-11-26,10:15,41.2,41.2,38.7,90.8,0.96,W@0.5,2.8,47.5,0.0,67,29.63,"Paterson, Benton County",100062,Paterson,2017-12-16 08:29:08.008923
2016-11-26,10:30,41.8,41.8,39.0,89.4,0.91,NE@0.2,2.4,47.4,0.0,113,29.62,"Paterson, Benton County",100062,Paterson,2017-12-16 08:29:08.008923
2016-11-26,10:45,42.8,42.7,39.4,87.5,0.74,NE@0.5,2.8,47.3,0.0,123,29.62,"Paterson, Benton County",100062,Paterson,2017-12-16 08:29:08.008923
2016-11-26,11:00,43.4,43.3,39.6,86.5,0.29,NE@0.1,1.7,47.3,0.0,135,29.6,"Paterson, Benton County",100062,Paterson,2017-12-16 08:29:08.008923
2016-11-26,11:15,44.1,44.0,40.1,85.9,0.11,SE@2.7,4.2,47.2,0.0,192,29.59,"Paterson, Benton County",100062,Paterson,2017-12-16 08:29:08.008923
2016-11-26,11:30,45.0,45.0,40.8,85.1,0.08,SE@3.3,4.6,47.2,0.0,216,29.58,"Paterson, Benton County",100062,Paterson,2017-12-16 08:29:08.008923
2016-11-26,11:45,45.4,45.4,40.9,84.0,0.07,S@2.7,4.6,47.1,0.0,182,29.57,"Paterson, Benton County",100062,Paterson,2017-12-16 08:29:08.008923
2016-11-26,12:00,45.7,45.6,41.6,85.2,0.1,SW@3.3,5.3,47.1,0.0,146,29.56,"Paterson, Benton County",100062,Paterson,2017-12-16 08:29:08.008923
2016-11-26,12:15,45.5,45.5,41.7,86.5,0.12,W@4.9,6.7,47.1,0.0,170,29.55,"Paterson, Benton County",100062,Paterson,2017-12-16 08:29:08.008923
2016-11-26,12:30,45.6,45.6,41.6,85.9,0.1,W@4.7,7.1,47.0,0.0,141,29.55,"Paterson, Benton County",100062,Paterson,2017-12-16 08:29:08.008923
2016-11-26,12:45,46.1,46.1,41.9,85.1,0.1,W@4.2,6.0,47.0,0.0,187,29.54,"Paterson, Benton County",100062,Paterson,2017-12-16 08:29:08.008923
2016-11-26,13:00,47.0,47.0,42.4,83.8,0.1,SW@4.1,6.4,47.0,0.0,157,29.53,"Paterson, Benton County",100062,Paterson,2017-12-16 08:29:08.008923
2016-11-26,13:15,47.9,47.9,43.0,82.9,0.08,SW@3.4,4.9,47.0,0.0,140,29.52,"Paterson, Benton County",100062,Paterson,2017-12-16 08:29:08.008923
2016-11-26,13:30,47.5,47.5,42.3,81.9,0.07,SW@4.6,6.0,47.0,0.0,114,29.51,"Paterson, Benton County",100062,Paterson,2017-12-16 08:29:08.008923
2016-11-26,13:45,47.7,47.7,42.5,81.9,0.07,SW@3.3,5.3,47.0,0.0,124,29.5,"Paterson, Benton County",100062,Paterson,2017-12-16 08:29:08.008923
2016-11-26,14:00,48.3,48.3,42.7,81.1,0.06,S@2.4,3.5,47.0,0.0,103,29.5,"Paterson, Benton County",100062,Paterson,2017-12-16 08:29:08.008923
2016-11-26,14:15,48.1,48.1,42.8,81.7,0.08,SE@3.2,4.2,47.1,0.0,52,29.49,"Paterson, Benton County",100062,Paterson,2017-12-16 08:29:08.008923
2016-11-26,14:30,47.5,47.6,42.9,83.7,0.12,S@4.5,8.2,47.1,0.0,36,29.49,"Paterson, Benton County",100062,Paterson,2017-12-16 08:29:08.008923
2016-11-26,14:45,47.1,47.1,43.0,85.8,0.16,NW@4.7,8.2,47.1,0.0,29,29.49,"Paterson, Benton County",100062,Paterson,2017-12-16 08:29:08.008923
2016-11-26,15:00,47.0,47.0,43.1,86.2,0.18,NE@3.8,6.0,47.1,0.0,25,29.48,"Paterson, Benton County",100062,Paterson,2017-12-16 08:29:08.008923
2016-11-26,15:15,46.7,46.7,43.3,87.7,0.23,E@5.1,11.0,47.2,0.0,22,29.47,"Paterson, Benton County",100062,Paterson,2017-12-16 08:29:08.008923
2016-11-26,15:30,46.5,46.5,43.4,88.8,0.28,NE@4.0,5.7,47.2,0.0,20,29.46,"Paterson, Benton County",100062,Paterson,2017-12-16 08:29:08.008923
2016-11-26,15:45,46.5,46.6,43.5,89.1,0.33,E@2.4,7.4,47.3,0.0,15,29.46,"Paterson, Benton County",100062,Paterson,2017-12-16 08:29:08.008923
2016-11-26,16:00,46.7,46.7,43.3,87.9,0.31,SE@3.2,6.7,47.3,0.0,9,29.45,"Paterson, Benton County",100062,Paterson,2017-12-16 08:29:08.008923
2016-11-26,16:15,47.1,47.1,42.7,84.6,0.22,S@3.1,5.3,47.4,0.0,3,29.45,"Paterson, Benton County",100062,Paterson,2017-12-16 08:29:08.008923
2016-11-26,16:30,46.7,46.7,42.1,84.1,0.2,E@3.3,4.9,47.4,0.0,0,29.45,"Paterson, Benton County",100062,Paterson,2017-12-16 08:29:08.008923
2016-11-26,16:45,45.7,45.7,42.3,87.8,0.32,NW@3.1,4.9,47.5,0.0,0,29.45,"Paterson, Benton County",100062,Paterson,2017-12-16 08:29:08.008923
2016-11-26,17:00,45.9,45.9,42.2,86.9,0.28,NW@4.9,9.2,47.5,0.0,0,29.44,"Paterson, Benton County",100062,Paterson,2017-12-16 08:29:08.008923
2016-11-26,17:15,45.9,46.0,42.1,86.4,0.29,W@4.6,7.4,47.5,0.0,0,29.44,"Paterson, Benton County",100062,Paterson,2017-12-16 08:29:08.008923
2016-11-26,17:30,44.8,44.8,41.9,89.6,0.44,W@5.1,7.4,47.6,0.0,0,29.44,"Paterson, Benton County",100062,Paterson,2017-12-16 08:29:08.008923
2016-11-26,17:45,44.7,44.8,41.5,88.5,0.4,NW@5.1,7.1,47.6,0.0,0,29.44,"Paterson, Benton County",100062,Paterson,2017-12-16 08:29:08.008923
2016-11-26,18:00,44.8,44.8,41.1,86.8,0.33,W@3.8,6.0,47.6,0.0,0,29.44,"Paterson, Benton County",100062,Paterson,2017-12-16 08:29:08.008923
2016-11-26,18:15,45.2,45.2,41.1,85.2,0.3,NW@2.8,5.3,47.7,0.0,0,29.44,"Paterson, Benton County",100062,Paterson,2017-12-16 08:29:08.008923
2016-11-26,18:30,45.3,45.3,40.9,84.6,0.31,N@2.3,4.2,47.7,0.0,0,29.43,"Paterson, Benton County",100062,Paterson,2017-12-16 08:29:08.008923
2016-11-26,18:45,44.4,44.4,40.2,85.1,0.38,NE@0.9,2.8,47.7,0.0,0,29.43,"Paterson, Benton County",100062,Paterson,2017-12-16 08:29:08.008923
2016-11-26,19:00,45.5,45.7,40.0,80.9,0.21,NE@2.2,3.5,47.7,0.0,0,29.43,"Paterson, Benton County",100062,Paterson,2017-12-16 08:29:08.008923
2016-11-26,19:15,43.2,43.2,39.5,86.6,0.36,SE@2.2,3.5,47.8,0.0,0,29.43,"Paterson, Benton County",100062,Paterson,2017-12-16 08:29:08.008923
2016-11-26,19:30,43.2,43.3,40.5,90.1,0.49,SW@4.3,7.1,47.8,0.0,0,29.43,"Paterson, Benton County",100062,Paterson,2017-12-16 08:29:08.008923
2016-11-26,19:45,43.2,43.2,41.1,92.3,0.57,W@3.9,6.7,47.8,0.0,0,29.43,"Paterson, Benton County",100062,Paterson,2017-12-16 08:29:08.008923
2016-11-26,20:00,43.2,43.1,41.3,92.8,0.69,N@2.6,3.9,47.8,0.0,0,29.42,"Paterson, Benton County",100062,Paterson,2017-12-16 08:29:08.008923
2016-11-26,20:15,43.2,43.2,41.2,92.4,0.72,N@1.7,3.5,47.8,0.0,0,29.43,"Paterson, Benton County",100062,Paterson,2017-12-16 08:29:08.008923
2016-11-26,20:30,42.6,42.5,40.6,92.7,0.75,SW@1.7,4.2,47.8,0.0,0,29.44,"Paterson, Benton County",100062,Paterson,2017-12-16 08:29:08.008923
2016-11-26,20:45,42.6,42.6,40.9,93.7,0.87,NW@2.4,3.9,47.8,0.0,0,29.43,"Paterson, Benton County",100062,Paterson,2017-12-16 08:29:08.008923
2016-11-26,21:00,41.9,41.8,40.2,93.6,0.93,SW@1.6,3.1,47.8,0.0,0,29.44,"Paterson, Benton County",100062,Paterson,2017-12-16 08:29:08.008923
2016-11-26,21:15,40.1,40.0,38.7,94.9,1.0,E@1.3,3.1,47.8,0.0,0,29.44,"Paterson, Benton County",100062,Paterson,2017-12-16 08:29:08.008923
2016-11-26,21:30,40.7,40.6,39.9,97.0,1.0,E@0.2,2.4,47.8,0.0,0,29.45,"Paterson, Benton County",100062,Paterson,2017-12-16 08:29:08.008923
2016-11-26,21:45,40.9,40.7,40.1,97.2,1.0,N@0.0,0.0,47.7,0.0,0,29.45,"Paterson, Benton County",100062,Paterson,2017-12-16 08:29:08.008923
2016-11-26,22:00,40.5,40.6,39.7,97.0,1.0,NW@2.1,4.6,47.7,0.0,0,29.46,"Paterson, Benton County",100062,Paterson,2017-12-16 08:29:08.008923
2016-11-26,22:15,39.5,39.7,38.5,96.1,1.0,N@0.6,3.1,47.7,0.0,0,29.46,"Paterson, Benton County",100062,Paterson,2017-12-16 08:29:08.008923
2016-11-26,22:30,40.3,40.4,38.7,94.1,1.0,NW@2.3,3.5,47.7,0.0,0,29.46,"Paterson, Benton County",100062,Paterson,2017-12-16 08:29:08.008923
2016-11-26,22:45,40.5,40.5,38.4,92.4,1.0,W@3.8,7.4,47.7,0.0,0,29.48,"Paterson, Benton County",100062,Paterson,2017-12-16 08:29:08.008923
2016-11-26,23:00,41.6,41.6,40.0,93.9,1.0,W@4.2,7.8,47.6,0.0,0,29.48,"Paterson, Benton County",100062,Paterson,2017-12-16 08:29:08.008923
2016-11-26,23:15,41.5,41.4,40.0,94.2,1.0,NE@1.5,3.5,47.6,0.0,0,29.48,"Paterson, Benton County",100062,Paterson,2017-12-16 08:29:08.008923
2016-11-26,23:30,41.1,41.1,39.9,95.6,1.0,S@3.0,6.0,47.6,0.0,0,29.5,"Paterson, Benton County",100062,Paterson,2017-12-16 08:29:08.008923
2016-11-26,23:45,41.4,41.4,40.4,96.2,1.0,S@1.0,2.8,47.6,0.0,0,29.5,"Paterson, Benton County",100062,Paterson,2017-12-16 08:29:08.008923
2016-11-26,24:00,41.1,41.1,39.9,95.4,1.0,SW@2.4,4.2,47.5,0.0,0,29.51,"Paterson, Benton County",100062,Paterson,2017-12-16 08:29:08.008923
2016-11-27,00:15,40.7,40.7,39.6,95.7,1.0,SW@2.2,3.5,47.5,0.0,0,29.52,"Paterson, Benton County",100062,Paterson,2017-12-16 08:29:08.008923
2016-11-27,00:30,40.9,40.9,39.8,95.7,1.0,SW@1.3,3.1,47.5,0.0,0,29.52,"Paterson, Benton County",100062,Paterson,2017-12-16 08:29:08.008923
2016-11-27,00:45,41.4,41.3,40.1,95.1,1.0,SE@0.0,1.4,47.4,0.0,0,29.53,"Paterson, Benton County",100062,Paterson,2017-12-16 08:29:08.008923
2016-11-27,01:00,41.3,41.3,39.7,93.9,1.0,S@0.7,2.1,47.4,0.0,0,29.54,"Paterson, Benton County",100062,Paterson,2017-12-16 08:29:08.008923
2016-11-27,01:15,41.4,41.5,39.7,93.6,1.0,SW@2.4,4.9,47.4,0.0,0,29.55,"Paterson, Benton County",100062,Paterson,2017-12-16 08:29:08.008923
2016-11-27,01:30,42.4,42.5,40.1,91.6,0.98,SW@5.3,8.5,47.4,0.0,0,29.56,"Paterson, Benton County",100062,Paterson,2017-12-16 08:29:08.008923
2016-11-27,01:45,42.6,42.7,40.1,90.8,0.87,SW@5.7,8.5,47.3,0.0,0,29.56,"Paterson, Benton County",100062,Paterson,2017-12-16 08:29:08.008923
2016-11-27,02:00,43.7,43.7,40.3,87.7,0.55,SW@8.7,13.5,47.3,0.0,0,29.57,"Paterson, Benton County",100062,Paterson,2017-12-16 08:29:08.008923
2016-11-27,02:15,43.5,43.5,39.4,85.3,0.38,S@8.4,12.8,47.3,0.0,0,29.58,"Paterson, Benton County",100062,Paterson,2017-12-16 08:29:08.008923
2016-11-27,02:30,43.2,43.3,38.6,83.7,0.33,SW@7.2,11.4,47.2,0.0,0,29.58,"Paterson, Benton County",100062,Paterson,2017-12-16 08:29:08.008923
2016-11-27,02:45,42.9,43.0,37.7,81.5,0.29,SW@6.9,11.0,47.2,0.0,0,29.59,"Paterson, Benton County",100062,Paterson,2017-12-16 08:29:08.008923
2016-11-27,03:00,42.3,42.4,36.9,80.8,0.26,SW@7.5,11.0,47.2,0.0,0,29.6,"Paterson, Benton County",100062,Paterson,2017-12-16 08:29:08.008923
2016-11-27,03:15,42.0,42.1,36.4,80.4,0.25,SW@8.0,12.4,47.2,0.0,0,29.6,"Paterson, Benton County",100062,Paterson,2017-12-16 08:29:08.008923
2016-11-27,03:30,41.7,41.8,36.4,81.2,0.27,SW@7.8,10.7,47.1,0.0,0,29.61,"Paterson, Benton County",100062,Paterson,2017-12-16 08:29:08.008923
2016-11-27,03:45,41.6,41.7,36.2,81.0,0.27,SW@7.1,11.7,47.1,0.0,0,29.61,"Paterson, Benton County",100062,Paterson,2017-12-16 08:29:08.008923
2016-11-27,04:00,41.2,41.3,36.0,81.4,0.28,SW@6.7,10.7,47.1,0.0,0,29.62,"Paterson, Benton County",100062,Paterson,2017-12-16 08:29:08.008923
2016-11-27,04:15,41.3,41.3,36.0,81.4,0.28,SW@7.1,10.3,47.0,0.0,0,29.63,"Paterson, Benton County",100062,Paterson,2017-12-16 08:29:08.008923
2016-11-27,04:30,40.8,40.9,36.2,83.3,0.35,SW@6.1,10.3,47.0,0.0,0,29.63,"Paterson, Benton County",100062,Paterson,2017-12-16 08:29:08.008923
2016-11-27,04:45,40.7,40.8,36.1,83.7,0.36,SW@5.8,9.2,47.0,0.0,0,29.64,"Paterson, Benton County",100062,Paterson,2017-12-16 08:29:08.008923
2016-11-27,05:00,40.7,40.8,36.1,83.6,0.35,SW@5.4,8.2,47.0,0.0,0,29.64,"Paterson, Benton County",100062,Paterson,2017-12-16 08:29:08.008923
2016-11-27,05:15,41.0,41.1,36.6,84.0,0.29,SW@5.3,8.2,46.9,0.0,0,29.65,"Paterson, Benton County",100062,Paterson,2017-12-16 08:29:08.008923
2016-11-27,05:30,39.9,40.0,36.1,86.0,0.36,N@3.1,4.6,46.9,0.0,0,29.66,"Paterson, Benton County",100062,Paterson,2017-12-16 08:29:08.008923
2016-11-27,05:45,40.0,40.0,36.0,85.5,0.36,NW@2.7,4.9,46.9,0.0,0,29.67,"Paterson, Benton County",100062,Paterson,2017-12-16 08:29:08.008923
2016-11-27,06:00,40.7,40.8,36.4,84.6,0.29,W@3.5,5.3,46.8,0.0,0,29.68,"Paterson, Benton County",100062,Paterson,2017-12-16 08:29:08.008923
2016-11-27,06:15,41.0,41.1,36.5,83.9,0.26,W@4.7,7.4,46.8,0.0,0,29.69,"Paterson, Benton County",100062,Paterson,2017-12-16 08:29:08.008923
2016-11-27,06:30,42.0,42.0,36.6,81.1,0.19,W@5.4,7.8,46.8,0.0,0,29.69,"Paterson, Benton County",100062,Paterson,2017-12-16 08:29:08.008923
2016-11-27,06:45,41.8,41.8,36.8,82.5,0.42,W@3.7,5.3,46.7,0.0,0,29.7,"Paterson, Benton County",100062,Paterson,2017-12-16 08:29:08.008923
2016-11-27,07:00,41.9,41.9,36.9,82.5,0.22,W@3.9,5.7,46.7,0.0,0,29.7,"Paterson, Benton County",100062,Paterson,2017-12-16 08:29:08.008923
2016-11-27,07:15,41.8,41.8,36.9,82.5,0.23,NW@2.9,5.3,46.6,0.0,1,29.71,"Paterson, Benton County",100062,Paterson,2017-12-16 08:29:08.008923
2016-11-27,07:30,42.1,42.1,36.5,80.5,0.46,W@2.6,3.9,46.6,0.0,5,29.72,"Paterson, Benton County",100062,Paterson,2017-12-16 08:29:08.008923
2016-11-27,07:45,42.3,42.3,36.7,80.2,0.55,NW@1.5,3.5,46.6,0.0,11,29.74,"Paterson, Benton County",100062,Paterson,2017-12-16 08:29:08.008923
2016-11-27,08:00,41.8,41.7,37.1,83.2,0.28,NE@0.3,2.1,46.5,0.0,15,29.76,"Paterson, Benton County",100062,Paterson,2017-12-16 08:29:08.008923
2016-11-27,08:15,44.1,44.2,38.2,79.7,0.16,SW@4.4,6.4,46.5,0.0,22,29.76,"Paterson, Benton County",100062,Paterson,2017-12-16 08:29:08.008923
2016-11-27,08:30,45.0,45.1,38.5,77.7,0.13,SW@5.1,9.9,46.5,0.0,28,29.76,"Paterson, Benton County",100062,Paterson,2017-12-16 08:29:08.008923
2016-11-27,08:45,45.5,45.6,38.2,75.3,0.1,SW@7.6,11.7,46.4,0.0,50,29.76,"Paterson, Benton County",100062,Paterson,2017-12-16 08:29:08.008923
2016-11-27,09:00,46.1,46.2,37.9,72.9,0.08,SW@8.2,11.7,46.4,0.0,73,29.76,"Paterson, Benton County",100062,Paterson,2017-12-16 08:29:08.008923
2016-11-27,09:15,46.5,46.6,37.6,70.9,0.07,SW@9.1,14.2,46.3,0.0,84,29.76,"Paterson, Benton County",100062,Paterson,2017-12-16 08:29:08.008923
2016-11-27,09:30,46.8,46.9,37.4,69.6,0.06,SW@10.8,16.4,46.3,0.0,116,29.77,"Paterson, Benton County",100062,Paterson,2017-12-16 08:29:08.008923
2016-11-27,09:45,47.3,47.3,37.6,68.9,0.05,SW@10.7,18.5,46.3,0.0,106,29.78,"Paterson, Benton County",100062,Paterson,2017-12-16 08:29:08.008923
2016-11-27,10:00,47.5,47.5,37.6,68.3,0.04,SW@11.3,15.7,46.3,0.0,96,29.78,"Paterson, Benton County",100062,Paterson,2017-12-16 08:29:08.008923
2016-11-27,10:15,47.7,47.8,37.5,67.4,0.02,SW@10.9,17.5,46.2,0.0,98,29.78,"Paterson, Benton County",100062,Paterson,2017-12-16 08:29:08.008923
2016-11-27,10:30,48.2,48.2,37.4,66.1,0.0,SW@10.9,16.7,46.2,0.0,119,29.78,"Paterson, Benton County",100062,Paterson,2017-12-16 08:29:08.008923
2016-11-27,10:45,48.8,48.8,37.4,64.7,0.0,SW@11.2,18.9,46.2,0.0,120,29.78,"Paterson, Benton County",100062,Paterson,2017-12-16 08:29:08.008923
2016-11-27,11:00,49.9,49.9,37.5,62.2,0.0,SW@13.5,20.3,46.2,0.0,192,29.78,"Paterson, Benton County",100062,Paterson,2017-12-16 08:29:08.008923
2016-11-27,11:15,51.0,50.9,37.6,59.8,0.0,SW@15.3,23.5,46.2,0.0,301,29.77,"Paterson, Benton County",100062,Paterson,2017-12-16 08:29:08.008923
2016-11-27,11:30,51.8,51.6,37.5,58.1,0.0,SW@16.6,23.5,46.2,0.0,320,29.76,"Paterson, Benton County",100062,Paterson,2017-12-16 08:29:08.008923
2016-11-27,11:45,52.1,51.9,37.6,57.6,0.0,SW@16.6,26.0,46.2,0.0,313,29.75,"Paterson, Benton County",100062,Paterson,2017-12-16 08:29:08.008923
2016-11-27,12:00,52.4,52.2,37.5,56.8,0.0,SW@19.8,31.1,46.2,0.0,335,29.76,"Paterson, Benton County",100062,Paterson,2017-12-16 08:29:08.008923
2016-11-27,12:15,52.3,52.2,37.6,57.0,0.0,SW@19.6,28.9,46.2,0.0,328,29.76,"Paterson, Benton County",100062,Paterson,2017-12-16 08:29:08.008923
2016-11-27,12:30,52.2,52.0,37.7,57.7,0.0,SW@17.4,25.7,46.2,0.0,262,29.75,"Paterson, Benton County",100062,Paterson,2017-12-16 08:29:08.008923
2016-11-27,12:45,51.7,51.6,37.7,58.7,0.0,SW@19.1,26.4,46.2,0.0,210,29.75,"Paterson, Benton County",100062,Paterson,2017-12-16 08:29:08.008923
2016-11-27,13:00,51.4,51.4,38.1,60.2,0.0,SW@17.7,26.8,46.3,0.0,192,29.75,"Paterson, Benton County",100062,Paterson,2017-12-16 08:29:08.008923
2016-11-27,13:15,51.2,51.2,38.4,61.5,0.0,SW@16.5,23.5,46.3,0.0,167,29.74,"Paterson, Benton County",100062,Paterson,2017-12-16 08:29:08.008923
2016-11-27,13:30,50.8,50.8,38.1,61.7,0.0,SW@15.4,22.1,46.3,0.0,130,29.74,"Paterson, Benton County",100062,Paterson,2017-12-16 08:29:08.008923
2016-11-27,13:45,50.8,50.8,37.9,61.1,0.0,SW@13.8,22.5,46.4,0.0,120,29.74,"Paterson, Benton County",100062,Paterson,2017-12-16 08:29:08.008923
2016-11-27,14:00,50.6,50.6,37.9,61.7,0.0,SW@14.3,20.3,46.4,0.0,99,29.74,"Paterson, Benton County",100062,Paterson,2017-12-16 08:29:08.008923
2016-11-27,14:15,50.3,50.4,38.1,62.6,0.0,SW@15.3,22.5,46.5,0.0,62,29.75,"Paterson, Benton County",100062,Paterson,2017-12-16 08:29:08.008923
2016-11-27,14:30,50.1,50.2,37.8,62.6,0.0,SW@15.8,21.8,46.6,0.0,41,29.75,"Paterson, Benton County",100062,Paterson,2017-12-16 08:29:08.008923
2016-11-27,14:45,49.8,49.8,37.8,63.3,0.0,SW@13.2,18.9,46.7,0.0,30,29.76,"Paterson, Benton County",100062,Paterson,2017-12-16 08:29:08.008923
2016-11-27,15:00,49.6,49.6,38.3,65.0,0.0,W@11.7,17.1,46.7,0.0,29,29.76,"Paterson, Benton County",100062,Paterson,2017-12-16 08:29:08.008923
2016-11-27,15:15,49.4,49.5,37.9,64.3,0.0,W@11.6,16.7,46.8,0.0,23,29.75,"Paterson, Benton County",100062,Paterson,2017-12-16 08:29:08.008923
2016-11-27,15:30,49.3,49.4,37.6,63.7,0.0,W@12.2,16.7,46.9,0.0,19,29.76,"Paterson, Benton County",100062,Paterson,2017-12-16 08:29:08.008923
2016-11-27,15:45,49.1,49.2,37.6,64.3,0.0,W@10.3,14.6,46.9,0.0,11,29.76,"Paterson, Benton County",100062,Paterson,2017-12-16 08:29:08.008923
2016-11-27,16:00,48.9,49.0,37.4,64.3,0.0,SW@9.4,13.9,47.0,0.0,5,29.76,"Paterson, Benton County",100062,Paterson,2017-12-16 08:29:08.008923
2016-11-27,16:15,48.4,48.5,37.7,66.1,0.0,SW@7.3,10.7,47.1,0.0,1,29.76,"Paterson, Benton County",100062,Paterson,2017-12-16 08:29:08.008923
2016-11-27,16:30,48.0,48.1,38.3,68.7,0.25,SW@6.3,8.5,47.1,0.0,0,29.76,"Paterson, Benton County",100062,Paterson,2017-12-16 08:29:08.008923
2016-11-27,16:45,47.3,47.4,38.0,70.0,0.07,SW@4.7,6.7,47.2,0.0,0,29.76,"Paterson, Benton County",100062,Paterson,2017-12-16 08:29:08.008923
2016-11-27,17:00,46.6,46.6,37.4,70.1,0.06,SW@4.2,6.0,47.3,0.0,0,29.75,"Paterson, Benton County",100062,Paterson,2017-12-16 08:29:08.008923
2016-11-27,17:15,46.4,46.5,37.7,71.5,0.07,SW@3.6,5.3,47.3,0.0,0,29.74,"Paterson, Benton County",100062,Paterson,2017-12-16 08:29:08.008923
2016-11-27,17:30,46.5,46.5,37.7,71.1,0.07,W@2.2,4.9,47.4,0.0,0,29.73,"Paterson, Benton County",100062,Paterson,2017-12-16 08:29:08.008923
2016-11-27,17:45,46.3,46.3,37.7,71.7,0.62,S@2.5,4.2,47.4,0.0,0,29.72,"Paterson, Benton County",100062,Paterson,2017-12-16 08:29:08.008923
2016-11-27,18:00,45.4,45.4,39.3,79.1,1.0,S@4.4,6.7,47.5,0.0,0,29.7,"Paterson, Benton County",100062,Paterson,2017-12-16 08:29:08.008923
2016-11-27,18:15,44.6,44.7,39.7,82.7,1.0,S@4.2,6.0,47.5,0.0,0,29.69,"Paterson, Benton County",100062,Paterson,2017-12-16 08:29:08.008923
2016-11-27,18:30,44.4,44.5,39.5,82.6,0.96,SE@4.4,6.0,47.5,0.0,0,29.68,"Paterson, Benton County",100062,Paterson,2017-12-16 08:29:08.008923
2016-11-27,18:45,43.7,43.8,38.9,82.9,0.46,E@4.1,4.9,47.5,0.0,0,29.67,"Paterson, Benton County",100062,Paterson,2017-12-16 08:29:08.008923
2016-11-27,19:00,43.6,43.7,38.9,83.5,0.3,E@4.6,8.5,47.6,0.0,0,29.66,"Paterson, Benton County",100062,Paterson,2017-12-16 08:29:08.008923
2016-11-27,19:15,45.0,45.1,38.0,76.4,0.13,E@4.7,8.2,47.6,0.0,0,29.65,"Paterson, Benton County",100062,Paterson,2017-12-16 08:29:08.008923
2016-11-27,19:30,45.1,45.2,37.7,74.9,0.22,SE@4.6,7.1,47.6,0.0,0,29.64,"Paterson, Benton County",100062,Paterson,2017-12-16 08:29:08.008923
2016-11-27,19:45,45.8,45.9,37.3,71.9,0.29,SE@4.6,7.8,47.6,0.0,0,29.63,"Paterson, Benton County",100062,Paterson,2017-12-16 08:29:08.008923
2016-11-27,20:00,45.9,45.9,37.3,71.7,0.09,SE@4.1,5.7,47.6,0.0,0,29.62,"Paterson, Benton County",100062,Paterson,2017-12-16 08:29:08.008923
2016-11-27,20:15,45.6,45.7,37.3,72.4,0.08,SE@4.2,6.0,47.6,0.0,0,29.6,"Paterson, Benton County",100062,Paterson,2017-12-16 08:29:08.008923
2016-11-27,20:30,45.6,45.7,37.4,72.7,0.09,SE@4.7,7.4,47.6,0.0,0,29.59,"Paterson, Benton County",100062,Paterson,2017-12-16 08:29:08.008923
2016-11-27,20:45,46.6,46.7,36.4,67.5,0.04,S@4.5,7.8,47.6,0.0,0,29.58,"Paterson, Benton County",100062,Paterson,2017-12-16 08:29:08.008923
2016-11-27,21:00,47.1,47.1,37.0,67.7,0.75,S@5.5,14.6,47.6,0.0,0,29.57,"Paterson, Benton County",100062,Paterson,2017-12-16 08:29:08.008923
2016-11-27,21:15,47.1,47.2,37.8,69.8,0.91,SW@10.4,18.2,47.6,0.0,0,29.57,"Paterson, Benton County",100062,Paterson,2017-12-16 08:29:08.008923
2016-11-27,21:30,45.9,46.0,39.1,76.9,0.87,SW@7.0,12.4,47.6,0.0,0,29.56,"Paterson, Benton County",100062,Paterson,2017-12-16 08:29:08.008923
2016-11-27,21:45,45.0,45.1,39.3,80.3,0.98,SW@6.6,9.6,47.6,0.0,0,29.55,"Paterson, Benton County",100062,Paterson,2017-12-16 08:29:08.008923
2016-11-27,22:00,44.2,44.2,39.3,82.8,0.57,SW@5.9,8.9,47.6,0.0,0,29.55,"Paterson, Benton County",100062,Paterson,2017-12-16 08:29:08.008923
2016-11-27,22:15,43.4,43.4,38.9,84.1,0.5,SW@4.6,7.1,47.6,0.0,0,29.55,"Paterson, Benton County",100062,Paterson,2017-12-16 08:29:08.008923
2016-11-27,22:30,41.4,41.5,38.0,87.5,0.72,SW@3.6,5.3,47.6,0.0,0,29.53,"Paterson, Benton County",100062,Paterson,2017-12-16 08:29:08.008923
2016-11-27,22:45,41.9,42.0,38.4,87.4,0.62,W@4.9,7.4,47.6,0.0,0,29.53,"Paterson, Benton County",100062,Paterson,2017-12-16 08:29:08.008923
2016-11-27,23:00,42.5,42.5,38.8,86.8,0.51,SW@5.0,6.7,47.6,0.0,0,29.54,"Paterson, Benton County",100062,Paterson,2017-12-16 08:29:08.008923
2016-11-27,23:15,43.2,43.3,38.8,84.5,0.38,SW@6.6,11.7,47.6,0.0,0,29.54,"Paterson, Benton County",100062,Paterson,2017-12-16 08:29:08.008923
2016-11-27,23:30,43.1,43.2,38.8,84.6,0.39,W@6.9,12.4,47.5,0.0,0,29.54,"Paterson, Benton County",100062,Paterson,2017-12-16 08:29:08.008923
2016-11-27,23:45,43.8,43.9,39.3,84.1,0.36,SW@9.4,15.7,47.5,0.0,0,29.54,"Paterson, Benton County",100062,Paterson,2017-12-16 08:29:08.008923
2016-11-27,24:00,44.1,44.2,39.5,83.7,0.33,SW@12.0,20.0,47.5,0.0,0,29.54,"Paterson, Benton County",100062,Paterson,2017-12-16 08:29:08.008923
