Date,Time PST,Air Temp °F, 2<sup>nd</sup> Air Temp °F, Dew Point °F, Rel Hum %, Leaf Wet u., Wind Dir @ Speed mph, Wind Gust mph, 8 in. Soil Tmp °F, Tot Prec in, Solar Rad W/m²,Location,Station ID,Station Name,Download Timestamp
2011-08-01,00:15,69.1,,57.5,66.4,0.0,SW@5.8,8.5,88.1,0.0,0,"Whitcomb Island, Benton County",100125,Whitcomb Island,2017-11-26 15:56:52.509931
2011-08-01,00:30,69.1,,57.4,66.1,0.0,SW@5.4,8.5,87.9,0.0,0,"Whitcomb Island, Benton County",100125,Whitcomb Island,2017-11-26 15:56:52.509931
2011-08-01,00:45,68.4,,57.0,66.9,0.0,SW@6.7,10.7,87.7,0.0,0,"Whitcomb Island, Benton County",100125,Whitcomb Island,2017-11-26 15:56:52.509931
2011-08-01,01:00,68.7,,57.4,67.2,0.0,SW@6.2,9.9,87.5,0.0,0,"Whitcomb Island, Benton County",100125,Whitcomb Island,2017-11-26 15:56:52.509931
2011-08-01,01:15,68.9,,56.8,65.3,0.0,SW@8.2,11.0,87.3,0.0,0,"Whitcomb Island, Benton County",100125,Whitcomb Island,2017-11-26 15:56:52.509931
2011-08-01,01:30,68.3,,57.2,67.6,0.0,W@4.7,8.9,87.1,0.0,0,"Whitcomb Island, Benton County",100125,Whitcomb Island,2017-11-26 15:56:52.509931
2011-08-01,01:45,67.6,,57.0,68.7,0.0,SW@5.4,9.2,86.9,0.0,0,"Whitcomb Island, Benton County",100125,Whitcomb Island,2017-11-26 15:56:52.509931
2011-08-01,02:00,66.5,,56.9,71.2,0.0,SW@4.8,6.7,86.7,0.0,0,"Whitcomb Island, Benton County",100125,Whitcomb Island,2017-11-26 15:56:52.509931
2011-08-01,02:15,64.5,,56.1,74.1,0.0,SW@4.9,7.1,86.5,0.0,0,"Whitcomb Island, Benton County",100125,Whitcomb Island,2017-11-26 15:56:52.509931
2011-08-01,02:30,63.7,,56.0,76.0,0.0,SW@5.4,8.2,86.3,0.0,0,"Whitcomb Island, Benton County",100125,Whitcomb Island,2017-11-26 15:56:52.509931
2011-08-01,02:45,63.9,,55.7,74.6,0.0,SW@6.0,8.2,86.1,0.0,0,"Whitcomb Island, Benton County",100125,Whitcomb Island,2017-11-26 15:56:52.509931
2011-08-01,03:00,64.0,,55.8,74.8,0.0,W@4.9,8.9,86.0,0.0,0,"Whitcomb Island, Benton County",100125,Whitcomb Island,2017-11-26 15:56:52.509931
2011-08-01,03:15,64.6,,55.9,73.1,0.0,W@4.9,7.8,85.8,0.0,0,"Whitcomb Island, Benton County",100125,Whitcomb Island,2017-11-26 15:56:52.509931
2011-08-01,03:30,65.3,,55.8,71.3,0.0,W@5.5,8.5,85.6,0.0,0,"Whitcomb Island, Benton County",100125,Whitcomb Island,2017-11-26 15:56:52.509931
2011-08-01,03:45,65.1,,55.7,71.4,0.0,SW@5.0,7.1,85.4,0.0,0,"Whitcomb Island, Benton County",100125,Whitcomb Island,2017-11-26 15:56:52.509931
2011-08-01,04:00,64.8,,55.2,70.9,0.0,W@5.5,8.2,85.2,0.0,0,"Whitcomb Island, Benton County",100125,Whitcomb Island,2017-11-26 15:56:52.509931
2011-08-01,04:15,63.9,,55.3,73.6,0.0,W@4.5,7.1,85.0,0.0,0,"Whitcomb Island, Benton County",100125,Whitcomb Island,2017-11-26 15:56:52.509931
2011-08-01,04:30,62.7,,54.3,73.9,0.0,W@3.8,5.7,84.8,0.0,0,"Whitcomb Island, Benton County",100125,Whitcomb Island,2017-11-26 15:56:52.509931
2011-08-01,04:45,62.6,,53.9,73.3,0.0,W@3.6,5.7,84.6,0.0,3,"Whitcomb Island, Benton County",100125,Whitcomb Island,2017-11-26 15:56:52.509931
2011-08-01,05:00,62.1,,52.5,70.8,0.0,W@3.7,4.9,84.4,0.0,17,"Whitcomb Island, Benton County",100125,Whitcomb Island,2017-11-26 15:56:52.509931
2011-08-01,05:15,63.0,,52.5,68.6,0.0,W@3.5,4.6,84.2,0.0,46,"Whitcomb Island, Benton County",100125,Whitcomb Island,2017-11-26 15:56:52.509931
2011-08-01,05:30,63.4,,54.7,73.1,0.0,SW@1.5,4.2,84.1,0.0,81,"Whitcomb Island, Benton County",100125,Whitcomb Island,2017-11-26 15:56:52.509931
2011-08-01,05:45,63.9,,55.0,72.7,0.0,SW@2.7,4.9,83.9,0.0,117,"Whitcomb Island, Benton County",100125,Whitcomb Island,2017-11-26 15:56:52.509931
2011-08-01,06:00,64.4,,54.9,71.4,0.0,SW@4.8,6.7,83.7,0.0,155,"Whitcomb Island, Benton County",100125,Whitcomb Island,2017-11-26 15:56:52.509931
2011-08-01,06:15,64.7,,55.0,70.7,0.0,SW@4.6,7.1,83.5,0.0,196,"Whitcomb Island, Benton County",100125,Whitcomb Island,2017-11-26 15:56:52.509931
2011-08-01,06:30,65.5,,55.2,69.3,0.0,N@2.9,5.3,83.3,0.0,238,"Whitcomb Island, Benton County",100125,Whitcomb Island,2017-11-26 15:56:52.509931
2011-08-01,06:45,66.7,,55.7,67.7,0.0,SE@1.1,3.1,83.2,0.0,281,"Whitcomb Island, Benton County",100125,Whitcomb Island,2017-11-26 15:56:52.509931
2011-08-01,07:00,66.9,,56.0,68.0,0.0,SE@1.6,3.1,83.0,0.0,327,"Whitcomb Island, Benton County",100125,Whitcomb Island,2017-11-26 15:56:52.509931
2011-08-01,07:15,67.9,,56.4,66.7,0.0,SE@1.6,3.9,82.8,0.0,371,"Whitcomb Island, Benton County",100125,Whitcomb Island,2017-11-26 15:56:52.509931
2011-08-01,07:30,68.3,,56.6,66.3,0.0,SE@2.4,4.9,82.6,0.0,416,"Whitcomb Island, Benton County",100125,Whitcomb Island,2017-11-26 15:56:52.509931
2011-08-01,07:45,68.3,,56.7,66.4,0.0,SE@2.4,4.6,82.5,0.0,459,"Whitcomb Island, Benton County",100125,Whitcomb Island,2017-11-26 15:56:52.509931
2011-08-01,08:00,68.6,,56.5,65.2,0.0,SE@2.2,3.9,82.3,0.0,501,"Whitcomb Island, Benton County",100125,Whitcomb Island,2017-11-26 15:56:52.509931
2011-08-01,08:15,69.3,,55.5,61.4,0.0,SW@3.6,6.0,82.2,0.0,543,"Whitcomb Island, Benton County",100125,Whitcomb Island,2017-11-26 15:56:52.509931
2011-08-01,08:30,70.2,,55.5,59.5,0.0,SW@4.6,6.7,82.1,0.0,585,"Whitcomb Island, Benton County",100125,Whitcomb Island,2017-11-26 15:56:52.509931
2011-08-01,08:45,70.8,,55.4,58.3,0.0,W@4.8,7.4,82.0,0.0,623,"Whitcomb Island, Benton County",100125,Whitcomb Island,2017-11-26 15:56:52.509931
2011-08-01,09:00,72.1,,55.7,56.2,0.0,SW@4.8,7.1,81.9,0.0,660,"Whitcomb Island, Benton County",100125,Whitcomb Island,2017-11-26 15:56:52.509931
2011-08-01,09:15,73.2,,56.0,54.8,0.0,SW@4.6,8.2,81.9,0.0,695,"Whitcomb Island, Benton County",100125,Whitcomb Island,2017-11-26 15:56:52.509931
2011-08-01,09:30,74.9,,56.0,51.8,0.0,NW@4.3,7.8,81.9,0.0,726,"Whitcomb Island, Benton County",100125,Whitcomb Island,2017-11-26 15:56:52.509931
2011-08-01,09:45,75.5,,57.6,53.7,0.0,E@4.1,8.2,81.9,0.0,756,"Whitcomb Island, Benton County",100125,Whitcomb Island,2017-11-26 15:56:52.509931
2011-08-01,10:00,74.5,,58.4,57.3,0.0,SE@4.5,6.7,81.9,0.0,786,"Whitcomb Island, Benton County",100125,Whitcomb Island,2017-11-26 15:56:52.509931
2011-08-01,10:15,75.1,,58.9,57.0,0.0,SE@4.6,7.1,82.0,0.0,811,"Whitcomb Island, Benton County",100125,Whitcomb Island,2017-11-26 15:56:52.509931
2011-08-01,10:30,75.9,,57.3,52.3,0.0,SE@4.3,7.1,82.1,0.0,833,"Whitcomb Island, Benton County",100125,Whitcomb Island,2017-11-26 15:56:52.509931
2011-08-01,10:45,77.1,,56.8,49.6,0.0,SE@4.4,7.8,82.2,0.0,853,"Whitcomb Island, Benton County",100125,Whitcomb Island,2017-11-26 15:56:52.509931
2011-08-01,11:00,78.4,,57.6,48.8,0.0,SE@4.7,7.4,82.3,0.0,869,"Whitcomb Island, Benton County",100125,Whitcomb Island,2017-11-26 15:56:52.509931
2011-08-01,11:15,79.1,,57.4,47.4,0.0,SE@6.0,8.9,82.5,0.0,880,"Whitcomb Island, Benton County",100125,Whitcomb Island,2017-11-26 15:56:52.509931
2011-08-01,11:30,79.1,,56.4,45.7,0.0,SE@6.2,9.6,82.7,0.0,889,"Whitcomb Island, Benton County",100125,Whitcomb Island,2017-11-26 15:56:52.509931
2011-08-01,11:45,80.0,,55.1,42.4,0.0,E@6.4,9.2,83.0,0.0,896,"Whitcomb Island, Benton County",100125,Whitcomb Island,2017-11-26 15:56:52.509931
2011-08-01,12:00,81.8,,54.4,38.9,0.0,E@5.8,8.5,83.2,0.0,899,"Whitcomb Island, Benton County",100125,Whitcomb Island,2017-11-26 15:56:52.509931
2011-08-01,12:15,81.7,,54.6,39.2,0.0,SE@5.7,8.9,83.5,0.0,899,"Whitcomb Island, Benton County",100125,Whitcomb Island,2017-11-26 15:56:52.509931
2011-08-01,12:30,81.6,,53.3,37.6,0.0,SE@6.5,10.3,83.8,0.0,897,"Whitcomb Island, Benton County",100125,Whitcomb Island,2017-11-26 15:56:52.509931
2011-08-01,12:45,83.2,,51.3,33.2,0.0,E@5.8,8.5,84.2,0.0,890,"Whitcomb Island, Benton County",100125,Whitcomb Island,2017-11-26 15:56:52.509931
2011-08-01,13:00,83.7,,49.2,30.2,0.0,E@5.7,9.2,84.5,0.0,881,"Whitcomb Island, Benton County",100125,Whitcomb Island,2017-11-26 15:56:52.509931
2011-08-01,13:15,84.9,,49.7,29.6,0.0,E@5.0,7.8,84.8,0.0,866,"Whitcomb Island, Benton County",100125,Whitcomb Island,2017-11-26 15:56:52.509931
2011-08-01,13:30,84.4,,51.0,31.6,0.0,SE@5.6,8.2,85.2,0.0,852,"Whitcomb Island, Benton County",100125,Whitcomb Island,2017-11-26 15:56:52.509931
2011-08-01,13:45,84.7,,52.0,32.5,0.0,SE@5.1,7.4,85.5,0.0,834,"Whitcomb Island, Benton County",100125,Whitcomb Island,2017-11-26 15:56:52.509931
2011-08-01,14:00,85.0,,51.8,32.0,0.0,SE@4.9,6.7,85.9,0.0,814,"Whitcomb Island, Benton County",100125,Whitcomb Island,2017-11-26 15:56:52.509931
2011-08-01,14:15,85.8,,54.2,34.0,0.0,SE@4.7,7.1,86.3,0.0,790,"Whitcomb Island, Benton County",100125,Whitcomb Island,2017-11-26 15:56:52.509931
2011-08-01,14:30,85.5,,53.5,33.4,0.0,SE@5.2,7.1,86.6,0.0,764,"Whitcomb Island, Benton County",100125,Whitcomb Island,2017-11-26 15:56:52.509931
2011-08-01,14:45,85.9,,54.9,34.8,0.0,SE@4.7,6.7,87.0,0.0,736,"Whitcomb Island, Benton County",100125,Whitcomb Island,2017-11-26 15:56:52.509931
2011-08-01,15:00,86.1,,57.1,37.4,0.0,SE@4.1,6.4,87.3,0.0,705,"Whitcomb Island, Benton County",100125,Whitcomb Island,2017-11-26 15:56:52.509931
2011-08-01,15:15,86.6,,55.8,35.0,0.0,SE@4.3,6.7,87.7,0.0,671,"Whitcomb Island, Benton County",100125,Whitcomb Island,2017-11-26 15:56:52.509931
2011-08-01,15:30,86.5,,57.1,36.9,0.0,SE@4.1,5.7,88.0,0.0,636,"Whitcomb Island, Benton County",100125,Whitcomb Island,2017-11-26 15:56:52.509931
2011-08-01,15:45,86.5,,57.0,36.7,0.0,SE@3.9,5.7,88.3,0.0,599,"Whitcomb Island, Benton County",100125,Whitcomb Island,2017-11-26 15:56:52.509931
2011-08-01,16:00,86.9,,57.2,36.5,0.0,SE@3.8,5.3,88.7,0.0,559,"Whitcomb Island, Benton County",100125,Whitcomb Island,2017-11-26 15:56:52.509931
2011-08-01,16:15,87.7,,57.4,35.9,0.0,SE@3.8,5.7,89.0,0.0,513,"Whitcomb Island, Benton County",100125,Whitcomb Island,2017-11-26 15:56:52.509931
2011-08-01,16:30,87.8,,56.2,34.2,0.0,SE@4.1,5.7,89.2,0.0,479,"Whitcomb Island, Benton County",100125,Whitcomb Island,2017-11-26 15:56:52.509931
2011-08-01,16:45,88.6,,55.3,32.3,0.0,SE@3.6,4.9,89.5,0.0,438,"Whitcomb Island, Benton County",100125,Whitcomb Island,2017-11-26 15:56:52.509931
2011-08-01,17:00,88.3,,57.3,35.1,0.0,SE@2.6,4.6,89.8,0.0,394,"Whitcomb Island, Benton County",100125,Whitcomb Island,2017-11-26 15:56:52.509931
2011-08-01,17:15,88.7,,58.8,36.6,0.0,SE@2.4,3.1,90.0,0.0,350,"Whitcomb Island, Benton County",100125,Whitcomb Island,2017-11-26 15:56:52.509931
2011-08-01,17:30,89.0,,53.4,29.8,0.0,SE@1.6,2.4,90.3,0.0,307,"Whitcomb Island, Benton County",100125,Whitcomb Island,2017-11-26 15:56:52.509931
2011-08-01,17:45,89.8,,51.6,27.2,0.0,SE@0.9,2.4,90.5,0.0,261,"Whitcomb Island, Benton County",100125,Whitcomb Island,2017-11-26 15:56:52.509931
2011-08-01,18:00,90.4,,52.3,27.3,0.0,NE@1.0,2.8,90.7,0.0,221,"Whitcomb Island, Benton County",100125,Whitcomb Island,2017-11-26 15:56:52.509931
2011-08-01,18:15,89.7,,53.6,29.4,0.0,NE@2.4,4.2,90.9,0.0,187,"Whitcomb Island, Benton County",100125,Whitcomb Island,2017-11-26 15:56:52.509931
2011-08-01,18:30,86.9,,54.6,33.2,0.0,NE@3.1,5.3,91.0,0.0,154,"Whitcomb Island, Benton County",100125,Whitcomb Island,2017-11-26 15:56:52.509931
2011-08-01,18:45,85.8,,54.9,34.9,0.0,NE@1.8,3.5,91.1,0.0,116,"Whitcomb Island, Benton County",100125,Whitcomb Island,2017-11-26 15:56:52.509931
2011-08-01,19:00,83.7,,55.1,37.6,0.0,NE@2.8,4.9,91.3,0.0,77,"Whitcomb Island, Benton County",100125,Whitcomb Island,2017-11-26 15:56:52.509931
2011-08-01,19:15,80.1,,56.5,44.4,0.0,NE@2.8,4.2,91.3,0.0,39,"Whitcomb Island, Benton County",100125,Whitcomb Island,2017-11-26 15:56:52.509931
2011-08-01,19:30,78.9,,55.4,44.3,0.0,NE@4.0,6.4,91.4,0.0,13,"Whitcomb Island, Benton County",100125,Whitcomb Island,2017-11-26 15:56:52.509931
2011-08-01,19:45,76.7,,54.5,46.2,0.0,NE@3.2,4.6,91.4,0.0,4,"Whitcomb Island, Benton County",100125,Whitcomb Island,2017-11-26 15:56:52.509931
2011-08-01,20:00,75.6,,55.1,48.9,0.0,NE@2.8,3.9,91.4,0.0,0,"Whitcomb Island, Benton County",100125,Whitcomb Island,2017-11-26 15:56:52.509931
2011-08-01,20:15,75.3,,56.4,51.8,0.0,NE@3.2,4.6,91.4,0.0,0,"Whitcomb Island, Benton County",100125,Whitcomb Island,2017-11-26 15:56:52.509931
2011-08-01,20:30,75.2,,55.3,50.1,0.0,NE@3.0,4.6,91.4,0.0,0,"Whitcomb Island, Benton County",100125,Whitcomb Island,2017-11-26 15:56:52.509931
2011-08-01,20:45,74.5,,54.5,49.7,0.0,NE@3.0,3.9,91.4,0.0,0,"Whitcomb Island, Benton County",100125,Whitcomb Island,2017-11-26 15:56:52.509931
2011-08-01,21:00,75.5,,53.4,46.1,0.0,E@2.9,4.2,91.3,0.0,0,"Whitcomb Island, Benton County",100125,Whitcomb Island,2017-11-26 15:56:52.509931
2011-08-01,21:15,74.3,,54.2,49.5,0.0,N@2.5,3.5,91.2,0.0,0,"Whitcomb Island, Benton County",100125,Whitcomb Island,2017-11-26 15:56:52.509931
2011-08-01,21:30,71.7,,56.6,58.8,0.0,S@2.2,4.2,91.0,0.0,0,"Whitcomb Island, Benton County",100125,Whitcomb Island,2017-11-26 15:56:52.509931
2011-08-01,21:45,70.2,,59.7,69.2,0.0,S@2.8,3.9,90.9,0.0,0,"Whitcomb Island, Benton County",100125,Whitcomb Island,2017-11-26 15:56:52.509931
2011-08-01,22:00,70.1,,60.7,72.0,0.0,S@3.9,4.9,90.8,0.0,0,"Whitcomb Island, Benton County",100125,Whitcomb Island,2017-11-26 15:56:52.509931
2011-08-01,22:15,70.2,,59.6,68.9,0.0,SW@1.4,3.9,90.6,0.0,0,"Whitcomb Island, Benton County",100125,Whitcomb Island,2017-11-26 15:56:52.509931
2011-08-01,22:30,69.4,,59.5,70.8,0.0,N@2.6,4.9,90.4,0.0,0,"Whitcomb Island, Benton County",100125,Whitcomb Island,2017-11-26 15:56:52.509931
2011-08-01,22:45,68.4,,59.1,71.9,0.0,S@3.6,6.4,90.2,0.0,0,"Whitcomb Island, Benton County",100125,Whitcomb Island,2017-11-26 15:56:52.509931
2011-08-01,23:00,69.5,,58.7,68.4,0.0,SW@3.5,5.7,90.0,0.0,0,"Whitcomb Island, Benton County",100125,Whitcomb Island,2017-11-26 15:56:52.509931
2011-08-02,23:15,69.3,,59.0,69.7,0.0,SW@2.1,4.6,89.8,0.0,0,"Whitcomb Island, Benton County",100125,Whitcomb Island,2017-11-26 15:56:52.509931
2011-08-02,23:30,69.7,,58.6,67.8,0.0,SW@3.6,4.6,89.6,0.0,0,"Whitcomb Island, Benton County",100125,Whitcomb Island,2017-11-26 15:56:52.509931
2011-08-02,23:45,70.7,,57.5,62.8,0.0,SW@4.0,5.7,89.4,0.0,0,"Whitcomb Island, Benton County",100125,Whitcomb Island,2017-11-26 15:56:52.509931
2011-08-02,24:00,71.4,,53.6,53.3,0.0,W@4.6,7.4,89.2,0.0,0,"Whitcomb Island, Benton County",100125,Whitcomb Island,2017-11-26 15:56:52.509931
2011-08-02,00:15,71.5,,52.9,51.9,0.0,SW@6.5,9.6,89.0,0.0,0,"Whitcomb Island, Benton County",100125,Whitcomb Island,2017-11-26 15:56:52.509931
2011-08-02,00:30,72.1,,49.9,45.4,0.0,SW@9.4,16.0,88.8,0.0,0,"Whitcomb Island, Benton County",100125,Whitcomb Island,2017-11-26 15:56:52.509931
2011-08-02,00:45,71.9,,49.2,44.5,0.0,SW@9.8,15.0,88.6,0.0,0,"Whitcomb Island, Benton County",100125,Whitcomb Island,2017-11-26 15:56:52.509931
2011-08-02,01:00,70.3,,48.6,46.0,0.0,SW@9.1,13.2,88.4,0.0,0,"Whitcomb Island, Benton County",100125,Whitcomb Island,2017-11-26 15:56:52.509931
2011-08-02,01:15,69.5,,48.5,47.2,0.0,SW@8.6,13.2,88.2,0.0,0,"Whitcomb Island, Benton County",100125,Whitcomb Island,2017-11-26 15:56:52.509931
2011-08-02,01:30,68.9,,48.5,48.0,0.0,SW@6.9,9.9,88.0,0.0,0,"Whitcomb Island, Benton County",100125,Whitcomb Island,2017-11-26 15:56:52.509931
2011-08-02,01:45,68.6,,47.9,47.4,0.0,W@6.3,9.9,87.8,0.0,0,"Whitcomb Island, Benton County",100125,Whitcomb Island,2017-11-26 15:56:52.509931
2011-08-02,02:00,68.0,,47.7,48.1,0.0,W@5.4,8.5,87.6,0.0,0,"Whitcomb Island, Benton County",100125,Whitcomb Island,2017-11-26 15:56:52.509931
2011-08-02,02:15,66.5,,48.5,52.1,0.0,W@5.2,7.8,87.4,0.0,0,"Whitcomb Island, Benton County",100125,Whitcomb Island,2017-11-26 15:56:52.509931
2011-08-02,02:30,66.3,,48.1,51.9,0.0,W@5.0,7.4,87.2,0.0,0,"Whitcomb Island, Benton County",100125,Whitcomb Island,2017-11-26 15:56:52.509931
2011-08-02,02:45,65.6,,48.3,53.6,0.0,W@5.3,8.2,86.9,0.0,0,"Whitcomb Island, Benton County",100125,Whitcomb Island,2017-11-26 15:56:52.509931
2011-08-02,03:00,66.3,,46.7,49.1,0.0,SW@6.4,9.6,86.7,0.0,0,"Whitcomb Island, Benton County",100125,Whitcomb Island,2017-11-26 15:56:52.509931
2011-08-02,03:15,67.1,,46.4,47.2,0.0,SW@6.0,10.3,86.5,0.0,0,"Whitcomb Island, Benton County",100125,Whitcomb Island,2017-11-26 15:56:52.509931
2011-08-02,03:30,68.4,,46.1,44.7,0.0,SW@5.6,8.5,86.3,0.0,0,"Whitcomb Island, Benton County",100125,Whitcomb Island,2017-11-26 15:56:52.509931
2011-08-02,03:45,67.1,,47.1,48.5,0.0,W@4.2,6.4,86.1,0.0,0,"Whitcomb Island, Benton County",100125,Whitcomb Island,2017-11-26 15:56:52.509931
2011-08-02,04:00,66.2,,47.2,50.2,0.0,W@5.0,8.5,85.9,0.0,0,"Whitcomb Island, Benton County",100125,Whitcomb Island,2017-11-26 15:56:52.509931
2011-08-02,04:15,66.5,,48.2,51.7,0.0,W@5.3,9.6,85.7,0.0,0,"Whitcomb Island, Benton County",100125,Whitcomb Island,2017-11-26 15:56:52.509931
2011-08-02,04:30,65.8,,49.0,54.5,0.0,W@2.7,5.7,85.5,0.0,0,"Whitcomb Island, Benton County",100125,Whitcomb Island,2017-11-26 15:56:52.509931
2011-08-02,04:45,65.7,,48.8,54.4,0.0,W@2.1,6.4,85.3,0.0,3,"Whitcomb Island, Benton County",100125,Whitcomb Island,2017-11-26 15:56:52.509931
2011-08-02,05:00,66.8,,48.4,51.6,0.0,W@4.3,7.4,85.1,0.0,15,"Whitcomb Island, Benton County",100125,Whitcomb Island,2017-11-26 15:56:52.509931
2011-08-02,05:15,66.8,,48.2,51.1,0.0,W@3.9,7.4,84.9,0.0,41,"Whitcomb Island, Benton County",100125,Whitcomb Island,2017-11-26 15:56:52.509931
2011-08-02,05:30,67.0,,48.4,51.3,0.0,SW@4.0,6.4,84.8,0.0,66,"Whitcomb Island, Benton County",100125,Whitcomb Island,2017-11-26 15:56:52.509931
2011-08-02,05:45,66.9,,49.2,52.9,0.0,SW@4.7,6.7,84.6,0.0,47,"Whitcomb Island, Benton County",100125,Whitcomb Island,2017-11-26 15:56:52.509931
2011-08-02,06:00,66.5,,49.2,53.5,0.0,SW@5.3,7.4,84.4,0.0,41,"Whitcomb Island, Benton County",100125,Whitcomb Island,2017-11-26 15:56:52.509931
2011-08-02,06:15,67.2,,49.1,52.1,0.0,SW@5.0,7.1,84.2,0.0,168,"Whitcomb Island, Benton County",100125,Whitcomb Island,2017-11-26 15:56:52.509931
2011-08-02,06:30,68.0,,50.1,52.6,0.0,SW@5.2,7.1,84.0,0.0,226,"Whitcomb Island, Benton County",100125,Whitcomb Island,2017-11-26 15:56:52.509931
2011-08-02,06:45,69.1,,49.9,50.3,0.0,SW@4.7,6.7,83.8,0.0,271,"Whitcomb Island, Benton County",100125,Whitcomb Island,2017-11-26 15:56:52.509931
2011-08-02,07:00,70.4,,50.4,49.0,0.0,W@4.8,7.1,83.6,0.0,315,"Whitcomb Island, Benton County",100125,Whitcomb Island,2017-11-26 15:56:52.509931
2011-08-02,07:15,71.6,,51.6,49.3,0.0,W@6.3,9.2,83.5,0.0,360,"Whitcomb Island, Benton County",100125,Whitcomb Island,2017-11-26 15:56:52.509931
2011-08-02,07:30,73.3,,50.1,43.9,0.0,W@5.7,8.9,83.3,0.0,405,"Whitcomb Island, Benton County",100125,Whitcomb Island,2017-11-26 15:56:52.509931
2011-08-02,07:45,74.5,,49.4,41.2,0.0,W@6.2,8.5,83.1,0.0,448,"Whitcomb Island, Benton County",100125,Whitcomb Island,2017-11-26 15:56:52.509931
2011-08-02,08:00,75.1,,51.3,43.4,0.0,W@6.9,9.9,83.0,0.0,492,"Whitcomb Island, Benton County",100125,Whitcomb Island,2017-11-26 15:56:52.509931
2011-08-02,08:15,75.9,,51.7,42.8,0.0,W@7.4,10.7,82.8,0.0,534,"Whitcomb Island, Benton County",100125,Whitcomb Island,2017-11-26 15:56:52.509931
2011-08-02,08:30,77.0,,51.6,41.1,0.0,W@7.5,10.7,82.7,0.0,571,"Whitcomb Island, Benton County",100125,Whitcomb Island,2017-11-26 15:56:52.509931
2011-08-02,08:45,78.1,,51.6,39.6,0.0,SW@7.3,10.3,82.6,0.0,664,"Whitcomb Island, Benton County",100125,Whitcomb Island,2017-11-26 15:56:52.509931
2011-08-02,09:00,78.5,,52.3,40.0,0.0,SW@6.6,9.2,82.5,0.0,572,"Whitcomb Island, Benton County",100125,Whitcomb Island,2017-11-26 15:56:52.509931
2011-08-02,09:15,77.7,,52.7,41.7,0.0,W@6.2,9.2,82.5,0.0,499,"Whitcomb Island, Benton County",100125,Whitcomb Island,2017-11-26 15:56:52.509931
2011-08-02,09:30,78.3,,52.9,41.3,0.0,SW@5.5,9.6,82.5,0.0,496,"Whitcomb Island, Benton County",100125,Whitcomb Island,2017-11-26 15:56:52.509931
2011-08-02,09:45,80.3,,53.0,38.8,0.0,SW@5.1,7.4,82.5,0.0,653,"Whitcomb Island, Benton County",100125,Whitcomb Island,2017-11-26 15:56:52.509931
2011-08-02,10:00,81.4,,53.3,37.8,0.0,SW@6.0,8.9,82.5,0.0,701,"Whitcomb Island, Benton County",100125,Whitcomb Island,2017-11-26 15:56:52.509931
2011-08-02,10:15,82.2,,53.8,37.6,0.0,SW@5.9,8.9,82.5,0.0,722,"Whitcomb Island, Benton County",100125,Whitcomb Island,2017-11-26 15:56:52.509931
2011-08-02,10:30,81.7,,55.0,40.0,0.0,SW@5.1,8.5,82.6,0.0,626,"Whitcomb Island, Benton County",100125,Whitcomb Island,2017-11-26 15:56:52.509931
2011-08-02,10:45,84.0,,56.6,39.3,0.0,SW@4.4,11.4,82.7,0.0,891,"Whitcomb Island, Benton County",100125,Whitcomb Island,2017-11-26 15:56:52.509931
2011-08-02,11:00,86.9,,55.1,33.9,0.0,SW@8.9,12.4,82.8,0.0,982,"Whitcomb Island, Benton County",100125,Whitcomb Island,2017-11-26 15:56:52.509931
2011-08-02,11:15,87.3,,55.1,33.4,0.0,SW@8.2,12.4,83.0,0.0,776,"Whitcomb Island, Benton County",100125,Whitcomb Island,2017-11-26 15:56:52.509931
2011-08-02,11:30,88.7,,54.0,30.8,0.0,SW@9.0,13.2,83.1,0.0,901,"Whitcomb Island, Benton County",100125,Whitcomb Island,2017-11-26 15:56:52.509931
2011-08-02,11:45,89.0,,53.9,30.3,0.0,SW@7.8,11.4,83.3,0.0,873,"Whitcomb Island, Benton County",100125,Whitcomb Island,2017-11-26 15:56:52.509931
2011-08-02,12:00,88.6,,54.4,31.3,0.0,SW@7.9,10.7,83.5,0.0,876,"Whitcomb Island, Benton County",100125,Whitcomb Island,2017-11-26 15:56:52.509931
2011-08-02,12:15,88.7,,55.0,32.0,0.0,SW@8.4,12.8,83.8,0.0,875,"Whitcomb Island, Benton County",100125,Whitcomb Island,2017-11-26 15:56:52.509931
2011-08-02,12:30,90.2,,54.5,29.8,0.0,SW@9.0,12.4,84.0,0.0,872,"Whitcomb Island, Benton County",100125,Whitcomb Island,2017-11-26 15:56:52.509931
2011-08-02,12:45,90.8,,53.9,28.7,0.0,SW@9.6,15.3,84.3,0.0,866,"Whitcomb Island, Benton County",100125,Whitcomb Island,2017-11-26 15:56:52.509931
2011-08-02,13:00,91.0,,54.1,28.8,0.0,SW@8.9,11.7,84.6,0.0,858,"Whitcomb Island, Benton County",100125,Whitcomb Island,2017-11-26 15:56:52.509931
2011-08-02,13:15,91.1,,53.3,27.8,0.0,SW@9.5,13.9,85.0,0.0,846,"Whitcomb Island, Benton County",100125,Whitcomb Island,2017-11-26 15:56:52.509931
2011-08-02,13:30,91.5,,53.1,27.2,0.0,SW@10.1,13.9,85.3,0.0,829,"Whitcomb Island, Benton County",100125,Whitcomb Island,2017-11-26 15:56:52.509931
2011-08-02,13:45,91.8,,52.7,26.6,0.0,SW@10.2,14.2,85.6,0.0,811,"Whitcomb Island, Benton County",100125,Whitcomb Island,2017-11-26 15:56:52.509931
2011-08-02,14:00,91.7,,52.4,26.5,0.0,SW@10.9,16.7,85.9,0.0,792,"Whitcomb Island, Benton County",100125,Whitcomb Island,2017-11-26 15:56:52.509931
2011-08-02,14:15,91.8,,52.7,26.5,0.0,SW@11.0,15.3,86.3,0.0,770,"Whitcomb Island, Benton County",100125,Whitcomb Island,2017-11-26 15:56:52.509931
2011-08-02,14:30,92.6,,52.2,25.5,0.0,SW@10.0,15.0,86.6,0.0,747,"Whitcomb Island, Benton County",100125,Whitcomb Island,2017-11-26 15:56:52.509931
2011-08-02,14:45,93.3,,50.0,23.0,0.0,SW@10.2,14.6,87.0,0.0,720,"Whitcomb Island, Benton County",100125,Whitcomb Island,2017-11-26 15:56:52.509931
2011-08-02,15:00,93.2,,50.3,23.3,0.0,SW@9.5,14.6,87.3,0.0,683,"Whitcomb Island, Benton County",100125,Whitcomb Island,2017-11-26 15:56:52.509931
2011-08-02,15:15,93.3,,49.7,22.7,0.0,SW@9.3,13.2,87.6,0.0,644,"Whitcomb Island, Benton County",100125,Whitcomb Island,2017-11-26 15:56:52.509931
2011-08-02,15:30,93.2,,49.9,22.9,0.0,SW@10.6,15.0,88.0,0.0,607,"Whitcomb Island, Benton County",100125,Whitcomb Island,2017-11-26 15:56:52.509931
2011-08-02,15:45,92.7,,50.8,24.1,0.0,W@10.2,16.0,88.3,0.0,573,"Whitcomb Island, Benton County",100125,Whitcomb Island,2017-11-26 15:56:52.509931
2011-08-02,16:00,91.8,,51.1,25.1,0.0,SW@9.9,14.2,88.5,0.0,505,"Whitcomb Island, Benton County",100125,Whitcomb Island,2017-11-26 15:56:52.509931
2011-08-02,16:15,92.0,,50.5,24.4,0.0,W@9.1,13.9,88.8,0.0,501,"Whitcomb Island, Benton County",100125,Whitcomb Island,2017-11-26 15:56:52.509931
2011-08-02,16:30,92.2,,50.8,24.5,0.0,SW@7.8,11.7,89.1,0.0,461,"Whitcomb Island, Benton County",100125,Whitcomb Island,2017-11-26 15:56:52.509931
2011-08-02,16:45,92.8,,47.8,21.5,0.0,W@8.5,12.1,89.3,0.0,417,"Whitcomb Island, Benton County",100125,Whitcomb Island,2017-11-26 15:56:52.509931
2011-08-02,17:00,91.2,,49.4,24.0,0.0,W@8.2,12.1,89.6,0.0,364,"Whitcomb Island, Benton County",100125,Whitcomb Island,2017-11-26 15:56:52.509931
2011-08-02,17:15,90.0,,49.2,24.7,0.0,W@8.4,12.1,89.8,0.0,326,"Whitcomb Island, Benton County",100125,Whitcomb Island,2017-11-26 15:56:52.509931
2011-08-02,17:30,88.9,,49.1,25.5,0.0,SW@9.3,13.2,90.0,0.0,278,"Whitcomb Island, Benton County",100125,Whitcomb Island,2017-11-26 15:56:52.509931
2011-08-02,17:45,89.8,,44.7,21.0,0.0,SW@10.0,13.9,90.2,0.0,232,"Whitcomb Island, Benton County",100125,Whitcomb Island,2017-11-26 15:56:52.509931
2011-08-02,18:00,87.7,,47.9,25.4,0.0,SW@9.4,14.2,90.3,0.0,159,"Whitcomb Island, Benton County",100125,Whitcomb Island,2017-11-26 15:56:52.509931
2011-08-02,18:15,86.7,,48.0,26.2,0.0,SW@7.9,11.7,90.5,0.0,136,"Whitcomb Island, Benton County",100125,Whitcomb Island,2017-11-26 15:56:52.509931
2011-08-02,18:30,86.5,,48.2,26.6,0.0,SW@8.3,12.4,90.6,0.0,133,"Whitcomb Island, Benton County",100125,Whitcomb Island,2017-11-26 15:56:52.509931
2011-08-02,18:45,84.1,,49.0,29.6,0.0,SW@7.7,11.7,90.7,0.0,104,"Whitcomb Island, Benton County",100125,Whitcomb Island,2017-11-26 15:56:52.509931
2011-08-02,19:00,84.1,,45.5,26.0,0.0,SW@7.8,11.4,90.7,0.0,69,"Whitcomb Island, Benton County",100125,Whitcomb Island,2017-11-26 15:56:52.509931
2011-08-02,19:15,83.2,,46.4,27.6,0.0,SW@8.2,11.4,90.8,0.0,35,"Whitcomb Island, Benton County",100125,Whitcomb Island,2017-11-26 15:56:52.509931
2011-08-02,19:30,80.2,,51.5,36.9,0.0,SW@7.0,11.0,90.8,0.0,10,"Whitcomb Island, Benton County",100125,Whitcomb Island,2017-11-26 15:56:52.509931
2011-08-02,19:45,76.1,,53.3,45.1,0.0,S@3.6,7.8,90.8,0.0,3,"Whitcomb Island, Benton County",100125,Whitcomb Island,2017-11-26 15:56:52.509931
2011-08-02,20:00,75.4,,53.2,46.0,0.0,W@1.3,5.3,90.8,0.0,0,"Whitcomb Island, Benton County",100125,Whitcomb Island,2017-11-26 15:56:52.509931
2011-08-02,20:15,75.2,,53.8,47.4,0.0,SE@2.3,5.3,90.8,0.0,0,"Whitcomb Island, Benton County",100125,Whitcomb Island,2017-11-26 15:56:52.509931
2011-08-02,20:30,75.4,,51.3,42.9,0.0,SW@6.9,10.3,90.7,0.0,0,"Whitcomb Island, Benton County",100125,Whitcomb Island,2017-11-26 15:56:52.509931
2011-08-02,20:45,74.0,,49.6,42.2,0.0,SW@9.4,13.2,90.6,0.0,0,"Whitcomb Island, Benton County",100125,Whitcomb Island,2017-11-26 15:56:52.509931
2011-08-02,21:00,73.8,,50.6,44.0,0.0,SW@9.4,12.8,90.5,0.0,0,"Whitcomb Island, Benton County",100125,Whitcomb Island,2017-11-26 15:56:52.509931
2011-08-02,21:15,73.3,,50.5,44.6,0.0,SW@8.5,12.4,90.4,0.0,0,"Whitcomb Island, Benton County",100125,Whitcomb Island,2017-11-26 15:56:52.509931
2011-08-02,21:30,72.4,,49.8,44.8,0.0,SW@6.9,10.3,90.3,0.0,0,"Whitcomb Island, Benton County",100125,Whitcomb Island,2017-11-26 15:56:52.509931
2011-08-02,21:45,71.6,,49.5,45.6,0.0,SW@6.5,9.9,90.1,0.0,0,"Whitcomb Island, Benton County",100125,Whitcomb Island,2017-11-26 15:56:52.509931
2011-08-02,22:00,71.1,,50.3,47.7,0.0,W@4.6,8.5,90.0,0.0,0,"Whitcomb Island, Benton County",100125,Whitcomb Island,2017-11-26 15:56:52.509931
2011-08-02,22:15,71.7,,49.3,45.0,0.0,SW@7.6,13.5,89.8,0.0,0,"Whitcomb Island, Benton County",100125,Whitcomb Island,2017-11-26 15:56:52.509931
2011-08-02,22:30,71.5,,49.7,46.0,0.0,SW@8.3,12.4,89.6,0.0,0,"Whitcomb Island, Benton County",100125,Whitcomb Island,2017-11-26 15:56:52.509931
2011-08-02,22:45,70.8,,50.4,48.3,0.0,W@5.2,9.2,89.4,0.0,0,"Whitcomb Island, Benton County",100125,Whitcomb Island,2017-11-26 15:56:52.509931
2011-08-02,23:00,70.7,,51.1,49.8,0.0,W@4.8,11.7,89.2,0.0,0,"Whitcomb Island, Benton County",100125,Whitcomb Island,2017-11-26 15:56:52.509931
2011-08-03,23:15,70.5,,50.4,48.9,0.0,W@6.6,12.1,89.0,0.0,0,"Whitcomb Island, Benton County",100125,Whitcomb Island,2017-11-26 15:56:52.509931
2011-08-03,23:30,70.2,,51.2,50.8,0.0,W@4.5,7.1,88.8,0.0,0,"Whitcomb Island, Benton County",100125,Whitcomb Island,2017-11-26 15:56:52.509931
2011-08-03,23:45,69.9,,51.3,51.6,0.0,W@4.5,10.7,88.6,0.0,0,"Whitcomb Island, Benton County",100125,Whitcomb Island,2017-11-26 15:56:52.509931
2011-08-03,24:00,68.8,,51.9,54.9,0.0,SW@5.3,7.1,88.4,0.0,0,"Whitcomb Island, Benton County",100125,Whitcomb Island,2017-11-26 15:56:52.509931
2011-08-03,00:15,68.1,,52.1,56.5,0.0,SW@5.1,7.4,88.2,0.0,0,"Whitcomb Island, Benton County",100125,Whitcomb Island,2017-11-26 15:56:52.509931
2011-08-03,00:30,68.0,,52.4,57.3,0.0,SW@5.4,7.4,88.0,0.0,0,"Whitcomb Island, Benton County",100125,Whitcomb Island,2017-11-26 15:56:52.509931
2011-08-03,00:45,68.0,,52.4,57.2,0.0,SW@4.5,7.8,87.8,0.0,0,"Whitcomb Island, Benton County",100125,Whitcomb Island,2017-11-26 15:56:52.509931
2011-08-03,01:00,67.8,,52.7,58.4,0.0,SW@4.6,7.4,87.6,0.0,0,"Whitcomb Island, Benton County",100125,Whitcomb Island,2017-11-26 15:56:52.509931
2011-08-03,01:15,66.7,,51.9,58.8,0.0,SW@5.1,8.5,87.4,0.0,0,"Whitcomb Island, Benton County",100125,Whitcomb Island,2017-11-26 15:56:52.509931
2011-08-03,01:30,66.4,,50.8,57.2,0.0,SW@5.4,7.4,87.2,0.0,0,"Whitcomb Island, Benton County",100125,Whitcomb Island,2017-11-26 15:56:52.509931
2011-08-03,01:45,66.6,,50.6,56.2,0.0,SW@5.2,10.7,87.0,0.0,0,"Whitcomb Island, Benton County",100125,Whitcomb Island,2017-11-26 15:56:52.509931
2011-08-03,02:00,67.0,,50.7,55.7,0.0,SW@5.8,9.6,86.8,0.0,0,"Whitcomb Island, Benton County",100125,Whitcomb Island,2017-11-26 15:56:52.509931
2011-08-03,02:15,66.9,,50.8,56.2,0.0,W@5.7,10.3,86.6,0.0,0,"Whitcomb Island, Benton County",100125,Whitcomb Island,2017-11-26 15:56:52.509931
2011-08-03,02:30,66.9,,51.0,56.5,0.0,W@6.3,10.7,86.4,0.0,0,"Whitcomb Island, Benton County",100125,Whitcomb Island,2017-11-26 15:56:52.509931
2011-08-03,02:45,66.4,,50.8,57.2,0.0,SW@5.1,8.9,86.2,0.0,0,"Whitcomb Island, Benton County",100125,Whitcomb Island,2017-11-26 15:56:52.509931
2011-08-03,03:00,65.9,,50.9,58.3,0.0,SW@6.1,10.3,86.0,0.0,0,"Whitcomb Island, Benton County",100125,Whitcomb Island,2017-11-26 15:56:52.509931
2011-08-03,03:15,65.6,,51.6,60.6,0.0,SW@5.2,9.6,85.8,0.0,0,"Whitcomb Island, Benton County",100125,Whitcomb Island,2017-11-26 15:56:52.509931
2011-08-03,03:30,65.1,,52.0,62.5,0.0,SW@4.1,6.7,85.6,0.0,0,"Whitcomb Island, Benton County",100125,Whitcomb Island,2017-11-26 15:56:52.509931
2011-08-03,03:45,64.6,,51.8,63.0,0.0,SW@3.4,5.7,85.4,0.0,0,"Whitcomb Island, Benton County",100125,Whitcomb Island,2017-11-26 15:56:52.509931
2011-08-03,04:00,63.3,,52.7,68.2,0.0,SW@2.9,4.9,85.2,0.0,0,"Whitcomb Island, Benton County",100125,Whitcomb Island,2017-11-26 15:56:52.509931
2011-08-03,04:15,61.6,,52.8,72.9,0.0,SW@1.1,3.1,85.0,0.0,0,"Whitcomb Island, Benton County",100125,Whitcomb Island,2017-11-26 15:56:52.509931
2011-08-03,04:30,60.4,,52.0,74.0,0.01,SW@1.3,3.1,84.8,0.0,1,"Whitcomb Island, Benton County",100125,Whitcomb Island,2017-11-26 15:56:52.509931
2011-08-03,04:45,59.4,,51.2,74.1,0.01,SW@1.7,3.5,84.6,0.0,3,"Whitcomb Island, Benton County",100125,Whitcomb Island,2017-11-26 15:56:52.509931
2011-08-03,05:00,59.8,,51.1,72.9,0.0,W@1.5,3.9,84.4,0.0,15,"Whitcomb Island, Benton County",100125,Whitcomb Island,2017-11-26 15:56:52.509931
2011-08-03,05:15,59.1,,50.9,74.1,0.01,W@0.7,2.4,84.3,0.0,40,"Whitcomb Island, Benton County",100125,Whitcomb Island,2017-11-26 15:56:52.509931
2011-08-03,05:30,60.0,,51.5,73.5,0.0,W@0.9,2.8,84.1,0.0,71,"Whitcomb Island, Benton County",100125,Whitcomb Island,2017-11-26 15:56:52.509931
2011-08-03,05:45,61.7,,51.8,69.8,0.0,W@3.0,4.6,83.9,0.0,106,"Whitcomb Island, Benton County",100125,Whitcomb Island,2017-11-26 15:56:52.509931
2011-08-03,06:00,62.6,,51.7,67.3,0.0,W@2.8,4.2,83.7,0.0,144,"Whitcomb Island, Benton County",100125,Whitcomb Island,2017-11-26 15:56:52.509931
2011-08-03,06:15,63.6,,51.3,64.2,0.0,W@3.7,5.3,83.5,0.0,186,"Whitcomb Island, Benton County",100125,Whitcomb Island,2017-11-26 15:56:52.509931
2011-08-03,06:30,64.5,,50.9,61.2,0.0,W@3.8,5.7,83.3,0.0,229,"Whitcomb Island, Benton County",100125,Whitcomb Island,2017-11-26 15:56:52.509931
2011-08-03,06:45,65.6,,50.4,57.9,0.0,W@3.3,5.3,83.1,0.0,273,"Whitcomb Island, Benton County",100125,Whitcomb Island,2017-11-26 15:56:52.509931
2011-08-03,07:00,66.4,,50.5,56.5,0.0,W@4.5,7.1,82.9,0.0,318,"Whitcomb Island, Benton County",100125,Whitcomb Island,2017-11-26 15:56:52.509931
2011-08-03,07:15,67.0,,50.9,56.1,0.0,W@4.9,7.1,82.8,0.0,363,"Whitcomb Island, Benton County",100125,Whitcomb Island,2017-11-26 15:56:52.509931
2011-08-03,07:30,67.9,,51.3,55.3,0.0,W@4.9,7.8,82.6,0.0,408,"Whitcomb Island, Benton County",100125,Whitcomb Island,2017-11-26 15:56:52.509931
2011-08-03,07:45,69.1,,51.4,53.3,0.0,W@4.4,6.4,82.4,0.0,450,"Whitcomb Island, Benton County",100125,Whitcomb Island,2017-11-26 15:56:52.509931
2011-08-03,08:00,70.6,,51.1,49.9,0.0,W@3.7,5.7,82.3,0.0,493,"Whitcomb Island, Benton County",100125,Whitcomb Island,2017-11-26 15:56:52.509931
2011-08-03,08:15,71.8,,51.2,48.1,0.0,W@4.3,7.1,82.1,0.0,535,"Whitcomb Island, Benton County",100125,Whitcomb Island,2017-11-26 15:56:52.509931
2011-08-03,08:30,72.8,,50.5,45.5,0.0,W@4.8,8.2,82.0,0.0,574,"Whitcomb Island, Benton County",100125,Whitcomb Island,2017-11-26 15:56:52.509931
2011-08-03,08:45,74.6,,51.8,44.8,0.0,W@4.5,6.4,81.9,0.0,614,"Whitcomb Island, Benton County",100125,Whitcomb Island,2017-11-26 15:56:52.509931
2011-08-03,09:00,76.3,,50.9,41.1,0.0,SW@5.5,8.2,81.8,0.0,651,"Whitcomb Island, Benton County",100125,Whitcomb Island,2017-11-26 15:56:52.509931
2011-08-03,09:15,77.4,,49.9,38.1,0.0,SW@5.9,8.5,81.8,0.0,687,"Whitcomb Island, Benton County",100125,Whitcomb Island,2017-11-26 15:56:52.509931
2011-08-03,09:30,78.3,,49.3,36.2,0.0,SW@5.1,7.8,81.8,0.0,720,"Whitcomb Island, Benton County",100125,Whitcomb Island,2017-11-26 15:56:52.509931
2011-08-03,09:45,79.1,,49.3,35.2,0.0,SW@4.6,7.1,81.8,0.0,750,"Whitcomb Island, Benton County",100125,Whitcomb Island,2017-11-26 15:56:52.509931
2011-08-03,10:00,80.0,,49.5,34.5,0.0,SW@4.2,6.7,81.8,0.0,777,"Whitcomb Island, Benton County",100125,Whitcomb Island,2017-11-26 15:56:52.509931
2011-08-03,10:15,80.7,,53.9,39.5,0.0,SE@4.2,6.4,81.8,0.0,801,"Whitcomb Island, Benton County",100125,Whitcomb Island,2017-11-26 15:56:52.509931
2011-08-03,10:30,80.8,,53.9,39.5,0.0,SE@4.4,7.1,81.9,0.0,822,"Whitcomb Island, Benton County",100125,Whitcomb Island,2017-11-26 15:56:52.509931
2011-08-03,10:45,81.3,,53.7,38.5,0.0,SE@4.1,6.4,82.0,0.0,841,"Whitcomb Island, Benton County",100125,Whitcomb Island,2017-11-26 15:56:52.509931
2011-08-03,11:00,82.3,,52.5,35.7,0.0,SE@3.5,5.7,82.2,0.0,856,"Whitcomb Island, Benton County",100125,Whitcomb Island,2017-11-26 15:56:52.509931
2011-08-03,11:15,82.7,,53.3,36.3,0.0,SE@3.7,6.0,82.4,0.0,868,"Whitcomb Island, Benton County",100125,Whitcomb Island,2017-11-26 15:56:52.509931
2011-08-03,11:30,83.3,,54.5,37.2,0.0,SE@4.7,6.7,82.6,0.0,878,"Whitcomb Island, Benton County",100125,Whitcomb Island,2017-11-26 15:56:52.509931
2011-08-03,11:45,84.3,,55.0,36.7,0.0,SE@4.4,6.4,82.8,0.0,885,"Whitcomb Island, Benton County",100125,Whitcomb Island,2017-11-26 15:56:52.509931
2011-08-03,12:00,84.6,,55.2,36.6,0.0,SE@4.7,6.7,83.1,0.0,887,"Whitcomb Island, Benton County",100125,Whitcomb Island,2017-11-26 15:56:52.509931
2011-08-03,12:15,85.8,,53.1,32.6,0.0,SE@3.4,6.7,83.4,0.0,888,"Whitcomb Island, Benton County",100125,Whitcomb Island,2017-11-26 15:56:52.509931
2011-08-03,12:30,86.0,,55.1,34.9,0.0,SE@4.5,7.1,83.7,0.0,885,"Whitcomb Island, Benton County",100125,Whitcomb Island,2017-11-26 15:56:52.509931
2011-08-03,12:45,86.1,,56.2,36.2,0.0,SE@4.9,6.4,84.1,0.0,879,"Whitcomb Island, Benton County",100125,Whitcomb Island,2017-11-26 15:56:52.509931
2011-08-03,13:00,86.4,,55.6,35.0,0.0,E@4.9,6.7,84.4,0.0,870,"Whitcomb Island, Benton County",100125,Whitcomb Island,2017-11-26 15:56:52.509931
2011-08-03,13:15,87.3,,53.5,31.6,0.0,E@4.2,5.7,84.8,0.0,857,"Whitcomb Island, Benton County",100125,Whitcomb Island,2017-11-26 15:56:52.509931
2011-08-03,13:30,88.1,,55.2,32.8,0.0,E@4.7,6.7,85.2,0.0,842,"Whitcomb Island, Benton County",100125,Whitcomb Island,2017-11-26 15:56:52.509931
2011-08-03,13:45,88.4,,55.3,32.6,0.0,E@4.9,6.7,85.6,0.0,823,"Whitcomb Island, Benton County",100125,Whitcomb Island,2017-11-26 15:56:52.509931
2011-08-03,14:00,88.6,,54.5,31.4,0.0,E@5.4,7.8,86.0,0.0,800,"Whitcomb Island, Benton County",100125,Whitcomb Island,2017-11-26 15:56:52.509931
2011-08-03,14:15,88.5,,54.4,31.4,0.0,E@5.9,8.9,86.4,0.0,778,"Whitcomb Island, Benton County",100125,Whitcomb Island,2017-11-26 15:56:52.509931
2011-08-03,14:30,88.8,,55.6,32.5,0.0,E@5.2,7.8,86.8,0.0,752,"Whitcomb Island, Benton County",100125,Whitcomb Island,2017-11-26 15:56:52.509931
2011-08-03,14:45,89.6,,55.3,31.4,0.0,SE@4.4,6.4,87.2,0.0,722,"Whitcomb Island, Benton County",100125,Whitcomb Island,2017-11-26 15:56:52.509931
2011-08-03,15:00,90.2,,53.0,28.2,0.0,SE@3.8,5.3,87.6,0.0,689,"Whitcomb Island, Benton County",100125,Whitcomb Island,2017-11-26 15:56:52.509931
2011-08-03,15:15,91.4,,53.8,28.1,0.0,SE@3.9,11.0,87.9,0.0,657,"Whitcomb Island, Benton County",100125,Whitcomb Island,2017-11-26 15:56:52.509931
2011-08-03,15:30,91.2,,56.6,31.1,0.0,S@3.9,5.7,88.3,0.0,621,"Whitcomb Island, Benton County",100125,Whitcomb Island,2017-11-26 15:56:52.509931
2011-08-03,15:45,90.2,,57.4,33.2,0.0,S@4.3,6.7,88.7,0.0,584,"Whitcomb Island, Benton County",100125,Whitcomb Island,2017-11-26 15:56:52.509931
2011-08-03,16:00,89.8,,58.3,34.7,0.0,S@3.3,5.7,89.0,0.0,545,"Whitcomb Island, Benton County",100125,Whitcomb Island,2017-11-26 15:56:52.509931
2011-08-03,16:15,91.6,,54.6,28.6,0.0,S@4.0,7.4,89.3,0.0,506,"Whitcomb Island, Benton County",100125,Whitcomb Island,2017-11-26 15:56:52.509931
2011-08-03,16:30,93.3,,49.9,22.9,0.0,SW@3.8,7.1,89.7,0.0,467,"Whitcomb Island, Benton County",100125,Whitcomb Island,2017-11-26 15:56:52.509931
2011-08-03,16:45,93.6,,47.9,21.1,0.0,SW@5.6,7.8,90.0,0.0,425,"Whitcomb Island, Benton County",100125,Whitcomb Island,2017-11-26 15:56:52.509931
2011-08-03,17:00,94.1,,47.5,20.4,0.0,SW@6.2,9.6,90.2,0.0,384,"Whitcomb Island, Benton County",100125,Whitcomb Island,2017-11-26 15:56:52.509931
2011-08-03,17:15,92.8,,48.9,22.4,0.0,SW@6.3,9.6,90.5,0.0,342,"Whitcomb Island, Benton County",100125,Whitcomb Island,2017-11-26 15:56:52.509931
2011-08-03,17:30,90.2,,55.5,31.0,0.0,S@4.1,8.5,90.8,0.0,298,"Whitcomb Island, Benton County",100125,Whitcomb Island,2017-11-26 15:56:52.509931
2011-08-03,17:45,87.8,,59.2,38.2,0.0,SE@2.7,4.2,91.0,0.0,252,"Whitcomb Island, Benton County",100125,Whitcomb Island,2017-11-26 15:56:52.509931
2011-08-03,18:00,87.9,,58.3,36.9,0.0,S@2.7,5.3,91.2,0.0,209,"Whitcomb Island, Benton County",100125,Whitcomb Island,2017-11-26 15:56:52.509931
2011-08-03,18:15,89.0,,55.3,32.0,0.0,SW@3.9,8.2,91.4,0.0,169,"Whitcomb Island, Benton County",100125,Whitcomb Island,2017-11-26 15:56:52.509931
2011-08-03,18:30,87.1,,54.2,32.6,0.0,SW@7.3,11.4,91.5,0.0,130,"Whitcomb Island, Benton County",100125,Whitcomb Island,2017-11-26 15:56:52.509931
2011-08-03,18:45,85.8,,53.2,32.8,0.0,SW@8.9,13.2,91.6,0.0,93,"Whitcomb Island, Benton County",100125,Whitcomb Island,2017-11-26 15:56:52.509931
2011-08-03,19:00,84.4,,54.1,35.3,0.0,W@8.0,14.2,91.7,0.0,57,"Whitcomb Island, Benton County",100125,Whitcomb Island,2017-11-26 15:56:52.509931
2011-08-03,19:15,82.7,,55.5,39.4,0.0,W@6.1,11.4,91.8,0.0,16,"Whitcomb Island, Benton County",100125,Whitcomb Island,2017-11-26 15:56:52.509931
2011-08-03,19:30,81.1,,54.8,40.4,0.0,SW@5.0,7.8,91.9,0.0,6,"Whitcomb Island, Benton County",100125,Whitcomb Island,2017-11-26 15:56:52.509931
2011-08-03,19:45,82.9,,51.3,33.6,0.0,SW@5.8,9.6,91.9,0.0,1,"Whitcomb Island, Benton County",100125,Whitcomb Island,2017-11-26 15:56:52.509931
2011-08-03,20:00,82.5,,52.6,35.6,0.0,SW@5.9,8.5,91.9,0.0,0,"Whitcomb Island, Benton County",100125,Whitcomb Island,2017-11-26 15:56:52.509931
2011-08-03,20:15,79.1,,54.3,42.4,0.0,SW@6.2,10.7,91.9,0.0,0,"Whitcomb Island, Benton County",100125,Whitcomb Island,2017-11-26 15:56:52.509931
2011-08-03,20:30,79.5,,52.7,39.3,0.0,SW@7.3,10.3,91.8,0.0,0,"Whitcomb Island, Benton County",100125,Whitcomb Island,2017-11-26 15:56:52.509931
2011-08-03,20:45,77.1,,56.6,49.2,0.0,SW@6.4,9.6,91.8,0.0,0,"Whitcomb Island, Benton County",100125,Whitcomb Island,2017-11-26 15:56:52.509931
2011-08-03,21:00,76.1,,56.8,51.3,0.0,SW@6.5,9.9,91.7,0.0,0,"Whitcomb Island, Benton County",100125,Whitcomb Island,2017-11-26 15:56:52.509931
2011-08-03,21:15,76.1,,55.2,48.2,0.0,SW@5.3,7.8,91.5,0.0,0,"Whitcomb Island, Benton County",100125,Whitcomb Island,2017-11-26 15:56:52.509931
2011-08-03,21:30,75.2,,57.3,53.8,0.0,SW@6.8,9.6,91.4,0.0,0,"Whitcomb Island, Benton County",100125,Whitcomb Island,2017-11-26 15:56:52.509931
2011-08-03,21:45,74.8,,58.2,56.2,0.0,SW@6.6,10.7,91.3,0.0,0,"Whitcomb Island, Benton County",100125,Whitcomb Island,2017-11-26 15:56:52.509931
2011-08-03,22:00,74.7,,59.9,59.9,0.0,SW@7.6,10.7,91.1,0.0,0,"Whitcomb Island, Benton County",100125,Whitcomb Island,2017-11-26 15:56:52.509931
2011-08-03,22:15,74.0,,59.5,60.6,0.0,W@6.5,10.7,91.0,0.0,0,"Whitcomb Island, Benton County",100125,Whitcomb Island,2017-11-26 15:56:52.509931
2011-08-03,22:30,74.4,,57.0,54.5,0.0,W@7.9,13.9,90.8,0.0,0,"Whitcomb Island, Benton County",100125,Whitcomb Island,2017-11-26 15:56:52.509931
2011-08-03,22:45,74.2,,57.7,56.4,0.0,W@8.4,13.9,90.6,0.0,0,"Whitcomb Island, Benton County",100125,Whitcomb Island,2017-11-26 15:56:52.509931
2011-08-03,23:00,74.1,,56.8,54.7,0.0,W@7.6,12.4,90.4,0.0,0,"Whitcomb Island, Benton County",100125,Whitcomb Island,2017-11-26 15:56:52.509931
2011-08-04,23:15,73.9,,55.9,53.4,0.0,W@5.6,10.7,90.2,0.0,0,"Whitcomb Island, Benton County",100125,Whitcomb Island,2017-11-26 15:56:52.509931
2011-08-04,23:30,73.6,,55.7,53.5,0.0,W@6.5,10.3,90.0,0.0,0,"Whitcomb Island, Benton County",100125,Whitcomb Island,2017-11-26 15:56:52.509931
2011-08-04,23:45,73.5,,54.7,51.7,0.0,W@7.1,10.3,89.8,0.0,0,"Whitcomb Island, Benton County",100125,Whitcomb Island,2017-11-26 15:56:52.509931
2011-08-04,24:00,73.5,,54.2,50.8,0.0,W@6.8,12.1,89.6,0.0,0,"Whitcomb Island, Benton County",100125,Whitcomb Island,2017-11-26 15:56:52.509931
2011-08-04,00:15,73.3,,54.2,51.1,0.0,SW@7.3,11.0,89.4,0.0,0,"Whitcomb Island, Benton County",100125,Whitcomb Island,2017-11-26 15:56:52.509931
2011-08-04,00:30,72.7,,54.3,52.5,0.0,W@6.2,8.5,89.2,0.0,0,"Whitcomb Island, Benton County",100125,Whitcomb Island,2017-11-26 15:56:52.509931
2011-08-04,00:45,72.3,,54.0,52.5,0.0,W@5.8,12.1,89.0,0.0,0,"Whitcomb Island, Benton County",100125,Whitcomb Island,2017-11-26 15:56:52.509931
2011-08-04,01:00,71.1,,55.4,57.6,0.0,W@4.3,6.0,88.8,0.0,0,"Whitcomb Island, Benton County",100125,Whitcomb Island,2017-11-26 15:56:52.509931
2011-08-04,01:15,69.9,,56.3,61.9,0.0,W@3.6,6.4,88.6,0.0,0,"Whitcomb Island, Benton County",100125,Whitcomb Island,2017-11-26 15:56:52.509931
2011-08-04,01:30,67.1,,56.4,68.5,0.0,SW@2.9,4.9,88.4,0.0,0,"Whitcomb Island, Benton County",100125,Whitcomb Island,2017-11-26 15:56:52.509931
2011-08-04,01:45,67.3,,55.6,65.9,0.0,SW@4.3,6.4,88.2,0.0,0,"Whitcomb Island, Benton County",100125,Whitcomb Island,2017-11-26 15:56:52.509931
2011-08-04,02:00,69.2,,55.4,61.4,0.0,SW@4.6,7.1,88.0,0.0,0,"Whitcomb Island, Benton County",100125,Whitcomb Island,2017-11-26 15:56:52.509931
2011-08-04,02:15,68.1,,55.7,64.4,0.0,SW@3.9,5.3,87.8,0.0,0,"Whitcomb Island, Benton County",100125,Whitcomb Island,2017-11-26 15:56:52.509931
2011-08-04,02:30,65.6,,57.1,73.9,0.0,S@2.8,5.7,87.6,0.0,0,"Whitcomb Island, Benton County",100125,Whitcomb Island,2017-11-26 15:56:52.509931
2011-08-04,02:45,66.1,,54.5,66.2,0.0,W@4.2,6.4,87.4,0.0,0,"Whitcomb Island, Benton County",100125,Whitcomb Island,2017-11-26 15:56:52.509931
2011-08-04,03:00,66.2,,54.5,65.9,0.0,W@2.8,6.0,87.2,0.0,0,"Whitcomb Island, Benton County",100125,Whitcomb Island,2017-11-26 15:56:52.509931
2011-08-04,03:15,64.0,,56.7,77.0,0.02,SE@1.0,2.8,87.0,0.0,0,"Whitcomb Island, Benton County",100125,Whitcomb Island,2017-11-26 15:56:52.509931
2011-08-04,03:30,62.5,,56.2,79.7,0.05,W@0.5,3.1,86.8,0.0,0,"Whitcomb Island, Benton County",100125,Whitcomb Island,2017-11-26 15:56:52.509931
2011-08-04,03:45,60.5,,55.0,82.2,0.07,W@1.1,3.5,86.6,0.0,0,"Whitcomb Island, Benton County",100125,Whitcomb Island,2017-11-26 15:56:52.509931
2011-08-04,04:00,60.0,,55.4,84.6,0.21,N@0.0,0.0,86.4,0.0,0,"Whitcomb Island, Benton County",100125,Whitcomb Island,2017-11-26 15:56:52.509931
2011-08-04,04:15,60.7,,56.1,84.7,0.31,SW@0.0,1.4,86.2,0.0,0,"Whitcomb Island, Benton County",100125,Whitcomb Island,2017-11-26 15:56:52.509931
2011-08-04,04:30,60.6,,55.8,84.1,0.39,N@0.0,0.0,86.0,0.0,0,"Whitcomb Island, Benton County",100125,Whitcomb Island,2017-11-26 15:56:52.509931
2011-08-04,04:45,60.1,,54.8,82.5,0.34,SE@1.7,4.2,85.8,0.0,3,"Whitcomb Island, Benton County",100125,Whitcomb Island,2017-11-26 15:56:52.509931
2011-08-04,05:00,58.7,,54.2,85.0,0.33,N@0.2,2.4,85.6,0.0,12,"Whitcomb Island, Benton County",100125,Whitcomb Island,2017-11-26 15:56:52.509931
2011-08-04,05:15,58.7,,54.6,86.3,0.33,NE@1.0,3.9,85.4,0.0,34,"Whitcomb Island, Benton County",100125,Whitcomb Island,2017-11-26 15:56:52.509931
2011-08-04,05:30,60.2,,55.5,84.1,0.19,N@0.0,0.0,85.2,0.0,66,"Whitcomb Island, Benton County",100125,Whitcomb Island,2017-11-26 15:56:52.509931
2011-08-04,05:45,61.6,,56.0,81.8,0.02,N@0.1,2.4,85.0,0.0,100,"Whitcomb Island, Benton County",100125,Whitcomb Island,2017-11-26 15:56:52.509931
2011-08-04,06:00,63.8,,55.9,75.5,0.0,NE@0.8,2.8,84.8,0.0,138,"Whitcomb Island, Benton County",100125,Whitcomb Island,2017-11-26 15:56:52.509931
2011-08-04,06:15,66.0,,56.0,70.1,0.0,N@0.0,0.0,84.6,0.0,178,"Whitcomb Island, Benton County",100125,Whitcomb Island,2017-11-26 15:56:52.509931
2011-08-04,06:30,67.8,,54.8,63.2,0.0,NE@0.2,2.4,84.4,0.0,219,"Whitcomb Island, Benton County",100125,Whitcomb Island,2017-11-26 15:56:52.509931
2011-08-04,06:45,67.4,,55.5,65.5,0.0,SE@2.5,3.9,84.2,0.0,262,"Whitcomb Island, Benton County",100125,Whitcomb Island,2017-11-26 15:56:52.509931
2011-08-04,07:00,68.0,,53.7,60.0,0.0,SW@4.1,6.7,84.0,0.0,307,"Whitcomb Island, Benton County",100125,Whitcomb Island,2017-11-26 15:56:52.509931
2011-08-04,07:15,68.4,,53.5,58.7,0.0,W@4.3,6.4,83.8,0.0,353,"Whitcomb Island, Benton County",100125,Whitcomb Island,2017-11-26 15:56:52.509931
2011-08-04,07:30,69.2,,53.1,56.4,0.0,SW@3.5,5.7,83.6,0.0,398,"Whitcomb Island, Benton County",100125,Whitcomb Island,2017-11-26 15:56:52.509931
2011-08-04,07:45,70.9,,53.2,53.6,0.0,W@2.2,4.9,83.5,0.0,434,"Whitcomb Island, Benton County",100125,Whitcomb Island,2017-11-26 15:56:52.509931
2011-08-04,08:00,71.9,,53.4,52.0,0.0,W@2.5,4.6,83.3,0.0,469,"Whitcomb Island, Benton County",100125,Whitcomb Island,2017-11-26 15:56:52.509931
2011-08-04,08:15,73.3,,54.0,50.7,0.0,W@2.9,4.9,83.2,0.0,530,"Whitcomb Island, Benton County",100125,Whitcomb Island,2017-11-26 15:56:52.509931
2011-08-04,08:30,74.3,,54.4,49.7,0.0,SW@2.8,4.6,83.0,0.0,571,"Whitcomb Island, Benton County",100125,Whitcomb Island,2017-11-26 15:56:52.509931
2011-08-04,08:45,75.4,,55.7,50.4,0.0,S@2.8,5.3,82.9,0.0,609,"Whitcomb Island, Benton County",100125,Whitcomb Island,2017-11-26 15:56:52.509931
2011-08-04,09:00,76.3,,57.1,51.3,0.0,SE@2.5,4.6,82.9,0.0,641,"Whitcomb Island, Benton County",100125,Whitcomb Island,2017-11-26 15:56:52.509931
2011-08-04,09:15,77.4,,57.4,50.0,0.0,SE@2.9,4.2,82.8,0.0,679,"Whitcomb Island, Benton County",100125,Whitcomb Island,2017-11-26 15:56:52.509931
2011-08-04,09:30,78.5,,55.2,44.7,0.0,SE@3.1,4.9,82.8,0.0,715,"Whitcomb Island, Benton County",100125,Whitcomb Island,2017-11-26 15:56:52.509931
2011-08-04,09:45,79.4,,53.8,41.1,0.0,SE@2.9,4.2,82.8,0.0,750,"Whitcomb Island, Benton County",100125,Whitcomb Island,2017-11-26 15:56:52.509931
2011-08-04,10:00,80.4,,54.1,40.3,0.0,SE@3.0,4.6,82.8,0.0,776,"Whitcomb Island, Benton County",100125,Whitcomb Island,2017-11-26 15:56:52.509931
2011-08-04,10:15,81.2,,54.3,39.6,0.0,SE@3.1,4.2,82.8,0.0,794,"Whitcomb Island, Benton County",100125,Whitcomb Island,2017-11-26 15:56:52.509931
2011-08-04,10:30,81.7,,55.0,39.9,0.0,SE@3.8,5.7,83.0,0.0,814,"Whitcomb Island, Benton County",100125,Whitcomb Island,2017-11-26 15:56:52.509931
2011-08-04,10:45,81.4,,55.8,41.5,0.0,SE@4.6,6.0,83.1,0.0,837,"Whitcomb Island, Benton County",100125,Whitcomb Island,2017-11-26 15:56:52.509931
2011-08-04,11:00,82.1,,55.6,40.3,0.0,SE@4.3,6.0,83.2,0.0,841,"Whitcomb Island, Benton County",100125,Whitcomb Island,2017-11-26 15:56:52.509931
2011-08-04,11:15,82.7,,55.3,39.0,0.0,SE@3.8,5.3,83.4,0.0,852,"Whitcomb Island, Benton County",100125,Whitcomb Island,2017-11-26 15:56:52.509931
2011-08-04,11:30,83.3,,56.6,40.2,0.0,SE@4.0,5.3,83.6,0.0,872,"Whitcomb Island, Benton County",100125,Whitcomb Island,2017-11-26 15:56:52.509931
2011-08-04,11:45,83.6,,56.6,39.8,0.0,SE@3.8,5.3,83.9,0.0,877,"Whitcomb Island, Benton County",100125,Whitcomb Island,2017-11-26 15:56:52.509931
2011-08-04,12:00,84.7,,55.9,37.4,0.0,SE@3.5,5.3,84.2,0.0,880,"Whitcomb Island, Benton County",100125,Whitcomb Island,2017-11-26 15:56:52.509931
2011-08-04,12:15,85.5,,55.4,35.9,0.0,SE@3.7,5.3,84.4,0.0,881,"Whitcomb Island, Benton County",100125,Whitcomb Island,2017-11-26 15:56:52.509931
2011-08-04,12:30,86.4,,54.1,33.2,0.0,SE@3.6,4.6,84.8,0.0,877,"Whitcomb Island, Benton County",100125,Whitcomb Island,2017-11-26 15:56:52.509931
2011-08-04,12:45,87.0,,55.0,33.6,0.0,SE@3.4,5.3,85.1,0.0,870,"Whitcomb Island, Benton County",100125,Whitcomb Island,2017-11-26 15:56:52.509931
2011-08-04,13:00,87.4,,55.5,33.9,0.0,SE@4.4,6.0,85.5,0.0,861,"Whitcomb Island, Benton County",100125,Whitcomb Island,2017-11-26 15:56:52.509931
2011-08-04,13:15,87.2,,55.1,33.5,0.0,SE@4.3,5.7,85.8,0.0,850,"Whitcomb Island, Benton County",100125,Whitcomb Island,2017-11-26 15:56:52.509931
2011-08-04,13:30,88.0,,55.4,33.1,0.0,SE@3.9,5.3,86.2,0.0,835,"Whitcomb Island, Benton County",100125,Whitcomb Island,2017-11-26 15:56:52.509931
2011-08-04,13:45,88.6,,56.4,33.6,0.0,SE@3.9,6.0,86.6,0.0,815,"Whitcomb Island, Benton County",100125,Whitcomb Island,2017-11-26 15:56:52.509931
2011-08-04,14:00,88.4,,56.1,33.5,0.0,SE@3.8,5.3,87.0,0.0,794,"Whitcomb Island, Benton County",100125,Whitcomb Island,2017-11-26 15:56:52.509931
2011-08-04,14:15,89.7,,56.8,32.9,0.0,S@4.4,6.4,87.3,0.0,768,"Whitcomb Island, Benton County",100125,Whitcomb Island,2017-11-26 15:56:52.509931
2011-08-04,14:30,88.3,,60.2,38.9,0.0,SE@4.2,6.0,87.7,0.0,743,"Whitcomb Island, Benton County",100125,Whitcomb Island,2017-11-26 15:56:52.509931
2011-08-04,14:45,90.2,,59.0,35.2,0.0,SE@3.9,4.9,88.1,0.0,715,"Whitcomb Island, Benton County",100125,Whitcomb Island,2017-11-26 15:56:52.509931
2011-08-04,15:00,90.6,,60.7,36.9,0.0,SE@3.8,6.4,88.5,0.0,682,"Whitcomb Island, Benton County",100125,Whitcomb Island,2017-11-26 15:56:52.509931
2011-08-04,15:15,91.4,,57.4,32.0,0.0,SE@3.3,4.9,88.9,0.0,650,"Whitcomb Island, Benton County",100125,Whitcomb Island,2017-11-26 15:56:52.509931
2011-08-04,15:30,92.0,,54.8,28.5,0.0,SE@3.3,4.6,89.2,0.0,603,"Whitcomb Island, Benton County",100125,Whitcomb Island,2017-11-26 15:56:52.509931
2011-08-04,15:45,91.9,,57.3,31.4,0.0,SE@3.1,3.9,89.6,0.0,571,"Whitcomb Island, Benton County",100125,Whitcomb Island,2017-11-26 15:56:52.509931
2011-08-04,16:00,91.8,,61.2,36.1,0.0,SE@3.8,4.9,89.9,0.0,537,"Whitcomb Island, Benton County",100125,Whitcomb Island,2017-11-26 15:56:52.509931
2011-08-04,16:15,91.7,,61.9,37.2,0.0,SE@3.2,4.6,90.2,0.0,497,"Whitcomb Island, Benton County",100125,Whitcomb Island,2017-11-26 15:56:52.509931
2011-08-04,16:30,91.4,,62.5,38.3,0.0,SE@3.5,4.2,90.5,0.0,456,"Whitcomb Island, Benton County",100125,Whitcomb Island,2017-11-26 15:56:52.509931
2011-08-04,16:45,91.9,,63.2,38.6,0.0,SE@3.5,4.2,90.8,0.0,415,"Whitcomb Island, Benton County",100125,Whitcomb Island,2017-11-26 15:56:52.509931
2011-08-04,17:00,91.4,,63.4,39.5,0.0,SE@3.2,4.2,91.1,0.0,372,"Whitcomb Island, Benton County",100125,Whitcomb Island,2017-11-26 15:56:52.509931
2011-08-04,17:15,92.1,,59.9,34.1,0.0,SE@2.7,3.5,91.4,0.0,330,"Whitcomb Island, Benton County",100125,Whitcomb Island,2017-11-26 15:56:52.509931
2011-08-04,17:30,91.5,,62.4,38.1,0.0,SE@2.8,3.9,91.6,0.0,288,"Whitcomb Island, Benton County",100125,Whitcomb Island,2017-11-26 15:56:52.509931
2011-08-04,17:45,91.5,,59.2,34.0,0.0,SE@1.9,3.5,91.8,0.0,247,"Whitcomb Island, Benton County",100125,Whitcomb Island,2017-11-26 15:56:52.509931
2011-08-04,18:00,93.7,,50.2,22.9,0.0,W@2.4,3.9,92.1,0.0,209,"Whitcomb Island, Benton County",100125,Whitcomb Island,2017-11-26 15:56:52.509931
2011-08-04,18:15,92.6,,48.8,22.5,0.0,W@3.3,4.9,92.2,0.0,173,"Whitcomb Island, Benton County",100125,Whitcomb Island,2017-11-26 15:56:52.509931
2011-08-04,18:30,90.9,,49.6,24.4,0.0,SW@4.1,7.1,92.4,0.0,132,"Whitcomb Island, Benton County",100125,Whitcomb Island,2017-11-26 15:56:52.509931
2011-08-04,18:45,86.8,,59.5,39.9,0.0,SW@8.6,15.0,92.5,0.0,93,"Whitcomb Island, Benton County",100125,Whitcomb Island,2017-11-26 15:56:52.509931
2011-08-04,19:00,83.5,,61.8,48.0,0.0,SW@9.6,14.2,92.6,0.0,58,"Whitcomb Island, Benton County",100125,Whitcomb Island,2017-11-26 15:56:52.509931
2011-08-04,19:15,81.1,,61.5,51.4,0.0,SW@10.8,16.0,92.7,0.0,27,"Whitcomb Island, Benton County",100125,Whitcomb Island,2017-11-26 15:56:52.509931
2011-08-04,19:30,79.4,,61.2,53.7,0.0,SW@10.7,16.4,92.8,0.0,11,"Whitcomb Island, Benton County",100125,Whitcomb Island,2017-11-26 15:56:52.509931
2011-08-04,19:45,78.1,,60.9,55.5,0.0,W@8.5,12.8,92.8,0.0,3,"Whitcomb Island, Benton County",100125,Whitcomb Island,2017-11-26 15:56:52.509931
2011-08-04,20:00,77.6,,61.4,57.5,0.0,W@8.1,11.7,92.8,0.0,0,"Whitcomb Island, Benton County",100125,Whitcomb Island,2017-11-26 15:56:52.509931
2011-08-04,20:15,76.6,,62.4,61.5,0.0,W@9.1,13.5,92.8,0.0,0,"Whitcomb Island, Benton County",100125,Whitcomb Island,2017-11-26 15:56:52.509931
2011-08-04,20:30,76.3,,62.1,61.5,0.0,W@10.1,15.7,92.8,0.0,0,"Whitcomb Island, Benton County",100125,Whitcomb Island,2017-11-26 15:56:52.509931
2011-08-04,20:45,76.8,,61.3,58.8,0.0,W@10.5,17.1,92.7,0.0,0,"Whitcomb Island, Benton County",100125,Whitcomb Island,2017-11-26 15:56:52.509931
2011-08-04,21:00,77.1,,60.8,57.1,0.0,W@9.6,14.6,92.6,0.0,0,"Whitcomb Island, Benton County",100125,Whitcomb Island,2017-11-26 15:56:52.509931
2011-08-04,21:15,76.2,,61.0,59.2,0.0,SW@8.8,15.7,92.5,0.0,0,"Whitcomb Island, Benton County",100125,Whitcomb Island,2017-11-26 15:56:52.509931
2011-08-04,21:30,75.5,,61.3,61.3,0.0,W@7.8,12.1,92.4,0.0,0,"Whitcomb Island, Benton County",100125,Whitcomb Island,2017-11-26 15:56:52.509931
2011-08-04,21:45,75.9,,59.0,55.7,0.0,SW@8.9,15.0,92.2,0.0,0,"Whitcomb Island, Benton County",100125,Whitcomb Island,2017-11-26 15:56:52.509931
2011-08-04,22:00,76.7,,58.7,53.7,0.0,W@10.8,20.0,92.1,0.0,0,"Whitcomb Island, Benton County",100125,Whitcomb Island,2017-11-26 15:56:52.509931
2011-08-04,22:15,76.9,,58.1,52.3,0.0,W@9.2,14.6,91.9,0.0,0,"Whitcomb Island, Benton County",100125,Whitcomb Island,2017-11-26 15:56:52.509931
2011-08-04,22:30,76.0,,58.5,54.5,0.0,W@7.8,13.5,91.7,0.0,0,"Whitcomb Island, Benton County",100125,Whitcomb Island,2017-11-26 15:56:52.509931
2011-08-04,22:45,75.5,,57.6,53.9,0.0,SW@6.9,11.7,91.6,0.0,0,"Whitcomb Island, Benton County",100125,Whitcomb Island,2017-11-26 15:56:52.509931
2011-08-04,23:00,74.9,,57.5,54.6,0.0,W@6.5,9.2,91.4,0.0,0,"Whitcomb Island, Benton County",100125,Whitcomb Island,2017-11-26 15:56:52.509931
2011-08-05,23:15,74.0,,58.1,57.7,0.0,W@6.4,10.7,91.2,0.0,0,"Whitcomb Island, Benton County",100125,Whitcomb Island,2017-11-26 15:56:52.509931
2011-08-05,23:30,74.0,,57.9,57.0,0.0,W@6.1,10.3,91.0,0.0,0,"Whitcomb Island, Benton County",100125,Whitcomb Island,2017-11-26 15:56:52.509931
2011-08-05,23:45,73.7,,57.3,56.4,0.0,SW@4.9,9.2,90.8,0.0,0,"Whitcomb Island, Benton County",100125,Whitcomb Island,2017-11-26 15:56:52.509931
2011-08-05,24:00,72.7,,57.4,58.6,0.0,W@5.1,8.9,90.6,0.0,0,"Whitcomb Island, Benton County",100125,Whitcomb Island,2017-11-26 15:56:52.509931
2011-08-05,00:15,72.3,,57.5,59.6,0.0,SW@5.9,10.3,90.4,0.0,0,"Whitcomb Island, Benton County",100125,Whitcomb Island,2017-11-26 15:56:52.509931
2011-08-05,00:30,71.9,,56.8,58.9,0.0,SW@8.1,13.2,90.2,0.0,0,"Whitcomb Island, Benton County",100125,Whitcomb Island,2017-11-26 15:56:52.509931
2011-08-05,00:45,71.5,,56.4,58.8,0.0,SW@7.4,13.5,90.0,0.0,0,"Whitcomb Island, Benton County",100125,Whitcomb Island,2017-11-26 15:56:52.509931
2011-08-05,01:00,72.0,,55.6,56.2,0.0,SW@9.7,15.0,89.7,0.0,0,"Whitcomb Island, Benton County",100125,Whitcomb Island,2017-11-26 15:56:52.509931
2011-08-05,01:15,71.9,,55.2,55.5,0.0,SW@8.8,13.2,89.5,0.0,0,"Whitcomb Island, Benton County",100125,Whitcomb Island,2017-11-26 15:56:52.509931
2011-08-05,01:30,71.5,,54.9,55.9,0.0,SW@7.1,13.2,89.3,0.0,0,"Whitcomb Island, Benton County",100125,Whitcomb Island,2017-11-26 15:56:52.509931
2011-08-05,01:45,70.7,,55.1,57.6,0.0,SW@6.4,12.8,89.1,0.0,0,"Whitcomb Island, Benton County",100125,Whitcomb Island,2017-11-26 15:56:52.509931
2011-08-05,02:00,69.8,,55.6,60.6,0.0,W@4.4,7.1,88.9,0.0,0,"Whitcomb Island, Benton County",100125,Whitcomb Island,2017-11-26 15:56:52.509931
2011-08-05,02:15,69.6,,55.3,60.4,0.0,SW@4.8,8.9,88.7,0.0,0,"Whitcomb Island, Benton County",100125,Whitcomb Island,2017-11-26 15:56:52.509931
2011-08-05,02:30,69.3,,55.2,60.8,0.0,SW@5.9,8.9,88.5,0.0,0,"Whitcomb Island, Benton County",100125,Whitcomb Island,2017-11-26 15:56:52.509931
2011-08-05,02:45,69.4,,55.1,60.2,0.0,W@6.1,9.9,88.3,0.0,0,"Whitcomb Island, Benton County",100125,Whitcomb Island,2017-11-26 15:56:52.509931
2011-08-05,03:00,69.0,,55.2,61.5,0.0,W@5.0,11.0,88.1,0.0,0,"Whitcomb Island, Benton County",100125,Whitcomb Island,2017-11-26 15:56:52.509931
2011-08-05,03:15,68.3,,55.5,63.7,0.0,W@3.9,8.5,87.9,0.0,0,"Whitcomb Island, Benton County",100125,Whitcomb Island,2017-11-26 15:56:52.509931
2011-08-05,03:30,68.0,,55.5,64.4,0.0,SW@5.7,9.6,87.7,0.0,0,"Whitcomb Island, Benton County",100125,Whitcomb Island,2017-11-26 15:56:52.509931
2011-08-05,03:45,67.0,,54.9,65.1,0.0,SW@7.3,12.4,87.5,0.0,0,"Whitcomb Island, Benton County",100125,Whitcomb Island,2017-11-26 15:56:52.509931
2011-08-05,04:00,66.9,,55.2,66.1,0.0,SW@6.3,9.2,87.3,0.0,0,"Whitcomb Island, Benton County",100125,Whitcomb Island,2017-11-26 15:56:52.509931
2011-08-05,04:15,67.1,,55.2,65.5,0.0,SW@6.3,9.9,87.1,0.0,0,"Whitcomb Island, Benton County",100125,Whitcomb Island,2017-11-26 15:56:52.509931
2011-08-05,04:30,67.3,,55.3,65.2,0.0,SW@8.0,12.8,86.9,0.0,0,"Whitcomb Island, Benton County",100125,Whitcomb Island,2017-11-26 15:56:52.509931
2011-08-05,04:45,66.7,,55.4,66.9,0.0,SW@7.7,12.1,86.7,0.0,2,"Whitcomb Island, Benton County",100125,Whitcomb Island,2017-11-26 15:56:52.509931
2011-08-05,05:00,66.1,,55.4,68.3,0.0,SW@6.0,11.0,86.5,0.0,8,"Whitcomb Island, Benton County",100125,Whitcomb Island,2017-11-26 15:56:52.509931
2011-08-05,05:15,65.7,,55.5,69.5,0.0,SW@5.0,8.2,86.3,0.0,29,"Whitcomb Island, Benton County",100125,Whitcomb Island,2017-11-26 15:56:52.509931
2011-08-05,05:30,66.3,,55.5,68.2,0.0,SW@4.9,7.8,86.1,0.0,60,"Whitcomb Island, Benton County",100125,Whitcomb Island,2017-11-26 15:56:52.509931
2011-08-05,05:45,66.5,,55.7,68.2,0.0,SW@6.0,10.7,86.0,0.0,94,"Whitcomb Island, Benton County",100125,Whitcomb Island,2017-11-26 15:56:52.509931
2011-08-05,06:00,67.3,,55.7,66.2,0.0,SW@6.3,10.7,85.8,0.0,133,"Whitcomb Island, Benton County",100125,Whitcomb Island,2017-11-26 15:56:52.509931
2011-08-05,06:15,68.5,,55.7,63.7,0.0,SW@9.2,13.9,85.6,0.0,172,"Whitcomb Island, Benton County",100125,Whitcomb Island,2017-11-26 15:56:52.509931
2011-08-05,06:30,69.4,,55.7,61.8,0.0,SW@10.8,15.7,85.4,0.0,216,"Whitcomb Island, Benton County",100125,Whitcomb Island,2017-11-26 15:56:52.509931
2011-08-05,06:45,69.8,,55.6,60.6,0.0,SW@12.3,17.8,85.2,0.0,260,"Whitcomb Island, Benton County",100125,Whitcomb Island,2017-11-26 15:56:52.509931
2011-08-05,07:00,70.4,,55.7,59.6,0.0,SW@12.7,18.2,85.0,0.0,303,"Whitcomb Island, Benton County",100125,Whitcomb Island,2017-11-26 15:56:52.509931
2011-08-05,07:15,71.1,,56.1,59.0,0.0,SW@11.8,17.1,84.9,0.0,343,"Whitcomb Island, Benton County",100125,Whitcomb Island,2017-11-26 15:56:52.509931
2011-08-05,07:30,71.9,,55.7,56.7,0.0,SW@12.5,19.6,84.7,0.0,393,"Whitcomb Island, Benton County",100125,Whitcomb Island,2017-11-26 15:56:52.509931
2011-08-05,07:45,72.4,,55.4,55.0,0.0,SW@12.4,17.5,84.5,0.0,443,"Whitcomb Island, Benton County",100125,Whitcomb Island,2017-11-26 15:56:52.509931
2011-08-05,08:00,73.0,,55.2,53.7,0.0,SW@12.2,17.5,84.4,0.0,484,"Whitcomb Island, Benton County",100125,Whitcomb Island,2017-11-26 15:56:52.509931
2011-08-05,08:15,74.0,,54.9,51.3,0.0,SW@11.3,17.5,84.2,0.0,526,"Whitcomb Island, Benton County",100125,Whitcomb Island,2017-11-26 15:56:52.509931
2011-08-05,08:30,74.6,,54.2,49.0,0.0,SW@11.6,16.0,84.1,0.0,568,"Whitcomb Island, Benton County",100125,Whitcomb Island,2017-11-26 15:56:52.509931
2011-08-05,08:45,75.3,,54.3,48.1,0.0,SW@10.9,15.0,84.0,0.0,607,"Whitcomb Island, Benton County",100125,Whitcomb Island,2017-11-26 15:56:52.509931
2011-08-05,09:00,75.8,,55.5,49.2,0.0,SW@9.5,14.6,83.9,0.0,642,"Whitcomb Island, Benton County",100125,Whitcomb Island,2017-11-26 15:56:52.509931
2011-08-05,09:15,74.9,,56.7,53.0,0.0,SW@10.0,14.2,83.8,0.0,678,"Whitcomb Island, Benton County",100125,Whitcomb Island,2017-11-26 15:56:52.509931
2011-08-05,09:30,75.5,,56.5,51.7,0.0,SW@10.4,16.0,83.8,0.0,714,"Whitcomb Island, Benton County",100125,Whitcomb Island,2017-11-26 15:56:52.509931
2011-08-05,09:45,76.5,,56.1,49.2,0.0,SW@9.3,13.2,83.7,0.0,745,"Whitcomb Island, Benton County",100125,Whitcomb Island,2017-11-26 15:56:52.509931
2011-08-05,10:00,77.5,,56.0,47.4,0.0,SW@8.8,12.8,83.7,0.0,773,"Whitcomb Island, Benton County",100125,Whitcomb Island,2017-11-26 15:56:52.509931
2011-08-05,10:15,78.0,,56.2,47.1,0.0,SW@9.5,13.2,83.7,0.0,799,"Whitcomb Island, Benton County",100125,Whitcomb Island,2017-11-26 15:56:52.509931
2011-08-05,10:30,78.8,,55.3,44.4,0.0,SW@9.2,12.4,83.8,0.0,825,"Whitcomb Island, Benton County",100125,Whitcomb Island,2017-11-26 15:56:52.509931
2011-08-05,10:45,79.6,,54.9,42.5,0.0,SW@8.7,12.4,83.8,0.0,844,"Whitcomb Island, Benton County",100125,Whitcomb Island,2017-11-26 15:56:52.509931
2011-08-05,11:00,80.0,,53.6,40.0,0.0,SW@9.2,14.2,83.9,0.0,862,"Whitcomb Island, Benton County",100125,Whitcomb Island,2017-11-26 15:56:52.509931
2011-08-05,11:15,80.8,,53.5,38.9,0.0,SW@9.1,13.9,84.0,0.0,878,"Whitcomb Island, Benton County",100125,Whitcomb Island,2017-11-26 15:56:52.509931
2011-08-05,11:30,81.4,,53.3,37.8,0.0,SW@10.1,14.2,84.2,0.0,890,"Whitcomb Island, Benton County",100125,Whitcomb Island,2017-11-26 15:56:52.509931
2011-08-05,11:45,81.7,,54.9,39.8,0.0,SW@10.0,15.3,84.3,0.0,895,"Whitcomb Island, Benton County",100125,Whitcomb Island,2017-11-26 15:56:52.509931
2011-08-05,12:00,82.4,,55.3,39.4,0.0,SW@10.7,14.6,84.5,0.0,901,"Whitcomb Island, Benton County",100125,Whitcomb Island,2017-11-26 15:56:52.509931
2011-08-05,12:15,83.5,,53.3,35.3,0.0,SW@10.9,15.3,84.7,0.0,903,"Whitcomb Island, Benton County",100125,Whitcomb Island,2017-11-26 15:56:52.509931
2011-08-05,12:30,84.7,,50.5,30.7,0.0,SW@11.7,19.2,85.0,0.0,899,"Whitcomb Island, Benton County",100125,Whitcomb Island,2017-11-26 15:56:52.509931
2011-08-05,12:45,85.4,,51.4,31.1,0.0,SW@11.2,17.1,85.2,0.0,894,"Whitcomb Island, Benton County",100125,Whitcomb Island,2017-11-26 15:56:52.509931
2011-08-05,13:00,84.9,,50.8,30.8,0.0,SW@12.8,18.2,85.5,0.0,889,"Whitcomb Island, Benton County",100125,Whitcomb Island,2017-11-26 15:56:52.509931
2011-08-05,13:15,85.5,,50.3,29.7,0.0,SW@13.0,17.8,85.8,0.0,877,"Whitcomb Island, Benton County",100125,Whitcomb Island,2017-11-26 15:56:52.509931
2011-08-05,13:30,85.7,,50.2,29.4,0.0,SW@12.2,18.2,86.1,0.0,861,"Whitcomb Island, Benton County",100125,Whitcomb Island,2017-11-26 15:56:52.509931
2011-08-05,13:45,85.8,,51.4,30.6,0.0,SW@12.9,16.7,86.4,0.0,844,"Whitcomb Island, Benton County",100125,Whitcomb Island,2017-11-26 15:56:52.509931
2011-08-05,14:00,85.7,,51.4,30.7,0.0,SW@13.2,18.5,86.7,0.0,822,"Whitcomb Island, Benton County",100125,Whitcomb Island,2017-11-26 15:56:52.509931
2011-08-05,14:15,86.2,,50.0,28.7,0.0,W@14.0,19.6,87.0,0.0,798,"Whitcomb Island, Benton County",100125,Whitcomb Island,2017-11-26 15:56:52.509931
2011-08-05,14:30,86.5,,49.6,28.0,0.0,W@15.9,23.5,87.3,0.0,771,"Whitcomb Island, Benton County",100125,Whitcomb Island,2017-11-26 15:56:52.509931
2011-08-05,14:45,86.6,,48.7,27.0,0.0,W@16.1,22.1,87.5,0.0,742,"Whitcomb Island, Benton County",100125,Whitcomb Island,2017-11-26 15:56:52.509931
2011-08-05,15:00,86.5,,49.7,28.1,0.0,SW@15.3,21.0,87.8,0.0,711,"Whitcomb Island, Benton County",100125,Whitcomb Island,2017-11-26 15:56:52.509931
2011-08-05,15:15,85.4,,51.8,31.5,0.0,SW@15.1,20.3,88.1,0.0,675,"Whitcomb Island, Benton County",100125,Whitcomb Island,2017-11-26 15:56:52.509931
2011-08-05,15:30,84.5,,53.2,34.2,0.0,SW@15.5,21.4,88.4,0.0,638,"Whitcomb Island, Benton County",100125,Whitcomb Island,2017-11-26 15:56:52.509931
2011-08-05,15:45,84.4,,52.0,32.8,0.0,SW@15.1,21.0,88.6,0.0,601,"Whitcomb Island, Benton County",100125,Whitcomb Island,2017-11-26 15:56:52.509931
2011-08-05,16:00,84.6,,51.7,32.1,0.0,SW@13.6,20.7,88.9,0.0,562,"Whitcomb Island, Benton County",100125,Whitcomb Island,2017-11-26 15:56:52.509931
2011-08-05,16:15,85.5,,53.3,33.2,0.0,W@12.4,17.5,89.1,0.0,522,"Whitcomb Island, Benton County",100125,Whitcomb Island,2017-11-26 15:56:52.509931
2011-08-05,16:30,84.3,,56.2,38.3,0.0,SW@11.2,19.2,89.3,0.0,476,"Whitcomb Island, Benton County",100125,Whitcomb Island,2017-11-26 15:56:52.509931
2011-08-05,16:45,84.5,,56.6,38.5,0.0,SW@11.0,15.0,89.5,0.0,429,"Whitcomb Island, Benton County",100125,Whitcomb Island,2017-11-26 15:56:52.509931
2011-08-05,17:00,83.9,,57.3,40.4,0.0,SW@11.9,17.1,89.7,0.0,383,"Whitcomb Island, Benton County",100125,Whitcomb Island,2017-11-26 15:56:52.509931
2011-08-05,17:15,83.1,,58.0,42.5,0.0,SW@12.1,17.5,89.8,0.0,337,"Whitcomb Island, Benton County",100125,Whitcomb Island,2017-11-26 15:56:52.509931
2011-08-05,17:30,82.0,,58.7,45.3,0.0,SW@11.6,15.7,90.0,0.0,291,"Whitcomb Island, Benton County",100125,Whitcomb Island,2017-11-26 15:56:52.509931
2011-08-05,17:45,82.1,,58.4,44.4,0.0,SW@11.2,15.7,90.1,0.0,246,"Whitcomb Island, Benton County",100125,Whitcomb Island,2017-11-26 15:56:52.509931
2011-08-05,18:00,81.6,,58.4,45.2,0.0,SW@11.2,16.4,90.2,0.0,201,"Whitcomb Island, Benton County",100125,Whitcomb Island,2017-11-26 15:56:52.509931
2011-08-05,18:15,81.0,,58.2,45.8,0.0,SW@10.7,16.7,90.3,0.0,159,"Whitcomb Island, Benton County",100125,Whitcomb Island,2017-11-26 15:56:52.509931
2011-08-05,18:30,81.3,,56.4,42.5,0.0,SW@13.3,20.3,90.4,0.0,120,"Whitcomb Island, Benton County",100125,Whitcomb Island,2017-11-26 15:56:52.509931
2011-08-05,18:45,80.5,,56.0,42.9,0.0,SW@11.9,18.5,90.4,0.0,84,"Whitcomb Island, Benton County",100125,Whitcomb Island,2017-11-26 15:56:52.509931
2011-08-05,19:00,78.4,,57.6,48.8,0.0,SW@10.6,16.4,90.5,0.0,52,"Whitcomb Island, Benton County",100125,Whitcomb Island,2017-11-26 15:56:52.509931
2011-08-05,19:15,77.9,,56.0,46.9,0.0,SW@12.2,21.0,90.5,0.0,20,"Whitcomb Island, Benton County",100125,Whitcomb Island,2017-11-26 15:56:52.509931
2011-08-05,19:30,76.8,,55.3,47.2,0.0,SW@12.9,17.5,90.5,0.0,6,"Whitcomb Island, Benton County",100125,Whitcomb Island,2017-11-26 15:56:52.509931
2011-08-05,19:45,75.7,,55.3,49.1,0.0,SW@11.3,16.4,90.5,0.0,1,"Whitcomb Island, Benton County",100125,Whitcomb Island,2017-11-26 15:56:52.509931
2011-08-05,20:00,74.8,,54.8,49.6,0.0,SW@11.5,16.0,90.4,0.0,0,"Whitcomb Island, Benton County",100125,Whitcomb Island,2017-11-26 15:56:52.509931
2011-08-05,20:15,74.3,,54.7,50.5,0.0,SW@12.9,18.5,90.4,0.0,0,"Whitcomb Island, Benton County",100125,Whitcomb Island,2017-11-26 15:56:52.509931
2011-08-05,20:30,73.8,,55.2,52.2,0.0,SW@13.9,21.8,90.3,0.0,0,"Whitcomb Island, Benton County",100125,Whitcomb Island,2017-11-26 15:56:52.509931
2011-08-05,20:45,73.2,,55.6,54.1,0.0,SW@14.2,22.1,90.2,0.0,0,"Whitcomb Island, Benton County",100125,Whitcomb Island,2017-11-26 15:56:52.509931
2011-08-05,21:00,72.4,,55.8,55.8,0.0,SW@13.9,20.0,90.1,0.0,0,"Whitcomb Island, Benton County",100125,Whitcomb Island,2017-11-26 15:56:52.509931
2011-08-05,21:15,72.0,,55.8,56.7,0.0,SW@12.3,18.2,89.9,0.0,0,"Whitcomb Island, Benton County",100125,Whitcomb Island,2017-11-26 15:56:52.509931
2011-08-05,21:30,71.5,,55.1,56.0,0.0,SW@12.2,17.8,89.8,0.0,0,"Whitcomb Island, Benton County",100125,Whitcomb Island,2017-11-26 15:56:52.509931
2011-08-05,21:45,70.8,,54.8,56.9,0.0,SW@10.7,15.7,89.6,0.0,0,"Whitcomb Island, Benton County",100125,Whitcomb Island,2017-11-26 15:56:52.509931
2011-08-05,22:00,69.5,,55.2,60.4,0.0,SW@7.7,13.5,89.5,0.0,0,"Whitcomb Island, Benton County",100125,Whitcomb Island,2017-11-26 15:56:52.509931
2011-08-05,22:15,69.3,,55.1,60.5,0.0,SW@8.1,15.0,89.3,0.0,0,"Whitcomb Island, Benton County",100125,Whitcomb Island,2017-11-26 15:56:52.509931
2011-08-05,22:30,68.6,,55.0,61.8,0.0,SW@7.8,12.1,89.1,0.0,0,"Whitcomb Island, Benton County",100125,Whitcomb Island,2017-11-26 15:56:52.509931
2011-08-05,22:45,68.2,,54.7,62.1,0.0,SW@9.1,12.8,89.0,0.0,0,"Whitcomb Island, Benton County",100125,Whitcomb Island,2017-11-26 15:56:52.509931
2011-08-05,23:00,68.0,,54.6,62.2,0.0,SW@9.3,13.2,88.8,0.0,0,"Whitcomb Island, Benton County",100125,Whitcomb Island,2017-11-26 15:56:52.509931
2011-08-06,23:15,67.8,,54.4,62.2,0.0,SW@9.3,14.6,88.6,0.0,0,"Whitcomb Island, Benton County",100125,Whitcomb Island,2017-11-26 15:56:52.509931
2011-08-06,23:30,67.7,,54.3,62.2,0.0,SW@9.5,14.2,88.4,0.0,0,"Whitcomb Island, Benton County",100125,Whitcomb Island,2017-11-26 15:56:52.509931
2011-08-06,23:45,67.3,,54.3,63.0,0.0,SW@9.5,14.2,88.2,0.0,0,"Whitcomb Island, Benton County",100125,Whitcomb Island,2017-11-26 15:56:52.509931
2011-08-06,24:00,66.8,,54.3,64.1,0.0,SW@9.6,16.0,88.0,0.0,0,"Whitcomb Island, Benton County",100125,Whitcomb Island,2017-11-26 15:56:52.509931
2011-08-06,00:15,66.7,,54.1,64.0,0.0,SW@9.7,15.0,87.8,0.0,0,"Whitcomb Island, Benton County",100125,Whitcomb Island,2017-11-26 15:56:52.509931
2011-08-06,00:30,66.2,,54.3,65.3,0.0,SW@8.8,13.2,87.6,0.0,0,"Whitcomb Island, Benton County",100125,Whitcomb Island,2017-11-26 15:56:52.509931
2011-08-06,00:45,65.7,,54.4,66.9,0.0,SW@7.3,11.7,87.4,0.0,0,"Whitcomb Island, Benton County",100125,Whitcomb Island,2017-11-26 15:56:52.509931
2011-08-06,01:00,65.4,,54.4,67.6,0.0,SW@6.7,10.7,87.2,0.0,0,"Whitcomb Island, Benton County",100125,Whitcomb Island,2017-11-26 15:56:52.509931
2011-08-06,01:15,65.3,,54.4,67.9,0.0,SW@7.1,11.0,87.0,0.0,0,"Whitcomb Island, Benton County",100125,Whitcomb Island,2017-11-26 15:56:52.509931
2011-08-06,01:30,65.0,,54.5,68.6,0.0,SW@7.6,10.7,86.8,0.0,0,"Whitcomb Island, Benton County",100125,Whitcomb Island,2017-11-26 15:56:52.509931
2011-08-06,01:45,64.5,,54.5,69.9,0.0,SW@6.6,9.2,86.6,0.0,0,"Whitcomb Island, Benton County",100125,Whitcomb Island,2017-11-26 15:56:52.509931
2011-08-06,02:00,64.1,,54.5,70.9,0.0,SW@5.8,8.9,86.4,0.0,0,"Whitcomb Island, Benton County",100125,Whitcomb Island,2017-11-26 15:56:52.509931
2011-08-06,02:15,64.1,,54.4,70.4,0.0,SW@7.1,9.9,86.2,0.0,0,"Whitcomb Island, Benton County",100125,Whitcomb Island,2017-11-26 15:56:52.509931
2011-08-06,02:30,64.3,,54.2,69.7,0.0,SW@8.5,11.7,86.1,0.0,0,"Whitcomb Island, Benton County",100125,Whitcomb Island,2017-11-26 15:56:52.509931
2011-08-06,02:45,64.2,,54.3,70.0,0.0,SW@7.9,11.0,85.9,0.0,0,"Whitcomb Island, Benton County",100125,Whitcomb Island,2017-11-26 15:56:52.509931
2011-08-06,03:00,64.1,,54.1,70.0,0.0,SW@8.3,12.4,85.7,0.0,0,"Whitcomb Island, Benton County",100125,Whitcomb Island,2017-11-26 15:56:52.509931
2011-08-06,03:15,63.7,,54.2,71.1,0.0,SW@7.6,11.0,85.5,0.0,0,"Whitcomb Island, Benton County",100125,Whitcomb Island,2017-11-26 15:56:52.509931
2011-08-06,03:30,63.4,,54.2,71.8,0.0,SW@7.2,11.4,85.3,0.0,0,"Whitcomb Island, Benton County",100125,Whitcomb Island,2017-11-26 15:56:52.509931
2011-08-06,03:45,63.3,,53.8,71.0,0.0,SW@8.0,13.5,85.1,0.0,0,"Whitcomb Island, Benton County",100125,Whitcomb Island,2017-11-26 15:56:52.509931
2011-08-06,04:00,63.3,,53.9,71.2,0.0,SW@7.7,11.4,84.9,0.0,0,"Whitcomb Island, Benton County",100125,Whitcomb Island,2017-11-26 15:56:52.509931
2011-08-06,04:15,63.1,,54.0,72.1,0.0,SW@7.0,10.7,84.7,0.0,0,"Whitcomb Island, Benton County",100125,Whitcomb Island,2017-11-26 15:56:52.509931
2011-08-06,04:30,62.9,,54.0,72.5,0.0,SW@7.8,12.4,84.5,0.0,0,"Whitcomb Island, Benton County",100125,Whitcomb Island,2017-11-26 15:56:52.509931
2011-08-06,04:45,63.1,,54.0,72.1,0.0,SW@9.0,13.2,84.4,0.0,2,"Whitcomb Island, Benton County",100125,Whitcomb Island,2017-11-26 15:56:52.509931
2011-08-06,05:00,63.1,,54.2,72.6,0.0,SW@7.8,11.7,84.2,0.0,12,"Whitcomb Island, Benton County",100125,Whitcomb Island,2017-11-26 15:56:52.509931
2011-08-06,05:15,63.4,,54.2,71.9,0.0,SW@8.8,12.8,84.0,0.0,37,"Whitcomb Island, Benton County",100125,Whitcomb Island,2017-11-26 15:56:52.509931
2011-08-06,05:30,63.6,,54.3,71.6,0.0,SW@8.9,13.2,83.8,0.0,68,"Whitcomb Island, Benton County",100125,Whitcomb Island,2017-11-26 15:56:52.509931
2011-08-06,05:45,63.9,,54.4,71.2,0.0,SW@8.6,13.5,83.6,0.0,103,"Whitcomb Island, Benton County",100125,Whitcomb Island,2017-11-26 15:56:52.509931
2011-08-06,06:00,64.4,,54.6,70.4,0.0,SW@8.9,13.2,83.5,0.0,141,"Whitcomb Island, Benton County",100125,Whitcomb Island,2017-11-26 15:56:52.509931
2011-08-06,06:15,65.4,,54.7,68.3,0.0,SW@10.0,14.2,83.3,0.0,183,"Whitcomb Island, Benton County",100125,Whitcomb Island,2017-11-26 15:56:52.509931
2011-08-06,06:30,66.0,,54.6,66.5,0.0,SW@10.0,13.9,83.1,0.0,225,"Whitcomb Island, Benton County",100125,Whitcomb Island,2017-11-26 15:56:52.509931
2011-08-06,06:45,66.6,,54.5,65.0,0.0,SW@9.8,13.2,83.0,0.0,270,"Whitcomb Island, Benton County",100125,Whitcomb Island,2017-11-26 15:56:52.509931
2011-08-06,07:00,67.5,,54.3,62.7,0.0,SW@10.7,13.9,82.8,0.0,315,"Whitcomb Island, Benton County",100125,Whitcomb Island,2017-11-26 15:56:52.509931
2011-08-06,07:15,68.2,,54.1,60.6,0.0,SW@10.7,15.3,82.6,0.0,360,"Whitcomb Island, Benton County",100125,Whitcomb Island,2017-11-26 15:56:52.509931
2011-08-06,07:30,69.0,,54.3,59.4,0.0,SW@10.5,14.6,82.5,0.0,406,"Whitcomb Island, Benton County",100125,Whitcomb Island,2017-11-26 15:56:52.509931
2011-08-06,07:45,69.8,,54.5,58.2,0.0,SW@9.3,13.5,82.4,0.0,450,"Whitcomb Island, Benton County",100125,Whitcomb Island,2017-11-26 15:56:52.509931
2011-08-06,08:00,70.6,,54.6,56.8,0.0,SW@9.5,13.2,82.2,0.0,494,"Whitcomb Island, Benton County",100125,Whitcomb Island,2017-11-26 15:56:52.509931
2011-08-06,08:15,71.2,,54.0,54.6,0.0,SW@9.1,12.8,82.1,0.0,537,"Whitcomb Island, Benton County",100125,Whitcomb Island,2017-11-26 15:56:52.509931
2011-08-06,08:30,72.4,,53.1,50.5,0.0,SW@9.1,13.5,82.0,0.0,578,"Whitcomb Island, Benton County",100125,Whitcomb Island,2017-11-26 15:56:52.509931
2011-08-06,08:45,73.2,,53.0,49.1,0.0,SW@9.0,13.2,81.9,0.0,617,"Whitcomb Island, Benton County",100125,Whitcomb Island,2017-11-26 15:56:52.509931
2011-08-06,09:00,73.9,,54.1,50.0,0.0,SW@8.4,12.8,81.8,0.0,655,"Whitcomb Island, Benton County",100125,Whitcomb Island,2017-11-26 15:56:52.509931
2011-08-06,09:15,74.9,,53.9,47.9,0.0,SW@9.0,13.5,81.7,0.0,690,"Whitcomb Island, Benton County",100125,Whitcomb Island,2017-11-26 15:56:52.509931
2011-08-06,09:30,75.9,,54.1,46.7,0.0,SW@8.4,12.8,81.7,0.0,723,"Whitcomb Island, Benton County",100125,Whitcomb Island,2017-11-26 15:56:52.509931
2011-08-06,09:45,76.7,,53.9,45.2,0.0,SW@9.2,14.2,81.7,0.0,756,"Whitcomb Island, Benton County",100125,Whitcomb Island,2017-11-26 15:56:52.509931
2011-08-06,10:00,77.7,,52.7,41.7,0.0,SW@7.8,12.8,81.7,0.0,784,"Whitcomb Island, Benton County",100125,Whitcomb Island,2017-11-26 15:56:52.509931
2011-08-06,10:15,77.7,,52.4,41.3,0.0,SW@7.3,11.4,81.7,0.0,807,"Whitcomb Island, Benton County",100125,Whitcomb Island,2017-11-26 15:56:52.509931
2011-08-06,10:30,79.0,,52.9,40.4,0.0,SW@6.6,13.2,81.8,0.0,831,"Whitcomb Island, Benton County",100125,Whitcomb Island,2017-11-26 15:56:52.509931
2011-08-06,10:45,79.1,,52.8,40.1,0.0,SW@8.0,12.4,81.9,0.0,850,"Whitcomb Island, Benton County",100125,Whitcomb Island,2017-11-26 15:56:52.509931
2011-08-06,11:00,80.0,,52.7,38.8,0.0,W@7.0,10.7,82.0,0.0,867,"Whitcomb Island, Benton County",100125,Whitcomb Island,2017-11-26 15:56:52.509931
2011-08-06,11:15,80.5,,53.0,38.5,0.0,W@6.9,10.7,82.2,0.0,879,"Whitcomb Island, Benton County",100125,Whitcomb Island,2017-11-26 15:56:52.509931
2011-08-06,11:30,81.3,,52.8,37.3,0.0,W@5.8,8.9,82.3,0.0,889,"Whitcomb Island, Benton County",100125,Whitcomb Island,2017-11-26 15:56:52.509931
2011-08-06,11:45,81.7,,52.6,36.6,0.0,SW@3.8,8.2,82.5,0.0,892,"Whitcomb Island, Benton County",100125,Whitcomb Island,2017-11-26 15:56:52.509931
2011-08-06,12:00,83.0,,52.7,35.2,0.0,W@3.2,6.4,82.8,0.0,884,"Whitcomb Island, Benton County",100125,Whitcomb Island,2017-11-26 15:56:52.509931
2011-08-06,12:15,83.7,,52.5,34.1,0.0,SW@4.0,8.2,83.0,0.0,892,"Whitcomb Island, Benton County",100125,Whitcomb Island,2017-11-26 15:56:52.509931
2011-08-06,12:30,84.4,,52.3,33.2,0.0,SW@4.5,8.5,83.3,0.0,890,"Whitcomb Island, Benton County",100125,Whitcomb Island,2017-11-26 15:56:52.509931
2011-08-06,12:45,85.8,,52.4,31.9,0.0,SW@4.2,7.4,83.6,0.0,883,"Whitcomb Island, Benton County",100125,Whitcomb Island,2017-11-26 15:56:52.509931
2011-08-06,13:00,86.2,,52.1,31.0,0.0,SW@4.8,8.5,83.9,0.0,853,"Whitcomb Island, Benton County",100125,Whitcomb Island,2017-11-26 15:56:52.509931
2011-08-06,13:15,86.8,,52.0,30.3,0.0,SW@4.8,9.2,84.3,0.0,862,"Whitcomb Island, Benton County",100125,Whitcomb Island,2017-11-26 15:56:52.509931
2011-08-06,13:30,87.0,,55.7,34.4,0.0,S@3.9,7.1,84.6,0.0,845,"Whitcomb Island, Benton County",100125,Whitcomb Island,2017-11-26 15:56:52.509931
2011-08-06,13:45,87.3,,55.5,33.9,0.0,S@3.7,7.1,85.0,0.0,816,"Whitcomb Island, Benton County",100125,Whitcomb Island,2017-11-26 15:56:52.509931
2011-08-06,14:00,87.4,,55.8,34.2,0.0,SE@4.4,6.7,85.4,0.0,804,"Whitcomb Island, Benton County",100125,Whitcomb Island,2017-11-26 15:56:52.509931
2011-08-06,14:15,87.4,,57.8,36.7,0.0,SE@4.5,6.7,85.7,0.0,781,"Whitcomb Island, Benton County",100125,Whitcomb Island,2017-11-26 15:56:52.509931
2011-08-06,14:30,88.1,,57.2,35.2,0.0,SE@4.4,7.4,86.1,0.0,754,"Whitcomb Island, Benton County",100125,Whitcomb Island,2017-11-26 15:56:52.509931
2011-08-06,14:45,88.1,,55.0,32.5,0.0,SE@3.4,6.4,86.5,0.0,725,"Whitcomb Island, Benton County",100125,Whitcomb Island,2017-11-26 15:56:52.509931
2011-08-06,15:00,89.6,,53.8,29.7,0.0,S@3.0,4.9,86.9,0.0,691,"Whitcomb Island, Benton County",100125,Whitcomb Island,2017-11-26 15:56:52.509931
2011-08-06,15:15,90.8,,48.1,23.2,0.0,W@3.5,6.4,87.3,0.0,649,"Whitcomb Island, Benton County",100125,Whitcomb Island,2017-11-26 15:56:52.509931
2011-08-06,15:30,90.5,,52.8,27.7,0.0,S@3.2,7.4,87.7,0.0,622,"Whitcomb Island, Benton County",100125,Whitcomb Island,2017-11-26 15:56:52.509931
2011-08-06,15:45,88.6,,58.3,36.1,0.0,SE@3.0,4.9,88.0,0.0,538,"Whitcomb Island, Benton County",100125,Whitcomb Island,2017-11-26 15:56:52.509931
2011-08-06,16:00,87.3,,58.5,37.8,0.0,SE@3.9,6.0,88.4,0.0,542,"Whitcomb Island, Benton County",100125,Whitcomb Island,2017-11-26 15:56:52.509931
2011-08-06,16:15,88.5,,56.0,33.4,0.0,S@3.9,6.4,88.7,0.0,466,"Whitcomb Island, Benton County",100125,Whitcomb Island,2017-11-26 15:56:52.509931
2011-08-06,16:30,88.6,,52.9,29.7,0.0,SW@7.3,11.7,89.1,0.0,374,"Whitcomb Island, Benton County",100125,Whitcomb Island,2017-11-26 15:56:52.509931
2011-08-06,16:45,87.9,,51.4,28.6,0.0,SW@9.4,13.9,89.4,0.0,421,"Whitcomb Island, Benton County",100125,Whitcomb Island,2017-11-26 15:56:52.509931
2011-08-06,17:00,86.5,,52.6,31.3,0.0,SW@9.8,13.5,89.7,0.0,379,"Whitcomb Island, Benton County",100125,Whitcomb Island,2017-11-26 15:56:52.509931
2011-08-06,17:15,86.1,,52.6,31.7,0.0,SW@10.3,14.2,90.0,0.0,334,"Whitcomb Island, Benton County",100125,Whitcomb Island,2017-11-26 15:56:52.509931
2011-08-06,17:30,85.4,,53.3,33.4,0.0,SW@10.5,13.9,90.2,0.0,290,"Whitcomb Island, Benton County",100125,Whitcomb Island,2017-11-26 15:56:52.509931
2011-08-06,17:45,84.7,,53.6,34.4,0.0,SW@10.4,15.3,90.5,0.0,248,"Whitcomb Island, Benton County",100125,Whitcomb Island,2017-11-26 15:56:52.509931
2011-08-06,18:00,83.9,,54.0,35.8,0.0,SW@10.8,16.0,90.7,0.0,204,"Whitcomb Island, Benton County",100125,Whitcomb Island,2017-11-26 15:56:52.509931
2011-08-06,18:15,83.1,,54.4,37.3,0.0,SW@11.4,15.7,90.9,0.0,160,"Whitcomb Island, Benton County",100125,Whitcomb Island,2017-11-26 15:56:52.509931
2011-08-06,18:30,81.8,,55.0,39.8,0.0,SW@10.6,15.3,91.0,0.0,121,"Whitcomb Island, Benton County",100125,Whitcomb Island,2017-11-26 15:56:52.509931
2011-08-06,18:45,80.7,,54.1,39.8,0.0,SW@10.4,14.6,91.1,0.0,84,"Whitcomb Island, Benton County",100125,Whitcomb Island,2017-11-26 15:56:52.509931
2011-08-06,19:00,78.9,,55.6,44.7,0.0,SW@10.5,14.6,91.2,0.0,51,"Whitcomb Island, Benton County",100125,Whitcomb Island,2017-11-26 15:56:52.509931
2011-08-06,19:15,77.8,,56.6,48.1,0.0,SW@9.0,15.3,91.3,0.0,19,"Whitcomb Island, Benton County",100125,Whitcomb Island,2017-11-26 15:56:52.509931
2011-08-06,19:30,77.1,,55.2,46.8,0.0,SW@6.4,9.6,91.3,0.0,5,"Whitcomb Island, Benton County",100125,Whitcomb Island,2017-11-26 15:56:52.509931
2011-08-06,19:45,76.8,,53.5,44.4,0.0,SW@7.4,12.4,91.3,0.0,1,"Whitcomb Island, Benton County",100125,Whitcomb Island,2017-11-26 15:56:52.509931
2011-08-06,20:00,76.4,,52.5,43.2,0.0,SW@8.8,13.2,91.3,0.0,0,"Whitcomb Island, Benton County",100125,Whitcomb Island,2017-11-26 15:56:52.509931
2011-08-06,20:15,75.7,,53.2,45.6,0.0,SW@8.6,11.7,91.3,0.0,0,"Whitcomb Island, Benton County",100125,Whitcomb Island,2017-11-26 15:56:52.509931
2011-08-06,20:30,74.6,,52.9,46.6,0.0,SW@8.9,12.8,91.2,0.0,0,"Whitcomb Island, Benton County",100125,Whitcomb Island,2017-11-26 15:56:52.509931
2011-08-06,20:45,74.9,,51.8,44.4,0.0,SW@10.6,16.0,91.1,0.0,0,"Whitcomb Island, Benton County",100125,Whitcomb Island,2017-11-26 15:56:52.509931
2011-08-06,21:00,74.3,,51.5,44.9,0.0,SW@10.3,15.7,91.0,0.0,0,"Whitcomb Island, Benton County",100125,Whitcomb Island,2017-11-26 15:56:52.509931
2011-08-06,21:15,73.6,,51.5,45.8,0.0,SW@10.5,14.2,90.8,0.0,0,"Whitcomb Island, Benton County",100125,Whitcomb Island,2017-11-26 15:56:52.509931
2011-08-06,21:30,73.1,,51.2,46.2,0.0,SW@10.5,14.6,90.7,0.0,0,"Whitcomb Island, Benton County",100125,Whitcomb Island,2017-11-26 15:56:52.509931
2011-08-06,21:45,72.7,,50.5,45.5,0.0,SW@11.4,16.0,90.5,0.0,0,"Whitcomb Island, Benton County",100125,Whitcomb Island,2017-11-26 15:56:52.509931
2011-08-06,22:00,72.3,,51.1,47.2,0.0,SW@9.4,17.5,90.4,0.0,0,"Whitcomb Island, Benton County",100125,Whitcomb Island,2017-11-26 15:56:52.509931
2011-08-06,22:15,72.2,,50.8,46.8,0.0,SW@10.1,15.0,90.2,0.0,0,"Whitcomb Island, Benton County",100125,Whitcomb Island,2017-11-26 15:56:52.509931
2011-08-06,22:30,71.8,,51.3,48.3,0.0,W@8.8,14.6,90.0,0.0,0,"Whitcomb Island, Benton County",100125,Whitcomb Island,2017-11-26 15:56:52.509931
2011-08-06,22:45,71.2,,51.5,49.7,0.0,SW@8.4,13.5,89.8,0.0,0,"Whitcomb Island, Benton County",100125,Whitcomb Island,2017-11-26 15:56:52.509931
2011-08-06,23:00,70.9,,51.4,50.1,0.0,SW@9.1,15.7,89.6,0.0,0,"Whitcomb Island, Benton County",100125,Whitcomb Island,2017-11-26 15:56:52.509931
2011-08-07,23:15,70.2,,51.3,51.2,0.0,SW@8.4,15.3,89.4,0.0,0,"Whitcomb Island, Benton County",100125,Whitcomb Island,2017-11-26 15:56:52.509931
2011-08-07,23:30,68.9,,51.4,53.6,0.0,SW@7.9,11.7,89.2,0.0,0,"Whitcomb Island, Benton County",100125,Whitcomb Island,2017-11-26 15:56:52.509931
2011-08-07,23:45,67.6,,51.1,55.3,0.0,SW@7.8,12.4,89.0,0.0,0,"Whitcomb Island, Benton County",100125,Whitcomb Island,2017-11-26 15:56:52.509931
2011-08-07,24:00,66.9,,51.1,56.8,0.0,SW@6.5,11.0,88.8,0.0,0,"Whitcomb Island, Benton County",100125,Whitcomb Island,2017-11-26 15:56:52.509931
2011-08-07,00:15,66.6,,51.1,57.5,0.0,W@6.9,9.6,88.6,0.0,0,"Whitcomb Island, Benton County",100125,Whitcomb Island,2017-11-26 15:56:52.509931
2011-08-07,00:30,66.3,,51.3,58.5,0.0,SW@7.4,11.4,88.4,0.0,0,"Whitcomb Island, Benton County",100125,Whitcomb Island,2017-11-26 15:56:52.509931
2011-08-07,00:45,65.8,,51.2,59.2,0.0,SW@7.7,11.4,88.2,0.0,0,"Whitcomb Island, Benton County",100125,Whitcomb Island,2017-11-26 15:56:52.509931
2011-08-07,01:00,65.5,,51.4,60.2,0.0,SW@7.2,11.0,88.0,0.0,0,"Whitcomb Island, Benton County",100125,Whitcomb Island,2017-11-26 15:56:52.509931
2011-08-07,01:15,65.4,,51.4,60.7,0.0,SW@8.4,12.1,87.7,0.0,0,"Whitcomb Island, Benton County",100125,Whitcomb Island,2017-11-26 15:56:52.509931
2011-08-07,01:30,65.1,,51.5,61.4,0.0,SW@7.8,11.4,87.5,0.0,0,"Whitcomb Island, Benton County",100125,Whitcomb Island,2017-11-26 15:56:52.509931
2011-08-07,01:45,64.8,,51.4,61.7,0.0,SW@8.6,12.8,87.3,0.0,0,"Whitcomb Island, Benton County",100125,Whitcomb Island,2017-11-26 15:56:52.509931
2011-08-07,02:00,64.9,,51.5,61.7,0.0,SW@8.6,11.7,87.1,0.0,0,"Whitcomb Island, Benton County",100125,Whitcomb Island,2017-11-26 15:56:52.509931
2011-08-07,02:15,64.3,,51.8,63.9,0.0,SW@7.0,10.3,86.9,0.0,0,"Whitcomb Island, Benton County",100125,Whitcomb Island,2017-11-26 15:56:52.509931
2011-08-07,02:30,63.7,,52.0,65.7,0.0,SW@6.8,9.9,86.7,0.0,0,"Whitcomb Island, Benton County",100125,Whitcomb Island,2017-11-26 15:56:52.509931
2011-08-07,02:45,63.6,,51.9,65.6,0.0,SW@8.2,11.7,86.5,0.0,0,"Whitcomb Island, Benton County",100125,Whitcomb Island,2017-11-26 15:56:52.509931
2011-08-07,03:00,63.6,,52.0,65.7,0.0,SW@8.0,15.3,86.3,0.0,0,"Whitcomb Island, Benton County",100125,Whitcomb Island,2017-11-26 15:56:52.509931
2011-08-07,03:15,63.3,,52.2,67.1,0.0,SW@8.0,12.1,86.1,0.0,0,"Whitcomb Island, Benton County",100125,Whitcomb Island,2017-11-26 15:56:52.509931
2011-08-07,03:30,63.0,,52.1,67.4,0.0,SW@8.0,11.7,85.9,0.0,0,"Whitcomb Island, Benton County",100125,Whitcomb Island,2017-11-26 15:56:52.509931
2011-08-07,03:45,62.5,,52.2,68.9,0.0,SW@6.4,11.0,85.7,0.0,0,"Whitcomb Island, Benton County",100125,Whitcomb Island,2017-11-26 15:56:52.509931
2011-08-07,04:00,62.6,,52.3,68.9,0.0,SW@6.9,12.4,85.5,0.0,0,"Whitcomb Island, Benton County",100125,Whitcomb Island,2017-11-26 15:56:52.509931
2011-08-07,04:15,62.5,,52.1,68.8,0.0,SW@7.8,13.2,85.3,0.0,0,"Whitcomb Island, Benton County",100125,Whitcomb Island,2017-11-26 15:56:52.509931
2011-08-07,04:30,62.4,,52.0,68.7,0.0,SW@7.0,9.9,85.1,0.0,0,"Whitcomb Island, Benton County",100125,Whitcomb Island,2017-11-26 15:56:52.509931
2011-08-07,04:45,62.0,,52.3,70.3,0.0,SW@5.7,7.8,84.9,0.0,2,"Whitcomb Island, Benton County",100125,Whitcomb Island,2017-11-26 15:56:52.509931
2011-08-07,05:00,61.7,,52.5,71.8,0.0,SW@5.3,8.2,84.7,0.0,10,"Whitcomb Island, Benton County",100125,Whitcomb Island,2017-11-26 15:56:52.509931
2011-08-07,05:15,61.6,,52.4,71.6,0.0,SW@5.7,8.9,84.5,0.0,32,"Whitcomb Island, Benton County",100125,Whitcomb Island,2017-11-26 15:56:52.509931
2011-08-07,05:30,61.9,,52.3,70.6,0.0,SW@6.5,10.3,84.3,0.0,63,"Whitcomb Island, Benton County",100125,Whitcomb Island,2017-11-26 15:56:52.509931
2011-08-07,05:45,61.8,,51.6,69.1,0.0,SW@5.5,9.2,84.1,0.0,98,"Whitcomb Island, Benton County",100125,Whitcomb Island,2017-11-26 15:56:52.509931
2011-08-07,06:00,61.9,,51.1,67.5,0.0,W@5.5,8.2,83.9,0.0,136,"Whitcomb Island, Benton County",100125,Whitcomb Island,2017-11-26 15:56:52.509931
2011-08-07,06:15,62.0,,50.9,66.8,0.0,W@5.0,6.7,83.7,0.0,177,"Whitcomb Island, Benton County",100125,Whitcomb Island,2017-11-26 15:56:52.509931
2011-08-07,06:30,62.7,,51.0,65.5,0.0,W@5.4,7.8,83.5,0.0,219,"Whitcomb Island, Benton County",100125,Whitcomb Island,2017-11-26 15:56:52.509931
2011-08-07,06:45,64.4,,52.3,64.6,0.0,W@6.0,9.6,83.4,0.0,264,"Whitcomb Island, Benton County",100125,Whitcomb Island,2017-11-26 15:56:52.509931
2011-08-07,07:00,66.6,,53.1,61.9,0.0,SW@8.0,13.5,83.2,0.0,309,"Whitcomb Island, Benton County",100125,Whitcomb Island,2017-11-26 15:56:52.509931
2011-08-07,07:15,68.2,,52.9,58.1,0.0,SW@11.3,16.4,83.0,0.0,355,"Whitcomb Island, Benton County",100125,Whitcomb Island,2017-11-26 15:56:52.509931
2011-08-07,07:30,69.1,,52.9,56.3,0.0,SW@11.8,17.1,82.9,0.0,401,"Whitcomb Island, Benton County",100125,Whitcomb Island,2017-11-26 15:56:52.509931
2011-08-07,07:45,70.2,,53.3,54.9,0.0,SW@10.3,16.0,82.7,0.0,445,"Whitcomb Island, Benton County",100125,Whitcomb Island,2017-11-26 15:56:52.509931
2011-08-07,08:00,71.1,,53.7,54.2,0.0,SW@9.3,13.9,82.5,0.0,488,"Whitcomb Island, Benton County",100125,Whitcomb Island,2017-11-26 15:56:52.509931
2011-08-07,08:15,72.0,,53.0,51.1,0.0,SW@9.2,13.2,82.4,0.0,530,"Whitcomb Island, Benton County",100125,Whitcomb Island,2017-11-26 15:56:52.509931
2011-08-07,08:30,72.9,,53.0,49.5,0.0,SW@8.4,12.1,82.3,0.0,571,"Whitcomb Island, Benton County",100125,Whitcomb Island,2017-11-26 15:56:52.509931
2011-08-07,08:45,73.7,,53.8,49.6,0.0,SW@8.1,12.4,82.2,0.0,609,"Whitcomb Island, Benton County",100125,Whitcomb Island,2017-11-26 15:56:52.509931
2011-08-07,09:00,74.7,,53.8,48.1,0.0,SW@8.4,14.2,82.1,0.0,647,"Whitcomb Island, Benton County",100125,Whitcomb Island,2017-11-26 15:56:52.509931
2011-08-07,09:15,75.9,,53.5,45.7,0.0,SW@8.2,11.7,82.0,0.0,682,"Whitcomb Island, Benton County",100125,Whitcomb Island,2017-11-26 15:56:52.509931
2011-08-07,09:30,76.1,,53.5,45.5,0.0,SW@8.2,12.1,81.9,0.0,716,"Whitcomb Island, Benton County",100125,Whitcomb Island,2017-11-26 15:56:52.509931
2011-08-07,09:45,76.8,,53.4,44.3,0.0,SW@9.2,13.9,81.9,0.0,747,"Whitcomb Island, Benton County",100125,Whitcomb Island,2017-11-26 15:56:52.509931
2011-08-07,10:00,77.4,,53.2,42.9,0.0,SW@10.1,13.9,81.9,0.0,775,"Whitcomb Island, Benton County",100125,Whitcomb Island,2017-11-26 15:56:52.509931
2011-08-07,10:15,78.5,,52.6,40.6,0.0,SW@9.5,13.2,82.0,0.0,801,"Whitcomb Island, Benton County",100125,Whitcomb Island,2017-11-26 15:56:52.509931
2011-08-07,10:30,79.7,,52.8,39.3,0.0,W@8.7,13.5,82.0,0.0,822,"Whitcomb Island, Benton County",100125,Whitcomb Island,2017-11-26 15:56:52.509931
2011-08-07,10:45,80.6,,52.3,37.4,0.0,SW@7.8,11.4,82.1,0.0,842,"Whitcomb Island, Benton County",100125,Whitcomb Island,2017-11-26 15:56:52.509931
2011-08-07,11:00,81.4,,51.5,35.4,0.0,SW@7.2,10.3,82.2,0.0,858,"Whitcomb Island, Benton County",100125,Whitcomb Island,2017-11-26 15:56:52.509931
2011-08-07,11:15,82.3,,51.4,34.3,0.0,W@6.5,9.9,82.4,0.0,869,"Whitcomb Island, Benton County",100125,Whitcomb Island,2017-11-26 15:56:52.509931
2011-08-07,11:30,82.6,,50.9,33.3,0.0,W@6.3,10.3,82.5,0.0,879,"Whitcomb Island, Benton County",100125,Whitcomb Island,2017-11-26 15:56:52.509931
2011-08-07,11:45,83.3,,50.6,32.2,0.0,W@6.0,8.9,82.7,0.0,885,"Whitcomb Island, Benton County",100125,Whitcomb Island,2017-11-26 15:56:52.509931
2011-08-07,12:00,83.8,,49.9,30.9,0.0,SW@5.5,9.2,82.9,0.0,888,"Whitcomb Island, Benton County",100125,Whitcomb Island,2017-11-26 15:56:52.509931
2011-08-07,12:15,84.8,,49.7,29.8,0.0,SW@4.8,7.4,83.2,0.0,886,"Whitcomb Island, Benton County",100125,Whitcomb Island,2017-11-26 15:56:52.509931
2011-08-07,12:30,85.6,,49.7,29.0,0.0,SW@4.9,7.8,83.5,0.0,882,"Whitcomb Island, Benton County",100125,Whitcomb Island,2017-11-26 15:56:52.509931
2011-08-07,12:45,86.2,,50.0,28.8,0.0,S@3.4,5.7,83.8,0.0,874,"Whitcomb Island, Benton County",100125,Whitcomb Island,2017-11-26 15:56:52.509931
2011-08-07,13:00,86.5,,55.1,34.3,0.0,S@3.8,7.8,84.1,0.0,864,"Whitcomb Island, Benton County",100125,Whitcomb Island,2017-11-26 15:56:52.509931
2011-08-07,13:15,86.6,,54.3,33.2,0.0,SE@3.8,8.2,84.4,0.0,852,"Whitcomb Island, Benton County",100125,Whitcomb Island,2017-11-26 15:56:52.509931
2011-08-07,13:30,86.6,,56.1,35.4,0.0,SE@4.0,6.4,84.7,0.0,836,"Whitcomb Island, Benton County",100125,Whitcomb Island,2017-11-26 15:56:52.509931
2011-08-07,13:45,87.5,,55.2,33.4,0.0,SE@3.4,5.7,85.1,0.0,818,"Whitcomb Island, Benton County",100125,Whitcomb Island,2017-11-26 15:56:52.509931
2011-08-07,14:00,88.1,,53.3,30.5,0.0,S@4.0,6.4,85.5,0.0,797,"Whitcomb Island, Benton County",100125,Whitcomb Island,2017-11-26 15:56:52.509931
2011-08-07,14:15,87.8,,54.7,32.5,0.0,SE@3.8,6.0,85.8,0.0,773,"Whitcomb Island, Benton County",100125,Whitcomb Island,2017-11-26 15:56:52.509931
2011-08-07,14:30,87.5,,56.2,34.5,0.0,SE@3.9,5.7,86.2,0.0,745,"Whitcomb Island, Benton County",100125,Whitcomb Island,2017-11-26 15:56:52.509931
2011-08-07,14:45,87.8,,55.7,33.7,0.0,SE@3.9,5.3,86.6,0.0,716,"Whitcomb Island, Benton County",100125,Whitcomb Island,2017-11-26 15:56:52.509931
2011-08-07,15:00,88.5,,58.0,35.8,0.0,SE@3.8,5.3,87.0,0.0,686,"Whitcomb Island, Benton County",100125,Whitcomb Island,2017-11-26 15:56:52.509931
2011-08-07,15:15,89.7,,55.4,31.4,0.0,SE@3.6,9.2,87.4,0.0,652,"Whitcomb Island, Benton County",100125,Whitcomb Island,2017-11-26 15:56:52.509931
2011-08-07,15:30,90.4,,53.7,28.9,0.0,SE@3.3,4.9,87.8,0.0,617,"Whitcomb Island, Benton County",100125,Whitcomb Island,2017-11-26 15:56:52.509931
2011-08-07,15:45,90.0,,54.0,29.5,0.0,SE@3.4,4.9,88.1,0.0,582,"Whitcomb Island, Benton County",100125,Whitcomb Island,2017-11-26 15:56:52.509931
2011-08-07,16:00,90.5,,48.8,24.0,0.0,SW@3.8,7.4,88.5,0.0,544,"Whitcomb Island, Benton County",100125,Whitcomb Island,2017-11-26 15:56:52.509931
2011-08-07,16:15,91.0,,44.9,20.4,0.0,SW@4.4,7.8,88.8,0.0,503,"Whitcomb Island, Benton County",100125,Whitcomb Island,2017-11-26 15:56:52.509931
2011-08-07,16:30,90.0,,48.7,24.2,0.0,SW@5.5,8.2,89.2,0.0,460,"Whitcomb Island, Benton County",100125,Whitcomb Island,2017-11-26 15:56:52.509931
2011-08-07,16:45,90.3,,50.6,25.8,0.0,W@4.8,8.9,89.5,0.0,416,"Whitcomb Island, Benton County",100125,Whitcomb Island,2017-11-26 15:56:52.509931
2011-08-07,17:00,89.5,,51.8,27.7,0.0,SW@6.0,9.2,89.8,0.0,371,"Whitcomb Island, Benton County",100125,Whitcomb Island,2017-11-26 15:56:52.509931
2011-08-07,17:15,87.3,,54.2,32.3,0.0,SW@7.3,12.1,90.1,0.0,326,"Whitcomb Island, Benton County",100125,Whitcomb Island,2017-11-26 15:56:52.509931
2011-08-07,17:30,86.2,,55.2,34.7,0.0,SW@7.7,12.8,90.3,0.0,282,"Whitcomb Island, Benton County",100125,Whitcomb Island,2017-11-26 15:56:52.509931
2011-08-07,17:45,85.1,,56.0,37.1,0.0,SW@8.4,12.4,90.6,0.0,238,"Whitcomb Island, Benton County",100125,Whitcomb Island,2017-11-26 15:56:52.509931
2011-08-07,18:00,83.5,,56.4,39.7,0.0,SW@9.2,13.5,90.8,0.0,196,"Whitcomb Island, Benton County",100125,Whitcomb Island,2017-11-26 15:56:52.509931
2011-08-07,18:15,82.0,,57.0,42.5,0.0,SW@8.9,12.8,91.0,0.0,156,"Whitcomb Island, Benton County",100125,Whitcomb Island,2017-11-26 15:56:52.509931
2011-08-07,18:30,81.0,,57.0,43.8,0.0,SW@9.1,13.9,91.1,0.0,117,"Whitcomb Island, Benton County",100125,Whitcomb Island,2017-11-26 15:56:52.509931
2011-08-07,18:45,79.8,,57.1,45.8,0.0,SW@9.4,14.6,91.3,0.0,80,"Whitcomb Island, Benton County",100125,Whitcomb Island,2017-11-26 15:56:52.509931
2011-08-07,19:00,78.9,,57.0,47.0,0.0,SW@8.4,12.8,91.4,0.0,47,"Whitcomb Island, Benton County",100125,Whitcomb Island,2017-11-26 15:56:52.509931
2011-08-07,19:15,77.1,,57.3,50.4,0.0,W@7.0,11.0,91.4,0.0,15,"Whitcomb Island, Benton County",100125,Whitcomb Island,2017-11-26 15:56:52.509931
2011-08-07,19:30,76.4,,57.0,51.0,0.0,W@6.5,11.0,91.5,0.0,5,"Whitcomb Island, Benton County",100125,Whitcomb Island,2017-11-26 15:56:52.509931
2011-08-07,19:45,76.0,,57.5,52.6,0.0,SW@6.8,11.4,91.5,0.0,1,"Whitcomb Island, Benton County",100125,Whitcomb Island,2017-11-26 15:56:52.509931
2011-08-07,20:00,75.0,,59.1,57.7,0.0,W@6.2,9.2,91.5,0.0,0,"Whitcomb Island, Benton County",100125,Whitcomb Island,2017-11-26 15:56:52.509931
2011-08-07,20:15,74.6,,58.7,57.6,0.0,SW@6.0,9.9,91.4,0.0,0,"Whitcomb Island, Benton County",100125,Whitcomb Island,2017-11-26 15:56:52.509931
2011-08-07,20:30,74.8,,55.9,51.8,0.0,SW@7.2,10.7,91.4,0.0,0,"Whitcomb Island, Benton County",100125,Whitcomb Island,2017-11-26 15:56:52.509931
2011-08-07,20:45,74.9,,54.1,48.4,0.0,SW@7.7,11.4,91.3,0.0,0,"Whitcomb Island, Benton County",100125,Whitcomb Island,2017-11-26 15:56:52.509931
2011-08-07,21:00,74.6,,53.4,47.6,0.0,SW@10.5,15.0,91.2,0.0,0,"Whitcomb Island, Benton County",100125,Whitcomb Island,2017-11-26 15:56:52.509931
2011-08-07,21:15,73.8,,54.0,49.9,0.0,SW@9.4,15.0,91.0,0.0,0,"Whitcomb Island, Benton County",100125,Whitcomb Island,2017-11-26 15:56:52.509931
2011-08-07,21:30,72.2,,54.6,53.8,0.0,SW@7.0,11.4,90.9,0.0,0,"Whitcomb Island, Benton County",100125,Whitcomb Island,2017-11-26 15:56:52.509931
2011-08-07,21:45,71.6,,55.9,57.5,0.0,SW@9.0,16.0,90.7,0.0,0,"Whitcomb Island, Benton County",100125,Whitcomb Island,2017-11-26 15:56:52.509931
2011-08-07,22:00,71.4,,55.8,57.8,0.0,SW@10.0,14.6,90.6,0.0,0,"Whitcomb Island, Benton County",100125,Whitcomb Island,2017-11-26 15:56:52.509931
2011-08-07,22:15,70.9,,55.8,58.8,0.0,SW@9.2,15.0,90.4,0.0,0,"Whitcomb Island, Benton County",100125,Whitcomb Island,2017-11-26 15:56:52.509931
2011-08-07,22:30,70.3,,55.6,59.5,0.0,SW@8.9,13.2,90.2,0.0,0,"Whitcomb Island, Benton County",100125,Whitcomb Island,2017-11-26 15:56:52.509931
2011-08-07,22:45,70.0,,55.7,60.4,0.0,SW@7.8,14.2,90.0,0.0,0,"Whitcomb Island, Benton County",100125,Whitcomb Island,2017-11-26 15:56:52.509931
2011-08-07,23:00,70.2,,55.5,59.5,0.0,SW@7.6,15.3,89.8,0.0,0,"Whitcomb Island, Benton County",100125,Whitcomb Island,2017-11-26 15:56:52.509931
2011-08-08,23:15,69.9,,55.4,59.9,0.0,SW@7.2,13.2,89.6,0.0,0,"Whitcomb Island, Benton County",100125,Whitcomb Island,2017-11-26 15:56:52.509931
2011-08-08,23:30,69.6,,55.2,60.1,0.0,SW@7.8,13.5,89.4,0.0,0,"Whitcomb Island, Benton County",100125,Whitcomb Island,2017-11-26 15:56:52.509931
2011-08-08,23:45,69.4,,55.8,61.9,0.0,SW@6.3,11.7,89.2,0.0,0,"Whitcomb Island, Benton County",100125,Whitcomb Island,2017-11-26 15:56:52.509931
2011-08-08,24:00,69.1,,56.2,63.4,0.0,SW@5.7,8.5,89.0,0.0,0,"Whitcomb Island, Benton County",100125,Whitcomb Island,2017-11-26 15:56:52.509931
