Date,Time PST,Air Temp °F, 2<sup>nd</sup> Air Temp °F, Dew Point °F, Rel Hum %, Leaf Wet u., Wind Dir @ Speed mph, Wind Gust mph, 8 in. Soil Tmp °F, Tot Prec in, Solar Rad W/m², Atm. Press. inHg,Location,Station ID,Station Name,Download Timestamp
2012-07-20,00:15,72.7,73.4,57.8,59.5,0.41,W@12.6,23.2,78.3,0.0,0,29.98,"Lind, Lind, Adams County",300028,Lind,2017-12-08 22:58:11.246571
2012-07-20,00:30,72.2,72.2,58.4,61.9,0.93,W@7.5,13.9,78.3,0.01,0,29.95,"Lind, Lind, Adams County",300028,Lind,2017-12-08 22:58:11.246571
2012-07-20,00:45,70.5,70.8,58.6,66.1,0.94,NW@6.7,9.6,78.2,0.01,0,29.94,"Lind, Lind, Adams County",300028,Lind,2017-12-08 22:58:11.246571
2012-07-20,01:00,71.2,71.5,58.8,64.9,0.62,NE@7.0,14.6,78.2,0.0,0,29.93,"Lind, Lind, Adams County",300028,Lind,2017-12-08 22:58:11.246571
2012-07-20,01:15,71.9,72.2,58.3,62.3,0.01,N@4.4,8.9,78.1,0.0,0,29.93,"Lind, Lind, Adams County",300028,Lind,2017-12-08 22:58:11.246571
2012-07-20,01:30,72.6,72.8,58.3,60.7,0.0,W@3.3,6.0,78.1,0.0,0,29.92,"Lind, Lind, Adams County",300028,Lind,2017-12-08 22:58:11.246571
2012-07-20,01:45,72.0,72.2,59.0,63.5,0.0,N@2.9,7.8,78.0,0.0,0,29.92,"Lind, Lind, Adams County",300028,Lind,2017-12-08 22:58:11.246571
2012-07-20,02:00,72.0,72.3,58.7,62.9,0.0,E@5.2,6.7,78.0,0.0,0,29.92,"Lind, Lind, Adams County",300028,Lind,2017-12-08 22:58:11.246571
2012-07-20,02:15,70.9,70.9,59.7,67.8,0.0,NE@5.0,6.0,77.9,0.0,0,29.91,"Lind, Lind, Adams County",300028,Lind,2017-12-08 22:58:11.246571
2012-07-20,02:30,70.3,70.7,59.7,68.9,0.0,NE@6.1,7.8,77.8,0.0,0,29.9,"Lind, Lind, Adams County",300028,Lind,2017-12-08 22:58:11.246571
2012-07-20,02:45,70.5,71.0,59.4,67.8,0.0,NW@5.1,8.9,77.8,0.0,0,29.91,"Lind, Lind, Adams County",300028,Lind,2017-12-08 22:58:11.246571
2012-07-20,03:00,72.2,72.3,58.6,62.2,0.0,E@5.1,9.2,77.7,0.0,0,29.91,"Lind, Lind, Adams County",300028,Lind,2017-12-08 22:58:11.246571
2012-07-20,03:15,70.2,70.5,59.4,68.6,0.0,E@4.5,7.1,77.6,0.0,0,29.91,"Lind, Lind, Adams County",300028,Lind,2017-12-08 22:58:11.246571
2012-07-20,03:30,70.1,70.5,59.1,68.0,0.0,SE@4.9,11.0,77.6,0.0,0,29.92,"Lind, Lind, Adams County",300028,Lind,2017-12-08 22:58:11.246571
2012-07-20,03:45,70.2,70.4,59.4,68.6,0.0,S@4.3,9.2,77.5,0.0,0,29.94,"Lind, Lind, Adams County",300028,Lind,2017-12-08 22:58:11.246571
2012-07-20,04:00,69.4,69.5,60.2,72.6,0.0,S@3.3,6.7,77.4,0.0,0,29.94,"Lind, Lind, Adams County",300028,Lind,2017-12-08 22:58:11.246571
2012-07-20,04:15,69.1,69.4,60.2,73.1,0.0,S@3.2,7.1,77.3,0.0,1,29.95,"Lind, Lind, Adams County",300028,Lind,2017-12-08 22:58:11.246571
2012-07-20,04:30,68.0,68.2,60.8,77.6,0.0,W@3.6,7.1,77.3,0.0,2,29.95,"Lind, Lind, Adams County",300028,Lind,2017-12-08 22:58:11.246571
2012-07-20,04:45,67.5,67.9,60.9,79.2,0.0,SE@3.8,6.4,77.2,0.0,2,29.96,"Lind, Lind, Adams County",300028,Lind,2017-12-08 22:58:11.246571
2012-07-20,05:00,67.0,67.2,61.3,81.8,0.63,N@7.1,11.4,77.1,0.0,12,29.93,"Lind, Lind, Adams County",300028,Lind,2017-12-08 22:58:11.246571
2012-07-20,05:15,67.1,67.6,60.9,80.3,0.78,E@3.5,7.1,77.0,0.0,19,29.93,"Lind, Lind, Adams County",300028,Lind,2017-12-08 22:58:11.246571
2012-07-20,05:30,67.8,68.1,60.7,77.8,0.41,SE@3.2,6.0,77.0,0.0,50,29.94,"Lind, Lind, Adams County",300028,Lind,2017-12-08 22:58:11.246571
2012-07-20,05:45,67.4,67.6,61.4,80.9,0.0,SE@3.7,5.7,76.9,0.0,98,29.95,"Lind, Lind, Adams County",300028,Lind,2017-12-08 22:58:11.246571
2012-07-20,06:00,68.8,69.3,62.3,79.9,0.0,SE@1.5,3.5,76.8,0.0,147,29.95,"Lind, Lind, Adams County",300028,Lind,2017-12-08 22:58:11.246571
2012-07-20,06:15,69.1,69.1,62.5,79.4,0.0,N@3.3,4.2,76.8,0.0,74,29.95,"Lind, Lind, Adams County",300028,Lind,2017-12-08 22:58:11.246571
2012-07-20,06:30,69.6,70.1,62.8,78.9,0.0,E@2.6,3.9,76.7,0.0,187,29.96,"Lind, Lind, Adams County",300028,Lind,2017-12-08 22:58:11.246571
2012-07-20,06:45,72.9,73.2,61.4,67.3,0.0,SE@2.4,4.6,76.6,0.0,308,29.97,"Lind, Lind, Adams County",300028,Lind,2017-12-08 22:58:11.246571
2012-07-20,07:00,73.5,73.6,61.3,65.5,0.0,SE@2.9,4.9,76.5,0.0,338,29.97,"Lind, Lind, Adams County",300028,Lind,2017-12-08 22:58:11.246571
2012-07-20,07:15,74.5,74.5,61.7,64.3,0.0,SE@4.4,7.8,76.4,0.0,394,29.98,"Lind, Lind, Adams County",300028,Lind,2017-12-08 22:58:11.246571
2012-07-20,07:30,75.7,75.8,61.6,61.7,0.0,SE@6.4,10.7,76.4,0.0,435,29.98,"Lind, Lind, Adams County",300028,Lind,2017-12-08 22:58:11.246571
2012-07-20,07:45,77.4,77.4,60.6,56.2,0.0,SE@7.7,12.8,76.3,0.0,438,29.98,"Lind, Lind, Adams County",300028,Lind,2017-12-08 22:58:11.246571
2012-07-20,08:00,78.3,78.3,60.4,54.2,0.0,SE@7.5,12.4,76.2,0.0,527,29.99,"Lind, Lind, Adams County",300028,Lind,2017-12-08 22:58:11.246571
2012-07-20,08:15,79.6,79.5,61.3,53.6,0.0,SE@7.4,12.4,76.2,0.0,560,29.99,"Lind, Lind, Adams County",300028,Lind,2017-12-08 22:58:11.246571
2012-07-20,08:30,79.3,79.2,61.3,54.1,0.0,SE@7.5,12.8,76.1,0.0,593,29.99,"Lind, Lind, Adams County",300028,Lind,2017-12-08 22:58:11.246571
2012-07-20,08:45,79.7,79.6,61.0,52.8,0.0,S@6.4,11.0,76.0,0.0,629,29.99,"Lind, Lind, Adams County",300028,Lind,2017-12-08 22:58:11.246571
2012-07-20,09:00,79.6,79.4,62.2,55.4,0.0,S@7.0,11.7,75.9,0.0,666,29.99,"Lind, Lind, Adams County",300028,Lind,2017-12-08 22:58:11.246571
2012-07-20,09:15,78.4,78.1,62.3,57.9,0.0,S@7.4,12.1,75.9,0.0,703,29.99,"Lind, Lind, Adams County",300028,Lind,2017-12-08 22:58:11.246571
2012-07-20,09:30,77.6,77.5,61.1,56.8,0.0,S@8.1,15.0,75.8,0.0,724,29.99,"Lind, Lind, Adams County",300028,Lind,2017-12-08 22:58:11.246571
2012-07-20,09:45,78.6,78.4,61.2,55.2,0.0,S@7.3,11.4,75.8,0.0,647,29.99,"Lind, Lind, Adams County",300028,Lind,2017-12-08 22:58:11.246571
2012-07-20,10:00,77.3,77.4,60.5,56.1,0.0,S@6.9,11.7,75.7,0.0,415,30.0,"Lind, Lind, Adams County",300028,Lind,2017-12-08 22:58:11.246571
2012-07-20,10:15,78.4,78.5,61.4,55.9,0.0,S@6.1,11.0,75.7,0.0,618,29.99,"Lind, Lind, Adams County",300028,Lind,2017-12-08 22:58:11.246571
2012-07-20,10:30,77.7,77.8,61.3,56.9,0.0,S@5.8,9.9,75.7,0.0,377,29.99,"Lind, Lind, Adams County",300028,Lind,2017-12-08 22:58:11.246571
2012-07-20,10:45,78.8,78.9,62.0,56.4,0.0,S@7.3,13.2,75.7,0.0,554,30.0,"Lind, Lind, Adams County",300028,Lind,2017-12-08 22:58:11.246571
2012-07-20,11:00,77.8,77.9,61.9,58.0,0.0,S@6.1,9.9,75.6,0.0,260,30.0,"Lind, Lind, Adams County",300028,Lind,2017-12-08 22:58:11.246571
2012-07-20,11:15,77.2,77.3,61.4,58.1,0.0,S@7.8,13.2,75.6,0.0,287,30.0,"Lind, Lind, Adams County",300028,Lind,2017-12-08 22:58:11.246571
2012-07-20,11:30,76.4,76.4,60.8,58.5,0.0,S@9.2,15.3,75.6,0.0,247,30.0,"Lind, Lind, Adams County",300028,Lind,2017-12-08 22:58:11.246571
2012-07-20,11:45,76.7,76.8,61.6,59.6,0.0,S@8.8,15.3,75.6,0.0,533,30.0,"Lind, Lind, Adams County",300028,Lind,2017-12-08 22:58:11.246571
2012-07-20,12:00,77.6,77.6,61.6,57.9,0.0,S@8.8,15.3,75.7,0.0,476,29.99,"Lind, Lind, Adams County",300028,Lind,2017-12-08 22:58:11.246571
2012-07-20,12:15,77.9,77.9,61.6,57.1,0.0,SW@10.4,17.1,75.7,0.0,529,29.98,"Lind, Lind, Adams County",300028,Lind,2017-12-08 22:58:11.246571
2012-07-20,12:30,78.0,78.1,61.6,57.1,0.0,SW@9.6,15.0,75.7,0.0,458,29.97,"Lind, Lind, Adams County",300028,Lind,2017-12-08 22:58:11.246571
2012-07-20,12:45,80.2,80.3,61.5,53.0,0.0,SW@10.5,21.0,75.7,0.0,736,29.98,"Lind, Lind, Adams County",300028,Lind,2017-12-08 22:58:11.246571
2012-07-20,13:00,80.5,80.5,61.0,51.6,0.0,SW@11.4,19.6,75.7,0.0,469,30.0,"Lind, Lind, Adams County",300028,Lind,2017-12-08 22:58:11.246571
2012-07-20,13:15,80.3,80.3,60.5,50.9,0.0,SW@13.6,23.9,75.7,0.0,394,30.01,"Lind, Lind, Adams County",300028,Lind,2017-12-08 22:58:11.246571
2012-07-20,13:30,73.4,73.1,58.4,59.3,0.0,SW@18.1,35.0,75.8,0.0,135,30.03,"Lind, Lind, Adams County",300028,Lind,2017-12-08 22:58:11.246571
2012-07-20,13:45,71.3,71.7,56.5,59.4,0.01,S@9.3,18.5,75.8,0.0,32,30.01,"Lind, Lind, Adams County",300028,Lind,2017-12-08 22:58:11.246571
2012-07-20,14:00,72.5,72.9,55.5,55.2,0.0,S@9.0,20.0,75.8,0.0,380,30.0,"Lind, Lind, Adams County",300028,Lind,2017-12-08 22:58:11.246571
2012-07-20,14:15,73.5,73.4,57.2,56.5,0.0,SW@13.1,20.0,75.9,0.0,393,30.02,"Lind, Lind, Adams County",300028,Lind,2017-12-08 22:58:11.246571
2012-07-20,14:30,73.1,73.1,59.8,63.0,0.0,SW@9.5,15.7,75.9,0.0,762,30.01,"Lind, Lind, Adams County",300028,Lind,2017-12-08 22:58:11.246571
2012-07-20,14:45,75.4,75.7,59.5,57.8,0.0,SW@9.2,15.7,75.9,0.0,737,30.02,"Lind, Lind, Adams County",300028,Lind,2017-12-08 22:58:11.246571
2012-07-20,15:00,77.7,77.7,58.3,51.2,0.0,SW@10.5,15.7,75.9,0.0,699,30.02,"Lind, Lind, Adams County",300028,Lind,2017-12-08 22:58:11.246571
2012-07-20,15:15,78.0,77.9,58.7,51.5,0.0,SW@10.8,17.5,75.9,0.0,664,30.03,"Lind, Lind, Adams County",300028,Lind,2017-12-08 22:58:11.246571
2012-07-20,15:30,78.5,78.4,58.5,50.3,0.0,SW@13.0,21.4,76.0,0.0,627,30.04,"Lind, Lind, Adams County",300028,Lind,2017-12-08 22:58:11.246571
2012-07-20,15:45,78.9,78.9,58.0,48.6,0.0,W@12.9,18.9,76.0,0.0,595,30.04,"Lind, Lind, Adams County",300028,Lind,2017-12-08 22:58:11.246571
2012-07-20,16:00,78.6,78.5,57.8,48.8,0.0,W@13.0,19.2,76.0,0.0,550,30.05,"Lind, Lind, Adams County",300028,Lind,2017-12-08 22:58:11.246571
2012-07-20,16:15,78.4,78.4,58.3,50.0,0.0,W@11.1,17.5,76.0,0.0,510,30.06,"Lind, Lind, Adams County",300028,Lind,2017-12-08 22:58:11.246571
2012-07-20,16:30,78.3,78.2,58.2,50.2,0.0,W@11.1,19.2,76.0,0.0,477,30.06,"Lind, Lind, Adams County",300028,Lind,2017-12-08 22:58:11.246571
2012-07-20,16:45,77.2,77.2,58.5,52.3,0.0,W@10.6,16.0,76.0,0.0,341,30.07,"Lind, Lind, Adams County",300028,Lind,2017-12-08 22:58:11.246571
2012-07-20,17:00,77.2,77.2,57.5,50.6,0.0,W@10.3,16.7,76.1,0.0,317,30.07,"Lind, Lind, Adams County",300028,Lind,2017-12-08 22:58:11.246571
2012-07-20,17:15,77.4,77.4,57.7,50.6,0.0,W@11.0,15.7,76.1,0.0,347,30.07,"Lind, Lind, Adams County",300028,Lind,2017-12-08 22:58:11.246571
2012-07-20,17:30,77.2,77.2,57.1,49.9,0.0,W@11.5,15.7,76.1,0.0,308,30.08,"Lind, Lind, Adams County",300028,Lind,2017-12-08 22:58:11.246571
2012-07-20,17:45,76.9,76.8,57.1,50.4,0.0,W@11.3,15.7,76.1,0.0,269,30.09,"Lind, Lind, Adams County",300028,Lind,2017-12-08 22:58:11.246571
2012-07-20,18:00,76.4,76.1,56.6,50.4,0.0,W@10.2,13.9,76.1,0.0,228,30.09,"Lind, Lind, Adams County",300028,Lind,2017-12-08 22:58:11.246571
2012-07-20,18:15,75.8,75.7,56.9,52.0,0.0,W@9.0,13.5,76.1,0.0,187,30.1,"Lind, Lind, Adams County",300028,Lind,2017-12-08 22:58:11.246571
2012-07-20,18:30,75.2,75.1,57.3,53.8,0.0,W@8.3,12.1,76.2,0.0,149,30.1,"Lind, Lind, Adams County",300028,Lind,2017-12-08 22:58:11.246571
2012-07-20,18:45,74.8,74.9,57.5,54.7,0.0,W@7.0,11.0,76.2,0.0,113,30.11,"Lind, Lind, Adams County",300028,Lind,2017-12-08 22:58:11.246571
2012-07-20,19:00,74.1,74.1,57.7,56.6,0.0,W@6.3,9.2,76.2,0.0,79,30.11,"Lind, Lind, Adams County",300028,Lind,2017-12-08 22:58:11.246571
2012-07-20,19:15,72.7,72.7,58.1,60.1,0.0,W@6.1,7.8,76.2,0.0,50,30.11,"Lind, Lind, Adams County",300028,Lind,2017-12-08 22:58:11.246571
2012-07-20,19:30,71.0,71.1,57.8,63.0,0.0,W@5.5,7.4,76.2,0.0,26,30.11,"Lind, Lind, Adams County",300028,Lind,2017-12-08 22:58:11.246571
2012-07-20,19:45,69.2,69.4,57.6,66.6,0.0,W@5.5,7.1,76.2,0.0,6,30.11,"Lind, Lind, Adams County",300028,Lind,2017-12-08 22:58:11.246571
2012-07-20,20:00,67.9,68.2,57.8,70.1,0.0,W@6.1,8.2,76.2,0.0,2,30.11,"Lind, Lind, Adams County",300028,Lind,2017-12-08 22:58:11.246571
2012-07-20,20:15,67.3,67.6,56.8,68.9,0.0,NW@6.9,8.9,76.2,0.0,1,30.12,"Lind, Lind, Adams County",300028,Lind,2017-12-08 22:58:11.246571
2012-07-20,20:30,66.2,66.5,55.7,68.8,0.0,NW@6.8,8.2,76.2,0.0,0,30.12,"Lind, Lind, Adams County",300028,Lind,2017-12-08 22:58:11.246571
2012-07-20,20:45,64.9,65.2,55.4,71.1,0.0,NW@5.8,8.2,76.2,0.0,0,30.13,"Lind, Lind, Adams County",300028,Lind,2017-12-08 22:58:11.246571
2012-07-20,21:00,62.1,62.3,55.3,78.3,0.0,N@4.4,4.9,76.2,0.0,0,30.13,"Lind, Lind, Adams County",300028,Lind,2017-12-08 22:58:11.246571
2012-07-20,21:15,61.4,61.7,55.6,81.1,0.0,N@4.8,6.4,76.2,0.0,0,30.13,"Lind, Lind, Adams County",300028,Lind,2017-12-08 22:58:11.246571
2012-07-20,21:30,62.0,62.5,55.9,80.3,0.0,NW@6.5,8.5,76.2,0.0,0,30.14,"Lind, Lind, Adams County",300028,Lind,2017-12-08 22:58:11.246571
2012-07-20,21:45,63.2,63.8,55.3,75.5,0.0,NW@7.3,8.9,76.2,0.0,0,30.14,"Lind, Lind, Adams County",300028,Lind,2017-12-08 22:58:11.246571
2012-07-20,22:00,63.1,63.5,55.0,74.9,0.0,NW@6.6,8.5,76.1,0.0,0,30.14,"Lind, Lind, Adams County",300028,Lind,2017-12-08 22:58:11.246571
2012-07-20,22:15,62.5,62.7,54.6,75.5,0.0,NE@3.9,7.1,76.1,0.0,0,30.15,"Lind, Lind, Adams County",300028,Lind,2017-12-08 22:58:11.246571
2012-07-20,22:30,63.1,63.5,54.1,72.4,0.0,SE@2.4,7.4,76.1,0.0,0,30.15,"Lind, Lind, Adams County",300028,Lind,2017-12-08 22:58:11.246571
2012-07-20,22:45,61.8,61.8,53.9,75.2,0.0,NW@1.4,2.4,76.0,0.0,0,30.15,"Lind, Lind, Adams County",300028,Lind,2017-12-08 22:58:11.246571
2012-07-20,23:00,61.6,61.9,53.7,75.4,0.0,S@1.9,2.8,76.0,0.0,0,30.16,"Lind, Lind, Adams County",300028,Lind,2017-12-08 22:58:11.246571
2012-07-21,23:15,60.3,60.3,53.4,77.7,0.0,NW@0.8,3.1,76.0,0.0,0,30.16,"Lind, Lind, Adams County",300028,Lind,2017-12-08 22:58:11.246571
2012-07-21,23:30,59.2,59.4,53.2,80.5,0.0,NW@2.3,3.1,75.9,0.0,0,30.16,"Lind, Lind, Adams County",300028,Lind,2017-12-08 22:58:11.246571
2012-07-21,23:45,59.5,60.0,52.8,78.4,0.0,NW@4.4,5.7,75.9,0.0,0,30.16,"Lind, Lind, Adams County",300028,Lind,2017-12-08 22:58:11.246571
2012-07-21,24:00,60.1,60.6,52.4,75.5,0.0,NW@1.8,5.3,75.8,0.0,0,30.16,"Lind, Lind, Adams County",300028,Lind,2017-12-08 22:58:11.246571
2012-07-21,00:15,60.4,60.7,51.6,72.8,0.0,SW@1.4,3.9,75.8,0.0,0,30.16,"Lind, Lind, Adams County",300028,Lind,2017-12-08 22:58:11.246571
2012-07-21,00:30,59.2,59.4,51.8,76.5,0.0,W@1.5,2.8,75.7,0.0,0,30.16,"Lind, Lind, Adams County",300028,Lind,2017-12-08 22:58:11.246571
2012-07-21,00:45,59.6,59.9,51.7,75.0,0.0,S@1.5,3.5,75.6,0.0,0,30.17,"Lind, Lind, Adams County",300028,Lind,2017-12-08 22:58:11.246571
2012-07-21,01:00,58.8,59.1,52.0,78.0,0.0,SE@2.4,4.9,75.6,0.0,0,30.17,"Lind, Lind, Adams County",300028,Lind,2017-12-08 22:58:11.246571
2012-07-21,01:15,57.9,58.1,51.9,80.3,0.0,SW@0.9,2.4,75.5,0.0,0,30.17,"Lind, Lind, Adams County",300028,Lind,2017-12-08 22:58:11.246571
2012-07-21,01:30,56.8,56.9,51.8,83.1,0.0,W@0.4,2.1,75.4,0.0,0,30.17,"Lind, Lind, Adams County",300028,Lind,2017-12-08 22:58:11.246571
2012-07-21,01:45,56.1,56.4,51.8,85.4,0.0,SE@1.5,3.9,75.4,0.0,0,30.18,"Lind, Lind, Adams County",300028,Lind,2017-12-08 22:58:11.246571
2012-07-21,02:00,56.0,56.3,52.0,86.1,0.0,SE@3.4,4.9,75.3,0.0,0,30.18,"Lind, Lind, Adams County",300028,Lind,2017-12-08 22:58:11.246571
2012-07-21,02:15,55.7,56.2,52.2,88.2,0.09,S@1.6,3.1,75.2,0.0,0,30.18,"Lind, Lind, Adams County",300028,Lind,2017-12-08 22:58:11.246571
2012-07-21,02:30,56.3,56.7,52.3,86.3,0.09,SE@2.8,4.2,75.1,0.0,0,30.18,"Lind, Lind, Adams County",300028,Lind,2017-12-08 22:58:11.246571
2012-07-21,02:45,55.7,56.0,52.2,87.7,0.07,E@2.9,4.2,75.0,0.0,0,30.18,"Lind, Lind, Adams County",300028,Lind,2017-12-08 22:58:11.246571
2012-07-21,03:00,54.6,54.8,51.5,89.3,0.12,E@3.0,6.0,75.0,0.0,0,30.18,"Lind, Lind, Adams County",300028,Lind,2017-12-08 22:58:11.246571
2012-07-21,03:15,54.3,54.6,51.6,90.5,0.2,SE@2.9,5.3,74.9,0.0,0,30.19,"Lind, Lind, Adams County",300028,Lind,2017-12-08 22:58:11.246571
2012-07-21,03:30,53.7,54.1,51.3,91.5,0.31,SE@1.1,3.9,74.8,0.0,0,30.19,"Lind, Lind, Adams County",300028,Lind,2017-12-08 22:58:11.246571
2012-07-21,03:45,53.9,54.2,51.4,90.9,0.44,E@0.3,2.1,74.7,0.0,0,30.19,"Lind, Lind, Adams County",300028,Lind,2017-12-08 22:58:11.246571
2012-07-21,04:00,54.5,54.9,51.5,89.3,0.54,NE@0.0,1.4,74.6,0.0,1,30.19,"Lind, Lind, Adams County",300028,Lind,2017-12-08 22:58:11.246571
2012-07-21,04:15,54.7,54.9,51.0,87.4,0.59,SE@0.5,2.4,74.5,0.0,2,30.2,"Lind, Lind, Adams County",300028,Lind,2017-12-08 22:58:11.246571
2012-07-21,04:30,55.1,55.7,51.0,85.9,0.55,S@3.0,5.7,74.5,0.0,6,30.2,"Lind, Lind, Adams County",300028,Lind,2017-12-08 22:58:11.246571
2012-07-21,04:45,54.9,55.1,50.6,85.5,0.34,N@2.1,4.2,74.4,0.0,20,30.19,"Lind, Lind, Adams County",300028,Lind,2017-12-08 22:58:11.246571
2012-07-21,05:00,55.5,55.9,50.9,84.3,0.09,SW@1.7,3.9,74.3,0.0,48,30.19,"Lind, Lind, Adams County",300028,Lind,2017-12-08 22:58:11.246571
2012-07-21,05:15,56.3,56.6,51.3,83.3,0.0,S@2.7,4.2,74.2,0.0,77,30.2,"Lind, Lind, Adams County",300028,Lind,2017-12-08 22:58:11.246571
2012-07-21,05:30,56.6,56.9,51.3,82.2,0.0,SW@1.7,3.9,74.1,0.0,110,30.2,"Lind, Lind, Adams County",300028,Lind,2017-12-08 22:58:11.246571
2012-07-21,05:45,57.1,57.4,51.3,80.8,0.0,S@4.0,6.0,74.0,0.0,144,30.2,"Lind, Lind, Adams County",300028,Lind,2017-12-08 22:58:11.246571
2012-07-21,06:00,57.9,58.1,51.8,80.0,0.0,S@3.5,5.3,73.9,0.0,182,30.2,"Lind, Lind, Adams County",300028,Lind,2017-12-08 22:58:11.246571
2012-07-21,06:15,58.3,58.9,52.2,79.9,0.0,SW@2.2,3.5,73.8,0.0,225,30.2,"Lind, Lind, Adams County",300028,Lind,2017-12-08 22:58:11.246571
2012-07-21,06:30,59.4,59.9,52.6,78.1,0.0,SW@2.6,4.6,73.7,0.0,266,30.19,"Lind, Lind, Adams County",300028,Lind,2017-12-08 22:58:11.246571
2012-07-21,06:45,60.9,61.3,53.1,75.4,0.0,SW@3.5,6.4,73.6,0.0,309,30.2,"Lind, Lind, Adams County",300028,Lind,2017-12-08 22:58:11.246571
2012-07-21,07:00,61.9,62.2,53.3,73.1,0.0,SW@3.7,5.7,73.5,0.0,352,30.2,"Lind, Lind, Adams County",300028,Lind,2017-12-08 22:58:11.246571
2012-07-21,07:15,62.8,63.0,53.5,71.7,0.0,SW@4.6,6.7,73.4,0.0,395,30.2,"Lind, Lind, Adams County",300028,Lind,2017-12-08 22:58:11.246571
2012-07-21,07:30,63.8,64.0,53.9,70.2,0.0,W@4.5,7.4,73.3,0.0,438,30.2,"Lind, Lind, Adams County",300028,Lind,2017-12-08 22:58:11.246571
2012-07-21,07:45,65.3,65.6,54.3,67.3,0.0,SW@4.2,9.6,73.2,0.0,480,30.2,"Lind, Lind, Adams County",300028,Lind,2017-12-08 22:58:11.246571
2012-07-21,08:00,66.1,66.1,54.2,65.4,0.0,SW@5.7,9.9,73.1,0.0,521,30.21,"Lind, Lind, Adams County",300028,Lind,2017-12-08 22:58:11.246571
2012-07-21,08:15,66.9,67.0,54.2,63.8,0.0,SW@4.7,8.2,73.0,0.0,562,30.2,"Lind, Lind, Adams County",300028,Lind,2017-12-08 22:58:11.246571
2012-07-21,08:30,67.6,67.7,54.1,61.8,0.0,SW@4.1,7.8,72.9,0.0,601,30.2,"Lind, Lind, Adams County",300028,Lind,2017-12-08 22:58:11.246571
2012-07-21,08:45,68.5,68.6,54.0,59.7,0.0,SW@5.2,9.6,72.8,0.0,637,30.2,"Lind, Lind, Adams County",300028,Lind,2017-12-08 22:58:11.246571
2012-07-21,09:00,69.1,69.2,53.7,57.9,0.0,SW@5.8,9.2,72.7,0.0,672,30.2,"Lind, Lind, Adams County",300028,Lind,2017-12-08 22:58:11.246571
2012-07-21,09:15,69.8,69.9,53.7,56.5,0.0,SW@5.8,9.2,72.7,0.0,707,30.2,"Lind, Lind, Adams County",300028,Lind,2017-12-08 22:58:11.246571
2012-07-21,09:30,70.5,70.6,53.6,55.0,0.0,SW@6.1,9.9,72.6,0.0,738,30.2,"Lind, Lind, Adams County",300028,Lind,2017-12-08 22:58:11.246571
2012-07-21,09:45,71.0,71.0,53.6,54.1,0.0,SW@5.8,10.7,72.5,0.0,770,30.19,"Lind, Lind, Adams County",300028,Lind,2017-12-08 22:58:11.246571
2012-07-21,10:00,72.0,72.2,53.7,52.4,0.0,SW@4.3,9.9,72.5,0.0,798,30.19,"Lind, Lind, Adams County",300028,Lind,2017-12-08 22:58:11.246571
2012-07-21,10:15,73.1,73.1,53.4,50.0,0.0,S@4.8,8.5,72.4,0.0,822,30.19,"Lind, Lind, Adams County",300028,Lind,2017-12-08 22:58:11.246571
2012-07-21,10:30,73.6,73.5,53.4,49.1,0.0,SW@5.7,9.2,72.4,0.0,844,30.19,"Lind, Lind, Adams County",300028,Lind,2017-12-08 22:58:11.246571
2012-07-21,10:45,74.2,74.3,53.4,48.3,0.0,S@5.7,12.1,72.4,0.0,864,30.19,"Lind, Lind, Adams County",300028,Lind,2017-12-08 22:58:11.246571
2012-07-21,11:00,74.6,74.5,52.5,46.1,0.0,S@5.5,10.7,72.3,0.0,877,30.19,"Lind, Lind, Adams County",300028,Lind,2017-12-08 22:58:11.246571
2012-07-21,11:15,74.9,74.8,52.2,45.1,0.0,S@4.9,8.9,72.3,0.0,887,30.18,"Lind, Lind, Adams County",300028,Lind,2017-12-08 22:58:11.246571
2012-07-21,11:30,75.4,75.3,51.9,43.8,0.0,S@4.3,10.7,72.3,0.0,898,30.18,"Lind, Lind, Adams County",300028,Lind,2017-12-08 22:58:11.246571
2012-07-21,11:45,75.7,75.6,52.1,43.7,0.0,S@4.3,8.5,72.3,0.0,903,30.18,"Lind, Lind, Adams County",300028,Lind,2017-12-08 22:58:11.246571
2012-07-21,12:00,76.7,76.7,52.9,43.6,0.0,SW@6.0,10.7,72.3,0.0,906,30.17,"Lind, Lind, Adams County",300028,Lind,2017-12-08 22:58:11.246571
2012-07-21,12:15,76.9,76.9,52.2,42.2,0.0,S@4.0,9.6,72.4,0.0,906,30.17,"Lind, Lind, Adams County",300028,Lind,2017-12-08 22:58:11.246571
2012-07-21,12:30,77.4,77.2,51.4,40.2,0.0,SE@4.7,11.7,72.4,0.0,904,30.17,"Lind, Lind, Adams County",300028,Lind,2017-12-08 22:58:11.246571
2012-07-21,12:45,78.0,78.0,51.8,40.0,0.0,SW@4.7,11.4,72.4,0.0,894,30.16,"Lind, Lind, Adams County",300028,Lind,2017-12-08 22:58:11.246571
2012-07-21,13:00,78.9,78.8,52.0,39.2,0.0,S@4.5,8.5,72.5,0.0,886,30.16,"Lind, Lind, Adams County",300028,Lind,2017-12-08 22:58:11.246571
2012-07-21,13:15,79.0,79.1,51.7,38.6,0.0,S@4.4,13.5,72.5,0.0,875,30.16,"Lind, Lind, Adams County",300028,Lind,2017-12-08 22:58:11.246571
2012-07-21,13:30,80.4,80.4,52.3,37.8,0.0,S@6.0,10.3,72.6,0.0,859,30.15,"Lind, Lind, Adams County",300028,Lind,2017-12-08 22:58:11.246571
2012-07-21,13:45,79.9,79.7,51.8,37.7,0.0,SW@5.8,10.7,72.7,0.0,840,30.15,"Lind, Lind, Adams County",300028,Lind,2017-12-08 22:58:11.246571
2012-07-21,14:00,80.4,80.3,51.7,36.9,0.0,SW@4.9,11.7,72.8,0.0,820,30.14,"Lind, Lind, Adams County",300028,Lind,2017-12-08 22:58:11.246571
2012-07-21,14:15,80.9,80.8,51.6,36.1,0.0,S@5.1,9.9,72.9,0.0,793,30.14,"Lind, Lind, Adams County",300028,Lind,2017-12-08 22:58:11.246571
2012-07-21,14:30,81.1,81.0,51.4,35.6,0.0,S@5.5,11.4,72.9,0.0,765,30.13,"Lind, Lind, Adams County",300028,Lind,2017-12-08 22:58:11.246571
2012-07-21,14:45,81.1,81.1,51.5,35.8,0.0,W@5.4,10.7,73.1,0.0,734,30.12,"Lind, Lind, Adams County",300028,Lind,2017-12-08 22:58:11.246571
2012-07-21,15:00,81.5,81.4,51.3,35.0,0.0,SW@5.1,9.9,73.2,0.0,704,30.12,"Lind, Lind, Adams County",300028,Lind,2017-12-08 22:58:11.246571
2012-07-21,15:15,82.3,82.4,51.0,33.8,0.0,W@4.3,9.9,73.3,0.0,678,30.11,"Lind, Lind, Adams County",300028,Lind,2017-12-08 22:58:11.246571
2012-07-21,15:30,82.6,82.4,49.7,31.9,0.0,S@4.7,8.9,73.4,0.0,638,30.11,"Lind, Lind, Adams County",300028,Lind,2017-12-08 22:58:11.246571
2012-07-21,15:45,83.2,83.2,50.5,32.1,0.0,S@4.4,9.9,73.5,0.0,601,30.1,"Lind, Lind, Adams County",300028,Lind,2017-12-08 22:58:11.246571
2012-07-21,16:00,83.1,82.9,49.2,30.8,0.0,SE@4.9,11.4,73.6,0.0,566,30.1,"Lind, Lind, Adams County",300028,Lind,2017-12-08 22:58:11.246571
2012-07-21,16:15,82.9,82.8,48.3,29.9,0.0,SW@6.3,13.2,73.8,0.0,533,30.1,"Lind, Lind, Adams County",300028,Lind,2017-12-08 22:58:11.246571
2012-07-21,16:30,83.2,83.0,49.1,30.5,0.0,SW@4.5,9.6,73.9,0.0,484,30.09,"Lind, Lind, Adams County",300028,Lind,2017-12-08 22:58:11.246571
2012-07-21,16:45,82.9,82.7,48.3,29.9,0.0,SW@7.0,11.7,74.0,0.0,443,30.09,"Lind, Lind, Adams County",300028,Lind,2017-12-08 22:58:11.246571
2012-07-21,17:00,83.1,83.0,48.8,30.3,0.0,SW@4.7,9.2,74.2,0.0,402,30.08,"Lind, Lind, Adams County",300028,Lind,2017-12-08 22:58:11.246571
2012-07-21,17:15,83.0,82.8,48.6,30.2,0.0,SW@4.6,8.2,74.3,0.0,361,30.08,"Lind, Lind, Adams County",300028,Lind,2017-12-08 22:58:11.246571
2012-07-21,17:30,83.0,82.9,48.7,30.4,0.0,W@4.8,9.2,74.4,0.0,319,30.08,"Lind, Lind, Adams County",300028,Lind,2017-12-08 22:58:11.246571
2012-07-21,17:45,82.8,82.4,49.5,31.4,0.0,SW@4.8,8.9,74.5,0.0,276,30.07,"Lind, Lind, Adams County",300028,Lind,2017-12-08 22:58:11.246571
2012-07-21,18:00,82.6,82.0,50.0,32.2,0.0,SW@3.5,6.7,74.7,0.0,234,30.07,"Lind, Lind, Adams County",300028,Lind,2017-12-08 22:58:11.246571
2012-07-21,18:15,82.1,81.8,50.0,32.8,0.0,W@4.1,7.4,74.8,0.0,192,30.07,"Lind, Lind, Adams County",300028,Lind,2017-12-08 22:58:11.246571
2012-07-21,18:30,82.1,82.1,49.1,31.7,0.0,SW@2.9,5.7,74.9,0.0,152,30.07,"Lind, Lind, Adams County",300028,Lind,2017-12-08 22:58:11.246571
2012-07-21,18:45,80.8,80.6,51.0,35.4,0.0,W@4.5,6.4,75.1,0.0,116,30.07,"Lind, Lind, Adams County",300028,Lind,2017-12-08 22:58:11.246571
2012-07-21,19:00,79.5,79.4,50.8,36.8,0.0,W@4.8,6.7,75.2,0.0,82,30.07,"Lind, Lind, Adams County",300028,Lind,2017-12-08 22:58:11.246571
2012-07-21,19:15,77.1,76.9,51.3,40.6,0.0,NW@5.3,7.1,75.3,0.0,50,30.07,"Lind, Lind, Adams County",300028,Lind,2017-12-08 22:58:11.246571
2012-07-21,19:30,74.1,73.9,51.8,45.7,0.0,NW@4.8,6.4,75.4,0.0,23,30.06,"Lind, Lind, Adams County",300028,Lind,2017-12-08 22:58:11.246571
2012-07-21,19:45,71.3,71.6,51.3,49.1,0.0,NW@5.2,6.0,75.5,0.0,5,30.06,"Lind, Lind, Adams County",300028,Lind,2017-12-08 22:58:11.246571
2012-07-21,20:00,69.8,69.7,51.9,52.9,0.0,N@4.7,6.4,75.6,0.0,2,30.05,"Lind, Lind, Adams County",300028,Lind,2017-12-08 22:58:11.246571
2012-07-21,20:15,67.0,67.3,51.1,56.6,0.0,N@4.4,5.3,75.7,0.0,1,30.05,"Lind, Lind, Adams County",300028,Lind,2017-12-08 22:58:11.246571
2012-07-21,20:30,67.1,67.5,49.8,53.8,0.0,N@4.1,4.9,75.8,0.0,0,30.05,"Lind, Lind, Adams County",300028,Lind,2017-12-08 22:58:11.246571
2012-07-21,20:45,67.3,67.7,49.2,52.0,0.0,N@4.4,5.7,75.9,0.0,0,30.06,"Lind, Lind, Adams County",300028,Lind,2017-12-08 22:58:11.246571
2012-07-21,21:00,67.8,68.2,48.4,49.9,0.0,NE@3.7,4.6,76.0,0.0,0,30.05,"Lind, Lind, Adams County",300028,Lind,2017-12-08 22:58:11.246571
2012-07-21,21:15,69.0,69.1,49.9,50.5,0.0,SE@1.8,3.9,76.0,0.0,0,30.05,"Lind, Lind, Adams County",300028,Lind,2017-12-08 22:58:11.246571
2012-07-21,21:30,68.5,68.8,49.6,50.9,0.0,SE@2.7,4.6,76.1,0.0,0,30.05,"Lind, Lind, Adams County",300028,Lind,2017-12-08 22:58:11.246571
2012-07-21,21:45,66.2,65.8,48.0,51.9,0.0,NE@4.3,5.7,76.1,0.0,0,30.05,"Lind, Lind, Adams County",300028,Lind,2017-12-08 22:58:11.246571
2012-07-21,22:00,62.7,62.8,48.7,60.2,0.0,NE@3.7,4.9,76.2,0.0,0,30.05,"Lind, Lind, Adams County",300028,Lind,2017-12-08 22:58:11.246571
2012-07-21,22:15,62.6,63.0,48.5,59.9,0.0,NE@3.9,4.9,76.2,0.0,0,30.04,"Lind, Lind, Adams County",300028,Lind,2017-12-08 22:58:11.246571
2012-07-21,22:30,63.0,63.2,48.3,58.6,0.0,NE@2.0,3.1,76.2,0.0,0,30.04,"Lind, Lind, Adams County",300028,Lind,2017-12-08 22:58:11.246571
2012-07-21,22:45,61.9,62.2,47.6,59.3,0.0,NE@2.4,3.5,76.2,0.0,0,30.05,"Lind, Lind, Adams County",300028,Lind,2017-12-08 22:58:11.246571
2012-07-21,23:00,61.5,61.7,47.5,60.1,0.0,NE@2.9,6.7,76.2,0.0,0,30.05,"Lind, Lind, Adams County",300028,Lind,2017-12-08 22:58:11.246571
2012-07-22,23:15,61.2,61.4,47.9,61.4,0.0,E@5.4,8.2,76.2,0.0,0,30.05,"Lind, Lind, Adams County",300028,Lind,2017-12-08 22:58:11.246571
2012-07-22,23:30,58.1,58.1,48.0,68.9,0.0,NE@3.7,5.7,76.2,0.0,0,30.05,"Lind, Lind, Adams County",300028,Lind,2017-12-08 22:58:11.246571
2012-07-22,23:45,56.6,56.8,48.3,73.7,0.0,NE@2.5,3.9,76.2,0.0,0,30.04,"Lind, Lind, Adams County",300028,Lind,2017-12-08 22:58:11.246571
2012-07-22,24:00,57.7,58.1,48.3,70.9,0.0,N@1.7,3.1,76.2,0.0,0,30.05,"Lind, Lind, Adams County",300028,Lind,2017-12-08 22:58:11.246571
2012-07-22,00:15,58.4,59.0,48.6,69.8,0.0,NE@2.1,4.2,76.2,0.0,0,30.04,"Lind, Lind, Adams County",300028,Lind,2017-12-08 22:58:11.246571
2012-07-22,00:30,60.6,60.8,48.5,64.3,0.0,E@3.2,4.6,76.1,0.0,0,30.04,"Lind, Lind, Adams County",300028,Lind,2017-12-08 22:58:11.246571
2012-07-22,00:45,59.8,60.3,48.4,65.8,0.0,E@3.2,4.2,76.1,0.0,0,30.04,"Lind, Lind, Adams County",300028,Lind,2017-12-08 22:58:11.246571
2012-07-22,01:00,60.8,60.9,48.4,63.6,0.0,E@2.0,2.8,76.0,0.0,0,30.04,"Lind, Lind, Adams County",300028,Lind,2017-12-08 22:58:11.246571
2012-07-22,01:15,59.9,60.2,49.0,67.3,0.0,E@1.5,2.8,76.0,0.0,0,30.03,"Lind, Lind, Adams County",300028,Lind,2017-12-08 22:58:11.246571
2012-07-22,01:30,59.7,59.6,49.4,68.6,0.0,E@1.8,3.1,75.9,0.0,0,30.03,"Lind, Lind, Adams County",300028,Lind,2017-12-08 22:58:11.246571
2012-07-22,01:45,59.5,60.0,49.8,70.0,0.0,E@2.5,3.5,75.9,0.0,0,30.03,"Lind, Lind, Adams County",300028,Lind,2017-12-08 22:58:11.246571
2012-07-22,02:00,59.7,59.9,50.0,70.1,0.0,SE@2.9,4.2,75.8,0.0,0,30.03,"Lind, Lind, Adams County",300028,Lind,2017-12-08 22:58:11.246571
2012-07-22,02:15,58.9,59.3,50.2,72.7,0.0,E@3.4,4.6,75.7,0.0,0,30.03,"Lind, Lind, Adams County",300028,Lind,2017-12-08 22:58:11.246571
2012-07-22,02:30,57.8,58.0,50.7,77.0,0.0,NE@2.7,4.9,75.7,0.0,0,30.03,"Lind, Lind, Adams County",300028,Lind,2017-12-08 22:58:11.246571
2012-07-22,02:45,58.1,58.3,51.3,78.0,0.0,NE@2.2,3.5,75.6,0.0,0,30.03,"Lind, Lind, Adams County",300028,Lind,2017-12-08 22:58:11.246571
2012-07-22,03:00,58.2,58.5,51.8,79.3,0.0,NE@2.9,5.3,75.5,0.0,0,30.03,"Lind, Lind, Adams County",300028,Lind,2017-12-08 22:58:11.246571
2012-07-22,03:15,58.1,58.6,52.0,79.9,0.0,E@2.5,3.9,75.5,0.0,0,30.03,"Lind, Lind, Adams County",300028,Lind,2017-12-08 22:58:11.246571
2012-07-22,03:30,58.9,59.4,52.0,77.8,0.0,E@2.2,5.3,75.4,0.0,0,30.03,"Lind, Lind, Adams County",300028,Lind,2017-12-08 22:58:11.246571
2012-07-22,03:45,58.8,58.8,51.7,77.3,0.0,E@3.8,5.3,75.3,0.0,0,30.03,"Lind, Lind, Adams County",300028,Lind,2017-12-08 22:58:11.246571
2012-07-22,04:00,55.0,55.2,50.7,85.3,0.0,E@2.6,4.6,75.2,0.0,1,30.03,"Lind, Lind, Adams County",300028,Lind,2017-12-08 22:58:11.246571
2012-07-22,04:15,56.2,56.6,51.4,84.1,0.0,E@3.0,4.9,75.1,0.0,2,30.03,"Lind, Lind, Adams County",300028,Lind,2017-12-08 22:58:11.246571
2012-07-22,04:30,55.6,55.9,51.0,84.5,0.0,SE@4.0,6.0,75.0,0.0,6,30.04,"Lind, Lind, Adams County",300028,Lind,2017-12-08 22:58:11.246571
2012-07-22,04:45,55.2,55.5,51.0,85.5,0.0,E@2.1,4.2,75.0,0.0,18,30.04,"Lind, Lind, Adams County",300028,Lind,2017-12-08 22:58:11.246571
2012-07-22,05:00,55.9,56.3,51.4,84.6,0.0,NE@2.7,3.5,74.9,0.0,45,30.04,"Lind, Lind, Adams County",300028,Lind,2017-12-08 22:58:11.246571
2012-07-22,05:15,57.3,57.5,52.0,82.2,0.0,E@1.7,3.1,74.8,0.0,73,30.04,"Lind, Lind, Adams County",300028,Lind,2017-12-08 22:58:11.246571
2012-07-22,05:30,57.5,57.7,52.0,81.7,0.0,E@2.4,3.5,74.7,0.0,106,30.04,"Lind, Lind, Adams County",300028,Lind,2017-12-08 22:58:11.246571
2012-07-22,05:45,59.9,60.3,53.7,80.0,0.0,NE@3.1,4.6,74.6,0.0,143,30.04,"Lind, Lind, Adams County",300028,Lind,2017-12-08 22:58:11.246571
2012-07-22,06:00,61.6,61.8,54.4,77.0,0.0,NE@4.3,7.4,74.5,0.0,181,30.03,"Lind, Lind, Adams County",300028,Lind,2017-12-08 22:58:11.246571
2012-07-22,06:15,62.8,63.3,54.5,74.2,0.0,E@6.3,8.2,74.4,0.0,220,30.02,"Lind, Lind, Adams County",300028,Lind,2017-12-08 22:58:11.246571
2012-07-22,06:30,63.7,64.2,55.0,73.3,0.0,E@5.9,8.2,74.3,0.0,261,30.02,"Lind, Lind, Adams County",300028,Lind,2017-12-08 22:58:11.246571
2012-07-22,06:45,65.4,65.6,54.7,68.4,0.0,E@6.8,9.9,74.2,0.0,307,30.02,"Lind, Lind, Adams County",300028,Lind,2017-12-08 22:58:11.246571
2012-07-22,07:00,66.7,66.9,54.3,64.3,0.0,SE@6.1,8.5,74.1,0.0,352,30.01,"Lind, Lind, Adams County",300028,Lind,2017-12-08 22:58:11.246571
2012-07-22,07:15,67.3,67.3,54.4,63.3,0.0,SE@5.9,10.3,74.0,0.0,396,30.01,"Lind, Lind, Adams County",300028,Lind,2017-12-08 22:58:11.246571
2012-07-22,07:30,68.1,68.2,54.6,62.0,0.0,SE@5.2,8.2,73.9,0.0,439,30.01,"Lind, Lind, Adams County",300028,Lind,2017-12-08 22:58:11.246571
2012-07-22,07:45,69.6,69.9,54.7,59.1,0.0,SE@5.0,8.5,73.8,0.0,481,30.01,"Lind, Lind, Adams County",300028,Lind,2017-12-08 22:58:11.246571
2012-07-22,08:00,71.4,71.4,53.6,53.4,0.0,SE@4.2,7.8,73.7,0.0,523,30.01,"Lind, Lind, Adams County",300028,Lind,2017-12-08 22:58:11.246571
2012-07-22,08:15,72.8,72.9,53.1,50.0,0.0,S@3.7,7.4,73.6,0.0,562,30.0,"Lind, Lind, Adams County",300028,Lind,2017-12-08 22:58:11.246571
2012-07-22,08:30,73.7,73.7,52.7,47.8,0.0,S@4.0,7.4,73.6,0.0,602,30.0,"Lind, Lind, Adams County",300028,Lind,2017-12-08 22:58:11.246571
2012-07-22,08:45,75.0,75.1,52.5,45.4,0.0,S@4.4,7.8,73.5,0.0,641,30.0,"Lind, Lind, Adams County",300028,Lind,2017-12-08 22:58:11.246571
2012-07-22,09:00,75.7,75.6,52.4,44.1,0.0,SW@4.8,9.2,73.4,0.0,676,30.01,"Lind, Lind, Adams County",300028,Lind,2017-12-08 22:58:11.246571
2012-07-22,09:15,76.1,76.1,51.6,42.4,0.0,SW@4.3,7.8,73.3,0.0,710,30.0,"Lind, Lind, Adams County",300028,Lind,2017-12-08 22:58:11.246571
2012-07-22,09:30,76.5,76.6,51.4,41.5,0.0,SW@4.8,8.9,73.3,0.0,743,30.0,"Lind, Lind, Adams County",300028,Lind,2017-12-08 22:58:11.246571
2012-07-22,09:45,77.5,77.4,51.1,39.6,0.0,SW@5.1,9.2,73.2,0.0,772,30.0,"Lind, Lind, Adams County",300028,Lind,2017-12-08 22:58:11.246571
2012-07-22,10:00,78.2,78.3,51.9,39.9,0.0,SW@5.7,10.3,73.2,0.0,799,29.99,"Lind, Lind, Adams County",300028,Lind,2017-12-08 22:58:11.246571
2012-07-22,10:15,79.1,79.1,52.0,38.9,0.0,W@6.1,9.6,73.1,0.0,822,29.99,"Lind, Lind, Adams County",300028,Lind,2017-12-08 22:58:11.246571
2012-07-22,10:30,80.2,80.1,51.7,37.2,0.0,S@5.1,9.9,73.1,0.0,843,29.99,"Lind, Lind, Adams County",300028,Lind,2017-12-08 22:58:11.246571
2012-07-22,10:45,80.9,80.8,51.6,36.2,0.0,S@4.5,9.6,73.0,0.0,863,29.98,"Lind, Lind, Adams County",300028,Lind,2017-12-08 22:58:11.246571
2012-07-22,11:00,81.3,81.2,51.0,34.9,0.0,S@5.7,9.6,73.0,0.0,880,29.98,"Lind, Lind, Adams County",300028,Lind,2017-12-08 22:58:11.246571
2012-07-22,11:15,81.7,81.6,51.1,34.7,0.0,SW@5.8,11.0,73.0,0.0,891,29.98,"Lind, Lind, Adams County",300028,Lind,2017-12-08 22:58:11.246571
2012-07-22,11:30,82.7,82.6,50.9,33.2,0.0,S@6.0,10.3,73.0,0.0,899,29.97,"Lind, Lind, Adams County",300028,Lind,2017-12-08 22:58:11.246571
2012-07-22,11:45,82.8,82.6,50.9,33.1,0.0,SW@5.4,9.9,73.0,0.0,903,29.97,"Lind, Lind, Adams County",300028,Lind,2017-12-08 22:58:11.246571
2012-07-22,12:00,83.0,82.8,50.3,32.3,0.0,S@6.9,10.7,73.1,0.0,907,29.97,"Lind, Lind, Adams County",300028,Lind,2017-12-08 22:58:11.246571
2012-07-22,12:15,83.5,83.4,50.5,31.9,0.0,S@6.9,13.9,73.1,0.0,903,29.97,"Lind, Lind, Adams County",300028,Lind,2017-12-08 22:58:11.246571
2012-07-22,12:30,84.1,84.0,50.7,31.6,0.0,SW@5.6,9.9,73.1,0.0,900,29.96,"Lind, Lind, Adams County",300028,Lind,2017-12-08 22:58:11.246571
2012-07-22,12:45,84.3,84.1,51.0,31.7,0.0,SW@6.6,12.4,73.2,0.0,893,29.96,"Lind, Lind, Adams County",300028,Lind,2017-12-08 22:58:11.246571
2012-07-22,13:00,84.5,84.4,51.3,31.9,0.0,SW@6.9,13.9,73.3,0.0,883,29.95,"Lind, Lind, Adams County",300028,Lind,2017-12-08 22:58:11.246571
2012-07-22,13:15,84.1,84.0,50.7,31.6,0.0,SW@6.9,14.6,73.3,0.0,871,29.95,"Lind, Lind, Adams County",300028,Lind,2017-12-08 22:58:11.246571
2012-07-22,13:30,84.9,84.8,49.1,29.0,0.0,SW@7.8,12.8,73.4,0.0,856,29.95,"Lind, Lind, Adams County",300028,Lind,2017-12-08 22:58:11.246571
2012-07-22,13:45,85.2,85.0,48.9,28.4,0.0,SW@7.7,15.7,73.5,0.0,835,29.95,"Lind, Lind, Adams County",300028,Lind,2017-12-08 22:58:11.246571
2012-07-22,14:00,84.9,84.7,48.4,28.1,0.0,SW@8.3,14.2,73.6,0.0,814,29.94,"Lind, Lind, Adams County",300028,Lind,2017-12-08 22:58:11.246571
2012-07-22,14:15,85.1,85.0,48.6,28.2,0.0,SW@9.3,16.0,73.7,0.0,789,29.94,"Lind, Lind, Adams County",300028,Lind,2017-12-08 22:58:11.246571
2012-07-22,14:30,85.3,85.2,48.1,27.5,0.0,S@7.8,15.0,73.8,0.0,766,29.94,"Lind, Lind, Adams County",300028,Lind,2017-12-08 22:58:11.246571
2012-07-22,14:45,85.8,85.6,47.8,26.8,0.0,SW@9.1,16.7,74.0,0.0,739,29.93,"Lind, Lind, Adams County",300028,Lind,2017-12-08 22:58:11.246571
2012-07-22,15:00,85.4,85.2,48.1,27.4,0.0,SW@8.9,16.4,74.1,0.0,709,29.93,"Lind, Lind, Adams County",300028,Lind,2017-12-08 22:58:11.246571
2012-07-22,15:15,85.8,85.6,48.4,27.4,0.0,SW@9.0,16.4,74.2,0.0,670,29.92,"Lind, Lind, Adams County",300028,Lind,2017-12-08 22:58:11.246571
2012-07-22,15:30,85.8,85.6,48.8,27.8,0.0,SW@10.8,16.4,74.3,0.0,627,29.92,"Lind, Lind, Adams County",300028,Lind,2017-12-08 22:58:11.246571
2012-07-22,15:45,85.8,85.5,48.8,27.8,0.0,SW@10.7,15.3,74.5,0.0,591,29.91,"Lind, Lind, Adams County",300028,Lind,2017-12-08 22:58:11.246571
2012-07-22,16:00,86.2,86.0,47.4,26.1,0.0,SW@10.3,15.7,74.6,0.0,562,29.91,"Lind, Lind, Adams County",300028,Lind,2017-12-08 22:58:11.246571
2012-07-22,16:15,86.5,86.3,45.2,23.7,0.0,SW@10.0,16.0,74.7,0.0,526,29.91,"Lind, Lind, Adams County",300028,Lind,2017-12-08 22:58:11.246571
2012-07-22,16:30,86.3,85.9,43.2,22.2,0.0,SW@10.7,17.5,74.9,0.0,483,29.9,"Lind, Lind, Adams County",300028,Lind,2017-12-08 22:58:11.246571
2012-07-22,16:45,86.2,86.0,43.2,22.3,0.0,SW@10.3,16.7,75.0,0.0,438,29.9,"Lind, Lind, Adams County",300028,Lind,2017-12-08 22:58:11.246571
2012-07-22,17:00,86.0,85.7,42.8,22.0,0.0,SW@11.8,19.6,75.1,0.0,389,29.89,"Lind, Lind, Adams County",300028,Lind,2017-12-08 22:58:11.246571
2012-07-22,17:15,85.5,85.3,43.3,22.8,0.0,SW@11.8,18.2,75.3,0.0,346,29.89,"Lind, Lind, Adams County",300028,Lind,2017-12-08 22:58:11.246571
2012-07-22,17:30,85.0,84.8,43.2,23.1,0.0,SW@13.1,21.8,75.4,0.0,302,29.89,"Lind, Lind, Adams County",300028,Lind,2017-12-08 22:58:11.246571
2012-07-22,17:45,84.2,84.0,43.7,24.1,0.0,SW@12.2,19.2,75.5,0.0,258,29.89,"Lind, Lind, Adams County",300028,Lind,2017-12-08 22:58:11.246571
2012-07-22,18:00,83.5,83.2,43.6,24.6,0.0,SW@14.1,20.7,75.7,0.0,211,29.89,"Lind, Lind, Adams County",300028,Lind,2017-12-08 22:58:11.246571
2012-07-22,18:15,82.1,81.8,40.9,23.3,0.0,W@15.5,22.1,75.8,0.0,171,29.89,"Lind, Lind, Adams County",300028,Lind,2017-12-08 22:58:11.246571
2012-07-22,18:30,80.8,80.7,38.6,22.2,0.0,W@15.7,21.4,75.9,0.0,157,29.89,"Lind, Lind, Adams County",300028,Lind,2017-12-08 22:58:11.246571
2012-07-22,18:45,80.2,80.1,36.0,20.3,0.0,SW@14.9,22.1,76.0,0.0,117,29.9,"Lind, Lind, Adams County",300028,Lind,2017-12-08 22:58:11.246571
2012-07-22,19:00,78.4,78.2,42.2,27.5,0.0,SW@12.0,18.9,76.2,0.0,101,29.9,"Lind, Lind, Adams County",300028,Lind,2017-12-08 22:58:11.246571
2012-07-22,19:15,75.1,75.0,47.2,37.1,0.0,W@14.6,20.0,76.3,0.0,67,29.91,"Lind, Lind, Adams County",300028,Lind,2017-12-08 22:58:11.246571
2012-07-22,19:30,71.9,71.9,47.1,41.1,0.0,SW@15.0,21.4,76.4,0.0,28,29.92,"Lind, Lind, Adams County",300028,Lind,2017-12-08 22:58:11.246571
2012-07-22,19:45,68.9,69.1,46.1,44.0,0.0,SW@13.7,21.4,76.5,0.0,7,29.93,"Lind, Lind, Adams County",300028,Lind,2017-12-08 22:58:11.246571
2012-07-22,20:00,66.7,67.0,45.0,45.4,0.0,W@15.6,20.3,76.6,0.0,2,29.93,"Lind, Lind, Adams County",300028,Lind,2017-12-08 22:58:11.246571
2012-07-22,20:15,64.7,65.0,44.5,48.0,0.0,W@15.4,20.3,76.6,0.0,1,29.94,"Lind, Lind, Adams County",300028,Lind,2017-12-08 22:58:11.246571
2012-07-22,20:30,63.2,63.6,43.3,48.0,0.0,W@16.2,23.5,76.7,0.0,0,29.95,"Lind, Lind, Adams County",300028,Lind,2017-12-08 22:58:11.246571
2012-07-22,20:45,62.0,62.4,41.4,46.8,0.0,W@15.9,23.5,76.8,0.0,0,29.95,"Lind, Lind, Adams County",300028,Lind,2017-12-08 22:58:11.246571
2012-07-22,21:00,60.9,61.3,40.3,46.5,0.0,W@15.8,21.8,76.8,0.0,0,29.95,"Lind, Lind, Adams County",300028,Lind,2017-12-08 22:58:11.246571
2012-07-22,21:15,60.1,60.6,39.1,45.6,0.0,W@17.5,25.0,76.9,0.0,0,29.96,"Lind, Lind, Adams County",300028,Lind,2017-12-08 22:58:11.246571
2012-07-22,21:30,59.6,60.0,38.6,45.5,0.0,W@17.0,23.5,76.9,0.0,0,29.97,"Lind, Lind, Adams County",300028,Lind,2017-12-08 22:58:11.246571
2012-07-22,21:45,59.0,59.4,38.6,46.6,0.0,W@16.7,23.2,77.0,0.0,0,29.97,"Lind, Lind, Adams County",300028,Lind,2017-12-08 22:58:11.246571
2012-07-22,22:00,58.3,58.7,38.9,48.5,0.0,W@17.4,23.5,77.0,0.0,0,29.97,"Lind, Lind, Adams County",300028,Lind,2017-12-08 22:58:11.246571
2012-07-22,22:15,57.7,58.2,39.5,50.5,0.0,W@18.9,24.6,77.0,0.0,0,29.98,"Lind, Lind, Adams County",300028,Lind,2017-12-08 22:58:11.246571
2012-07-22,22:30,57.4,57.8,39.9,52.0,0.0,W@18.3,26.0,77.0,0.0,0,29.99,"Lind, Lind, Adams County",300028,Lind,2017-12-08 22:58:11.246571
2012-07-22,22:45,57.0,57.5,40.3,53.7,0.0,SW@16.1,23.2,77.0,0.0,0,30.0,"Lind, Lind, Adams County",300028,Lind,2017-12-08 22:58:11.246571
2012-07-22,23:00,56.8,57.2,40.3,54.0,0.0,W@15.2,23.2,77.0,0.0,0,30.01,"Lind, Lind, Adams County",300028,Lind,2017-12-08 22:58:11.246571
2012-07-23,23:15,56.3,56.7,40.5,55.5,0.0,W@12.8,18.9,77.0,0.0,0,30.02,"Lind, Lind, Adams County",300028,Lind,2017-12-08 22:58:11.246571
2012-07-23,23:30,55.8,56.2,40.6,56.6,0.0,W@13.3,19.2,77.0,0.0,0,30.03,"Lind, Lind, Adams County",300028,Lind,2017-12-08 22:58:11.246571
2012-07-23,23:45,55.3,55.7,40.5,57.3,0.0,W@13.9,19.2,77.0,0.0,0,30.04,"Lind, Lind, Adams County",300028,Lind,2017-12-08 22:58:11.246571
2012-07-23,24:00,55.3,55.7,40.2,56.6,0.0,W@14.7,20.0,76.9,0.0,0,30.04,"Lind, Lind, Adams County",300028,Lind,2017-12-08 22:58:11.246571
2012-07-23,00:15,54.8,55.3,39.9,57.1,0.0,W@13.5,19.2,76.9,0.0,0,30.05,"Lind, Lind, Adams County",300028,Lind,2017-12-08 22:58:11.246571
2012-07-23,00:30,55.2,55.7,39.2,54.6,0.0,SW@13.2,17.8,76.8,0.0,0,30.06,"Lind, Lind, Adams County",300028,Lind,2017-12-08 22:58:11.246571
2012-07-23,00:45,54.9,55.3,38.9,54.8,0.0,SW@13.4,20.0,76.8,0.0,0,30.06,"Lind, Lind, Adams County",300028,Lind,2017-12-08 22:58:11.246571
2012-07-23,01:00,54.5,54.9,39.2,56.1,0.0,SW@11.2,17.1,76.7,0.0,0,30.07,"Lind, Lind, Adams County",300028,Lind,2017-12-08 22:58:11.246571
2012-07-23,01:15,54.0,54.4,39.3,57.3,0.0,SW@11.1,15.0,76.7,0.0,0,30.07,"Lind, Lind, Adams County",300028,Lind,2017-12-08 22:58:11.246571
2012-07-23,01:30,53.5,54.0,39.2,58.0,0.0,W@10.6,16.0,76.6,0.0,0,30.08,"Lind, Lind, Adams County",300028,Lind,2017-12-08 22:58:11.246571
2012-07-23,01:45,52.9,53.5,39.1,59.3,0.0,SW@11.3,16.0,76.5,0.0,0,30.08,"Lind, Lind, Adams County",300028,Lind,2017-12-08 22:58:11.246571
2012-07-23,02:00,53.4,53.9,38.7,57.3,0.0,SW@12.1,18.2,76.4,0.0,0,30.09,"Lind, Lind, Adams County",300028,Lind,2017-12-08 22:58:11.246571
2012-07-23,02:15,52.1,52.5,38.9,60.5,0.0,W@10.3,15.0,76.4,0.0,0,30.1,"Lind, Lind, Adams County",300028,Lind,2017-12-08 22:58:11.246571
2012-07-23,02:30,52.2,52.8,38.5,59.4,0.0,SW@11.4,16.4,76.3,0.0,0,30.1,"Lind, Lind, Adams County",300028,Lind,2017-12-08 22:58:11.246571
2012-07-23,02:45,52.4,52.9,38.4,58.7,0.0,SW@12.2,20.3,76.2,0.0,0,30.1,"Lind, Lind, Adams County",300028,Lind,2017-12-08 22:58:11.246571
2012-07-23,03:00,51.8,52.3,38.4,60.0,0.0,SW@11.4,17.5,76.1,0.0,0,30.11,"Lind, Lind, Adams County",300028,Lind,2017-12-08 22:58:11.246571
2012-07-23,03:15,52.3,52.9,38.5,59.0,0.0,SW@12.8,18.5,76.0,0.0,0,30.11,"Lind, Lind, Adams County",300028,Lind,2017-12-08 22:58:11.246571
2012-07-23,03:30,51.5,51.9,38.7,61.5,0.0,SW@9.6,13.9,75.9,0.0,0,30.11,"Lind, Lind, Adams County",300028,Lind,2017-12-08 22:58:11.246571
2012-07-23,03:45,50.9,51.3,39.0,63.6,0.0,SW@9.4,15.0,75.9,0.0,0,30.12,"Lind, Lind, Adams County",300028,Lind,2017-12-08 22:58:11.246571
2012-07-23,04:00,50.3,50.8,38.8,64.6,0.0,SW@7.7,12.8,75.8,0.0,0,30.12,"Lind, Lind, Adams County",300028,Lind,2017-12-08 22:58:11.246571
2012-07-23,04:15,49.2,49.5,38.8,67.0,0.0,SW@3.8,7.1,75.7,0.0,2,30.13,"Lind, Lind, Adams County",300028,Lind,2017-12-08 22:58:11.246571
2012-07-23,04:30,48.2,48.7,39.1,70.5,0.0,SW@5.7,12.1,75.6,0.0,5,30.14,"Lind, Lind, Adams County",300028,Lind,2017-12-08 22:58:11.246571
2012-07-23,04:45,49.0,49.4,39.6,69.8,0.0,SW@6.9,11.4,75.5,0.0,18,30.14,"Lind, Lind, Adams County",300028,Lind,2017-12-08 22:58:11.246571
2012-07-23,05:00,49.2,49.6,39.5,68.9,0.0,SW@7.4,10.7,75.4,0.0,50,30.14,"Lind, Lind, Adams County",300028,Lind,2017-12-08 22:58:11.246571
2012-07-23,05:15,49.2,49.4,39.7,69.5,0.0,SW@6.4,10.3,75.3,0.0,81,30.15,"Lind, Lind, Adams County",300028,Lind,2017-12-08 22:58:11.246571
2012-07-23,05:30,49.4,49.7,39.8,69.5,0.0,SW@5.3,9.9,75.2,0.0,115,30.15,"Lind, Lind, Adams County",300028,Lind,2017-12-08 22:58:11.246571
2012-07-23,05:45,51.2,51.6,39.7,64.4,0.0,SW@8.5,13.9,75.1,0.0,152,30.15,"Lind, Lind, Adams County",300028,Lind,2017-12-08 22:58:11.246571
2012-07-23,06:00,52.6,52.9,39.4,60.7,0.0,SW@9.9,16.4,75.0,0.0,192,30.16,"Lind, Lind, Adams County",300028,Lind,2017-12-08 22:58:11.246571
2012-07-23,06:15,53.2,53.5,39.5,59.5,0.0,SW@12.2,18.2,74.9,0.0,234,30.16,"Lind, Lind, Adams County",300028,Lind,2017-12-08 22:58:11.246571
2012-07-23,06:30,54.0,54.3,39.5,57.9,0.0,SW@12.5,19.2,74.7,0.0,276,30.17,"Lind, Lind, Adams County",300028,Lind,2017-12-08 22:58:11.246571
2012-07-23,06:45,54.9,55.0,39.5,56.1,0.0,SW@12.2,17.5,74.6,0.0,319,30.17,"Lind, Lind, Adams County",300028,Lind,2017-12-08 22:58:11.246571
2012-07-23,07:00,55.5,55.6,39.7,55.1,0.0,SW@13.2,19.2,74.5,0.0,363,30.18,"Lind, Lind, Adams County",300028,Lind,2017-12-08 22:58:11.246571
2012-07-23,07:15,56.5,56.6,40.1,54.2,0.0,SW@13.2,19.2,74.4,0.0,407,30.18,"Lind, Lind, Adams County",300028,Lind,2017-12-08 22:58:11.246571
2012-07-23,07:30,56.9,57.0,40.2,53.3,0.0,SW@12.5,19.6,74.3,0.0,450,30.18,"Lind, Lind, Adams County",300028,Lind,2017-12-08 22:58:11.246571
2012-07-23,07:45,57.8,58.0,40.3,52.0,0.0,SW@11.1,19.2,74.2,0.0,494,30.18,"Lind, Lind, Adams County",300028,Lind,2017-12-08 22:58:11.246571
2012-07-23,08:00,58.8,58.9,40.1,49.8,0.0,SW@11.8,18.9,74.1,0.0,536,30.17,"Lind, Lind, Adams County",300028,Lind,2017-12-08 22:58:11.246571
2012-07-23,08:15,59.4,59.5,39.4,47.4,0.0,SW@12.6,19.2,74.0,0.0,578,30.17,"Lind, Lind, Adams County",300028,Lind,2017-12-08 22:58:11.246571
2012-07-23,08:30,60.3,60.4,39.4,45.8,0.0,SW@12.1,18.5,73.9,0.0,620,30.17,"Lind, Lind, Adams County",300028,Lind,2017-12-08 22:58:11.246571
2012-07-23,08:45,60.8,60.9,39.4,45.1,0.0,SW@10.8,16.4,73.7,0.0,658,30.17,"Lind, Lind, Adams County",300028,Lind,2017-12-08 22:58:11.246571
2012-07-23,09:00,61.4,61.5,39.3,44.0,0.0,SW@10.3,17.5,73.7,0.0,693,30.17,"Lind, Lind, Adams County",300028,Lind,2017-12-08 22:58:11.246571
2012-07-23,09:15,61.9,62.0,39.3,43.2,0.0,SW@12.1,19.6,73.6,0.0,727,30.17,"Lind, Lind, Adams County",300028,Lind,2017-12-08 22:58:11.246571
2012-07-23,09:30,62.7,62.7,39.5,42.4,0.0,SW@11.2,19.6,73.5,0.0,755,30.17,"Lind, Lind, Adams County",300028,Lind,2017-12-08 22:58:11.246571
2012-07-23,09:45,63.1,63.3,39.7,42.1,0.0,SW@12.5,18.9,73.4,0.0,760,30.18,"Lind, Lind, Adams County",300028,Lind,2017-12-08 22:58:11.246571
2012-07-23,10:00,63.4,63.5,39.7,41.7,0.0,SW@11.0,18.2,73.3,0.0,816,30.18,"Lind, Lind, Adams County",300028,Lind,2017-12-08 22:58:11.246571
2012-07-23,10:15,64.1,64.2,39.8,40.8,0.0,SW@11.3,16.7,73.2,0.0,837,30.18,"Lind, Lind, Adams County",300028,Lind,2017-12-08 22:58:11.246571
2012-07-23,10:30,64.6,64.7,39.7,39.8,0.0,SW@10.1,17.5,73.2,0.0,859,30.17,"Lind, Lind, Adams County",300028,Lind,2017-12-08 22:58:11.246571
2012-07-23,10:45,65.4,65.4,39.5,38.6,0.0,SW@10.4,17.1,73.1,0.0,877,30.17,"Lind, Lind, Adams County",300028,Lind,2017-12-08 22:58:11.246571
2012-07-23,11:00,66.0,66.1,39.9,38.3,0.0,SW@9.6,17.8,73.1,0.0,891,30.17,"Lind, Lind, Adams County",300028,Lind,2017-12-08 22:58:11.246571
2012-07-23,11:15,66.6,66.6,39.7,37.2,0.0,SW@9.5,16.7,73.0,0.0,903,30.17,"Lind, Lind, Adams County",300028,Lind,2017-12-08 22:58:11.246571
2012-07-23,11:30,67.0,67.0,39.5,36.5,0.0,SW@10.2,19.6,73.0,0.0,913,30.17,"Lind, Lind, Adams County",300028,Lind,2017-12-08 22:58:11.246571
2012-07-23,11:45,67.3,67.3,39.8,36.4,0.0,SW@10.8,18.2,73.0,0.0,916,30.17,"Lind, Lind, Adams County",300028,Lind,2017-12-08 22:58:11.246571
2012-07-23,12:00,67.6,67.6,39.4,35.5,0.0,SW@9.2,18.2,73.0,0.0,919,30.17,"Lind, Lind, Adams County",300028,Lind,2017-12-08 22:58:11.246571
2012-07-23,12:15,68.2,68.3,40.2,35.9,0.0,SW@10.3,16.4,72.9,0.0,918,30.17,"Lind, Lind, Adams County",300028,Lind,2017-12-08 22:58:11.246571
2012-07-23,12:30,68.5,68.5,40.1,35.4,0.0,SW@10.0,18.2,72.9,0.0,913,30.17,"Lind, Lind, Adams County",300028,Lind,2017-12-08 22:58:11.246571
2012-07-23,12:45,68.8,68.8,39.0,33.5,0.0,SW@9.7,20.0,73.0,0.0,907,30.17,"Lind, Lind, Adams County",300028,Lind,2017-12-08 22:58:11.246571
2012-07-23,13:00,69.7,69.8,38.7,32.2,0.0,W@9.9,18.2,73.0,0.0,899,30.17,"Lind, Lind, Adams County",300028,Lind,2017-12-08 22:58:11.246571
2012-07-23,13:15,70.7,70.8,38.6,30.9,0.0,SW@9.3,16.4,73.0,0.0,884,30.17,"Lind, Lind, Adams County",300028,Lind,2017-12-08 22:58:11.246571
2012-07-23,13:30,70.6,70.5,39.1,31.7,0.0,SW@10.5,16.0,73.0,0.0,868,30.17,"Lind, Lind, Adams County",300028,Lind,2017-12-08 22:58:11.246571
2012-07-23,13:45,70.5,70.5,38.8,31.4,0.0,SW@8.0,15.0,73.1,0.0,848,30.16,"Lind, Lind, Adams County",300028,Lind,2017-12-08 22:58:11.246571
2012-07-23,14:00,71.5,71.6,39.7,31.4,0.0,W@9.3,16.7,73.1,0.0,827,30.16,"Lind, Lind, Adams County",300028,Lind,2017-12-08 22:58:11.246571
2012-07-23,14:15,72.1,72.0,39.5,30.6,0.0,SW@8.1,15.3,73.2,0.0,802,30.16,"Lind, Lind, Adams County",300028,Lind,2017-12-08 22:58:11.246571
2012-07-23,14:30,72.5,72.4,39.9,30.7,0.0,SW@8.7,15.3,73.3,0.0,775,30.15,"Lind, Lind, Adams County",300028,Lind,2017-12-08 22:58:11.246571
2012-07-23,14:45,73.0,73.1,39.6,29.8,0.0,SW@9.6,14.2,73.3,0.0,746,30.15,"Lind, Lind, Adams County",300028,Lind,2017-12-08 22:58:11.246571
2012-07-23,15:00,73.4,73.3,39.1,28.8,0.0,W@7.4,15.3,73.4,0.0,714,30.15,"Lind, Lind, Adams County",300028,Lind,2017-12-08 22:58:11.246571
2012-07-23,15:15,73.4,73.3,39.7,29.5,0.0,W@9.6,15.0,73.5,0.0,680,30.14,"Lind, Lind, Adams County",300028,Lind,2017-12-08 22:58:11.246571
2012-07-23,15:30,73.9,73.8,40.3,29.7,0.0,W@7.4,14.6,73.5,0.0,645,30.14,"Lind, Lind, Adams County",300028,Lind,2017-12-08 22:58:11.246571
2012-07-23,15:45,74.2,74.1,40.3,29.4,0.0,W@9.0,18.9,73.6,0.0,609,30.13,"Lind, Lind, Adams County",300028,Lind,2017-12-08 22:58:11.246571
2012-07-23,16:00,74.4,74.3,40.6,29.6,0.0,SW@8.5,15.7,73.7,0.0,569,30.13,"Lind, Lind, Adams County",300028,Lind,2017-12-08 22:58:11.246571
2012-07-23,16:15,74.7,74.6,40.1,28.7,0.0,W@7.7,15.0,73.8,0.0,531,30.12,"Lind, Lind, Adams County",300028,Lind,2017-12-08 22:58:11.246571
2012-07-23,16:30,74.7,74.6,40.6,29.2,0.0,W@8.8,15.3,73.9,0.0,487,30.12,"Lind, Lind, Adams County",300028,Lind,2017-12-08 22:58:11.246571
2012-07-23,16:45,74.8,74.7,41.1,29.6,0.0,SW@8.6,13.9,74.0,0.0,444,30.11,"Lind, Lind, Adams County",300028,Lind,2017-12-08 22:58:11.246571
2012-07-23,17:00,75.0,74.9,40.9,29.3,0.0,SW@7.9,13.5,74.1,0.0,401,30.11,"Lind, Lind, Adams County",300028,Lind,2017-12-08 22:58:11.246571
2012-07-23,17:15,75.3,75.2,41.1,29.3,0.0,W@8.3,13.9,74.2,0.0,359,30.11,"Lind, Lind, Adams County",300028,Lind,2017-12-08 22:58:11.246571
2012-07-23,17:30,75.2,75.1,40.9,29.1,0.0,W@8.2,13.5,74.3,0.0,315,30.1,"Lind, Lind, Adams County",300028,Lind,2017-12-08 22:58:11.246571
2012-07-23,17:45,74.9,74.7,40.4,28.8,0.0,W@7.2,12.4,74.4,0.0,271,30.1,"Lind, Lind, Adams County",300028,Lind,2017-12-08 22:58:11.246571
2012-07-23,18:00,74.6,74.2,40.8,29.6,0.0,W@7.9,11.0,74.4,0.0,226,30.1,"Lind, Lind, Adams County",300028,Lind,2017-12-08 22:58:11.246571
2012-07-23,18:15,74.2,74.1,41.4,30.6,0.0,W@6.6,9.2,74.5,0.0,185,30.1,"Lind, Lind, Adams County",300028,Lind,2017-12-08 22:58:11.246571
2012-07-23,18:30,73.7,73.7,41.3,31.0,0.0,W@6.8,9.6,74.6,0.0,147,30.09,"Lind, Lind, Adams County",300028,Lind,2017-12-08 22:58:11.246571
2012-07-23,18:45,72.9,72.9,41.9,32.6,0.0,W@6.4,9.2,74.7,0.0,110,30.09,"Lind, Lind, Adams County",300028,Lind,2017-12-08 22:58:11.246571
2012-07-23,19:00,72.1,72.1,42.5,34.3,0.0,W@5.2,7.1,74.8,0.0,78,30.09,"Lind, Lind, Adams County",300028,Lind,2017-12-08 22:58:11.246571
2012-07-23,19:15,70.2,70.2,42.8,37.1,0.0,SW@3.6,6.0,74.9,0.0,47,30.09,"Lind, Lind, Adams County",300028,Lind,2017-12-08 22:58:11.246571
2012-07-23,19:30,69.3,69.1,42.8,38.3,0.0,N@2.0,3.5,75.0,0.0,21,30.08,"Lind, Lind, Adams County",300028,Lind,2017-12-08 22:58:11.246571
2012-07-23,19:45,67.0,67.2,41.9,40.0,0.0,N@2.0,2.8,75.0,0.0,5,30.08,"Lind, Lind, Adams County",300028,Lind,2017-12-08 22:58:11.246571
2012-07-23,20:00,65.0,64.9,42.4,43.6,0.0,NE@2.6,3.5,75.1,0.0,2,30.08,"Lind, Lind, Adams County",300028,Lind,2017-12-08 22:58:11.246571
2012-07-23,20:15,66.0,66.2,41.5,40.8,0.0,E@1.9,3.5,75.2,0.0,0,30.08,"Lind, Lind, Adams County",300028,Lind,2017-12-08 22:58:11.246571
2012-07-23,20:30,62.5,62.4,41.8,46.5,0.0,NE@3.3,4.6,75.2,0.0,0,30.08,"Lind, Lind, Adams County",300028,Lind,2017-12-08 22:58:11.246571
2012-07-23,20:45,63.2,63.4,40.9,43.9,0.0,NE@0.6,2.4,75.3,0.0,0,30.09,"Lind, Lind, Adams County",300028,Lind,2017-12-08 22:58:11.246571
2012-07-23,21:00,62.3,62.0,41.1,45.6,0.0,NE@0.9,3.9,75.3,0.0,0,30.09,"Lind, Lind, Adams County",300028,Lind,2017-12-08 22:58:11.246571
2012-07-23,21:15,61.4,61.8,41.6,48.0,0.0,SE@1.8,3.9,75.4,0.0,0,30.09,"Lind, Lind, Adams County",300028,Lind,2017-12-08 22:58:11.246571
2012-07-23,21:30,59.7,59.4,42.0,51.9,0.0,NW@0.7,3.5,75.4,0.0,0,30.09,"Lind, Lind, Adams County",300028,Lind,2017-12-08 22:58:11.246571
2012-07-23,21:45,58.6,58.7,41.7,53.5,0.0,N@2.9,5.3,75.4,0.0,0,30.09,"Lind, Lind, Adams County",300028,Lind,2017-12-08 22:58:11.246571
2012-07-23,22:00,59.0,59.3,41.1,51.5,0.0,W@1.1,3.5,75.5,0.0,0,30.09,"Lind, Lind, Adams County",300028,Lind,2017-12-08 22:58:11.246571
2012-07-23,22:15,58.8,59.0,41.6,52.8,0.0,E@2.4,4.6,75.5,0.0,0,30.09,"Lind, Lind, Adams County",300028,Lind,2017-12-08 22:58:11.246571
2012-07-23,22:30,57.5,57.6,41.4,54.9,0.0,NE@3.0,4.6,75.5,0.0,0,30.09,"Lind, Lind, Adams County",300028,Lind,2017-12-08 22:58:11.246571
2012-07-23,22:45,55.7,55.8,41.9,59.8,0.0,N@3.5,8.2,75.5,0.0,0,30.1,"Lind, Lind, Adams County",300028,Lind,2017-12-08 22:58:11.246571
2012-07-23,23:00,57.1,57.7,41.4,55.5,0.0,NW@4.0,6.0,75.5,0.0,0,30.1,"Lind, Lind, Adams County",300028,Lind,2017-12-08 22:58:11.246571
2012-07-24,23:15,56.8,57.0,41.6,56.6,0.0,SE@2.6,4.6,75.4,0.0,0,30.1,"Lind, Lind, Adams County",300028,Lind,2017-12-08 22:58:11.246571
2012-07-24,23:30,57.0,57.4,41.5,56.0,0.0,SE@0.7,3.1,75.4,0.0,0,30.1,"Lind, Lind, Adams County",300028,Lind,2017-12-08 22:58:11.246571
2012-07-24,23:45,56.6,56.8,41.3,56.3,0.0,NE@1.9,2.8,75.4,0.0,0,30.1,"Lind, Lind, Adams County",300028,Lind,2017-12-08 22:58:11.246571
2012-07-24,24:00,57.1,57.4,41.3,55.2,0.0,SE@1.5,3.5,75.4,0.0,0,30.1,"Lind, Lind, Adams County",300028,Lind,2017-12-08 22:58:11.246571
2012-07-24,00:15,56.3,56.4,41.4,57.2,0.0,SE@2.2,4.2,75.3,0.0,0,30.09,"Lind, Lind, Adams County",300028,Lind,2017-12-08 22:58:11.246571
2012-07-24,00:30,53.0,53.1,41.4,64.6,0.0,N@2.1,3.5,75.3,0.0,0,30.1,"Lind, Lind, Adams County",300028,Lind,2017-12-08 22:58:11.246571
2012-07-24,00:45,53.0,53.3,41.3,64.3,0.0,N@3.4,4.2,75.2,0.0,0,30.09,"Lind, Lind, Adams County",300028,Lind,2017-12-08 22:58:11.246571
2012-07-24,01:00,53.1,53.5,41.9,65.5,0.0,N@2.7,4.2,75.2,0.0,0,30.09,"Lind, Lind, Adams County",300028,Lind,2017-12-08 22:58:11.246571
2012-07-24,01:15,52.7,53.0,42.2,67.3,0.0,SW@2.8,3.9,75.2,0.0,0,30.09,"Lind, Lind, Adams County",300028,Lind,2017-12-08 22:58:11.246571
2012-07-24,01:30,52.7,52.8,41.8,66.3,0.0,SW@2.8,4.2,75.1,0.0,0,30.09,"Lind, Lind, Adams County",300028,Lind,2017-12-08 22:58:11.246571
2012-07-24,01:45,51.3,51.7,42.0,70.2,0.0,SW@1.8,3.1,75.0,0.0,0,30.09,"Lind, Lind, Adams County",300028,Lind,2017-12-08 22:58:11.246571
2012-07-24,02:00,51.8,52.0,42.2,69.5,0.0,SE@2.6,4.9,75.0,0.0,0,30.09,"Lind, Lind, Adams County",300028,Lind,2017-12-08 22:58:11.246571
2012-07-24,02:15,50.2,50.5,42.0,73.3,0.0,NE@1.4,3.1,74.9,0.0,0,30.09,"Lind, Lind, Adams County",300028,Lind,2017-12-08 22:58:11.246571
2012-07-24,02:30,50.7,51.2,42.2,72.6,0.0,E@2.9,4.9,74.8,0.0,0,30.09,"Lind, Lind, Adams County",300028,Lind,2017-12-08 22:58:11.246571
2012-07-24,02:45,51.1,51.5,42.0,70.9,0.0,SE@3.2,4.2,74.8,0.0,0,30.09,"Lind, Lind, Adams County",300028,Lind,2017-12-08 22:58:11.246571
2012-07-24,03:00,49.6,49.8,42.0,74.8,0.0,NE@2.9,3.9,74.7,0.0,0,30.09,"Lind, Lind, Adams County",300028,Lind,2017-12-08 22:58:11.246571
2012-07-24,03:15,49.2,49.3,42.2,76.6,0.0,NE@3.9,4.9,74.6,0.0,0,30.09,"Lind, Lind, Adams County",300028,Lind,2017-12-08 22:58:11.246571
2012-07-24,03:30,47.5,48.0,41.8,80.4,0.0,NE@4.5,5.3,74.6,0.0,0,30.1,"Lind, Lind, Adams County",300028,Lind,2017-12-08 22:58:11.246571
2012-07-24,03:45,49.8,50.1,42.5,75.8,0.0,E@3.7,4.9,74.5,0.0,0,30.1,"Lind, Lind, Adams County",300028,Lind,2017-12-08 22:58:11.246571
2012-07-24,04:00,48.4,48.7,42.3,79.1,0.0,N@2.1,3.9,74.4,0.0,1,30.1,"Lind, Lind, Adams County",300028,Lind,2017-12-08 22:58:11.246571
2012-07-24,04:15,49.6,50.1,43.4,78.9,0.0,E@1.6,4.6,74.3,0.0,2,30.1,"Lind, Lind, Adams County",300028,Lind,2017-12-08 22:58:11.246571
2012-07-24,04:30,49.0,49.2,42.7,78.7,0.0,E@2.3,3.9,74.2,0.0,5,30.1,"Lind, Lind, Adams County",300028,Lind,2017-12-08 22:58:11.246571
2012-07-24,04:45,48.0,48.2,42.3,80.5,0.0,NE@1.5,2.8,74.1,0.0,15,30.1,"Lind, Lind, Adams County",300028,Lind,2017-12-08 22:58:11.246571
2012-07-24,05:00,49.2,49.6,43.1,79.4,0.0,E@1.6,2.8,74.1,0.0,43,30.1,"Lind, Lind, Adams County",300028,Lind,2017-12-08 22:58:11.246571
2012-07-24,05:15,49.8,50.2,43.2,77.7,0.0,E@2.6,3.9,74.0,0.0,73,30.1,"Lind, Lind, Adams County",300028,Lind,2017-12-08 22:58:11.246571
2012-07-24,05:30,51.1,51.5,43.5,75.0,0.0,E@2.4,4.2,73.9,0.0,106,30.1,"Lind, Lind, Adams County",300028,Lind,2017-12-08 22:58:11.246571
2012-07-24,05:45,52.8,52.8,44.9,74.5,0.0,NE@3.0,4.2,73.8,0.0,142,30.1,"Lind, Lind, Adams County",300028,Lind,2017-12-08 22:58:11.246571
2012-07-24,06:00,52.8,53.0,45.1,74.9,0.0,SE@2.8,4.6,73.7,0.0,180,30.1,"Lind, Lind, Adams County",300028,Lind,2017-12-08 22:58:11.246571
2012-07-24,06:15,53.2,54.2,45.7,75.5,0.0,SE@3.8,5.3,73.6,0.0,220,30.1,"Lind, Lind, Adams County",300028,Lind,2017-12-08 22:58:11.246571
2012-07-24,06:30,55.6,56.4,45.6,68.9,0.0,SE@3.7,4.9,73.5,0.0,263,30.09,"Lind, Lind, Adams County",300028,Lind,2017-12-08 22:58:11.246571
2012-07-24,06:45,58.0,58.5,45.2,62.2,0.0,SE@3.6,4.9,73.4,0.0,306,30.09,"Lind, Lind, Adams County",300028,Lind,2017-12-08 22:58:11.246571
2012-07-24,07:00,59.7,60.0,45.4,58.9,0.0,SE@3.3,5.3,73.3,0.0,350,30.09,"Lind, Lind, Adams County",300028,Lind,2017-12-08 22:58:11.246571
2012-07-24,07:15,61.4,61.7,45.9,56.6,0.0,SE@2.9,4.6,73.2,0.0,394,30.09,"Lind, Lind, Adams County",300028,Lind,2017-12-08 22:58:11.246571
2012-07-24,07:30,62.5,62.7,45.9,54.5,0.0,S@2.7,3.9,73.1,0.0,437,30.09,"Lind, Lind, Adams County",300028,Lind,2017-12-08 22:58:11.246571
2012-07-24,07:45,65.2,65.6,46.0,49.6,0.0,E@1.6,3.9,73.0,0.0,481,30.09,"Lind, Lind, Adams County",300028,Lind,2017-12-08 22:58:11.246571
2012-07-24,08:00,66.4,66.5,46.2,48.1,0.0,W@1.8,3.9,72.9,0.0,522,30.09,"Lind, Lind, Adams County",300028,Lind,2017-12-08 22:58:11.246571
2012-07-24,08:15,67.1,67.3,46.2,47.0,0.0,SW@2.9,6.7,72.8,0.0,562,30.09,"Lind, Lind, Adams County",300028,Lind,2017-12-08 22:58:11.246571
2012-07-24,08:30,67.3,67.4,45.5,45.3,0.0,SW@4.0,7.1,72.7,0.0,602,30.09,"Lind, Lind, Adams County",300028,Lind,2017-12-08 22:58:11.246571
2012-07-24,08:45,68.2,68.4,46.4,45.5,0.0,SW@3.7,7.4,72.6,0.0,640,30.09,"Lind, Lind, Adams County",300028,Lind,2017-12-08 22:58:11.246571
2012-07-24,09:00,69.4,69.5,46.2,43.4,0.0,W@4.1,7.4,72.5,0.0,675,30.09,"Lind, Lind, Adams County",300028,Lind,2017-12-08 22:58:11.246571
2012-07-24,09:15,70.0,70.1,46.2,42.4,0.0,SW@4.9,10.3,72.5,0.0,710,30.09,"Lind, Lind, Adams County",300028,Lind,2017-12-08 22:58:11.246571
2012-07-24,09:30,70.8,70.9,46.1,41.2,0.0,SW@4.5,8.9,72.4,0.0,742,30.09,"Lind, Lind, Adams County",300028,Lind,2017-12-08 22:58:11.246571
2012-07-24,09:45,72.1,72.2,46.1,39.3,0.0,W@4.1,9.9,72.3,0.0,773,30.09,"Lind, Lind, Adams County",300028,Lind,2017-12-08 22:58:11.246571
2012-07-24,10:00,73.0,73.0,45.9,37.9,0.0,SW@4.3,8.5,72.3,0.0,800,30.08,"Lind, Lind, Adams County",300028,Lind,2017-12-08 22:58:11.246571
2012-07-24,10:15,73.3,73.4,45.2,36.5,0.0,W@4.7,10.3,72.2,0.0,824,30.08,"Lind, Lind, Adams County",300028,Lind,2017-12-08 22:58:11.246571
2012-07-24,10:30,73.6,73.5,44.7,35.6,0.0,SW@5.6,11.0,72.2,0.0,847,30.08,"Lind, Lind, Adams County",300028,Lind,2017-12-08 22:58:11.246571
2012-07-24,10:45,74.5,74.6,44.7,34.5,0.0,S@5.3,10.3,72.2,0.0,865,30.08,"Lind, Lind, Adams County",300028,Lind,2017-12-08 22:58:11.246571
2012-07-24,11:00,75.4,75.4,45.3,34.3,0.0,W@5.8,9.9,72.1,0.0,881,30.07,"Lind, Lind, Adams County",300028,Lind,2017-12-08 22:58:11.246571
2012-07-24,11:15,76.3,76.3,46.1,34.3,0.0,SW@6.6,12.1,72.1,0.0,893,30.07,"Lind, Lind, Adams County",300028,Lind,2017-12-08 22:58:11.246571
2012-07-24,11:30,76.2,76.0,45.2,33.2,0.0,SW@5.8,10.3,72.1,0.0,903,30.06,"Lind, Lind, Adams County",300028,Lind,2017-12-08 22:58:11.246571
2012-07-24,11:45,76.6,76.5,45.1,32.5,0.0,SW@6.5,11.4,72.1,0.0,910,30.06,"Lind, Lind, Adams County",300028,Lind,2017-12-08 22:58:11.246571
2012-07-24,12:00,76.9,76.8,44.7,31.9,0.0,SW@4.9,12.4,72.1,0.0,913,30.06,"Lind, Lind, Adams County",300028,Lind,2017-12-08 22:58:11.246571
2012-07-24,12:15,78.2,78.2,45.0,30.9,0.0,SW@5.4,11.0,72.1,0.0,914,30.06,"Lind, Lind, Adams County",300028,Lind,2017-12-08 22:58:11.246571
2012-07-24,12:30,78.3,78.2,44.8,30.5,0.0,S@4.4,9.9,72.2,0.0,910,30.06,"Lind, Lind, Adams County",300028,Lind,2017-12-08 22:58:11.246571
2012-07-24,12:45,78.8,78.8,45.2,30.5,0.0,SW@4.0,9.9,72.2,0.0,901,30.05,"Lind, Lind, Adams County",300028,Lind,2017-12-08 22:58:11.246571
2012-07-24,13:00,79.0,78.8,44.9,29.9,0.0,S@5.1,9.6,72.2,0.0,888,30.05,"Lind, Lind, Adams County",300028,Lind,2017-12-08 22:58:11.246571
2012-07-24,13:15,79.3,79.3,45.3,30.1,0.0,SW@4.3,7.8,72.3,0.0,876,30.04,"Lind, Lind, Adams County",300028,Lind,2017-12-08 22:58:11.246571
2012-07-24,13:30,80.0,80.0,45.4,29.5,0.0,SW@4.0,11.0,72.4,0.0,861,30.04,"Lind, Lind, Adams County",300028,Lind,2017-12-08 22:58:11.246571
2012-07-24,13:45,80.6,80.5,45.0,28.5,0.0,SE@3.9,7.4,72.4,0.0,839,30.04,"Lind, Lind, Adams County",300028,Lind,2017-12-08 22:58:11.246571
2012-07-24,14:00,80.8,80.6,45.5,28.9,0.0,SW@3.7,7.4,72.5,0.0,814,30.03,"Lind, Lind, Adams County",300028,Lind,2017-12-08 22:58:11.246571
2012-07-24,14:15,81.6,81.5,46.3,29.0,0.0,W@5.5,11.0,72.6,0.0,794,30.03,"Lind, Lind, Adams County",300028,Lind,2017-12-08 22:58:11.246571
2012-07-24,14:30,81.6,81.5,46.7,29.4,0.0,SW@5.3,8.9,72.7,0.0,763,30.03,"Lind, Lind, Adams County",300028,Lind,2017-12-08 22:58:11.246571
2012-07-24,14:45,82.4,82.3,46.7,28.7,0.0,W@5.2,11.4,72.8,0.0,731,30.02,"Lind, Lind, Adams County",300028,Lind,2017-12-08 22:58:11.246571
2012-07-24,15:00,82.4,82.1,46.7,28.7,0.0,SW@4.4,9.6,72.9,0.0,695,30.02,"Lind, Lind, Adams County",300028,Lind,2017-12-08 22:58:11.246571
2012-07-24,15:15,82.7,82.7,47.2,29.0,0.0,W@6.8,11.4,73.0,0.0,669,30.02,"Lind, Lind, Adams County",300028,Lind,2017-12-08 22:58:11.246571
2012-07-24,15:30,82.4,82.1,46.5,28.5,0.0,N@4.7,9.9,73.1,0.0,631,30.01,"Lind, Lind, Adams County",300028,Lind,2017-12-08 22:58:11.246571
2012-07-24,15:45,82.8,82.7,46.7,28.3,0.0,NE@3.9,8.2,73.2,0.0,592,30.01,"Lind, Lind, Adams County",300028,Lind,2017-12-08 22:58:11.246571
2012-07-24,16:00,83.6,83.5,46.9,27.7,0.0,N@4.1,8.5,73.3,0.0,556,30.01,"Lind, Lind, Adams County",300028,Lind,2017-12-08 22:58:11.246571
2012-07-24,16:15,83.6,83.4,47.0,27.9,0.0,W@5.6,9.2,73.4,0.0,518,30.0,"Lind, Lind, Adams County",300028,Lind,2017-12-08 22:58:11.246571
2012-07-24,16:30,83.4,83.2,46.4,27.5,0.0,NW@4.9,8.9,73.6,0.0,478,30.0,"Lind, Lind, Adams County",300028,Lind,2017-12-08 22:58:11.246571
2012-07-24,16:45,83.4,83.5,46.1,27.2,0.0,NW@4.0,7.8,73.7,0.0,438,29.99,"Lind, Lind, Adams County",300028,Lind,2017-12-08 22:58:11.246571
2012-07-24,17:00,83.9,83.8,46.0,26.6,0.0,W@2.4,5.3,73.8,0.0,396,29.99,"Lind, Lind, Adams County",300028,Lind,2017-12-08 22:58:11.246571
2012-07-24,17:15,83.5,83.2,45.4,26.4,0.0,SE@2.7,6.7,73.9,0.0,352,29.99,"Lind, Lind, Adams County",300028,Lind,2017-12-08 22:58:11.246571
2012-07-24,17:30,83.5,83.4,45.6,26.6,0.0,SW@2.8,6.0,74.1,0.0,308,29.98,"Lind, Lind, Adams County",300028,Lind,2017-12-08 22:58:11.246571
2012-07-24,17:45,83.6,83.2,45.8,26.7,0.0,NW@3.0,7.1,74.2,0.0,265,29.98,"Lind, Lind, Adams County",300028,Lind,2017-12-08 22:58:11.246571
2012-07-24,18:00,83.6,82.8,46.2,27.0,0.0,W@3.3,7.1,74.3,0.0,222,29.98,"Lind, Lind, Adams County",300028,Lind,2017-12-08 22:58:11.246571
2012-07-24,18:15,83.2,82.8,46.6,27.9,0.0,W@3.7,6.4,74.4,0.0,179,29.98,"Lind, Lind, Adams County",300028,Lind,2017-12-08 22:58:11.246571
2012-07-24,18:30,82.8,82.7,47.0,28.6,0.0,SW@1.9,3.5,74.5,0.0,140,29.98,"Lind, Lind, Adams County",300028,Lind,2017-12-08 22:58:11.246571
2012-07-24,18:45,82.5,82.4,46.5,28.3,0.0,SW@1.7,3.1,74.7,0.0,105,29.98,"Lind, Lind, Adams County",300028,Lind,2017-12-08 22:58:11.246571
2012-07-24,19:00,82.5,82.5,46.3,28.2,0.0,SW@1.0,2.1,74.8,0.0,73,29.98,"Lind, Lind, Adams County",300028,Lind,2017-12-08 22:58:11.246571
2012-07-24,19:15,81.3,80.9,47.0,30.1,0.0,N@1.5,3.5,74.9,0.0,42,29.98,"Lind, Lind, Adams County",300028,Lind,2017-12-08 22:58:11.246571
2012-07-24,19:30,77.1,76.5,47.0,34.5,0.0,N@2.0,3.9,75.0,0.0,17,29.98,"Lind, Lind, Adams County",300028,Lind,2017-12-08 22:58:11.246571
2012-07-24,19:45,75.6,75.4,45.9,34.8,0.0,N@0.3,1.7,75.1,0.0,5,29.97,"Lind, Lind, Adams County",300028,Lind,2017-12-08 22:58:11.246571
2012-07-24,20:00,75.2,75.2,45.8,35.1,0.0,N@2.2,2.8,75.2,0.0,2,29.97,"Lind, Lind, Adams County",300028,Lind,2017-12-08 22:58:11.246571
2012-07-24,20:15,73.7,73.2,45.9,37.1,0.0,N@3.0,4.2,75.3,0.0,0,29.97,"Lind, Lind, Adams County",300028,Lind,2017-12-08 22:58:11.246571
2012-07-24,20:30,69.4,69.4,47.1,44.8,0.0,E@1.1,2.4,75.4,0.0,0,29.97,"Lind, Lind, Adams County",300028,Lind,2017-12-08 22:58:11.246571
2012-07-24,20:45,69.5,69.5,47.9,46.1,0.0,W@1.1,3.5,75.5,0.0,0,29.98,"Lind, Lind, Adams County",300028,Lind,2017-12-08 22:58:11.246571
2012-07-24,21:00,68.0,68.1,48.4,49.3,0.0,NE@2.4,2.8,75.5,0.0,0,29.97,"Lind, Lind, Adams County",300028,Lind,2017-12-08 22:58:11.246571
2012-07-24,21:15,67.7,68.1,48.0,49.1,0.0,E@2.4,3.1,75.6,0.0,0,29.97,"Lind, Lind, Adams County",300028,Lind,2017-12-08 22:58:11.246571
2012-07-24,21:30,69.4,70.0,47.7,45.9,0.0,E@3.9,5.7,75.7,0.0,0,29.97,"Lind, Lind, Adams County",300028,Lind,2017-12-08 22:58:11.246571
2012-07-24,21:45,69.5,69.5,47.8,45.9,0.0,SE@2.6,4.2,75.7,0.0,0,29.97,"Lind, Lind, Adams County",300028,Lind,2017-12-08 22:58:11.246571
2012-07-24,22:00,67.3,67.3,47.8,49.5,0.0,NE@3.0,5.7,75.8,0.0,0,29.98,"Lind, Lind, Adams County",300028,Lind,2017-12-08 22:58:11.246571
2012-07-24,22:15,65.6,65.9,48.1,53.1,0.0,E@2.9,6.7,75.8,0.0,0,29.97,"Lind, Lind, Adams County",300028,Lind,2017-12-08 22:58:11.246571
2012-07-24,22:30,65.4,65.5,48.3,53.8,0.0,SE@5.2,7.8,75.8,0.0,0,29.97,"Lind, Lind, Adams County",300028,Lind,2017-12-08 22:58:11.246571
2012-07-24,22:45,64.2,64.4,48.2,56.1,0.0,SE@2.4,4.9,75.9,0.0,0,29.98,"Lind, Lind, Adams County",300028,Lind,2017-12-08 22:58:11.246571
2012-07-24,23:00,64.4,64.7,47.7,54.5,0.0,NE@3.2,4.2,75.9,0.0,0,29.98,"Lind, Lind, Adams County",300028,Lind,2017-12-08 22:58:11.246571
2012-07-25,23:15,63.1,63.1,47.7,56.9,0.0,NE@3.8,4.9,75.9,0.0,0,29.98,"Lind, Lind, Adams County",300028,Lind,2017-12-08 22:58:11.246571
2012-07-25,23:30,63.0,63.2,47.8,57.6,0.0,SE@3.0,5.3,75.9,0.0,0,29.98,"Lind, Lind, Adams County",300028,Lind,2017-12-08 22:58:11.246571
2012-07-25,23:45,62.6,62.9,47.6,58.1,0.0,E@1.3,2.8,75.9,0.0,0,29.98,"Lind, Lind, Adams County",300028,Lind,2017-12-08 22:58:11.246571
2012-07-25,24:00,62.3,62.3,47.8,58.9,0.0,S@1.6,7.4,75.9,0.0,0,29.98,"Lind, Lind, Adams County",300028,Lind,2017-12-08 22:58:11.246571
2012-07-25,00:15,60.8,60.8,47.6,61.7,0.0,E@4.5,6.7,75.9,0.0,0,29.98,"Lind, Lind, Adams County",300028,Lind,2017-12-08 22:58:11.246571
2012-07-25,00:30,58.4,58.5,47.1,66.1,0.0,NE@2.7,4.9,75.8,0.0,0,29.98,"Lind, Lind, Adams County",300028,Lind,2017-12-08 22:58:11.246571
2012-07-25,00:45,58.5,58.7,46.7,64.8,0.0,NE@3.4,4.9,75.8,0.0,0,29.99,"Lind, Lind, Adams County",300028,Lind,2017-12-08 22:58:11.246571
2012-07-25,01:00,57.5,57.9,46.5,66.8,0.0,NE@3.6,5.3,75.8,0.0,0,29.99,"Lind, Lind, Adams County",300028,Lind,2017-12-08 22:58:11.246571
2012-07-25,01:15,59.8,60.1,46.4,61.3,0.0,E@2.4,5.3,75.8,0.0,0,29.99,"Lind, Lind, Adams County",300028,Lind,2017-12-08 22:58:11.246571
2012-07-25,01:30,58.2,58.4,46.6,65.1,0.0,E@2.6,4.6,75.7,0.0,0,29.99,"Lind, Lind, Adams County",300028,Lind,2017-12-08 22:58:11.246571
2012-07-25,01:45,57.7,57.9,46.6,66.4,0.0,E@2.0,3.1,75.7,0.0,0,29.99,"Lind, Lind, Adams County",300028,Lind,2017-12-08 22:58:11.246571
2012-07-25,02:00,55.6,56.1,46.6,71.5,0.0,E@3.3,4.9,75.7,0.0,0,30.0,"Lind, Lind, Adams County",300028,Lind,2017-12-08 22:58:11.246571
2012-07-25,02:15,58.7,59.1,46.8,64.4,0.0,E@4.5,7.1,75.6,0.0,0,30.0,"Lind, Lind, Adams County",300028,Lind,2017-12-08 22:58:11.246571
2012-07-25,02:30,57.5,57.8,46.8,67.5,0.0,E@2.9,4.2,75.6,0.0,0,30.0,"Lind, Lind, Adams County",300028,Lind,2017-12-08 22:58:11.246571
2012-07-25,02:45,58.0,58.2,46.9,66.5,0.0,E@3.0,4.2,75.5,0.0,0,30.0,"Lind, Lind, Adams County",300028,Lind,2017-12-08 22:58:11.246571
2012-07-25,03:00,58.3,58.7,47.1,66.3,0.0,E@3.7,4.9,75.5,0.0,0,30.0,"Lind, Lind, Adams County",300028,Lind,2017-12-08 22:58:11.246571
2012-07-25,03:15,57.2,57.3,47.0,68.6,0.0,E@3.5,4.6,75.4,0.0,0,30.0,"Lind, Lind, Adams County",300028,Lind,2017-12-08 22:58:11.246571
2012-07-25,03:30,55.7,56.2,47.2,73.1,0.0,E@2.8,3.5,75.3,0.0,0,30.01,"Lind, Lind, Adams County",300028,Lind,2017-12-08 22:58:11.246571
2012-07-25,03:45,57.4,57.8,47.6,69.7,0.0,E@2.7,3.5,75.3,0.0,0,30.01,"Lind, Lind, Adams County",300028,Lind,2017-12-08 22:58:11.246571
2012-07-25,04:00,57.6,57.9,47.9,70.0,0.0,E@3.0,3.9,75.2,0.0,0,30.01,"Lind, Lind, Adams County",300028,Lind,2017-12-08 22:58:11.246571
2012-07-25,04:15,56.8,56.7,47.6,71.4,0.0,SE@3.2,4.6,75.2,0.0,2,30.01,"Lind, Lind, Adams County",300028,Lind,2017-12-08 22:58:11.246571
2012-07-25,04:30,54.3,54.6,47.4,77.3,0.0,SE@3.2,4.2,75.1,0.0,4,30.01,"Lind, Lind, Adams County",300028,Lind,2017-12-08 22:58:11.246571
2012-07-25,04:45,55.0,55.4,47.7,76.4,0.0,SE@3.0,4.6,75.0,0.0,13,30.02,"Lind, Lind, Adams County",300028,Lind,2017-12-08 22:58:11.246571
2012-07-25,05:00,57.2,57.7,48.3,71.9,0.0,SE@2.9,3.9,75.0,0.0,38,30.02,"Lind, Lind, Adams County",300028,Lind,2017-12-08 22:58:11.246571
2012-07-25,05:15,57.7,58.0,48.9,72.3,0.0,SE@2.9,5.3,74.9,0.0,67,30.02,"Lind, Lind, Adams County",300028,Lind,2017-12-08 22:58:11.246571
2012-07-25,05:30,58.9,59.2,49.3,70.5,0.0,SE@3.4,4.6,74.8,0.0,99,30.02,"Lind, Lind, Adams County",300028,Lind,2017-12-08 22:58:11.246571
2012-07-25,05:45,60.5,60.9,50.3,69.0,0.0,SE@3.7,5.7,74.7,0.0,135,30.02,"Lind, Lind, Adams County",300028,Lind,2017-12-08 22:58:11.246571
2012-07-25,06:00,61.7,62.1,51.2,68.4,0.0,SE@4.8,6.4,74.7,0.0,173,30.02,"Lind, Lind, Adams County",300028,Lind,2017-12-08 22:58:11.246571
2012-07-25,06:15,64.4,65.3,51.8,63.5,0.0,E@6.1,9.2,74.6,0.0,214,30.02,"Lind, Lind, Adams County",300028,Lind,2017-12-08 22:58:11.246571
2012-07-25,06:30,67.2,67.7,51.4,56.9,0.0,E@6.2,8.2,74.5,0.0,256,30.02,"Lind, Lind, Adams County",300028,Lind,2017-12-08 22:58:11.246571
2012-07-25,06:45,69.0,69.3,51.6,53.8,0.0,E@5.8,8.2,74.4,0.0,299,30.02,"Lind, Lind, Adams County",300028,Lind,2017-12-08 22:58:11.246571
2012-07-25,07:00,70.8,71.0,51.8,51.0,0.0,E@5.6,8.2,74.3,0.0,341,30.02,"Lind, Lind, Adams County",300028,Lind,2017-12-08 22:58:11.246571
2012-07-25,07:15,72.6,72.6,52.0,48.3,0.0,E@6.4,9.2,74.2,0.0,384,30.03,"Lind, Lind, Adams County",300028,Lind,2017-12-08 22:58:11.246571
2012-07-25,07:30,74.2,74.2,51.9,45.6,0.0,E@6.3,8.5,74.1,0.0,427,30.03,"Lind, Lind, Adams County",300028,Lind,2017-12-08 22:58:11.246571
2012-07-25,07:45,75.6,75.7,51.4,42.7,0.0,E@6.1,8.5,74.1,0.0,470,30.03,"Lind, Lind, Adams County",300028,Lind,2017-12-08 22:58:11.246571
2012-07-25,08:00,76.8,76.9,50.8,40.1,0.0,E@6.6,9.6,74.0,0.0,512,30.04,"Lind, Lind, Adams County",300028,Lind,2017-12-08 22:58:11.246571
2012-07-25,08:15,78.2,78.2,50.8,38.4,0.0,E@6.1,9.2,73.9,0.0,552,30.04,"Lind, Lind, Adams County",300028,Lind,2017-12-08 22:58:11.246571
2012-07-25,08:30,79.6,79.6,50.8,36.6,0.0,E@5.0,9.6,73.8,0.0,591,30.04,"Lind, Lind, Adams County",300028,Lind,2017-12-08 22:58:11.246571
2012-07-25,08:45,80.1,80.0,50.1,35.1,0.0,SE@4.9,10.3,73.8,0.0,627,30.04,"Lind, Lind, Adams County",300028,Lind,2017-12-08 22:58:11.246571
2012-07-25,09:00,80.9,80.7,49.4,33.4,0.0,S@5.0,10.3,73.7,0.0,664,30.04,"Lind, Lind, Adams County",300028,Lind,2017-12-08 22:58:11.246571
2012-07-25,09:15,81.5,81.5,49.2,32.5,0.0,SE@3.8,7.4,73.6,0.0,699,30.04,"Lind, Lind, Adams County",300028,Lind,2017-12-08 22:58:11.246571
2012-07-25,09:30,82.3,82.1,48.7,31.0,0.0,SE@4.8,10.7,73.6,0.0,730,30.04,"Lind, Lind, Adams County",300028,Lind,2017-12-08 22:58:11.246571
2012-07-25,09:45,82.2,82.1,48.6,30.9,0.0,S@4.1,7.4,73.5,0.0,760,30.04,"Lind, Lind, Adams County",300028,Lind,2017-12-08 22:58:11.246571
2012-07-25,10:00,83.1,83.2,48.3,29.7,0.0,E@3.8,8.2,73.5,0.0,786,30.04,"Lind, Lind, Adams County",300028,Lind,2017-12-08 22:58:11.246571
2012-07-25,10:15,83.7,83.4,48.2,29.1,0.0,S@4.0,6.0,73.4,0.0,812,30.04,"Lind, Lind, Adams County",300028,Lind,2017-12-08 22:58:11.246571
2012-07-25,10:30,84.0,83.9,48.8,29.4,0.0,SE@4.2,9.2,73.4,0.0,833,30.03,"Lind, Lind, Adams County",300028,Lind,2017-12-08 22:58:11.246571
2012-07-25,10:45,84.8,84.6,48.8,28.8,0.0,E@5.7,11.4,73.4,0.0,853,30.03,"Lind, Lind, Adams County",300028,Lind,2017-12-08 22:58:11.246571
2012-07-25,11:00,84.4,84.1,49.3,29.7,0.0,SW@3.1,7.4,73.4,0.0,872,30.03,"Lind, Lind, Adams County",300028,Lind,2017-12-08 22:58:11.246571
2012-07-25,11:15,85.8,85.8,50.0,29.0,0.0,SE@5.0,11.4,73.4,0.0,888,30.02,"Lind, Lind, Adams County",300028,Lind,2017-12-08 22:58:11.246571
2012-07-25,11:30,86.4,86.1,49.9,28.4,0.0,S@5.3,9.6,73.4,0.0,917,30.02,"Lind, Lind, Adams County",300028,Lind,2017-12-08 22:58:11.246571
2012-07-25,11:45,87.3,87.2,50.3,28.0,0.0,S@3.4,8.2,73.4,0.0,922,30.02,"Lind, Lind, Adams County",300028,Lind,2017-12-08 22:58:11.246571
2012-07-25,12:00,87.1,86.8,50.3,28.2,0.0,SW@3.6,7.1,73.4,0.0,938,30.01,"Lind, Lind, Adams County",300028,Lind,2017-12-08 22:58:11.246571
2012-07-25,12:15,87.5,87.1,50.1,27.7,0.0,NW@5.2,10.3,73.4,0.0,809,30.01,"Lind, Lind, Adams County",300028,Lind,2017-12-08 22:58:11.246571
2012-07-25,12:30,85.3,85.2,49.0,28.5,0.0,NE@3.8,9.2,73.4,0.0,153,30.01,"Lind, Lind, Adams County",300028,Lind,2017-12-08 22:58:11.246571
2012-07-25,12:45,84.7,84.7,48.6,28.6,0.0,E@3.4,8.9,73.5,0.0,192,30.01,"Lind, Lind, Adams County",300028,Lind,2017-12-08 22:58:11.246571
2012-07-25,13:00,86.3,86.2,49.1,27.6,0.0,SW@3.0,8.2,73.6,0.0,690,30.0,"Lind, Lind, Adams County",300028,Lind,2017-12-08 22:58:11.246571
2012-07-25,13:15,87.9,88.0,49.7,26.9,0.0,NW@3.2,8.5,73.6,0.0,848,30.0,"Lind, Lind, Adams County",300028,Lind,2017-12-08 22:58:11.246571
2012-07-25,13:30,89.5,89.1,49.8,25.7,0.0,N@5.5,9.2,73.7,0.0,981,29.99,"Lind, Lind, Adams County",300028,Lind,2017-12-08 22:58:11.246571
2012-07-25,13:45,88.1,87.8,49.1,26.1,0.0,NE@5.3,10.7,73.8,0.0,326,29.99,"Lind, Lind, Adams County",300028,Lind,2017-12-08 22:58:11.246571
2012-07-25,14:00,86.6,86.4,48.1,26.4,0.0,E@3.8,6.4,73.9,0.0,317,29.99,"Lind, Lind, Adams County",300028,Lind,2017-12-08 22:58:11.246571
2012-07-25,14:15,88.0,88.0,49.0,26.1,0.0,SW@3.5,7.4,73.9,0.0,775,29.98,"Lind, Lind, Adams County",300028,Lind,2017-12-08 22:58:11.246571
2012-07-25,14:30,89.5,89.3,48.9,24.8,0.0,W@5.0,10.3,74.0,0.0,823,29.98,"Lind, Lind, Adams County",300028,Lind,2017-12-08 22:58:11.246571
2012-07-25,14:45,90.0,89.9,48.8,24.4,0.0,S@3.9,8.2,74.1,0.0,797,29.97,"Lind, Lind, Adams County",300028,Lind,2017-12-08 22:58:11.246571
2012-07-25,15:00,91.2,90.9,49.1,23.8,0.0,N@3.3,6.7,74.2,0.0,769,29.96,"Lind, Lind, Adams County",300028,Lind,2017-12-08 22:58:11.246571
2012-07-25,15:15,91.0,90.6,48.8,23.6,0.0,N@4.8,8.2,74.3,0.0,736,29.96,"Lind, Lind, Adams County",300028,Lind,2017-12-08 22:58:11.246571
2012-07-25,15:30,91.2,90.8,48.4,23.1,0.0,E@5.3,9.6,74.4,0.0,726,29.96,"Lind, Lind, Adams County",300028,Lind,2017-12-08 22:58:11.246571
2012-07-25,15:45,90.5,90.3,47.8,23.1,0.0,SE@4.5,10.3,74.5,0.0,698,29.95,"Lind, Lind, Adams County",300028,Lind,2017-12-08 22:58:11.246571
2012-07-25,16:00,90.7,90.4,48.0,23.1,0.0,E@4.1,8.5,74.6,0.0,643,29.95,"Lind, Lind, Adams County",300028,Lind,2017-12-08 22:58:11.246571
2012-07-25,16:15,90.7,90.3,47.6,22.8,0.0,SE@5.8,11.0,74.7,0.0,569,29.95,"Lind, Lind, Adams County",300028,Lind,2017-12-08 22:58:11.246571
2012-07-25,16:30,90.5,90.2,47.6,23.0,0.0,E@5.6,8.5,74.8,0.0,505,29.94,"Lind, Lind, Adams County",300028,Lind,2017-12-08 22:58:11.246571
2012-07-25,16:45,90.5,90.2,47.3,22.7,0.0,NE@5.7,8.5,74.9,0.0,450,29.94,"Lind, Lind, Adams County",300028,Lind,2017-12-08 22:58:11.246571
2012-07-25,17:00,90.4,90.0,47.4,22.8,0.0,NE@5.5,7.8,75.0,0.0,405,29.93,"Lind, Lind, Adams County",300028,Lind,2017-12-08 22:58:11.246571
2012-07-25,17:15,90.1,89.7,46.9,22.6,0.0,NE@5.3,7.8,75.2,0.0,352,29.93,"Lind, Lind, Adams County",300028,Lind,2017-12-08 22:58:11.246571
2012-07-25,17:30,89.4,89.1,46.5,22.8,0.0,NE@4.4,7.4,75.3,0.0,182,29.93,"Lind, Lind, Adams County",300028,Lind,2017-12-08 22:58:11.246571
2012-07-25,17:45,89.3,89.0,46.7,23.0,0.0,NE@3.6,6.4,75.4,0.0,261,29.93,"Lind, Lind, Adams County",300028,Lind,2017-12-08 22:58:11.246571
2012-07-25,18:00,89.7,89.0,47.0,23.0,0.0,NE@3.6,6.4,75.5,0.0,217,29.93,"Lind, Lind, Adams County",300028,Lind,2017-12-08 22:58:11.246571
2012-07-25,18:15,89.1,88.8,47.0,23.4,0.0,SE@2.6,6.0,75.6,0.0,179,29.94,"Lind, Lind, Adams County",300028,Lind,2017-12-08 22:58:11.246571
2012-07-25,18:30,89.5,89.2,48.1,24.1,0.0,N@1.6,3.1,75.7,0.0,139,29.94,"Lind, Lind, Adams County",300028,Lind,2017-12-08 22:58:11.246571
2012-07-25,18:45,88.7,88.3,49.6,26.1,0.0,N@2.0,6.0,75.8,0.0,102,29.94,"Lind, Lind, Adams County",300028,Lind,2017-12-08 22:58:11.246571
2012-07-25,19:00,85.6,85.3,50.6,29.9,0.0,N@3.6,6.7,75.9,0.0,63,29.94,"Lind, Lind, Adams County",300028,Lind,2017-12-08 22:58:11.246571
2012-07-25,19:15,83.6,83.5,50.9,32.3,0.0,N@4.4,8.2,76.1,0.0,34,29.94,"Lind, Lind, Adams County",300028,Lind,2017-12-08 22:58:11.246571
2012-07-25,19:30,81.5,81.6,51.1,34.7,0.0,NW@6.1,8.9,76.2,0.0,14,29.94,"Lind, Lind, Adams County",300028,Lind,2017-12-08 22:58:11.246571
2012-07-25,19:45,79.3,79.4,51.0,37.1,0.0,NW@3.6,5.3,76.3,0.0,4,29.95,"Lind, Lind, Adams County",300028,Lind,2017-12-08 22:58:11.246571
2012-07-25,20:00,78.4,78.4,50.5,37.7,0.0,N@3.5,5.3,76.4,0.0,2,29.95,"Lind, Lind, Adams County",300028,Lind,2017-12-08 22:58:11.246571
2012-07-25,20:15,78.2,78.6,50.4,37.7,0.0,NE@4.8,6.7,76.5,0.0,0,29.95,"Lind, Lind, Adams County",300028,Lind,2017-12-08 22:58:11.246571
2012-07-25,20:30,79.6,79.7,50.2,35.8,0.0,NE@4.3,6.4,76.6,0.0,0,29.95,"Lind, Lind, Adams County",300028,Lind,2017-12-08 22:58:11.246571
2012-07-25,20:45,78.7,78.7,49.6,36.0,0.0,E@4.1,6.4,76.6,0.0,0,29.96,"Lind, Lind, Adams County",300028,Lind,2017-12-08 22:58:11.246571
2012-07-25,21:00,77.5,77.5,49.5,37.3,0.0,NE@4.9,6.0,76.7,0.0,0,29.96,"Lind, Lind, Adams County",300028,Lind,2017-12-08 22:58:11.246571
2012-07-25,21:15,75.0,74.5,49.8,41.1,0.0,E@1.5,4.6,76.8,0.0,0,29.95,"Lind, Lind, Adams County",300028,Lind,2017-12-08 22:58:11.246571
2012-07-25,21:30,75.0,75.3,49.7,40.9,0.0,NE@4.1,5.7,76.8,0.0,0,29.95,"Lind, Lind, Adams County",300028,Lind,2017-12-08 22:58:11.246571
2012-07-25,21:45,73.6,73.2,49.9,43.2,0.0,NE@2.8,5.3,76.9,0.0,0,29.95,"Lind, Lind, Adams County",300028,Lind,2017-12-08 22:58:11.246571
2012-07-25,22:00,70.1,70.1,49.7,48.3,0.0,NE@4.5,5.7,76.9,0.0,0,29.95,"Lind, Lind, Adams County",300028,Lind,2017-12-08 22:58:11.246571
2012-07-25,22:15,68.5,68.0,49.8,51.3,0.0,N@4.1,5.7,77.0,0.0,0,29.95,"Lind, Lind, Adams County",300028,Lind,2017-12-08 22:58:11.246571
2012-07-25,22:30,67.8,68.4,49.8,52.5,0.0,NE@3.4,5.3,77.0,0.0,0,29.95,"Lind, Lind, Adams County",300028,Lind,2017-12-08 22:58:11.246571
2012-07-25,22:45,66.5,66.2,50.2,55.7,0.0,NE@3.4,5.7,77.0,0.0,0,29.95,"Lind, Lind, Adams County",300028,Lind,2017-12-08 22:58:11.246571
2012-07-25,23:00,65.0,65.2,50.2,58.7,0.0,NE@3.0,6.0,77.1,0.0,0,29.94,"Lind, Lind, Adams County",300028,Lind,2017-12-08 22:58:11.246571
2012-07-26,23:15,64.9,65.1,50.4,59.3,0.0,N@3.2,4.6,77.1,0.0,0,29.95,"Lind, Lind, Adams County",300028,Lind,2017-12-08 22:58:11.246571
2012-07-26,23:30,64.8,65.2,50.6,59.8,0.0,N@3.7,5.3,77.1,0.0,0,29.95,"Lind, Lind, Adams County",300028,Lind,2017-12-08 22:58:11.246571
2012-07-26,23:45,65.1,65.4,50.8,59.9,0.0,E@1.5,3.9,77.1,0.0,0,29.95,"Lind, Lind, Adams County",300028,Lind,2017-12-08 22:58:11.246571
2012-07-26,24:00,65.8,65.9,50.9,58.4,0.0,E@1.8,3.5,77.1,0.0,0,29.95,"Lind, Lind, Adams County",300028,Lind,2017-12-08 22:58:11.246571
2012-07-26,00:15,64.4,64.5,50.9,61.5,0.0,SE@1.9,3.1,77.1,0.0,0,29.95,"Lind, Lind, Adams County",300028,Lind,2017-12-08 22:58:11.246571
2012-07-26,00:30,63.5,63.7,51.0,63.8,0.0,SW@1.7,3.5,77.1,0.0,0,29.95,"Lind, Lind, Adams County",300028,Lind,2017-12-08 22:58:11.246571
2012-07-26,00:45,62.9,63.2,51.2,65.5,0.0,SE@3.7,6.4,77.1,0.0,0,29.95,"Lind, Lind, Adams County",300028,Lind,2017-12-08 22:58:11.246571
2012-07-26,01:00,62.5,62.7,51.1,66.1,0.0,E@3.3,6.0,77.1,0.0,0,29.95,"Lind, Lind, Adams County",300028,Lind,2017-12-08 22:58:11.246571
2012-07-26,01:15,63.0,63.3,51.2,65.3,0.0,E@4.9,8.2,77.0,0.0,0,29.95,"Lind, Lind, Adams County",300028,Lind,2017-12-08 22:58:11.246571
2012-07-26,01:30,61.4,61.9,51.0,68.6,0.0,E@4.0,5.7,77.0,0.0,0,29.95,"Lind, Lind, Adams County",300028,Lind,2017-12-08 22:58:11.246571
2012-07-26,01:45,63.4,63.8,51.0,63.9,0.0,E@5.1,7.1,77.0,0.0,0,29.95,"Lind, Lind, Adams County",300028,Lind,2017-12-08 22:58:11.246571
2012-07-26,02:00,61.7,61.8,51.0,67.8,0.0,E@4.0,6.4,77.0,0.0,0,29.95,"Lind, Lind, Adams County",300028,Lind,2017-12-08 22:58:11.246571
2012-07-26,02:15,61.7,62.2,51.1,68.0,0.0,E@4.0,6.0,76.9,0.0,0,29.95,"Lind, Lind, Adams County",300028,Lind,2017-12-08 22:58:11.246571
2012-07-26,02:30,63.0,63.5,51.5,65.9,0.0,NE@6.8,8.9,76.9,0.0,0,29.95,"Lind, Lind, Adams County",300028,Lind,2017-12-08 22:58:11.246571
2012-07-26,02:45,63.3,63.7,51.8,66.0,0.0,NE@8.3,11.4,76.8,0.0,0,29.95,"Lind, Lind, Adams County",300028,Lind,2017-12-08 22:58:11.246571
2012-07-26,03:00,63.1,63.5,51.9,66.8,0.0,NE@8.2,10.3,76.8,0.0,0,29.95,"Lind, Lind, Adams County",300028,Lind,2017-12-08 22:58:11.246571
2012-07-26,03:15,63.6,64.0,52.1,66.1,0.0,NE@6.8,9.6,76.7,0.0,0,29.95,"Lind, Lind, Adams County",300028,Lind,2017-12-08 22:58:11.246571
2012-07-26,03:30,63.7,64.1,52.2,66.1,0.0,NE@7.2,8.5,76.7,0.0,0,29.95,"Lind, Lind, Adams County",300028,Lind,2017-12-08 22:58:11.246571
2012-07-26,03:45,63.5,63.9,52.2,66.6,0.0,NE@8.1,10.3,76.6,0.0,0,29.95,"Lind, Lind, Adams County",300028,Lind,2017-12-08 22:58:11.246571
2012-07-26,04:00,63.3,63.7,52.5,67.7,0.0,NE@8.6,11.0,76.5,0.0,0,29.95,"Lind, Lind, Adams County",300028,Lind,2017-12-08 22:58:11.246571
2012-07-26,04:15,63.1,63.5,52.9,69.3,0.0,NE@8.1,10.7,76.5,0.0,1,29.95,"Lind, Lind, Adams County",300028,Lind,2017-12-08 22:58:11.246571
2012-07-26,04:30,63.6,64.2,53.5,69.5,0.0,NE@8.3,10.7,76.4,0.0,4,29.95,"Lind, Lind, Adams County",300028,Lind,2017-12-08 22:58:11.246571
2012-07-26,04:45,65.1,65.6,54.0,67.0,0.0,NE@9.4,12.4,76.4,0.0,14,29.95,"Lind, Lind, Adams County",300028,Lind,2017-12-08 22:58:11.246571
2012-07-26,05:00,65.4,65.7,54.0,66.6,0.0,NE@9.8,12.4,76.3,0.0,34,29.95,"Lind, Lind, Adams County",300028,Lind,2017-12-08 22:58:11.246571
2012-07-26,05:15,65.7,66.0,54.3,66.6,0.0,NE@10.3,13.9,76.2,0.0,60,29.95,"Lind, Lind, Adams County",300028,Lind,2017-12-08 22:58:11.246571
2012-07-26,05:30,66.5,66.8,54.8,65.9,0.0,NE@9.3,13.2,76.2,0.0,92,29.95,"Lind, Lind, Adams County",300028,Lind,2017-12-08 22:58:11.246571
2012-07-26,05:45,67.5,67.7,55.2,64.7,0.0,NE@10.1,13.5,76.1,0.0,128,29.95,"Lind, Lind, Adams County",300028,Lind,2017-12-08 22:58:11.246571
2012-07-26,06:00,68.5,68.7,55.6,63.4,0.0,NE@10.2,12.8,76.0,0.0,167,29.95,"Lind, Lind, Adams County",300028,Lind,2017-12-08 22:58:11.246571
2012-07-26,06:15,69.7,70.2,56.1,62.0,0.0,NE@7.8,11.0,76.0,0.0,203,29.96,"Lind, Lind, Adams County",300028,Lind,2017-12-08 22:58:11.246571
2012-07-26,06:30,71.7,72.0,56.3,58.4,0.0,E@7.8,11.7,75.9,0.0,246,29.96,"Lind, Lind, Adams County",300028,Lind,2017-12-08 22:58:11.246571
2012-07-26,06:45,72.9,73.0,56.5,56.3,0.0,NE@9.0,13.9,75.8,0.0,275,29.96,"Lind, Lind, Adams County",300028,Lind,2017-12-08 22:58:11.246571
2012-07-26,07:00,74.2,74.3,56.3,53.6,0.0,E@9.4,13.2,75.8,0.0,332,29.97,"Lind, Lind, Adams County",300028,Lind,2017-12-08 22:58:11.246571
2012-07-26,07:15,75.8,75.8,56.3,50.7,0.0,NE@9.3,13.2,75.7,0.0,376,29.97,"Lind, Lind, Adams County",300028,Lind,2017-12-08 22:58:11.246571
2012-07-26,07:30,76.9,76.8,56.1,48.6,0.0,E@10.6,15.0,75.6,0.0,420,29.97,"Lind, Lind, Adams County",300028,Lind,2017-12-08 22:58:11.246571
2012-07-26,07:45,77.8,77.8,55.9,46.9,0.0,E@11.1,15.3,75.5,0.0,460,29.98,"Lind, Lind, Adams County",300028,Lind,2017-12-08 22:58:11.246571
2012-07-26,08:00,78.8,78.9,55.9,45.4,0.0,NE@11.1,14.6,75.5,0.0,501,29.98,"Lind, Lind, Adams County",300028,Lind,2017-12-08 22:58:11.246571
2012-07-26,08:15,80.3,80.3,55.9,43.2,0.0,NE@9.9,13.2,75.4,0.0,541,29.98,"Lind, Lind, Adams County",300028,Lind,2017-12-08 22:58:11.246571
2012-07-26,08:30,81.7,81.7,56.1,41.5,0.0,E@8.3,11.7,75.4,0.0,580,29.98,"Lind, Lind, Adams County",300028,Lind,2017-12-08 22:58:11.246571
2012-07-26,08:45,82.6,82.5,55.8,40.0,0.0,NE@8.0,11.4,75.3,0.0,618,29.98,"Lind, Lind, Adams County",300028,Lind,2017-12-08 22:58:11.246571
2012-07-26,09:00,83.7,83.8,55.8,38.5,0.0,NE@7.4,11.4,75.2,0.0,652,29.98,"Lind, Lind, Adams County",300028,Lind,2017-12-08 22:58:11.246571
2012-07-26,09:15,84.1,83.9,55.7,37.8,0.0,E@7.4,12.1,75.2,0.0,685,29.98,"Lind, Lind, Adams County",300028,Lind,2017-12-08 22:58:11.246571
2012-07-26,09:30,84.8,84.6,55.5,36.8,0.0,NE@6.9,12.1,75.1,0.0,716,29.98,"Lind, Lind, Adams County",300028,Lind,2017-12-08 22:58:11.246571
2012-07-26,09:45,85.3,85.2,55.4,36.0,0.0,NE@6.5,10.7,75.1,0.0,746,29.97,"Lind, Lind, Adams County",300028,Lind,2017-12-08 22:58:11.246571
2012-07-26,10:00,87.0,87.0,55.6,34.5,0.0,NE@7.3,12.1,75.0,0.0,769,29.97,"Lind, Lind, Adams County",300028,Lind,2017-12-08 22:58:11.246571
2012-07-26,10:15,87.8,87.5,55.1,32.9,0.0,NE@6.9,11.7,75.0,0.0,798,29.97,"Lind, Lind, Adams County",300028,Lind,2017-12-08 22:58:11.246571
2012-07-26,10:30,88.1,87.7,54.4,31.8,0.0,N@6.5,13.5,74.9,0.0,816,29.97,"Lind, Lind, Adams County",300028,Lind,2017-12-08 22:58:11.246571
2012-07-26,10:45,88.8,88.3,53.3,29.9,0.0,NE@6.4,11.7,74.9,0.0,814,29.96,"Lind, Lind, Adams County",300028,Lind,2017-12-08 22:58:11.246571
2012-07-26,11:00,89.0,88.9,52.6,28.9,0.0,N@6.8,11.4,74.9,0.0,851,29.96,"Lind, Lind, Adams County",300028,Lind,2017-12-08 22:58:11.246571
2012-07-26,11:15,89.0,88.7,51.6,27.8,0.0,N@6.7,11.7,74.9,0.0,572,29.95,"Lind, Lind, Adams County",300028,Lind,2017-12-08 22:58:11.246571
2012-07-26,11:30,89.1,89.1,51.9,28.1,0.0,N@5.8,14.2,74.9,0.0,789,29.95,"Lind, Lind, Adams County",300028,Lind,2017-12-08 22:58:11.246571
2012-07-26,11:45,91.2,90.8,51.0,25.5,0.0,N@6.0,13.2,74.9,0.0,932,29.95,"Lind, Lind, Adams County",300028,Lind,2017-12-08 22:58:11.246571
2012-07-26,12:00,90.2,90.0,50.6,25.9,0.0,E@5.7,11.0,74.9,0.0,713,29.94,"Lind, Lind, Adams County",300028,Lind,2017-12-08 22:58:11.246571
2012-07-26,12:15,90.6,90.3,51.0,26.0,0.0,E@5.1,12.8,74.9,0.0,656,29.94,"Lind, Lind, Adams County",300028,Lind,2017-12-08 22:58:11.246571
2012-07-26,12:30,90.6,90.5,51.5,26.4,0.0,NE@5.4,11.4,75.0,0.0,739,29.93,"Lind, Lind, Adams County",300028,Lind,2017-12-08 22:58:11.246571
2012-07-26,12:45,91.6,91.2,51.4,25.5,0.0,E@5.4,9.9,75.0,0.0,838,29.93,"Lind, Lind, Adams County",300028,Lind,2017-12-08 22:58:11.246571
2012-07-26,13:00,91.7,91.5,51.6,25.7,0.0,NW@6.6,12.8,75.0,0.0,907,29.92,"Lind, Lind, Adams County",300028,Lind,2017-12-08 22:58:11.246571
2012-07-26,13:15,92.3,92.0,51.4,25.0,0.0,NE@4.4,10.3,75.1,0.0,925,29.92,"Lind, Lind, Adams County",300028,Lind,2017-12-08 22:58:11.246571
2012-07-26,13:30,93.4,93.1,51.8,24.5,0.0,N@7.8,16.0,75.1,0.0,833,29.91,"Lind, Lind, Adams County",300028,Lind,2017-12-08 22:58:11.246571
2012-07-26,13:45,93.7,93.3,51.6,24.1,0.0,NW@5.0,10.3,75.2,0.0,919,29.91,"Lind, Lind, Adams County",300028,Lind,2017-12-08 22:58:11.246571
2012-07-26,14:00,93.7,93.3,51.0,23.6,0.0,NE@4.9,12.4,75.3,0.0,939,29.91,"Lind, Lind, Adams County",300028,Lind,2017-12-08 22:58:11.246571
2012-07-26,14:15,95.3,95.2,51.6,22.9,0.0,E@5.1,13.2,75.3,0.0,911,29.9,"Lind, Lind, Adams County",300028,Lind,2017-12-08 22:58:11.246571
2012-07-26,14:30,94.8,94.3,51.0,22.8,0.0,NE@4.3,11.0,75.4,0.0,842,29.89,"Lind, Lind, Adams County",300028,Lind,2017-12-08 22:58:11.246571
2012-07-26,14:45,92.7,92.3,50.7,24.0,0.0,N@4.9,8.5,75.5,0.0,236,29.89,"Lind, Lind, Adams County",300028,Lind,2017-12-08 22:58:11.246571
2012-07-26,15:00,91.3,91.3,49.9,24.3,0.0,N@4.4,10.7,75.6,0.0,226,29.89,"Lind, Lind, Adams County",300028,Lind,2017-12-08 22:58:11.246571
2012-07-26,15:15,91.8,91.7,49.1,23.3,0.0,E@6.4,11.4,75.7,0.0,239,29.89,"Lind, Lind, Adams County",300028,Lind,2017-12-08 22:58:11.246571
2012-07-26,15:30,92.9,92.8,49.7,23.0,0.0,E@5.3,9.9,75.7,0.0,589,29.89,"Lind, Lind, Adams County",300028,Lind,2017-12-08 22:58:11.246571
2012-07-26,15:45,93.4,93.1,49.3,22.3,0.0,SE@4.3,9.2,75.8,0.0,626,29.88,"Lind, Lind, Adams County",300028,Lind,2017-12-08 22:58:11.246571
2012-07-26,16:00,93.8,93.4,49.0,21.8,0.0,E@3.9,7.4,75.9,0.0,569,29.87,"Lind, Lind, Adams County",300028,Lind,2017-12-08 22:58:11.246571
2012-07-26,16:15,93.2,92.9,48.4,21.7,0.0,E@5.0,8.5,76.0,0.0,522,29.87,"Lind, Lind, Adams County",300028,Lind,2017-12-08 22:58:11.246571
2012-07-26,16:30,93.9,93.6,48.5,21.4,0.0,SE@3.5,7.4,76.1,0.0,479,29.87,"Lind, Lind, Adams County",300028,Lind,2017-12-08 22:58:11.246571
2012-07-26,16:45,94.2,93.8,48.4,21.1,0.0,E@5.4,10.3,76.2,0.0,446,29.86,"Lind, Lind, Adams County",300028,Lind,2017-12-08 22:58:11.246571
2012-07-26,17:00,93.9,93.6,48.2,21.1,0.0,SE@4.9,8.9,76.3,0.0,399,29.86,"Lind, Lind, Adams County",300028,Lind,2017-12-08 22:58:11.246571
2012-07-26,17:15,94.0,93.7,48.3,21.1,0.0,S@4.3,8.9,76.4,0.0,353,29.86,"Lind, Lind, Adams County",300028,Lind,2017-12-08 22:58:11.246571
2012-07-26,17:30,93.8,93.4,48.5,21.4,0.0,S@3.6,5.7,76.6,0.0,309,29.86,"Lind, Lind, Adams County",300028,Lind,2017-12-08 22:58:11.246571
2012-07-26,17:45,93.3,92.8,48.3,21.6,0.0,SE@4.0,7.8,76.7,0.0,262,29.85,"Lind, Lind, Adams County",300028,Lind,2017-12-08 22:58:11.246571
2012-07-26,18:00,93.1,92.6,48.5,21.8,0.0,SE@3.0,5.7,76.8,0.0,226,29.86,"Lind, Lind, Adams County",300028,Lind,2017-12-08 22:58:11.246571
2012-07-26,18:15,92.7,92.4,48.2,21.9,0.0,SE@3.7,6.7,76.9,0.0,208,29.86,"Lind, Lind, Adams County",300028,Lind,2017-12-08 22:58:11.246571
2012-07-26,18:30,92.6,92.4,48.5,22.2,0.0,S@2.7,5.3,77.0,0.0,172,29.86,"Lind, Lind, Adams County",300028,Lind,2017-12-08 22:58:11.246571
2012-07-26,18:45,92.2,92.0,48.4,22.4,0.0,SE@2.7,4.6,77.1,0.0,135,29.86,"Lind, Lind, Adams County",300028,Lind,2017-12-08 22:58:11.246571
2012-07-26,19:00,91.3,91.1,48.8,23.4,0.0,S@1.6,4.2,77.2,0.0,87,29.86,"Lind, Lind, Adams County",300028,Lind,2017-12-08 22:58:11.246571
2012-07-26,19:15,90.5,90.3,48.7,23.9,0.0,SE@1.1,2.1,77.3,0.0,49,29.86,"Lind, Lind, Adams County",300028,Lind,2017-12-08 22:58:11.246571
2012-07-26,19:30,88.8,88.2,48.5,25.0,0.0,NE@1.7,3.1,77.4,0.0,22,29.86,"Lind, Lind, Adams County",300028,Lind,2017-12-08 22:58:11.246571
2012-07-26,19:45,84.4,84.1,50.9,31.5,0.0,W@2.9,5.7,77.5,0.0,11,29.87,"Lind, Lind, Adams County",300028,Lind,2017-12-08 22:58:11.246571
2012-07-26,20:00,83.6,83.8,51.0,32.4,0.0,NW@7.4,11.7,77.5,0.0,1,29.87,"Lind, Lind, Adams County",300028,Lind,2017-12-08 22:58:11.246571
2012-07-26,20:15,83.2,83.3,50.4,32.1,0.0,NW@6.6,12.1,77.6,0.0,0,29.87,"Lind, Lind, Adams County",300028,Lind,2017-12-08 22:58:11.246571
2012-07-26,20:30,81.4,81.4,50.3,34.0,0.0,NW@6.5,10.7,77.7,0.0,0,29.87,"Lind, Lind, Adams County",300028,Lind,2017-12-08 22:58:11.246571
2012-07-26,20:45,80.3,80.6,49.9,34.5,0.0,NW@5.1,8.2,77.8,0.0,0,29.87,"Lind, Lind, Adams County",300028,Lind,2017-12-08 22:58:11.246571
2012-07-26,21:00,79.6,79.6,49.9,35.4,0.0,S@2.6,4.2,77.8,0.0,0,29.88,"Lind, Lind, Adams County",300028,Lind,2017-12-08 22:58:11.246571
2012-07-26,21:15,77.7,77.5,50.0,37.9,0.0,NW@2.4,4.6,77.9,0.0,0,29.88,"Lind, Lind, Adams County",300028,Lind,2017-12-08 22:58:11.246571
2012-07-26,21:30,76.8,77.0,49.3,38.0,0.0,NW@5.0,6.4,78.0,0.0,0,29.88,"Lind, Lind, Adams County",300028,Lind,2017-12-08 22:58:11.246571
2012-07-26,21:45,76.4,76.6,49.1,38.2,0.0,NW@4.7,6.4,78.0,0.0,0,29.88,"Lind, Lind, Adams County",300028,Lind,2017-12-08 22:58:11.246571
2012-07-26,22:00,75.1,74.9,49.7,40.8,0.0,W@3.6,5.3,78.1,0.0,0,29.88,"Lind, Lind, Adams County",300028,Lind,2017-12-08 22:58:11.246571
2012-07-26,22:15,73.8,73.8,49.5,42.2,0.0,W@2.6,4.9,78.1,0.0,0,29.87,"Lind, Lind, Adams County",300028,Lind,2017-12-08 22:58:11.246571
2012-07-26,22:30,74.4,74.8,48.7,40.2,0.0,S@0.7,3.1,78.2,0.0,0,29.87,"Lind, Lind, Adams County",300028,Lind,2017-12-08 22:58:11.246571
2012-07-26,22:45,75.4,75.4,48.0,38.0,0.0,E@2.1,4.9,78.2,0.0,0,29.87,"Lind, Lind, Adams County",300028,Lind,2017-12-08 22:58:11.246571
2012-07-26,23:00,74.1,74.0,49.2,41.3,0.0,SE@3.5,5.7,78.2,0.0,0,29.87,"Lind, Lind, Adams County",300028,Lind,2017-12-08 22:58:11.246571
2012-07-27,23:15,71.1,70.8,49.5,46.3,0.0,SW@2.3,4.9,78.2,0.0,0,29.87,"Lind, Lind, Adams County",300028,Lind,2017-12-08 22:58:11.246571
2012-07-27,23:30,70.0,70.4,48.8,46.9,0.0,NW@3.6,5.3,78.3,0.0,0,29.87,"Lind, Lind, Adams County",300028,Lind,2017-12-08 22:58:11.246571
2012-07-27,23:45,71.5,71.8,47.6,42.6,0.0,NW@4.7,6.7,78.3,0.0,0,29.87,"Lind, Lind, Adams County",300028,Lind,2017-12-08 22:58:11.246571
2012-07-27,24:00,70.7,70.5,48.3,44.9,0.0,SE@4.0,6.4,78.3,0.0,0,29.87,"Lind, Lind, Adams County",300028,Lind,2017-12-08 22:58:11.246571
