Date,Time PST,Air Temp °F, 2<sup>nd</sup> Air Temp °F, Dew Point °F, Rel Hum %, Leaf Wet u., Wind Dir @ Speed mph, Wind Gust mph, 8 in. Soil Tmp °F, Tot Prec in, Solar Rad W/m²,Location,Station ID,Station Name,Download Timestamp
2006-05-17,00:15,73.3,,51.3,46.0,,NW@4.1,8.4,65.8,0.0,0,"Quincy, Grant County",330073,Quincy,2017-12-10 13:28:13.218537
2006-05-17,00:30,73.3,,50.9,45.4,,NW@5.4,6.8,65.5,0.0,0,"Quincy, Grant County",330073,Quincy,2017-12-10 13:28:13.218537
2006-05-17,00:45,73.2,,50.8,45.3,,NW@3.9,7.7,65.4,0.0,0,"Quincy, Grant County",330073,Quincy,2017-12-10 13:28:13.218537
2006-05-17,01:00,72.5,,50.7,46.2,,NW@4.3,7.0,65.3,0.0,0,"Quincy, Grant County",330073,Quincy,2017-12-10 13:28:13.218537
2006-05-17,01:15,72.1,,50.4,46.4,,N@2.0,4.1,65.1,0.0,0,"Quincy, Grant County",330073,Quincy,2017-12-10 13:28:13.218537
2006-05-17,01:30,71.4,,50.5,47.5,,NW@2.9,6.1,65.0,0.0,0,"Quincy, Grant County",330073,Quincy,2017-12-10 13:28:13.218537
2006-05-17,01:45,71.2,,49.9,46.9,,NW@3.6,5.7,64.8,0.0,0,"Quincy, Grant County",330073,Quincy,2017-12-10 13:28:13.218537
2006-05-17,02:00,70.1,,49.8,48.4,,NW@3.0,3.9,64.7,0.0,0,"Quincy, Grant County",330073,Quincy,2017-12-10 13:28:13.218537
2006-05-17,02:15,70.1,,49.6,48.0,,NW@3.2,5.7,64.6,0.0,0,"Quincy, Grant County",330073,Quincy,2017-12-10 13:28:13.218537
2006-05-17,02:30,70.0,,49.4,48.1,,NW@3.8,7.3,64.5,0.0,0,"Quincy, Grant County",330073,Quincy,2017-12-10 13:28:13.218537
2006-05-17,02:45,69.6,,49.4,48.6,,NW@3.8,6.3,64.3,0.0,0,"Quincy, Grant County",330073,Quincy,2017-12-10 13:28:13.218537
2006-05-17,03:00,69.6,,48.9,47.8,,NW@3.9,5.4,64.2,0.0,0,"Quincy, Grant County",330073,Quincy,2017-12-10 13:28:13.218537
2006-05-17,03:15,69.0,,48.8,48.6,,NW@4.7,7.5,64.2,0.0,0,"Quincy, Grant County",330073,Quincy,2017-12-10 13:28:13.218537
2006-05-17,03:30,68.0,,48.5,49.7,,NW@5.9,8.9,64.0,0.0,0,"Quincy, Grant County",330073,Quincy,2017-12-10 13:28:13.218537
2006-05-17,03:45,67.6,,48.4,50.1,,NW@5.7,9.1,63.8,0.0,0,"Quincy, Grant County",330073,Quincy,2017-12-10 13:28:13.218537
2006-05-17,04:00,67.6,,48.1,49.6,,NW@3.9,5.4,63.7,0.0,0,"Quincy, Grant County",330073,Quincy,2017-12-10 13:28:13.218537
2006-05-17,04:15,67.2,,48.0,50.1,,NW@5.0,10.2,63.6,0.0,0,"Quincy, Grant County",330073,Quincy,2017-12-10 13:28:13.218537
2006-05-17,04:30,66.4,,48.1,51.6,,NW@3.8,5.5,63.5,0.0,2,"Quincy, Grant County",330073,Quincy,2017-12-10 13:28:13.218537
2006-05-17,04:45,65.9,,48.2,52.8,,NW@2.5,4.5,63.3,0.0,11,"Quincy, Grant County",330073,Quincy,2017-12-10 13:28:13.218537
2006-05-17,05:00,66.5,,48.2,51.6,,NW@3.6,5.0,63.2,0.0,37,"Quincy, Grant County",330073,Quincy,2017-12-10 13:28:13.218537
2006-05-17,05:15,66.8,,48.5,51.9,,NW@3.0,5.5,63.1,0.0,57,"Quincy, Grant County",330073,Quincy,2017-12-10 13:28:13.218537
2006-05-17,05:30,67.2,,48.9,51.9,,NW@2.9,6.8,63.0,0.0,96,"Quincy, Grant County",330073,Quincy,2017-12-10 13:28:13.218537
2006-05-17,05:45,68.1,,49.5,51.3,,NW@3.6,4.7,62.9,0.0,155,"Quincy, Grant County",330073,Quincy,2017-12-10 13:28:13.218537
2006-05-17,06:00,68.2,,49.7,51.5,,NW@3.2,5.5,62.8,0.0,181,"Quincy, Grant County",330073,Quincy,2017-12-10 13:28:13.218537
2006-05-17,06:15,69.4,,49.6,49.4,,NW@3.2,5.9,62.7,0.0,226,"Quincy, Grant County",330073,Quincy,2017-12-10 13:28:13.218537
2006-05-17,06:30,71.3,,50.1,47.1,,NW@3.2,4.7,62.6,0.0,293,"Quincy, Grant County",330073,Quincy,2017-12-10 13:28:13.218537
2006-05-17,06:45,71.4,,50.5,47.7,,NW@3.8,5.9,62.5,0.0,320,"Quincy, Grant County",330073,Quincy,2017-12-10 13:28:13.218537
2006-05-17,07:00,71.0,,50.8,48.7,,NW@3.6,5.9,62.5,0.0,367,"Quincy, Grant County",330073,Quincy,2017-12-10 13:28:13.218537
2006-05-17,07:15,71.9,,51.3,48.2,0.0,NW@3.6,6.1,62.4,0.0,412,"Quincy, Grant County",330073,Quincy,2017-12-10 13:28:13.218537
2006-05-17,07:30,73.5,,51.2,45.6,0.0,NW@2.9,5.5,62.3,0.0,455,"Quincy, Grant County",330073,Quincy,2017-12-10 13:28:13.218537
2006-05-17,07:45,75.3,,52.3,44.7,0.0,NW@3.8,4.8,62.2,0.0,523,"Quincy, Grant County",330073,Quincy,2017-12-10 13:28:13.218537
2006-05-17,08:00,75.7,,52.8,44.8,0.0,NW@3.0,5.0,62.2,0.0,547,"Quincy, Grant County",330073,Quincy,2017-12-10 13:28:13.218537
2006-05-17,08:15,76.2,,52.7,44.0,0.0,NW@3.9,5.9,62.1,0.0,588,"Quincy, Grant County",330073,Quincy,2017-12-10 13:28:13.218537
2006-05-17,08:30,76.2,,52.9,44.3,0.0,W@3.8,6.4,62.1,0.0,628,"Quincy, Grant County",330073,Quincy,2017-12-10 13:28:13.218537
2006-05-17,08:45,76.4,,53.4,44.7,0.0,W@3.6,5.9,62.1,0.0,664,"Quincy, Grant County",330073,Quincy,2017-12-10 13:28:13.218537
2006-05-17,09:00,76.2,,53.6,45.4,0.0,W@4.3,6.4,62.1,0.0,701,"Quincy, Grant County",330073,Quincy,2017-12-10 13:28:13.218537
2006-05-17,09:15,77.2,,54.2,44.9,0.0,W@3.8,5.7,62.3,0.0,751,"Quincy, Grant County",330073,Quincy,2017-12-10 13:28:13.218537
2006-05-17,09:30,78.2,,54.6,44.0,0.0,W@3.4,5.7,62.3,0.0,769,"Quincy, Grant County",330073,Quincy,2017-12-10 13:28:13.218537
2006-05-17,09:45,80.6,,54.6,40.8,0.0,SW@2.3,3.9,62.4,0.0,783,"Quincy, Grant County",330073,Quincy,2017-12-10 13:28:13.218537
2006-05-17,10:00,82.5,,55.4,39.5,0.0,SW@2.0,5.0,62.5,0.0,820,"Quincy, Grant County",330073,Quincy,2017-12-10 13:28:13.218537
2006-05-17,10:15,83.8,,55.3,37.7,0.0,S@2.5,3.9,62.6,0.0,857,"Quincy, Grant County",330073,Quincy,2017-12-10 13:28:13.218537
2006-05-17,10:30,85.0,,55.3,36.2,0.0,SE@1.9,1.6,62.7,0.0,875,"Quincy, Grant County",330073,Quincy,2017-12-10 13:28:13.218537
2006-05-17,10:45,85.0,,56.3,37.6,0.0,SE@2.1,4.1,62.7,0.0,884,"Quincy, Grant County",330073,Quincy,2017-12-10 13:28:13.218537
2006-05-17,11:00,85.4,,56.4,37.3,0.01,SE@1.8,3.8,62.9,0.0,898,"Quincy, Grant County",330073,Quincy,2017-12-10 13:28:13.218537
2006-05-17,11:15,86.2,,55.9,35.7,0.01,S@2.3,4.7,63.0,0.0,908,"Quincy, Grant County",330073,Quincy,2017-12-10 13:28:13.218537
2006-05-17,11:30,87.0,,56.6,35.7,0.01,S@2.1,3.8,63.2,0.0,915,"Quincy, Grant County",330073,Quincy,2017-12-10 13:28:13.218537
2006-05-17,11:45,87.5,,56.2,34.6,0.01,S@2.1,5.0,63.5,0.0,921,"Quincy, Grant County",330073,Quincy,2017-12-10 13:28:13.218537
2006-05-17,12:00,87.9,,56.6,34.6,0.01,S@2.1,4.5,63.7,0.0,920,"Quincy, Grant County",330073,Quincy,2017-12-10 13:28:13.218537
2006-05-17,12:15,88.4,,57.6,35.4,0.01,SE@2.5,5.2,64.1,0.0,919,"Quincy, Grant County",330073,Quincy,2017-12-10 13:28:13.218537
2006-05-17,12:30,88.1,,57.3,35.3,0.01,SE@3.2,5.2,64.3,0.0,910,"Quincy, Grant County",330073,Quincy,2017-12-10 13:28:13.218537
2006-05-17,12:45,88.6,,58.2,36.0,0.01,SE@3.4,6.6,64.6,0.0,907,"Quincy, Grant County",330073,Quincy,2017-12-10 13:28:13.218537
2006-05-17,13:00,88.8,,58.5,36.0,0.01,SE@3.9,8.2,64.8,0.0,896,"Quincy, Grant County",330073,Quincy,2017-12-10 13:28:13.218537
2006-05-17,13:15,89.3,,59.6,37.0,0.01,SE@4.3,6.3,65.2,0.0,881,"Quincy, Grant County",330073,Quincy,2017-12-10 13:28:13.218537
2006-05-17,13:30,89.7,,59.7,36.6,0.01,SE@4.7,9.3,65.5,0.0,860,"Quincy, Grant County",330073,Quincy,2017-12-10 13:28:13.218537
2006-05-17,13:45,90.1,,58.6,34.8,0.01,S@4.7,7.7,65.9,0.0,843,"Quincy, Grant County",330073,Quincy,2017-12-10 13:28:13.218537
2006-05-17,14:00,90.4,,58.9,34.8,0.01,SE@4.7,8.1,66.2,0.0,818,"Quincy, Grant County",330073,Quincy,2017-12-10 13:28:13.218537
2006-05-17,14:15,91.2,,60.0,35.3,0.01,SE@4.5,7.0,66.5,0.0,796,"Quincy, Grant County",330073,Quincy,2017-12-10 13:28:13.218537
2006-05-17,14:30,91.3,,58.9,33.9,0.01,SE@4.5,7.3,66.8,0.0,767,"Quincy, Grant County",330073,Quincy,2017-12-10 13:28:13.218537
2006-05-17,14:45,91.7,,59.4,34.0,0.01,SE@3.9,7.0,67.0,0.0,730,"Quincy, Grant County",330073,Quincy,2017-12-10 13:28:13.218537
2006-05-17,15:00,91.9,,59.0,33.3,0.01,SE@4.1,6.8,67.4,0.0,691,"Quincy, Grant County",330073,Quincy,2017-12-10 13:28:13.218537
2006-05-17,15:15,91.5,,58.8,33.5,0.01,SE@4.5,7.7,67.7,0.0,650,"Quincy, Grant County",330073,Quincy,2017-12-10 13:28:13.218537
2006-05-17,15:30,91.6,,58.7,33.2,0.01,SE@4.3,6.8,68.0,0.0,606,"Quincy, Grant County",330073,Quincy,2017-12-10 13:28:13.218537
2006-05-17,15:45,91.6,,58.7,33.3,0.01,SE@4.3,7.3,68.2,0.0,562,"Quincy, Grant County",330073,Quincy,2017-12-10 13:28:13.218537
2006-05-17,16:00,91.7,,59.3,33.9,0.01,SE@3.4,5.9,68.4,0.0,519,"Quincy, Grant County",330073,Quincy,2017-12-10 13:28:13.218537
2006-05-17,16:15,91.6,,59.1,33.7,0.01,SE@3.2,6.8,68.6,0.0,471,"Quincy, Grant County",330073,Quincy,2017-12-10 13:28:13.218537
2006-05-17,16:30,91.2,,59.1,34.3,0.01,SE@3.2,5.9,68.8,0.0,426,"Quincy, Grant County",330073,Quincy,2017-12-10 13:28:13.218537
2006-05-17,16:45,91.2,,59.2,34.4,0.01,SE@3.0,5.7,69.0,0.0,384,"Quincy, Grant County",330073,Quincy,2017-12-10 13:28:13.218537
2006-05-17,17:00,91.0,,59.6,35.0,0.01,SE@2.3,4.5,69.2,0.0,340,"Quincy, Grant County",330073,Quincy,2017-12-10 13:28:13.218537
2006-05-17,17:15,90.4,,59.6,35.7,0.01,SE@2.1,3.9,69.5,0.0,291,"Quincy, Grant County",330073,Quincy,2017-12-10 13:28:13.218537
2006-05-17,17:30,89.7,,61.0,38.4,0.0,SE@1.6,2.9,69.7,0.0,228,"Quincy, Grant County",330073,Quincy,2017-12-10 13:28:13.218537
2006-05-17,17:45,89.3,,61.1,38.9,0.0,SE@1.8,3.4,69.7,0.0,203,"Quincy, Grant County",330073,Quincy,2017-12-10 13:28:13.218537
2006-05-17,18:00,88.8,,60.0,38.1,0.0,SE@1.9,2.1,69.8,0.0,162,"Quincy, Grant County",330073,Quincy,2017-12-10 13:28:13.218537
2006-05-17,18:15,88.6,,63.4,43.2,0.0,N@0.0,0.0,70.0,0.0,106,"Quincy, Grant County",330073,Quincy,2017-12-10 13:28:13.218537
2006-05-17,18:30,86.5,,65.5,49.8,0.0,N@0.0,0.0,70.0,0.0,54,"Quincy, Grant County",330073,Quincy,2017-12-10 13:28:13.218537
2006-05-17,18:45,79.5,,63.6,58.3,0.0,N@0.0,0.0,70.0,0.0,10,"Quincy, Grant County",330073,Quincy,2017-12-10 13:28:13.218537
2006-05-17,19:00,76.4,,62.2,61.5,0.0,N@0.0,0.0,70.0,0.0,9,"Quincy, Grant County",330073,Quincy,2017-12-10 13:28:13.218537
2006-05-17,19:15,74.8,,60.2,60.5,0.0,SW@0.2,2.7,70.0,0.0,6,"Quincy, Grant County",330073,Quincy,2017-12-10 13:28:13.218537
2006-05-17,19:30,73.0,,59.8,63.3,0.0,N@0.0,0.0,70.0,0.0,1,"Quincy, Grant County",330073,Quincy,2017-12-10 13:28:13.218537
2006-05-17,19:45,71.4,,59.7,66.5,,N@0.0,0.0,70.0,0.0,0,"Quincy, Grant County",330073,Quincy,2017-12-10 13:28:13.218537
2006-05-17,20:00,71.1,,56.6,60.1,,N@0.0,0.0,70.0,0.0,0,"Quincy, Grant County",330073,Quincy,2017-12-10 13:28:13.218537
2006-05-17,20:15,72.3,,55.9,56.3,,NW@1.7,2.1,69.9,0.0,0,"Quincy, Grant County",330073,Quincy,2017-12-10 13:28:13.218537
2006-05-17,20:30,71.6,,56.2,58.3,,W@0.4,1.6,69.8,0.0,0,"Quincy, Grant County",330073,Quincy,2017-12-10 13:28:13.218537
2006-05-17,20:45,69.8,,53.3,55.8,,N@0.0,1.7,69.7,0.0,0,"Quincy, Grant County",330073,Quincy,2017-12-10 13:28:13.218537
2006-05-17,21:00,71.8,,53.0,51.6,,N@0.0,0.0,69.6,0.0,0,"Quincy, Grant County",330073,Quincy,2017-12-10 13:28:13.218537
2006-05-17,21:15,70.1,,53.4,55.3,,N@0.0,1.1,69.5,0.0,0,"Quincy, Grant County",330073,Quincy,2017-12-10 13:28:13.218537
2006-05-17,21:30,69.2,,51.3,52.8,,N@0.0,0.0,69.2,0.0,0,"Quincy, Grant County",330073,Quincy,2017-12-10 13:28:13.218537
2006-05-17,21:45,69.7,,53.3,56.0,,W@1.7,1.8,69.1,0.0,0,"Quincy, Grant County",330073,Quincy,2017-12-10 13:28:13.218537
2006-05-17,22:00,70.1,,52.9,54.3,,NW@0.2,1.9,68.9,0.0,0,"Quincy, Grant County",330073,Quincy,2017-12-10 13:28:13.218537
2006-05-17,22:15,69.0,,52.5,55.7,,NW@0.4,1.6,68.7,0.0,0,"Quincy, Grant County",330073,Quincy,2017-12-10 13:28:13.218537
2006-05-17,22:30,70.2,,52.3,53.0,,W@1.1,2.3,68.5,0.0,0,"Quincy, Grant County",330073,Quincy,2017-12-10 13:28:13.218537
2006-05-17,22:45,70.3,,52.2,52.6,,W@1.7,2.7,68.5,0.0,0,"Quincy, Grant County",330073,Quincy,2017-12-10 13:28:13.218537
2006-05-17,23:00,73.0,,51.9,47.6,,NW@2.5,5.4,68.3,0.0,0,"Quincy, Grant County",330073,Quincy,2017-12-10 13:28:13.218537
2006-05-18,23:15,73.6,,52.9,48.2,,NW@2.1,5.0,68.1,0.0,0,"Quincy, Grant County",330073,Quincy,2017-12-10 13:28:13.218537
2006-05-18,23:30,73.4,,53.8,50.3,,NW@2.9,3.4,67.9,0.0,0,"Quincy, Grant County",330073,Quincy,2017-12-10 13:28:13.218537
2006-05-18,23:45,73.6,,53.7,49.8,,W@2.9,4.3,67.8,0.0,0,"Quincy, Grant County",330073,Quincy,2017-12-10 13:28:13.218537
2006-05-18,24:00,73.1,,53.9,50.9,,W@3.0,4.1,67.6,0.0,0,"Quincy, Grant County",330073,Quincy,2017-12-10 13:28:13.218537
2006-05-18,00:15,72.7,,53.9,51.6,,NW@2.9,6.3,67.4,0.0,0,"Quincy, Grant County",330073,Quincy,2017-12-10 13:28:13.218537
2006-05-18,00:30,72.8,,53.9,51.4,,NW@2.0,2.7,67.2,0.0,0,"Quincy, Grant County",330073,Quincy,2017-12-10 13:28:13.218537
2006-05-18,00:45,72.6,,53.8,51.7,,NW@2.9,5.0,67.0,0.0,0,"Quincy, Grant County",330073,Quincy,2017-12-10 13:28:13.218537
2006-05-18,01:00,71.6,,54.0,53.8,,NW@2.5,4.5,66.9,0.0,0,"Quincy, Grant County",330073,Quincy,2017-12-10 13:28:13.218537
2006-05-18,01:15,69.9,,53.9,56.8,,NW@2.9,6.3,66.7,0.0,0,"Quincy, Grant County",330073,Quincy,2017-12-10 13:28:13.218537
2006-05-18,01:30,70.4,,53.1,54.3,,NW@3.0,5.0,66.5,0.0,0,"Quincy, Grant County",330073,Quincy,2017-12-10 13:28:13.218537
2006-05-18,01:45,71.4,,53.0,52.2,,NW@3.4,6.3,66.5,0.0,0,"Quincy, Grant County",330073,Quincy,2017-12-10 13:28:13.218537
2006-05-18,02:00,71.5,,53.0,51.9,,NW@3.2,5.5,66.4,0.0,0,"Quincy, Grant County",330073,Quincy,2017-12-10 13:28:13.218537
2006-05-18,02:15,71.7,,52.7,51.1,,NW@3.0,6.1,66.2,0.0,0,"Quincy, Grant County",330073,Quincy,2017-12-10 13:28:13.218537
2006-05-18,02:30,70.8,,52.7,52.8,,NW@1.4,4.1,66.1,0.0,0,"Quincy, Grant County",330073,Quincy,2017-12-10 13:28:13.218537
2006-05-18,02:45,69.6,,52.5,54.5,,NW@1.8,3.9,66.0,0.0,0,"Quincy, Grant County",330073,Quincy,2017-12-10 13:28:13.218537
2006-05-18,03:00,70.1,,52.0,52.6,,NW@3.9,5.9,65.8,0.0,0,"Quincy, Grant County",330073,Quincy,2017-12-10 13:28:13.218537
2006-05-18,03:15,71.2,,52.1,50.9,,NW@5.4,9.5,65.7,0.0,0,"Quincy, Grant County",330073,Quincy,2017-12-10 13:28:13.218537
2006-05-18,03:30,70.7,,52.0,51.5,,NW@4.7,7.5,65.5,0.0,0,"Quincy, Grant County",330073,Quincy,2017-12-10 13:28:13.218537
2006-05-18,03:45,70.3,,51.8,51.8,,NW@4.5,6.3,65.4,0.0,0,"Quincy, Grant County",330073,Quincy,2017-12-10 13:28:13.218537
2006-05-18,04:00,69.6,,51.9,53.2,,NW@4.3,6.6,65.3,0.0,0,"Quincy, Grant County",330073,Quincy,2017-12-10 13:28:13.218537
2006-05-18,04:15,68.9,,51.7,54.1,,NW@2.5,4.7,65.1,0.0,0,"Quincy, Grant County",330073,Quincy,2017-12-10 13:28:13.218537
2006-05-18,04:30,68.5,,51.7,54.9,,NW@2.3,5.7,65.0,0.0,2,"Quincy, Grant County",330073,Quincy,2017-12-10 13:28:13.218537
2006-05-18,04:45,68.7,,51.7,54.5,,NW@3.6,6.6,64.9,0.0,6,"Quincy, Grant County",330073,Quincy,2017-12-10 13:28:13.218537
2006-05-18,05:00,68.8,,51.8,54.6,,NW@3.9,7.0,64.7,0.0,17,"Quincy, Grant County",330073,Quincy,2017-12-10 13:28:13.218537
2006-05-18,05:15,68.8,,51.9,54.7,,NW@4.7,8.9,64.7,0.0,44,"Quincy, Grant County",330073,Quincy,2017-12-10 13:28:13.218537
2006-05-18,05:30,69.6,,52.4,54.4,,NW@3.6,6.3,64.6,0.0,98,"Quincy, Grant County",330073,Quincy,2017-12-10 13:28:13.218537
2006-05-18,05:45,69.9,,52.9,54.8,,NW@4.7,6.6,64.5,0.0,171,"Quincy, Grant County",330073,Quincy,2017-12-10 13:28:13.218537
2006-05-18,06:00,70.1,,53.2,54.9,,NW@5.0,8.2,64.4,0.0,194,"Quincy, Grant County",330073,Quincy,2017-12-10 13:28:13.218537
2006-05-18,06:15,70.2,,53.4,55.2,,NW@5.0,8.1,64.3,0.0,190,"Quincy, Grant County",330073,Quincy,2017-12-10 13:28:13.218537
2006-05-18,06:30,71.2,,53.9,54.5,,NW@4.3,6.4,64.2,0.0,253,"Quincy, Grant County",330073,Quincy,2017-12-10 13:28:13.218537
2006-05-18,06:45,71.6,,54.0,53.7,,NW@5.7,9.3,64.1,0.0,334,"Quincy, Grant County",330073,Quincy,2017-12-10 13:28:13.218537
2006-05-18,07:00,72.3,,54.3,53.1,,NW@5.4,8.2,64.1,0.0,375,"Quincy, Grant County",330073,Quincy,2017-12-10 13:28:13.218537
2006-05-18,07:15,73.1,,54.8,52.6,0.0,NW@5.5,9.1,63.9,0.0,420,"Quincy, Grant County",330073,Quincy,2017-12-10 13:28:13.218537
2006-05-18,07:30,74.3,,55.2,51.3,0.0,NW@4.5,7.5,63.8,0.0,468,"Quincy, Grant County",330073,Quincy,2017-12-10 13:28:13.218537
2006-05-18,07:45,75.4,,55.8,50.5,0.0,NW@4.3,8.1,63.8,0.0,516,"Quincy, Grant County",330073,Quincy,2017-12-10 13:28:13.218537
2006-05-18,08:00,76.7,,56.5,49.6,0.0,W@3.8,5.9,63.8,0.0,572,"Quincy, Grant County",330073,Quincy,2017-12-10 13:28:13.218537
2006-05-18,08:15,77.9,,56.7,48.0,0.0,W@3.2,4.7,63.7,0.0,611,"Quincy, Grant County",330073,Quincy,2017-12-10 13:28:13.218537
2006-05-18,08:30,78.4,,57.0,47.9,0.0,W@3.6,6.4,63.7,0.0,634,"Quincy, Grant County",330073,Quincy,2017-12-10 13:28:13.218537
2006-05-18,08:45,77.5,,56.8,49.0,0.0,W@4.1,7.0,63.7,0.0,674,"Quincy, Grant County",330073,Quincy,2017-12-10 13:28:13.218537
2006-05-18,09:00,79.3,,57.0,46.5,0.0,W@3.9,6.3,63.8,0.0,723,"Quincy, Grant County",330073,Quincy,2017-12-10 13:28:13.218537
2006-05-18,09:15,79.7,,57.3,46.2,0.0,W@4.3,6.8,63.8,0.0,760,"Quincy, Grant County",330073,Quincy,2017-12-10 13:28:13.218537
2006-05-18,09:30,80.9,,57.9,45.4,0.0,W@3.9,5.4,63.9,0.0,783,"Quincy, Grant County",330073,Quincy,2017-12-10 13:28:13.218537
2006-05-18,09:45,81.4,,57.7,44.3,0.0,W@3.6,5.4,63.9,0.0,819,"Quincy, Grant County",330073,Quincy,2017-12-10 13:28:13.218537
2006-05-18,10:00,82.0,,57.3,43.0,0.0,W@3.6,5.0,64.1,0.0,855,"Quincy, Grant County",330073,Quincy,2017-12-10 13:28:13.218537
2006-05-18,10:15,83.8,,56.7,39.7,0.0,W@2.9,3.9,64.2,0.0,870,"Quincy, Grant County",330073,Quincy,2017-12-10 13:28:13.218537
2006-05-18,10:30,84.9,,57.3,39.2,0.0,SW@2.1,4.5,64.2,0.0,884,"Quincy, Grant County",330073,Quincy,2017-12-10 13:28:13.218537
2006-05-18,10:45,85.4,,57.7,39.1,0.0,S@2.9,5.4,64.4,0.0,903,"Quincy, Grant County",330073,Quincy,2017-12-10 13:28:13.218537
2006-05-18,11:00,85.8,,59.0,40.4,0.01,SE@2.5,4.7,64.5,0.0,915,"Quincy, Grant County",330073,Quincy,2017-12-10 13:28:13.218537
2006-05-18,11:15,86.7,,59.4,39.9,0.01,S@3.0,6.3,64.6,0.0,929,"Quincy, Grant County",330073,Quincy,2017-12-10 13:28:13.218537
2006-05-18,11:30,86.9,,60.1,40.6,0.01,E@3.2,6.3,64.8,0.0,937,"Quincy, Grant County",330073,Quincy,2017-12-10 13:28:13.218537
2006-05-18,11:45,87.9,,59.9,39.1,0.01,SE@2.9,5.4,65.0,0.0,944,"Quincy, Grant County",330073,Quincy,2017-12-10 13:28:13.218537
2006-05-18,12:00,88.3,,59.8,38.4,0.01,SE@3.4,6.4,65.3,0.0,946,"Quincy, Grant County",330073,Quincy,2017-12-10 13:28:13.218537
2006-05-18,12:15,88.9,,59.0,36.6,0.01,SE@3.8,7.9,65.5,0.0,949,"Quincy, Grant County",330073,Quincy,2017-12-10 13:28:13.218537
2006-05-18,12:30,89.5,,58.5,35.3,0.01,SE@4.3,7.0,65.9,0.0,933,"Quincy, Grant County",330073,Quincy,2017-12-10 13:28:13.218537
2006-05-18,12:45,90.1,,57.7,33.7,0.01,S@4.3,6.1,66.3,0.0,912,"Quincy, Grant County",330073,Quincy,2017-12-10 13:28:13.218537
2006-05-18,13:00,90.3,,58.0,33.8,0.01,SE@5.0,9.7,66.4,0.0,914,"Quincy, Grant County",330073,Quincy,2017-12-10 13:28:13.218537
2006-05-18,13:15,90.6,,57.5,32.8,0.01,S@4.7,8.9,66.7,0.0,898,"Quincy, Grant County",330073,Quincy,2017-12-10 13:28:13.218537
2006-05-18,13:30,91.2,,54.1,28.6,0.01,S@4.3,9.1,67.0,0.0,877,"Quincy, Grant County",330073,Quincy,2017-12-10 13:28:13.218537
2006-05-18,13:45,91.7,,55.3,29.4,0.01,SE@4.1,7.9,67.4,0.0,841,"Quincy, Grant County",330073,Quincy,2017-12-10 13:28:13.218537
2006-05-18,14:00,91.7,,55.2,29.2,0.01,SE@4.1,8.6,67.7,0.0,825,"Quincy, Grant County",330073,Quincy,2017-12-10 13:28:13.218537
2006-05-18,14:15,92.2,,56.3,30.0,0.01,SE@3.6,8.4,67.9,0.0,802,"Quincy, Grant County",330073,Quincy,2017-12-10 13:28:13.218537
2006-05-18,14:30,91.7,,57.2,31.4,0.01,SE@4.3,8.1,68.2,0.0,768,"Quincy, Grant County",330073,Quincy,2017-12-10 13:28:13.218537
2006-05-18,14:45,91.9,,57.0,31.0,0.01,SE@4.1,8.8,68.5,0.0,732,"Quincy, Grant County",330073,Quincy,2017-12-10 13:28:13.218537
2006-05-18,15:00,92.0,,56.2,30.1,0.01,SE@4.1,7.7,68.7,0.0,696,"Quincy, Grant County",330073,Quincy,2017-12-10 13:28:13.218537
2006-05-18,15:15,92.1,,55.1,28.8,0.01,SE@4.7,7.7,69.0,0.0,661,"Quincy, Grant County",330073,Quincy,2017-12-10 13:28:13.218537
2006-05-18,15:30,92.0,,55.8,29.6,0.01,SE@4.5,7.0,69.3,0.0,619,"Quincy, Grant County",330073,Quincy,2017-12-10 13:28:13.218537
2006-05-18,15:45,91.9,,56.7,30.8,0.01,SE@4.1,6.8,69.6,0.0,577,"Quincy, Grant County",330073,Quincy,2017-12-10 13:28:13.218537
2006-05-18,16:00,91.6,,56.2,30.4,0.01,SE@4.7,8.2,69.8,0.0,537,"Quincy, Grant County",330073,Quincy,2017-12-10 13:28:13.218537
2006-05-18,16:15,91.9,,55.5,29.4,0.01,SE@3.6,6.1,70.0,0.0,498,"Quincy, Grant County",330073,Quincy,2017-12-10 13:28:13.218537
2006-05-18,16:30,91.6,,57.1,31.4,0.01,SE@3.6,7.2,70.2,0.0,458,"Quincy, Grant County",330073,Quincy,2017-12-10 13:28:13.218537
2006-05-18,16:45,91.1,,56.3,31.0,0.01,SE@3.6,5.5,70.4,0.0,406,"Quincy, Grant County",330073,Quincy,2017-12-10 13:28:13.218537
2006-05-18,17:00,90.7,,55.6,30.5,0.01,SE@3.9,7.2,70.5,0.0,387,"Quincy, Grant County",330073,Quincy,2017-12-10 13:28:13.218537
2006-05-18,17:15,89.0,,56.3,33.1,0.01,SE@3.6,5.7,70.7,0.0,145,"Quincy, Grant County",330073,Quincy,2017-12-10 13:28:13.218537
2006-05-18,17:30,86.5,,55.7,35.2,0.01,SE@2.1,4.1,70.8,0.0,101,"Quincy, Grant County",330073,Quincy,2017-12-10 13:28:13.218537
2006-05-18,17:45,85.2,,57.2,38.7,0.01,SE@2.0,3.2,70.9,0.0,77,"Quincy, Grant County",330073,Quincy,2017-12-10 13:28:13.218537
2006-05-18,18:00,84.7,,57.7,40.0,0.01,SE@1.4,3.6,71.0,0.0,46,"Quincy, Grant County",330073,Quincy,2017-12-10 13:28:13.218537
2006-05-18,18:15,84.1,,58.7,42.2,0.0,S@2.1,5.4,71.2,0.0,21,"Quincy, Grant County",330073,Quincy,2017-12-10 13:28:13.218537
2006-05-18,18:30,83.5,,58.4,42.5,0.0,S@4.7,11.1,71.2,0.0,20,"Quincy, Grant County",330073,Quincy,2017-12-10 13:28:13.218537
2006-05-18,18:45,82.7,,54.4,37.7,0.0,SE@6.6,11.5,71.3,0.0,10,"Quincy, Grant County",330073,Quincy,2017-12-10 13:28:13.218537
2006-05-18,19:00,81.7,,54.6,39.3,0.0,S@12.5,22.7,71.3,0.0,6,"Quincy, Grant County",330073,Quincy,2017-12-10 13:28:13.218537
2006-05-18,19:15,78.6,,54.5,43.4,0.0,S@11.1,17.4,71.3,0.0,4,"Quincy, Grant County",330073,Quincy,2017-12-10 13:28:13.218537
2006-05-18,19:30,78.4,,53.5,42.1,0.0,S@11.8,19.0,71.2,0.0,2,"Quincy, Grant County",330073,Quincy,2017-12-10 13:28:13.218537
2006-05-18,19:45,78.2,,52.6,40.9,0.0,S@11.5,17.2,71.2,0.0,1,"Quincy, Grant County",330073,Quincy,2017-12-10 13:28:13.218537
2006-05-18,20:00,78.1,,52.3,40.6,0.0,SW@7.9,14.5,71.0,0.0,0,"Quincy, Grant County",330073,Quincy,2017-12-10 13:28:13.218537
2006-05-18,20:15,77.9,,51.6,39.8,0.0,SW@8.6,12.5,70.9,0.0,0,"Quincy, Grant County",330073,Quincy,2017-12-10 13:28:13.218537
2006-05-18,20:30,77.8,,51.5,39.9,0.0,SW@6.8,8.6,70.8,0.0,0,"Quincy, Grant County",330073,Quincy,2017-12-10 13:28:13.218537
2006-05-18,20:45,77.6,,51.1,39.6,0.0,SW@4.8,9.5,70.7,0.0,0,"Quincy, Grant County",330073,Quincy,2017-12-10 13:28:13.218537
2006-05-18,21:00,77.2,,49.9,38.3,0.0,SW@3.9,6.6,70.6,0.0,0,"Quincy, Grant County",330073,Quincy,2017-12-10 13:28:13.218537
2006-05-18,21:15,75.8,,50.8,41.6,,SE@2.0,2.9,70.4,0.0,0,"Quincy, Grant County",330073,Quincy,2017-12-10 13:28:13.218537
2006-05-18,21:30,73.9,,51.6,45.6,,E@2.3,3.6,70.3,0.0,0,"Quincy, Grant County",330073,Quincy,2017-12-10 13:28:13.218537
2006-05-18,21:45,73.9,,51.2,45.0,,S@1.4,4.3,70.2,0.0,0,"Quincy, Grant County",330073,Quincy,2017-12-10 13:28:13.218537
2006-05-18,22:00,76.2,,49.5,39.0,,SW@6.1,9.8,70.0,0.0,0,"Quincy, Grant County",330073,Quincy,2017-12-10 13:28:13.218537
2006-05-18,22:15,77.5,,49.4,37.3,,SW@8.2,14.8,69.9,0.0,0,"Quincy, Grant County",330073,Quincy,2017-12-10 13:28:13.218537
2006-05-18,22:30,77.1,,50.0,38.7,,SW@6.1,7.5,69.8,0.0,0,"Quincy, Grant County",330073,Quincy,2017-12-10 13:28:13.218537
2006-05-18,22:45,77.2,,50.1,38.6,,SW@7.2,10.2,69.7,0.0,0,"Quincy, Grant County",330073,Quincy,2017-12-10 13:28:13.218537
2006-05-18,23:00,77.7,,50.0,37.9,0.0,SW@6.1,9.3,69.5,0.0,0,"Quincy, Grant County",330073,Quincy,2017-12-10 13:28:13.218537
2006-05-19,23:15,76.4,,50.4,40.1,0.0,SW@4.3,6.3,69.4,0.0,0,"Quincy, Grant County",330073,Quincy,2017-12-10 13:28:13.218537
2006-05-19,23:30,74.6,,50.3,42.3,0.0,W@2.9,4.3,69.2,0.0,0,"Quincy, Grant County",330073,Quincy,2017-12-10 13:28:13.218537
2006-05-19,23:45,73.7,,50.3,43.7,,N@0.0,1.7,69.0,0.0,0,"Quincy, Grant County",330073,Quincy,2017-12-10 13:28:13.218537
2006-05-19,24:00,71.7,,50.6,47.2,,N@1.9,2.7,68.8,0.0,0,"Quincy, Grant County",330073,Quincy,2017-12-10 13:28:13.218537
2006-05-19,00:15,,,,0.0,,0.0,99999.0,,0.0,0,"Quincy, Grant County",330073,Quincy,2017-12-10 13:28:13.218537
2006-05-19,00:15,70.4,,50.6,49.5,,NW@0.4,1.1,68.7,0.0,0,"Quincy, Grant County",330073,Quincy,2017-12-10 13:28:13.218537
2006-05-19,00:30,,,,0.0,,0.0,99999.0,,0.0,0,"Quincy, Grant County",330073,Quincy,2017-12-10 13:28:13.218537
2006-05-19,00:30,67.4,,51.0,55.6,,W@2.0,3.2,68.6,0.0,0,"Quincy, Grant County",330073,Quincy,2017-12-10 13:28:13.218537
2006-05-19,00:45,66.9,,49.2,52.8,,NW@1.8,3.0,68.5,0.0,0,"Quincy, Grant County",330073,Quincy,2017-12-10 13:28:13.218537
2006-05-19,01:00,69.1,,48.0,46.8,,NW@2.1,4.7,68.3,0.0,0,"Quincy, Grant County",330073,Quincy,2017-12-10 13:28:13.218537
2006-05-19,01:15,68.6,,48.8,49.3,,NW@2.9,4.7,68.2,0.0,0,"Quincy, Grant County",330073,Quincy,2017-12-10 13:28:13.218537
2006-05-19,01:30,,,,0.0,,0.0,99999.0,,0.0,0,"Quincy, Grant County",330073,Quincy,2017-12-10 13:28:13.218537
2006-05-19,01:30,67.6,,48.8,51.0,,NW@2.3,3.4,68.1,0.0,0,"Quincy, Grant County",330073,Quincy,2017-12-10 13:28:13.218537
2006-05-19,01:45,67.4,,48.7,51.0,,NW@2.5,3.9,68.0,0.0,0,"Quincy, Grant County",330073,Quincy,2017-12-10 13:28:13.218537
2006-05-19,02:00,68.2,,48.8,49.8,,NW@2.7,4.7,67.9,0.0,0,"Quincy, Grant County",330073,Quincy,2017-12-10 13:28:13.218537
2006-05-19,02:15,,,,0.0,,0.0,99999.0,,0.0,0,"Quincy, Grant County",330073,Quincy,2017-12-10 13:28:13.218537
2006-05-19,02:15,68.2,,48.9,50.2,,NW@3.4,4.8,67.7,0.0,0,"Quincy, Grant County",330073,Quincy,2017-12-10 13:28:13.218537
2006-05-19,02:30,68.1,,49.0,50.4,,NW@3.9,6.8,67.6,0.0,0,"Quincy, Grant County",330073,Quincy,2017-12-10 13:28:13.218537
2006-05-19,02:45,67.9,,49.2,51.2,,NW@3.2,5.7,67.4,0.0,0,"Quincy, Grant County",330073,Quincy,2017-12-10 13:28:13.218537
2006-05-19,03:00,,,,0.0,,0.0,99999.0,,0.0,0,"Quincy, Grant County",330073,Quincy,2017-12-10 13:28:13.218537
2006-05-19,03:00,67.3,,49.2,52.1,,NW@5.0,5.9,67.2,0.0,0,"Quincy, Grant County",330073,Quincy,2017-12-10 13:28:13.218537
2006-05-19,03:15,67.3,,49.3,52.5,,NW@3.6,6.8,67.1,0.0,0,"Quincy, Grant County",330073,Quincy,2017-12-10 13:28:13.218537
2006-05-19,03:30,,,,0.0,,0.0,99999.0,,0.0,0,"Quincy, Grant County",330073,Quincy,2017-12-10 13:28:13.218537
2006-05-19,03:45,66.3,,49.3,54.2,,NW@2.5,4.3,66.8,0.0,0,"Quincy, Grant County",330073,Quincy,2017-12-10 13:28:13.218537
2006-05-19,04:00,65.4,,49.3,55.9,,S@1.8,3.8,66.7,0.0,0,"Quincy, Grant County",330073,Quincy,2017-12-10 13:28:13.218537
2006-05-19,04:15,,,,0.0,,0.0,99999.0,,0.0,0,"Quincy, Grant County",330073,Quincy,2017-12-10 13:28:13.218537
2006-05-19,04:15,65.0,,49.3,56.7,,NW@1.4,2.7,66.5,0.0,0,"Quincy, Grant County",330073,Quincy,2017-12-10 13:28:13.218537
2006-05-19,04:30,,,,0.0,,0.0,99999.0,,0.0,0,"Quincy, Grant County",330073,Quincy,2017-12-10 13:28:13.218537
2006-05-19,04:30,64.7,,50.7,60.2,,NE@1.4,2.3,66.4,0.0,2,"Quincy, Grant County",330073,Quincy,2017-12-10 13:28:13.218537
2006-05-19,04:45,63.8,,50.8,62.5,,N@0.0,1.7,66.3,0.0,5,"Quincy, Grant County",330073,Quincy,2017-12-10 13:28:13.218537
2006-05-19,05:00,63.5,,50.4,62.3,,N@0.0,1.3,66.2,0.0,18,"Quincy, Grant County",330073,Quincy,2017-12-10 13:28:13.218537
2006-05-19,05:15,,,,0.0,,0.0,99999.0,,0.0,0,"Quincy, Grant County",330073,Quincy,2017-12-10 13:28:13.218537
2006-05-19,05:15,67.8,,50.5,53.8,,NE@1.6,3.0,66.0,0.0,37,"Quincy, Grant County",330073,Quincy,2017-12-10 13:28:13.218537
2006-05-19,05:30,66.4,,52.1,59.9,,NE@1.1,3.0,65.9,0.0,75,"Quincy, Grant County",330073,Quincy,2017-12-10 13:28:13.218537
2006-05-19,05:45,66.7,,53.4,62.2,,N@0.0,0.4,65.8,0.0,150,"Quincy, Grant County",330073,Quincy,2017-12-10 13:28:13.218537
2006-05-19,06:00,67.9,,55.0,63.2,,S@0.4,1.7,65.6,0.0,293,"Quincy, Grant County",330073,Quincy,2017-12-10 13:28:13.218537
2006-05-19,06:15,69.5,,55.6,61.4,,SE@1.7,3.6,65.5,0.0,338,"Quincy, Grant County",330073,Quincy,2017-12-10 13:28:13.218537
2006-05-19,06:30,,,,0.0,,0.0,99999.0,,0.0,0,"Quincy, Grant County",330073,Quincy,2017-12-10 13:28:13.218537
2006-05-19,06:30,69.6,,56.1,62.0,,S@1.1,3.0,65.4,0.0,274,"Quincy, Grant County",330073,Quincy,2017-12-10 13:28:13.218537
2006-05-19,06:45,,,,0.0,,0.0,99999.0,,0.0,0,"Quincy, Grant County",330073,Quincy,2017-12-10 13:28:13.218537
2006-05-19,06:45,69.2,,55.9,62.4,,SW@1.5,1.1,65.2,0.0,196,"Quincy, Grant County",330073,Quincy,2017-12-10 13:28:13.218537
2006-05-19,07:00,,,,0.0,,0.0,99999.0,,0.0,0,"Quincy, Grant County",330073,Quincy,2017-12-10 13:28:13.218537
2006-05-19,07:00,68.9,,58.2,68.5,0.06,SE@1.4,1.8,65.2,0.0,230,"Quincy, Grant County",330073,Quincy,2017-12-10 13:28:13.218537
2006-05-19,07:15,70.1,,57.4,64.0,0.0,S@1.8,4.1,65.1,0.0,454,"Quincy, Grant County",330073,Quincy,2017-12-10 13:28:13.218537
2006-05-19,07:30,72.2,,54.6,53.8,0.0,SW@2.5,4.5,65.0,0.0,570,"Quincy, Grant County",330073,Quincy,2017-12-10 13:28:13.218537
2006-05-19,07:45,73.1,,54.3,51.8,0.0,W@1.4,3.0,65.0,0.0,446,"Quincy, Grant County",330073,Quincy,2017-12-10 13:28:13.218537
2006-05-19,08:00,73.9,,54.8,51.3,0.0,W@1.1,2.9,65.0,0.0,654,"Quincy, Grant County",330073,Quincy,2017-12-10 13:28:13.218537
2006-05-19,08:15,,,,0.0,,0.0,99999.0,,0.0,0,"Quincy, Grant County",330073,Quincy,2017-12-10 13:28:13.218537
2006-05-19,08:15,75.6,,55.8,50.3,0.0,SW@2.0,2.9,65.0,0.0,624,"Quincy, Grant County",330073,Quincy,2017-12-10 13:28:13.218537
2006-05-19,08:30,74.2,,54.7,50.5,0.0,W@4.3,5.9,65.0,0.0,684,"Quincy, Grant County",330073,Quincy,2017-12-10 13:28:13.218537
2006-05-19,08:45,,,,0.0,,0.0,99999.0,,0.0,0,"Quincy, Grant County",330073,Quincy,2017-12-10 13:28:13.218537
2006-05-19,08:45,73.7,,54.0,50.0,0.0,SW@3.4,6.1,65.0,0.0,378,"Quincy, Grant County",330073,Quincy,2017-12-10 13:28:13.218537
2006-05-19,09:00,74.0,,53.0,47.9,0.0,W@1.4,2.9,65.0,0.0,244,"Quincy, Grant County",330073,Quincy,2017-12-10 13:28:13.218537
2006-05-19,09:15,,,,0.0,,0.0,99999.0,,0.0,0,"Quincy, Grant County",330073,Quincy,2017-12-10 13:28:13.218537
2006-05-19,09:15,73.3,,58.8,60.4,0.0,NE@3.9,4.8,65.1,0.0,162,"Quincy, Grant County",330073,Quincy,2017-12-10 13:28:13.218537
2006-05-19,09:30,,,,0.0,,0.0,99999.0,,0.0,0,"Quincy, Grant County",330073,Quincy,2017-12-10 13:28:13.218537
2006-05-19,09:30,73.3,,55.5,53.5,,NE@4.7,5.5,65.1,0.0,335,"Quincy, Grant County",330073,Quincy,2017-12-10 13:28:13.218537
2006-05-19,09:45,74.0,,55.1,51.8,,NE@2.5,5.9,65.2,0.0,343,"Quincy, Grant County",330073,Quincy,2017-12-10 13:28:13.218537
2006-05-19,10:00,76.4,,55.6,48.5,0.0,S@2.9,7.2,65.3,0.0,736,"Quincy, Grant County",330073,Quincy,2017-12-10 13:28:13.218537
2006-05-19,10:15,76.4,,54.5,46.6,0.0,SW@4.3,6.3,65.4,0.0,756,"Quincy, Grant County",330073,Quincy,2017-12-10 13:28:13.218537
2006-05-19,10:30,76.8,,54.4,45.8,0.0,W@2.0,3.0,65.5,0.0,896,"Quincy, Grant County",330073,Quincy,2017-12-10 13:28:13.218537
2006-05-19,10:45,,,,0.0,,0.0,99999.0,,0.0,0,"Quincy, Grant County",330073,Quincy,2017-12-10 13:28:13.218537
2006-05-19,10:45,80.6,,57.1,44.6,0.0,S@2.0,4.8,65.6,0.0,681,"Quincy, Grant County",330073,Quincy,2017-12-10 13:28:13.218537
2006-05-19,11:00,,,,0.0,,0.0,99999.0,,0.0,0,"Quincy, Grant County",330073,Quincy,2017-12-10 13:28:13.218537
2006-05-19,11:00,78.8,,55.0,43.9,0.0,NE@1.1,1.8,65.8,0.0,504,"Quincy, Grant County",330073,Quincy,2017-12-10 13:28:13.218537
2006-05-19,11:15,,,,0.0,,0.0,99999.0,,0.0,0,"Quincy, Grant County",330073,Quincy,2017-12-10 13:28:13.218537
2006-05-19,11:15,80.3,,55.9,43.1,0.0,NE@1.3,2.9,65.8,0.0,775,"Quincy, Grant County",330073,Quincy,2017-12-10 13:28:13.218537
2006-05-19,11:30,82.1,,55.8,40.5,0.0,SE@1.1,3.0,65.9,0.0,619,"Quincy, Grant County",330073,Quincy,2017-12-10 13:28:13.218537
2006-05-19,11:45,80.5,,56.2,43.4,0.0,W@0.4,3.2,66.0,0.0,225,"Quincy, Grant County",330073,Quincy,2017-12-10 13:28:13.218537
2006-05-19,12:00,,,,0.0,,0.0,99999.0,,0.0,0,"Quincy, Grant County",330073,Quincy,2017-12-10 13:28:13.218537
2006-05-19,12:00,80.3,,56.4,44.0,0.0,W@2.1,4.3,66.2,0.0,891,"Quincy, Grant County",330073,Quincy,2017-12-10 13:28:13.218537
2006-05-19,12:15,83.5,,55.5,38.3,0.0,S@1.7,2.9,66.3,0.0,850,"Quincy, Grant County",330073,Quincy,2017-12-10 13:28:13.218537
2006-05-19,12:30,82.3,,54.8,38.9,0.0,SE@1.6,4.8,66.4,0.0,488,"Quincy, Grant County",330073,Quincy,2017-12-10 13:28:13.218537
2006-05-19,12:45,81.4,,57.3,43.9,0.0,S@1.4,3.4,66.7,0.0,391,"Quincy, Grant County",330073,Quincy,2017-12-10 13:28:13.218537
2006-05-19,13:00,,,,0.0,,0.0,99999.0,,0.0,0,"Quincy, Grant County",330073,Quincy,2017-12-10 13:28:13.218537
2006-05-19,13:00,82.9,,53.6,36.5,0.0,SE@1.1,3.2,66.8,0.0,685,"Quincy, Grant County",330073,Quincy,2017-12-10 13:28:13.218537
2006-05-19,13:15,,,,0.0,,0.0,99999.0,,0.0,0,"Quincy, Grant County",330073,Quincy,2017-12-10 13:28:13.218537
2006-05-19,13:15,81.6,,55.4,40.6,0.0,E@3.9,9.8,67.0,0.0,1022,"Quincy, Grant County",330073,Quincy,2017-12-10 13:28:13.218537
2006-05-19,13:30,83.1,,54.8,38.0,0.0,E@3.2,5.7,67.2,0.0,900,"Quincy, Grant County",330073,Quincy,2017-12-10 13:28:13.218537
2006-05-19,13:45,,,,0.0,,0.0,99999.0,,0.0,0,"Quincy, Grant County",330073,Quincy,2017-12-10 13:28:13.218537
2006-05-19,13:45,84.3,,55.8,37.8,0.0,SE@2.9,5.9,67.4,0.0,854,"Quincy, Grant County",330073,Quincy,2017-12-10 13:28:13.218537
2006-05-19,14:00,84.7,,53.2,34.0,0.0,SW@2.5,5.7,67.7,0.0,837,"Quincy, Grant County",330073,Quincy,2017-12-10 13:28:13.218537
2006-05-19,14:15,84.8,,54.2,35.1,0.0,S@2.9,8.6,67.8,0.0,732,"Quincy, Grant County",330073,Quincy,2017-12-10 13:28:13.218537
2006-05-19,14:30,,,,0.0,,0.0,99999.0,,0.0,0,"Quincy, Grant County",330073,Quincy,2017-12-10 13:28:13.218537
2006-05-19,14:30,84.4,,52.9,33.9,0.0,SE@2.3,6.1,68.0,0.0,611,"Quincy, Grant County",330073,Quincy,2017-12-10 13:28:13.218537
2006-05-19,14:45,83.2,,55.5,38.7,0.0,SE@3.0,7.2,68.2,0.0,432,"Quincy, Grant County",330073,Quincy,2017-12-10 13:28:13.218537
2006-05-19,15:00,81.6,,57.0,43.0,0.0,SE@3.0,5.9,68.3,0.0,391,"Quincy, Grant County",330073,Quincy,2017-12-10 13:28:13.218537
2006-05-19,15:15,,,,0.0,,0.0,99999.0,,0.0,0,"Quincy, Grant County",330073,Quincy,2017-12-10 13:28:13.218537
2006-05-19,15:15,81.3,,56.2,42.3,0.0,SE@1.8,4.5,68.6,0.0,295,"Quincy, Grant County",330073,Quincy,2017-12-10 13:28:13.218537
2006-05-19,15:30,,,,0.0,,0.0,99999.0,,0.0,0,"Quincy, Grant County",330073,Quincy,2017-12-10 13:28:13.218537
2006-05-19,15:30,80.9,,56.2,42.8,0.0,SE@1.3,2.7,68.8,0.0,222,"Quincy, Grant County",330073,Quincy,2017-12-10 13:28:13.218537
2006-05-19,15:45,80.4,,56.3,43.7,0.0,NW@1.1,2.3,69.1,0.0,82,"Quincy, Grant County",330073,Quincy,2017-12-10 13:28:13.218537
2006-05-19,16:00,77.8,,58.3,51.2,0.13,NW@1.7,1.6,69.2,0.0,25,"Quincy, Grant County",330073,Quincy,2017-12-10 13:28:13.218537
2006-05-19,16:15,75.1,,64.8,70.3,0.79,W@1.4,1.8,69.4,0.0,9,"Quincy, Grant County",330073,Quincy,2017-12-10 13:28:13.218537
2006-05-19,16:30,,,,0.0,,0.0,99999.0,,0.0,0,"Quincy, Grant County",330073,Quincy,2017-12-10 13:28:13.218537
2006-05-19,16:30,69.7,,58.1,66.4,0.73,SW@8.9,13.1,69.6,0.01,6,"Quincy, Grant County",330073,Quincy,2017-12-10 13:28:13.218537
2006-05-19,16:45,,,,0.0,,0.0,99999.0,,0.0,0,"Quincy, Grant County",330073,Quincy,2017-12-10 13:28:13.218537
2006-05-19,16:45,64.7,,60.4,85.7,0.69,W@3.9,5.9,69.6,0.0,47,"Quincy, Grant County",330073,Quincy,2017-12-10 13:28:13.218537
2006-05-19,17:00,64.6,,60.9,87.7,0.68,NW@2.0,4.1,69.7,0.0,37,"Quincy, Grant County",330073,Quincy,2017-12-10 13:28:13.218537
2006-05-19,17:15,65.0,,61.3,87.6,0.71,NW@1.5,1.8,69.7,0.0,16,"Quincy, Grant County",330073,Quincy,2017-12-10 13:28:13.218537
2006-05-19,17:30,65.2,,61.3,87.1,0.75,SW@2.0,4.1,69.7,0.0,9,"Quincy, Grant County",330073,Quincy,2017-12-10 13:28:13.218537
2006-05-19,17:45,65.6,,60.6,83.7,0.7,SW@2.3,3.9,69.6,0.02,5,"Quincy, Grant County",330073,Quincy,2017-12-10 13:28:13.218537
2006-05-19,18:00,65.5,,61.1,85.7,0.64,E@1.4,2.9,69.5,0.01,5,"Quincy, Grant County",330073,Quincy,2017-12-10 13:28:13.218537
2006-05-19,18:15,64.6,,62.0,91.2,0.67,N@1.1,2.0,69.4,0.0,7,"Quincy, Grant County",330073,Quincy,2017-12-10 13:28:13.218537
2006-05-19,18:30,64.3,,61.7,91.1,0.67,NW@2.1,3.9,69.2,0.0,11,"Quincy, Grant County",330073,Quincy,2017-12-10 13:28:13.218537
2006-05-19,18:45,63.8,,61.6,92.5,0.66,NW@1.1,2.9,69.0,0.0,8,"Quincy, Grant County",330073,Quincy,2017-12-10 13:28:13.218537
2006-05-19,19:00,63.3,,61.4,93.5,0.67,N@0.0,1.1,68.8,0.0,7,"Quincy, Grant County",330073,Quincy,2017-12-10 13:28:13.218537
2006-05-19,19:15,62.8,,61.4,94.9,0.67,NW@1.5,1.6,68.7,0.0,5,"Quincy, Grant County",330073,Quincy,2017-12-10 13:28:13.218537
2006-05-19,19:30,62.7,,61.4,95.3,0.67,W@1.1,2.1,68.5,0.0,0,"Quincy, Grant County",330073,Quincy,2017-12-10 13:28:13.218537
2006-05-19,19:45,63.7,,59.7,86.5,0.61,SW@2.5,4.1,68.3,0.0,0,"Quincy, Grant County",330073,Quincy,2017-12-10 13:28:13.218537
2006-05-19,20:00,63.6,,61.1,91.6,0.63,SE@2.5,3.8,68.2,0.04,0,"Quincy, Grant County",330073,Quincy,2017-12-10 13:28:13.218537
2006-05-19,20:15,63.0,,61.4,94.3,0.65,SW@1.8,3.6,68.0,0.0,0,"Quincy, Grant County",330073,Quincy,2017-12-10 13:28:13.218537
2006-05-19,20:30,63.2,,62.0,95.8,0.66,E@2.0,3.4,67.8,0.0,0,"Quincy, Grant County",330073,Quincy,2017-12-10 13:28:13.218537
2006-05-19,20:45,62.9,,62.6,98.6,0.68,NE@1.4,2.5,67.6,0.0,0,"Quincy, Grant County",330073,Quincy,2017-12-10 13:28:13.218537
2006-05-19,21:00,62.6,,62.6,99.9,0.69,NE@1.6,3.0,67.4,0.0,0,"Quincy, Grant County",330073,Quincy,2017-12-10 13:28:13.218537
2006-05-19,21:15,62.5,,62.5,100.0,0.7,NE@1.8,3.0,67.2,0.0,0,"Quincy, Grant County",330073,Quincy,2017-12-10 13:28:13.218537
2006-05-19,21:30,62.3,,62.3,100.0,0.71,NW@0.4,1.4,67.0,0.0,0,"Quincy, Grant County",330073,Quincy,2017-12-10 13:28:13.218537
2006-05-19,21:45,62.3,,62.3,100.0,0.73,N@0.0,1.7,66.8,0.01,0,"Quincy, Grant County",330073,Quincy,2017-12-10 13:28:13.218537
2006-05-19,22:00,62.4,,62.3,99.7,0.73,NW@0.2,1.6,66.7,0.0,0,"Quincy, Grant County",330073,Quincy,2017-12-10 13:28:13.218537
2006-05-19,22:15,62.1,,61.7,98.3,0.73,NW@1.7,1.8,66.4,0.0,0,"Quincy, Grant County",330073,Quincy,2017-12-10 13:28:13.218537
2006-05-19,22:30,62.1,,61.4,97.2,0.73,N@0.0,1.5,66.3,0.0,0,"Quincy, Grant County",330073,Quincy,2017-12-10 13:28:13.218537
2006-05-19,22:45,62.0,,61.7,98.7,0.73,N@0.0,1.5,66.2,0.0,0,"Quincy, Grant County",330073,Quincy,2017-12-10 13:28:13.218537
2006-05-19,23:00,62.0,,61.7,98.8,0.71,W@1.9,2.1,66.0,0.01,0,"Quincy, Grant County",330073,Quincy,2017-12-10 13:28:13.218537
2006-05-20,23:15,62.3,,61.5,97.2,0.67,W@2.9,5.2,65.9,0.01,0,"Quincy, Grant County",330073,Quincy,2017-12-10 13:28:13.218537
2006-05-20,23:30,62.0,,61.8,99.2,0.63,W@4.7,7.3,65.6,0.01,0,"Quincy, Grant County",330073,Quincy,2017-12-10 13:28:13.218537
2006-05-20,23:45,61.2,,60.2,96.3,0.61,W@5.0,7.9,65.5,0.0,0,"Quincy, Grant County",330073,Quincy,2017-12-10 13:28:13.218537
2006-05-20,24:00,59.8,,57.4,91.8,0.57,NW@5.7,10.9,65.4,0.03,0,"Quincy, Grant County",330073,Quincy,2017-12-10 13:28:13.218537
2006-05-20,00:15,58.8,,57.0,93.7,0.58,NW@4.8,8.4,65.2,0.01,0,"Quincy, Grant County",330073,Quincy,2017-12-10 13:28:13.218537
2006-05-20,00:30,58.8,,56.5,92.2,0.57,NW@4.5,7.5,65.1,0.0,0,"Quincy, Grant County",330073,Quincy,2017-12-10 13:28:13.218537
2006-05-20,00:45,59.1,,56.5,91.0,0.58,NW@3.2,7.2,64.9,0.0,0,"Quincy, Grant County",330073,Quincy,2017-12-10 13:28:13.218537
2006-05-20,01:00,59.4,,56.7,90.5,0.54,NW@2.9,6.3,64.7,0.0,0,"Quincy, Grant County",330073,Quincy,2017-12-10 13:28:13.218537
2006-05-20,01:15,59.7,,56.6,89.5,0.58,NW@2.9,5.9,64.6,0.02,0,"Quincy, Grant County",330073,Quincy,2017-12-10 13:28:13.218537
2006-05-20,01:30,59.2,,56.9,92.0,0.57,NW@2.5,5.5,64.5,0.02,0,"Quincy, Grant County",330073,Quincy,2017-12-10 13:28:13.218537
2006-05-20,01:45,58.8,,57.1,93.9,0.54,N@1.8,3.8,64.4,0.0,0,"Quincy, Grant County",330073,Quincy,2017-12-10 13:28:13.218537
2006-05-20,02:00,58.5,,57.0,94.4,0.55,NW@2.0,3.8,64.2,0.0,0,"Quincy, Grant County",330073,Quincy,2017-12-10 13:28:13.218537
2006-05-20,02:15,58.3,,57.2,95.8,0.58,NW@2.1,3.6,64.1,0.01,0,"Quincy, Grant County",330073,Quincy,2017-12-10 13:28:13.218537
2006-05-20,02:30,58.0,,57.2,97.0,0.57,N@1.8,3.6,63.8,0.01,0,"Quincy, Grant County",330073,Quincy,2017-12-10 13:28:13.218537
2006-05-20,02:45,57.8,,57.1,97.4,0.55,N@2.5,4.7,63.7,0.0,0,"Quincy, Grant County",330073,Quincy,2017-12-10 13:28:13.218537
2006-05-20,03:00,57.6,,57.0,97.8,0.55,N@1.4,3.4,63.5,0.0,0,"Quincy, Grant County",330073,Quincy,2017-12-10 13:28:13.218537
2006-05-20,03:15,57.7,,57.3,98.6,0.56,NW@1.8,3.0,63.4,0.0,0,"Quincy, Grant County",330073,Quincy,2017-12-10 13:28:13.218537
2006-05-20,03:30,57.6,,57.3,98.8,0.55,W@2.9,4.8,63.2,0.0,0,"Quincy, Grant County",330073,Quincy,2017-12-10 13:28:13.218537
2006-05-20,03:45,57.6,,57.0,97.5,0.54,W@2.1,3.6,63.0,0.0,0,"Quincy, Grant County",330073,Quincy,2017-12-10 13:28:13.218537
2006-05-20,04:00,57.5,,56.7,97.1,0.59,W@2.9,4.5,62.9,0.01,0,"Quincy, Grant County",330073,Quincy,2017-12-10 13:28:13.218537
2006-05-20,04:15,57.5,,56.7,97.1,0.6,W@2.5,5.0,62.8,0.0,0,"Quincy, Grant County",330073,Quincy,2017-12-10 13:28:13.218537
2006-05-20,04:30,57.1,,57.0,99.5,0.59,W@1.4,3.6,62.7,0.0,0,"Quincy, Grant County",330073,Quincy,2017-12-10 13:28:13.218537
2006-05-20,04:45,57.1,,57.0,99.3,0.59,NW@0.4,1.4,62.6,0.0,1,"Quincy, Grant County",330073,Quincy,2017-12-10 13:28:13.218537
2006-05-20,05:00,57.3,,56.9,98.6,0.58,NW@1.7,1.4,62.5,0.0,3,"Quincy, Grant County",330073,Quincy,2017-12-10 13:28:13.218537
2006-05-20,05:15,57.3,,56.8,98.0,0.57,NW@1.7,1.8,62.4,0.0,6,"Quincy, Grant County",330073,Quincy,2017-12-10 13:28:13.218537
2006-05-20,05:30,57.4,,56.8,97.6,0.55,W@1.1,2.3,62.2,0.0,7,"Quincy, Grant County",330073,Quincy,2017-12-10 13:28:13.218537
2006-05-20,05:45,57.5,,56.8,97.5,0.54,NW@1.1,2.3,62.0,0.0,12,"Quincy, Grant County",330073,Quincy,2017-12-10 13:28:13.218537
2006-05-20,06:00,57.8,,56.9,96.8,0.52,NW@1.1,2.3,61.9,0.0,14,"Quincy, Grant County",330073,Quincy,2017-12-10 13:28:13.218537
2006-05-20,06:15,58.0,,57.3,97.5,0.53,NW@0.4,1.3,61.8,0.0,8,"Quincy, Grant County",330073,Quincy,2017-12-10 13:28:13.218537
2006-05-20,06:30,57.8,,57.5,98.7,0.62,NW@0.2,1.5,61.6,0.0,14,"Quincy, Grant County",330073,Quincy,2017-12-10 13:28:13.218537
2006-05-20,06:45,57.9,,57.9,100.0,0.61,NE@1.7,1.1,61.5,0.0,19,"Quincy, Grant County",330073,Quincy,2017-12-10 13:28:13.218537
2006-05-20,07:00,58.0,,58.0,100.0,0.58,NE@1.1,2.1,61.5,0.0,33,"Quincy, Grant County",330073,Quincy,2017-12-10 13:28:13.218537
2006-05-20,07:15,58.4,,58.4,100.0,0.56,NE@1.9,1.8,61.4,0.0,69,"Quincy, Grant County",330073,Quincy,2017-12-10 13:28:13.218537
2006-05-20,07:30,58.8,,58.8,100.0,0.52,NE@1.1,2.3,61.2,0.0,58,"Quincy, Grant County",330073,Quincy,2017-12-10 13:28:13.218537
2006-05-20,07:45,59.0,,59.0,100.0,0.47,NE@1.4,2.5,61.2,0.0,61,"Quincy, Grant County",330073,Quincy,2017-12-10 13:28:13.218537
2006-05-20,08:00,59.1,,59.1,100.0,0.33,NE@1.8,3.2,61.1,0.0,57,"Quincy, Grant County",330073,Quincy,2017-12-10 13:28:13.218537
2006-05-20,08:15,59.2,,59.2,99.9,0.08,NE@1.4,3.0,61.1,0.0,57,"Quincy, Grant County",330073,Quincy,2017-12-10 13:28:13.218537
2006-05-20,08:30,59.2,,58.8,98.5,0.14,E@1.8,3.2,61.0,0.01,28,"Quincy, Grant County",330073,Quincy,2017-12-10 13:28:13.218537
2006-05-20,08:45,59.2,,58.9,99.0,0.13,E@1.1,2.0,61.0,0.0,62,"Quincy, Grant County",330073,Quincy,2017-12-10 13:28:13.218537
2006-05-20,09:00,59.4,,58.8,97.8,0.06,E@1.1,2.1,60.9,0.0,105,"Quincy, Grant County",330073,Quincy,2017-12-10 13:28:13.218537
2006-05-20,09:15,59.6,,58.8,97.1,0.49,W@1.1,3.6,60.9,0.01,93,"Quincy, Grant County",330073,Quincy,2017-12-10 13:28:13.218537
2006-05-20,09:30,59.0,,58.9,99.7,0.62,W@2.9,5.0,60.8,0.0,128,"Quincy, Grant County",330073,Quincy,2017-12-10 13:28:13.218537
2006-05-20,09:45,58.4,,58.4,100.0,0.58,NW@2.9,4.7,60.8,0.01,108,"Quincy, Grant County",330073,Quincy,2017-12-10 13:28:13.218537
2006-05-20,10:00,57.8,,57.0,97.4,0.56,NW@2.7,6.6,60.8,0.01,98,"Quincy, Grant County",330073,Quincy,2017-12-10 13:28:13.218537
2006-05-20,10:15,58.7,,57.8,97.0,0.58,NW@2.1,5.2,60.7,0.01,544,"Quincy, Grant County",330073,Quincy,2017-12-10 13:28:13.218537
2006-05-20,10:30,61.6,,58.7,90.0,0.39,NW@3.0,5.9,60.7,0.0,764,"Quincy, Grant County",330073,Quincy,2017-12-10 13:28:13.218537
2006-05-20,10:45,61.6,,58.8,90.4,0.0,NW@2.3,4.3,60.7,0.0,349,"Quincy, Grant County",330073,Quincy,2017-12-10 13:28:13.218537
2006-05-20,11:00,62.0,,58.9,89.4,,W@2.5,4.5,60.7,0.0,465,"Quincy, Grant County",330073,Quincy,2017-12-10 13:28:13.218537
2006-05-20,11:15,62.5,,58.8,87.5,0.06,W@2.9,5.5,60.7,0.0,555,"Quincy, Grant County",330073,Quincy,2017-12-10 13:28:13.218537
2006-05-20,11:30,63.6,,58.9,84.6,0.1,W@2.3,5.5,60.7,0.0,874,"Quincy, Grant County",330073,Quincy,2017-12-10 13:28:13.218537
2006-05-20,11:45,65.0,,59.1,81.0,,NW@1.8,5.0,60.7,0.0,859,"Quincy, Grant County",330073,Quincy,2017-12-10 13:28:13.218537
2006-05-20,12:00,65.6,,58.9,78.8,,N@1.8,4.3,60.8,0.0,759,"Quincy, Grant County",330073,Quincy,2017-12-10 13:28:13.218537
2006-05-20,12:15,66.0,,58.7,77.3,,NW@2.1,4.8,60.9,0.0,893,"Quincy, Grant County",330073,Quincy,2017-12-10 13:28:13.218537
2006-05-20,12:30,66.9,,57.7,72.2,,N@1.6,4.3,61.0,0.0,1069,"Quincy, Grant County",330073,Quincy,2017-12-10 13:28:13.218537
2006-05-20,12:45,67.6,,57.9,71.0,,W@1.4,4.7,61.1,0.0,1011,"Quincy, Grant County",330073,Quincy,2017-12-10 13:28:13.218537
2006-05-20,13:00,67.9,,58.4,71.4,0.0,SE@1.4,5.0,61.2,0.0,929,"Quincy, Grant County",330073,Quincy,2017-12-10 13:28:13.218537
2006-05-20,13:15,69.2,,59.1,70.1,0.0,SW@1.8,5.2,61.5,0.0,1015,"Quincy, Grant County",330073,Quincy,2017-12-10 13:28:13.218537
2006-05-20,13:30,69.4,,58.9,69.2,0.0,E@1.4,3.9,61.7,0.0,712,"Quincy, Grant County",330073,Quincy,2017-12-10 13:28:13.218537
2006-05-20,13:45,68.9,,58.3,68.9,0.0,SW@1.1,4.5,62.0,0.0,681,"Quincy, Grant County",330073,Quincy,2017-12-10 13:28:13.218537
2006-05-20,14:00,69.2,,57.3,65.7,0.0,SE@1.4,5.0,62.3,0.0,787,"Quincy, Grant County",330073,Quincy,2017-12-10 13:28:13.218537
2006-05-20,14:15,70.1,,56.7,62.5,0.0,E@1.4,4.1,62.6,0.0,688,"Quincy, Grant County",330073,Quincy,2017-12-10 13:28:13.218537
2006-05-20,14:30,70.9,,56.7,60.7,0.0,SE@1.1,4.7,62.8,0.0,746,"Quincy, Grant County",330073,Quincy,2017-12-10 13:28:13.218537
2006-05-20,14:45,71.3,,54.4,55.2,0.0,SW@1.1,3.2,63.0,0.0,677,"Quincy, Grant County",330073,Quincy,2017-12-10 13:28:13.218537
2006-05-20,15:00,71.9,,55.3,55.8,0.0,NE@1.8,3.6,63.3,0.0,712,"Quincy, Grant County",330073,Quincy,2017-12-10 13:28:13.218537
2006-05-20,15:15,72.6,,53.6,51.2,0.0,W@1.6,4.5,63.6,0.0,694,"Quincy, Grant County",330073,Quincy,2017-12-10 13:28:13.218537
2006-05-20,15:30,72.7,,52.6,49.2,0.0,W@2.9,5.5,63.9,0.0,631,"Quincy, Grant County",330073,Quincy,2017-12-10 13:28:13.218537
2006-05-20,15:45,73.1,,51.5,46.7,0.0,W@3.2,7.0,64.2,0.0,534,"Quincy, Grant County",330073,Quincy,2017-12-10 13:28:13.218537
2006-05-20,16:00,73.3,,51.4,46.2,0.0,W@2.9,6.4,64.4,0.0,573,"Quincy, Grant County",330073,Quincy,2017-12-10 13:28:13.218537
2006-05-20,16:15,72.6,,51.4,47.2,0.0,W@3.6,6.3,64.6,0.0,396,"Quincy, Grant County",330073,Quincy,2017-12-10 13:28:13.218537
2006-05-20,16:30,72.5,,49.9,44.9,,W@1.6,3.2,64.8,0.0,418,"Quincy, Grant County",330073,Quincy,2017-12-10 13:28:13.218537
2006-05-20,16:45,73.0,,50.1,44.4,,W@2.1,3.2,65.0,0.0,252,"Quincy, Grant County",330073,Quincy,2017-12-10 13:28:13.218537
2006-05-20,17:00,72.7,,51.9,48.0,,W@1.3,3.4,65.0,0.0,196,"Quincy, Grant County",330073,Quincy,2017-12-10 13:28:13.218537
2006-05-20,17:15,70.5,,55.1,58.3,0.0,NW@0.2,1.8,65.1,0.0,137,"Quincy, Grant County",330073,Quincy,2017-12-10 13:28:13.218537
2006-05-20,17:30,71.4,,52.9,52.1,0.0,N@1.3,3.6,65.2,0.0,208,"Quincy, Grant County",330073,Quincy,2017-12-10 13:28:13.218537
2006-05-20,17:45,71.8,,50.8,47.5,0.0,N@1.4,3.8,65.2,0.0,214,"Quincy, Grant County",330073,Quincy,2017-12-10 13:28:13.218537
2006-05-20,18:00,70.5,,52.0,51.8,0.0,NW@1.7,2.5,65.2,0.0,97,"Quincy, Grant County",330073,Quincy,2017-12-10 13:28:13.218537
2006-05-20,18:15,68.5,,50.7,53.0,,NW@1.1,2.7,65.2,0.0,66,"Quincy, Grant County",330073,Quincy,2017-12-10 13:28:13.218537
2006-05-20,18:30,67.8,,50.4,53.7,,NW@1.7,2.9,65.2,0.0,41,"Quincy, Grant County",330073,Quincy,2017-12-10 13:28:13.218537
2006-05-20,18:45,67.1,,51.3,56.9,,NW@1.5,1.1,65.1,0.0,37,"Quincy, Grant County",330073,Quincy,2017-12-10 13:28:13.218537
2006-05-20,19:00,65.0,,51.2,61.0,,W@1.1,1.6,65.1,0.0,7,"Quincy, Grant County",330073,Quincy,2017-12-10 13:28:13.218537
2006-05-20,19:15,63.9,,49.8,60.1,,NW@1.3,2.5,65.0,0.0,5,"Quincy, Grant County",330073,Quincy,2017-12-10 13:28:13.218537
2006-05-20,19:30,62.9,,48.7,59.7,,NW@1.4,3.2,64.9,0.0,1,"Quincy, Grant County",330073,Quincy,2017-12-10 13:28:13.218537
2006-05-20,19:45,62.7,,47.3,57.0,,NW@1.6,3.8,64.8,0.0,0,"Quincy, Grant County",330073,Quincy,2017-12-10 13:28:13.218537
2006-05-20,20:00,62.0,,46.6,56.9,,W@1.8,5.0,64.7,0.0,0,"Quincy, Grant County",330073,Quincy,2017-12-10 13:28:13.218537
2006-05-20,20:15,61.9,,45.1,54.0,,NW@3.2,5.7,64.5,0.0,0,"Quincy, Grant County",330073,Quincy,2017-12-10 13:28:13.218537
2006-05-20,20:30,61.6,,45.3,55.1,,W@3.9,7.7,64.3,0.0,0,"Quincy, Grant County",330073,Quincy,2017-12-10 13:28:13.218537
2006-05-20,20:45,60.8,,45.0,55.8,,NW@4.5,8.1,64.2,0.0,0,"Quincy, Grant County",330073,Quincy,2017-12-10 13:28:13.218537
2006-05-20,21:00,60.7,,44.3,54.6,,W@3.9,6.6,63.9,0.0,0,"Quincy, Grant County",330073,Quincy,2017-12-10 13:28:13.218537
2006-05-20,21:15,61.1,,44.1,53.3,,NW@3.6,5.9,63.7,0.0,0,"Quincy, Grant County",330073,Quincy,2017-12-10 13:28:13.218537
2006-05-20,21:30,59.0,,45.1,59.8,,N@1.4,4.8,63.5,0.0,0,"Quincy, Grant County",330073,Quincy,2017-12-10 13:28:13.218537
2006-05-20,21:45,59.4,,43.5,55.4,,NW@3.6,6.8,63.3,0.0,0,"Quincy, Grant County",330073,Quincy,2017-12-10 13:28:13.218537
2006-05-20,22:00,60.2,,43.7,54.2,,NW@3.2,4.8,63.1,0.0,0,"Quincy, Grant County",330073,Quincy,2017-12-10 13:28:13.218537
2006-05-20,22:15,59.6,,43.6,55.4,,NW@2.1,3.2,62.9,0.0,0,"Quincy, Grant County",330073,Quincy,2017-12-10 13:28:13.218537
2006-05-20,22:30,59.1,,43.7,56.6,,NW@2.9,5.4,62.7,0.0,0,"Quincy, Grant County",330073,Quincy,2017-12-10 13:28:13.218537
2006-05-20,22:45,58.8,,43.6,57.0,,NW@2.9,4.5,62.5,0.0,0,"Quincy, Grant County",330073,Quincy,2017-12-10 13:28:13.218537
2006-05-20,23:00,57.9,,43.4,58.5,,N@1.4,2.7,62.3,0.0,0,"Quincy, Grant County",330073,Quincy,2017-12-10 13:28:13.218537
2006-05-21,23:15,57.5,,43.4,59.2,,NW@2.1,5.2,62.1,0.0,0,"Quincy, Grant County",330073,Quincy,2017-12-10 13:28:13.218537
2006-05-21,23:30,57.4,,43.1,58.8,,NW@2.7,5.5,61.9,0.0,0,"Quincy, Grant County",330073,Quincy,2017-12-10 13:28:13.218537
2006-05-21,23:45,57.3,,43.0,58.8,,NW@3.2,7.2,61.7,0.0,0,"Quincy, Grant County",330073,Quincy,2017-12-10 13:28:13.218537
2006-05-21,24:00,57.3,,43.1,58.9,,NW@3.2,7.5,61.5,0.0,0,"Quincy, Grant County",330073,Quincy,2017-12-10 13:28:13.218537
2006-05-21,00:15,56.6,,43.2,60.6,,NW@3.4,5.0,61.2,0.0,0,"Quincy, Grant County",330073,Quincy,2017-12-10 13:28:13.218537
2006-05-21,00:30,56.7,,43.1,60.4,,NW@3.6,4.8,61.0,0.0,0,"Quincy, Grant County",330073,Quincy,2017-12-10 13:28:13.218537
2006-05-21,00:45,56.5,,43.2,60.8,,NW@4.3,7.5,60.9,0.0,0,"Quincy, Grant County",330073,Quincy,2017-12-10 13:28:13.218537
2006-05-21,01:00,56.1,,43.3,62.1,,NW@2.1,3.0,60.7,0.0,0,"Quincy, Grant County",330073,Quincy,2017-12-10 13:28:13.218537
2006-05-21,01:15,55.0,,43.4,64.7,,NW@2.7,3.9,60.5,0.0,0,"Quincy, Grant County",330073,Quincy,2017-12-10 13:28:13.218537
2006-05-21,01:30,54.4,,43.6,66.9,,NW@2.3,3.0,60.2,0.0,0,"Quincy, Grant County",330073,Quincy,2017-12-10 13:28:13.218537
2006-05-21,01:45,53.5,,43.5,68.9,,NW@2.5,4.3,60.1,0.0,0,"Quincy, Grant County",330073,Quincy,2017-12-10 13:28:13.218537
2006-05-21,02:00,53.5,,43.4,68.4,,NW@3.4,4.7,59.9,0.0,0,"Quincy, Grant County",330073,Quincy,2017-12-10 13:28:13.218537
2006-05-21,02:15,54.2,,43.3,66.5,,NW@1.8,2.7,59.7,0.0,0,"Quincy, Grant County",330073,Quincy,2017-12-10 13:28:13.218537
2006-05-21,02:30,53.3,,43.7,69.7,,NW@1.8,2.9,59.5,0.0,0,"Quincy, Grant County",330073,Quincy,2017-12-10 13:28:13.218537
2006-05-21,02:45,52.7,,43.6,71.0,,NW@2.9,4.3,59.3,0.0,0,"Quincy, Grant County",330073,Quincy,2017-12-10 13:28:13.218537
2006-05-21,03:00,53.5,,43.3,68.1,,NW@3.2,4.7,59.2,0.0,0,"Quincy, Grant County",330073,Quincy,2017-12-10 13:28:13.218537
2006-05-21,03:15,53.5,,43.3,68.3,,NW@3.2,5.0,59.1,0.0,0,"Quincy, Grant County",330073,Quincy,2017-12-10 13:28:13.218537
2006-05-21,03:30,52.6,,43.1,70.1,,NW@3.0,4.1,58.9,0.0,0,"Quincy, Grant County",330073,Quincy,2017-12-10 13:28:13.218537
2006-05-21,03:45,52.5,,43.2,70.5,,NW@2.1,3.2,58.8,0.0,0,"Quincy, Grant County",330073,Quincy,2017-12-10 13:28:13.218537
2006-05-21,04:00,51.8,,43.2,72.2,,NW@2.3,3.6,58.5,0.0,0,"Quincy, Grant County",330073,Quincy,2017-12-10 13:28:13.218537
2006-05-21,04:15,51.2,,43.5,74.7,,NW@2.9,3.9,58.4,0.0,0,"Quincy, Grant County",330073,Quincy,2017-12-10 13:28:13.218537
2006-05-21,04:30,51.0,,43.3,74.9,,NW@1.6,3.0,58.2,0.0,6,"Quincy, Grant County",330073,Quincy,2017-12-10 13:28:13.218537
2006-05-21,04:45,51.6,,43.3,73.0,,NW@2.9,4.1,58.1,0.0,19,"Quincy, Grant County",330073,Quincy,2017-12-10 13:28:13.218537
2006-05-21,05:00,52.1,,43.5,72.4,,NW@3.0,4.1,57.9,0.0,48,"Quincy, Grant County",330073,Quincy,2017-12-10 13:28:13.218537
2006-05-21,05:15,53.1,,43.8,70.7,,NW@2.3,4.1,57.8,0.0,81,"Quincy, Grant County",330073,Quincy,2017-12-10 13:28:13.218537
2006-05-21,05:30,52.6,,44.5,73.8,,NW@2.1,2.9,57.6,0.0,83,"Quincy, Grant County",330073,Quincy,2017-12-10 13:28:13.218537
2006-05-21,05:45,53.5,,45.0,72.7,,W@2.9,3.8,57.5,0.0,146,"Quincy, Grant County",330073,Quincy,2017-12-10 13:28:13.218537
2006-05-21,06:00,54.4,,44.9,70.2,,NW@3.6,4.8,57.4,0.0,140,"Quincy, Grant County",330073,Quincy,2017-12-10 13:28:13.218537
2006-05-21,06:15,56.0,,45.3,67.4,,NW@2.5,3.8,57.3,0.0,301,"Quincy, Grant County",330073,Quincy,2017-12-10 13:28:13.218537
2006-05-21,06:30,56.8,,45.9,66.8,,NW@2.3,4.7,57.2,0.0,335,"Quincy, Grant County",330073,Quincy,2017-12-10 13:28:13.218537
2006-05-21,06:45,57.0,,45.9,66.4,,NW@3.2,4.3,57.1,0.0,372,"Quincy, Grant County",330073,Quincy,2017-12-10 13:28:13.218537
2006-05-21,07:00,58.3,,45.6,62.6,,NW@3.6,5.9,57.0,0.0,473,"Quincy, Grant County",330073,Quincy,2017-12-10 13:28:13.218537
2006-05-21,07:15,59.2,,47.0,63.8,,NW@2.7,5.2,56.9,0.0,474,"Quincy, Grant County",330073,Quincy,2017-12-10 13:28:13.218537
2006-05-21,07:30,59.3,,48.0,66.1,,W@2.9,4.3,56.9,0.0,452,"Quincy, Grant County",330073,Quincy,2017-12-10 13:28:13.218537
2006-05-21,07:45,59.1,,47.6,65.6,,W@3.2,5.7,56.8,0.0,377,"Quincy, Grant County",330073,Quincy,2017-12-10 13:28:13.218537
2006-05-21,08:00,58.3,,47.8,68.0,,W@2.5,3.2,56.7,0.0,192,"Quincy, Grant County",330073,Quincy,2017-12-10 13:28:13.218537
2006-05-21,08:15,57.4,,47.3,68.8,,W@2.9,4.5,56.7,0.0,131,"Quincy, Grant County",330073,Quincy,2017-12-10 13:28:13.218537
2006-05-21,08:30,57.3,,47.2,68.9,,W@3.0,4.5,56.7,0.0,233,"Quincy, Grant County",330073,Quincy,2017-12-10 13:28:13.218537
2006-05-21,08:45,60.0,,48.5,65.9,,W@2.3,3.9,56.8,0.0,383,"Quincy, Grant County",330073,Quincy,2017-12-10 13:28:13.218537
2006-05-21,09:00,60.3,,48.2,64.1,,W@2.9,5.4,56.8,0.0,466,"Quincy, Grant County",330073,Quincy,2017-12-10 13:28:13.218537
2006-05-21,09:15,62.1,,47.8,59.3,,W@2.7,4.7,56.9,0.0,686,"Quincy, Grant County",330073,Quincy,2017-12-10 13:28:13.218537
2006-05-21,09:30,62.0,,48.0,60.0,,W@2.3,3.0,56.9,0.0,299,"Quincy, Grant County",330073,Quincy,2017-12-10 13:28:13.218537
2006-05-21,09:45,61.4,,48.6,62.8,,W@2.9,4.7,56.9,0.0,331,"Quincy, Grant County",330073,Quincy,2017-12-10 13:28:13.218537
2006-05-21,10:00,62.1,,48.5,60.9,,W@3.2,4.8,57.0,0.0,516,"Quincy, Grant County",330073,Quincy,2017-12-10 13:28:13.218537
2006-05-21,10:15,62.8,,48.3,59.0,,W@2.5,3.2,57.1,0.0,329,"Quincy, Grant County",330073,Quincy,2017-12-10 13:28:13.218537
2006-05-21,10:30,63.0,,47.8,57.4,,SW@2.1,3.4,57.1,0.0,312,"Quincy, Grant County",330073,Quincy,2017-12-10 13:28:13.218537
2006-05-21,10:45,63.2,,48.2,57.9,,SW@2.5,5.0,57.2,0.0,307,"Quincy, Grant County",330073,Quincy,2017-12-10 13:28:13.218537
2006-05-21,11:00,62.8,,49.7,62.1,,S@2.0,2.9,57.3,0.0,125,"Quincy, Grant County",330073,Quincy,2017-12-10 13:28:13.218537
2006-05-21,11:15,62.3,,51.4,67.5,0.01,S@2.7,5.4,57.3,0.0,144,"Quincy, Grant County",330073,Quincy,2017-12-10 13:28:13.218537
2006-05-21,11:30,61.7,,51.5,69.1,0.08,S@2.5,4.8,57.4,0.0,139,"Quincy, Grant County",330073,Quincy,2017-12-10 13:28:13.218537
2006-05-21,11:45,60.9,,52.0,72.4,0.21,SW@1.1,2.5,57.5,0.0,104,"Quincy, Grant County",330073,Quincy,2017-12-10 13:28:13.218537
2006-05-21,12:00,60.5,,52.2,74.2,0.03,W@3.2,4.5,57.6,0.0,131,"Quincy, Grant County",330073,Quincy,2017-12-10 13:28:13.218537
2006-05-21,12:15,60.1,,51.0,72.0,0.1,SW@3.6,5.9,57.6,0.0,123,"Quincy, Grant County",330073,Quincy,2017-12-10 13:28:13.218537
2006-05-21,12:30,60.0,,50.9,71.7,0.32,SW@2.9,5.2,57.8,0.0,84,"Quincy, Grant County",330073,Quincy,2017-12-10 13:28:13.218537
2006-05-21,12:45,59.1,,51.5,75.9,0.61,SW@3.6,4.8,57.8,0.0,107,"Quincy, Grant County",330073,Quincy,2017-12-10 13:28:13.218537
2006-05-21,13:00,58.8,,52.2,78.5,0.54,SW@3.2,4.8,57.9,0.01,134,"Quincy, Grant County",330073,Quincy,2017-12-10 13:28:13.218537
2006-05-21,13:15,58.8,,52.6,79.7,0.51,SW@2.3,4.1,57.9,0.0,146,"Quincy, Grant County",330073,Quincy,2017-12-10 13:28:13.218537
2006-05-21,13:30,58.4,,53.1,82.5,0.49,SW@1.8,3.6,57.9,0.02,136,"Quincy, Grant County",330073,Quincy,2017-12-10 13:28:13.218537
2006-05-21,13:45,58.2,,53.4,83.9,0.49,W@1.1,2.7,57.9,0.01,129,"Quincy, Grant County",330073,Quincy,2017-12-10 13:28:13.218537
2006-05-21,14:00,58.5,,54.7,87.0,0.5,N@1.1,2.0,58.0,0.0,191,"Quincy, Grant County",330073,Quincy,2017-12-10 13:28:13.218537
2006-05-21,14:15,58.7,,55.1,87.8,0.47,N@1.1,2.5,58.0,0.0,180,"Quincy, Grant County",330073,Quincy,2017-12-10 13:28:13.218537
2006-05-21,14:30,58.7,,54.2,85.1,0.39,NE@2.1,3.6,58.0,0.0,222,"Quincy, Grant County",330073,Quincy,2017-12-10 13:28:13.218537
2006-05-21,14:45,58.5,,55.0,87.8,0.05,NW@1.7,1.4,58.0,0.0,68,"Quincy, Grant County",330073,Quincy,2017-12-10 13:28:13.218537
2006-05-21,15:00,58.7,,54.8,86.7,0.01,NW@1.7,2.7,58.0,0.0,168,"Quincy, Grant County",330073,Quincy,2017-12-10 13:28:13.218537
2006-05-21,15:15,59.4,,55.1,85.4,,NW@2.0,4.3,58.0,0.0,220,"Quincy, Grant County",330073,Quincy,2017-12-10 13:28:13.218537
2006-05-21,15:30,60.0,,55.7,85.7,,N@2.3,4.1,58.0,0.0,393,"Quincy, Grant County",330073,Quincy,2017-12-10 13:28:13.218537
2006-05-21,15:45,62.9,,56.5,79.5,,N@2.5,3.8,58.1,0.0,546,"Quincy, Grant County",330073,Quincy,2017-12-10 13:28:13.218537
2006-05-21,16:00,63.3,,56.2,77.6,,NW@1.8,3.6,58.1,0.0,520,"Quincy, Grant County",330073,Quincy,2017-12-10 13:28:13.218537
2006-05-21,16:15,63.7,,56.4,77.0,,NW@1.3,3.4,58.2,0.0,297,"Quincy, Grant County",330073,Quincy,2017-12-10 13:28:13.218537
2006-05-21,16:30,62.3,,57.4,84.0,,W@1.1,2.9,58.2,0.0,174,"Quincy, Grant County",330073,Quincy,2017-12-10 13:28:13.218537
2006-05-21,16:45,61.6,,57.0,84.8,,W@1.6,3.6,58.3,0.0,184,"Quincy, Grant County",330073,Quincy,2017-12-10 13:28:13.218537
2006-05-21,17:00,63.4,,57.3,80.5,0.0,SW@2.1,4.7,58.3,0.0,453,"Quincy, Grant County",330073,Quincy,2017-12-10 13:28:13.218537
2006-05-21,17:15,62.7,,56.6,80.6,,W@1.6,2.3,58.4,0.0,107,"Quincy, Grant County",330073,Quincy,2017-12-10 13:28:13.218537
2006-05-21,17:30,61.6,,56.7,84.0,,W@2.5,3.9,58.5,0.0,130,"Quincy, Grant County",330073,Quincy,2017-12-10 13:28:13.218537
2006-05-21,17:45,62.3,,56.4,80.9,,W@1.8,3.4,58.6,0.0,289,"Quincy, Grant County",330073,Quincy,2017-12-10 13:28:13.218537
2006-05-21,18:00,64.3,,57.2,77.4,,W@1.1,2.5,58.7,0.0,192,"Quincy, Grant County",330073,Quincy,2017-12-10 13:28:13.218537
2006-05-21,18:15,63.9,,56.7,77.4,,W@1.7,2.0,58.8,0.0,144,"Quincy, Grant County",330073,Quincy,2017-12-10 13:28:13.218537
2006-05-21,18:30,64.4,,57.3,77.6,,N@0.0,1.1,58.8,0.0,132,"Quincy, Grant County",330073,Quincy,2017-12-10 13:28:13.218537
2006-05-21,18:45,61.1,,56.7,85.2,,N@0.0,1.9,58.9,0.0,17,"Quincy, Grant County",330073,Quincy,2017-12-10 13:28:13.218537
2006-05-21,19:00,58.9,,56.4,91.5,,NW@1.7,1.9,58.9,0.0,12,"Quincy, Grant County",330073,Quincy,2017-12-10 13:28:13.218537
2006-05-21,19:15,58.5,,56.4,92.4,,N@0.0,0.4,59.0,0.0,10,"Quincy, Grant County",330073,Quincy,2017-12-10 13:28:13.218537
2006-05-21,19:30,57.3,,56.0,95.1,0.0,NW@1.1,1.6,59.0,0.0,4,"Quincy, Grant County",330073,Quincy,2017-12-10 13:28:13.218537
2006-05-21,19:45,56.7,,55.5,95.7,0.01,W@1.1,1.8,59.0,0.0,0,"Quincy, Grant County",330073,Quincy,2017-12-10 13:28:13.218537
2006-05-21,20:00,55.4,,54.9,98.2,0.04,W@1.4,1.8,59.0,0.0,0,"Quincy, Grant County",330073,Quincy,2017-12-10 13:28:13.218537
2006-05-21,20:15,55.4,,54.8,97.8,0.04,W@1.4,2.1,58.9,0.0,0,"Quincy, Grant County",330073,Quincy,2017-12-10 13:28:13.218537
2006-05-21,20:30,55.5,,54.8,97.6,0.07,W@1.3,2.1,58.9,0.0,0,"Quincy, Grant County",330073,Quincy,2017-12-10 13:28:13.218537
2006-05-21,20:45,56.0,,55.1,96.9,0.07,W@1.1,1.6,58.9,0.0,0,"Quincy, Grant County",330073,Quincy,2017-12-10 13:28:13.218537
2006-05-21,21:00,56.3,,54.6,94.0,0.04,NW@1.4,2.3,58.8,0.0,0,"Quincy, Grant County",330073,Quincy,2017-12-10 13:28:13.218537
2006-05-21,21:15,55.3,,54.2,96.2,0.03,NW@1.7,1.6,58.7,0.0,0,"Quincy, Grant County",330073,Quincy,2017-12-10 13:28:13.218537
2006-05-21,21:30,55.3,,54.3,96.3,0.02,NW@1.9,1.3,58.6,0.0,0,"Quincy, Grant County",330073,Quincy,2017-12-10 13:28:13.218537
2006-05-21,21:45,55.2,,54.2,96.6,0.02,N@0.4,1.9,58.5,0.0,0,"Quincy, Grant County",330073,Quincy,2017-12-10 13:28:13.218537
2006-05-21,22:00,55.2,,54.4,97.0,0.0,NW@0.4,1.3,58.4,0.0,0,"Quincy, Grant County",330073,Quincy,2017-12-10 13:28:13.218537
2006-05-21,22:15,55.7,,54.4,95.3,,NW@1.1,1.6,58.3,0.0,0,"Quincy, Grant County",330073,Quincy,2017-12-10 13:28:13.218537
2006-05-21,22:30,56.0,,54.3,93.9,,NW@1.1,2.1,58.2,0.0,0,"Quincy, Grant County",330073,Quincy,2017-12-10 13:28:13.218537
2006-05-21,22:45,55.6,,54.0,94.3,,NW@1.4,2.1,58.0,0.0,0,"Quincy, Grant County",330073,Quincy,2017-12-10 13:28:13.218537
2006-05-21,23:00,55.7,,54.3,94.9,,NW@2.7,4.1,58.0,0.0,0,"Quincy, Grant County",330073,Quincy,2017-12-10 13:28:13.218537
2006-05-22,23:15,55.7,,54.5,95.4,,NW@2.0,2.9,57.9,0.0,0,"Quincy, Grant County",330073,Quincy,2017-12-10 13:28:13.218537
2006-05-22,23:30,55.9,,54.5,94.9,,NW@2.5,3.0,57.8,0.0,0,"Quincy, Grant County",330073,Quincy,2017-12-10 13:28:13.218537
2006-05-22,23:45,56.0,,54.4,94.4,0.02,NW@1.4,3.8,57.6,0.0,0,"Quincy, Grant County",330073,Quincy,2017-12-10 13:28:13.218537
2006-05-22,24:00,55.9,,54.4,94.6,0.05,NW@2.0,3.6,57.5,0.0,0,"Quincy, Grant County",330073,Quincy,2017-12-10 13:28:13.218537
2006-05-22,00:15,55.8,,54.3,94.6,0.03,NW@1.4,3.0,57.5,0.0,0,"Quincy, Grant County",330073,Quincy,2017-12-10 13:28:13.218537
2006-05-22,00:30,55.6,,54.4,95.5,0.0,NW@1.7,2.1,57.4,0.0,0,"Quincy, Grant County",330073,Quincy,2017-12-10 13:28:13.218537
2006-05-22,00:45,55.5,,54.7,97.0,0.23,NW@1.9,1.8,57.3,0.0,0,"Quincy, Grant County",330073,Quincy,2017-12-10 13:28:13.218537
2006-05-22,01:00,55.3,,54.7,98.0,0.47,NW@1.8,3.0,57.3,0.01,0,"Quincy, Grant County",330073,Quincy,2017-12-10 13:28:13.218537
2006-05-22,01:15,55.1,,54.8,98.9,0.48,S@2.1,3.6,57.2,0.02,0,"Quincy, Grant County",330073,Quincy,2017-12-10 13:28:13.218537
2006-05-22,01:30,54.9,,54.9,99.9,0.49,NW@1.8,3.6,57.1,0.0,0,"Quincy, Grant County",330073,Quincy,2017-12-10 13:28:13.218537
2006-05-22,01:45,54.8,,54.8,100.0,0.51,NW@2.1,4.5,57.1,0.0,0,"Quincy, Grant County",330073,Quincy,2017-12-10 13:28:13.218537
2006-05-22,02:00,54.8,,54.7,99.5,0.51,NW@3.2,5.0,57.0,0.0,0,"Quincy, Grant County",330073,Quincy,2017-12-10 13:28:13.218537
2006-05-22,02:15,54.9,,54.7,99.2,0.51,N@2.0,5.9,56.9,0.01,0,"Quincy, Grant County",330073,Quincy,2017-12-10 13:28:13.218537
2006-05-22,02:30,54.9,,54.8,99.4,0.51,N@1.8,4.1,56.9,0.0,0,"Quincy, Grant County",330073,Quincy,2017-12-10 13:28:13.218537
2006-05-22,02:45,54.9,,54.8,99.3,0.53,N@2.5,4.8,56.7,0.0,0,"Quincy, Grant County",330073,Quincy,2017-12-10 13:28:13.218537
2006-05-22,03:00,54.9,,54.8,99.4,0.53,N@2.5,4.3,56.6,0.0,0,"Quincy, Grant County",330073,Quincy,2017-12-10 13:28:13.218537
2006-05-22,03:15,55.0,,54.8,99.2,0.55,NW@2.5,5.0,56.6,0.01,0,"Quincy, Grant County",330073,Quincy,2017-12-10 13:28:13.218537
2006-05-22,03:30,54.9,,54.7,99.1,0.54,NW@2.1,5.4,56.5,0.0,0,"Quincy, Grant County",330073,Quincy,2017-12-10 13:28:13.218537
2006-05-22,03:45,54.9,,54.7,99.1,0.54,NW@2.5,4.8,56.4,0.0,0,"Quincy, Grant County",330073,Quincy,2017-12-10 13:28:13.218537
2006-05-22,04:00,55.0,,54.6,98.5,0.55,NW@2.3,4.7,56.4,0.0,0,"Quincy, Grant County",330073,Quincy,2017-12-10 13:28:13.218537
2006-05-22,04:15,55.1,,54.6,98.3,0.56,N@2.1,3.8,56.3,0.0,0,"Quincy, Grant County",330073,Quincy,2017-12-10 13:28:13.218537
2006-05-22,04:30,55.1,,54.6,98.3,0.55,NW@2.1,3.8,56.2,0.0,0,"Quincy, Grant County",330073,Quincy,2017-12-10 13:28:13.218537
2006-05-22,04:45,54.9,,54.3,97.7,0.57,NW@2.5,5.7,56.2,0.0,0,"Quincy, Grant County",330073,Quincy,2017-12-10 13:28:13.218537
2006-05-22,05:00,55.1,,54.2,97.0,0.53,NW@2.7,5.0,56.1,0.0,4,"Quincy, Grant County",330073,Quincy,2017-12-10 13:28:13.218537
2006-05-22,05:15,55.1,,54.3,97.1,0.49,NW@2.9,5.2,56.1,0.0,15,"Quincy, Grant County",330073,Quincy,2017-12-10 13:28:13.218537
2006-05-22,05:30,55.4,,54.2,95.6,0.42,NW@3.2,5.9,56.0,0.0,42,"Quincy, Grant County",330073,Quincy,2017-12-10 13:28:13.218537
2006-05-22,05:45,55.5,,54.2,95.4,0.19,NW@2.9,5.9,56.0,0.0,43,"Quincy, Grant County",330073,Quincy,2017-12-10 13:28:13.218537
2006-05-22,06:00,55.7,,54.4,95.3,0.18,NW@2.9,5.4,55.8,0.0,98,"Quincy, Grant County",330073,Quincy,2017-12-10 13:28:13.218537
2006-05-22,06:15,56.4,,54.7,93.8,0.0,NW@3.2,5.9,55.8,0.0,101,"Quincy, Grant County",330073,Quincy,2017-12-10 13:28:13.218537
2006-05-22,06:30,56.4,,54.7,93.9,,NW@2.9,5.2,55.7,0.0,107,"Quincy, Grant County",330073,Quincy,2017-12-10 13:28:13.218537
2006-05-22,06:45,56.7,,54.7,92.9,,NW@2.7,5.7,55.7,0.0,91,"Quincy, Grant County",330073,Quincy,2017-12-10 13:28:13.218537
2006-05-22,07:00,57.1,,54.9,92.3,,NW@2.7,5.2,55.7,0.0,118,"Quincy, Grant County",330073,Quincy,2017-12-10 13:28:13.218537
2006-05-22,07:15,57.5,,54.8,90.6,,NW@3.0,5.4,55.7,0.0,147,"Quincy, Grant County",330073,Quincy,2017-12-10 13:28:13.218537
2006-05-22,07:30,57.4,,54.9,91.1,,NW@3.4,6.4,55.6,0.0,106,"Quincy, Grant County",330073,Quincy,2017-12-10 13:28:13.218537
2006-05-22,07:45,57.5,,55.1,91.6,,NW@3.2,5.5,55.6,0.0,159,"Quincy, Grant County",330073,Quincy,2017-12-10 13:28:13.218537
2006-05-22,08:00,58.7,,55.4,89.0,,NW@3.4,6.3,55.6,0.0,345,"Quincy, Grant County",330073,Quincy,2017-12-10 13:28:13.218537
2006-05-22,08:15,59.2,,55.6,87.6,,NW@3.2,4.8,55.6,0.0,212,"Quincy, Grant County",330073,Quincy,2017-12-10 13:28:13.218537
2006-05-22,08:30,58.8,,55.6,88.9,,NW@3.6,5.7,55.6,0.0,176,"Quincy, Grant County",330073,Quincy,2017-12-10 13:28:13.218537
2006-05-22,08:45,58.8,,55.4,88.3,,NW@3.4,5.5,55.6,0.0,173,"Quincy, Grant County",330073,Quincy,2017-12-10 13:28:13.218537
2006-05-22,09:00,59.1,,55.8,88.6,,NW@2.5,4.5,55.6,0.0,136,"Quincy, Grant County",330073,Quincy,2017-12-10 13:28:13.218537
2006-05-22,09:15,59.0,,55.6,88.3,,NW@2.9,5.0,55.7,0.0,135,"Quincy, Grant County",330073,Quincy,2017-12-10 13:28:13.218537
2006-05-22,09:30,59.2,,55.8,88.5,,NW@2.1,3.9,55.7,0.0,151,"Quincy, Grant County",330073,Quincy,2017-12-10 13:28:13.218537
2006-05-22,09:45,59.9,,56.2,87.5,0.0,NW@2.5,5.4,55.7,0.0,258,"Quincy, Grant County",330073,Quincy,2017-12-10 13:28:13.218537
2006-05-22,10:00,61.0,,56.5,85.1,,W@3.2,4.5,55.7,0.0,488,"Quincy, Grant County",330073,Quincy,2017-12-10 13:28:13.218537
2006-05-22,10:15,61.6,,57.0,84.8,,W@2.5,4.1,55.7,0.0,379,"Quincy, Grant County",330073,Quincy,2017-12-10 13:28:13.218537
2006-05-22,10:30,61.4,,56.9,85.0,,W@3.2,4.8,55.8,0.0,416,"Quincy, Grant County",330073,Quincy,2017-12-10 13:28:13.218537
2006-05-22,10:45,62.2,,57.8,85.5,,SW@2.5,4.1,55.8,0.0,352,"Quincy, Grant County",330073,Quincy,2017-12-10 13:28:13.218537
2006-05-22,11:00,61.8,,57.5,85.8,,W@2.5,4.5,55.9,0.0,236,"Quincy, Grant County",330073,Quincy,2017-12-10 13:28:13.218537
2006-05-22,11:15,60.5,,56.6,87.2,,W@2.9,4.3,56.0,0.0,176,"Quincy, Grant County",330073,Quincy,2017-12-10 13:28:13.218537
2006-05-22,11:30,60.1,,56.5,87.6,,W@2.7,3.9,56.1,0.0,152,"Quincy, Grant County",330073,Quincy,2017-12-10 13:28:13.218537
2006-05-22,11:45,59.9,,56.4,88.0,0.12,W@2.5,4.1,56.2,0.0,135,"Quincy, Grant County",330073,Quincy,2017-12-10 13:28:13.218537
2006-05-22,12:00,60.3,,56.7,87.7,0.54,W@2.1,3.8,56.2,0.0,199,"Quincy, Grant County",330073,Quincy,2017-12-10 13:28:13.218537
2006-05-22,12:15,61.1,,57.0,86.2,0.45,W@2.0,3.2,56.3,0.0,251,"Quincy, Grant County",330073,Quincy,2017-12-10 13:28:13.218537
2006-05-22,12:30,63.8,,58.2,81.8,0.0,S@1.4,6.1,56.4,0.0,793,"Quincy, Grant County",330073,Quincy,2017-12-10 13:28:13.218537
2006-05-22,12:45,65.0,,60.1,84.1,,SE@2.9,6.4,56.5,0.0,683,"Quincy, Grant County",330073,Quincy,2017-12-10 13:28:13.218537
2006-05-22,13:00,64.7,,60.0,84.7,,SE@2.9,5.5,56.6,0.0,454,"Quincy, Grant County",330073,Quincy,2017-12-10 13:28:13.218537
2006-05-22,13:15,64.3,,59.9,85.5,,SE@2.7,5.2,56.7,0.0,357,"Quincy, Grant County",330073,Quincy,2017-12-10 13:28:13.218537
2006-05-22,13:30,64.4,,60.2,86.2,,SE@3.0,6.6,56.7,0.0,240,"Quincy, Grant County",330073,Quincy,2017-12-10 13:28:13.218537
2006-05-22,13:45,64.2,,60.0,86.3,,SE@3.2,5.7,56.9,0.0,248,"Quincy, Grant County",330073,Quincy,2017-12-10 13:28:13.218537
2006-05-22,14:00,66.2,,60.4,81.6,,SE@2.9,7.5,57.0,0.0,773,"Quincy, Grant County",330073,Quincy,2017-12-10 13:28:13.218537
2006-05-22,14:15,66.4,,59.4,78.2,,SE@3.9,7.0,57.2,0.0,722,"Quincy, Grant County",330073,Quincy,2017-12-10 13:28:13.218537
2006-05-22,14:30,67.4,,59.7,76.3,,SE@4.7,7.7,57.3,0.0,826,"Quincy, Grant County",330073,Quincy,2017-12-10 13:28:13.218537
2006-05-22,14:45,67.1,,59.8,77.3,,SE@5.4,8.8,57.4,0.0,415,"Quincy, Grant County",330073,Quincy,2017-12-10 13:28:13.218537
2006-05-22,15:00,65.8,,59.3,79.5,,S@3.6,5.7,57.6,0.0,152,"Quincy, Grant County",330073,Quincy,2017-12-10 13:28:13.218537
2006-05-22,15:15,65.6,,58.7,78.1,,S@3.9,6.6,57.6,0.0,102,"Quincy, Grant County",330073,Quincy,2017-12-10 13:28:13.218537
2006-05-22,15:30,64.5,,58.5,80.9,0.08,SW@4.7,8.4,57.8,0.0,40,"Quincy, Grant County",330073,Quincy,2017-12-10 13:28:13.218537
2006-05-22,15:45,61.6,,55.3,79.9,0.32,SW@5.0,8.4,58.0,0.0,14,"Quincy, Grant County",330073,Quincy,2017-12-10 13:28:13.218537
2006-05-22,16:00,60.3,,55.5,84.2,0.47,W@2.1,4.8,58.1,0.0,16,"Quincy, Grant County",330073,Quincy,2017-12-10 13:28:13.218537
2006-05-22,16:15,60.2,,55.8,85.2,0.5,NW@1.7,3.6,58.2,0.01,34,"Quincy, Grant County",330073,Quincy,2017-12-10 13:28:13.218537
2006-05-22,16:30,59.4,,56.2,89.2,0.49,NW@2.3,5.4,58.3,0.0,46,"Quincy, Grant County",330073,Quincy,2017-12-10 13:28:13.218537
2006-05-22,16:45,57.9,,55.6,91.9,0.5,NW@3.6,7.2,58.3,0.0,36,"Quincy, Grant County",330073,Quincy,2017-12-10 13:28:13.218537
2006-05-22,17:00,56.6,,54.7,93.3,0.47,NW@3.9,7.3,58.4,0.0,25,"Quincy, Grant County",330073,Quincy,2017-12-10 13:28:13.218537
2006-05-22,17:15,56.2,,54.3,93.2,0.43,NW@3.9,7.5,58.4,0.0,25,"Quincy, Grant County",330073,Quincy,2017-12-10 13:28:13.218537
2006-05-22,17:30,55.7,,53.0,90.5,0.48,NW@4.7,8.6,58.4,0.0,19,"Quincy, Grant County",330073,Quincy,2017-12-10 13:28:13.218537
2006-05-22,17:45,55.4,,52.5,89.9,0.49,NW@4.3,10.4,58.3,0.0,25,"Quincy, Grant County",330073,Quincy,2017-12-10 13:28:13.218537
2006-05-22,18:00,55.4,,52.4,89.7,0.38,NW@3.2,7.0,58.3,0.0,44,"Quincy, Grant County",330073,Quincy,2017-12-10 13:28:13.218537
2006-05-22,18:15,55.5,,51.9,87.5,0.08,N@3.2,7.7,58.2,0.0,38,"Quincy, Grant County",330073,Quincy,2017-12-10 13:28:13.218537
2006-05-22,18:30,55.5,,51.1,85.1,,N@3.6,7.2,58.2,0.0,34,"Quincy, Grant County",330073,Quincy,2017-12-10 13:28:13.218537
2006-05-22,18:45,55.3,,50.2,82.8,,NW@3.9,9.5,58.1,0.0,30,"Quincy, Grant County",330073,Quincy,2017-12-10 13:28:13.218537
2006-05-22,19:00,55.2,,50.1,82.9,,W@3.8,7.5,58.0,0.0,23,"Quincy, Grant County",330073,Quincy,2017-12-10 13:28:13.218537
2006-05-22,19:15,54.8,,50.1,83.8,,NW@2.5,6.8,57.9,0.0,12,"Quincy, Grant County",330073,Quincy,2017-12-10 13:28:13.218537
2006-05-22,19:30,54.5,,49.6,83.3,,NW@3.8,6.6,57.8,0.0,2,"Quincy, Grant County",330073,Quincy,2017-12-10 13:28:13.218537
2006-05-22,19:45,54.5,,49.0,81.7,,NW@4.7,9.1,57.6,0.0,0,"Quincy, Grant County",330073,Quincy,2017-12-10 13:28:13.218537
2006-05-22,20:00,54.3,,48.6,81.0,,NW@3.2,6.6,57.6,0.0,0,"Quincy, Grant County",330073,Quincy,2017-12-10 13:28:13.218537
2006-05-22,20:15,54.0,,48.2,80.6,,NW@2.9,6.1,57.5,0.0,0,"Quincy, Grant County",330073,Quincy,2017-12-10 13:28:13.218537
2006-05-22,20:30,53.8,,48.0,80.9,,NW@2.5,6.8,57.4,0.0,0,"Quincy, Grant County",330073,Quincy,2017-12-10 13:28:13.218537
2006-05-22,20:45,53.0,,47.9,82.7,,NW@1.8,4.8,57.3,0.0,0,"Quincy, Grant County",330073,Quincy,2017-12-10 13:28:13.218537
2006-05-22,21:00,53.0,,47.8,82.3,,NW@1.8,3.6,57.2,0.0,0,"Quincy, Grant County",330073,Quincy,2017-12-10 13:28:13.218537
2006-05-22,21:15,52.9,,47.6,82.0,,NW@2.9,6.6,57.1,0.0,0,"Quincy, Grant County",330073,Quincy,2017-12-10 13:28:13.218537
2006-05-22,21:30,54.2,,46.9,76.4,,NW@3.9,7.3,57.0,0.0,0,"Quincy, Grant County",330073,Quincy,2017-12-10 13:28:13.218537
2006-05-22,21:45,53.3,,47.2,79.7,,NW@3.2,6.1,56.8,0.0,0,"Quincy, Grant County",330073,Quincy,2017-12-10 13:28:13.218537
2006-05-22,22:00,52.6,,47.0,81.3,,NW@2.5,4.7,56.6,0.0,0,"Quincy, Grant County",330073,Quincy,2017-12-10 13:28:13.218537
2006-05-22,22:15,52.2,,47.1,82.6,,W@2.9,5.7,56.5,0.0,0,"Quincy, Grant County",330073,Quincy,2017-12-10 13:28:13.218537
2006-05-22,22:30,52.4,,47.1,82.1,,W@2.9,5.0,56.4,0.0,0,"Quincy, Grant County",330073,Quincy,2017-12-10 13:28:13.218537
2006-05-22,22:45,51.6,,47.1,84.6,,W@2.1,5.4,56.2,0.0,0,"Quincy, Grant County",330073,Quincy,2017-12-10 13:28:13.218537
2006-05-22,23:00,51.3,,46.8,84.2,,NW@1.8,4.5,56.1,0.0,0,"Quincy, Grant County",330073,Quincy,2017-12-10 13:28:13.218537
2006-05-23,23:15,51.9,,46.5,81.7,,NW@1.6,3.6,56.0,0.0,0,"Quincy, Grant County",330073,Quincy,2017-12-10 13:28:13.218537
2006-05-23,23:30,50.9,,46.3,84.2,,N@1.7,3.0,55.8,0.0,0,"Quincy, Grant County",330073,Quincy,2017-12-10 13:28:13.218537
2006-05-23,23:45,50.0,,46.1,86.4,,NW@1.1,3.4,55.7,0.0,0,"Quincy, Grant County",330073,Quincy,2017-12-10 13:28:13.218537
2006-05-23,24:00,50.8,,45.7,82.7,,NW@1.8,7.5,55.5,0.0,0,"Quincy, Grant County",330073,Quincy,2017-12-10 13:28:13.218537
2006-05-23,00:15,50.4,,45.6,83.4,,NW@1.6,5.5,55.4,0.0,0,"Quincy, Grant County",330073,Quincy,2017-12-10 13:28:13.218537
2006-05-23,00:30,50.8,,45.1,80.7,,NW@2.9,4.7,55.3,0.0,0,"Quincy, Grant County",330073,Quincy,2017-12-10 13:28:13.218537
2006-05-23,00:45,50.3,,45.1,82.3,,NW@2.3,5.0,55.2,0.0,0,"Quincy, Grant County",330073,Quincy,2017-12-10 13:28:13.218537
2006-05-23,01:00,49.8,,44.9,83.3,,NW@2.5,4.5,55.1,0.0,0,"Quincy, Grant County",330073,Quincy,2017-12-10 13:28:13.218537
2006-05-23,01:15,50.1,,44.9,82.2,,NW@2.9,5.0,54.9,0.0,0,"Quincy, Grant County",330073,Quincy,2017-12-10 13:28:13.218537
2006-05-23,01:30,50.0,,44.8,82.1,,NW@3.6,5.9,54.8,0.0,0,"Quincy, Grant County",330073,Quincy,2017-12-10 13:28:13.218537
2006-05-23,01:45,49.8,,44.8,82.8,,NW@3.9,5.5,54.6,0.0,0,"Quincy, Grant County",330073,Quincy,2017-12-10 13:28:13.218537
2006-05-23,02:00,49.9,,44.9,82.6,,NW@3.9,5.9,54.5,0.0,0,"Quincy, Grant County",330073,Quincy,2017-12-10 13:28:13.218537
2006-05-23,02:15,50.4,,44.8,80.8,,NW@3.6,5.4,54.4,0.0,0,"Quincy, Grant County",330073,Quincy,2017-12-10 13:28:13.218537
2006-05-23,02:30,49.5,,45.6,86.2,,W@2.0,4.8,54.3,0.0,0,"Quincy, Grant County",330073,Quincy,2017-12-10 13:28:13.218537
2006-05-23,02:45,48.4,,45.8,90.5,,W@1.7,2.7,54.1,0.0,0,"Quincy, Grant County",330073,Quincy,2017-12-10 13:28:13.218537
2006-05-23,03:00,47.9,,45.5,91.4,,NW@0.4,1.8,54.0,0.0,0,"Quincy, Grant County",330073,Quincy,2017-12-10 13:28:13.218537
2006-05-23,03:15,47.9,,44.7,88.7,,NW@1.1,2.0,53.9,0.0,0,"Quincy, Grant County",330073,Quincy,2017-12-10 13:28:13.218537
2006-05-23,03:30,48.1,,44.3,86.8,,NW@1.7,2.0,53.8,0.0,0,"Quincy, Grant County",330073,Quincy,2017-12-10 13:28:13.218537
2006-05-23,03:45,47.6,,44.1,87.5,,NW@1.4,3.2,53.7,0.0,0,"Quincy, Grant County",330073,Quincy,2017-12-10 13:28:13.218537
2006-05-23,04:00,48.9,,43.5,81.5,,NW@2.3,4.3,53.6,0.0,0,"Quincy, Grant County",330073,Quincy,2017-12-10 13:28:13.218537
2006-05-23,04:15,49.4,,43.6,80.1,,NW@2.0,3.2,53.5,0.0,0,"Quincy, Grant County",330073,Quincy,2017-12-10 13:28:13.218537
2006-05-23,04:30,49.5,,43.8,80.6,,W@1.8,3.0,53.5,0.0,2,"Quincy, Grant County",330073,Quincy,2017-12-10 13:28:13.218537
2006-05-23,04:45,49.9,,43.9,79.6,,NW@1.8,3.2,53.4,0.0,8,"Quincy, Grant County",330073,Quincy,2017-12-10 13:28:13.218537
2006-05-23,05:00,50.1,,43.8,78.8,,S@1.8,3.4,53.3,0.0,32,"Quincy, Grant County",330073,Quincy,2017-12-10 13:28:13.218537
2006-05-23,05:15,50.1,,43.9,79.1,,NW@1.3,2.9,53.1,0.0,46,"Quincy, Grant County",330073,Quincy,2017-12-10 13:28:13.218537
2006-05-23,05:30,50.2,,44.3,80.3,,W@2.7,4.3,53.0,0.0,64,"Quincy, Grant County",330073,Quincy,2017-12-10 13:28:13.218537
2006-05-23,05:45,50.8,,45.0,80.1,,NW@2.1,3.8,52.9,0.0,132,"Quincy, Grant County",330073,Quincy,2017-12-10 13:28:13.218537
2006-05-23,06:00,52.6,,45.8,77.6,,NW@2.1,3.6,52.9,0.0,239,"Quincy, Grant County",330073,Quincy,2017-12-10 13:28:13.218537
2006-05-23,06:15,53.7,,46.5,76.3,,NW@1.6,2.9,52.8,0.0,194,"Quincy, Grant County",330073,Quincy,2017-12-10 13:28:13.218537
2006-05-23,06:30,53.8,,46.6,76.4,,NW@2.1,3.8,52.7,0.0,252,"Quincy, Grant County",330073,Quincy,2017-12-10 13:28:13.218537
2006-05-23,06:45,53.5,,46.7,77.6,,NW@1.5,2.5,52.6,0.0,110,"Quincy, Grant County",330073,Quincy,2017-12-10 13:28:13.218537
2006-05-23,07:00,53.7,,47.2,78.8,,N@1.5,1.8,52.6,0.0,126,"Quincy, Grant County",330073,Quincy,2017-12-10 13:28:13.218537
2006-05-23,07:15,53.5,,47.3,79.5,,NW@0.4,2.1,52.6,0.0,127,"Quincy, Grant County",330073,Quincy,2017-12-10 13:28:13.218537
2006-05-23,07:30,52.7,,47.2,81.6,,NW@2.1,4.1,52.6,0.0,139,"Quincy, Grant County",330073,Quincy,2017-12-10 13:28:13.218537
2006-05-23,07:45,52.6,,47.4,82.1,,W@2.5,4.3,52.6,0.0,187,"Quincy, Grant County",330073,Quincy,2017-12-10 13:28:13.218537
2006-05-23,08:00,52.4,,47.3,82.7,,W@2.5,4.5,52.6,0.0,198,"Quincy, Grant County",330073,Quincy,2017-12-10 13:28:13.218537
2006-05-23,08:15,52.9,,47.3,81.1,,W@2.1,3.6,52.6,0.0,203,"Quincy, Grant County",330073,Quincy,2017-12-10 13:28:13.218537
2006-05-23,08:30,54.3,,46.9,76.1,,SW@1.5,1.6,52.6,0.0,307,"Quincy, Grant County",330073,Quincy,2017-12-10 13:28:13.218537
2006-05-23,08:45,56.1,,48.2,74.8,,SE@1.1,3.2,52.6,0.0,414,"Quincy, Grant County",330073,Quincy,2017-12-10 13:28:13.218537
2006-05-23,09:00,57.1,,48.6,73.1,,E@1.6,3.9,52.6,0.0,592,"Quincy, Grant County",330073,Quincy,2017-12-10 13:28:13.218537
2006-05-23,09:15,58.5,,49.9,72.8,,SE@2.3,5.4,52.7,0.0,862,"Quincy, Grant County",330073,Quincy,2017-12-10 13:28:13.218537
2006-05-23,09:30,58.8,,50.3,73.4,,S@2.1,4.5,52.8,0.0,602,"Quincy, Grant County",330073,Quincy,2017-12-10 13:28:13.218537
2006-05-23,09:45,58.2,,49.7,73.5,,SW@1.8,4.7,52.8,0.0,299,"Quincy, Grant County",330073,Quincy,2017-12-10 13:28:13.218537
2006-05-23,10:00,57.3,,49.5,75.0,,W@1.9,4.5,52.9,0.0,196,"Quincy, Grant County",330073,Quincy,2017-12-10 13:28:13.218537
2006-05-23,10:15,58.0,,50.1,75.1,0.0,E@1.9,2.3,53.0,0.0,262,"Quincy, Grant County",330073,Quincy,2017-12-10 13:28:13.218537
2006-05-23,10:30,58.5,,50.5,74.6,0.0,E@1.9,2.9,53.1,0.0,390,"Quincy, Grant County",330073,Quincy,2017-12-10 13:28:13.218537
2006-05-23,10:45,60.3,,51.5,72.6,,SE@2.1,3.9,53.3,0.0,977,"Quincy, Grant County",330073,Quincy,2017-12-10 13:28:13.218537
2006-05-23,11:00,61.7,,50.5,66.7,,E@2.5,5.2,53.5,0.0,846,"Quincy, Grant County",330073,Quincy,2017-12-10 13:28:13.218537
2006-05-23,11:15,62.0,,50.6,66.1,,SE@2.9,5.5,53.6,0.0,708,"Quincy, Grant County",330073,Quincy,2017-12-10 13:28:13.218537
2006-05-23,11:30,62.9,,51.4,66.0,,SE@3.2,6.8,53.7,0.0,886,"Quincy, Grant County",330073,Quincy,2017-12-10 13:28:13.218537
2006-05-23,11:45,63.2,,51.7,66.2,,SE@3.2,6.3,53.8,0.0,759,"Quincy, Grant County",330073,Quincy,2017-12-10 13:28:13.218537
2006-05-23,12:00,64.3,,51.8,63.7,,SE@3.6,6.8,54.0,0.0,918,"Quincy, Grant County",330073,Quincy,2017-12-10 13:28:13.218537
2006-05-23,12:15,64.8,,52.4,63.9,,SE@4.3,7.0,54.3,0.0,968,"Quincy, Grant County",330073,Quincy,2017-12-10 13:28:13.218537
2006-05-23,12:30,65.2,,52.1,62.5,,SE@4.3,8.1,54.5,0.0,921,"Quincy, Grant County",330073,Quincy,2017-12-10 13:28:13.218537
2006-05-23,12:45,65.5,,52.1,61.9,,SE@4.7,8.9,54.8,0.0,914,"Quincy, Grant County",330073,Quincy,2017-12-10 13:28:13.218537
2006-05-23,13:00,66.1,,51.8,59.9,,SE@4.1,7.5,55.1,0.0,801,"Quincy, Grant County",330073,Quincy,2017-12-10 13:28:13.218537
2006-05-23,13:15,67.6,,51.9,57.1,,S@4.3,8.1,55.3,0.0,912,"Quincy, Grant County",330073,Quincy,2017-12-10 13:28:13.218537
2006-05-23,13:30,67.8,,51.3,55.5,0.0,S@4.7,9.8,55.6,0.0,712,"Quincy, Grant County",330073,Quincy,2017-12-10 13:28:13.218537
2006-05-23,13:45,67.1,,51.6,57.4,0.0,SE@4.7,10.2,55.9,0.0,645,"Quincy, Grant County",330073,Quincy,2017-12-10 13:28:13.218537
2006-05-23,14:00,67.4,,51.4,56.4,0.0,S@3.6,7.0,56.3,0.0,459,"Quincy, Grant County",330073,Quincy,2017-12-10 13:28:13.218537
2006-05-23,14:15,68.1,,51.0,54.3,0.0,S@3.6,6.4,56.6,0.0,790,"Quincy, Grant County",330073,Quincy,2017-12-10 13:28:13.218537
2006-05-23,14:30,68.8,,50.8,52.5,0.0,SW@3.9,7.2,57.0,0.0,579,"Quincy, Grant County",330073,Quincy,2017-12-10 13:28:13.218537
2006-05-23,14:45,69.4,,50.1,50.4,0.0,S@3.8,6.4,57.3,0.0,521,"Quincy, Grant County",330073,Quincy,2017-12-10 13:28:13.218537
2006-05-23,15:00,68.2,,50.1,52.3,0.0,S@1.8,4.5,57.5,0.0,203,"Quincy, Grant County",330073,Quincy,2017-12-10 13:28:13.218537
2006-05-23,15:15,69.4,,50.3,50.7,0.0,S@1.8,4.1,57.8,0.0,548,"Quincy, Grant County",330073,Quincy,2017-12-10 13:28:13.218537
2006-05-23,15:30,70.8,,50.2,48.0,0.0,SW@3.4,7.0,58.1,0.0,652,"Quincy, Grant County",330073,Quincy,2017-12-10 13:28:13.218537
2006-05-23,15:45,70.9,,49.4,46.4,0.0,SW@1.8,4.3,58.4,0.0,519,"Quincy, Grant County",330073,Quincy,2017-12-10 13:28:13.218537
2006-05-23,16:00,68.7,,51.5,54.3,0.0,N@3.4,6.6,58.7,0.0,513,"Quincy, Grant County",330073,Quincy,2017-12-10 13:28:13.218537
2006-05-23,16:15,67.4,,51.9,57.4,0.0,N@2.7,5.5,58.9,0.0,369,"Quincy, Grant County",330073,Quincy,2017-12-10 13:28:13.218537
2006-05-23,16:30,66.9,,51.5,57.6,0.0,NW@2.3,5.4,59.1,0.0,215,"Quincy, Grant County",330073,Quincy,2017-12-10 13:28:13.218537
2006-05-23,16:45,64.8,,52.0,63.1,,NW@3.0,6.3,59.3,0.0,221,"Quincy, Grant County",330073,Quincy,2017-12-10 13:28:13.218537
2006-05-23,17:00,63.9,,51.3,63.6,,NW@2.5,5.0,59.5,0.0,161,"Quincy, Grant County",330073,Quincy,2017-12-10 13:28:13.218537
2006-05-23,17:15,63.9,,52.0,65.3,,NW@2.0,3.8,59.7,0.0,161,"Quincy, Grant County",330073,Quincy,2017-12-10 13:28:13.218537
