Date,Time PST,1.5m Air Temp °F, 1.5m Dew Point °F, 1.5m Rel Hum %, Tot Prec in, Solar Rad W/m², Atm. 2m Press. inHg, Wind Direction, Wind Speed mph, 2m Wind Gust mph, 1.5m Leaf Wet u., 8 in. Soil Tmp °F, 8 in. SWP kPa,Location,Station ID,Station Name,Download Timestamp
2020-11-15,00:15,36.1,36.1,99.9,0.0,0,29.87,NW,3.3,6.6,0.73,42.6,-10.3,"Malaga, Chelan County",330167,Malaga,2020-12-14 05:54:56.308788
2020-11-15,00:30,36.0,36.0,100.0,0.0,0,29.87,NW,4.6,8.2,0.73,42.5,-10.3,"Malaga, Chelan County",330167,Malaga,2020-12-14 05:54:56.308788
2020-11-15,00:45,36.0,36.0,100.0,0.0,0,29.87,W,3.4,6.3,0.73,42.4,-10.3,"Malaga, Chelan County",330167,Malaga,2020-12-14 05:54:56.308788
2020-11-15,01:00,35.9,35.9,100.0,0.0,0,29.87,W,1.4,3.6,0.73,42.4,-10.3,"Malaga, Chelan County",330167,Malaga,2020-12-14 05:54:56.308788
2020-11-15,01:15,35.9,35.9,100.0,0.0,0,29.87,SW,1.0,2.8,0.73,42.4,-10.3,"Malaga, Chelan County",330167,Malaga,2020-12-14 05:54:56.308788
2020-11-15,01:30,35.6,35.6,100.0,0.0,0,29.87,W,1.3,3.1,0.72,42.4,-10.3,"Malaga, Chelan County",330167,Malaga,2020-12-14 05:54:56.308788
2020-11-15,01:45,35.6,35.5,99.8,0.0,0,29.86,SE,1.9,4.0,0.71,42.4,-10.3,"Malaga, Chelan County",330167,Malaga,2020-12-14 05:54:56.308788
2020-11-15,02:00,35.5,35.5,99.8,0.0,0,29.86,E,1.1,2.4,0.71,42.4,-10.3,"Malaga, Chelan County",330167,Malaga,2020-12-14 05:54:56.308788
2020-11-15,02:15,35.6,35.6,100.0,0.0,0,29.85,S,2.2,3.7,0.7,42.4,-10.3,"Malaga, Chelan County",330167,Malaga,2020-12-14 05:54:56.308788
2020-11-15,02:30,35.7,35.7,99.9,0.0,0,29.85,S,1.3,2.7,0.7,42.4,-10.3,"Malaga, Chelan County",330167,Malaga,2020-12-14 05:54:56.308788
2020-11-15,02:45,35.7,35.6,100.0,0.0,0,29.85,SW,0.8,2.1,0.7,42.4,-10.3,"Malaga, Chelan County",330167,Malaga,2020-12-14 05:54:56.308788
2020-11-15,03:00,35.6,35.6,100.0,0.0,0,29.85,S,1.9,3.4,0.69,42.3,-10.3,"Malaga, Chelan County",330167,Malaga,2020-12-14 05:54:56.308788
2020-11-15,03:15,35.4,35.4,100.0,0.0,0,29.85,S,3.4,6.6,0.68,42.3,-10.3,"Malaga, Chelan County",330167,Malaga,2020-12-14 05:54:56.308788
2020-11-15,03:30,35.2,35.1,99.6,0.0,0,29.85,S,5.1,7.7,0.65,42.3,-10.2,"Malaga, Chelan County",330167,Malaga,2020-12-14 05:54:56.308788
2020-11-15,03:45,35.2,35.1,99.5,0.0,0,29.84,S,4.8,7.0,0.62,42.3,-10.2,"Malaga, Chelan County",330167,Malaga,2020-12-14 05:54:56.308788
2020-11-15,04:00,35.2,35.2,100.0,0.0,0,29.85,NW,2.4,4.3,0.61,42.3,-10.2,"Malaga, Chelan County",330167,Malaga,2020-12-14 05:54:56.308788
2020-11-15,04:15,35.2,35.1,99.7,0.0,0,29.86,E,1.2,2.6,0.6,42.3,-10.2,"Malaga, Chelan County",330167,Malaga,2020-12-14 05:54:56.308788
2020-11-15,04:30,35.2,35.2,100.0,0.0,0,29.86,S,1.7,2.5,0.59,42.3,-10.2,"Malaga, Chelan County",330167,Malaga,2020-12-14 05:54:56.308788
2020-11-15,04:45,35.0,35.0,100.0,0.0,0,29.86,S,4.0,8.8,0.57,42.3,-10.2,"Malaga, Chelan County",330167,Malaga,2020-12-14 05:54:56.308788
2020-11-15,05:00,34.8,34.7,99.9,0.0,0,29.87,S,8.1,11.4,0.55,42.3,-10.2,"Malaga, Chelan County",330167,Malaga,2020-12-14 05:54:56.308788
2020-11-15,05:15,34.8,34.8,100.0,0.0,0,29.87,SW,7.4,11.0,0.53,42.3,-10.2,"Malaga, Chelan County",330167,Malaga,2020-12-14 05:54:56.308788
2020-11-15,05:30,35.0,35.0,100.0,0.0,0,29.87,S,7.4,10.7,0.52,42.3,-10.2,"Malaga, Chelan County",330167,Malaga,2020-12-14 05:54:56.308788
2020-11-15,05:45,34.9,34.9,100.0,0.0,0,29.87,S,6.2,10.7,0.5,42.3,-10.2,"Malaga, Chelan County",330167,Malaga,2020-12-14 05:54:56.308788
2020-11-15,06:00,34.8,34.7,99.5,0.0,0,29.86,S,5.9,9.3,0.5,42.3,-10.2,"Malaga, Chelan County",330167,Malaga,2020-12-14 05:54:56.308788
2020-11-15,06:15,35.0,35.0,100.0,0.0,0,29.86,S,4.6,6.9,0.49,42.3,-10.2,"Malaga, Chelan County",330167,Malaga,2020-12-14 05:54:56.308788
2020-11-15,06:30,35.0,35.0,100.0,0.0,0,29.87,S,2.3,5.4,0.48,42.3,-10.2,"Malaga, Chelan County",330167,Malaga,2020-12-14 05:54:56.308788
2020-11-15,06:45,35.3,35.3,100.0,0.0,0,29.88,SW,3.3,6.1,0.48,42.2,-10.2,"Malaga, Chelan County",330167,Malaga,2020-12-14 05:54:56.308788
2020-11-15,07:00,35.3,35.3,100.0,0.0,0,29.89,S,1.4,3.1,0.48,42.1,-10.2,"Malaga, Chelan County",330167,Malaga,2020-12-14 05:54:56.308788
2020-11-15,07:15,35.3,35.3,100.0,0.0,3,29.9,SW,1.8,3.6,0.48,42.1,-10.2,"Malaga, Chelan County",330167,Malaga,2020-12-14 05:54:56.308788
2020-11-15,07:30,35.6,35.6,100.0,0.0,10,29.92,SW,2.0,4.5,0.48,42.1,-10.2,"Malaga, Chelan County",330167,Malaga,2020-12-14 05:54:56.308788
2020-11-15,07:45,35.5,35.5,99.9,0.0,16,29.92,S,3.5,7.7,0.48,42.1,-10.2,"Malaga, Chelan County",330167,Malaga,2020-12-14 05:54:56.308788
2020-11-15,08:00,35.7,35.7,100.0,0.0,32,29.93,S,2.4,5.1,0.47,42.1,-10.2,"Malaga, Chelan County",330167,Malaga,2020-12-14 05:54:56.308788
2020-11-15,08:15,35.9,35.9,100.0,0.0,69,29.93,S,4.0,9.2,0.47,42.1,-10.2,"Malaga, Chelan County",330167,Malaga,2020-12-14 05:54:56.308788
2020-11-15,08:30,35.5,35.4,99.9,0.0,126,29.93,S,5.8,9.9,0.46,42.1,-10.2,"Malaga, Chelan County",330167,Malaga,2020-12-14 05:54:56.308788
2020-11-15,08:45,35.9,35.9,100.0,0.0,157,29.92,SE,2.6,4.5,0.45,42.1,-10.2,"Malaga, Chelan County",330167,Malaga,2020-12-14 05:54:56.308788
2020-11-15,09:00,36.2,36.2,100.0,0.0,127,29.93,SE,2.4,5.4,0.45,42.1,-10.2,"Malaga, Chelan County",330167,Malaga,2020-12-14 05:54:56.308788
2020-11-15,09:15,36.4,36.4,99.8,0.0,248,29.93,S,1.9,4.9,0.44,42.1,-10.2,"Malaga, Chelan County",330167,Malaga,2020-12-14 05:54:56.308788
2020-11-15,09:30,37.6,37.4,99.5,0.0,261,29.94,S,1.8,4.2,0.44,42.1,-10.2,"Malaga, Chelan County",330167,Malaga,2020-12-14 05:54:56.308788
2020-11-15,09:45,38.0,38.0,99.8,0.0,286,29.94,NW,1.9,5.8,0.43,42.1,-10.2,"Malaga, Chelan County",330167,Malaga,2020-12-14 05:54:56.308788
2020-11-15,10:00,38.5,38.5,100.0,0.0,263,29.96,NW,4.6,8.4,0.43,42.1,-10.2,"Malaga, Chelan County",330167,Malaga,2020-12-14 05:54:56.308788
2020-11-15,10:15,39.4,39.3,99.7,0.0,304,29.97,NW,2.5,5.8,0.42,42.1,-10.2,"Malaga, Chelan County",330167,Malaga,2020-12-14 05:54:56.308788
2020-11-15,10:30,40.5,40.0,98.2,0.0,272,29.98,SW,1.7,4.1,0.42,42.1,-10.2,"Malaga, Chelan County",330167,Malaga,2020-12-14 05:54:56.308788
2020-11-15,10:45,41.0,39.9,95.8,0.0,276,29.99,NW,2.8,7.6,0.42,42.1,-10.2,"Malaga, Chelan County",330167,Malaga,2020-12-14 05:54:56.308788
2020-11-15,11:00,41.9,40.0,93.0,0.0,356,29.98,S,6.3,10.9,0.41,42.1,-10.2,"Malaga, Chelan County",330167,Malaga,2020-12-14 05:54:56.308788
2020-11-15,11:15,43.4,40.2,88.4,0.0,356,29.98,S,4.9,9.1,0.41,42.1,-10.2,"Malaga, Chelan County",330167,Malaga,2020-12-14 05:54:56.308788
2020-11-15,11:30,44.4,40.9,87.5,0.0,341,29.98,NW,3.7,6.8,0.4,42.1,-10.2,"Malaga, Chelan County",330167,Malaga,2020-12-14 05:54:56.308788
2020-11-15,11:45,44.6,41.0,87.1,0.0,327,29.98,NW,3.7,8.5,0.4,42.1,-10.2,"Malaga, Chelan County",330167,Malaga,2020-12-14 05:54:56.308788
2020-11-15,12:00,44.7,41.0,86.7,0.0,349,29.98,N,2.8,5.1,0.39,42.1,-10.2,"Malaga, Chelan County",330167,Malaga,2020-12-14 05:54:56.308788
2020-11-15,12:15,45.2,41.3,85.9,0.0,366,29.98,N,3.3,6.5,0.39,42.3,-10.2,"Malaga, Chelan County",330167,Malaga,2020-12-14 05:54:56.308788
2020-11-15,12:30,45.7,41.1,83.8,0.0,305,29.99,NW,3.2,7.8,0.39,42.3,-10.2,"Malaga, Chelan County",330167,Malaga,2020-12-14 05:54:56.308788
2020-11-15,12:45,46.5,41.2,81.7,0.0,323,29.98,N ,2.0,3.7,0.39,42.4,-10.2,"Malaga, Chelan County",330167,Malaga,2020-12-14 05:54:56.308788
2020-11-15,13:00,47.3,41.2,79.3,0.0,279,29.98,S,2.4,6.4,0.38,42.5,-10.2,"Malaga, Chelan County",330167,Malaga,2020-12-14 05:54:56.308788
2020-11-15,13:15,47.2,40.2,76.5,0.0,155,29.99,S,4.3,7.8,0.38,42.6,-10.2,"Malaga, Chelan County",330167,Malaga,2020-12-14 05:54:56.308788
2020-11-15,13:30,48.1,40.9,75.9,0.0,283,29.99,E,2.2,4.6,0.38,42.9,-10.2,"Malaga, Chelan County",330167,Malaga,2020-12-14 05:54:56.308788
2020-11-15,13:45,48.2,40.7,75.1,0.0,255,29.99,N ,3.7,6.7,0.38,43.0,-10.2,"Malaga, Chelan County",330167,Malaga,2020-12-14 05:54:56.308788
2020-11-15,14:00,48.5,40.0,72.2,0.0,214,30.0,N ,2.8,6.0,0.38,43.2,-10.2,"Malaga, Chelan County",330167,Malaga,2020-12-14 05:54:56.308788
2020-11-15,14:15,48.9,40.1,71.6,0.0,206,30.0,SE,2.7,5.6,0.37,43.4,-10.2,"Malaga, Chelan County",330167,Malaga,2020-12-14 05:54:56.308788
2020-11-15,14:30,49.0,39.7,70.0,0.0,192,30.0,E,2.8,5.8,0.37,43.5,-10.2,"Malaga, Chelan County",330167,Malaga,2020-12-14 05:54:56.308788
2020-11-15,14:45,48.3,39.1,70.2,0.0,172,30.0,N,3.4,6.8,0.37,43.7,-10.2,"Malaga, Chelan County",330167,Malaga,2020-12-14 05:54:56.308788
2020-11-15,15:00,47.7,38.6,70.6,0.0,153,30.0,NW,3.1,6.0,0.37,43.9,-10.2,"Malaga, Chelan County",330167,Malaga,2020-12-14 05:54:56.308788
2020-11-15,15:15,46.9,38.5,72.3,0.0,125,30.01,NW,2.6,8.3,0.37,44.0,-10.2,"Malaga, Chelan County",330167,Malaga,2020-12-14 05:54:56.308788
2020-11-15,15:30,45.3,38.0,75.4,0.0,48,30.02,SW,2.4,4.7,0.37,44.2,-10.2,"Malaga, Chelan County",330167,Malaga,2020-12-14 05:54:56.308788
2020-11-15,15:45,44.2,36.8,75.2,0.0,26,30.03,SW,2.3,6.2,0.37,44.4,-10.2,"Malaga, Chelan County",330167,Malaga,2020-12-14 05:54:56.308788
2020-11-15,16:00,43.5,36.7,76.8,0.0,19,30.03,SW,1.9,3.5,0.37,44.5,-10.2,"Malaga, Chelan County",330167,Malaga,2020-12-14 05:54:56.308788
2020-11-15,16:15,42.2,36.3,79.6,0.0,11,30.04,S,3.3,6.6,0.37,44.7,-10.2,"Malaga, Chelan County",330167,Malaga,2020-12-14 05:54:56.308788
2020-11-15,16:30,41.5,35.9,80.3,0.0,3,30.04,S,3.0,7.2,0.37,44.8,-10.2,"Malaga, Chelan County",330167,Malaga,2020-12-14 05:54:56.308788
2020-11-15,16:45,41.2,35.8,80.8,0.0,0,30.05,S,5.7,9.1,0.37,44.9,-10.2,"Malaga, Chelan County",330167,Malaga,2020-12-14 05:54:56.308788
2020-11-15,17:00,40.9,35.8,81.8,0.0,0,30.05,SW,4.4,8.4,0.37,45.0,-10.2,"Malaga, Chelan County",330167,Malaga,2020-12-14 05:54:56.308788
2020-11-15,17:15,41.7,35.7,79.2,0.0,0,30.06,S,4.2,7.9,0.37,45.0,-10.2,"Malaga, Chelan County",330167,Malaga,2020-12-14 05:54:56.308788
2020-11-15,17:30,41.1,35.7,81.2,0.0,0,30.06,SW,3.1,5.3,0.37,45.0,-10.2,"Malaga, Chelan County",330167,Malaga,2020-12-14 05:54:56.308788
2020-11-15,17:45,41.3,35.9,80.9,0.0,0,30.06,W,3.2,6.2,0.37,45.0,-10.2,"Malaga, Chelan County",330167,Malaga,2020-12-14 05:54:56.308788
2020-11-15,18:00,40.7,35.9,82.6,0.0,0,30.07,SW,2.1,5.7,0.37,45.0,-10.2,"Malaga, Chelan County",330167,Malaga,2020-12-14 05:54:56.308788
2020-11-15,18:15,39.7,35.4,84.6,0.0,0,30.07,S,3.3,6.1,0.37,45.0,-10.2,"Malaga, Chelan County",330167,Malaga,2020-12-14 05:54:56.308788
2020-11-15,18:30,39.5,35.4,85.2,0.0,0,30.08,S,3.7,7.9,0.37,45.0,-10.2,"Malaga, Chelan County",330167,Malaga,2020-12-14 05:54:56.308788
2020-11-15,18:45,39.0,35.0,85.7,0.0,0,30.09,S,2.9,8.1,0.37,45.0,-10.2,"Malaga, Chelan County",330167,Malaga,2020-12-14 05:54:56.308788
2020-11-15,19:00,38.9,35.0,86.0,0.0,0,30.1,S,6.4,10.3,0.37,44.8,-10.2,"Malaga, Chelan County",330167,Malaga,2020-12-14 05:54:56.308788
2020-11-15,19:15,38.4,35.1,87.7,0.0,0,30.1,S,6.5,11.5,0.37,44.8,-10.2,"Malaga, Chelan County",330167,Malaga,2020-12-14 05:54:56.308788
2020-11-15,19:30,38.7,35.0,86.5,0.0,0,30.1,S,6.4,10.4,0.37,44.7,-10.2,"Malaga, Chelan County",330167,Malaga,2020-12-14 05:54:56.308788
2020-11-15,19:45,38.9,35.1,86.2,0.0,0,30.11,S,3.6,6.2,0.37,44.6,-10.2,"Malaga, Chelan County",330167,Malaga,2020-12-14 05:54:56.308788
2020-11-15,20:00,38.6,35.0,86.7,0.0,0,30.11,S,5.3,9.3,0.37,44.6,-10.3,"Malaga, Chelan County",330167,Malaga,2020-12-14 05:54:56.308788
2020-11-15,20:15,38.9,35.4,87.1,0.0,0,30.12,S,4.6,8.2,0.37,44.4,-10.3,"Malaga, Chelan County",330167,Malaga,2020-12-14 05:54:56.308788
2020-11-15,20:30,38.9,35.4,87.2,0.0,0,30.12,S,3.9,6.2,0.37,44.4,-10.3,"Malaga, Chelan County",330167,Malaga,2020-12-14 05:54:56.308788
2020-11-15,20:45,38.7,35.4,87.7,0.0,0,30.12,S,5.9,11.2,0.37,44.3,-10.3,"Malaga, Chelan County",330167,Malaga,2020-12-14 05:54:56.308788
2020-11-15,21:00,39.2,35.7,87.4,0.0,0,30.12,S,4.2,8.1,0.37,44.2,-10.3,"Malaga, Chelan County",330167,Malaga,2020-12-14 05:54:56.308788
2020-11-15,21:15,38.5,35.7,89.6,0.0,0,30.13,S,4.0,5.9,0.37,44.1,-10.3,"Malaga, Chelan County",330167,Malaga,2020-12-14 05:54:56.308788
2020-11-15,21:30,38.9,35.7,88.4,0.0,0,30.13,S,5.2,8.7,0.37,44.1,-10.3,"Malaga, Chelan County",330167,Malaga,2020-12-14 05:54:56.308788
2020-11-15,21:45,39.5,36.0,87.1,0.0,0,30.14,S,4.4,9.3,0.37,44.0,-10.3,"Malaga, Chelan County",330167,Malaga,2020-12-14 05:54:56.308788
2020-11-15,22:00,39.1,36.0,88.5,0.0,0,30.14,S,2.3,4.1,0.37,43.9,-10.3,"Malaga, Chelan County",330167,Malaga,2020-12-14 05:54:56.308788
2020-11-15,22:15,38.8,35.8,88.7,0.0,0,30.14,S,3.1,5.3,0.37,43.9,-10.3,"Malaga, Chelan County",330167,Malaga,2020-12-14 05:54:56.308788
2020-11-15,22:30,38.3,35.6,89.9,0.0,0,30.15,S,3.8,7.2,0.37,43.7,-10.3,"Malaga, Chelan County",330167,Malaga,2020-12-14 05:54:56.308788
2020-11-15,22:45,38.1,35.1,88.8,0.0,0,30.15,S,4.8,7.3,0.37,43.7,-10.3,"Malaga, Chelan County",330167,Malaga,2020-12-14 05:54:56.308788
2020-11-15,23:00,38.3,35.1,88.3,0.0,0,30.16,S,3.0,5.8,0.37,43.7,-10.3,"Malaga, Chelan County",330167,Malaga,2020-12-14 05:54:56.308788
2020-11-15,23:15,38.0,35.3,89.8,0.0,0,30.16,S,3.6,5.8,0.37,43.5,-10.3,"Malaga, Chelan County",330167,Malaga,2020-12-14 05:54:56.308788
2020-11-15,23:30,37.8,35.0,89.6,0.0,0,30.16,S,4.3,6.9,0.37,43.5,-10.3,"Malaga, Chelan County",330167,Malaga,2020-12-14 05:54:56.308788
2020-11-15,23:45,37.2,34.9,91.4,0.0,0,30.17,S,5.1,8.9,0.37,43.4,-10.3,"Malaga, Chelan County",330167,Malaga,2020-12-14 05:54:56.308788
2020-11-15,24:00,36.9,34.5,90.9,0.0,0,30.18,S,5.1,8.1,0.37,43.3,-10.3,"Malaga, Chelan County",330167,Malaga,2020-12-14 05:54:56.308788
2020-11-16,00:15,36.9,34.4,90.7,0.0,0,30.18,S,3.7,6.4,0.37,43.3,-10.3,"Malaga, Chelan County",330167,Malaga,2020-12-14 05:54:56.308788
2020-11-16,00:30,37.0,34.6,90.7,0.0,0,30.17,S,4.7,9.5,0.37,43.2,-10.3,"Malaga, Chelan County",330167,Malaga,2020-12-14 05:54:56.308788
2020-11-16,00:45,37.4,34.9,90.6,0.0,0,30.17,SW,1.6,3.9,0.37,43.2,-10.3,"Malaga, Chelan County",330167,Malaga,2020-12-14 05:54:56.308788
2020-11-16,01:00,37.1,35.0,92.1,0.0,0,30.17,W,1.9,3.5,0.37,43.2,-10.3,"Malaga, Chelan County",330167,Malaga,2020-12-14 05:54:56.308788
2020-11-16,01:15,36.6,35.0,93.9,0.0,0,30.17,NW,1.9,4.3,0.37,43.0,-10.3,"Malaga, Chelan County",330167,Malaga,2020-12-14 05:54:56.308788
2020-11-16,01:30,35.8,34.8,96.2,0.0,0,30.17,SW,2.0,4.4,0.37,43.0,-10.3,"Malaga, Chelan County",330167,Malaga,2020-12-14 05:54:56.308788
2020-11-16,01:45,36.1,34.7,94.7,0.0,0,30.17,NW,1.8,5.9,0.37,43.0,-10.3,"Malaga, Chelan County",330167,Malaga,2020-12-14 05:54:56.308788
2020-11-16,02:00,36.2,35.0,95.1,0.0,0,30.18,SW,3.6,6.4,0.37,42.8,-10.4,"Malaga, Chelan County",330167,Malaga,2020-12-14 05:54:56.308788
2020-11-16,02:15,36.0,35.0,96.2,0.0,0,30.17,SE,1.8,4.1,0.37,42.6,-10.4,"Malaga, Chelan County",330167,Malaga,2020-12-14 05:54:56.308788
2020-11-16,02:30,36.0,35.0,96.1,0.0,0,30.18,SW,1.8,4.3,0.37,42.6,-10.4,"Malaga, Chelan County",330167,Malaga,2020-12-14 05:54:56.308788
2020-11-16,02:45,36.1,35.0,96.1,0.0,0,30.18,S,3.4,6.9,0.37,42.6,-10.4,"Malaga, Chelan County",330167,Malaga,2020-12-14 05:54:56.308788
2020-11-16,03:00,37.7,35.5,91.4,0.0,0,30.18,SW,2.3,4.6,0.37,42.4,-10.4,"Malaga, Chelan County",330167,Malaga,2020-12-14 05:54:56.308788
2020-11-16,03:15,37.7,36.1,93.8,0.0,0,30.19,E,2.0,3.8,0.37,42.4,-10.4,"Malaga, Chelan County",330167,Malaga,2020-12-14 05:54:56.308788
2020-11-16,03:30,37.0,36.1,96.6,0.0,0,30.19,S,2.8,4.4,0.37,42.4,-10.4,"Malaga, Chelan County",330167,Malaga,2020-12-14 05:54:56.308788
2020-11-16,03:45,37.3,35.8,94.0,0.0,0,30.17,S,3.7,5.7,0.37,42.3,-10.4,"Malaga, Chelan County",330167,Malaga,2020-12-14 05:54:56.308788
2020-11-16,04:00,37.4,35.8,93.8,0.0,0,30.17,S,2.8,6.5,0.37,42.3,-10.4,"Malaga, Chelan County",330167,Malaga,2020-12-14 05:54:56.308788
2020-11-16,04:15,36.7,35.8,96.3,0.0,0,30.17,SW,1.8,3.3,0.37,42.3,-10.4,"Malaga, Chelan County",330167,Malaga,2020-12-14 05:54:56.308788
2020-11-16,04:30,37.1,35.8,94.8,0.0,0,30.17,W,1.8,3.6,0.37,42.2,-10.4,"Malaga, Chelan County",330167,Malaga,2020-12-14 05:54:56.308788
2020-11-16,04:45,37.4,35.9,94.0,0.0,0,30.18,NW,1.7,4.7,0.37,42.1,-10.4,"Malaga, Chelan County",330167,Malaga,2020-12-14 05:54:56.308788
2020-11-16,05:00,36.9,35.9,96.2,0.0,0,30.19,NW,2.3,4.9,0.37,42.1,-10.4,"Malaga, Chelan County",330167,Malaga,2020-12-14 05:54:56.308788
2020-11-16,05:15,36.7,35.8,96.4,0.0,0,30.19,E,1.3,2.6,0.37,42.1,-10.4,"Malaga, Chelan County",330167,Malaga,2020-12-14 05:54:56.308788
2020-11-16,05:30,36.4,35.8,97.5,0.0,0,30.18,W,1.5,3.9,0.37,42.1,-10.4,"Malaga, Chelan County",330167,Malaga,2020-12-14 05:54:56.308788
2020-11-16,05:45,36.6,35.8,96.8,0.0,0,30.19,SW,1.6,5.0,0.37,42.1,-10.4,"Malaga, Chelan County",330167,Malaga,2020-12-14 05:54:56.308788
2020-11-16,06:00,36.5,35.8,97.2,0.0,0,30.19,W,1.8,3.8,0.37,42.1,-10.4,"Malaga, Chelan County",330167,Malaga,2020-12-14 05:54:56.308788
2020-11-16,06:15,36.8,35.9,96.8,0.0,0,30.19,W,1.6,3.9,0.37,42.0,-10.4,"Malaga, Chelan County",330167,Malaga,2020-12-14 05:54:56.308788
2020-11-16,06:30,37.4,36.2,95.6,0.0,0,30.2,W,1.1,2.8,0.37,41.9,-10.4,"Malaga, Chelan County",330167,Malaga,2020-12-14 05:54:56.308788
2020-11-16,06:45,37.4,36.5,96.5,0.0,0,30.19,SE,2.3,7.3,0.37,41.9,-10.5,"Malaga, Chelan County",330167,Malaga,2020-12-14 05:54:56.308788
2020-11-16,07:00,37.4,36.5,96.5,0.0,0,30.19,S,1.4,2.5,0.37,41.9,-10.5,"Malaga, Chelan County",330167,Malaga,2020-12-14 05:54:56.308788
2020-11-16,07:15,37.6,36.5,95.6,0.0,1,30.2,S,2.7,4.2,0.37,41.9,-10.5,"Malaga, Chelan County",330167,Malaga,2020-12-14 05:54:56.308788
2020-11-16,07:30,37.6,36.6,95.9,0.0,5,30.19,S,1.4,2.5,0.38,41.9,-10.5,"Malaga, Chelan County",330167,Malaga,2020-12-14 05:54:56.308788
2020-11-16,07:45,37.9,36.8,95.7,0.0,12,30.18,SW,1.2,3.3,0.38,41.9,-10.5,"Malaga, Chelan County",330167,Malaga,2020-12-14 05:54:56.308788
2020-11-16,08:00,37.7,37.1,97.7,0.0,17,30.19,SW,1.8,3.3,0.38,41.9,-10.5,"Malaga, Chelan County",330167,Malaga,2020-12-14 05:54:56.308788
2020-11-16,08:15,38.1,37.2,96.6,0.0,18,30.2,S,2.2,3.6,0.37,41.9,-10.5,"Malaga, Chelan County",330167,Malaga,2020-12-14 05:54:56.308788
2020-11-16,08:30,38.3,37.5,96.8,0.0,24,30.2,SW,1.6,2.5,0.39,41.9,-10.5,"Malaga, Chelan County",330167,Malaga,2020-12-14 05:54:56.308788
2020-11-16,08:45,38.4,37.5,96.6,0.0,45,30.19,NE,1.7,3.6,0.41,41.9,-10.5,"Malaga, Chelan County",330167,Malaga,2020-12-14 05:54:56.308788
2020-11-16,09:00,38.3,38.0,98.9,0.0,50,30.18,E,1.6,2.8,0.43,41.9,-10.5,"Malaga, Chelan County",330167,Malaga,2020-12-14 05:54:56.308788
2020-11-16,09:15,38.4,38.1,98.9,0.0,22,30.18,SE,1.4,2.5,0.49,41.9,-10.5,"Malaga, Chelan County",330167,Malaga,2020-12-14 05:54:56.308788
2020-11-16,09:30,38.3,38.1,99.2,0.0,16,30.18,W,1.0,2.7,0.62,41.9,-10.5,"Malaga, Chelan County",330167,Malaga,2020-12-14 05:54:56.308788
2020-11-16,09:45,38.2,38.1,99.7,0.01,21,30.19,NE,2.0,3.2,0.68,41.9,-10.5,"Malaga, Chelan County",330167,Malaga,2020-12-14 05:54:56.308788
2020-11-16,10:00,38.1,38.1,100.0,0.02,40,30.18,SE,2.4,5.1,0.59,41.9,-10.5,"Malaga, Chelan County",330167,Malaga,2020-12-14 05:54:56.308788
2020-11-16,10:15,38.3,38.2,99.9,0.02,57,30.17,S,2.1,3.6,0.63,41.9,-10.5,"Malaga, Chelan County",330167,Malaga,2020-12-14 05:54:56.308788
2020-11-16,10:30,38.5,38.5,100.0,0.01,64,30.16,S,1.1,2.2,0.62,41.9,-10.5,"Malaga, Chelan County",330167,Malaga,2020-12-14 05:54:56.308788
2020-11-16,10:45,38.7,38.6,99.6,0.01,62,30.16,N ,1.9,3.0,0.74,41.9,-10.5,"Malaga, Chelan County",330167,Malaga,2020-12-14 05:54:56.308788
2020-11-16,11:00,38.7,38.7,100.0,0.01,48,30.15,NE,1.7,2.9,0.72,41.9,-10.5,"Malaga, Chelan County",330167,Malaga,2020-12-14 05:54:56.308788
2020-11-16,11:15,38.6,38.6,99.9,0.01,47,30.15,N ,1.6,2.5,0.69,41.9,-10.5,"Malaga, Chelan County",330167,Malaga,2020-12-14 05:54:56.308788
2020-11-16,11:30,38.6,38.5,99.7,0.01,63,30.14,NW,2.2,4.9,0.7,41.9,-10.5,"Malaga, Chelan County",330167,Malaga,2020-12-14 05:54:56.308788
2020-11-16,11:45,38.6,38.6,100.0,0.02,63,30.14,NW,3.7,7.0,0.65,42.1,-10.5,"Malaga, Chelan County",330167,Malaga,2020-12-14 05:54:56.308788
2020-11-16,12:00,38.1,38.1,100.0,0.01,76,30.14,NW,4.9,8.4,0.67,42.1,-10.6,"Malaga, Chelan County",330167,Malaga,2020-12-14 05:54:56.308788
2020-11-16,12:15,38.0,37.9,99.7,0.01,86,30.14,W,2.5,6.7,0.77,42.1,-10.6,"Malaga, Chelan County",330167,Malaga,2020-12-14 05:54:56.308788
2020-11-16,12:30,37.8,37.8,100.0,0.01,71,30.13,N,1.3,4.7,0.68,42.1,-10.6,"Malaga, Chelan County",330167,Malaga,2020-12-14 05:54:56.308788
2020-11-16,12:45,37.5,37.4,99.8,0.01,65,30.12,NW,2.5,5.1,0.84,42.1,-10.5,"Malaga, Chelan County",330167,Malaga,2020-12-14 05:54:56.308788
2020-11-16,13:00,37.2,37.2,100.0,0.01,54,30.12,NW,3.7,6.6,0.79,42.2,-10.5,"Malaga, Chelan County",330167,Malaga,2020-12-14 05:54:56.308788
2020-11-16,13:15,37.0,37.0,100.0,0.01,54,30.11,NW,3.1,5.4,0.81,42.3,-10.5,"Malaga, Chelan County",330167,Malaga,2020-12-14 05:54:56.308788
2020-11-16,13:30,36.8,36.8,100.0,0.01,73,30.1,NW,2.5,4.3,0.7,42.3,-10.4,"Malaga, Chelan County",330167,Malaga,2020-12-14 05:54:56.308788
2020-11-16,13:45,36.8,36.7,99.7,0.01,45,30.1,N ,2.6,4.0,0.69,42.3,-10.2,"Malaga, Chelan County",330167,Malaga,2020-12-14 05:54:56.308788
2020-11-16,14:00,36.7,36.7,100.0,0.01,37,30.09,N,2.0,3.6,0.76,42.3,-10.0,"Malaga, Chelan County",330167,Malaga,2020-12-14 05:54:56.308788
2020-11-16,14:15,36.5,36.5,100.0,0.01,39,30.08,NE,1.3,2.5,0.73,42.4,-9.9,"Malaga, Chelan County",330167,Malaga,2020-12-14 05:54:56.308788
2020-11-16,14:30,36.5,36.5,99.9,0.01,43,30.07,NW,1.3,2.5,0.75,42.4,-9.9,"Malaga, Chelan County",330167,Malaga,2020-12-14 05:54:56.308788
2020-11-16,14:45,36.4,36.4,100.0,0.01,26,30.07,N,2.4,4.1,0.64,42.4,-9.8,"Malaga, Chelan County",330167,Malaga,2020-12-14 05:54:56.308788
2020-11-16,15:00,36.2,36.2,100.0,0.01,21,30.07,NW,1.9,2.9,0.78,42.4,-9.8,"Malaga, Chelan County",330167,Malaga,2020-12-14 05:54:56.308788
2020-11-16,15:15,36.2,36.1,99.9,0.0,8,30.06,NW,2.1,4.3,0.85,42.6,-9.7,"Malaga, Chelan County",330167,Malaga,2020-12-14 05:54:56.308788
2020-11-16,15:30,36.2,36.1,99.8,0.0,8,30.06,NW,1.9,3.5,0.91,42.6,-9.7,"Malaga, Chelan County",330167,Malaga,2020-12-14 05:54:56.308788
2020-11-16,15:45,36.2,36.1,99.9,0.0,6,30.06,NW,3.3,6.7,0.9,42.6,-9.7,"Malaga, Chelan County",330167,Malaga,2020-12-14 05:54:56.308788
2020-11-16,16:00,36.0,36.0,100.0,0.0,3,30.05,NW,3.0,5.8,0.91,42.6,-9.7,"Malaga, Chelan County",330167,Malaga,2020-12-14 05:54:56.308788
2020-11-16,16:15,36.0,36.0,100.0,0.0,1,30.05,NW,2.2,4.4,0.91,42.6,-9.7,"Malaga, Chelan County",330167,Malaga,2020-12-14 05:54:56.308788
2020-11-16,16:30,36.0,36.0,100.0,0.0,0,30.04,NW,2.6,5.1,0.91,42.6,-9.7,"Malaga, Chelan County",330167,Malaga,2020-12-14 05:54:56.308788
2020-11-16,16:45,36.0,36.0,100.0,0.01,0,30.03,NW,3.4,6.0,0.78,42.6,-9.7,"Malaga, Chelan County",330167,Malaga,2020-12-14 05:54:56.308788
2020-11-16,17:00,35.9,35.9,99.7,0.0,0,30.02,NW,3.7,6.8,0.81,42.6,-9.7,"Malaga, Chelan County",330167,Malaga,2020-12-14 05:54:56.308788
2020-11-16,17:15,36.0,35.9,99.9,0.0,0,30.02,NW,3.9,7.3,0.77,42.6,-9.7,"Malaga, Chelan County",330167,Malaga,2020-12-14 05:54:56.308788
2020-11-16,17:30,36.0,36.0,100.0,0.0,0,30.01,NW,3.3,6.8,0.81,42.6,-9.7,"Malaga, Chelan County",330167,Malaga,2020-12-14 05:54:56.308788
2020-11-16,17:45,36.1,36.1,99.8,0.0,0,30.0,NW,4.7,9.0,0.86,42.6,-9.7,"Malaga, Chelan County",330167,Malaga,2020-12-14 05:54:56.308788
2020-11-16,18:00,36.3,36.2,99.8,0.0,0,29.99,NW,4.0,7.2,0.86,42.6,-9.7,"Malaga, Chelan County",330167,Malaga,2020-12-14 05:54:56.308788
2020-11-16,18:15,36.1,36.1,99.9,0.0,0,29.99,W,4.7,10.1,0.85,42.6,-9.7,"Malaga, Chelan County",330167,Malaga,2020-12-14 05:54:56.308788
2020-11-16,18:30,36.1,36.1,99.9,0.0,0,29.99,NW,5.2,9.0,0.83,42.6,-9.7,"Malaga, Chelan County",330167,Malaga,2020-12-14 05:54:56.308788
2020-11-16,18:45,36.1,36.1,99.9,0.0,0,30.0,NW,4.5,7.9,0.84,42.6,-9.7,"Malaga, Chelan County",330167,Malaga,2020-12-14 05:54:56.308788
2020-11-16,19:00,36.1,36.1,99.9,0.0,0,30.0,W,2.7,6.2,0.84,42.6,-9.7,"Malaga, Chelan County",330167,Malaga,2020-12-14 05:54:56.308788
2020-11-16,19:15,36.1,36.1,99.9,0.0,0,29.99,NW,3.0,5.7,0.85,42.6,-9.7,"Malaga, Chelan County",330167,Malaga,2020-12-14 05:54:56.308788
2020-11-16,19:30,36.2,36.2,99.9,0.0,0,29.99,W,2.9,5.8,0.85,42.6,-9.7,"Malaga, Chelan County",330167,Malaga,2020-12-14 05:54:56.308788
2020-11-16,19:45,36.3,36.3,100.0,0.0,0,29.99,NW,1.9,4.0,0.85,42.6,-9.7,"Malaga, Chelan County",330167,Malaga,2020-12-14 05:54:56.308788
2020-11-16,20:00,36.2,36.1,99.6,0.0,0,29.99,NW,3.2,5.4,0.85,42.6,-9.7,"Malaga, Chelan County",330167,Malaga,2020-12-14 05:54:56.308788
2020-11-16,20:15,36.1,36.1,99.9,0.0,0,29.99,NW,3.8,6.1,0.85,42.6,-9.7,"Malaga, Chelan County",330167,Malaga,2020-12-14 05:54:56.308788
2020-11-16,20:30,36.1,36.1,100.0,0.0,0,29.98,NW,3.9,7.0,0.85,42.5,-9.7,"Malaga, Chelan County",330167,Malaga,2020-12-14 05:54:56.308788
2020-11-16,20:45,36.0,36.0,100.0,0.0,0,29.98,W,2.4,5.9,0.84,42.4,-9.7,"Malaga, Chelan County",330167,Malaga,2020-12-14 05:54:56.308788
2020-11-16,21:00,36.0,36.0,100.0,0.0,0,29.98,W,2.4,5.2,0.84,42.4,-9.7,"Malaga, Chelan County",330167,Malaga,2020-12-14 05:54:56.308788
2020-11-16,21:15,36.1,36.1,99.9,0.0,0,29.97,W,2.1,3.9,0.84,42.4,-9.7,"Malaga, Chelan County",330167,Malaga,2020-12-14 05:54:56.308788
2020-11-16,21:30,36.4,36.3,99.6,0.0,0,29.97,W,2.9,5.7,0.84,42.4,-9.7,"Malaga, Chelan County",330167,Malaga,2020-12-14 05:54:56.308788
2020-11-16,21:45,36.5,36.5,99.9,0.0,0,29.96,SE,1.5,3.0,0.83,42.4,-9.7,"Malaga, Chelan County",330167,Malaga,2020-12-14 05:54:56.308788
2020-11-16,22:00,36.4,36.4,99.9,0.0,0,29.96,NW,1.7,3.2,0.83,42.4,-9.7,"Malaga, Chelan County",330167,Malaga,2020-12-14 05:54:56.308788
2020-11-16,22:15,36.2,36.1,99.8,0.0,0,29.96,W,1.5,2.9,0.83,42.4,-9.7,"Malaga, Chelan County",330167,Malaga,2020-12-14 05:54:56.308788
2020-11-16,22:30,36.4,36.4,100.0,0.0,0,29.96,NW,1.5,3.2,0.83,42.4,-9.7,"Malaga, Chelan County",330167,Malaga,2020-12-14 05:54:56.308788
2020-11-16,22:45,36.3,36.3,100.0,0.0,0,29.95,W,1.9,3.8,0.83,42.4,-9.7,"Malaga, Chelan County",330167,Malaga,2020-12-14 05:54:56.308788
2020-11-16,23:00,36.4,36.4,100.0,0.0,0,29.94,S,1.1,2.6,0.83,42.4,-9.7,"Malaga, Chelan County",330167,Malaga,2020-12-14 05:54:56.308788
2020-11-16,23:15,36.5,36.5,99.8,0.0,0,29.94,S,1.5,3.2,0.83,42.4,-9.7,"Malaga, Chelan County",330167,Malaga,2020-12-14 05:54:56.308788
2020-11-16,23:30,36.5,36.5,99.8,0.0,0,29.94,SW,1.5,3.4,0.83,42.4,-9.7,"Malaga, Chelan County",330167,Malaga,2020-12-14 05:54:56.308788
2020-11-16,23:45,36.6,36.6,99.9,0.0,0,29.93,SW,1.8,3.3,0.83,42.3,-9.7,"Malaga, Chelan County",330167,Malaga,2020-12-14 05:54:56.308788
2020-11-16,24:00,36.5,36.5,99.8,0.0,0,29.92,NW,2.4,4.8,0.82,42.3,-9.7,"Malaga, Chelan County",330167,Malaga,2020-12-14 05:54:56.308788
2020-11-17,00:15,36.5,36.5,99.9,0.0,0,29.92,NW,2.5,5.6,0.82,42.3,-9.7,"Malaga, Chelan County",330167,Malaga,2020-12-14 05:54:56.308788
2020-11-17,00:30,36.5,36.3,99.3,0.0,0,29.91,W,1.9,3.7,0.82,42.3,-9.7,"Malaga, Chelan County",330167,Malaga,2020-12-14 05:54:56.308788
2020-11-17,00:45,36.5,36.5,99.8,0.0,0,29.91,NW,1.7,4.0,0.82,42.3,-9.7,"Malaga, Chelan County",330167,Malaga,2020-12-14 05:54:56.308788
2020-11-17,01:00,36.5,36.5,99.8,0.0,0,29.9,NW,3.1,6.5,0.82,42.3,-9.7,"Malaga, Chelan County",330167,Malaga,2020-12-14 05:54:56.308788
2020-11-17,01:15,36.4,36.4,100.0,0.0,0,29.89,W,2.3,4.1,0.81,42.3,-9.6,"Malaga, Chelan County",330167,Malaga,2020-12-14 05:54:56.308788
2020-11-17,01:30,36.5,36.4,99.8,0.0,0,29.88,W,1.6,4.0,0.81,42.3,-9.7,"Malaga, Chelan County",330167,Malaga,2020-12-14 05:54:56.308788
2020-11-17,01:45,36.5,36.5,100.0,0.0,0,29.88,SW,1.4,2.4,0.81,42.3,-9.7,"Malaga, Chelan County",330167,Malaga,2020-12-14 05:54:56.308788
2020-11-17,02:00,36.8,36.7,99.6,0.0,0,29.87,SE,1.6,3.6,0.81,42.3,-9.7,"Malaga, Chelan County",330167,Malaga,2020-12-14 05:54:56.308788
2020-11-17,02:15,36.8,36.8,100.0,0.0,0,29.86,SW,1.5,3.7,0.8,42.3,-9.7,"Malaga, Chelan County",330167,Malaga,2020-12-14 05:54:56.308788
2020-11-17,02:30,37.0,37.0,100.0,0.0,0,29.86,W,2.1,5.0,0.8,42.3,-9.7,"Malaga, Chelan County",330167,Malaga,2020-12-14 05:54:56.308788
2020-11-17,02:45,37.1,37.1,100.0,0.0,0,29.85,W,2.0,6.2,0.8,42.3,-9.7,"Malaga, Chelan County",330167,Malaga,2020-12-14 05:54:56.308788
2020-11-17,03:00,37.2,37.2,100.0,0.0,0,29.83,W,2.1,3.6,0.79,42.3,-9.7,"Malaga, Chelan County",330167,Malaga,2020-12-14 05:54:56.308788
2020-11-17,03:15,37.2,37.2,100.0,0.0,0,29.82,W,2.6,4.7,0.79,42.3,-9.7,"Malaga, Chelan County",330167,Malaga,2020-12-14 05:54:56.308788
2020-11-17,03:30,36.8,36.8,99.8,0.0,0,29.81,NW,2.2,4.2,0.78,42.3,-9.7,"Malaga, Chelan County",330167,Malaga,2020-12-14 05:54:56.308788
2020-11-17,03:45,36.7,36.7,100.0,0.0,0,29.8,NW,3.0,6.4,0.78,42.3,-9.7,"Malaga, Chelan County",330167,Malaga,2020-12-14 05:54:56.308788
2020-11-17,04:00,37.1,37.0,99.9,0.0,0,29.8,W,3.4,7.1,0.78,42.3,-9.7,"Malaga, Chelan County",330167,Malaga,2020-12-14 05:54:56.308788
2020-11-17,04:15,37.4,37.4,99.8,0.0,0,29.79,W,5.3,10.0,0.76,42.3,-9.7,"Malaga, Chelan County",330167,Malaga,2020-12-14 05:54:56.308788
2020-11-17,04:30,37.5,37.5,99.9,0.0,0,29.78,NW,5.9,10.0,0.75,42.3,-9.7,"Malaga, Chelan County",330167,Malaga,2020-12-14 05:54:56.308788
2020-11-17,04:45,37.2,37.2,100.0,0.0,0,29.78,W,3.8,8.0,0.74,42.3,-9.7,"Malaga, Chelan County",330167,Malaga,2020-12-14 05:54:56.308788
2020-11-17,05:00,37.1,37.1,100.0,0.0,0,29.77,NW,2.1,3.9,0.74,42.3,-9.7,"Malaga, Chelan County",330167,Malaga,2020-12-14 05:54:56.308788
2020-11-17,05:15,37.5,37.5,100.0,0.0,0,29.77,W,3.4,6.7,0.72,42.3,-9.7,"Malaga, Chelan County",330167,Malaga,2020-12-14 05:54:56.308788
2020-11-17,05:30,37.4,37.4,100.0,0.0,0,29.76,NW,1.8,3.9,0.71,42.3,-9.7,"Malaga, Chelan County",330167,Malaga,2020-12-14 05:54:56.308788
2020-11-17,05:45,37.3,37.3,99.9,0.0,0,29.75,SW,1.7,4.2,0.71,42.3,-9.7,"Malaga, Chelan County",330167,Malaga,2020-12-14 05:54:56.308788
2020-11-17,06:00,37.9,37.8,99.8,0.0,0,29.75,SW,1.9,4.4,0.7,42.3,-9.7,"Malaga, Chelan County",330167,Malaga,2020-12-14 05:54:56.308788
2020-11-17,06:15,37.6,37.6,100.0,0.0,0,29.73,NW,2.6,4.9,0.69,42.3,-9.7,"Malaga, Chelan County",330167,Malaga,2020-12-14 05:54:56.308788
2020-11-17,06:30,37.1,37.1,100.0,0.0,0,29.73,NW,5.7,9.4,0.68,42.3,-9.7,"Malaga, Chelan County",330167,Malaga,2020-12-14 05:54:56.308788
2020-11-17,06:45,37.3,37.3,100.0,0.0,0,29.72,NW,3.4,5.9,0.67,42.3,-9.7,"Malaga, Chelan County",330167,Malaga,2020-12-14 05:54:56.308788
2020-11-17,07:00,37.2,37.2,100.0,0.0,0,29.72,NW,3.3,7.8,0.67,42.3,-9.7,"Malaga, Chelan County",330167,Malaga,2020-12-14 05:54:56.308788
2020-11-17,07:15,36.9,36.9,99.8,0.0,0,29.71,NW,4.5,9.0,0.66,42.3,-9.7,"Malaga, Chelan County",330167,Malaga,2020-12-14 05:54:56.308788
2020-11-17,07:30,37.1,37.0,99.9,0.0,1,29.7,NW,1.9,4.1,0.65,42.3,-9.7,"Malaga, Chelan County",330167,Malaga,2020-12-14 05:54:56.308788
2020-11-17,07:45,37.1,37.1,100.0,0.0,3,29.7,NW,2.0,4.3,0.64,42.3,-9.7,"Malaga, Chelan County",330167,Malaga,2020-12-14 05:54:56.308788
2020-11-17,08:00,37.5,37.5,100.0,0.0,5,29.69,SW,1.5,3.2,0.63,42.2,-9.7,"Malaga, Chelan County",330167,Malaga,2020-12-14 05:54:56.308788
2020-11-17,08:15,37.7,37.7,100.0,0.0,8,29.68,NW,1.6,3.9,0.62,42.3,-9.7,"Malaga, Chelan County",330167,Malaga,2020-12-14 05:54:56.308788
2020-11-17,08:30,37.5,37.5,100.0,0.0,12,29.68,NW,1.5,3.0,0.61,42.3,-9.7,"Malaga, Chelan County",330167,Malaga,2020-12-14 05:54:56.308788
2020-11-17,08:45,37.6,37.5,99.8,0.0,19,29.67,N,3.0,5.8,0.6,42.2,-9.7,"Malaga, Chelan County",330167,Malaga,2020-12-14 05:54:56.308788
2020-11-17,09:00,37.7,37.6,100.0,0.0,23,29.66,W,1.5,4.0,0.59,42.2,-9.7,"Malaga, Chelan County",330167,Malaga,2020-12-14 05:54:56.308788
2020-11-17,09:15,37.6,37.5,99.8,0.0,36,29.64,W,1.8,3.4,0.59,42.3,-9.7,"Malaga, Chelan County",330167,Malaga,2020-12-14 05:54:56.308788
2020-11-17,09:30,37.9,37.9,100.0,0.0,34,29.65,NW,2.6,5.3,0.58,42.3,-9.7,"Malaga, Chelan County",330167,Malaga,2020-12-14 05:54:56.308788
2020-11-17,09:45,38.4,38.4,99.9,0.0,50,29.64,S,2.7,9.3,0.57,42.3,-9.7,"Malaga, Chelan County",330167,Malaga,2020-12-14 05:54:56.308788
2020-11-17,10:00,38.7,38.6,99.8,0.0,66,29.65,NE,1.8,4.1,0.56,42.3,-9.7,"Malaga, Chelan County",330167,Malaga,2020-12-14 05:54:56.308788
2020-11-17,10:15,38.8,38.8,100.0,0.0,93,29.63,W,2.4,5.2,0.55,42.3,-9.7,"Malaga, Chelan County",330167,Malaga,2020-12-14 05:54:56.308788
2020-11-17,10:30,39.2,39.2,100.0,0.0,138,29.63,W,2.5,6.5,0.54,42.3,-9.7,"Malaga, Chelan County",330167,Malaga,2020-12-14 05:54:56.308788
2020-11-17,10:45,40.1,40.0,99.7,0.0,229,29.62,NW,3.5,7.0,0.53,42.3,-9.7,"Malaga, Chelan County",330167,Malaga,2020-12-14 05:54:56.308788
2020-11-17,11:00,40.8,40.8,100.0,0.0,257,29.6,NW,2.7,5.7,0.52,42.3,-9.7,"Malaga, Chelan County",330167,Malaga,2020-12-14 05:54:56.308788
2020-11-17,11:15,41.3,41.2,99.6,0.0,262,29.59,N ,4.1,8.5,0.5,42.3,-9.7,"Malaga, Chelan County",330167,Malaga,2020-12-14 05:54:56.308788
2020-11-17,11:30,41.7,41.6,99.3,0.0,229,29.58,NW,4.8,8.3,0.48,42.3,-9.7,"Malaga, Chelan County",330167,Malaga,2020-12-14 05:54:56.308788
2020-11-17,11:45,41.9,41.8,99.4,0.0,194,29.58,NW,4.5,7.7,0.47,42.3,-9.7,"Malaga, Chelan County",330167,Malaga,2020-12-14 05:54:56.308788
2020-11-17,12:00,42.2,41.7,98.0,0.0,257,29.58,NW,4.0,6.8,0.46,42.4,-9.7,"Malaga, Chelan County",330167,Malaga,2020-12-14 05:54:56.308788
2020-11-17,12:15,42.6,42.2,98.6,0.0,232,29.58,NW,4.0,9.1,0.45,42.4,-9.7,"Malaga, Chelan County",330167,Malaga,2020-12-14 05:54:56.308788
2020-11-17,12:30,43.1,42.8,98.9,0.0,338,29.57,W,2.7,6.5,0.45,42.6,-9.7,"Malaga, Chelan County",330167,Malaga,2020-12-14 05:54:56.308788
2020-11-17,12:45,44.2,44.0,99.2,0.0,368,29.57,N,3.2,6.9,0.44,42.6,-9.7,"Malaga, Chelan County",330167,Malaga,2020-12-14 05:54:56.308788
2020-11-17,13:00,44.0,42.7,95.2,0.0,112,29.57,NW,5.1,11.1,0.43,42.8,-9.7,"Malaga, Chelan County",330167,Malaga,2020-12-14 05:54:56.308788
2020-11-17,13:15,43.5,41.3,91.9,0.0,100,29.57,NW,5.1,10.9,0.42,43.0,-9.7,"Malaga, Chelan County",330167,Malaga,2020-12-14 05:54:56.308788
2020-11-17,13:30,43.7,41.5,92.2,0.0,164,29.57,NW,5.5,10.2,0.41,43.1,-9.7,"Malaga, Chelan County",330167,Malaga,2020-12-14 05:54:56.308788
2020-11-17,13:45,43.7,41.4,91.8,0.0,86,29.57,NW,6.2,11.7,0.41,43.2,-9.7,"Malaga, Chelan County",330167,Malaga,2020-12-14 05:54:56.308788
2020-11-17,14:00,43.4,41.1,91.5,0.0,60,29.57,N,5.2,11.4,0.4,43.3,-9.7,"Malaga, Chelan County",330167,Malaga,2020-12-14 05:54:56.308788
2020-11-17,14:15,43.4,41.2,92.0,0.0,53,29.57,N,1.8,5.1,0.4,43.5,-9.7,"Malaga, Chelan County",330167,Malaga,2020-12-14 05:54:56.308788
2020-11-17,14:30,43.4,41.2,92.0,0.0,67,29.57,NW,2.8,7.4,0.4,43.6,-9.7,"Malaga, Chelan County",330167,Malaga,2020-12-14 05:54:56.308788
2020-11-17,14:45,43.4,41.3,92.1,0.0,51,29.57,NE,2.2,4.7,0.4,43.7,-9.7,"Malaga, Chelan County",330167,Malaga,2020-12-14 05:54:56.308788
2020-11-17,15:00,43.4,41.3,92.1,0.0,26,29.57,NW,2.6,5.3,0.39,43.8,-9.7,"Malaga, Chelan County",330167,Malaga,2020-12-14 05:54:56.308788
2020-11-17,15:15,43.3,41.2,92.1,0.0,18,29.59,N,2.6,5.2,0.47,43.9,-9.7,"Malaga, Chelan County",330167,Malaga,2020-12-14 05:54:56.308788
2020-11-17,15:30,43.2,41.4,93.3,0.0,25,29.59,S,3.0,4.7,0.48,44.0,-9.7,"Malaga, Chelan County",330167,Malaga,2020-12-14 05:54:56.308788
2020-11-17,15:45,42.9,41.5,94.7,0.0,33,29.57,NE,2.9,5.1,0.47,44.1,-9.7,"Malaga, Chelan County",330167,Malaga,2020-12-14 05:54:56.308788
2020-11-17,16:00,42.6,41.5,95.9,0.0,23,29.58,SW,2.1,4.4,0.47,44.2,-9.7,"Malaga, Chelan County",330167,Malaga,2020-12-14 05:54:56.308788
2020-11-17,16:15,42.2,41.1,95.6,0.0,13,29.58,W,2.1,3.8,0.47,44.2,-9.7,"Malaga, Chelan County",330167,Malaga,2020-12-14 05:54:56.308788
2020-11-17,16:30,42.0,40.6,94.6,0.0,3,29.59,W,1.7,3.5,0.46,44.2,-9.7,"Malaga, Chelan County",330167,Malaga,2020-12-14 05:54:56.308788
2020-11-17,16:45,41.5,40.3,95.5,0.0,0,29.59,S,3.0,6.0,0.46,44.3,-9.7,"Malaga, Chelan County",330167,Malaga,2020-12-14 05:54:56.308788
2020-11-17,17:00,41.5,40.0,94.4,0.0,0,29.6,SW,2.6,5.7,0.45,44.4,-9.7,"Malaga, Chelan County",330167,Malaga,2020-12-14 05:54:56.308788
2020-11-17,17:15,41.3,40.0,95.3,0.0,0,29.6,SW,2.8,9.3,0.45,44.4,-9.7,"Malaga, Chelan County",330167,Malaga,2020-12-14 05:54:56.308788
2020-11-17,17:30,41.3,40.1,95.4,0.0,0,29.61,NW,4.2,7.5,0.45,44.4,-9.7,"Malaga, Chelan County",330167,Malaga,2020-12-14 05:54:56.308788
2020-11-17,17:45,41.1,40.4,97.1,0.0,0,29.62,W,4.1,9.1,0.44,44.4,-9.7,"Malaga, Chelan County",330167,Malaga,2020-12-14 05:54:56.308788
2020-11-17,18:00,41.1,40.6,98.3,0.0,0,29.63,S,2.4,7.2,0.44,44.4,-9.7,"Malaga, Chelan County",330167,Malaga,2020-12-14 05:54:56.308788
2020-11-17,18:15,41.0,40.7,98.9,0.0,0,29.64,SE,1.6,2.9,0.44,44.4,-9.7,"Malaga, Chelan County",330167,Malaga,2020-12-14 05:54:56.308788
2020-11-17,18:30,40.7,40.4,99.0,0.0,0,29.65,SW,2.6,5.0,0.44,44.4,-9.7,"Malaga, Chelan County",330167,Malaga,2020-12-14 05:54:56.308788
2020-11-17,18:45,40.6,40.1,98.0,0.0,0,29.65,S,2.7,6.0,0.45,44.4,-9.7,"Malaga, Chelan County",330167,Malaga,2020-12-14 05:54:56.308788
2020-11-17,19:00,40.5,39.8,97.4,0.0,0,29.66,W,2.8,5.9,0.46,44.4,-9.7,"Malaga, Chelan County",330167,Malaga,2020-12-14 05:54:56.308788
2020-11-17,19:15,39.6,39.4,99.4,0.0,0,29.65,S,3.1,9.3,0.48,44.4,-9.7,"Malaga, Chelan County",330167,Malaga,2020-12-14 05:54:56.308788
2020-11-17,19:30,40.5,39.4,96.0,0.0,0,29.65,S,8.4,15.3,0.47,44.4,-9.7,"Malaga, Chelan County",330167,Malaga,2020-12-14 05:54:56.308788
2020-11-17,19:45,41.4,40.4,96.0,0.0,0,29.65,SW,4.3,12.0,0.47,44.2,-9.7,"Malaga, Chelan County",330167,Malaga,2020-12-14 05:54:56.308788
2020-11-17,20:00,41.1,40.5,97.8,0.0,0,29.65,N,3.2,9.2,0.46,44.2,-9.7,"Malaga, Chelan County",330167,Malaga,2020-12-14 05:54:56.308788
2020-11-17,20:15,39.9,39.9,100.0,0.0,0,29.66,S,4.6,8.6,0.46,44.2,-9.7,"Malaga, Chelan County",330167,Malaga,2020-12-14 05:54:56.308788
2020-11-17,20:30,39.8,39.5,98.9,0.0,0,29.65,SW,3.9,9.3,0.47,44.2,-9.7,"Malaga, Chelan County",330167,Malaga,2020-12-14 05:54:56.308788
2020-11-17,20:45,39.5,39.3,99.2,0.0,0,29.66,NE,2.3,8.3,0.47,44.2,-9.7,"Malaga, Chelan County",330167,Malaga,2020-12-14 05:54:56.308788
2020-11-17,21:00,39.7,39.2,98.1,0.0,0,29.67,S,3.0,7.0,0.47,44.1,-9.7,"Malaga, Chelan County",330167,Malaga,2020-12-14 05:54:56.308788
2020-11-17,21:15,39.8,39.4,98.6,0.0,0,29.67,S,2.7,4.8,0.47,44.1,-9.7,"Malaga, Chelan County",330167,Malaga,2020-12-14 05:54:56.308788
2020-11-17,21:30,39.6,39.3,98.8,0.0,0,29.68,W,2.3,3.4,0.46,44.1,-9.7,"Malaga, Chelan County",330167,Malaga,2020-12-14 05:54:56.308788
2020-11-17,21:45,41.0,39.9,95.7,0.0,0,29.7,W,3.5,8.0,0.46,44.1,-9.7,"Malaga, Chelan County",330167,Malaga,2020-12-14 05:54:56.308788
2020-11-17,22:00,40.2,40.2,99.9,0.0,0,29.71,NW,2.9,7.1,0.45,43.9,-9.7,"Malaga, Chelan County",330167,Malaga,2020-12-14 05:54:56.308788
2020-11-17,22:15,40.2,40.2,99.6,0.0,0,29.72,S,3.0,6.2,0.45,43.9,-9.7,"Malaga, Chelan County",330167,Malaga,2020-12-14 05:54:56.308788
2020-11-17,22:30,40.2,40.1,99.5,0.0,0,29.72,S,2.3,5.1,0.45,43.9,-9.7,"Malaga, Chelan County",330167,Malaga,2020-12-14 05:54:56.308788
2020-11-17,22:45,39.3,39.2,99.5,0.0,0,29.72,S,1.8,3.6,0.46,43.9,-9.7,"Malaga, Chelan County",330167,Malaga,2020-12-14 05:54:56.308788
2020-11-17,23:00,39.1,38.7,98.6,0.0,0,29.72,E,3.7,6.8,0.46,43.8,-9.7,"Malaga, Chelan County",330167,Malaga,2020-12-14 05:54:56.308788
2020-11-17,23:15,38.8,38.3,98.1,0.0,0,29.73,NW,4.0,9.3,0.47,43.7,-9.7,"Malaga, Chelan County",330167,Malaga,2020-12-14 05:54:56.308788
2020-11-17,23:30,38.6,38.3,98.8,0.0,0,29.74,W,2.4,6.4,0.48,43.7,-9.7,"Malaga, Chelan County",330167,Malaga,2020-12-14 05:54:56.308788
2020-11-17,23:45,38.9,38.0,96.8,0.0,0,29.75,SW,2.1,6.4,0.49,43.7,-9.7,"Malaga, Chelan County",330167,Malaga,2020-12-14 05:54:56.308788
2020-11-17,24:00,38.6,38.2,98.2,0.0,0,29.74,S,3.0,5.3,0.49,43.7,-9.7,"Malaga, Chelan County",330167,Malaga,2020-12-14 05:54:56.308788
2020-11-18,00:15,38.9,38.1,96.9,0.0,0,29.75,S,2.0,4.7,0.5,43.6,-9.7,"Malaga, Chelan County",330167,Malaga,2020-12-14 05:54:56.308788
2020-11-18,00:30,38.1,37.6,97.9,0.0,0,29.75,S,1.8,3.4,0.51,43.5,-9.7,"Malaga, Chelan County",330167,Malaga,2020-12-14 05:54:56.308788
2020-11-18,00:45,37.6,37.2,98.7,0.0,0,29.75,SW,3.4,8.5,0.52,43.5,-9.7,"Malaga, Chelan County",330167,Malaga,2020-12-14 05:54:56.308788
2020-11-18,01:00,38.1,37.4,97.2,0.0,0,29.75,S,5.4,8.4,0.52,43.5,-9.7,"Malaga, Chelan County",330167,Malaga,2020-12-14 05:54:56.308788
2020-11-18,01:15,38.0,37.4,97.7,0.0,0,29.76,S,3.2,5.8,0.52,43.3,-9.7,"Malaga, Chelan County",330167,Malaga,2020-12-14 05:54:56.308788
2020-11-18,01:30,38.1,37.4,97.2,0.0,0,29.76,SW,2.1,4.7,0.53,43.3,-9.7,"Malaga, Chelan County",330167,Malaga,2020-12-14 05:54:56.308788
2020-11-18,01:45,36.6,36.5,99.5,0.0,0,29.76,SW,1.8,3.4,0.54,43.3,-9.7,"Malaga, Chelan County",330167,Malaga,2020-12-14 05:54:56.308788
2020-11-18,02:00,36.5,36.1,98.8,0.0,0,29.77,S,2.3,4.5,0.54,43.2,-9.7,"Malaga, Chelan County",330167,Malaga,2020-12-14 05:54:56.308788
2020-11-18,02:15,36.5,36.1,98.5,0.0,0,29.77,S,3.0,5.6,0.55,43.2,-9.7,"Malaga, Chelan County",330167,Malaga,2020-12-14 05:54:56.308788
2020-11-18,02:30,36.2,35.9,98.7,0.0,0,29.78,S,2.1,4.4,0.55,43.1,-9.7,"Malaga, Chelan County",330167,Malaga,2020-12-14 05:54:56.308788
2020-11-18,02:45,36.3,35.8,97.9,0.0,0,29.78,SW,2.5,5.2,0.56,43.0,-9.7,"Malaga, Chelan County",330167,Malaga,2020-12-14 05:54:56.308788
2020-11-18,03:00,36.1,35.8,98.7,0.0,0,29.79,SE,2.0,3.5,0.57,43.0,-9.7,"Malaga, Chelan County",330167,Malaga,2020-12-14 05:54:56.308788
2020-11-18,03:15,35.9,35.5,98.6,0.0,0,29.78,E,2.0,3.4,0.58,42.9,-9.7,"Malaga, Chelan County",330167,Malaga,2020-12-14 05:54:56.308788
2020-11-18,03:30,34.8,34.6,99.5,0.0,0,29.78,S,2.5,4.3,0.59,42.7,-9.7,"Malaga, Chelan County",330167,Malaga,2020-12-14 05:54:56.308788
2020-11-18,03:45,35.4,34.9,98.1,0.0,0,29.78,S,4.1,7.4,0.6,42.6,-9.7,"Malaga, Chelan County",330167,Malaga,2020-12-14 05:54:56.308788
2020-11-18,04:00,36.1,35.3,96.7,0.0,0,29.78,SW,1.6,3.3,0.61,42.6,-9.7,"Malaga, Chelan County",330167,Malaga,2020-12-14 05:54:56.308788
2020-11-18,04:15,34.8,34.7,100.0,0.0,0,29.78,S,1.7,3.8,0.62,42.4,-9.7,"Malaga, Chelan County",330167,Malaga,2020-12-14 05:54:56.308788
2020-11-18,04:30,34.9,34.6,99.0,0.0,0,29.78,S,3.0,7.6,0.63,42.4,-9.7,"Malaga, Chelan County",330167,Malaga,2020-12-14 05:54:56.308788
2020-11-18,04:45,35.0,34.8,99.0,0.0,0,29.78,SW,2.1,3.6,0.64,42.3,-9.7,"Malaga, Chelan County",330167,Malaga,2020-12-14 05:54:56.308788
2020-11-18,05:00,35.9,35.5,98.3,0.0,0,29.78,S,3.9,6.0,0.64,42.3,-9.7,"Malaga, Chelan County",330167,Malaga,2020-12-14 05:54:56.308788
2020-11-18,05:15,35.5,35.5,100.0,0.0,0,29.78,NW,2.5,5.6,0.64,42.1,-9.7,"Malaga, Chelan County",330167,Malaga,2020-12-14 05:54:56.308788
2020-11-18,05:30,34.4,34.4,99.9,0.0,0,29.77,W,2.0,4.6,0.65,42.1,-9.7,"Malaga, Chelan County",330167,Malaga,2020-12-14 05:54:56.308788
2020-11-18,05:45,35.1,35.1,99.8,0.0,0,29.77,SW,2.8,5.0,0.65,42.1,-9.7,"Malaga, Chelan County",330167,Malaga,2020-12-14 05:54:56.308788
2020-11-18,06:00,35.9,35.9,99.8,0.0,0,29.76,S,1.8,5.5,0.65,41.9,-9.7,"Malaga, Chelan County",330167,Malaga,2020-12-14 05:54:56.308788
2020-11-18,06:15,35.6,35.6,100.0,0.0,0,29.75,N ,2.5,4.9,0.65,41.9,-9.7,"Malaga, Chelan County",330167,Malaga,2020-12-14 05:54:56.308788
2020-11-18,06:30,35.9,35.9,99.8,0.0,0,29.75,S,4.4,6.2,0.64,41.9,-9.7,"Malaga, Chelan County",330167,Malaga,2020-12-14 05:54:56.308788
2020-11-18,06:45,35.9,35.8,99.8,0.0,0,29.74,NW,4.5,9.0,0.64,41.8,-9.7,"Malaga, Chelan County",330167,Malaga,2020-12-14 05:54:56.308788
2020-11-18,07:00,36.0,36.0,100.0,0.0,0,29.75,W,2.6,6.3,0.66,41.7,-9.7,"Malaga, Chelan County",330167,Malaga,2020-12-14 05:54:56.308788
2020-11-18,07:15,36.0,36.0,100.0,0.0,2,29.74,NW,2.1,4.9,0.66,41.7,-9.7,"Malaga, Chelan County",330167,Malaga,2020-12-14 05:54:56.308788
2020-11-18,07:30,35.5,35.5,100.0,0.0,9,29.74,S,1.3,2.5,0.66,41.7,-9.7,"Malaga, Chelan County",330167,Malaga,2020-12-14 05:54:56.308788
2020-11-18,07:45,35.8,35.7,99.5,0.0,20,29.74,S,1.6,3.4,0.7,41.7,-9.7,"Malaga, Chelan County",330167,Malaga,2020-12-14 05:54:56.308788
2020-11-18,08:00,36.1,36.1,100.0,0.01,29,29.75,W,1.6,5.1,0.72,41.5,-9.7,"Malaga, Chelan County",330167,Malaga,2020-12-14 05:54:56.308788
2020-11-18,08:15,35.8,35.8,99.9,0.0,60,29.75,N,2.3,5.8,0.75,41.5,-9.8,"Malaga, Chelan County",330167,Malaga,2020-12-14 05:54:56.308788
2020-11-18,08:30,35.8,35.8,100.0,0.0,102,29.74,S,1.3,4.2,0.77,41.5,-9.8,"Malaga, Chelan County",330167,Malaga,2020-12-14 05:54:56.308788
2020-11-18,08:45,37.2,37.1,99.6,0.0,74,29.74,S,3.1,5.1,0.68,41.5,-9.8,"Malaga, Chelan County",330167,Malaga,2020-12-14 05:54:56.308788
2020-11-18,09:00,37.6,37.6,100.0,0.0,53,29.73,NW,3.0,6.7,0.69,41.5,-9.8,"Malaga, Chelan County",330167,Malaga,2020-12-14 05:54:56.308788
2020-11-18,09:15,37.5,37.5,100.0,0.0,73,29.73,N ,3.2,5.2,0.76,41.5,-9.8,"Malaga, Chelan County",330167,Malaga,2020-12-14 05:54:56.308788
2020-11-18,09:30,37.4,37.2,99.5,0.01,95,29.73,NW,1.3,4.3,0.73,41.5,-9.8,"Malaga, Chelan County",330167,Malaga,2020-12-14 05:54:56.308788
2020-11-18,09:45,37.7,37.6,99.8,0.01,63,29.73,NW,2.1,4.6,0.78,41.5,-9.8,"Malaga, Chelan County",330167,Malaga,2020-12-14 05:54:56.308788
2020-11-18,10:00,37.8,37.8,100.0,0.01,45,29.73,NW,3.4,6.0,0.68,41.5,-9.8,"Malaga, Chelan County",330167,Malaga,2020-12-14 05:54:56.308788
2020-11-18,10:15,37.8,37.8,99.8,0.03,31,29.73,N,3.1,5.9,0.71,41.5,-9.8,"Malaga, Chelan County",330167,Malaga,2020-12-14 05:54:56.308788
2020-11-18,10:30,37.7,37.6,99.9,0.02,53,29.73,SW,1.7,3.7,0.7,41.5,-9.8,"Malaga, Chelan County",330167,Malaga,2020-12-14 05:54:56.308788
2020-11-18,10:45,37.9,37.9,99.9,0.01,72,29.73,N ,1.9,4.5,0.8,41.5,-9.8,"Malaga, Chelan County",330167,Malaga,2020-12-14 05:54:56.308788
2020-11-18,11:00,38.1,38.1,100.0,0.01,35,29.73,N,1.6,3.6,0.76,41.6,-9.8,"Malaga, Chelan County",330167,Malaga,2020-12-14 05:54:56.308788
2020-11-18,11:15,38.3,38.3,99.9,0.0,47,29.72,NW,2.6,5.2,0.82,41.7,-9.8,"Malaga, Chelan County",330167,Malaga,2020-12-14 05:54:56.308788
2020-11-18,11:30,38.8,38.8,100.0,0.0,55,29.72,NW,2.0,3.9,0.73,41.7,-9.8,"Malaga, Chelan County",330167,Malaga,2020-12-14 05:54:56.308788
2020-11-18,11:45,39.0,39.0,100.0,0.0,82,29.71,N ,1.5,4.8,0.78,41.7,-9.7,"Malaga, Chelan County",330167,Malaga,2020-12-14 05:54:56.308788
2020-11-18,12:00,39.3,39.3,100.0,0.01,132,29.7,N ,3.3,5.1,0.76,41.7,-9.7,"Malaga, Chelan County",330167,Malaga,2020-12-14 05:54:56.308788
2020-11-18,12:15,39.5,39.5,100.0,0.0,103,29.7,NE,2.6,4.3,0.76,41.9,-9.7,"Malaga, Chelan County",330167,Malaga,2020-12-14 05:54:56.308788
2020-11-18,12:30,40.0,40.0,99.9,0.0,90,29.7,NW,4.0,7.0,0.74,41.9,-9.7,"Malaga, Chelan County",330167,Malaga,2020-12-14 05:54:56.308788
2020-11-18,12:45,40.2,40.2,100.0,0.0,70,29.7,NW,2.8,6.7,0.72,41.9,-9.6,"Malaga, Chelan County",330167,Malaga,2020-12-14 05:54:56.308788
2020-11-18,13:00,40.4,40.4,100.0,0.0,103,29.7,NW,5.5,9.0,0.7,41.9,-9.6,"Malaga, Chelan County",330167,Malaga,2020-12-14 05:54:56.308788
2020-11-18,13:15,40.4,40.4,100.0,0.0,66,29.7,NW,5.2,9.6,0.65,42.1,-9.5,"Malaga, Chelan County",330167,Malaga,2020-12-14 05:54:56.308788
2020-11-18,13:30,40.3,40.3,99.8,0.0,57,29.7,NW,4.5,10.3,0.62,42.1,-9.5,"Malaga, Chelan County",330167,Malaga,2020-12-14 05:54:56.308788
2020-11-18,13:45,40.6,40.6,100.0,0.0,53,29.71,W,4.1,8.7,0.59,42.1,-9.5,"Malaga, Chelan County",330167,Malaga,2020-12-14 05:54:56.308788
2020-11-18,14:00,41.0,40.9,99.6,0.0,54,29.71,N,2.4,5.8,0.56,42.2,-9.5,"Malaga, Chelan County",330167,Malaga,2020-12-14 05:54:56.308788
2020-11-18,14:15,41.0,40.9,99.7,0.0,50,29.72,N,2.1,4.4,0.54,42.3,-9.5,"Malaga, Chelan County",330167,Malaga,2020-12-14 05:54:56.308788
2020-11-18,14:30,41.1,40.9,99.2,0.0,60,29.72,W,3.4,7.2,0.52,42.3,-9.5,"Malaga, Chelan County",330167,Malaga,2020-12-14 05:54:56.308788
2020-11-18,14:45,41.1,40.5,97.7,0.0,46,29.72,W,3.0,5.4,0.51,42.4,-9.5,"Malaga, Chelan County",330167,Malaga,2020-12-14 05:54:56.308788
2020-11-18,15:00,41.1,40.7,98.4,0.0,58,29.72,NW,3.2,5.4,0.49,42.4,-9.5,"Malaga, Chelan County",330167,Malaga,2020-12-14 05:54:56.308788
2020-11-18,15:15,41.2,40.9,99.0,0.0,27,29.73,N,2.4,4.5,0.48,42.6,-9.5,"Malaga, Chelan County",330167,Malaga,2020-12-14 05:54:56.308788
2020-11-18,15:30,41.2,40.9,99.0,0.0,28,29.73,NW,2.9,5.6,0.47,42.6,-9.5,"Malaga, Chelan County",330167,Malaga,2020-12-14 05:54:56.308788
2020-11-18,15:45,41.2,40.9,99.0,0.0,19,29.74,W,1.9,3.9,0.46,42.6,-9.5,"Malaga, Chelan County",330167,Malaga,2020-12-14 05:54:56.308788
2020-11-18,16:00,41.2,40.9,99.0,0.0,17,29.74,S,3.2,5.5,0.46,42.7,-9.5,"Malaga, Chelan County",330167,Malaga,2020-12-14 05:54:56.308788
2020-11-18,16:15,40.9,40.6,99.1,0.0,13,29.75,S,3.8,6.3,0.45,42.8,-9.5,"Malaga, Chelan County",330167,Malaga,2020-12-14 05:54:56.308788
2020-11-18,16:30,40.7,40.3,98.5,0.0,2,29.75,S,2.8,6.5,0.45,43.0,-9.5,"Malaga, Chelan County",330167,Malaga,2020-12-14 05:54:56.308788
2020-11-18,16:45,40.7,40.0,97.3,0.0,0,29.76,S,5.8,10.1,0.44,43.0,-9.5,"Malaga, Chelan County",330167,Malaga,2020-12-14 05:54:56.308788
2020-11-18,17:00,40.6,40.0,97.6,0.0,0,29.76,S,3.5,5.4,0.44,43.0,-9.5,"Malaga, Chelan County",330167,Malaga,2020-12-14 05:54:56.308788
2020-11-18,17:15,39.7,39.4,98.6,0.0,0,29.76,SW,1.2,3.2,0.45,43.0,-9.5,"Malaga, Chelan County",330167,Malaga,2020-12-14 05:54:56.308788
2020-11-18,17:30,38.9,38.6,98.8,0.0,0,29.77,S,3.8,6.8,0.45,43.0,-9.5,"Malaga, Chelan County",330167,Malaga,2020-12-14 05:54:56.308788
2020-11-18,17:45,38.2,37.8,98.7,0.0,0,29.77,S,6.2,10.0,0.45,43.2,-9.5,"Malaga, Chelan County",330167,Malaga,2020-12-14 05:54:56.308788
2020-11-18,18:00,38.2,37.5,97.3,0.0,0,29.78,S,4.7,9.6,0.45,43.2,-9.5,"Malaga, Chelan County",330167,Malaga,2020-12-14 05:54:56.308788
2020-11-18,18:15,38.1,37.2,96.6,0.0,0,29.78,S,5.8,10.8,0.45,43.2,-9.5,"Malaga, Chelan County",330167,Malaga,2020-12-14 05:54:56.308788
2020-11-18,18:30,38.4,37.3,95.9,0.0,0,29.79,S,6.4,12.5,0.45,43.2,-9.5,"Malaga, Chelan County",330167,Malaga,2020-12-14 05:54:56.308788
2020-11-18,18:45,38.2,37.4,97.0,0.0,0,29.8,S,3.9,8.2,0.45,43.2,-9.5,"Malaga, Chelan County",330167,Malaga,2020-12-14 05:54:56.308788
2020-11-18,19:00,38.0,37.1,96.7,0.0,0,29.81,NE,2.2,4.8,0.45,43.1,-9.5,"Malaga, Chelan County",330167,Malaga,2020-12-14 05:54:56.308788
2020-11-18,19:15,36.7,36.3,98.4,0.0,0,29.82,S,3.7,7.8,0.45,43.0,-9.5,"Malaga, Chelan County",330167,Malaga,2020-12-14 05:54:56.308788
2020-11-18,19:30,38.3,36.6,93.5,0.0,0,29.82,S,4.5,8.5,0.45,43.0,-9.5,"Malaga, Chelan County",330167,Malaga,2020-12-14 05:54:56.308788
2020-11-18,19:45,37.2,36.8,98.4,0.0,0,29.83,NW,2.7,5.0,0.45,43.0,-9.5,"Malaga, Chelan County",330167,Malaga,2020-12-14 05:54:56.308788
2020-11-18,20:00,36.3,36.2,99.5,0.0,0,29.84,N,1.8,4.2,0.46,43.0,-9.5,"Malaga, Chelan County",330167,Malaga,2020-12-14 05:54:56.308788
2020-11-18,20:15,36.2,35.9,98.5,0.0,0,29.85,S,6.0,10.7,0.47,42.8,-9.5,"Malaga, Chelan County",330167,Malaga,2020-12-14 05:54:56.308788
2020-11-18,20:30,36.5,36.1,98.5,0.0,0,29.86,S,3.5,7.4,0.47,42.7,-9.5,"Malaga, Chelan County",330167,Malaga,2020-12-14 05:54:56.308788
2020-11-18,20:45,35.9,35.8,99.4,0.0,0,29.87,SW,1.9,3.8,0.48,42.6,-9.5,"Malaga, Chelan County",330167,Malaga,2020-12-14 05:54:56.308788
2020-11-18,21:00,35.8,35.5,99.0,0.0,0,29.87,S,3.4,5.1,0.49,42.6,-9.5,"Malaga, Chelan County",330167,Malaga,2020-12-14 05:54:56.308788
2020-11-18,21:15,36.6,35.9,97.2,0.0,0,29.87,S,3.2,7.7,0.5,42.5,-9.5,"Malaga, Chelan County",330167,Malaga,2020-12-14 05:54:56.308788
2020-11-18,21:30,37.2,36.1,95.8,0.0,0,29.88,S,3.3,6.5,0.5,42.4,-9.5,"Malaga, Chelan County",330167,Malaga,2020-12-14 05:54:56.308788
2020-11-18,21:45,36.5,36.2,98.8,0.0,0,29.89,SE,2.1,3.8,0.51,42.4,-9.5,"Malaga, Chelan County",330167,Malaga,2020-12-14 05:54:56.308788
2020-11-18,22:00,36.3,35.9,98.7,0.0,0,29.9,S,4.2,6.8,0.51,42.3,-9.5,"Malaga, Chelan County",330167,Malaga,2020-12-14 05:54:56.308788
2020-11-18,22:15,37.6,36.6,96.0,0.0,0,29.9,S,5.5,8.0,0.51,42.3,-9.5,"Malaga, Chelan County",330167,Malaga,2020-12-14 05:54:56.308788
2020-11-18,22:30,36.4,36.1,98.9,0.0,0,29.91,SW,2.0,5.1,0.51,42.1,-9.5,"Malaga, Chelan County",330167,Malaga,2020-12-14 05:54:56.308788
2020-11-18,22:45,35.7,35.6,99.7,0.0,0,29.91,SE,2.4,4.0,0.52,42.1,-9.5,"Malaga, Chelan County",330167,Malaga,2020-12-14 05:54:56.308788
2020-11-18,23:00,36.4,35.4,96.1,0.0,0,29.92,S,3.0,5.7,0.53,42.0,-9.5,"Malaga, Chelan County",330167,Malaga,2020-12-14 05:54:56.308788
2020-11-18,23:15,35.7,35.3,98.7,0.0,0,29.93,S,2.8,5.1,0.53,41.9,-9.5,"Malaga, Chelan County",330167,Malaga,2020-12-14 05:54:56.308788
2020-11-18,23:30,35.4,35.1,98.9,0.0,0,29.94,S,3.4,6.2,0.54,41.9,-9.5,"Malaga, Chelan County",330167,Malaga,2020-12-14 05:54:56.308788
2020-11-18,23:45,35.8,35.1,97.3,0.0,0,29.94,S,4.2,7.6,0.54,41.8,-9.5,"Malaga, Chelan County",330167,Malaga,2020-12-14 05:54:56.308788
2020-11-18,24:00,35.3,34.9,98.3,0.0,0,29.94,SW,2.3,4.6,0.54,41.7,-9.5,"Malaga, Chelan County",330167,Malaga,2020-12-14 05:54:56.308788
2020-11-19,00:15,35.8,34.9,96.6,0.0,0,29.95,S,3.3,6.7,0.55,41.7,-9.5,"Malaga, Chelan County",330167,Malaga,2020-12-14 05:54:56.308788
2020-11-19,00:30,36.8,35.5,95.1,0.0,0,29.96,S,3.8,8.0,0.54,41.5,-9.5,"Malaga, Chelan County",330167,Malaga,2020-12-14 05:54:56.308788
2020-11-19,00:45,36.5,36.1,98.5,0.0,0,29.96,SW,4.3,10.0,0.54,41.5,-9.4,"Malaga, Chelan County",330167,Malaga,2020-12-14 05:54:56.308788
2020-11-19,01:00,35.3,35.3,100.0,0.0,0,29.97,NW,2.3,8.7,0.55,41.5,-9.4,"Malaga, Chelan County",330167,Malaga,2020-12-14 05:54:56.308788
2020-11-19,01:15,34.7,34.6,99.7,0.0,0,29.97,S,3.2,6.5,0.55,41.4,-9.4,"Malaga, Chelan County",330167,Malaga,2020-12-14 05:54:56.308788
2020-11-19,01:30,35.7,35.2,98.1,0.0,0,29.98,S,5.0,7.7,0.55,41.4,-9.4,"Malaga, Chelan County",330167,Malaga,2020-12-14 05:54:56.308788
2020-11-19,01:45,36.0,35.6,98.2,0.0,0,29.98,SW,3.3,6.9,0.55,41.4,-9.4,"Malaga, Chelan County",330167,Malaga,2020-12-14 05:54:56.308788
2020-11-19,02:00,36.3,35.8,97.9,0.0,0,29.98,S,3.2,6.6,0.55,41.2,-9.4,"Malaga, Chelan County",330167,Malaga,2020-12-14 05:54:56.308788
2020-11-19,02:15,35.4,35.4,99.7,0.0,0,29.99,NE,1.8,3.6,0.55,41.2,-9.4,"Malaga, Chelan County",330167,Malaga,2020-12-14 05:54:56.308788
2020-11-19,02:30,35.0,35.0,100.0,0.0,0,29.99,SE,2.3,4.7,0.56,41.2,-9.4,"Malaga, Chelan County",330167,Malaga,2020-12-14 05:54:56.308788
2020-11-19,02:45,35.1,35.1,99.8,0.0,0,29.99,S,1.6,3.3,0.57,41.2,-9.4,"Malaga, Chelan County",330167,Malaga,2020-12-14 05:54:56.308788
2020-11-19,03:00,35.9,35.4,97.9,0.0,0,30.0,S,3.4,5.9,0.57,41.0,-9.4,"Malaga, Chelan County",330167,Malaga,2020-12-14 05:54:56.308788
2020-11-19,03:15,35.4,35.2,99.1,0.0,0,30.01,S,1.8,4.5,0.57,41.0,-9.4,"Malaga, Chelan County",330167,Malaga,2020-12-14 05:54:56.308788
2020-11-19,03:30,35.6,35.1,98.1,0.0,0,30.01,SE,2.3,6.3,0.57,41.0,-9.4,"Malaga, Chelan County",330167,Malaga,2020-12-14 05:54:56.308788
2020-11-19,03:45,35.4,35.0,98.6,0.0,0,30.01,S,3.2,5.7,0.57,41.0,-9.4,"Malaga, Chelan County",330167,Malaga,2020-12-14 05:54:56.308788
2020-11-19,04:00,35.5,34.9,97.8,0.0,0,30.02,S,4.7,7.4,0.57,40.9,-9.4,"Malaga, Chelan County",330167,Malaga,2020-12-14 05:54:56.308788
2020-11-19,04:15,35.3,34.9,98.7,0.0,0,30.02,NW,2.5,5.4,0.57,40.8,-9.4,"Malaga, Chelan County",330167,Malaga,2020-12-14 05:54:56.308788
2020-11-19,04:30,34.6,34.4,99.3,0.0,0,30.03,S,2.1,4.3,0.58,40.8,-9.4,"Malaga, Chelan County",330167,Malaga,2020-12-14 05:54:56.308788
2020-11-19,04:45,35.5,34.4,95.7,0.0,0,30.03,S,3.9,7.4,0.58,40.8,-9.4,"Malaga, Chelan County",330167,Malaga,2020-12-14 05:54:56.308788
2020-11-19,05:00,35.2,34.6,97.8,0.0,0,30.04,S,2.4,4.3,0.58,40.7,-9.4,"Malaga, Chelan County",330167,Malaga,2020-12-14 05:54:56.308788
2020-11-19,05:15,34.9,34.3,97.8,0.0,0,30.05,SE,2.1,4.3,0.58,40.6,-9.4,"Malaga, Chelan County",330167,Malaga,2020-12-14 05:54:56.308788
2020-11-19,05:30,34.4,34.0,98.4,0.0,0,30.06,SE,3.4,5.9,0.58,40.6,-9.4,"Malaga, Chelan County",330167,Malaga,2020-12-14 05:54:56.308788
2020-11-19,05:45,33.6,33.4,99.0,0.0,0,30.07,S,1.6,4.1,0.6,40.6,-9.4,"Malaga, Chelan County",330167,Malaga,2020-12-14 05:54:56.308788
2020-11-19,06:00,33.9,33.1,97.0,0.0,0,30.07,S,2.7,5.5,0.62,40.6,-9.4,"Malaga, Chelan County",330167,Malaga,2020-12-14 05:54:56.308788
2020-11-19,06:15,33.1,32.7,98.5,0.0,0,30.07,SW,1.6,4.0,0.63,40.5,-9.4,"Malaga, Chelan County",330167,Malaga,2020-12-14 05:54:56.308788
2020-11-19,06:30,33.3,32.7,97.7,0.0,0,30.09,SW,2.0,5.2,0.63,40.5,-9.4,"Malaga, Chelan County",330167,Malaga,2020-12-14 05:54:56.308788
2020-11-19,06:45,34.3,33.3,96.2,0.0,0,30.09,S,4.4,8.7,0.63,40.5,-9.4,"Malaga, Chelan County",330167,Malaga,2020-12-14 05:54:56.308788
2020-11-19,07:00,34.2,33.8,98.4,0.0,0,30.1,NW,1.5,3.5,0.63,40.5,-9.4,"Malaga, Chelan County",330167,Malaga,2020-12-14 05:54:56.308788
2020-11-19,07:15,34.8,34.0,96.7,0.0,1,30.11,S,2.9,6.4,0.63,40.4,-9.4,"Malaga, Chelan County",330167,Malaga,2020-12-14 05:54:56.308788
2020-11-19,07:30,35.2,34.4,96.7,0.0,6,30.12,SW,2.6,5.2,0.62,40.3,-9.4,"Malaga, Chelan County",330167,Malaga,2020-12-14 05:54:56.308788
2020-11-19,07:45,34.8,34.4,98.4,0.0,19,30.12,NW,2.6,5.5,0.62,40.3,-9.4,"Malaga, Chelan County",330167,Malaga,2020-12-14 05:54:56.308788
2020-11-19,08:00,34.1,33.9,99.3,0.0,21,30.14,S,2.1,4.0,0.62,40.3,-9.4,"Malaga, Chelan County",330167,Malaga,2020-12-14 05:54:56.308788
2020-11-19,08:15,35.4,34.3,95.8,0.0,32,30.14,S,4.4,7.2,0.62,40.3,-9.4,"Malaga, Chelan County",330167,Malaga,2020-12-14 05:54:56.308788
2020-11-19,08:30,35.3,35.0,98.7,0.0,29,30.15,SW,2.6,6.1,0.62,40.3,-9.4,"Malaga, Chelan County",330167,Malaga,2020-12-14 05:54:56.308788
2020-11-19,08:45,35.4,35.2,99.4,0.0,91,30.16,W,2.8,7.6,0.61,40.1,-9.4,"Malaga, Chelan County",330167,Malaga,2020-12-14 05:54:56.308788
2020-11-19,09:00,35.6,35.5,99.8,0.0,83,30.17,S,3.5,9.3,0.6,40.1,-9.4,"Malaga, Chelan County",330167,Malaga,2020-12-14 05:54:56.308788
2020-11-19,09:15,36.7,36.6,99.7,0.0,229,30.16,E,3.4,6.7,0.57,39.9,-9.4,"Malaga, Chelan County",330167,Malaga,2020-12-14 05:54:56.308788
2020-11-19,09:30,37.3,37.2,99.9,0.0,268,30.17,NE,2.8,6.9,0.55,39.9,-9.4,"Malaga, Chelan County",330167,Malaga,2020-12-14 05:54:56.308788
2020-11-19,09:45,38.2,38.2,100.0,0.0,290,30.18,SW,2.5,4.1,0.53,39.9,-9.4,"Malaga, Chelan County",330167,Malaga,2020-12-14 05:54:56.308788
2020-11-19,10:00,39.5,39.3,99.0,0.0,305,30.18,S,3.5,5.8,0.5,39.9,-9.4,"Malaga, Chelan County",330167,Malaga,2020-12-14 05:54:56.308788
2020-11-19,10:15,40.1,39.9,99.1,0.0,296,30.19,N ,3.3,6.5,0.48,39.9,-9.4,"Malaga, Chelan County",330167,Malaga,2020-12-14 05:54:56.308788
2020-11-19,10:30,41.0,40.4,97.4,0.0,306,30.19,NE,2.9,5.5,0.46,39.9,-9.4,"Malaga, Chelan County",330167,Malaga,2020-12-14 05:54:56.308788
2020-11-19,10:45,41.3,40.5,97.0,0.0,346,30.2,NE,3.8,5.7,0.44,39.7,-9.4,"Malaga, Chelan County",330167,Malaga,2020-12-14 05:54:56.308788
2020-11-19,11:00,42.2,40.5,93.5,0.0,359,30.21,E,2.8,5.9,0.42,39.7,-9.4,"Malaga, Chelan County",330167,Malaga,2020-12-14 05:54:56.308788
2020-11-19,11:15,43.0,40.8,91.7,0.0,357,30.21,E,2.8,5.5,0.41,39.7,-9.4,"Malaga, Chelan County",330167,Malaga,2020-12-14 05:54:56.308788
2020-11-19,11:30,43.9,40.4,87.3,0.0,338,30.21,NE,4.2,7.3,0.4,39.7,-9.4,"Malaga, Chelan County",330167,Malaga,2020-12-14 05:54:56.308788
2020-11-19,11:45,44.4,40.5,85.8,0.0,317,30.22,NE,3.5,6.9,0.39,39.7,-9.4,"Malaga, Chelan County",330167,Malaga,2020-12-14 05:54:56.308788
2020-11-19,12:00,45.5,41.5,85.6,0.0,332,30.22,SE,2.1,4.1,0.38,39.7,-9.4,"Malaga, Chelan County",330167,Malaga,2020-12-14 05:54:56.308788
2020-11-19,12:15,46.4,41.6,83.2,0.0,353,30.22,E,1.9,4.5,0.38,39.7,-9.4,"Malaga, Chelan County",330167,Malaga,2020-12-14 05:54:56.308788
2020-11-19,12:30,47.0,41.2,80.2,0.0,350,30.23,NE,2.3,4.7,0.38,39.9,-9.4,"Malaga, Chelan County",330167,Malaga,2020-12-14 05:54:56.308788
2020-11-19,12:45,47.8,41.5,78.5,0.0,341,30.24,N ,2.0,5.6,0.37,39.9,-9.4,"Malaga, Chelan County",330167,Malaga,2020-12-14 05:54:56.308788
2020-11-19,13:00,48.1,40.6,75.2,0.0,327,30.24,N ,4.1,7.5,0.37,40.0,-9.4,"Malaga, Chelan County",330167,Malaga,2020-12-14 05:54:56.308788
2020-11-19,13:15,48.5,39.2,70.0,0.0,301,30.25,N,4.7,8.3,0.37,40.2,-9.4,"Malaga, Chelan County",330167,Malaga,2020-12-14 05:54:56.308788
2020-11-19,13:30,48.8,38.9,68.6,0.0,273,30.25,N,3.8,7.6,0.37,40.3,-9.4,"Malaga, Chelan County",330167,Malaga,2020-12-14 05:54:56.308788
2020-11-19,13:45,49.0,37.8,65.1,0.0,248,30.25,NW,3.1,6.5,0.37,40.5,-9.4,"Malaga, Chelan County",330167,Malaga,2020-12-14 05:54:56.308788
2020-11-19,14:00,48.9,37.3,64.1,0.0,222,30.26,NW,3.2,6.5,0.37,40.6,-9.4,"Malaga, Chelan County",330167,Malaga,2020-12-14 05:54:56.308788
2020-11-19,14:15,48.7,37.0,63.8,0.0,207,30.26,NW,3.4,7.3,0.37,40.8,-9.4,"Malaga, Chelan County",330167,Malaga,2020-12-14 05:54:56.308788
2020-11-19,14:30,49.0,36.4,61.7,0.0,196,30.26,NW,2.3,5.5,0.37,41.0,-9.4,"Malaga, Chelan County",330167,Malaga,2020-12-14 05:54:56.308788
2020-11-19,14:45,48.8,36.3,61.8,0.0,163,30.27,NW,2.8,6.3,0.37,41.1,-9.4,"Malaga, Chelan County",330167,Malaga,2020-12-14 05:54:56.308788
2020-11-19,15:00,48.1,35.3,61.0,0.0,84,30.28,SE,2.8,5.6,0.37,41.3,-9.4,"Malaga, Chelan County",330167,Malaga,2020-12-14 05:54:56.308788
2020-11-19,15:15,47.6,34.0,59.1,0.0,69,30.28,NE,2.6,6.8,0.37,41.5,-9.4,"Malaga, Chelan County",330167,Malaga,2020-12-14 05:54:56.308788
2020-11-19,15:30,46.7,33.2,59.1,0.0,45,30.29,N,3.2,8.1,0.37,41.7,-9.4,"Malaga, Chelan County",330167,Malaga,2020-12-14 05:54:56.308788
2020-11-19,15:45,46.4,33.7,61.0,0.0,21,30.3,N ,4.6,8.4,0.37,41.9,-9.4,"Malaga, Chelan County",330167,Malaga,2020-12-14 05:54:56.308788
2020-11-19,16:00,44.9,33.8,64.9,0.0,15,30.3,W,3.5,6.9,0.37,42.0,-9.4,"Malaga, Chelan County",330167,Malaga,2020-12-14 05:54:56.308788
2020-11-19,16:15,44.5,33.3,64.6,0.0,9,30.31,SE,2.4,6.7,0.37,42.1,-9.4,"Malaga, Chelan County",330167,Malaga,2020-12-14 05:54:56.308788
2020-11-19,16:30,43.5,33.2,66.7,0.0,3,30.31,S,3.4,6.0,0.37,42.3,-9.4,"Malaga, Chelan County",330167,Malaga,2020-12-14 05:54:56.308788
2020-11-19,16:45,41.9,33.2,71.0,0.0,0,30.32,S,3.5,8.0,0.37,42.4,-9.4,"Malaga, Chelan County",330167,Malaga,2020-12-14 05:54:56.308788
2020-11-19,17:00,40.4,33.1,75.1,0.0,0,30.33,S,4.4,7.9,0.37,42.5,-9.4,"Malaga, Chelan County",330167,Malaga,2020-12-14 05:54:56.308788
2020-11-19,17:15,39.5,32.8,76.5,0.0,0,30.34,S,4.3,7.0,0.37,42.6,-9.4,"Malaga, Chelan County",330167,Malaga,2020-12-14 05:54:56.308788
2020-11-19,17:30,40.2,32.9,74.8,0.0,0,30.34,SW,3.0,5.4,0.37,42.6,-9.4,"Malaga, Chelan County",330167,Malaga,2020-12-14 05:54:56.308788
2020-11-19,17:45,39.4,33.1,78.0,0.0,0,30.34,SW,3.1,5.5,0.37,42.6,-9.4,"Malaga, Chelan County",330167,Malaga,2020-12-14 05:54:56.308788
2020-11-19,18:00,39.2,33.1,78.6,0.0,0,30.34,S,5.0,9.4,0.37,42.6,-9.4,"Malaga, Chelan County",330167,Malaga,2020-12-14 05:54:56.308788
2020-11-19,18:15,39.3,33.1,78.5,0.0,0,30.35,S,5.6,8.5,0.37,42.6,-9.4,"Malaga, Chelan County",330167,Malaga,2020-12-14 05:54:56.308788
2020-11-19,18:30,38.3,32.8,80.4,0.0,0,30.35,S,5.5,10.3,0.37,42.6,-9.4,"Malaga, Chelan County",330167,Malaga,2020-12-14 05:54:56.308788
2020-11-19,18:45,37.7,32.8,82.3,0.0,0,30.36,S,3.8,9.0,0.37,42.6,-9.4,"Malaga, Chelan County",330167,Malaga,2020-12-14 05:54:56.308788
2020-11-19,19:00,37.4,32.6,82.4,0.0,0,30.36,S,2.2,5.3,0.37,42.6,-9.4,"Malaga, Chelan County",330167,Malaga,2020-12-14 05:54:56.308788
2020-11-19,19:15,38.7,33.0,79.8,0.0,0,30.37,W,3.9,8.1,0.37,42.4,-9.4,"Malaga, Chelan County",330167,Malaga,2020-12-14 05:54:56.308788
2020-11-19,19:30,38.1,33.5,83.4,0.0,0,30.37,W,3.5,7.3,0.37,42.4,-9.4,"Malaga, Chelan County",330167,Malaga,2020-12-14 05:54:56.308788
2020-11-19,19:45,35.9,32.4,87.1,0.0,0,30.38,S,3.1,5.3,0.37,42.4,-9.4,"Malaga, Chelan County",330167,Malaga,2020-12-14 05:54:56.308788
2020-11-19,20:00,36.7,32.3,84.1,0.0,0,30.38,S,3.6,10.2,0.37,42.3,-9.4,"Malaga, Chelan County",330167,Malaga,2020-12-14 05:54:56.308788
2020-11-19,20:15,36.9,32.6,84.3,0.0,0,30.38,S,6.1,9.9,0.37,42.3,-9.4,"Malaga, Chelan County",330167,Malaga,2020-12-14 05:54:56.308788
2020-11-19,20:30,37.4,33.0,84.0,0.0,0,30.39,NW,1.8,3.5,0.37,42.1,-9.4,"Malaga, Chelan County",330167,Malaga,2020-12-14 05:54:56.308788
2020-11-19,20:45,36.6,32.8,85.7,0.0,0,30.39,SW,3.4,6.2,0.37,42.1,-9.4,"Malaga, Chelan County",330167,Malaga,2020-12-14 05:54:56.308788
2020-11-19,21:00,36.4,32.5,85.4,0.0,0,30.4,S,3.9,7.9,0.37,42.0,-9.4,"Malaga, Chelan County",330167,Malaga,2020-12-14 05:54:56.308788
2020-11-19,21:15,36.4,32.5,85.6,0.0,0,30.4,S,2.4,5.1,0.37,41.9,-9.4,"Malaga, Chelan County",330167,Malaga,2020-12-14 05:54:56.308788
2020-11-19,21:30,35.7,32.0,86.2,0.0,0,30.42,S,2.8,6.1,0.37,41.9,-9.4,"Malaga, Chelan County",330167,Malaga,2020-12-14 05:54:56.308788
2020-11-19,21:45,35.4,31.8,86.8,0.0,0,30.42,S,4.9,7.7,0.37,41.7,-9.4,"Malaga, Chelan County",330167,Malaga,2020-12-14 05:54:56.308788
2020-11-19,22:00,36.3,32.0,84.3,0.0,0,30.43,S,4.1,6.7,0.37,41.7,-9.4,"Malaga, Chelan County",330167,Malaga,2020-12-14 05:54:56.308788
2020-11-19,22:15,36.4,32.4,85.2,0.0,0,30.43,S,4.9,8.0,0.37,41.7,-9.4,"Malaga, Chelan County",330167,Malaga,2020-12-14 05:54:56.308788
2020-11-19,22:30,36.8,32.6,84.3,0.0,0,30.44,S,3.6,6.9,0.37,41.5,-9.4,"Malaga, Chelan County",330167,Malaga,2020-12-14 05:54:56.308788
2020-11-19,22:45,35.2,32.4,89.3,0.0,0,30.44,S,3.8,6.0,0.37,41.5,-9.4,"Malaga, Chelan County",330167,Malaga,2020-12-14 05:54:56.308788
2020-11-19,23:00,35.1,32.0,88.3,0.0,0,30.44,S,4.4,6.8,0.37,41.4,-9.4,"Malaga, Chelan County",330167,Malaga,2020-12-14 05:54:56.308788
2020-11-19,23:15,35.7,32.1,86.7,0.0,0,30.44,S,3.2,5.2,0.37,41.4,-9.4,"Malaga, Chelan County",330167,Malaga,2020-12-14 05:54:56.308788
2020-11-19,23:30,35.4,32.6,89.3,0.0,0,30.45,S,5.6,10.1,0.37,41.3,-9.4,"Malaga, Chelan County",330167,Malaga,2020-12-14 05:54:56.308788
2020-11-19,23:45,35.3,32.7,90.2,0.0,0,30.45,S,5.5,9.8,0.37,41.2,-9.4,"Malaga, Chelan County",330167,Malaga,2020-12-14 05:54:56.308788
2020-11-19,24:00,35.5,32.5,88.7,0.0,0,30.45,S,6.1,9.2,0.37,41.2,-9.4,"Malaga, Chelan County",330167,Malaga,2020-12-14 05:54:56.308788
2020-11-20,00:15,35.2,32.7,90.5,0.0,0,30.45,S,3.9,6.8,0.37,41.1,-9.4,"Malaga, Chelan County",330167,Malaga,2020-12-14 05:54:56.308788
2020-11-20,00:30,34.1,32.1,92.1,0.0,0,30.45,S,4.0,7.0,0.37,41.0,-9.4,"Malaga, Chelan County",330167,Malaga,2020-12-14 05:54:56.308788
2020-11-20,00:45,34.5,32.0,90.3,0.0,0,30.45,S,6.0,8.8,0.37,41.0,-9.4,"Malaga, Chelan County",330167,Malaga,2020-12-14 05:54:56.308788
2020-11-20,01:00,34.4,32.2,91.6,0.0,0,30.45,S,2.3,4.9,0.37,41.0,-9.4,"Malaga, Chelan County",330167,Malaga,2020-12-14 05:54:56.308788
2020-11-20,01:15,34.5,32.0,90.3,0.0,0,30.45,S,2.7,6.1,0.37,40.8,-9.4,"Malaga, Chelan County",330167,Malaga,2020-12-14 05:54:56.308788
2020-11-20,01:30,33.9,32.1,93.0,0.0,0,30.45,S,3.5,6.8,0.37,40.8,-9.4,"Malaga, Chelan County",330167,Malaga,2020-12-14 05:54:56.308788
2020-11-20,01:45,33.1,31.7,94.3,0.0,0,30.46,S,2.1,4.9,0.38,40.8,-9.4,"Malaga, Chelan County",330167,Malaga,2020-12-14 05:54:56.308788
2020-11-20,02:00,33.2,31.3,92.7,0.0,0,30.46,S,2.7,7.1,0.38,40.6,-9.4,"Malaga, Chelan County",330167,Malaga,2020-12-14 05:54:56.308788
2020-11-20,02:15,33.0,31.4,93.7,0.0,0,30.46,S,2.8,9.9,0.38,40.6,-9.4,"Malaga, Chelan County",330167,Malaga,2020-12-14 05:54:56.308788
2020-11-20,02:30,33.6,31.2,90.9,0.0,0,30.47,SW,2.3,7.2,0.38,40.6,-9.4,"Malaga, Chelan County",330167,Malaga,2020-12-14 05:54:56.308788
2020-11-20,02:45,34.2,31.9,91.3,0.0,0,30.47,SE,1.5,5.3,0.38,40.6,-9.4,"Malaga, Chelan County",330167,Malaga,2020-12-14 05:54:56.308788
2020-11-20,03:00,33.5,32.0,93.9,0.0,0,30.46,S,3.5,8.2,0.38,40.5,-9.4,"Malaga, Chelan County",330167,Malaga,2020-12-14 05:54:56.308788
2020-11-20,03:15,32.9,31.8,95.7,0.0,0,30.46,S,1.9,3.6,0.38,40.5,-9.4,"Malaga, Chelan County",330167,Malaga,2020-12-14 05:54:56.308788
2020-11-20,03:30,32.8,31.3,94.0,0.0,0,30.47,S,2.7,5.4,0.38,40.5,-9.4,"Malaga, Chelan County",330167,Malaga,2020-12-14 05:54:56.308788
2020-11-20,03:45,33.0,31.6,94.4,0.0,0,30.48,S,3.0,6.7,0.38,40.3,-9.4,"Malaga, Chelan County",330167,Malaga,2020-12-14 05:54:56.308788
2020-11-20,04:00,32.7,31.6,95.5,0.0,0,30.48,S,3.0,5.9,0.38,40.3,-9.4,"Malaga, Chelan County",330167,Malaga,2020-12-14 05:54:56.308788
2020-11-20,04:15,32.8,31.6,95.1,0.0,0,30.48,S,3.4,5.7,0.38,40.3,-9.4,"Malaga, Chelan County",330167,Malaga,2020-12-14 05:54:56.308788
2020-11-20,04:30,32.9,31.8,95.4,0.0,0,30.48,S,5.1,9.4,0.37,40.3,-9.4,"Malaga, Chelan County",330167,Malaga,2020-12-14 05:54:56.308788
2020-11-20,04:45,33.4,32.0,94.6,0.0,0,30.48,S,2.7,6.5,0.37,40.2,-9.5,"Malaga, Chelan County",330167,Malaga,2020-12-14 05:54:56.308788
2020-11-20,05:00,32.9,31.8,96.0,0.0,0,30.48,S,2.3,5.6,0.37,40.1,-9.5,"Malaga, Chelan County",330167,Malaga,2020-12-14 05:54:56.308788
2020-11-20,05:15,32.4,31.4,96.1,0.0,0,30.49,S,2.2,4.5,0.38,39.9,-9.5,"Malaga, Chelan County",330167,Malaga,2020-12-14 05:54:56.308788
2020-11-20,05:30,32.7,31.5,95.0,0.0,0,30.5,S,2.6,5.4,0.38,39.9,-9.5,"Malaga, Chelan County",330167,Malaga,2020-12-14 05:54:56.308788
2020-11-20,05:45,32.6,31.6,95.8,0.0,0,30.49,S,3.0,6.0,0.38,39.9,-9.5,"Malaga, Chelan County",330167,Malaga,2020-12-14 05:54:56.308788
2020-11-20,06:00,32.8,31.6,95.3,0.0,0,30.49,S,1.3,3.3,0.38,39.9,-9.5,"Malaga, Chelan County",330167,Malaga,2020-12-14 05:54:56.308788
2020-11-20,06:15,32.3,31.5,96.9,0.0,0,30.5,S,3.0,5.3,0.38,39.8,-9.5,"Malaga, Chelan County",330167,Malaga,2020-12-14 05:54:56.308788
2020-11-20,06:30,32.2,31.6,97.3,0.0,0,30.5,S,3.1,5.3,0.38,39.7,-9.5,"Malaga, Chelan County",330167,Malaga,2020-12-14 05:54:56.308788
2020-11-20,06:45,32.6,31.6,96.0,0.0,0,30.5,S,1.9,5.1,0.38,39.7,-9.5,"Malaga, Chelan County",330167,Malaga,2020-12-14 05:54:56.308788
2020-11-20,07:00,32.0,31.2,96.9,0.0,0,30.5,S,1.9,5.1,0.39,39.7,-9.5,"Malaga, Chelan County",330167,Malaga,2020-12-14 05:54:56.308788
2020-11-20,07:15,31.5,30.8,98.1,0.0,5,30.5,S,3.4,6.8,0.39,39.7,-9.5,"Malaga, Chelan County",330167,Malaga,2020-12-14 05:54:56.308788
2020-11-20,07:30,32.6,31.3,94.8,0.0,13,30.51,S,1.6,5.0,0.39,39.6,-9.5,"Malaga, Chelan County",330167,Malaga,2020-12-14 05:54:56.308788
2020-11-20,07:45,32.3,31.6,97.3,0.0,26,30.52,S,1.1,2.7,0.39,39.6,-9.5,"Malaga, Chelan County",330167,Malaga,2020-12-14 05:54:56.308788
2020-11-20,08:00,32.2,31.9,98.9,0.0,33,30.52,S,2.0,3.6,0.39,39.6,-9.5,"Malaga, Chelan County",330167,Malaga,2020-12-14 05:54:56.308788
2020-11-20,08:15,32.9,32.4,98.3,0.0,50,30.51,S,2.9,6.4,0.38,39.6,-9.5,"Malaga, Chelan County",330167,Malaga,2020-12-14 05:54:56.308788
2020-11-20,08:30,32.9,32.8,99.8,0.0,72,30.51,W,1.8,5.5,0.38,39.6,-9.5,"Malaga, Chelan County",330167,Malaga,2020-12-14 05:54:56.308788
2020-11-20,08:45,32.5,32.5,100.0,0.0,125,30.51,S,1.4,3.5,0.38,39.4,-9.5,"Malaga, Chelan County",330167,Malaga,2020-12-14 05:54:56.308788
2020-11-20,09:00,33.1,33.1,100.0,0.0,78,30.51,N,1.2,4.0,0.38,39.4,-9.5,"Malaga, Chelan County",330167,Malaga,2020-12-14 05:54:56.308788
2020-11-20,09:15,33.2,33.2,99.8,0.0,150,30.51,S,1.4,3.8,0.38,39.4,-9.5,"Malaga, Chelan County",330167,Malaga,2020-12-14 05:54:56.308788
2020-11-20,09:30,34.1,34.0,99.8,0.0,210,30.5,N,1.6,3.6,0.38,39.4,-9.5,"Malaga, Chelan County",330167,Malaga,2020-12-14 05:54:56.308788
2020-11-20,09:45,34.9,34.9,100.0,0.0,199,30.5,S,3.2,5.3,0.37,39.4,-9.5,"Malaga, Chelan County",330167,Malaga,2020-12-14 05:54:56.308788
2020-11-20,10:00,35.5,35.3,99.1,0.0,174,30.5,E,2.9,4.8,0.37,39.4,-9.5,"Malaga, Chelan County",330167,Malaga,2020-12-14 05:54:56.308788
2020-11-20,10:15,34.6,34.6,100.0,0.0,232,30.5,N ,3.6,5.3,0.37,39.4,-9.5,"Malaga, Chelan County",330167,Malaga,2020-12-14 05:54:56.308788
2020-11-20,10:30,33.5,33.4,99.9,0.0,181,30.5,E,2.6,5.3,0.37,39.2,-9.5,"Malaga, Chelan County",330167,Malaga,2020-12-14 05:54:56.308788
2020-11-20,10:45,36.1,36.1,100.0,0.0,321,30.49,S,2.2,4.5,0.37,39.2,-9.5,"Malaga, Chelan County",330167,Malaga,2020-12-14 05:54:56.308788
2020-11-20,11:00,37.9,37.6,98.7,0.0,333,30.49,S,2.6,5.0,0.37,39.2,-9.5,"Malaga, Chelan County",330167,Malaga,2020-12-14 05:54:56.308788
2020-11-20,11:15,39.5,38.6,96.5,0.0,336,30.48,SE,1.9,6.1,0.37,39.2,-9.5,"Malaga, Chelan County",330167,Malaga,2020-12-14 05:54:56.308788
2020-11-20,11:30,39.0,38.3,97.4,0.0,317,30.48,NE,4.4,7.4,0.37,39.2,-9.5,"Malaga, Chelan County",330167,Malaga,2020-12-14 05:54:56.308788
2020-11-20,11:45,39.2,37.8,94.9,0.0,303,30.47,NE,3.9,6.2,0.37,39.2,-9.5,"Malaga, Chelan County",330167,Malaga,2020-12-14 05:54:56.308788
2020-11-20,12:00,39.9,38.1,93.1,0.0,325,30.46,NE,3.2,6.2,0.37,39.2,-9.5,"Malaga, Chelan County",330167,Malaga,2020-12-14 05:54:56.308788
2020-11-20,12:15,40.1,37.8,91.6,0.0,327,30.45,E,3.2,6.0,0.37,39.2,-9.5,"Malaga, Chelan County",330167,Malaga,2020-12-14 05:54:56.308788
2020-11-20,12:30,40.8,37.9,89.6,0.0,355,30.44,SE,2.8,4.9,0.37,39.2,-9.5,"Malaga, Chelan County",330167,Malaga,2020-12-14 05:54:56.308788
2020-11-20,12:45,41.6,38.3,87.9,0.0,332,30.44,E,2.1,4.6,0.37,39.2,-9.5,"Malaga, Chelan County",330167,Malaga,2020-12-14 05:54:56.308788
2020-11-20,13:00,42.4,37.9,84.0,0.0,343,30.44,S,1.8,4.7,0.37,39.4,-9.5,"Malaga, Chelan County",330167,Malaga,2020-12-14 05:54:56.308788
2020-11-20,13:15,42.5,38.0,83.9,0.0,307,30.44,NW,2.8,6.4,0.37,39.4,-9.5,"Malaga, Chelan County",330167,Malaga,2020-12-14 05:54:56.308788
2020-11-20,13:30,42.9,37.0,79.2,0.0,204,30.45,NW,3.1,6.7,0.37,39.4,-9.5,"Malaga, Chelan County",330167,Malaga,2020-12-14 05:54:56.308788
2020-11-20,13:45,42.9,36.9,79.0,0.0,203,30.45,N ,1.6,3.5,0.37,39.6,-9.5,"Malaga, Chelan County",330167,Malaga,2020-12-14 05:54:56.308788
2020-11-20,14:00,42.8,36.8,79.0,0.0,195,30.44,N ,2.3,4.4,0.37,39.7,-9.5,"Malaga, Chelan County",330167,Malaga,2020-12-14 05:54:56.308788
2020-11-20,14:15,42.7,36.3,77.9,0.0,121,30.43,NE,1.4,3.2,0.37,39.8,-9.5,"Malaga, Chelan County",330167,Malaga,2020-12-14 05:54:56.308788
2020-11-20,14:30,42.4,36.1,78.1,0.0,106,30.43,W,1.1,2.4,0.37,40.0,-9.5,"Malaga, Chelan County",330167,Malaga,2020-12-14 05:54:56.308788
2020-11-20,14:45,42.4,36.1,78.0,0.0,93,30.43,SW,1.1,2.8,0.37,40.3,-9.5,"Malaga, Chelan County",330167,Malaga,2020-12-14 05:54:56.308788
2020-11-20,15:00,42.0,35.8,78.3,0.0,63,30.43,NW,1.9,4.0,0.37,40.4,-9.5,"Malaga, Chelan County",330167,Malaga,2020-12-14 05:54:56.308788
2020-11-20,15:15,41.8,35.8,78.9,0.0,46,30.43,SW,2.8,5.6,0.37,40.6,-9.5,"Malaga, Chelan County",330167,Malaga,2020-12-14 05:54:56.308788
2020-11-20,15:30,41.8,35.7,79.0,0.0,43,30.43,S,2.6,5.0,0.37,40.7,-9.5,"Malaga, Chelan County",330167,Malaga,2020-12-14 05:54:56.308788
2020-11-20,15:45,41.5,35.7,79.8,0.0,36,30.44,N,1.4,2.8,0.37,40.8,-9.5,"Malaga, Chelan County",330167,Malaga,2020-12-14 05:54:56.308788
2020-11-20,16:00,40.7,36.0,82.9,0.0,30,30.43,S,2.0,3.6,0.37,40.9,-9.5,"Malaga, Chelan County",330167,Malaga,2020-12-14 05:54:56.308788
2020-11-20,16:15,39.9,35.7,84.6,0.0,9,30.43,S,3.3,6.9,0.37,41.0,-9.5,"Malaga, Chelan County",330167,Malaga,2020-12-14 05:54:56.308788
2020-11-20,16:30,39.9,35.4,83.7,0.0,2,30.43,S,3.5,6.7,0.37,41.1,-9.5,"Malaga, Chelan County",330167,Malaga,2020-12-14 05:54:56.308788
2020-11-20,16:45,39.5,35.2,84.6,0.0,0,30.44,S,5.1,8.7,0.37,41.2,-9.5,"Malaga, Chelan County",330167,Malaga,2020-12-14 05:54:56.308788
2020-11-20,17:00,39.1,35.0,85.1,0.0,0,30.43,S,3.8,5.7,0.37,41.2,-9.5,"Malaga, Chelan County",330167,Malaga,2020-12-14 05:54:56.308788
2020-11-20,17:15,39.0,34.8,84.6,0.0,0,30.43,S,4.3,6.9,0.37,41.4,-9.5,"Malaga, Chelan County",330167,Malaga,2020-12-14 05:54:56.308788
2020-11-20,17:30,38.7,34.7,85.4,0.0,0,30.43,S,4.4,6.8,0.37,41.4,-9.5,"Malaga, Chelan County",330167,Malaga,2020-12-14 05:54:56.308788
2020-11-20,17:45,38.1,34.7,87.4,0.0,0,30.42,S,2.5,6.2,0.37,41.4,-9.5,"Malaga, Chelan County",330167,Malaga,2020-12-14 05:54:56.308788
2020-11-20,18:00,37.8,34.3,87.1,0.0,0,30.43,S,3.1,5.3,0.37,41.4,-9.5,"Malaga, Chelan County",330167,Malaga,2020-12-14 05:54:56.308788
2020-11-20,18:15,37.6,34.3,87.7,0.0,0,30.43,S,3.8,9.8,0.37,41.4,-9.5,"Malaga, Chelan County",330167,Malaga,2020-12-14 05:54:56.308788
2020-11-20,18:30,37.4,34.1,87.6,0.0,0,30.43,S,5.5,6.9,0.37,41.4,-9.5,"Malaga, Chelan County",330167,Malaga,2020-12-14 05:54:56.308788
2020-11-20,18:45,36.8,33.7,88.2,0.0,0,30.42,S,7.1,10.4,0.37,41.4,-9.5,"Malaga, Chelan County",330167,Malaga,2020-12-14 05:54:56.308788
2020-11-20,19:00,36.3,33.6,89.9,0.0,0,30.41,S,6.3,9.3,0.37,41.4,-9.5,"Malaga, Chelan County",330167,Malaga,2020-12-14 05:54:56.308788
2020-11-20,19:15,36.0,33.2,89.3,0.0,0,30.41,S,3.2,7.2,0.37,41.4,-9.5,"Malaga, Chelan County",330167,Malaga,2020-12-14 05:54:56.308788
2020-11-20,19:30,35.8,33.1,89.8,0.0,0,30.42,S,2.5,5.3,0.37,41.4,-9.5,"Malaga, Chelan County",330167,Malaga,2020-12-14 05:54:56.308788
2020-11-20,19:45,35.4,32.8,89.9,0.0,0,30.43,S,3.6,8.3,0.37,41.4,-9.5,"Malaga, Chelan County",330167,Malaga,2020-12-14 05:54:56.308788
2020-11-20,20:00,35.3,32.8,90.2,0.0,0,30.44,S,2.7,5.9,0.37,41.4,-9.5,"Malaga, Chelan County",330167,Malaga,2020-12-14 05:54:56.308788
2020-11-20,20:15,35.9,33.0,89.1,0.0,0,30.44,S,5.5,8.8,0.37,41.3,-9.5,"Malaga, Chelan County",330167,Malaga,2020-12-14 05:54:56.308788
2020-11-20,20:30,35.4,33.4,92.3,0.0,0,30.44,S,3.1,7.0,0.37,41.2,-9.6,"Malaga, Chelan County",330167,Malaga,2020-12-14 05:54:56.308788
2020-11-20,20:45,36.0,33.1,89.1,0.0,0,30.44,S,6.4,9.7,0.37,41.2,-9.6,"Malaga, Chelan County",330167,Malaga,2020-12-14 05:54:56.308788
2020-11-20,21:00,36.4,33.5,89.2,0.0,0,30.44,SW,2.7,5.0,0.37,41.2,-9.6,"Malaga, Chelan County",330167,Malaga,2020-12-14 05:54:56.308788
2020-11-20,21:15,35.9,33.3,90.2,0.0,0,30.45,SW,2.6,5.1,0.37,41.0,-9.6,"Malaga, Chelan County",330167,Malaga,2020-12-14 05:54:56.308788
2020-11-20,21:30,35.6,33.2,90.9,0.0,0,30.44,S,5.8,7.8,0.37,41.0,-9.6,"Malaga, Chelan County",330167,Malaga,2020-12-14 05:54:56.308788
2020-11-20,21:45,35.3,33.2,91.7,0.0,0,30.44,S,4.7,8.9,0.37,41.0,-9.6,"Malaga, Chelan County",330167,Malaga,2020-12-14 05:54:56.308788
2020-11-20,22:00,34.7,32.8,92.6,0.0,0,30.44,S,2.8,5.5,0.37,40.9,-9.6,"Malaga, Chelan County",330167,Malaga,2020-12-14 05:54:56.308788
2020-11-20,22:15,34.2,32.4,93.1,0.0,0,30.44,S,3.9,6.8,0.37,40.8,-9.6,"Malaga, Chelan County",330167,Malaga,2020-12-14 05:54:56.308788
2020-11-20,22:30,34.3,32.3,92.2,0.0,0,30.44,S,2.7,4.2,0.38,40.8,-9.6,"Malaga, Chelan County",330167,Malaga,2020-12-14 05:54:56.308788
2020-11-20,22:45,34.3,32.4,92.4,0.0,0,30.43,S,2.9,5.1,0.38,40.8,-9.6,"Malaga, Chelan County",330167,Malaga,2020-12-14 05:54:56.308788
2020-11-20,23:00,33.3,32.3,96.0,0.0,0,30.43,S,4.4,6.7,0.38,40.6,-9.6,"Malaga, Chelan County",330167,Malaga,2020-12-14 05:54:56.308788
2020-11-20,23:15,33.9,32.1,92.9,0.0,0,30.43,S,5.7,9.2,0.38,40.6,-9.6,"Malaga, Chelan County",330167,Malaga,2020-12-14 05:54:56.308788
2020-11-20,23:30,34.0,32.6,94.5,0.0,0,30.43,S,4.5,6.6,0.38,40.6,-9.6,"Malaga, Chelan County",330167,Malaga,2020-12-14 05:54:56.308788
2020-11-20,23:45,33.7,32.3,94.5,0.0,0,30.44,S,1.6,2.6,0.38,40.5,-9.6,"Malaga, Chelan County",330167,Malaga,2020-12-14 05:54:56.308788
2020-11-20,24:00,33.8,32.2,93.6,0.0,0,30.44,S,3.9,7.9,0.38,40.5,-9.6,"Malaga, Chelan County",330167,Malaga,2020-12-14 05:54:56.308788
2020-11-21,00:15,33.9,32.4,94.2,0.0,0,30.43,SW,2.1,6.0,0.39,40.5,-9.6,"Malaga, Chelan County",330167,Malaga,2020-12-14 05:54:56.308788
2020-11-21,00:30,34.4,32.6,93.4,0.0,0,30.44,NW,2.6,6.8,0.39,40.4,-9.6,"Malaga, Chelan County",330167,Malaga,2020-12-14 05:54:56.308788
2020-11-21,00:45,33.4,32.8,97.7,0.0,0,30.44,S,3.1,6.1,0.4,40.3,-9.6,"Malaga, Chelan County",330167,Malaga,2020-12-14 05:54:56.308788
2020-11-21,01:00,33.8,32.8,95.8,0.0,0,30.44,S,5.0,7.4,0.41,40.3,-9.6,"Malaga, Chelan County",330167,Malaga,2020-12-14 05:54:56.308788
2020-11-21,01:15,33.4,32.8,97.5,0.0,0,30.43,S,5.0,8.5,0.41,40.3,-9.6,"Malaga, Chelan County",330167,Malaga,2020-12-14 05:54:56.308788
2020-11-21,01:30,32.7,32.3,98.7,0.0,0,30.44,S,2.3,4.1,0.42,40.2,-9.6,"Malaga, Chelan County",330167,Malaga,2020-12-14 05:54:56.308788
2020-11-21,01:45,33.2,32.0,95.3,0.0,0,30.44,S,2.1,3.4,0.43,40.0,-9.6,"Malaga, Chelan County",330167,Malaga,2020-12-14 05:54:56.308788
2020-11-21,02:00,32.8,32.0,96.7,0.0,0,30.45,S,3.7,6.5,0.43,39.9,-9.6,"Malaga, Chelan County",330167,Malaga,2020-12-14 05:54:56.308788
2020-11-21,02:15,32.9,31.6,95.0,0.0,0,30.45,S,3.0,5.0,0.43,39.9,-9.6,"Malaga, Chelan County",330167,Malaga,2020-12-14 05:54:56.308788
2020-11-21,02:30,33.1,32.0,95.7,0.0,0,30.44,S,2.5,5.8,0.43,39.9,-9.6,"Malaga, Chelan County",330167,Malaga,2020-12-14 05:54:56.308788
2020-11-21,02:45,32.9,31.8,95.9,0.0,0,30.45,S,1.5,3.3,0.44,39.8,-9.6,"Malaga, Chelan County",330167,Malaga,2020-12-14 05:54:56.308788
2020-11-21,03:00,32.5,31.6,96.3,0.0,0,30.45,S,2.2,4.9,0.45,39.7,-9.6,"Malaga, Chelan County",330167,Malaga,2020-12-14 05:54:56.308788
2020-11-21,03:15,32.5,31.6,96.5,0.0,0,30.45,S,3.0,5.7,0.45,39.7,-9.6,"Malaga, Chelan County",330167,Malaga,2020-12-14 05:54:56.308788
2020-11-21,03:30,32.6,31.6,95.9,0.0,0,30.45,SW,1.6,4.7,0.46,39.7,-9.6,"Malaga, Chelan County",330167,Malaga,2020-12-14 05:54:56.308788
2020-11-21,03:45,32.6,31.6,96.0,0.0,0,30.45,SW,2.5,4.2,0.47,39.6,-9.6,"Malaga, Chelan County",330167,Malaga,2020-12-14 05:54:56.308788
2020-11-21,04:00,32.8,31.8,96.3,0.0,0,30.45,S,1.9,6.1,0.48,39.6,-9.6,"Malaga, Chelan County",330167,Malaga,2020-12-14 05:54:56.308788
2020-11-21,04:15,32.9,32.0,96.4,0.0,0,30.45,S,3.3,6.4,0.48,39.6,-9.6,"Malaga, Chelan County",330167,Malaga,2020-12-14 05:54:56.308788
2020-11-21,04:30,33.1,32.1,96.2,0.0,0,30.45,S,2.0,3.9,0.49,39.6,-9.6,"Malaga, Chelan County",330167,Malaga,2020-12-14 05:54:56.308788
2020-11-21,04:45,32.3,32.0,99.2,0.0,0,30.45,S,2.8,5.6,0.49,39.5,-9.6,"Malaga, Chelan County",330167,Malaga,2020-12-14 05:54:56.308788
2020-11-21,05:00,32.6,31.9,97.5,0.0,0,30.46,S,3.5,6.4,0.5,39.4,-9.6,"Malaga, Chelan County",330167,Malaga,2020-12-14 05:54:56.308788
2020-11-21,05:15,33.2,32.3,96.6,0.0,0,30.46,S,6.1,8.2,0.5,39.4,-9.7,"Malaga, Chelan County",330167,Malaga,2020-12-14 05:54:56.308788
2020-11-21,05:30,33.3,32.8,97.8,0.0,0,30.46,S,4.4,7.0,0.51,39.4,-9.7,"Malaga, Chelan County",330167,Malaga,2020-12-14 05:54:56.308788
2020-11-21,05:45,34.4,33.1,95.0,0.0,0,30.46,S,4.0,8.2,0.51,39.4,-9.6,"Malaga, Chelan County",330167,Malaga,2020-12-14 05:54:56.308788
2020-11-21,06:00,32.4,32.4,100.0,0.0,0,30.47,SE,2.3,4.1,0.52,39.4,-9.7,"Malaga, Chelan County",330167,Malaga,2020-12-14 05:54:56.308788
2020-11-21,06:15,32.2,31.6,97.9,0.0,0,30.49,S,1.5,3.8,0.53,39.2,-9.7,"Malaga, Chelan County",330167,Malaga,2020-12-14 05:54:56.308788
2020-11-21,06:30,31.5,30.9,98.5,0.0,0,30.5,SW,3.0,5.4,0.54,39.2,-9.7,"Malaga, Chelan County",330167,Malaga,2020-12-14 05:54:56.308788
2020-11-21,06:45,32.3,31.1,95.4,0.0,0,30.5,W,1.8,4.2,0.55,39.2,-9.7,"Malaga, Chelan County",330167,Malaga,2020-12-14 05:54:56.308788
2020-11-21,07:00,32.7,31.5,95.3,0.0,0,30.51,N ,2.2,4.1,0.56,39.2,-9.7,"Malaga, Chelan County",330167,Malaga,2020-12-14 05:54:56.308788
2020-11-21,07:15,31.4,31.0,99.0,0.0,1,30.51,S,1.9,3.3,0.56,39.2,-9.7,"Malaga, Chelan County",330167,Malaga,2020-12-14 05:54:56.308788
2020-11-21,07:30,32.1,31.8,98.6,0.0,4,30.52,S,3.5,4.7,0.56,39.1,-9.7,"Malaga, Chelan County",330167,Malaga,2020-12-14 05:54:56.308788
2020-11-21,07:45,32.8,32.6,99.2,0.0,9,30.52,S,5.2,7.3,0.55,39.0,-9.7,"Malaga, Chelan County",330167,Malaga,2020-12-14 05:54:56.308788
2020-11-21,08:00,32.7,32.7,100.0,0.0,16,30.51,S,2.8,8.0,0.56,39.0,-9.7,"Malaga, Chelan County",330167,Malaga,2020-12-14 05:54:56.308788
2020-11-21,08:15,32.0,32.0,100.0,0.0,24,30.52,S,2.8,5.8,0.56,39.0,-9.7,"Malaga, Chelan County",330167,Malaga,2020-12-14 05:54:56.308788
2020-11-21,08:30,32.8,32.8,100.0,0.0,115,30.51,W,1.8,5.7,0.56,39.0,-9.7,"Malaga, Chelan County",330167,Malaga,2020-12-14 05:54:56.308788
2020-11-21,08:45,33.8,33.7,99.8,0.0,141,30.51,NW,4.7,7.7,0.55,39.0,-9.7,"Malaga, Chelan County",330167,Malaga,2020-12-14 05:54:56.308788
2020-11-21,09:00,34.3,34.3,99.8,0.0,166,30.5,NW,5.5,9.4,0.55,38.9,-9.7,"Malaga, Chelan County",330167,Malaga,2020-12-14 05:54:56.308788
2020-11-21,09:15,34.5,34.5,99.8,0.0,204,30.5,NW,6.0,9.7,0.54,38.8,-9.7,"Malaga, Chelan County",330167,Malaga,2020-12-14 05:54:56.308788
2020-11-21,09:30,35.0,35.0,100.0,0.0,240,30.51,NW,4.9,9.1,0.53,38.8,-9.7,"Malaga, Chelan County",330167,Malaga,2020-12-14 05:54:56.308788
2020-11-21,09:45,34.9,34.9,100.0,0.0,175,30.52,NW,5.4,11.4,0.52,38.8,-9.7,"Malaga, Chelan County",330167,Malaga,2020-12-14 05:54:56.308788
2020-11-21,10:00,34.8,34.8,100.0,0.0,153,30.52,NW,6.6,10.4,0.51,38.8,-9.7,"Malaga, Chelan County",330167,Malaga,2020-12-14 05:54:56.308788
2020-11-21,10:15,35.0,35.0,99.8,0.0,117,30.53,NW,4.9,9.0,0.5,38.8,-9.7,"Malaga, Chelan County",330167,Malaga,2020-12-14 05:54:56.308788
2020-11-21,10:30,35.5,35.3,99.3,0.0,97,30.53,N ,2.7,4.7,0.48,38.8,-9.7,"Malaga, Chelan County",330167,Malaga,2020-12-14 05:54:56.308788
2020-11-21,10:45,35.8,35.8,99.8,0.0,99,30.53,N,1.9,4.4,0.47,38.8,-9.7,"Malaga, Chelan County",330167,Malaga,2020-12-14 05:54:56.308788
2020-11-21,11:00,35.9,35.9,100.0,0.0,120,30.53,NW,1.3,3.2,0.45,38.7,-9.7,"Malaga, Chelan County",330167,Malaga,2020-12-14 05:54:56.308788
2020-11-21,11:15,36.3,36.3,100.0,0.0,129,30.53,W,2.1,5.6,0.43,38.7,-9.7,"Malaga, Chelan County",330167,Malaga,2020-12-14 05:54:56.308788
2020-11-21,11:30,36.7,36.6,99.6,0.0,139,30.53,NE,2.3,4.9,0.41,38.7,-9.7,"Malaga, Chelan County",330167,Malaga,2020-12-14 05:54:56.308788
2020-11-21,11:45,37.0,36.8,99.1,0.0,137,30.53,NE,2.2,5.3,0.39,38.7,-9.7,"Malaga, Chelan County",330167,Malaga,2020-12-14 05:54:56.308788
2020-11-21,12:00,37.1,36.9,99.2,0.0,138,30.52,NE,1.9,5.8,0.38,38.7,-9.7,"Malaga, Chelan County",330167,Malaga,2020-12-14 05:54:56.308788
2020-11-21,12:15,37.3,36.9,98.7,0.0,144,30.51,SE,2.4,4.4,0.37,38.7,-9.7,"Malaga, Chelan County",330167,Malaga,2020-12-14 05:54:56.308788
2020-11-21,12:30,37.2,37.0,99.2,0.0,140,30.51,E,3.4,5.9,0.37,38.7,-9.7,"Malaga, Chelan County",330167,Malaga,2020-12-14 05:54:56.308788
2020-11-21,12:45,37.2,36.8,98.6,0.0,126,30.51,NE,4.4,7.5,0.37,38.7,-9.7,"Malaga, Chelan County",330167,Malaga,2020-12-14 05:54:56.308788
2020-11-21,13:00,36.9,36.5,98.3,0.0,110,30.51,E,3.0,5.8,0.37,38.7,-9.7,"Malaga, Chelan County",330167,Malaga,2020-12-14 05:54:56.308788
2020-11-21,13:15,36.8,36.4,98.6,0.0,77,30.51,NE,3.0,7.7,0.37,38.8,-9.7,"Malaga, Chelan County",330167,Malaga,2020-12-14 05:54:56.308788
2020-11-21,13:30,36.6,36.4,99.2,0.0,80,30.51,NE,2.8,4.8,0.37,38.8,-9.7,"Malaga, Chelan County",330167,Malaga,2020-12-14 05:54:56.308788
2020-11-21,13:45,36.8,36.5,98.8,0.0,75,30.51,N ,3.4,5.6,0.37,38.8,-9.7,"Malaga, Chelan County",330167,Malaga,2020-12-14 05:54:56.308788
2020-11-21,14:00,36.6,36.5,99.5,0.0,58,30.51,N ,1.9,3.8,0.37,39.0,-9.7,"Malaga, Chelan County",330167,Malaga,2020-12-14 05:54:56.308788
2020-11-21,14:15,36.5,36.5,99.8,0.0,60,30.51,S,1.5,3.4,0.37,39.0,-9.7,"Malaga, Chelan County",330167,Malaga,2020-12-14 05:54:56.308788
2020-11-21,14:30,36.6,36.5,99.6,0.0,56,30.5,N ,1.6,2.8,0.37,39.1,-9.7,"Malaga, Chelan County",330167,Malaga,2020-12-14 05:54:56.308788
2020-11-21,14:45,36.6,36.4,99.3,0.0,54,30.49,N,1.7,3.4,0.37,39.2,-9.7,"Malaga, Chelan County",330167,Malaga,2020-12-14 05:54:56.308788
2020-11-21,15:00,36.7,36.5,99.0,0.0,41,30.49,N ,1.3,3.5,0.37,39.2,-9.7,"Malaga, Chelan County",330167,Malaga,2020-12-14 05:54:56.308788
2020-11-21,15:15,36.7,36.4,98.6,0.0,34,30.5,N ,1.3,2.7,0.37,39.4,-9.7,"Malaga, Chelan County",330167,Malaga,2020-12-14 05:54:56.308788
2020-11-21,15:30,36.6,36.1,98.1,0.0,30,30.5,N,1.3,2.9,0.37,39.4,-9.7,"Malaga, Chelan County",330167,Malaga,2020-12-14 05:54:56.308788
2020-11-21,15:45,36.2,35.8,98.5,0.0,21,30.5,N ,0.8,1.5,0.38,39.4,-9.7,"Malaga, Chelan County",330167,Malaga,2020-12-14 05:54:56.308788
2020-11-21,16:00,35.6,35.1,98.3,0.0,17,30.5,SW,0.9,1.8,0.38,39.6,-9.7,"Malaga, Chelan County",330167,Malaga,2020-12-14 05:54:56.308788
2020-11-21,16:15,34.7,34.3,98.8,0.0,10,30.49,S,2.1,3.3,0.39,39.6,-9.7,"Malaga, Chelan County",330167,Malaga,2020-12-14 05:54:56.308788
2020-11-21,16:30,33.9,33.7,99.1,0.0,2,30.5,S,1.8,3.4,0.4,39.6,-9.7,"Malaga, Chelan County",330167,Malaga,2020-12-14 05:54:56.308788
2020-11-21,16:45,33.5,33.0,98.1,0.0,0,30.49,S,2.2,3.9,0.41,39.7,-9.7,"Malaga, Chelan County",330167,Malaga,2020-12-14 05:54:56.308788
2020-11-21,17:00,33.7,32.9,96.9,0.0,0,30.5,S,2.5,3.8,0.42,39.7,-9.7,"Malaga, Chelan County",330167,Malaga,2020-12-14 05:54:56.308788
2020-11-21,17:15,33.5,32.9,97.7,0.0,0,30.5,S,1.8,3.7,0.42,39.7,-9.7,"Malaga, Chelan County",330167,Malaga,2020-12-14 05:54:56.308788
2020-11-21,17:30,34.0,33.2,96.8,0.0,0,30.5,SW,1.3,2.4,0.43,39.7,-9.8,"Malaga, Chelan County",330167,Malaga,2020-12-14 05:54:56.308788
2020-11-21,17:45,34.4,33.8,97.6,0.0,0,30.49,S,1.3,2.1,0.43,39.8,-9.7,"Malaga, Chelan County",330167,Malaga,2020-12-14 05:54:56.308788
2020-11-21,18:00,34.8,34.5,98.6,0.0,0,30.5,S,0.9,1.6,0.43,39.8,-9.7,"Malaga, Chelan County",330167,Malaga,2020-12-14 05:54:56.308788
2020-11-21,18:15,35.3,35.0,98.7,0.0,0,30.5,SW,1.2,2.2,0.43,39.7,-9.8,"Malaga, Chelan County",330167,Malaga,2020-12-14 05:54:56.308788
2020-11-21,18:30,35.5,35.4,99.8,0.0,0,30.49,S,2.3,4.1,0.42,39.7,-9.8,"Malaga, Chelan County",330167,Malaga,2020-12-14 05:54:56.308788
2020-11-21,18:45,36.1,35.9,99.1,0.0,0,30.49,S,1.8,4.3,0.42,39.7,-9.8,"Malaga, Chelan County",330167,Malaga,2020-12-14 05:54:56.308788
2020-11-21,19:00,35.8,35.8,100.0,0.0,0,30.49,NW,1.3,2.4,0.42,39.7,-9.8,"Malaga, Chelan County",330167,Malaga,2020-12-14 05:54:56.308788
2020-11-21,19:15,35.7,35.7,99.8,0.0,0,30.49,N ,1.2,3.1,0.42,39.7,-9.8,"Malaga, Chelan County",330167,Malaga,2020-12-14 05:54:56.308788
2020-11-21,19:30,35.4,35.4,99.8,0.0,0,30.48,SE,0.9,2.3,0.42,39.7,-9.8,"Malaga, Chelan County",330167,Malaga,2020-12-14 05:54:56.308788
2020-11-21,19:45,35.6,35.6,100.0,0.0,0,30.48,SE,1.0,1.9,0.41,39.7,-9.8,"Malaga, Chelan County",330167,Malaga,2020-12-14 05:54:56.308788
2020-11-21,20:00,36.0,36.0,100.0,0.0,0,30.48,E,1.1,1.9,0.41,39.7,-9.8,"Malaga, Chelan County",330167,Malaga,2020-12-14 05:54:56.308788
2020-11-21,20:15,36.1,36.0,99.7,0.0,0,30.48,S,1.3,2.4,0.4,39.7,-9.8,"Malaga, Chelan County",330167,Malaga,2020-12-14 05:54:56.308788
2020-11-21,20:30,36.2,36.1,99.7,0.0,0,30.48,SW,0.9,2.1,0.39,39.7,-9.8,"Malaga, Chelan County",330167,Malaga,2020-12-14 05:54:56.308788
2020-11-21,20:45,36.5,36.1,98.7,0.0,0,30.49,S,1.5,2.3,0.38,39.7,-9.8,"Malaga, Chelan County",330167,Malaga,2020-12-14 05:54:56.308788
2020-11-21,21:00,36.6,36.1,98.2,0.0,0,30.49,S,1.7,2.6,0.38,39.7,-9.8,"Malaga, Chelan County",330167,Malaga,2020-12-14 05:54:56.308788
2020-11-21,21:15,36.7,36.1,97.6,0.0,0,30.49,S,1.4,2.6,0.37,39.7,-9.8,"Malaga, Chelan County",330167,Malaga,2020-12-14 05:54:56.308788
2020-11-21,21:30,36.8,36.1,97.3,0.0,0,30.48,N ,2.1,3.2,0.37,39.7,-9.8,"Malaga, Chelan County",330167,Malaga,2020-12-14 05:54:56.308788
2020-11-21,21:45,36.5,35.8,96.9,0.0,0,30.48,S,1.4,2.4,0.37,39.7,-9.8,"Malaga, Chelan County",330167,Malaga,2020-12-14 05:54:56.308788
2020-11-21,22:00,36.8,35.8,96.1,0.0,0,30.48,SW,1.6,2.8,0.37,39.7,-9.8,"Malaga, Chelan County",330167,Malaga,2020-12-14 05:54:56.308788
2020-11-21,22:15,37.1,35.5,94.0,0.0,0,30.48,SW,1.6,3.1,0.37,39.7,-9.8,"Malaga, Chelan County",330167,Malaga,2020-12-14 05:54:56.308788
2020-11-21,22:30,37.3,35.4,92.9,0.0,0,30.47,SW,2.3,4.4,0.37,39.7,-9.8,"Malaga, Chelan County",330167,Malaga,2020-12-14 05:54:56.308788
2020-11-21,22:45,37.1,35.4,93.4,0.0,0,30.46,S,1.7,3.3,0.37,39.7,-9.8,"Malaga, Chelan County",330167,Malaga,2020-12-14 05:54:56.308788
2020-11-21,23:00,37.1,35.4,93.6,0.0,0,30.46,S,1.6,3.4,0.37,39.7,-9.8,"Malaga, Chelan County",330167,Malaga,2020-12-14 05:54:56.308788
2020-11-21,23:15,37.0,35.1,92.8,0.0,0,30.45,E,0.8,1.5,0.37,39.7,-9.8,"Malaga, Chelan County",330167,Malaga,2020-12-14 05:54:56.308788
2020-11-21,23:30,37.0,35.0,92.5,0.0,0,30.45,W,1.2,3.2,0.37,39.7,-9.8,"Malaga, Chelan County",330167,Malaga,2020-12-14 05:54:56.308788
2020-11-21,23:45,37.1,35.0,92.2,0.0,0,30.45,SW,1.4,4.1,0.37,39.7,-9.8,"Malaga, Chelan County",330167,Malaga,2020-12-14 05:54:56.308788
2020-11-21,24:00,37.4,35.0,91.2,0.0,0,30.45,W,2.4,5.5,0.37,39.7,-9.8,"Malaga, Chelan County",330167,Malaga,2020-12-14 05:54:56.308788
