Date,Time PST,Air Temp °F, 2<sup>nd</sup> Air Temp °F, Dew Point °F, Rel Hum %, Leaf Wet u., Wind Dir @ Speed mph, Wind Gust mph, 8 in. Soil Tmp °F, Tot Prec in, Solar Rad W/m²,Location,Station ID,Station Name,Download Timestamp
2015-02-21,00:15,42.3,42.3,38.0,84.7,0.0,W@5.2,7.1,44.6,0.0,0,"Basin City, Franklin County",300116,Basin City,2017-12-16 09:53:32.160521
2015-02-21,00:30,42.5,42.6,38.0,83.9,0.02,W@5.5,7.4,44.6,0.0,0,"Basin City, Franklin County",300116,Basin City,2017-12-16 09:53:32.160521
2015-02-21,00:45,42.9,43.0,38.0,82.5,0.03,NW@4.0,5.7,44.5,0.0,0,"Basin City, Franklin County",300116,Basin City,2017-12-16 09:53:32.160521
2015-02-21,01:00,42.5,42.5,37.9,83.6,0.0,W@4.0,5.7,44.4,0.0,0,"Basin City, Franklin County",300116,Basin City,2017-12-16 09:53:32.160521
2015-02-21,01:15,42.8,42.9,38.0,82.8,0.0,W@4.3,6.4,44.4,0.0,0,"Basin City, Franklin County",300116,Basin City,2017-12-16 09:53:32.160521
2015-02-21,01:30,42.9,42.9,37.8,82.2,0.0,NW@5.8,8.2,44.3,0.0,0,"Basin City, Franklin County",300116,Basin City,2017-12-16 09:53:32.160521
2015-02-21,01:45,42.4,42.4,37.7,83.1,0.0,NW@5.9,7.8,44.2,0.0,0,"Basin City, Franklin County",300116,Basin City,2017-12-16 09:53:32.160521
2015-02-21,02:00,42.7,42.9,37.5,81.7,0.0,NW@5.0,6.7,44.2,0.0,0,"Basin City, Franklin County",300116,Basin City,2017-12-16 09:53:32.160521
2015-02-21,02:15,43.4,43.4,36.9,77.6,0.0,NW@5.2,7.1,44.1,0.0,0,"Basin City, Franklin County",300116,Basin City,2017-12-16 09:53:32.160521
2015-02-21,02:30,42.7,42.7,36.9,79.8,0.0,NW@5.4,7.1,44.1,0.0,0,"Basin City, Franklin County",300116,Basin City,2017-12-16 09:53:32.160521
2015-02-21,02:45,42.6,42.6,36.6,79.2,0.0,NW@4.9,6.4,44.0,0.0,0,"Basin City, Franklin County",300116,Basin City,2017-12-16 09:53:32.160521
2015-02-21,03:00,42.2,42.2,36.6,80.2,0.0,NW@4.3,6.0,44.0,0.0,0,"Basin City, Franklin County",300116,Basin City,2017-12-16 09:53:32.160521
2015-02-21,03:15,42.5,42.6,36.1,78.0,0.0,NW@5.9,8.9,43.9,0.0,0,"Basin City, Franklin County",300116,Basin City,2017-12-16 09:53:32.160521
2015-02-21,03:30,42.8,42.9,35.6,75.2,0.0,NW@6.7,9.9,43.9,0.0,0,"Basin City, Franklin County",300116,Basin City,2017-12-16 09:53:32.160521
2015-02-21,03:45,43.0,43.0,34.9,73.0,0.0,NW@6.9,9.2,43.9,0.0,0,"Basin City, Franklin County",300116,Basin City,2017-12-16 09:53:32.160521
2015-02-21,04:00,42.6,42.6,34.8,73.5,0.0,NW@5.5,8.2,43.8,0.0,0,"Basin City, Franklin County",300116,Basin City,2017-12-16 09:53:32.160521
2015-02-21,04:15,42.6,42.7,34.1,71.5,0.0,NW@6.4,9.2,43.8,0.0,0,"Basin City, Franklin County",300116,Basin City,2017-12-16 09:53:32.160521
2015-02-21,04:30,42.6,42.6,33.8,70.8,0.0,NW@5.9,8.5,43.7,0.0,0,"Basin City, Franklin County",300116,Basin City,2017-12-16 09:53:32.160521
2015-02-21,04:45,42.3,42.3,33.9,72.0,0.0,NW@6.0,8.5,43.7,0.0,0,"Basin City, Franklin County",300116,Basin City,2017-12-16 09:53:32.160521
2015-02-21,05:00,42.0,41.9,33.7,72.3,0.0,NW@6.1,8.9,43.7,0.0,0,"Basin City, Franklin County",300116,Basin City,2017-12-16 09:53:32.160521
2015-02-21,05:15,41.8,41.9,33.2,71.2,0.0,NW@6.9,9.9,43.6,0.0,0,"Basin City, Franklin County",300116,Basin City,2017-12-16 09:53:32.160521
2015-02-21,05:30,42.2,42.3,32.3,67.8,0.0,NW@7.4,10.7,43.6,0.0,0,"Basin City, Franklin County",300116,Basin City,2017-12-16 09:53:32.160521
2015-02-21,05:45,42.8,43.0,31.3,63.5,0.0,NW@7.3,9.9,43.6,0.0,0,"Basin City, Franklin County",300116,Basin City,2017-12-16 09:53:32.160521
2015-02-21,06:00,43.4,43.5,30.2,59.4,0.0,NW@5.8,8.2,43.6,0.0,0,"Basin City, Franklin County",300116,Basin City,2017-12-16 09:53:32.160521
2015-02-21,06:15,43.7,43.7,29.4,56.9,0.0,NW@5.8,10.3,43.5,0.0,0,"Basin City, Franklin County",300116,Basin City,2017-12-16 09:53:32.160521
2015-02-21,06:30,43.7,43.8,29.0,55.8,0.0,NW@4.5,10.3,43.5,0.0,0,"Basin City, Franklin County",300116,Basin City,2017-12-16 09:53:32.160521
2015-02-21,06:45,43.3,43.4,29.0,56.8,0.0,NW@6.4,12.1,43.5,0.0,1,"Basin City, Franklin County",300116,Basin City,2017-12-16 09:53:32.160521
2015-02-21,07:00,42.9,42.8,28.8,57.3,0.0,NW@5.6,10.3,43.4,0.0,6,"Basin City, Franklin County",300116,Basin City,2017-12-16 09:53:32.160521
2015-02-21,07:15,41.6,41.5,29.1,60.9,0.0,NW@4.6,7.1,43.4,0.0,18,"Basin City, Franklin County",300116,Basin City,2017-12-16 09:53:32.160521
2015-02-21,07:30,41.8,41.9,29.0,60.2,0.0,NW@5.9,8.5,43.4,0.0,23,"Basin City, Franklin County",300116,Basin City,2017-12-16 09:53:32.160521
2015-02-21,07:45,42.2,42.2,29.4,60.0,0.0,NW@6.1,9.2,43.3,0.0,76,"Basin City, Franklin County",300116,Basin City,2017-12-16 09:53:32.160521
2015-02-21,08:00,42.5,42.4,30.2,61.6,0.0,NW@6.7,10.3,43.3,0.0,127,"Basin City, Franklin County",300116,Basin City,2017-12-16 09:53:32.160521
2015-02-21,08:15,43.1,43.1,31.1,62.3,0.0,NW@7.7,13.5,43.3,0.0,168,"Basin City, Franklin County",300116,Basin City,2017-12-16 09:53:32.160521
2015-02-21,08:30,43.8,43.8,31.1,60.7,0.0,NW@8.4,13.2,43.2,0.0,205,"Basin City, Franklin County",300116,Basin City,2017-12-16 09:53:32.160521
2015-02-21,08:45,44.1,44.1,31.1,60.0,0.0,N@9.6,14.2,43.2,0.0,242,"Basin City, Franklin County",300116,Basin City,2017-12-16 09:53:32.160521
2015-02-21,09:00,43.9,43.8,31.3,61.0,0.0,N@10.9,17.1,43.2,0.0,278,"Basin City, Franklin County",300116,Basin City,2017-12-16 09:53:32.160521
2015-02-21,09:15,44.3,44.3,31.3,59.9,0.0,N@11.3,17.1,43.1,0.0,313,"Basin City, Franklin County",300116,Basin City,2017-12-16 09:53:32.160521
2015-02-21,09:30,44.9,44.8,32.1,60.6,0.0,N@10.8,16.4,43.1,0.0,347,"Basin City, Franklin County",300116,Basin City,2017-12-16 09:53:32.160521
2015-02-21,09:45,45.9,45.8,32.2,58.6,0.0,NE@10.1,15.3,43.0,0.0,377,"Basin City, Franklin County",300116,Basin City,2017-12-16 09:53:32.160521
2015-02-21,10:00,47.1,46.9,32.5,56.7,0.0,N@9.9,14.6,43.0,0.0,406,"Basin City, Franklin County",300116,Basin City,2017-12-16 09:53:32.160521
2015-02-21,10:15,47.9,47.7,32.6,55.3,0.0,NE@10.5,15.0,43.0,0.0,433,"Basin City, Franklin County",300116,Basin City,2017-12-16 09:53:32.160521
2015-02-21,10:30,48.1,48.0,33.5,56.7,0.0,NE@10.2,14.2,43.0,0.0,458,"Basin City, Franklin County",300116,Basin City,2017-12-16 09:53:32.160521
2015-02-21,10:45,48.9,48.7,33.8,55.9,0.0,NE@10.0,15.7,42.9,0.0,481,"Basin City, Franklin County",300116,Basin City,2017-12-16 09:53:32.160521
2015-02-21,11:00,49.0,48.9,34.4,56.9,0.0,NE@12.2,18.9,42.9,0.0,501,"Basin City, Franklin County",300116,Basin City,2017-12-16 09:53:32.160521
2015-02-21,11:15,49.5,49.5,35.2,57.6,0.0,NE@12.1,17.5,42.9,0.0,513,"Basin City, Franklin County",300116,Basin City,2017-12-16 09:53:32.160521
2015-02-21,11:30,49.9,50.0,35.6,57.8,0.0,NE@12.4,19.2,42.9,0.0,366,"Basin City, Franklin County",300116,Basin City,2017-12-16 09:53:32.160521
2015-02-21,11:45,50.6,50.6,35.3,55.6,0.0,NE@13.9,19.2,42.9,0.0,484,"Basin City, Franklin County",300116,Basin City,2017-12-16 09:53:32.160521
2015-02-21,12:00,50.9,50.9,35.5,55.3,0.0,NE@16.9,22.5,42.9,0.0,554,"Basin City, Franklin County",300116,Basin City,2017-12-16 09:53:32.160521
2015-02-21,12:15,51.6,51.7,35.2,53.4,0.0,NE@17.0,23.5,42.9,0.0,569,"Basin City, Franklin County",300116,Basin City,2017-12-16 09:53:32.160521
2015-02-21,12:30,51.6,51.5,34.2,51.3,0.0,NE@17.9,24.3,43.0,0.0,580,"Basin City, Franklin County",300116,Basin City,2017-12-16 09:53:32.160521
2015-02-21,12:45,51.7,51.8,33.9,50.5,0.0,NE@18.4,25.7,43.0,0.0,576,"Basin City, Franklin County",300116,Basin City,2017-12-16 09:53:32.160521
2015-02-21,13:00,52.5,52.6,33.3,47.7,0.0,E@16.8,22.5,43.1,0.0,608,"Basin City, Franklin County",300116,Basin City,2017-12-16 09:53:32.160521
2015-02-21,13:15,52.3,52.3,32.6,46.7,0.0,NE@17.1,26.4,43.1,0.0,544,"Basin City, Franklin County",300116,Basin City,2017-12-16 09:53:32.160521
2015-02-21,13:30,53.0,53.0,33.1,46.7,0.0,NE@15.7,24.6,43.2,0.0,496,"Basin City, Franklin County",300116,Basin City,2017-12-16 09:53:32.160521
2015-02-21,13:45,52.0,52.1,31.9,46.1,0.0,NE@16.9,21.8,43.2,0.0,464,"Basin City, Franklin County",300116,Basin City,2017-12-16 09:53:32.160521
2015-02-21,14:00,52.4,52.4,31.3,44.2,0.0,NE@16.9,23.2,43.3,0.0,468,"Basin City, Franklin County",300116,Basin City,2017-12-16 09:53:32.160521
2015-02-21,14:15,51.4,51.4,31.3,46.0,0.0,E@17.1,23.9,43.4,0.0,330,"Basin City, Franklin County",300116,Basin City,2017-12-16 09:53:32.160521
2015-02-21,14:30,52.2,52.2,30.9,43.9,0.0,E@15.3,23.9,43.5,0.0,322,"Basin City, Franklin County",300116,Basin City,2017-12-16 09:53:32.160521
2015-02-21,14:45,50.8,51.0,30.2,44.9,0.0,NE@15.7,23.9,43.6,0.0,221,"Basin City, Franklin County",300116,Basin City,2017-12-16 09:53:32.160521
2015-02-21,15:00,51.3,51.5,29.6,42.9,0.0,E@17.2,23.9,43.7,0.0,397,"Basin City, Franklin County",300116,Basin City,2017-12-16 09:53:32.160521
2015-02-21,15:15,50.7,50.7,27.2,39.9,0.0,NE@18.0,25.0,43.8,0.0,135,"Basin City, Franklin County",300116,Basin City,2017-12-16 09:53:32.160521
2015-02-21,15:30,50.6,50.7,24.9,36.4,0.0,NE@18.2,23.9,43.9,0.0,220,"Basin City, Franklin County",300116,Basin City,2017-12-16 09:53:32.160521
2015-02-21,15:45,50.3,50.4,23.6,34.8,0.0,E@17.6,24.3,44.0,0.0,282,"Basin City, Franklin County",300116,Basin City,2017-12-16 09:53:32.160521
2015-02-21,16:00,50.1,50.1,22.8,34.0,0.0,E@17.6,25.7,44.1,0.0,243,"Basin City, Franklin County",300116,Basin City,2017-12-16 09:53:32.160521
2015-02-21,16:15,49.2,49.3,22.8,35.1,0.0,NE@17.3,21.8,44.1,0.0,117,"Basin City, Franklin County",300116,Basin City,2017-12-16 09:53:32.160521
2015-02-21,16:30,48.1,48.2,22.8,36.6,0.0,E@14.5,22.5,44.2,0.0,49,"Basin City, Franklin County",300116,Basin City,2017-12-16 09:53:32.160521
2015-02-21,16:45,47.2,47.3,23.2,38.4,0.0,NE@13.2,18.5,44.3,0.0,37,"Basin City, Franklin County",300116,Basin City,2017-12-16 09:53:32.160521
2015-02-21,17:00,46.7,46.8,23.3,39.4,0.0,E@12.4,17.1,44.4,0.0,20,"Basin City, Franklin County",300116,Basin City,2017-12-16 09:53:32.160521
2015-02-21,17:15,45.8,45.9,23.5,41.1,0.0,NE@10.5,14.6,44.5,0.0,14,"Basin City, Franklin County",300116,Basin City,2017-12-16 09:53:32.160521
2015-02-21,17:30,44.9,44.9,23.7,42.8,0.0,NE@9.2,14.2,44.5,0.0,8,"Basin City, Franklin County",300116,Basin City,2017-12-16 09:53:32.160521
2015-02-21,17:45,44.1,44.2,23.5,43.8,0.0,NE@11.0,15.3,44.6,0.0,3,"Basin City, Franklin County",300116,Basin City,2017-12-16 09:53:32.160521
2015-02-21,18:00,43.1,43.2,23.8,46.0,0.0,NE@9.6,12.1,44.6,0.0,0,"Basin City, Franklin County",300116,Basin City,2017-12-16 09:53:32.160521
2015-02-21,18:15,42.3,42.3,23.7,47.5,0.0,NE@9.7,13.5,44.7,0.0,0,"Basin City, Franklin County",300116,Basin City,2017-12-16 09:53:32.160521
2015-02-21,18:30,41.9,42.0,23.8,48.3,0.0,NE@9.2,12.4,44.7,0.0,0,"Basin City, Franklin County",300116,Basin City,2017-12-16 09:53:32.160521
2015-02-21,18:45,41.6,41.7,24.1,49.4,0.0,NE@9.3,13.5,44.7,0.0,0,"Basin City, Franklin County",300116,Basin City,2017-12-16 09:53:32.160521
2015-02-21,19:00,41.3,41.3,23.8,49.4,0.0,NE@9.1,11.4,44.7,0.0,0,"Basin City, Franklin County",300116,Basin City,2017-12-16 09:53:32.160521
2015-02-21,19:15,40.8,40.8,23.6,50.0,0.0,NE@9.7,13.2,44.8,0.0,0,"Basin City, Franklin County",300116,Basin City,2017-12-16 09:53:32.160521
2015-02-21,19:30,40.5,40.5,22.6,48.6,0.0,NE@11.2,14.6,44.8,0.0,0,"Basin City, Franklin County",300116,Basin City,2017-12-16 09:53:32.160521
2015-02-21,19:45,39.9,39.9,22.2,48.7,0.0,NE@11.3,14.6,44.7,0.0,0,"Basin City, Franklin County",300116,Basin City,2017-12-16 09:53:32.160521
2015-02-21,20:00,39.3,39.2,22.3,50.1,0.0,NE@11.3,14.6,44.7,0.0,0,"Basin City, Franklin County",300116,Basin City,2017-12-16 09:53:32.160521
2015-02-21,20:15,38.3,38.2,22.5,52.7,0.0,NE@11.7,14.6,44.7,0.0,0,"Basin City, Franklin County",300116,Basin City,2017-12-16 09:53:32.160521
2015-02-21,20:30,37.4,37.4,22.4,54.2,0.0,NE@11.0,14.6,44.7,0.0,0,"Basin City, Franklin County",300116,Basin City,2017-12-16 09:53:32.160521
2015-02-21,20:45,36.7,36.6,22.2,55.4,0.0,E@10.7,13.5,44.7,0.0,0,"Basin City, Franklin County",300116,Basin City,2017-12-16 09:53:32.160521
2015-02-21,21:00,36.4,36.3,22.1,55.7,0.0,E@10.8,14.6,44.6,0.0,0,"Basin City, Franklin County",300116,Basin City,2017-12-16 09:53:32.160521
2015-02-21,21:15,36.4,36.4,21.8,55.0,0.0,E@12.0,16.4,44.6,0.0,0,"Basin City, Franklin County",300116,Basin City,2017-12-16 09:53:32.160521
2015-02-21,21:30,35.8,35.7,21.7,56.2,0.0,E@10.9,15.0,44.5,0.0,0,"Basin City, Franklin County",300116,Basin City,2017-12-16 09:53:32.160521
2015-02-21,21:45,35.7,35.7,21.3,55.4,0.0,E@10.7,15.7,44.5,0.0,0,"Basin City, Franklin County",300116,Basin City,2017-12-16 09:53:32.160521
2015-02-21,22:00,35.4,35.3,21.1,55.7,0.0,E@9.2,12.4,44.4,0.0,0,"Basin City, Franklin County",300116,Basin City,2017-12-16 09:53:32.160521
2015-02-21,22:15,35.3,35.3,21.1,55.8,0.0,E@8.9,12.8,44.4,0.0,0,"Basin City, Franklin County",300116,Basin City,2017-12-16 09:53:32.160521
2015-02-21,22:30,35.2,35.1,21.3,56.6,0.0,NE@8.0,11.7,44.3,0.0,0,"Basin City, Franklin County",300116,Basin City,2017-12-16 09:53:32.160521
2015-02-21,22:45,35.0,34.9,21.0,56.4,0.0,NE@8.9,11.4,44.2,0.0,0,"Basin City, Franklin County",300116,Basin City,2017-12-16 09:53:32.160521
2015-02-21,23:00,35.0,34.9,20.7,55.6,0.0,NE@9.7,12.4,44.2,0.0,0,"Basin City, Franklin County",300116,Basin City,2017-12-16 09:53:32.160521
2015-02-21,23:15,34.4,34.2,20.2,55.8,0.0,E@7.4,10.7,44.1,0.0,0,"Basin City, Franklin County",300116,Basin City,2017-12-16 09:53:32.160521
2015-02-21,23:30,34.1,34.0,19.7,55.2,0.0,E@6.6,9.2,44.0,0.0,0,"Basin City, Franklin County",300116,Basin City,2017-12-16 09:53:32.160521
2015-02-21,23:45,33.8,33.6,19.5,55.4,0.0,E@5.9,8.2,44.0,0.0,0,"Basin City, Franklin County",300116,Basin City,2017-12-16 09:53:32.160521
2015-02-21,24:00,34.0,33.8,18.6,52.8,0.0,NE@6.0,8.5,43.9,0.0,0,"Basin City, Franklin County",300116,Basin City,2017-12-16 09:53:32.160521
2015-02-22,00:15,33.9,33.7,18.4,52.6,0.0,NE@7.3,9.6,43.8,0.0,0,"Basin City, Franklin County",300116,Basin City,2017-12-16 09:53:32.160521
2015-02-22,00:30,33.4,33.2,18.3,53.3,0.0,NE@7.3,9.2,43.7,0.0,0,"Basin City, Franklin County",300116,Basin City,2017-12-16 09:53:32.160521
2015-02-22,00:45,32.5,32.3,18.2,55.2,0.0,NE@5.9,7.8,43.6,0.0,0,"Basin City, Franklin County",300116,Basin City,2017-12-16 09:53:32.160521
2015-02-22,01:00,32.1,31.9,18.2,55.9,0.0,NE@5.6,7.4,43.6,0.0,0,"Basin City, Franklin County",300116,Basin City,2017-12-16 09:53:32.160521
2015-02-22,01:15,31.9,31.6,17.9,56.2,0.0,NE@3.9,6.0,43.5,0.0,0,"Basin City, Franklin County",300116,Basin City,2017-12-16 09:53:32.160521
2015-02-22,01:30,32.9,32.9,17.0,51.6,0.0,NE@4.7,9.2,43.4,0.0,0,"Basin City, Franklin County",300116,Basin City,2017-12-16 09:53:32.160521
2015-02-22,01:45,33.2,33.0,16.5,49.8,0.0,NE@5.0,7.8,43.3,0.0,0,"Basin City, Franklin County",300116,Basin City,2017-12-16 09:53:32.160521
2015-02-22,02:00,33.2,33.1,15.8,48.4,0.0,NE@5.3,9.2,43.2,0.0,0,"Basin City, Franklin County",300116,Basin City,2017-12-16 09:53:32.160521
2015-02-22,02:15,33.5,33.4,15.0,46.0,0.0,NE@5.8,8.5,43.1,0.0,0,"Basin City, Franklin County",300116,Basin City,2017-12-16 09:53:32.160521
2015-02-22,02:30,33.2,33.1,14.6,46.0,0.0,N@5.9,7.8,43.1,0.0,0,"Basin City, Franklin County",300116,Basin City,2017-12-16 09:53:32.160521
2015-02-22,02:45,33.3,33.3,14.0,44.5,0.0,N@6.8,9.9,43.0,0.0,0,"Basin City, Franklin County",300116,Basin City,2017-12-16 09:53:32.160521
2015-02-22,03:00,32.8,32.6,14.3,45.9,0.0,N@5.5,8.5,42.9,0.0,0,"Basin City, Franklin County",300116,Basin City,2017-12-16 09:53:32.160521
2015-02-22,03:15,32.6,32.5,14.2,46.2,0.0,NE@6.5,9.9,42.8,0.0,0,"Basin City, Franklin County",300116,Basin City,2017-12-16 09:53:32.160521
2015-02-22,03:30,32.4,32.2,14.3,46.6,0.0,N@5.7,8.9,42.7,0.0,0,"Basin City, Franklin County",300116,Basin City,2017-12-16 09:53:32.160521
2015-02-22,03:45,32.5,32.3,13.6,45.2,0.0,N@6.0,8.9,42.7,0.0,0,"Basin City, Franklin County",300116,Basin City,2017-12-16 09:53:32.160521
2015-02-22,04:00,33.1,33.1,12.7,42.5,0.0,N@7.3,10.3,42.6,0.0,0,"Basin City, Franklin County",300116,Basin City,2017-12-16 09:53:32.160521
2015-02-22,04:15,32.9,32.7,12.6,42.6,0.0,N@6.5,10.7,42.5,0.0,0,"Basin City, Franklin County",300116,Basin City,2017-12-16 09:53:32.160521
2015-02-22,04:30,32.0,31.7,13.3,45.8,0.0,N@6.1,10.3,42.4,0.0,0,"Basin City, Franklin County",300116,Basin City,2017-12-16 09:53:32.160521
2015-02-22,04:45,30.6,30.2,14.6,51.7,0.0,N@5.6,8.2,42.3,0.0,0,"Basin City, Franklin County",300116,Basin City,2017-12-16 09:53:32.160521
2015-02-22,05:00,30.3,30.0,14.7,52.5,0.0,N@5.9,7.8,42.3,0.0,0,"Basin City, Franklin County",300116,Basin City,2017-12-16 09:53:32.160521
2015-02-22,05:15,30.6,30.4,14.2,50.9,0.0,N@7.2,9.6,42.2,0.0,0,"Basin City, Franklin County",300116,Basin City,2017-12-16 09:53:32.160521
2015-02-22,05:30,30.5,30.3,14.0,50.5,0.0,N@6.7,8.9,42.1,0.0,0,"Basin City, Franklin County",300116,Basin City,2017-12-16 09:53:32.160521
2015-02-22,05:45,30.2,29.9,13.7,50.5,0.0,N@5.9,8.5,42.0,0.0,0,"Basin City, Franklin County",300116,Basin City,2017-12-16 09:53:32.160521
2015-02-22,06:00,29.7,29.4,14.0,52.5,0.0,N@5.7,8.2,42.0,0.0,0,"Basin City, Franklin County",300116,Basin City,2017-12-16 09:53:32.160521
2015-02-22,06:15,29.7,29.5,13.6,51.6,0.0,N@6.4,9.2,41.9,0.0,0,"Basin City, Franklin County",300116,Basin City,2017-12-16 09:53:32.160521
2015-02-22,06:30,29.9,29.6,13.1,50.0,0.0,N@5.8,9.2,41.8,0.0,0,"Basin City, Franklin County",300116,Basin City,2017-12-16 09:53:32.160521
2015-02-22,06:45,30.1,30.1,12.6,48.3,0.0,N@7.5,9.9,41.7,0.0,2,"Basin City, Franklin County",300116,Basin City,2017-12-16 09:53:32.160521
2015-02-22,07:00,30.5,30.3,12.4,47.0,0.0,N@6.9,9.2,41.7,0.0,13,"Basin City, Franklin County",300116,Basin City,2017-12-16 09:53:32.160521
2015-02-22,07:15,31.3,31.0,12.3,45.1,0.0,N@7.6,10.3,41.6,0.0,38,"Basin City, Franklin County",300116,Basin City,2017-12-16 09:53:32.160521
2015-02-22,07:30,32.0,31.6,12.3,43.7,0.0,N@8.4,11.7,41.5,0.0,68,"Basin City, Franklin County",300116,Basin City,2017-12-16 09:53:32.160521
2015-02-22,07:45,32.5,32.1,12.8,43.8,0.0,N@8.0,12.4,41.5,0.0,102,"Basin City, Franklin County",300116,Basin City,2017-12-16 09:53:32.160521
2015-02-22,08:00,33.3,32.9,12.7,42.0,0.0,N@8.2,11.0,41.4,0.0,139,"Basin City, Franklin County",300116,Basin City,2017-12-16 09:53:32.160521
2015-02-22,08:15,33.8,33.3,13.3,42.3,0.0,N@9.1,12.4,41.3,0.0,177,"Basin City, Franklin County",300116,Basin City,2017-12-16 09:53:32.160521
2015-02-22,08:30,34.3,33.9,12.5,40.0,0.0,N@9.7,13.9,41.3,0.0,215,"Basin City, Franklin County",300116,Basin City,2017-12-16 09:53:32.160521
2015-02-22,08:45,34.8,34.3,13.4,40.9,0.0,N@9.3,12.8,41.2,0.0,253,"Basin City, Franklin County",300116,Basin City,2017-12-16 09:53:32.160521
2015-02-22,09:00,35.3,34.8,13.7,40.6,0.0,N@9.9,14.2,41.2,0.0,291,"Basin City, Franklin County",300116,Basin City,2017-12-16 09:53:32.160521
2015-02-22,09:15,35.6,35.1,15.2,42.9,0.0,N@9.4,12.8,41.1,0.0,326,"Basin City, Franklin County",300116,Basin City,2017-12-16 09:53:32.160521
2015-02-22,09:30,37.0,36.7,15.0,40.0,0.0,NE@8.8,14.6,41.0,0.0,361,"Basin City, Franklin County",300116,Basin City,2017-12-16 09:53:32.160521
2015-02-22,09:45,38.0,37.6,14.6,38.0,0.0,NE@8.6,12.1,41.0,0.0,394,"Basin City, Franklin County",300116,Basin City,2017-12-16 09:53:32.160521
2015-02-22,10:00,38.7,38.3,14.2,36.3,0.0,NE@8.9,13.2,40.9,0.0,424,"Basin City, Franklin County",300116,Basin City,2017-12-16 09:53:32.160521
2015-02-22,10:15,39.8,39.6,13.0,33.0,0.0,NE@9.1,14.6,40.9,0.0,452,"Basin City, Franklin County",300116,Basin City,2017-12-16 09:53:32.160521
2015-02-22,10:30,40.7,40.4,10.7,28.8,0.0,NE@10.3,13.9,40.8,0.0,478,"Basin City, Franklin County",300116,Basin City,2017-12-16 09:53:32.160521
2015-02-22,10:45,41.4,41.2,10.8,28.1,0.0,NE@10.1,14.6,40.8,0.0,500,"Basin City, Franklin County",300116,Basin City,2017-12-16 09:53:32.160521
2015-02-22,11:00,41.7,41.5,10.5,27.4,0.0,NE@10.0,16.7,40.7,0.0,520,"Basin City, Franklin County",300116,Basin City,2017-12-16 09:53:32.160521
2015-02-22,11:15,42.3,42.2,10.0,26.1,0.0,NE@9.7,13.9,40.7,0.0,535,"Basin City, Franklin County",300116,Basin City,2017-12-16 09:53:32.160521
2015-02-22,11:30,42.7,42.6,10.3,26.1,0.0,NE@9.3,14.2,40.6,0.0,548,"Basin City, Franklin County",300116,Basin City,2017-12-16 09:53:32.160521
2015-02-22,11:45,43.3,43.0,10.1,25.4,0.0,NE@9.1,13.2,40.6,0.0,558,"Basin City, Franklin County",300116,Basin City,2017-12-16 09:53:32.160521
2015-02-22,12:00,43.8,43.6,9.3,24.0,0.0,NE@10.0,13.9,40.5,0.0,564,"Basin City, Franklin County",300116,Basin City,2017-12-16 09:53:32.160521
2015-02-22,12:15,44.2,44.1,8.5,22.8,0.0,NE@9.7,13.9,40.5,0.0,566,"Basin City, Franklin County",300116,Basin City,2017-12-16 09:53:32.160521
2015-02-22,12:30,44.6,44.5,9.0,22.9,0.0,NE@9.0,12.8,40.5,0.0,566,"Basin City, Franklin County",300116,Basin City,2017-12-16 09:53:32.160521
2015-02-22,12:45,45.2,45.1,9.4,22.8,0.0,NE@9.0,12.8,40.5,0.0,566,"Basin City, Franklin County",300116,Basin City,2017-12-16 09:53:32.160521
2015-02-22,13:00,45.7,45.6,9.5,22.4,0.0,NE@9.4,14.2,40.5,0.0,569,"Basin City, Franklin County",300116,Basin City,2017-12-16 09:53:32.160521
2015-02-22,13:15,45.8,45.7,9.3,22.2,0.0,NE@9.2,12.8,40.5,0.0,542,"Basin City, Franklin County",300116,Basin City,2017-12-16 09:53:32.160521
2015-02-22,13:30,45.5,45.4,9.5,22.6,0.0,NE@9.3,13.9,40.6,0.0,423,"Basin City, Franklin County",300116,Basin City,2017-12-16 09:53:32.160521
2015-02-22,13:45,46.4,46.3,10.6,23.0,0.0,NE@9.1,13.5,40.6,0.0,563,"Basin City, Franklin County",300116,Basin City,2017-12-16 09:53:32.160521
2015-02-22,14:00,46.7,46.5,10.5,22.6,0.0,NE@9.5,13.9,40.7,0.0,517,"Basin City, Franklin County",300116,Basin City,2017-12-16 09:53:32.160521
2015-02-22,14:15,46.4,46.2,10.1,22.5,0.0,NE@9.0,13.5,40.8,0.0,479,"Basin City, Franklin County",300116,Basin City,2017-12-16 09:53:32.160521
2015-02-22,14:30,46.4,46.3,10.3,22.7,0.0,NE@8.3,12.4,40.9,0.0,451,"Basin City, Franklin County",300116,Basin City,2017-12-16 09:53:32.160521
2015-02-22,14:45,46.4,46.3,10.2,22.6,0.0,NE@8.3,12.4,40.9,0.0,422,"Basin City, Franklin County",300116,Basin City,2017-12-16 09:53:32.160521
2015-02-22,15:00,46.5,46.4,10.8,23.1,0.0,NE@8.7,13.9,41.0,0.0,391,"Basin City, Franklin County",300116,Basin City,2017-12-16 09:53:32.160521
2015-02-22,15:15,46.3,46.2,10.7,23.2,0.0,NE@7.6,10.7,41.1,0.0,358,"Basin City, Franklin County",300116,Basin City,2017-12-16 09:53:32.160521
2015-02-22,15:30,46.2,46.0,11.2,23.8,0.0,NE@7.3,10.7,41.2,0.0,323,"Basin City, Franklin County",300116,Basin City,2017-12-16 09:53:32.160521
2015-02-22,15:45,46.1,45.9,11.2,23.8,0.0,NE@6.5,9.9,41.4,0.0,286,"Basin City, Franklin County",300116,Basin City,2017-12-16 09:53:32.160521
2015-02-22,16:00,46.0,45.8,12.0,24.8,0.0,NE@7.3,10.7,41.5,0.0,247,"Basin City, Franklin County",300116,Basin City,2017-12-16 09:53:32.160521
2015-02-22,16:15,45.6,45.3,12.1,25.4,0.0,NE@6.6,9.9,41.6,0.0,209,"Basin City, Franklin County",300116,Basin City,2017-12-16 09:53:32.160521
2015-02-22,16:30,45.3,45.0,12.3,25.9,0.0,NE@6.0,8.2,41.7,0.0,170,"Basin City, Franklin County",300116,Basin City,2017-12-16 09:53:32.160521
2015-02-22,16:45,44.7,44.4,12.6,26.9,0.0,NE@6.3,9.2,41.8,0.0,129,"Basin City, Franklin County",300116,Basin City,2017-12-16 09:53:32.160521
2015-02-22,17:00,44.0,43.8,13.2,28.2,0.0,N@6.2,8.5,41.9,0.0,92,"Basin City, Franklin County",300116,Basin City,2017-12-16 09:53:32.160521
2015-02-22,17:15,42.8,42.7,14.3,31.0,0.0,N@5.7,8.5,42.0,0.0,48,"Basin City, Franklin County",300116,Basin City,2017-12-16 09:53:32.160521
2015-02-22,17:30,41.4,41.3,14.0,32.4,0.0,N@5.4,7.1,42.1,0.0,14,"Basin City, Franklin County",300116,Basin City,2017-12-16 09:53:32.160521
2015-02-22,17:45,40.4,40.3,14.4,34.2,0.0,N@4.8,7.1,42.2,0.0,4,"Basin City, Franklin County",300116,Basin City,2017-12-16 09:53:32.160521
2015-02-22,18:00,39.7,39.5,14.1,34.8,0.0,N@4.1,5.3,42.3,0.0,0,"Basin City, Franklin County",300116,Basin City,2017-12-16 09:53:32.160521
2015-02-22,18:15,39.5,39.3,13.6,34.2,0.0,N@4.3,5.7,42.4,0.0,0,"Basin City, Franklin County",300116,Basin City,2017-12-16 09:53:32.160521
2015-02-22,18:30,39.2,39.0,13.1,34.0,0.0,N@4.0,5.7,42.5,0.0,0,"Basin City, Franklin County",300116,Basin City,2017-12-16 09:53:32.160521
2015-02-22,18:45,37.5,37.2,14.2,37.9,0.0,N@3.8,4.9,42.5,0.0,0,"Basin City, Franklin County",300116,Basin City,2017-12-16 09:53:32.160521
2015-02-22,19:00,36.4,36.1,14.4,40.1,0.0,NW@3.5,4.6,42.6,0.0,0,"Basin City, Franklin County",300116,Basin City,2017-12-16 09:53:32.160521
2015-02-22,19:15,36.0,35.8,14.4,40.7,0.0,NW@4.3,5.7,42.6,0.0,0,"Basin City, Franklin County",300116,Basin City,2017-12-16 09:53:32.160521
2015-02-22,19:30,33.9,33.4,15.4,46.1,0.0,NW@4.1,5.3,42.6,0.0,0,"Basin City, Franklin County",300116,Basin City,2017-12-16 09:53:32.160521
2015-02-22,19:45,31.6,31.4,16.1,52.6,0.0,NW@4.3,5.3,42.6,0.0,0,"Basin City, Franklin County",300116,Basin City,2017-12-16 09:53:32.160521
2015-02-22,20:00,31.7,31.5,15.6,51.3,0.0,W@4.8,5.7,42.6,0.0,0,"Basin City, Franklin County",300116,Basin City,2017-12-16 09:53:32.160521
2015-02-22,20:15,32.7,32.6,15.2,48.0,0.0,NW@4.1,4.9,42.6,0.0,0,"Basin City, Franklin County",300116,Basin City,2017-12-16 09:53:32.160521
2015-02-22,20:30,32.4,32.1,15.2,48.5,0.0,NW@4.5,5.3,42.6,0.0,0,"Basin City, Franklin County",300116,Basin City,2017-12-16 09:53:32.160521
2015-02-22,20:45,32.4,32.4,15.0,48.1,0.0,NW@4.6,5.7,42.6,0.0,0,"Basin City, Franklin County",300116,Basin City,2017-12-16 09:53:32.160521
2015-02-22,21:00,33.0,32.9,15.1,47.2,0.0,NW@5.0,6.4,42.6,0.0,0,"Basin City, Franklin County",300116,Basin City,2017-12-16 09:53:32.160521
2015-02-22,21:15,32.0,31.8,15.3,49.6,0.0,NW@5.0,6.4,42.5,0.0,0,"Basin City, Franklin County",300116,Basin City,2017-12-16 09:53:32.160521
2015-02-22,21:30,32.1,32.0,15.6,50.2,0.0,NW@5.6,7.4,42.5,0.0,0,"Basin City, Franklin County",300116,Basin City,2017-12-16 09:53:32.160521
2015-02-22,21:45,32.9,32.8,15.1,47.5,0.0,NW@5.7,7.1,42.5,0.0,0,"Basin City, Franklin County",300116,Basin City,2017-12-16 09:53:32.160521
2015-02-22,22:00,33.1,32.9,15.0,47.0,0.0,NW@5.3,6.7,42.4,0.0,0,"Basin City, Franklin County",300116,Basin City,2017-12-16 09:53:32.160521
2015-02-22,22:15,33.5,33.4,14.9,45.9,0.0,NW@5.3,7.1,42.3,0.0,0,"Basin City, Franklin County",300116,Basin City,2017-12-16 09:53:32.160521
2015-02-22,22:30,33.6,33.4,15.1,46.2,0.0,NW@5.8,8.2,42.3,0.0,0,"Basin City, Franklin County",300116,Basin City,2017-12-16 09:53:32.160521
2015-02-22,22:45,32.8,32.6,16.2,49.9,0.0,NW@5.5,7.8,42.2,0.0,0,"Basin City, Franklin County",300116,Basin City,2017-12-16 09:53:32.160521
2015-02-22,23:00,32.6,32.4,16.3,50.6,0.0,NW@5.6,7.8,42.2,0.0,0,"Basin City, Franklin County",300116,Basin City,2017-12-16 09:53:32.160521
2015-02-22,23:15,32.7,32.5,16.5,50.9,0.0,N@4.5,6.0,42.1,0.0,0,"Basin City, Franklin County",300116,Basin City,2017-12-16 09:53:32.160521
2015-02-22,23:30,33.0,32.7,16.4,50.0,0.0,N@3.7,7.1,42.0,0.0,0,"Basin City, Franklin County",300116,Basin City,2017-12-16 09:53:32.160521
2015-02-22,23:45,33.1,32.8,16.1,49.1,0.0,N@5.9,8.5,42.0,0.0,0,"Basin City, Franklin County",300116,Basin City,2017-12-16 09:53:32.160521
2015-02-22,24:00,32.8,32.7,17.1,51.9,0.0,N@5.9,8.9,41.9,0.0,0,"Basin City, Franklin County",300116,Basin City,2017-12-16 09:53:32.160521
2015-02-23,00:15,33.1,32.8,16.9,50.8,0.0,N@4.8,8.5,41.8,0.0,0,"Basin City, Franklin County",300116,Basin City,2017-12-16 09:53:32.160521
2015-02-23,00:30,32.1,31.8,16.8,52.9,0.0,N@6.5,9.6,41.7,0.0,0,"Basin City, Franklin County",300116,Basin City,2017-12-16 09:53:32.160521
2015-02-23,00:45,31.6,31.3,16.5,53.4,0.0,NW@6.2,9.6,41.7,0.0,0,"Basin City, Franklin County",300116,Basin City,2017-12-16 09:53:32.160521
2015-02-23,01:00,31.1,30.9,17.7,57.7,0.0,N@6.1,9.2,41.6,0.0,0,"Basin City, Franklin County",300116,Basin City,2017-12-16 09:53:32.160521
2015-02-23,01:15,30.9,30.6,17.2,57.0,0.0,N@5.4,7.4,41.5,0.0,0,"Basin City, Franklin County",300116,Basin City,2017-12-16 09:53:32.160521
2015-02-23,01:30,30.5,30.1,17.1,57.9,0.0,N@5.4,7.8,41.5,0.0,0,"Basin City, Franklin County",300116,Basin City,2017-12-16 09:53:32.160521
2015-02-23,01:45,30.4,30.1,17.6,59.5,0.0,N@6.1,9.2,41.4,0.0,0,"Basin City, Franklin County",300116,Basin City,2017-12-16 09:53:32.160521
2015-02-23,02:00,30.8,30.5,17.8,58.8,0.0,N@5.3,7.8,41.3,0.0,0,"Basin City, Franklin County",300116,Basin City,2017-12-16 09:53:32.160521
2015-02-23,02:15,30.7,30.4,17.5,58.4,0.0,N@3.6,6.0,41.3,0.0,0,"Basin City, Franklin County",300116,Basin City,2017-12-16 09:53:32.160521
2015-02-23,02:30,30.3,29.9,16.9,57.8,0.0,E@1.2,3.1,41.2,0.0,0,"Basin City, Franklin County",300116,Basin City,2017-12-16 09:53:32.160521
2015-02-23,02:45,28.8,28.3,17.3,62.9,0.0,S@3.2,3.9,41.1,0.0,0,"Basin City, Franklin County",300116,Basin City,2017-12-16 09:53:32.160521
2015-02-23,03:00,27.7,27.2,18.3,69.5,0.0,SE@1.7,3.1,41.1,0.0,0,"Basin City, Franklin County",300116,Basin City,2017-12-16 09:53:32.160521
2015-02-23,03:15,27.2,26.7,18.3,71.0,0.0,NE@1.5,2.8,41.0,0.0,0,"Basin City, Franklin County",300116,Basin City,2017-12-16 09:53:32.160521
2015-02-23,03:30,26.6,26.0,18.3,73.2,0.0,NW@1.5,2.4,40.9,0.0,0,"Basin City, Franklin County",300116,Basin City,2017-12-16 09:53:32.160521
2015-02-23,03:45,27.1,26.8,17.8,69.8,0.0,N@1.4,3.1,40.9,0.0,0,"Basin City, Franklin County",300116,Basin City,2017-12-16 09:53:32.160521
2015-02-23,04:00,27.0,26.7,17.9,70.5,0.0,NW@4.3,6.4,40.8,0.0,0,"Basin City, Franklin County",300116,Basin City,2017-12-16 09:53:32.160521
2015-02-23,04:15,26.6,26.4,16.5,67.5,0.0,W@5.9,7.4,40.8,0.0,0,"Basin City, Franklin County",300116,Basin City,2017-12-16 09:53:32.160521
2015-02-23,04:30,28.4,28.3,15.8,60.1,0.0,NW@6.2,7.8,40.7,0.0,0,"Basin City, Franklin County",300116,Basin City,2017-12-16 09:53:32.160521
2015-02-23,04:45,28.0,27.7,15.5,60.5,0.0,NW@5.5,7.1,40.7,0.0,0,"Basin City, Franklin County",300116,Basin City,2017-12-16 09:53:32.160521
2015-02-23,05:00,28.2,28.1,16.4,62.5,0.0,NW@6.0,9.2,40.6,0.0,0,"Basin City, Franklin County",300116,Basin City,2017-12-16 09:53:32.160521
2015-02-23,05:15,29.6,29.2,15.7,56.8,0.0,N@3.5,7.8,40.5,0.0,0,"Basin City, Franklin County",300116,Basin City,2017-12-16 09:53:32.160521
2015-02-23,05:30,28.7,28.3,15.5,58.7,0.0,NE@2.8,6.0,40.5,0.0,0,"Basin City, Franklin County",300116,Basin City,2017-12-16 09:53:32.160521
2015-02-23,05:45,29.6,29.4,16.4,58.4,0.0,N@5.4,8.5,40.4,0.0,0,"Basin City, Franklin County",300116,Basin City,2017-12-16 09:53:32.160521
2015-02-23,06:00,29.2,28.7,17.5,62.6,0.0,N@3.9,6.7,40.4,0.0,0,"Basin City, Franklin County",300116,Basin City,2017-12-16 09:53:32.160521
2015-02-23,06:15,27.3,26.7,19.2,73.5,0.0,N@2.4,4.2,40.3,0.0,0,"Basin City, Franklin County",300116,Basin City,2017-12-16 09:53:32.160521
2015-02-23,06:30,26.5,26.1,20.2,79.9,0.0,N@4.0,7.4,40.2,0.0,0,"Basin City, Franklin County",300116,Basin City,2017-12-16 09:53:32.160521
2015-02-23,06:45,26.9,26.6,20.5,79.2,0.0,NE@4.3,7.4,40.2,0.0,2,"Basin City, Franklin County",300116,Basin City,2017-12-16 09:53:32.160521
2015-02-23,07:00,26.1,25.7,19.9,80.3,0.0,NE@4.3,7.8,40.1,0.0,16,"Basin City, Franklin County",300116,Basin City,2017-12-16 09:53:32.160521
2015-02-23,07:15,26.8,26.4,20.1,78.4,0.0,N@5.9,8.9,40.1,0.0,42,"Basin City, Franklin County",300116,Basin City,2017-12-16 09:53:32.160521
2015-02-23,07:30,28.2,28.0,20.4,74.0,0.0,N@5.1,7.8,40.0,0.0,73,"Basin City, Franklin County",300116,Basin City,2017-12-16 09:53:32.160521
2015-02-23,07:45,29.1,28.9,20.9,72.6,0.0,NW@5.0,8.2,40.0,0.0,109,"Basin City, Franklin County",300116,Basin City,2017-12-16 09:53:32.160521
2015-02-23,08:00,30.3,30.2,22.1,72.2,0.0,N@4.7,7.1,39.9,0.0,146,"Basin City, Franklin County",300116,Basin City,2017-12-16 09:53:32.160521
2015-02-23,08:15,31.3,31.1,21.9,68.4,0.0,NW@5.2,7.4,39.9,0.0,184,"Basin City, Franklin County",300116,Basin City,2017-12-16 09:53:32.160521
2015-02-23,08:30,32.1,31.9,22.3,66.9,0.0,N@5.2,7.4,39.8,0.0,221,"Basin City, Franklin County",300116,Basin City,2017-12-16 09:53:32.160521
2015-02-23,08:45,33.1,32.6,22.9,65.7,0.0,NE@4.8,6.0,39.8,0.0,260,"Basin City, Franklin County",300116,Basin City,2017-12-16 09:53:32.160521
2015-02-23,09:00,34.0,33.5,22.1,61.4,0.0,NE@4.0,6.4,39.7,0.0,298,"Basin City, Franklin County",300116,Basin City,2017-12-16 09:53:32.160521
2015-02-23,09:15,34.8,34.2,21.4,57.6,0.0,N@4.4,6.7,39.7,0.0,333,"Basin City, Franklin County",300116,Basin City,2017-12-16 09:53:32.160521
2015-02-23,09:30,35.1,34.5,21.7,57.9,0.0,NE@4.6,7.4,39.6,0.0,367,"Basin City, Franklin County",300116,Basin City,2017-12-16 09:53:32.160521
2015-02-23,09:45,35.6,35.0,22.3,58.0,0.0,NE@4.7,7.1,39.6,0.0,399,"Basin City, Franklin County",300116,Basin City,2017-12-16 09:53:32.160521
2015-02-23,10:00,36.4,35.9,21.9,55.4,0.0,NE@4.0,6.7,39.6,0.0,429,"Basin City, Franklin County",300116,Basin City,2017-12-16 09:53:32.160521
2015-02-23,10:15,38.0,37.7,21.7,51.4,0.0,NE@3.0,6.0,39.5,0.0,456,"Basin City, Franklin County",300116,Basin City,2017-12-16 09:53:32.160521
2015-02-23,10:30,38.6,38.4,21.2,49.2,0.0,SE@3.2,6.0,39.5,0.0,480,"Basin City, Franklin County",300116,Basin City,2017-12-16 09:53:32.160521
2015-02-23,10:45,39.7,39.4,21.6,48.0,0.0,S@3.0,5.3,39.4,0.0,499,"Basin City, Franklin County",300116,Basin City,2017-12-16 09:53:32.160521
2015-02-23,11:00,40.0,39.9,21.5,47.3,0.0,SE@3.8,6.4,39.4,0.0,516,"Basin City, Franklin County",300116,Basin City,2017-12-16 09:53:32.160521
2015-02-23,11:15,40.5,40.3,21.1,45.6,0.0,E@3.5,6.4,39.3,0.0,531,"Basin City, Franklin County",300116,Basin City,2017-12-16 09:53:32.160521
2015-02-23,11:30,40.9,40.7,21.3,45.1,0.0,N@3.2,6.0,39.3,0.0,543,"Basin City, Franklin County",300116,Basin City,2017-12-16 09:53:32.160521
2015-02-23,11:45,42.0,42.1,21.5,43.6,0.0,NW@2.6,4.9,39.3,0.0,553,"Basin City, Franklin County",300116,Basin City,2017-12-16 09:53:32.160521
2015-02-23,12:00,42.5,42.3,21.7,43.2,0.0,NE@3.5,6.4,39.2,0.0,559,"Basin City, Franklin County",300116,Basin City,2017-12-16 09:53:32.160521
2015-02-23,12:15,43.6,43.5,22.4,42.7,0.0,NE@3.7,7.1,39.2,0.0,562,"Basin City, Franklin County",300116,Basin City,2017-12-16 09:53:32.160521
2015-02-23,12:30,44.3,44.3,22.8,42.3,0.0,N@3.2,6.4,39.2,0.0,562,"Basin City, Franklin County",300116,Basin City,2017-12-16 09:53:32.160521
2015-02-23,12:45,44.8,44.7,22.2,40.4,0.0,NE@3.3,7.4,39.2,0.0,559,"Basin City, Franklin County",300116,Basin City,2017-12-16 09:53:32.160521
2015-02-23,13:00,45.0,44.9,20.9,37.9,0.0,E@4.3,6.7,39.2,0.0,551,"Basin City, Franklin County",300116,Basin City,2017-12-16 09:53:32.160521
2015-02-23,13:15,45.5,45.1,20.7,36.9,0.0,NE@4.0,7.1,39.2,0.0,539,"Basin City, Franklin County",300116,Basin City,2017-12-16 09:53:32.160521
2015-02-23,13:30,45.7,45.6,20.8,36.9,0.0,E@4.0,7.4,39.2,0.0,528,"Basin City, Franklin County",300116,Basin City,2017-12-16 09:53:32.160521
2015-02-23,13:45,46.7,46.8,21.6,36.7,0.0,N@3.3,6.4,39.3,0.0,512,"Basin City, Franklin County",300116,Basin City,2017-12-16 09:53:32.160521
2015-02-23,14:00,47.3,47.2,20.9,34.8,0.0,N@3.3,7.4,39.4,0.0,490,"Basin City, Franklin County",300116,Basin City,2017-12-16 09:53:32.160521
2015-02-23,14:15,47.6,47.7,21.6,35.4,0.0,NE@3.4,6.0,39.5,0.0,467,"Basin City, Franklin County",300116,Basin City,2017-12-16 09:53:32.160521
2015-02-23,14:30,48.0,47.8,18.6,30.7,0.0,NE@3.6,6.4,39.6,0.0,433,"Basin City, Franklin County",300116,Basin City,2017-12-16 09:53:32.160521
2015-02-23,14:45,48.1,47.9,19.1,31.3,0.0,NE@3.8,9.2,39.7,0.0,405,"Basin City, Franklin County",300116,Basin City,2017-12-16 09:53:32.160521
2015-02-23,15:00,48.9,49.0,20.0,31.5,0.0,S@2.6,5.7,39.8,0.0,384,"Basin City, Franklin County",300116,Basin City,2017-12-16 09:53:32.160521
2015-02-23,15:15,48.7,48.7,17.6,28.6,0.0,SE@3.9,8.2,39.9,0.0,349,"Basin City, Franklin County",300116,Basin City,2017-12-16 09:53:32.160521
2015-02-23,15:30,48.8,48.9,17.0,27.9,0.0,S@3.1,5.3,40.1,0.0,308,"Basin City, Franklin County",300116,Basin City,2017-12-16 09:53:32.160521
2015-02-23,15:45,48.7,48.7,16.5,27.3,0.0,SE@3.2,5.3,40.2,0.0,277,"Basin City, Franklin County",300116,Basin City,2017-12-16 09:53:32.160521
2015-02-23,16:00,48.8,48.9,16.5,27.2,0.0,SE@2.2,4.2,40.4,0.0,233,"Basin City, Franklin County",300116,Basin City,2017-12-16 09:53:32.160521
2015-02-23,16:15,48.6,48.5,17.0,28.0,0.0,SE@3.2,5.7,40.6,0.0,196,"Basin City, Franklin County",300116,Basin City,2017-12-16 09:53:32.160521
2015-02-23,16:30,48.1,48.1,17.5,29.2,0.0,SE@3.5,5.7,40.7,0.0,155,"Basin City, Franklin County",300116,Basin City,2017-12-16 09:53:32.160521
2015-02-23,16:45,47.8,47.8,18.3,30.5,0.0,S@2.9,4.2,40.9,0.0,124,"Basin City, Franklin County",300116,Basin City,2017-12-16 09:53:32.160521
2015-02-23,17:00,47.1,47.1,19.0,32.4,0.0,S@3.3,4.2,41.0,0.0,85,"Basin City, Franklin County",300116,Basin City,2017-12-16 09:53:32.160521
2015-02-23,17:15,46.5,46.6,18.0,31.7,0.0,S@2.7,3.5,41.2,0.0,46,"Basin City, Franklin County",300116,Basin City,2017-12-16 09:53:32.160521
2015-02-23,17:30,45.6,45.6,17.4,32.0,0.0,S@3.1,3.9,41.4,0.0,16,"Basin City, Franklin County",300116,Basin City,2017-12-16 09:53:32.160521
2015-02-23,17:45,44.4,44.3,17.3,33.4,0.0,S@3.4,4.2,41.5,0.0,5,"Basin City, Franklin County",300116,Basin City,2017-12-16 09:53:32.160521
2015-02-23,18:00,43.3,43.3,18.2,36.1,0.0,SW@3.7,4.9,41.6,0.0,1,"Basin City, Franklin County",300116,Basin City,2017-12-16 09:53:32.160521
2015-02-23,18:15,41.2,41.1,21.2,44.5,0.0,SW@4.2,5.3,41.8,0.0,0,"Basin City, Franklin County",300116,Basin City,2017-12-16 09:53:32.160521
2015-02-23,18:30,40.3,40.3,22.1,47.9,0.0,SW@4.4,6.0,41.9,0.0,0,"Basin City, Franklin County",300116,Basin City,2017-12-16 09:53:32.160521
2015-02-23,18:45,39.9,39.8,21.6,47.6,0.0,SW@4.1,5.7,42.0,0.0,0,"Basin City, Franklin County",300116,Basin City,2017-12-16 09:53:32.160521
2015-02-23,19:00,39.6,39.6,21.0,46.9,0.0,SW@4.2,5.7,42.1,0.0,0,"Basin City, Franklin County",300116,Basin City,2017-12-16 09:53:32.160521
2015-02-23,19:15,39.0,38.9,20.7,47.3,0.0,SW@4.1,5.7,42.1,0.0,0,"Basin City, Franklin County",300116,Basin City,2017-12-16 09:53:32.160521
2015-02-23,19:30,38.6,38.6,20.1,46.9,0.0,SW@4.0,5.3,42.2,0.0,0,"Basin City, Franklin County",300116,Basin City,2017-12-16 09:53:32.160521
2015-02-23,19:45,38.5,38.5,19.7,46.3,0.0,SW@3.1,3.9,42.3,0.0,0,"Basin City, Franklin County",300116,Basin City,2017-12-16 09:53:32.160521
2015-02-23,20:00,38.4,38.3,19.3,45.8,0.0,SW@3.1,4.2,42.3,0.0,0,"Basin City, Franklin County",300116,Basin City,2017-12-16 09:53:32.160521
2015-02-23,20:15,38.3,38.3,18.9,45.1,0.0,SW@2.3,3.9,42.3,0.0,0,"Basin City, Franklin County",300116,Basin City,2017-12-16 09:53:32.160521
2015-02-23,20:30,38.2,38.1,19.6,46.6,0.0,SE@1.4,2.1,42.3,0.0,0,"Basin City, Franklin County",300116,Basin City,2017-12-16 09:53:32.160521
2015-02-23,20:45,37.9,37.6,19.9,47.9,0.0,S@1.5,2.8,42.4,0.0,0,"Basin City, Franklin County",300116,Basin City,2017-12-16 09:53:32.160521
2015-02-23,21:00,37.0,36.7,19.6,48.9,0.0,S@0.5,2.4,42.3,0.0,0,"Basin City, Franklin County",300116,Basin City,2017-12-16 09:53:32.160521
2015-02-23,21:15,36.0,35.7,20.0,51.7,0.0,NE@0.9,2.1,42.3,0.0,0,"Basin City, Franklin County",300116,Basin City,2017-12-16 09:53:32.160521
2015-02-23,21:30,35.7,35.7,20.3,53.1,0.0,NE@2.3,3.1,42.3,0.0,0,"Basin City, Franklin County",300116,Basin City,2017-12-16 09:53:32.160521
2015-02-23,21:45,36.0,35.8,19.8,51.4,0.0,E@2.9,3.5,42.3,0.0,0,"Basin City, Franklin County",300116,Basin City,2017-12-16 09:53:32.160521
2015-02-23,22:00,35.2,35.1,19.6,52.5,0.0,E@3.0,3.9,42.3,0.0,0,"Basin City, Franklin County",300116,Basin City,2017-12-16 09:53:32.160521
2015-02-23,22:15,34.9,34.6,19.7,53.3,0.0,E@1.0,2.8,42.3,0.0,0,"Basin City, Franklin County",300116,Basin City,2017-12-16 09:53:32.160521
2015-02-23,22:30,34.6,34.5,19.5,53.6,0.0,SE@2.1,3.5,42.2,0.0,0,"Basin City, Franklin County",300116,Basin City,2017-12-16 09:53:32.160521
2015-02-23,22:45,34.7,34.5,19.8,54.1,0.0,E@3.8,4.9,42.2,0.0,0,"Basin City, Franklin County",300116,Basin City,2017-12-16 09:53:32.160521
2015-02-23,23:00,34.1,33.9,20.4,56.8,0.0,E@3.2,4.2,42.1,0.0,0,"Basin City, Franklin County",300116,Basin City,2017-12-16 09:53:32.160521
2015-02-23,23:15,34.0,33.8,20.7,57.8,0.0,E@2.8,3.5,42.1,0.0,0,"Basin City, Franklin County",300116,Basin City,2017-12-16 09:53:32.160521
2015-02-23,23:30,33.9,33.7,20.8,58.4,0.0,E@3.0,3.9,42.0,0.0,0,"Basin City, Franklin County",300116,Basin City,2017-12-16 09:53:32.160521
2015-02-23,23:45,33.3,33.0,20.9,60.1,0.0,E@3.6,4.2,42.0,0.0,0,"Basin City, Franklin County",300116,Basin City,2017-12-16 09:53:32.160521
2015-02-23,24:00,32.8,32.6,21.4,62.4,0.0,SE@3.7,4.6,41.9,0.0,0,"Basin City, Franklin County",300116,Basin City,2017-12-16 09:53:32.160521
2015-02-24,00:15,32.7,32.5,21.9,64.0,0.0,E@2.6,3.9,41.9,0.0,0,"Basin City, Franklin County",300116,Basin City,2017-12-16 09:53:32.160521
2015-02-24,00:30,32.5,32.4,21.8,64.1,0.0,E@2.4,3.1,41.8,0.0,0,"Basin City, Franklin County",300116,Basin City,2017-12-16 09:53:32.160521
2015-02-24,00:45,32.6,32.3,21.7,63.9,0.0,NE@1.8,2.4,41.7,0.0,0,"Basin City, Franklin County",300116,Basin City,2017-12-16 09:53:32.160521
2015-02-24,01:00,32.1,31.9,21.6,64.8,0.0,NE@1.9,2.8,41.7,0.0,0,"Basin City, Franklin County",300116,Basin City,2017-12-16 09:53:32.160521
2015-02-24,01:15,33.1,32.9,21.2,61.3,0.0,E@2.6,3.9,41.6,0.0,0,"Basin City, Franklin County",300116,Basin City,2017-12-16 09:53:32.160521
2015-02-24,01:30,33.3,33.1,21.5,61.5,0.0,SE@3.7,4.2,41.5,0.0,0,"Basin City, Franklin County",300116,Basin City,2017-12-16 09:53:32.160521
2015-02-24,01:45,32.6,32.2,21.7,63.9,0.0,SE@4.0,4.9,41.5,0.0,0,"Basin City, Franklin County",300116,Basin City,2017-12-16 09:53:32.160521
2015-02-24,02:00,31.2,30.8,21.8,68.4,0.0,SE@3.6,4.6,41.4,0.0,0,"Basin City, Franklin County",300116,Basin City,2017-12-16 09:53:32.160521
2015-02-24,02:15,30.4,30.1,21.9,71.3,0.0,E@3.5,4.6,41.3,0.0,0,"Basin City, Franklin County",300116,Basin City,2017-12-16 09:53:32.160521
2015-02-24,02:30,30.1,29.8,22.0,72.7,0.0,SE@3.4,4.6,41.2,0.0,0,"Basin City, Franklin County",300116,Basin City,2017-12-16 09:53:32.160521
2015-02-24,02:45,30.5,30.2,22.0,71.5,0.0,SE@3.3,4.2,41.2,0.0,0,"Basin City, Franklin County",300116,Basin City,2017-12-16 09:53:32.160521
2015-02-24,03:00,30.3,29.9,21.8,71.3,0.0,SE@1.7,3.1,41.1,0.0,0,"Basin City, Franklin County",300116,Basin City,2017-12-16 09:53:32.160521
2015-02-24,03:15,30.9,30.7,21.7,69.1,0.0,SE@3.2,4.9,41.0,0.0,0,"Basin City, Franklin County",300116,Basin City,2017-12-16 09:53:32.160521
2015-02-24,03:30,30.7,30.4,21.7,69.6,0.0,E@3.8,4.2,41.0,0.0,0,"Basin City, Franklin County",300116,Basin City,2017-12-16 09:53:32.160521
2015-02-24,03:45,30.2,30.0,21.6,71.1,0.0,E@3.6,4.6,40.9,0.0,0,"Basin City, Franklin County",300116,Basin City,2017-12-16 09:53:32.160521
2015-02-24,04:00,29.8,29.5,21.9,73.3,0.0,E@3.6,4.6,40.9,0.0,0,"Basin City, Franklin County",300116,Basin City,2017-12-16 09:53:32.160521
2015-02-24,04:15,30.0,29.8,21.7,72.4,0.0,E@3.8,4.9,40.8,0.0,0,"Basin City, Franklin County",300116,Basin City,2017-12-16 09:53:32.160521
2015-02-24,04:30,30.5,30.3,21.7,70.6,0.0,E@3.9,5.3,40.7,0.0,0,"Basin City, Franklin County",300116,Basin City,2017-12-16 09:53:32.160521
2015-02-24,04:45,29.9,29.6,21.7,72.2,0.0,E@4.5,6.0,40.7,0.0,0,"Basin City, Franklin County",300116,Basin City,2017-12-16 09:53:32.160521
2015-02-24,05:00,29.6,29.3,21.8,73.8,0.0,E@4.7,5.7,40.6,0.0,0,"Basin City, Franklin County",300116,Basin City,2017-12-16 09:53:32.160521
2015-02-24,05:15,29.2,28.9,21.9,75.6,0.0,SE@5.1,6.4,40.5,0.0,0,"Basin City, Franklin County",300116,Basin City,2017-12-16 09:53:32.160521
2015-02-24,05:30,28.7,28.4,21.9,77.4,0.0,E@4.5,6.4,40.5,0.0,0,"Basin City, Franklin County",300116,Basin City,2017-12-16 09:53:32.160521
2015-02-24,05:45,28.3,28.1,21.8,78.4,0.0,SE@4.5,5.3,40.4,0.0,0,"Basin City, Franklin County",300116,Basin City,2017-12-16 09:53:32.160521
2015-02-24,06:00,28.1,27.8,21.9,79.4,0.0,E@3.6,4.9,40.4,0.0,0,"Basin City, Franklin County",300116,Basin City,2017-12-16 09:53:32.160521
2015-02-24,06:15,28.7,28.5,21.9,77.4,0.0,E@3.6,4.6,40.3,0.0,0,"Basin City, Franklin County",300116,Basin City,2017-12-16 09:53:32.160521
2015-02-24,06:30,29.0,28.7,21.9,76.3,0.0,E@2.8,4.2,40.3,0.0,0,"Basin City, Franklin County",300116,Basin City,2017-12-16 09:53:32.160521
2015-02-24,06:45,29.2,29.0,21.9,75.5,0.0,E@3.5,4.9,40.2,0.0,4,"Basin City, Franklin County",300116,Basin City,2017-12-16 09:53:32.160521
2015-02-24,07:00,29.5,29.3,22.1,74.8,0.0,E@4.4,5.3,40.2,0.0,25,"Basin City, Franklin County",300116,Basin City,2017-12-16 09:53:32.160521
2015-02-24,07:15,30.7,30.4,22.9,73.7,0.0,E@4.8,6.0,40.1,0.0,60,"Basin City, Franklin County",300116,Basin City,2017-12-16 09:53:32.160521
2015-02-24,07:30,31.7,31.4,23.4,71.7,0.0,E@4.9,6.4,40.0,0.0,67,"Basin City, Franklin County",300116,Basin City,2017-12-16 09:53:32.160521
2015-02-24,07:45,32.0,31.9,23.5,70.4,0.0,SE@4.2,5.7,40.0,0.0,100,"Basin City, Franklin County",300116,Basin City,2017-12-16 09:53:32.160521
2015-02-24,08:00,32.7,32.4,23.6,69.1,0.0,E@4.6,5.3,40.0,0.0,140,"Basin City, Franklin County",300116,Basin City,2017-12-16 09:53:32.160521
2015-02-24,08:15,33.1,32.8,23.7,67.9,0.0,SE@3.5,6.0,39.9,0.0,113,"Basin City, Franklin County",300116,Basin City,2017-12-16 09:53:32.160521
2015-02-24,08:30,33.1,32.8,23.9,68.6,0.0,SE@3.2,4.6,39.9,0.0,114,"Basin City, Franklin County",300116,Basin City,2017-12-16 09:53:32.160521
2015-02-24,08:45,33.6,33.4,24.5,68.9,0.0,E@3.3,4.9,39.8,0.0,171,"Basin City, Franklin County",300116,Basin City,2017-12-16 09:53:32.160521
2015-02-24,09:00,35.7,35.6,24.6,63.6,0.0,SE@4.0,6.7,39.7,0.0,284,"Basin City, Franklin County",300116,Basin City,2017-12-16 09:53:32.160521
2015-02-24,09:15,37.1,37.0,25.0,61.1,0.0,SE@4.8,7.8,39.7,0.0,453,"Basin City, Franklin County",300116,Basin City,2017-12-16 09:53:32.160521
2015-02-24,09:30,37.8,37.6,25.2,60.2,0.0,SE@5.2,9.6,39.7,0.0,253,"Basin City, Franklin County",300116,Basin City,2017-12-16 09:53:32.160521
2015-02-24,09:45,38.0,37.9,25.0,58.9,0.0,S@3.8,6.4,39.6,0.0,250,"Basin City, Franklin County",300116,Basin City,2017-12-16 09:53:32.160521
2015-02-24,10:00,39.6,39.5,25.0,55.5,0.0,S@3.1,5.7,39.6,0.0,313,"Basin City, Franklin County",300116,Basin City,2017-12-16 09:53:32.160521
2015-02-24,10:15,41.5,41.5,25.6,53.0,0.0,S@2.9,6.0,39.5,0.0,468,"Basin City, Franklin County",300116,Basin City,2017-12-16 09:53:32.160521
2015-02-24,10:30,42.5,42.3,26.0,51.8,0.0,S@3.9,7.4,39.5,0.0,504,"Basin City, Franklin County",300116,Basin City,2017-12-16 09:53:32.160521
2015-02-24,10:45,43.4,43.3,25.7,49.4,0.0,S@4.5,8.5,39.5,0.0,522,"Basin City, Franklin County",300116,Basin City,2017-12-16 09:53:32.160521
2015-02-24,11:00,44.0,44.0,25.3,47.5,0.0,S@5.8,10.3,39.4,0.0,456,"Basin City, Franklin County",300116,Basin City,2017-12-16 09:53:32.160521
2015-02-24,11:15,44.8,44.7,25.0,45.5,0.0,S@6.4,10.7,39.4,0.0,545,"Basin City, Franklin County",300116,Basin City,2017-12-16 09:53:32.160521
2015-02-24,11:30,45.5,45.6,24.8,43.9,0.0,S@5.8,12.4,39.4,0.0,558,"Basin City, Franklin County",300116,Basin City,2017-12-16 09:53:32.160521
2015-02-24,11:45,45.8,45.7,24.1,42.1,0.0,SE@4.2,7.4,39.3,0.0,576,"Basin City, Franklin County",300116,Basin City,2017-12-16 09:53:32.160521
2015-02-24,12:00,46.1,46.2,24.5,42.4,0.0,SE@5.4,8.9,39.3,0.0,565,"Basin City, Franklin County",300116,Basin City,2017-12-16 09:53:32.160521
2015-02-24,12:15,46.4,46.4,24.7,42.2,0.0,S@4.9,8.2,39.3,0.0,456,"Basin City, Franklin County",300116,Basin City,2017-12-16 09:53:32.160521
2015-02-24,12:30,46.2,46.2,24.9,43.0,0.0,SE@4.4,7.1,39.3,0.0,313,"Basin City, Franklin County",300116,Basin City,2017-12-16 09:53:32.160521
2015-02-24,12:45,46.3,46.3,25.4,43.7,0.0,SE@4.5,7.1,39.4,0.0,265,"Basin City, Franklin County",300116,Basin City,2017-12-16 09:53:32.160521
2015-02-24,13:00,46.4,46.4,25.6,43.8,0.0,SE@4.3,7.4,39.4,0.0,284,"Basin City, Franklin County",300116,Basin City,2017-12-16 09:53:32.160521
2015-02-24,13:15,47.5,47.7,26.3,43.2,0.0,S@3.5,6.4,39.5,0.0,328,"Basin City, Franklin County",300116,Basin City,2017-12-16 09:53:32.160521
2015-02-24,13:30,47.9,47.9,26.1,42.4,0.0,SE@3.6,8.5,39.6,0.0,402,"Basin City, Franklin County",300116,Basin City,2017-12-16 09:53:32.160521
2015-02-24,13:45,48.4,48.5,26.3,41.9,0.0,SE@4.4,7.4,39.7,0.0,494,"Basin City, Franklin County",300116,Basin City,2017-12-16 09:53:32.160521
2015-02-24,14:00,49.2,49.4,26.8,41.4,0.0,S@6.9,10.7,39.8,0.0,410,"Basin City, Franklin County",300116,Basin City,2017-12-16 09:53:32.160521
2015-02-24,14:15,48.9,48.9,26.2,41.0,0.0,S@7.3,9.9,39.9,0.0,271,"Basin City, Franklin County",300116,Basin City,2017-12-16 09:53:32.160521
2015-02-24,14:30,48.8,49.0,25.4,39.7,0.0,S@8.5,11.4,40.0,0.0,271,"Basin City, Franklin County",300116,Basin City,2017-12-16 09:53:32.160521
2015-02-24,14:45,48.8,48.9,25.2,39.5,0.0,S@7.4,11.7,40.1,0.0,147,"Basin City, Franklin County",300116,Basin City,2017-12-16 09:53:32.160521
2015-02-24,15:00,49.0,49.2,26.0,40.5,0.0,SW@5.5,9.2,40.2,0.0,143,"Basin City, Franklin County",300116,Basin City,2017-12-16 09:53:32.160521
2015-02-24,15:15,49.4,49.6,27.3,41.9,0.0,SW@3.8,6.7,40.3,0.0,160,"Basin City, Franklin County",300116,Basin City,2017-12-16 09:53:32.160521
2015-02-24,15:30,49.7,49.8,28.1,42.9,0.0,W@3.7,6.0,40.5,0.0,151,"Basin City, Franklin County",300116,Basin City,2017-12-16 09:53:32.160521
2015-02-24,15:45,50.1,50.3,29.0,44.0,0.0,S@3.6,5.3,40.6,0.0,144,"Basin City, Franklin County",300116,Basin City,2017-12-16 09:53:32.160521
2015-02-24,16:00,50.1,50.2,29.0,43.8,0.0,SW@3.6,5.3,40.7,0.0,109,"Basin City, Franklin County",300116,Basin City,2017-12-16 09:53:32.160521
2015-02-24,16:15,49.9,50.0,29.2,44.5,0.0,S@2.3,5.3,40.8,0.0,91,"Basin City, Franklin County",300116,Basin City,2017-12-16 09:53:32.160521
2015-02-24,16:30,49.9,50.0,28.5,43.3,0.0,SE@2.4,4.2,41.0,0.0,71,"Basin City, Franklin County",300116,Basin City,2017-12-16 09:53:32.160521
2015-02-24,16:45,49.4,49.3,29.2,45.5,0.0,S@1.6,3.5,41.1,0.0,57,"Basin City, Franklin County",300116,Basin City,2017-12-16 09:53:32.160521
2015-02-24,17:00,48.8,48.8,28.9,45.9,0.0,SE@3.0,4.2,41.2,0.0,37,"Basin City, Franklin County",300116,Basin City,2017-12-16 09:53:32.160521
2015-02-24,17:15,47.7,47.6,29.4,48.9,0.0,E@2.3,3.9,41.3,0.0,22,"Basin City, Franklin County",300116,Basin City,2017-12-16 09:53:32.160521
2015-02-24,17:30,46.9,46.9,29.0,49.5,0.0,SE@3.8,5.7,41.4,0.0,14,"Basin City, Franklin County",300116,Basin City,2017-12-16 09:53:32.160521
2015-02-24,17:45,46.6,46.8,28.2,48.5,0.0,S@3.5,5.7,41.5,0.0,3,"Basin City, Franklin County",300116,Basin City,2017-12-16 09:53:32.160521
2015-02-24,18:00,46.0,45.9,27.7,48.6,0.0,SW@2.7,4.2,41.6,0.0,0,"Basin City, Franklin County",300116,Basin City,2017-12-16 09:53:32.160521
2015-02-24,18:15,44.9,45.0,27.2,49.6,0.0,W@3.1,4.6,41.7,0.0,0,"Basin City, Franklin County",300116,Basin City,2017-12-16 09:53:32.160521
2015-02-24,18:30,45.2,45.1,27.3,49.3,0.0,W@2.0,3.9,41.7,0.0,0,"Basin City, Franklin County",300116,Basin City,2017-12-16 09:53:32.160521
2015-02-24,18:45,45.2,45.3,27.0,48.7,0.0,W@3.4,5.3,41.8,0.0,0,"Basin City, Franklin County",300116,Basin City,2017-12-16 09:53:32.160521
2015-02-24,19:00,43.0,43.0,27.1,53.2,0.0,W@3.2,6.4,41.9,0.0,0,"Basin City, Franklin County",300116,Basin City,2017-12-16 09:53:32.160521
2015-02-24,19:15,42.1,41.9,28.0,57.1,0.0,NW@4.0,6.4,41.9,0.0,0,"Basin City, Franklin County",300116,Basin City,2017-12-16 09:53:32.160521
2015-02-24,19:30,40.1,40.0,28.1,61.9,0.0,NW@4.5,6.0,42.0,0.0,0,"Basin City, Franklin County",300116,Basin City,2017-12-16 09:53:32.160521
2015-02-24,19:45,39.0,38.9,28.3,65.0,0.0,NW@3.9,6.4,42.0,0.0,0,"Basin City, Franklin County",300116,Basin City,2017-12-16 09:53:32.160521
2015-02-24,20:00,39.1,39.1,28.3,64.8,0.0,NW@4.2,5.7,42.0,0.0,0,"Basin City, Franklin County",300116,Basin City,2017-12-16 09:53:32.160521
2015-02-24,20:15,38.2,38.0,28.5,67.7,0.0,NW@4.5,7.1,42.0,0.0,0,"Basin City, Franklin County",300116,Basin City,2017-12-16 09:53:32.160521
2015-02-24,20:30,37.4,37.3,28.3,69.3,0.0,NW@4.7,6.0,42.0,0.0,0,"Basin City, Franklin County",300116,Basin City,2017-12-16 09:53:32.160521
2015-02-24,20:45,37.2,37.3,27.9,68.8,0.0,NW@3.9,4.9,42.0,0.0,0,"Basin City, Franklin County",300116,Basin City,2017-12-16 09:53:32.160521
2015-02-24,21:00,37.8,37.8,27.8,67.0,0.0,W@5.0,7.1,42.0,0.0,0,"Basin City, Franklin County",300116,Basin City,2017-12-16 09:53:32.160521
2015-02-24,21:15,39.6,39.7,27.6,61.9,0.0,NW@4.3,6.4,42.0,0.0,0,"Basin City, Franklin County",300116,Basin City,2017-12-16 09:53:32.160521
2015-02-24,21:30,37.8,37.6,27.4,65.9,0.0,W@3.7,6.7,42.0,0.0,0,"Basin City, Franklin County",300116,Basin City,2017-12-16 09:53:32.160521
2015-02-24,21:45,37.9,37.7,27.1,64.6,0.0,NW@3.4,4.2,42.0,0.0,0,"Basin City, Franklin County",300116,Basin City,2017-12-16 09:53:32.160521
2015-02-24,22:00,37.5,37.5,27.0,65.6,0.0,NW@3.8,4.9,42.0,0.0,0,"Basin City, Franklin County",300116,Basin City,2017-12-16 09:53:32.160521
2015-02-24,22:15,37.6,37.3,27.3,66.1,0.0,NW@3.5,6.4,41.9,0.0,0,"Basin City, Franklin County",300116,Basin City,2017-12-16 09:53:32.160521
2015-02-24,22:30,36.7,36.6,27.2,68.2,0.0,W@1.9,3.1,41.9,0.0,0,"Basin City, Franklin County",300116,Basin City,2017-12-16 09:53:32.160521
2015-02-24,22:45,38.0,38.0,27.7,65.9,0.0,W@2.6,4.9,41.9,0.0,0,"Basin City, Franklin County",300116,Basin City,2017-12-16 09:53:32.160521
2015-02-24,23:00,38.2,38.0,28.1,66.7,0.0,W@2.2,4.2,41.8,0.0,0,"Basin City, Franklin County",300116,Basin City,2017-12-16 09:53:32.160521
2015-02-24,23:15,35.6,35.1,27.3,71.2,0.0,E@2.1,3.9,41.8,0.0,0,"Basin City, Franklin County",300116,Basin City,2017-12-16 09:53:32.160521
2015-02-24,23:30,35.1,35.0,27.4,73.3,0.0,SE@1.9,3.5,41.7,0.0,0,"Basin City, Franklin County",300116,Basin City,2017-12-16 09:53:32.160521
2015-02-24,23:45,34.2,33.9,27.5,76.1,0.0,SW@2.1,4.2,41.7,0.0,0,"Basin City, Franklin County",300116,Basin City,2017-12-16 09:53:32.160521
2015-02-24,24:00,34.7,34.8,28.2,77.0,0.0,E@2.1,3.9,41.6,0.0,0,"Basin City, Franklin County",300116,Basin City,2017-12-16 09:53:32.160521
2015-02-25,00:15,35.5,35.3,28.5,75.4,0.0,SW@1.4,3.5,41.6,0.0,0,"Basin City, Franklin County",300116,Basin City,2017-12-16 09:53:32.160521
2015-02-25,00:30,34.8,34.4,28.0,76.2,0.0,S@3.4,5.3,41.6,0.0,0,"Basin City, Franklin County",300116,Basin City,2017-12-16 09:53:32.160521
2015-02-25,00:45,32.4,32.0,27.2,81.1,0.0,SE@4.0,5.3,41.5,0.0,0,"Basin City, Franklin County",300116,Basin City,2017-12-16 09:53:32.160521
2015-02-25,01:00,32.2,32.0,27.6,83.0,0.0,E@3.7,4.6,41.4,0.0,0,"Basin City, Franklin County",300116,Basin City,2017-12-16 09:53:32.160521
2015-02-25,01:15,33.3,33.3,28.1,80.9,0.0,NE@3.9,4.6,41.4,0.0,0,"Basin City, Franklin County",300116,Basin City,2017-12-16 09:53:32.160521
2015-02-25,01:30,34.5,34.5,28.3,77.5,0.0,NE@3.6,4.6,41.3,0.0,0,"Basin City, Franklin County",300116,Basin City,2017-12-16 09:53:32.160521
2015-02-25,01:45,35.1,35.0,28.2,75.7,0.0,NE@3.3,3.9,41.3,0.0,0,"Basin City, Franklin County",300116,Basin City,2017-12-16 09:53:32.160521
2015-02-25,02:00,33.9,33.5,27.8,78.1,0.0,N@3.0,4.6,41.2,0.0,0,"Basin City, Franklin County",300116,Basin City,2017-12-16 09:53:32.160521
2015-02-25,02:15,32.7,32.4,27.7,81.7,0.0,N@2.1,3.5,41.1,0.0,0,"Basin City, Franklin County",300116,Basin City,2017-12-16 09:53:32.160521
2015-02-25,02:30,33.3,33.3,27.9,80.2,0.0,SE@1.4,3.5,41.1,0.0,0,"Basin City, Franklin County",300116,Basin City,2017-12-16 09:53:32.160521
2015-02-25,02:45,33.5,33.3,27.6,78.5,0.0,S@1.3,3.1,41.0,0.0,0,"Basin City, Franklin County",300116,Basin City,2017-12-16 09:53:32.160521
2015-02-25,03:00,32.1,31.8,27.0,81.3,0.0,S@0.7,2.8,40.9,0.0,0,"Basin City, Franklin County",300116,Basin City,2017-12-16 09:53:32.160521
2015-02-25,03:15,31.7,31.3,26.9,82.9,0.0,NW@0.9,2.8,40.9,0.0,0,"Basin City, Franklin County",300116,Basin City,2017-12-16 09:53:32.160521
2015-02-25,03:30,30.1,29.9,26.1,85.9,0.0,S@1.1,2.4,40.8,0.0,0,"Basin City, Franklin County",300116,Basin City,2017-12-16 09:53:32.160521
2015-02-25,03:45,31.4,31.2,26.9,83.6,0.0,NW@0.7,3.1,40.8,0.0,0,"Basin City, Franklin County",300116,Basin City,2017-12-16 09:53:32.160521
2015-02-25,04:00,31.1,31.0,26.6,83.9,0.0,SE@1.0,2.1,40.7,0.0,0,"Basin City, Franklin County",300116,Basin City,2017-12-16 09:53:32.160521
2015-02-25,04:15,31.9,31.8,27.4,83.7,0.0,NE@0.1,1.7,40.6,0.0,0,"Basin City, Franklin County",300116,Basin City,2017-12-16 09:53:32.160521
2015-02-25,04:30,31.5,31.1,27.0,83.7,0.0,W@0.3,2.1,40.6,0.0,0,"Basin City, Franklin County",300116,Basin City,2017-12-16 09:53:32.160521
2015-02-25,04:45,30.0,29.5,25.9,86.1,0.01,W@1.8,2.8,40.5,0.0,0,"Basin City, Franklin County",300116,Basin City,2017-12-16 09:53:32.160521
2015-02-25,05:00,28.8,28.4,25.2,88.4,0.05,NW@2.6,3.5,40.5,0.0,0,"Basin City, Franklin County",300116,Basin City,2017-12-16 09:53:32.160521
2015-02-25,05:15,28.9,28.9,25.6,89.2,0.06,NW@3.0,3.5,40.4,0.0,0,"Basin City, Franklin County",300116,Basin City,2017-12-16 09:53:32.160521
2015-02-25,05:30,29.2,29.0,25.9,89.1,0.06,NW@2.5,3.1,40.4,0.0,0,"Basin City, Franklin County",300116,Basin City,2017-12-16 09:53:32.160521
2015-02-25,05:45,29.6,29.4,26.3,89.0,0.07,NW@2.7,3.5,40.3,0.0,0,"Basin City, Franklin County",300116,Basin City,2017-12-16 09:53:32.160521
2015-02-25,06:00,29.8,29.5,26.3,88.3,0.07,NW@3.0,3.9,40.3,0.0,0,"Basin City, Franklin County",300116,Basin City,2017-12-16 09:53:32.160521
2015-02-25,06:15,29.3,29.1,26.1,89.2,0.08,NW@1.9,3.5,40.2,0.0,0,"Basin City, Franklin County",300116,Basin City,2017-12-16 09:53:32.160521
2015-02-25,06:30,30.5,30.5,27.0,87.8,0.09,N@2.1,2.8,40.1,0.0,0,"Basin City, Franklin County",300116,Basin City,2017-12-16 09:53:32.160521
2015-02-25,06:45,31.2,31.2,27.4,86.4,0.1,NE@2.9,4.6,40.1,0.0,5,"Basin City, Franklin County",300116,Basin City,2017-12-16 09:53:32.160521
2015-02-25,07:00,31.9,31.8,27.7,84.6,0.09,N@2.8,4.2,40.0,0.0,20,"Basin City, Franklin County",300116,Basin City,2017-12-16 09:53:32.160521
2015-02-25,07:15,32.0,31.8,27.8,84.1,0.08,N@2.4,3.9,40.0,0.0,49,"Basin City, Franklin County",300116,Basin City,2017-12-16 09:53:32.160521
2015-02-25,07:30,33.3,33.0,28.5,82.6,0.08,NE@2.9,4.6,39.9,0.0,81,"Basin City, Franklin County",300116,Basin City,2017-12-16 09:53:32.160521
2015-02-25,07:45,34.7,34.4,29.4,80.5,0.08,E@2.5,3.9,39.9,0.0,115,"Basin City, Franklin County",300116,Basin City,2017-12-16 09:53:32.160521
2015-02-25,08:00,35.0,34.7,29.1,78.9,0.07,SE@3.3,4.9,39.8,0.0,129,"Basin City, Franklin County",300116,Basin City,2017-12-16 09:53:32.160521
2015-02-25,08:15,35.3,35.0,29.0,77.6,0.06,E@3.5,5.3,39.8,0.0,190,"Basin City, Franklin County",300116,Basin City,2017-12-16 09:53:32.160521
2015-02-25,08:30,36.2,35.9,29.6,76.7,0.06,E@3.8,4.9,39.7,0.0,252,"Basin City, Franklin County",300116,Basin City,2017-12-16 09:53:32.160521
2015-02-25,08:45,37.2,37.0,30.5,76.4,0.02,E@4.2,5.7,39.7,0.0,274,"Basin City, Franklin County",300116,Basin City,2017-12-16 09:53:32.160521
2015-02-25,09:00,38.3,38.1,31.4,75.9,0.0,SE@4.6,6.0,39.6,0.0,306,"Basin City, Franklin County",300116,Basin City,2017-12-16 09:53:32.160521
2015-02-25,09:15,39.8,39.8,32.3,74.3,0.0,SE@3.4,4.9,39.6,0.0,351,"Basin City, Franklin County",300116,Basin City,2017-12-16 09:53:32.160521
2015-02-25,09:30,41.1,41.0,32.6,71.5,0.0,SE@4.8,6.4,39.5,0.0,336,"Basin City, Franklin County",300116,Basin City,2017-12-16 09:53:32.160521
2015-02-25,09:45,42.1,42.1,32.7,69.2,0.0,SE@3.7,6.7,39.5,0.0,391,"Basin City, Franklin County",300116,Basin City,2017-12-16 09:53:32.160521
2015-02-25,10:00,43.5,43.5,33.8,68.3,0.0,SE@4.2,6.7,39.4,0.0,393,"Basin City, Franklin County",300116,Basin City,2017-12-16 09:53:32.160521
2015-02-25,10:15,45.1,45.2,34.5,66.2,0.0,SE@4.8,7.1,39.4,0.0,453,"Basin City, Franklin County",300116,Basin City,2017-12-16 09:53:32.160521
2015-02-25,10:30,46.0,46.1,34.9,64.8,0.0,SE@4.9,7.4,39.3,0.0,437,"Basin City, Franklin County",300116,Basin City,2017-12-16 09:53:32.160521
2015-02-25,10:45,47.2,47.2,35.4,63.5,0.0,SE@5.4,8.2,39.3,0.0,460,"Basin City, Franklin County",300116,Basin City,2017-12-16 09:53:32.160521
2015-02-25,11:00,48.1,48.2,35.5,61.6,0.0,SE@5.5,8.5,39.3,0.0,507,"Basin City, Franklin County",300116,Basin City,2017-12-16 09:53:32.160521
2015-02-25,11:15,48.9,48.9,35.1,58.9,0.0,SE@5.4,8.2,39.2,0.0,463,"Basin City, Franklin County",300116,Basin City,2017-12-16 09:53:32.160521
2015-02-25,11:30,49.5,49.7,35.0,57.3,0.0,SE@5.3,8.9,39.2,0.0,488,"Basin City, Franklin County",300116,Basin City,2017-12-16 09:53:32.160521
2015-02-25,11:45,49.9,50.0,34.6,55.3,0.0,SE@5.5,8.5,39.2,0.0,547,"Basin City, Franklin County",300116,Basin City,2017-12-16 09:53:32.160521
2015-02-25,12:00,50.9,51.0,34.5,53.3,0.0,SE@4.5,8.5,39.2,0.0,563,"Basin City, Franklin County",300116,Basin City,2017-12-16 09:53:32.160521
2015-02-25,12:15,51.4,51.5,33.6,50.4,0.0,SE@4.3,8.5,39.3,0.0,582,"Basin City, Franklin County",300116,Basin City,2017-12-16 09:53:32.160521
2015-02-25,12:30,51.7,51.7,32.2,47.2,0.0,E@3.5,7.4,39.3,0.0,480,"Basin City, Franklin County",300116,Basin City,2017-12-16 09:53:32.160521
2015-02-25,12:45,52.0,52.1,32.6,47.3,0.0,SE@3.6,7.4,39.4,0.0,437,"Basin City, Franklin County",300116,Basin City,2017-12-16 09:53:32.160521
2015-02-25,13:00,52.7,52.9,31.1,43.4,0.0,S@3.3,8.5,39.4,0.0,398,"Basin City, Franklin County",300116,Basin City,2017-12-16 09:53:32.160521
2015-02-25,13:15,52.5,52.7,31.0,43.6,0.0,SW@4.3,7.4,39.5,0.0,353,"Basin City, Franklin County",300116,Basin City,2017-12-16 09:53:32.160521
2015-02-25,13:30,53.0,53.1,31.7,44.0,0.0,SW@3.4,7.1,39.6,0.0,326,"Basin City, Franklin County",300116,Basin City,2017-12-16 09:53:32.160521
2015-02-25,13:45,53.0,53.1,30.9,42.5,0.0,SW@4.7,8.5,39.7,0.0,357,"Basin City, Franklin County",300116,Basin City,2017-12-16 09:53:32.160521
2015-02-25,14:00,53.2,53.3,30.7,42.1,0.0,S@5.5,9.2,39.8,0.0,367,"Basin City, Franklin County",300116,Basin City,2017-12-16 09:53:32.160521
2015-02-25,14:15,53.6,53.7,30.3,40.7,0.0,SW@4.8,8.5,40.0,0.0,362,"Basin City, Franklin County",300116,Basin City,2017-12-16 09:53:32.160521
2015-02-25,14:30,53.3,53.4,30.5,41.6,0.0,SW@4.8,8.9,40.1,0.0,255,"Basin City, Franklin County",300116,Basin City,2017-12-16 09:53:32.160521
2015-02-25,14:45,53.1,53.3,33.0,46.2,0.0,SW@5.3,8.5,40.2,0.0,238,"Basin City, Franklin County",300116,Basin City,2017-12-16 09:53:32.160521
2015-02-25,15:00,52.9,53.1,32.9,46.3,0.0,SW@5.6,9.9,40.4,0.0,198,"Basin City, Franklin County",300116,Basin City,2017-12-16 09:53:32.160521
2015-02-25,15:15,52.5,52.7,33.0,47.3,0.0,S@6.8,10.3,40.5,0.0,186,"Basin City, Franklin County",300116,Basin City,2017-12-16 09:53:32.160521
2015-02-25,15:30,52.6,52.8,32.9,46.7,0.0,S@6.4,9.2,40.7,0.0,171,"Basin City, Franklin County",300116,Basin City,2017-12-16 09:53:32.160521
2015-02-25,15:45,52.6,52.8,32.9,46.9,0.0,S@5.9,8.5,40.8,0.0,156,"Basin City, Franklin County",300116,Basin City,2017-12-16 09:53:32.160521
2015-02-25,16:00,52.5,52.6,33.8,48.8,0.0,S@5.8,9.6,41.0,0.0,111,"Basin City, Franklin County",300116,Basin City,2017-12-16 09:53:32.160521
2015-02-25,16:15,52.1,52.3,34.5,50.9,0.0,SW@4.8,7.4,41.1,0.0,81,"Basin City, Franklin County",300116,Basin City,2017-12-16 09:53:32.160521
2015-02-25,16:30,51.8,51.9,34.7,51.9,0.0,SW@4.8,7.1,41.3,0.0,52,"Basin City, Franklin County",300116,Basin City,2017-12-16 09:53:32.160521
2015-02-25,16:45,51.5,51.7,34.0,51.1,0.0,S@5.6,7.8,41.4,0.0,41,"Basin City, Franklin County",300116,Basin City,2017-12-16 09:53:32.160521
2015-02-25,17:00,51.0,51.1,34.4,52.8,0.0,S@4.1,6.0,41.6,0.0,43,"Basin City, Franklin County",300116,Basin City,2017-12-16 09:53:32.160521
2015-02-25,17:15,50.6,50.8,34.9,54.7,0.0,S@3.8,5.3,41.7,0.0,41,"Basin City, Franklin County",300116,Basin City,2017-12-16 09:53:32.160521
2015-02-25,17:30,50.2,50.3,35.5,57.0,0.0,S@4.3,6.0,41.8,0.0,11,"Basin City, Franklin County",300116,Basin City,2017-12-16 09:53:32.160521
2015-02-25,17:45,49.3,49.5,35.5,58.7,0.0,SW@3.9,6.0,41.9,0.0,1,"Basin City, Franklin County",300116,Basin City,2017-12-16 09:53:32.160521
2015-02-25,18:00,49.0,49.1,35.5,59.5,0.0,SW@3.5,5.7,42.0,0.0,0,"Basin City, Franklin County",300116,Basin City,2017-12-16 09:53:32.160521
2015-02-25,18:15,48.7,48.9,35.6,60.2,0.0,SW@3.4,5.3,42.1,0.0,0,"Basin City, Franklin County",300116,Basin City,2017-12-16 09:53:32.160521
2015-02-25,18:30,48.6,48.7,35.9,61.3,0.0,SW@3.8,6.0,42.2,0.0,0,"Basin City, Franklin County",300116,Basin City,2017-12-16 09:53:32.160521
2015-02-25,18:45,48.2,48.3,36.2,62.9,0.0,SW@4.7,7.1,42.3,0.0,0,"Basin City, Franklin County",300116,Basin City,2017-12-16 09:53:32.160521
2015-02-25,19:00,48.2,48.3,36.1,62.8,0.0,SW@5.1,6.7,42.4,0.0,0,"Basin City, Franklin County",300116,Basin City,2017-12-16 09:53:32.160521
2015-02-25,19:15,47.8,47.9,36.2,64.0,0.0,SW@4.8,6.4,42.5,0.0,0,"Basin City, Franklin County",300116,Basin City,2017-12-16 09:53:32.160521
2015-02-25,19:30,48.3,48.5,35.9,62.1,0.0,SW@4.9,7.1,42.5,0.0,0,"Basin City, Franklin County",300116,Basin City,2017-12-16 09:53:32.160521
2015-02-25,19:45,48.1,48.3,36.5,63.8,0.0,SW@4.9,7.1,42.6,0.0,0,"Basin City, Franklin County",300116,Basin City,2017-12-16 09:53:32.160521
2015-02-25,20:00,47.9,48.0,36.7,65.0,0.0,SW@4.5,6.4,42.7,0.0,0,"Basin City, Franklin County",300116,Basin City,2017-12-16 09:53:32.160521
2015-02-25,20:15,47.8,48.0,36.7,65.1,0.0,SW@4.8,7.4,42.7,0.0,0,"Basin City, Franklin County",300116,Basin City,2017-12-16 09:53:32.160521
2015-02-25,20:30,47.9,48.0,36.5,64.4,0.0,SW@5.9,8.9,42.8,0.0,0,"Basin City, Franklin County",300116,Basin City,2017-12-16 09:53:32.160521
2015-02-25,20:45,47.7,47.9,36.8,65.8,0.0,W@5.7,9.2,42.8,0.0,0,"Basin City, Franklin County",300116,Basin City,2017-12-16 09:53:32.160521
2015-02-25,21:00,47.5,47.6,37.4,67.7,0.0,W@6.4,8.9,42.8,0.0,0,"Basin City, Franklin County",300116,Basin City,2017-12-16 09:53:32.160521
2015-02-25,21:15,47.2,47.4,37.5,68.8,0.0,W@6.8,9.9,42.9,0.0,0,"Basin City, Franklin County",300116,Basin City,2017-12-16 09:53:32.160521
2015-02-25,21:30,47.5,47.7,37.5,68.0,0.0,W@7.1,10.3,42.9,0.0,0,"Basin City, Franklin County",300116,Basin City,2017-12-16 09:53:32.160521
2015-02-25,21:45,47.3,47.4,37.6,68.7,0.0,W@6.2,8.5,42.9,0.0,0,"Basin City, Franklin County",300116,Basin City,2017-12-16 09:53:32.160521
2015-02-25,22:00,47.0,47.1,38.1,70.9,0.0,W@6.3,8.9,42.9,0.0,0,"Basin City, Franklin County",300116,Basin City,2017-12-16 09:53:32.160521
2015-02-25,22:15,46.9,47.0,38.2,71.6,0.0,W@6.3,9.9,42.9,0.0,0,"Basin City, Franklin County",300116,Basin City,2017-12-16 09:53:32.160521
2015-02-25,22:30,46.8,46.9,38.1,71.7,0.0,W@7.6,12.1,43.0,0.0,0,"Basin City, Franklin County",300116,Basin City,2017-12-16 09:53:32.160521
2015-02-25,22:45,46.5,46.6,38.2,72.6,0.0,W@7.0,9.6,43.0,0.0,0,"Basin City, Franklin County",300116,Basin City,2017-12-16 09:53:32.160521
2015-02-25,23:00,46.3,46.4,38.2,73.2,0.0,NW@4.0,6.0,43.0,0.0,0,"Basin City, Franklin County",300116,Basin City,2017-12-16 09:53:32.160521
2015-02-25,23:15,45.6,45.6,38.2,75.3,0.0,NW@3.1,4.9,43.0,0.0,0,"Basin City, Franklin County",300116,Basin City,2017-12-16 09:53:32.160521
2015-02-25,23:30,45.0,44.9,38.2,76.9,0.0,N@2.8,5.3,43.0,0.0,0,"Basin City, Franklin County",300116,Basin City,2017-12-16 09:53:32.160521
2015-02-25,23:45,44.4,44.4,38.1,78.3,0.0,N@3.1,4.6,43.0,0.0,0,"Basin City, Franklin County",300116,Basin City,2017-12-16 09:53:32.160521
2015-02-25,24:00,44.3,44.4,38.1,78.5,0.0,NW@3.2,4.6,43.0,0.0,0,"Basin City, Franklin County",300116,Basin City,2017-12-16 09:53:32.160521
2015-02-26,00:15,44.5,44.6,38.1,77.8,0.0,NW@3.2,4.6,43.0,0.0,0,"Basin City, Franklin County",300116,Basin City,2017-12-16 09:53:32.160521
2015-02-26,00:30,44.8,44.8,37.9,76.7,0.0,W@2.5,3.9,43.0,0.0,0,"Basin City, Franklin County",300116,Basin City,2017-12-16 09:53:32.160521
2015-02-26,00:45,44.2,44.0,37.7,77.8,0.0,S@2.0,3.5,43.0,0.0,0,"Basin City, Franklin County",300116,Basin City,2017-12-16 09:53:32.160521
2015-02-26,01:00,43.8,43.8,37.8,79.2,0.0,SW@2.2,3.9,43.0,0.0,0,"Basin City, Franklin County",300116,Basin City,2017-12-16 09:53:32.160521
2015-02-26,01:15,43.8,43.8,37.8,79.3,0.0,W@2.3,3.1,43.0,0.0,0,"Basin City, Franklin County",300116,Basin City,2017-12-16 09:53:32.160521
2015-02-26,01:30,43.8,43.8,37.7,78.7,0.0,W@2.7,3.5,43.0,0.0,0,"Basin City, Franklin County",300116,Basin City,2017-12-16 09:53:32.160521
2015-02-26,01:45,43.6,43.6,37.7,79.4,0.0,SE@2.2,4.2,43.0,0.0,0,"Basin City, Franklin County",300116,Basin City,2017-12-16 09:53:32.160521
2015-02-26,02:00,44.0,44.1,37.7,78.3,0.0,SW@2.2,3.1,43.0,0.0,0,"Basin City, Franklin County",300116,Basin City,2017-12-16 09:53:32.160521
2015-02-26,02:15,43.6,43.3,37.7,79.5,0.0,E@1.1,2.8,43.0,0.0,0,"Basin City, Franklin County",300116,Basin City,2017-12-16 09:53:32.160521
2015-02-26,02:30,43.1,43.1,37.8,81.4,0.0,NE@1.0,2.8,43.0,0.0,0,"Basin City, Franklin County",300116,Basin City,2017-12-16 09:53:32.160521
2015-02-26,02:45,42.5,42.4,37.7,83.0,0.0,NE@2.3,2.8,43.0,0.0,0,"Basin City, Franklin County",300116,Basin City,2017-12-16 09:53:32.160521
2015-02-26,03:00,42.8,42.8,37.8,82.3,0.0,NE@2.3,2.8,43.0,0.0,0,"Basin City, Franklin County",300116,Basin City,2017-12-16 09:53:32.160521
2015-02-26,03:15,42.8,42.7,37.7,82.0,0.0,SE@1.9,3.5,43.0,0.0,0,"Basin City, Franklin County",300116,Basin City,2017-12-16 09:53:32.160521
2015-02-26,03:30,42.4,42.3,37.7,83.3,0.0,E@2.1,3.1,43.0,0.0,0,"Basin City, Franklin County",300116,Basin City,2017-12-16 09:53:32.160521
2015-02-26,03:45,41.6,41.4,37.7,85.6,0.0,NW@1.3,2.8,43.0,0.0,0,"Basin City, Franklin County",300116,Basin City,2017-12-16 09:53:32.160521
2015-02-26,04:00,41.2,41.1,37.8,87.5,0.0,NW@1.9,2.4,42.9,0.0,0,"Basin City, Franklin County",300116,Basin City,2017-12-16 09:53:32.160521
2015-02-26,04:15,41.6,41.6,37.9,86.4,0.0,N@1.6,2.1,42.9,0.0,0,"Basin City, Franklin County",300116,Basin City,2017-12-16 09:53:32.160521
2015-02-26,04:30,41.9,41.7,37.8,85.2,0.0,NW@0.7,2.4,42.9,0.0,0,"Basin City, Franklin County",300116,Basin City,2017-12-16 09:53:32.160521
2015-02-26,04:45,41.5,41.4,37.6,85.9,0.0,NW@1.9,2.8,42.9,0.0,0,"Basin City, Franklin County",300116,Basin City,2017-12-16 09:53:32.160521
2015-02-26,05:00,41.3,41.1,37.7,87.1,0.0,NW@1.9,2.8,42.9,0.0,0,"Basin City, Franklin County",300116,Basin City,2017-12-16 09:53:32.160521
2015-02-26,05:15,41.3,41.3,37.8,87.2,0.0,NE@2.5,3.5,42.9,0.0,0,"Basin City, Franklin County",300116,Basin City,2017-12-16 09:53:32.160521
2015-02-26,05:30,41.3,41.3,37.9,87.4,0.0,NE@3.2,4.6,42.9,0.0,0,"Basin City, Franklin County",300116,Basin City,2017-12-16 09:53:32.160521
2015-02-26,05:45,41.3,41.3,37.9,87.5,0.0,NE@2.8,3.9,42.8,0.0,0,"Basin City, Franklin County",300116,Basin City,2017-12-16 09:53:32.160521
2015-02-26,06:00,41.1,41.0,37.8,87.8,0.0,NW@2.0,2.8,42.8,0.0,0,"Basin City, Franklin County",300116,Basin City,2017-12-16 09:53:32.160521
2015-02-26,06:15,40.8,40.6,37.7,88.5,0.0,NW@1.1,2.8,42.8,0.0,0,"Basin City, Franklin County",300116,Basin City,2017-12-16 09:53:32.160521
2015-02-26,06:30,40.9,40.9,37.7,88.2,0.0,NE@2.8,3.9,42.8,0.0,0,"Basin City, Franklin County",300116,Basin City,2017-12-16 09:53:32.160521
2015-02-26,06:45,40.5,40.4,37.8,89.8,0.0,N@2.4,3.5,42.8,0.0,1,"Basin City, Franklin County",300116,Basin City,2017-12-16 09:53:32.160521
2015-02-26,07:00,40.5,40.3,37.9,90.5,0.0,E@2.2,3.1,42.7,0.0,5,"Basin City, Franklin County",300116,Basin City,2017-12-16 09:53:32.160521
2015-02-26,07:15,40.6,40.6,38.5,92.0,0.0,E@4.0,5.3,42.7,0.0,14,"Basin City, Franklin County",300116,Basin City,2017-12-16 09:53:32.160521
2015-02-26,07:30,40.6,40.6,38.6,92.5,0.01,SE@4.1,4.9,42.7,0.0,25,"Basin City, Franklin County",300116,Basin City,2017-12-16 09:53:32.160521
2015-02-26,07:45,40.6,40.6,38.8,93.0,0.05,SE@3.5,4.9,42.7,0.0,39,"Basin City, Franklin County",300116,Basin City,2017-12-16 09:53:32.160521
2015-02-26,08:00,40.9,40.8,39.0,92.9,0.06,SE@2.7,3.9,42.7,0.0,54,"Basin City, Franklin County",300116,Basin City,2017-12-16 09:53:32.160521
2015-02-26,08:15,41.3,41.2,39.4,92.9,0.06,S@2.4,3.5,42.7,0.0,60,"Basin City, Franklin County",300116,Basin City,2017-12-16 09:53:32.160521
2015-02-26,08:30,41.7,41.7,39.9,93.0,0.06,SE@2.3,3.5,42.6,0.0,70,"Basin City, Franklin County",300116,Basin City,2017-12-16 09:53:32.160521
2015-02-26,08:45,42.1,42.0,40.0,92.2,0.06,E@2.4,3.1,42.6,0.0,87,"Basin City, Franklin County",300116,Basin City,2017-12-16 09:53:32.160521
2015-02-26,09:00,42.4,42.3,40.1,91.7,0.06,NE@2.4,3.1,42.6,0.0,101,"Basin City, Franklin County",300116,Basin City,2017-12-16 09:53:32.160521
2015-02-26,09:15,42.7,42.6,40.3,91.2,0.06,E@3.1,3.9,42.6,0.0,117,"Basin City, Franklin County",300116,Basin City,2017-12-16 09:53:32.160521
2015-02-26,09:30,43.2,43.3,40.7,90.9,0.06,E@3.7,4.9,42.5,0.0,150,"Basin City, Franklin County",300116,Basin City,2017-12-16 09:53:32.160521
2015-02-26,09:45,44.0,44.0,41.0,89.2,0.05,NE@3.2,4.2,42.5,0.0,188,"Basin City, Franklin County",300116,Basin City,2017-12-16 09:53:32.160521
2015-02-26,10:00,45.4,45.4,41.3,85.6,0.02,NE@3.8,5.3,42.5,0.0,289,"Basin City, Franklin County",300116,Basin City,2017-12-16 09:53:32.160521
2015-02-26,10:15,47.0,47.1,41.1,79.8,0.0,NE@4.1,6.4,42.5,0.0,320,"Basin City, Franklin County",300116,Basin City,2017-12-16 09:53:32.160521
2015-02-26,10:30,47.9,47.9,40.1,74.3,0.0,E@3.9,6.0,42.5,0.0,282,"Basin City, Franklin County",300116,Basin City,2017-12-16 09:53:32.160521
2015-02-26,10:45,48.6,48.7,40.1,72.4,0.0,NE@3.3,6.4,42.5,0.0,319,"Basin City, Franklin County",300116,Basin City,2017-12-16 09:53:32.160521
2015-02-26,11:00,49.1,49.1,38.6,66.9,0.0,NE@4.9,7.1,42.5,0.0,284,"Basin City, Franklin County",300116,Basin City,2017-12-16 09:53:32.160521
2015-02-26,11:15,49.7,49.8,37.8,63.4,0.0,NE@3.0,6.0,42.5,0.0,278,"Basin City, Franklin County",300116,Basin City,2017-12-16 09:53:32.160521
2015-02-26,11:30,49.9,50.1,38.1,63.6,0.0,SE@2.8,6.4,42.5,0.0,185,"Basin City, Franklin County",300116,Basin City,2017-12-16 09:53:32.160521
2015-02-26,11:45,49.7,49.7,37.5,62.7,0.0,SE@3.7,5.7,42.5,0.0,171,"Basin City, Franklin County",300116,Basin City,2017-12-16 09:53:32.160521
2015-02-26,12:00,49.6,49.7,37.9,63.9,0.0,SE@3.7,6.0,42.5,0.0,183,"Basin City, Franklin County",300116,Basin City,2017-12-16 09:53:32.160521
2015-02-26,12:15,49.8,50.0,39.3,66.9,0.0,SE@3.6,6.7,42.6,0.0,246,"Basin City, Franklin County",300116,Basin City,2017-12-16 09:53:32.160521
2015-02-26,12:30,50.0,50.1,40.2,68.9,0.0,SE@4.6,7.4,42.6,0.0,322,"Basin City, Franklin County",300116,Basin City,2017-12-16 09:53:32.160521
2015-02-26,12:45,50.6,50.7,40.0,66.8,0.0,E@4.1,8.2,42.7,0.0,334,"Basin City, Franklin County",300116,Basin City,2017-12-16 09:53:32.160521
2015-02-26,13:00,51.0,51.2,38.4,61.9,0.0,SE@4.7,8.2,42.7,0.0,383,"Basin City, Franklin County",300116,Basin City,2017-12-16 09:53:32.160521
2015-02-26,13:15,51.8,51.8,35.8,54.2,0.0,E@4.2,7.8,42.8,0.0,463,"Basin City, Franklin County",300116,Basin City,2017-12-16 09:53:32.160521
2015-02-26,13:30,52.3,52.3,35.5,52.5,0.0,E@4.3,8.5,42.8,0.0,443,"Basin City, Franklin County",300116,Basin City,2017-12-16 09:53:32.160521
2015-02-26,13:45,52.1,52.2,35.2,52.2,0.0,NE@4.6,7.1,42.9,0.0,333,"Basin City, Franklin County",300116,Basin City,2017-12-16 09:53:32.160521
2015-02-26,14:00,52.7,52.8,34.8,50.4,0.0,NE@4.8,7.8,43.0,0.0,502,"Basin City, Franklin County",300116,Basin City,2017-12-16 09:53:32.160521
2015-02-26,14:15,53.9,54.0,34.6,47.8,0.0,E@5.1,9.6,43.1,0.0,534,"Basin City, Franklin County",300116,Basin City,2017-12-16 09:53:32.160521
2015-02-26,14:30,52.9,53.1,33.4,47.3,0.0,E@5.0,9.9,43.1,0.0,297,"Basin City, Franklin County",300116,Basin City,2017-12-16 09:53:32.160521
2015-02-26,14:45,54.0,54.1,33.6,45.9,0.0,NE@3.8,8.9,43.2,0.0,504,"Basin City, Franklin County",300116,Basin City,2017-12-16 09:53:32.160521
2015-02-26,15:00,53.7,53.8,33.2,45.5,0.0,E@3.6,8.5,43.3,0.0,389,"Basin City, Franklin County",300116,Basin City,2017-12-16 09:53:32.160521
2015-02-26,15:15,54.1,54.0,33.1,44.8,0.0,E@6.2,9.2,43.4,0.0,438,"Basin City, Franklin County",300116,Basin City,2017-12-16 09:53:32.160521
2015-02-26,15:30,53.4,53.5,33.3,46.2,0.0,NE@4.6,6.7,43.5,0.0,212,"Basin City, Franklin County",300116,Basin City,2017-12-16 09:53:32.160521
2015-02-26,15:45,53.0,53.2,33.2,46.7,0.0,E@4.3,8.2,43.6,0.0,187,"Basin City, Franklin County",300116,Basin City,2017-12-16 09:53:32.160521
2015-02-26,16:00,53.7,53.8,33.6,46.4,0.0,SE@6.2,9.2,43.8,0.0,266,"Basin City, Franklin County",300116,Basin City,2017-12-16 09:53:32.160521
2015-02-26,16:15,53.4,53.4,33.5,46.7,0.0,E@6.0,8.5,43.9,0.0,242,"Basin City, Franklin County",300116,Basin City,2017-12-16 09:53:32.160521
2015-02-26,16:30,52.6,52.7,33.3,47.5,0.0,E@5.2,7.4,44.0,0.0,107,"Basin City, Franklin County",300116,Basin City,2017-12-16 09:53:32.160521
2015-02-26,16:45,52.1,52.1,33.3,48.5,0.0,E@4.0,5.7,44.1,0.0,71,"Basin City, Franklin County",300116,Basin City,2017-12-16 09:53:32.160521
2015-02-26,17:00,50.9,51.0,33.3,50.6,0.0,NE@3.4,4.6,44.3,0.0,27,"Basin City, Franklin County",300116,Basin City,2017-12-16 09:53:32.160521
2015-02-26,17:15,50.1,50.1,33.3,52.4,0.0,S@1.7,2.8,44.4,0.0,18,"Basin City, Franklin County",300116,Basin City,2017-12-16 09:53:32.160521
2015-02-26,17:30,49.2,49.1,33.5,54.4,0.0,SE@0.7,2.1,44.5,0.0,11,"Basin City, Franklin County",300116,Basin City,2017-12-16 09:53:32.160521
2015-02-26,17:45,48.5,48.5,33.3,55.5,0.0,N@0.8,2.1,44.6,0.0,4,"Basin City, Franklin County",300116,Basin City,2017-12-16 09:53:32.160521
2015-02-26,18:00,48.6,48.7,33.5,55.6,0.0,NE@0.7,2.1,44.7,0.0,0,"Basin City, Franklin County",300116,Basin City,2017-12-16 09:53:32.160521
2015-02-26,18:15,47.9,47.8,33.2,56.4,0.0,N@0.0,0.0,44.8,0.0,0,"Basin City, Franklin County",300116,Basin City,2017-12-16 09:53:32.160521
2015-02-26,18:30,47.5,47.6,33.0,57.1,0.0,NE@0.3,2.1,44.9,0.0,0,"Basin City, Franklin County",300116,Basin City,2017-12-16 09:53:32.160521
2015-02-26,18:45,47.5,47.8,33.6,58.4,0.0,NE@1.8,2.8,45.0,0.0,0,"Basin City, Franklin County",300116,Basin City,2017-12-16 09:53:32.160521
2015-02-26,19:00,46.8,46.7,33.7,60.2,0.0,N@2.3,4.2,45.0,0.0,0,"Basin City, Franklin County",300116,Basin City,2017-12-16 09:53:32.160521
2015-02-26,19:15,46.2,46.4,34.0,62.3,0.0,N@4.3,6.4,45.1,0.0,0,"Basin City, Franklin County",300116,Basin City,2017-12-16 09:53:32.160521
2015-02-26,19:30,46.0,46.0,34.3,63.6,0.0,NE@4.2,6.0,45.1,0.0,0,"Basin City, Franklin County",300116,Basin City,2017-12-16 09:53:32.160521
2015-02-26,19:45,45.4,45.4,34.6,65.6,0.0,NE@4.3,6.4,45.1,0.0,0,"Basin City, Franklin County",300116,Basin City,2017-12-16 09:53:32.160521
2015-02-26,20:00,44.5,44.4,34.6,67.9,0.0,NE@3.1,4.9,45.2,0.0,0,"Basin City, Franklin County",300116,Basin City,2017-12-16 09:53:32.160521
2015-02-26,20:15,43.7,43.6,34.6,70.2,0.0,NE@3.3,4.6,45.2,0.0,0,"Basin City, Franklin County",300116,Basin City,2017-12-16 09:53:32.160521
2015-02-26,20:30,43.2,43.2,34.6,71.3,0.0,NE@1.7,4.9,45.2,0.0,0,"Basin City, Franklin County",300116,Basin City,2017-12-16 09:53:32.160521
2015-02-26,20:45,43.3,43.3,34.7,71.3,0.0,E@1.9,3.1,45.2,0.0,0,"Basin City, Franklin County",300116,Basin City,2017-12-16 09:53:32.160521
2015-02-26,21:00,42.9,42.9,34.9,73.0,0.0,NE@2.6,4.6,45.2,0.0,0,"Basin City, Franklin County",300116,Basin City,2017-12-16 09:53:32.160521
2015-02-26,21:15,42.9,42.8,35.1,73.8,0.0,NE@3.9,5.3,45.2,0.0,0,"Basin City, Franklin County",300116,Basin City,2017-12-16 09:53:32.160521
2015-02-26,21:30,41.0,40.8,34.7,78.3,0.0,NE@4.8,6.7,45.1,0.0,0,"Basin City, Franklin County",300116,Basin City,2017-12-16 09:53:32.160521
2015-02-26,21:45,40.3,40.3,35.1,81.4,0.0,NE@4.3,6.4,45.1,0.0,0,"Basin City, Franklin County",300116,Basin City,2017-12-16 09:53:32.160521
2015-02-26,22:00,40.9,40.9,35.7,81.7,0.0,NE@3.7,6.0,45.1,0.0,0,"Basin City, Franklin County",300116,Basin City,2017-12-16 09:53:32.160521
2015-02-26,22:15,40.6,40.6,35.8,82.8,0.0,NE@4.2,6.0,45.1,0.0,0,"Basin City, Franklin County",300116,Basin City,2017-12-16 09:53:32.160521
2015-02-26,22:30,40.1,40.1,35.6,83.8,0.0,NE@4.4,6.7,45.0,0.0,0,"Basin City, Franklin County",300116,Basin City,2017-12-16 09:53:32.160521
2015-02-26,22:45,40.5,40.4,36.2,84.6,0.0,NE@3.5,6.4,45.0,0.0,0,"Basin City, Franklin County",300116,Basin City,2017-12-16 09:53:32.160521
2015-02-26,23:00,40.4,40.4,36.4,85.6,0.0,NE@2.6,4.6,44.9,0.0,0,"Basin City, Franklin County",300116,Basin City,2017-12-16 09:53:32.160521
2015-02-26,23:15,40.3,40.3,36.7,86.6,0.0,NE@3.7,6.0,44.9,0.0,0,"Basin City, Franklin County",300116,Basin City,2017-12-16 09:53:32.160521
2015-02-26,23:30,40.2,40.1,36.8,87.6,0.0,NE@4.5,6.4,44.8,0.0,0,"Basin City, Franklin County",300116,Basin City,2017-12-16 09:53:32.160521
2015-02-26,23:45,39.9,39.8,36.8,88.8,0.0,NE@4.1,5.3,44.8,0.0,0,"Basin City, Franklin County",300116,Basin City,2017-12-16 09:53:32.160521
2015-02-26,24:00,39.9,39.9,37.0,89.0,0.0,NE@4.9,6.4,44.7,0.0,0,"Basin City, Franklin County",300116,Basin City,2017-12-16 09:53:32.160521
2015-02-27,00:15,40.0,40.0,37.0,88.9,0.0,NE@4.3,5.7,44.7,0.0,0,"Basin City, Franklin County",300116,Basin City,2017-12-16 09:53:32.160521
2015-02-27,00:30,39.9,39.9,36.9,88.8,0.0,NE@5.4,8.9,44.6,0.0,0,"Basin City, Franklin County",300116,Basin City,2017-12-16 09:53:32.160521
2015-02-27,00:45,39.6,39.6,36.8,89.4,0.0,NE@6.7,9.6,44.6,0.0,0,"Basin City, Franklin County",300116,Basin City,2017-12-16 09:53:32.160521
2015-02-27,01:00,39.4,39.3,36.7,90.0,0.0,NE@7.3,9.2,44.5,0.0,0,"Basin City, Franklin County",300116,Basin City,2017-12-16 09:53:32.160521
2015-02-27,01:15,39.1,39.1,36.6,90.7,0.0,NE@7.1,9.9,44.5,0.0,0,"Basin City, Franklin County",300116,Basin City,2017-12-16 09:53:32.160521
2015-02-27,01:30,39.3,39.3,36.7,90.4,0.0,NE@7.2,9.6,44.4,0.0,0,"Basin City, Franklin County",300116,Basin City,2017-12-16 09:53:32.160521
2015-02-27,01:45,39.2,39.1,36.7,90.8,0.0,NE@5.8,7.8,44.4,0.0,0,"Basin City, Franklin County",300116,Basin City,2017-12-16 09:53:32.160521
2015-02-27,02:00,39.3,39.3,36.8,90.4,0.0,NE@5.9,7.8,44.3,0.0,0,"Basin City, Franklin County",300116,Basin City,2017-12-16 09:53:32.160521
2015-02-27,02:15,39.1,39.0,36.6,90.8,0.0,NE@4.6,7.1,44.3,0.0,0,"Basin City, Franklin County",300116,Basin City,2017-12-16 09:53:32.160521
2015-02-27,02:30,38.7,38.6,36.6,92.0,0.0,NE@4.8,6.4,44.2,0.0,0,"Basin City, Franklin County",300116,Basin City,2017-12-16 09:53:32.160521
2015-02-27,02:45,38.8,38.8,36.6,91.5,0.0,NE@5.1,7.1,44.2,0.0,0,"Basin City, Franklin County",300116,Basin City,2017-12-16 09:53:32.160521
2015-02-27,03:00,38.9,38.9,36.5,90.9,0.0,NE@4.6,6.7,44.1,0.0,0,"Basin City, Franklin County",300116,Basin City,2017-12-16 09:53:32.160521
2015-02-27,03:15,38.9,38.9,36.5,90.7,0.0,NE@5.2,7.8,44.1,0.0,0,"Basin City, Franklin County",300116,Basin City,2017-12-16 09:53:32.160521
2015-02-27,03:30,38.8,38.7,36.3,90.7,0.0,NE@5.7,7.8,44.0,0.0,0,"Basin City, Franklin County",300116,Basin City,2017-12-16 09:53:32.160521
2015-02-27,03:45,38.6,38.5,36.1,90.8,0.0,NE@6.0,7.8,44.0,0.0,0,"Basin City, Franklin County",300116,Basin City,2017-12-16 09:53:32.160521
2015-02-27,04:00,38.4,38.4,36.0,91.0,0.0,NE@7.5,9.9,43.9,0.0,0,"Basin City, Franklin County",300116,Basin City,2017-12-16 09:53:32.160521
2015-02-27,04:15,38.4,38.3,35.9,90.6,0.0,NE@8.7,11.7,43.9,0.0,0,"Basin City, Franklin County",300116,Basin City,2017-12-16 09:53:32.160521
2015-02-27,04:30,38.2,38.2,35.6,90.1,0.0,NE@9.4,13.5,43.8,0.0,0,"Basin City, Franklin County",300116,Basin City,2017-12-16 09:53:32.160521
2015-02-27,04:45,38.1,38.1,35.4,89.8,0.0,NE@8.6,12.4,43.8,0.0,0,"Basin City, Franklin County",300116,Basin City,2017-12-16 09:53:32.160521
2015-02-27,05:00,38.2,38.2,35.4,89.5,0.0,NE@8.3,12.4,43.7,0.0,0,"Basin City, Franklin County",300116,Basin City,2017-12-16 09:53:32.160521
2015-02-27,05:15,38.2,38.2,35.4,89.5,0.0,NE@8.4,12.1,43.7,0.0,0,"Basin City, Franklin County",300116,Basin City,2017-12-16 09:53:32.160521
2015-02-27,05:30,38.3,38.3,35.4,89.2,0.0,NE@7.0,11.4,43.7,0.0,0,"Basin City, Franklin County",300116,Basin City,2017-12-16 09:53:32.160521
2015-02-27,05:45,38.3,38.2,35.5,89.6,0.0,NE@6.8,9.6,43.6,0.0,0,"Basin City, Franklin County",300116,Basin City,2017-12-16 09:53:32.160521
2015-02-27,06:00,38.4,38.4,35.5,89.2,0.0,NE@7.2,9.6,43.6,0.0,0,"Basin City, Franklin County",300116,Basin City,2017-12-16 09:53:32.160521
2015-02-27,06:15,38.3,38.3,35.5,89.5,0.0,N@6.6,9.6,43.5,0.0,0,"Basin City, Franklin County",300116,Basin City,2017-12-16 09:53:32.160521
2015-02-27,06:30,38.1,38.1,35.3,89.4,0.0,N@7.8,11.4,43.5,0.0,0,"Basin City, Franklin County",300116,Basin City,2017-12-16 09:53:32.160521
2015-02-27,06:45,38.0,38.0,35.3,89.9,0.0,N@8.0,11.4,43.5,0.0,3,"Basin City, Franklin County",300116,Basin City,2017-12-16 09:53:32.160521
2015-02-27,07:00,38.1,38.1,35.4,90.0,0.0,N@7.5,10.7,43.4,0.0,9,"Basin City, Franklin County",300116,Basin City,2017-12-16 09:53:32.160521
2015-02-27,07:15,38.3,38.3,35.4,89.1,0.0,NE@7.8,10.7,43.4,0.0,20,"Basin City, Franklin County",300116,Basin City,2017-12-16 09:53:32.160521
2015-02-27,07:30,38.7,38.6,35.5,88.3,0.0,N@7.2,10.3,43.4,0.0,37,"Basin City, Franklin County",300116,Basin City,2017-12-16 09:53:32.160521
2015-02-27,07:45,39.0,38.9,35.5,87.4,0.0,NE@7.5,11.0,43.3,0.0,56,"Basin City, Franklin County",300116,Basin City,2017-12-16 09:53:32.160521
2015-02-27,08:00,39.4,39.4,35.7,86.5,0.0,N@7.6,11.0,43.3,0.0,77,"Basin City, Franklin County",300116,Basin City,2017-12-16 09:53:32.160521
2015-02-27,08:15,39.8,39.7,35.7,85.1,0.0,NE@8.4,12.8,43.2,0.0,97,"Basin City, Franklin County",300116,Basin City,2017-12-16 09:53:32.160521
2015-02-27,08:30,39.7,39.6,35.8,85.8,0.0,NE@8.7,14.6,43.2,0.0,117,"Basin City, Franklin County",300116,Basin City,2017-12-16 09:53:32.160521
2015-02-27,08:45,40.0,40.0,35.9,85.1,0.0,NE@9.5,13.2,43.2,0.0,132,"Basin City, Franklin County",300116,Basin City,2017-12-16 09:53:32.160521
2015-02-27,09:00,40.5,40.5,35.9,83.4,0.0,N@10.8,15.0,43.1,0.0,144,"Basin City, Franklin County",300116,Basin City,2017-12-16 09:53:32.160521
2015-02-27,09:15,41.1,41.1,36.1,82.3,0.0,N@9.4,13.9,43.1,0.0,163,"Basin City, Franklin County",300116,Basin City,2017-12-16 09:53:32.160521
2015-02-27,09:30,41.9,41.8,36.1,79.9,0.0,N@9.5,13.9,43.1,0.0,201,"Basin City, Franklin County",300116,Basin City,2017-12-16 09:53:32.160521
2015-02-27,09:45,42.2,42.2,36.3,79.4,0.0,N@12.2,18.2,43.0,0.0,251,"Basin City, Franklin County",300116,Basin City,2017-12-16 09:53:32.160521
2015-02-27,10:00,42.6,42.6,36.5,78.7,0.0,N@11.1,18.2,43.0,0.0,286,"Basin City, Franklin County",300116,Basin City,2017-12-16 09:53:32.160521
2015-02-27,10:15,43.6,43.7,36.8,76.9,0.0,N@9.0,13.2,43.0,0.0,339,"Basin City, Franklin County",300116,Basin City,2017-12-16 09:53:32.160521
2015-02-27,10:30,45.1,45.1,37.4,74.2,0.0,N@9.7,15.7,43.0,0.0,353,"Basin City, Franklin County",300116,Basin City,2017-12-16 09:53:32.160521
2015-02-27,10:45,46.5,46.6,37.7,71.2,0.0,N@9.8,13.9,43.0,0.0,388,"Basin City, Franklin County",300116,Basin City,2017-12-16 09:53:32.160521
2015-02-27,11:00,48.3,48.4,38.2,67.8,0.0,NE@9.3,13.5,42.9,0.0,415,"Basin City, Franklin County",300116,Basin City,2017-12-16 09:53:32.160521
2015-02-27,11:15,49.7,49.8,38.1,64.1,0.0,NE@9.7,14.2,42.9,0.0,441,"Basin City, Franklin County",300116,Basin City,2017-12-16 09:53:32.160521
2015-02-27,11:30,51.6,51.8,37.6,58.6,0.0,NE@12.0,17.5,42.9,0.0,421,"Basin City, Franklin County",300116,Basin City,2017-12-16 09:53:32.160521
2015-02-27,11:45,51.7,51.8,37.0,57.1,0.0,E@13.0,17.8,43.0,0.0,368,"Basin City, Franklin County",300116,Basin City,2017-12-16 09:53:32.160521
2015-02-27,12:00,52.1,52.2,36.8,55.9,0.0,E@13.4,18.5,43.0,0.0,376,"Basin City, Franklin County",300116,Basin City,2017-12-16 09:53:32.160521
2015-02-27,12:15,52.0,52.2,36.0,54.1,0.0,E@14.9,20.0,43.0,0.0,344,"Basin City, Franklin County",300116,Basin City,2017-12-16 09:53:32.160521
2015-02-27,12:30,52.2,52.4,35.7,53.3,0.0,E@13.0,18.9,43.0,0.0,318,"Basin City, Franklin County",300116,Basin City,2017-12-16 09:53:32.160521
2015-02-27,12:45,52.7,52.9,35.1,50.8,0.0,E@13.4,18.9,43.0,0.0,324,"Basin City, Franklin County",300116,Basin City,2017-12-16 09:53:32.160521
2015-02-27,13:00,53.3,53.6,35.0,49.7,0.0,E@11.8,16.0,43.1,0.0,342,"Basin City, Franklin County",300116,Basin City,2017-12-16 09:53:32.160521
2015-02-27,13:15,53.8,54.0,34.3,47.3,0.0,E@12.8,17.5,43.1,0.0,361,"Basin City, Franklin County",300116,Basin City,2017-12-16 09:53:32.160521
2015-02-27,13:30,54.1,54.3,33.6,45.7,0.0,NE@13.0,18.2,43.2,0.0,354,"Basin City, Franklin County",300116,Basin City,2017-12-16 09:53:32.160521
2015-02-27,13:45,54.2,54.4,33.5,45.4,0.0,NE@13.4,18.2,43.2,0.0,317,"Basin City, Franklin County",300116,Basin City,2017-12-16 09:53:32.160521
2015-02-27,14:00,54.3,54.6,32.9,44.0,0.0,NE@12.2,17.1,43.3,0.0,304,"Basin City, Franklin County",300116,Basin City,2017-12-16 09:53:32.160521
2015-02-27,14:15,54.4,54.6,32.2,42.7,0.0,NE@12.5,18.2,43.4,0.0,263,"Basin City, Franklin County",300116,Basin City,2017-12-16 09:53:32.160521
2015-02-27,14:30,54.3,54.6,31.8,42.1,0.0,NE@11.4,15.3,43.4,0.0,232,"Basin City, Franklin County",300116,Basin City,2017-12-16 09:53:32.160521
2015-02-27,14:45,54.3,54.5,31.9,42.4,0.0,NE@12.5,19.6,43.5,0.0,207,"Basin City, Franklin County",300116,Basin City,2017-12-16 09:53:32.160521
2015-02-27,15:00,54.1,54.3,30.6,40.5,0.0,NE@12.7,16.4,43.6,0.0,192,"Basin City, Franklin County",300116,Basin City,2017-12-16 09:53:32.160521
2015-02-27,15:15,54.0,54.3,29.5,38.8,0.0,NE@12.6,17.8,43.7,0.0,180,"Basin City, Franklin County",300116,Basin City,2017-12-16 09:53:32.160521
2015-02-27,15:30,54.1,54.3,29.7,39.1,0.0,NE@12.1,17.8,43.8,0.0,163,"Basin City, Franklin County",300116,Basin City,2017-12-16 09:53:32.160521
2015-02-27,15:45,53.8,54.1,30.0,39.9,0.0,NE@12.6,17.5,43.9,0.0,152,"Basin City, Franklin County",300116,Basin City,2017-12-16 09:53:32.160521
2015-02-27,16:00,53.5,53.8,29.2,38.9,0.0,NE@11.7,17.8,43.9,0.0,156,"Basin City, Franklin County",300116,Basin City,2017-12-16 09:53:32.160521
2015-02-27,16:15,53.3,53.5,29.6,40.0,0.0,NE@11.0,17.1,44.0,0.0,118,"Basin City, Franklin County",300116,Basin City,2017-12-16 09:53:32.160521
2015-02-27,16:30,52.8,53.1,29.5,40.6,0.0,NE@12.2,17.8,44.1,0.0,80,"Basin City, Franklin County",300116,Basin City,2017-12-16 09:53:32.160521
2015-02-27,16:45,52.2,52.4,29.2,40.9,0.0,NE@12.2,17.5,44.2,0.0,51,"Basin City, Franklin County",300116,Basin City,2017-12-16 09:53:32.160521
2015-02-27,17:00,51.6,51.8,29.0,41.5,0.0,NE@11.7,16.4,44.2,0.0,34,"Basin City, Franklin County",300116,Basin City,2017-12-16 09:53:32.160521
2015-02-27,17:15,50.9,51.1,30.4,45.1,0.0,NE@10.1,15.0,44.3,0.0,22,"Basin City, Franklin County",300116,Basin City,2017-12-16 09:53:32.160521
2015-02-27,17:30,50.4,50.6,30.9,46.9,0.0,NE@9.9,16.7,44.4,0.0,9,"Basin City, Franklin County",300116,Basin City,2017-12-16 09:53:32.160521
2015-02-27,17:45,49.8,49.9,31.1,48.4,0.0,NE@10.9,17.1,44.5,0.0,3,"Basin City, Franklin County",300116,Basin City,2017-12-16 09:53:32.160521
2015-02-27,18:00,49.1,49.4,30.7,48.7,0.0,NE@11.7,16.0,44.5,0.0,0,"Basin City, Franklin County",300116,Basin City,2017-12-16 09:53:32.160521
2015-02-27,18:15,48.8,49.0,30.5,49.0,0.0,NE@11.3,15.7,44.6,0.0,0,"Basin City, Franklin County",300116,Basin City,2017-12-16 09:53:32.160521
2015-02-27,18:30,48.4,48.5,30.6,50.0,0.0,N@10.4,14.2,44.6,0.0,0,"Basin City, Franklin County",300116,Basin City,2017-12-16 09:53:32.160521
2015-02-27,18:45,48.2,48.4,30.3,49.9,0.0,N@11.2,15.3,44.7,0.0,0,"Basin City, Franklin County",300116,Basin City,2017-12-16 09:53:32.160521
2015-02-27,19:00,47.8,48.0,29.9,49.6,0.0,NE@11.9,16.4,44.7,0.0,0,"Basin City, Franklin County",300116,Basin City,2017-12-16 09:53:32.160521
2015-02-27,19:15,47.8,48.0,29.0,47.7,0.0,NE@12.2,18.2,44.8,0.0,0,"Basin City, Franklin County",300116,Basin City,2017-12-16 09:53:32.160521
2015-02-27,19:30,47.7,48.0,28.0,45.9,0.0,NE@12.5,18.5,44.8,0.0,0,"Basin City, Franklin County",300116,Basin City,2017-12-16 09:53:32.160521
2015-02-27,19:45,47.6,47.7,27.1,44.7,0.0,NE@12.2,18.5,44.8,0.0,0,"Basin City, Franklin County",300116,Basin City,2017-12-16 09:53:32.160521
2015-02-27,20:00,47.1,47.2,26.9,45.2,0.0,N@11.5,15.3,44.8,0.0,0,"Basin City, Franklin County",300116,Basin City,2017-12-16 09:53:32.160521
2015-02-27,20:15,46.0,46.1,27.3,47.8,0.0,N@12.0,16.7,44.8,0.0,0,"Basin City, Franklin County",300116,Basin City,2017-12-16 09:53:32.160521
2015-02-27,20:30,45.5,45.6,27.1,48.3,0.0,N@11.9,17.8,44.9,0.0,0,"Basin City, Franklin County",300116,Basin City,2017-12-16 09:53:32.160521
2015-02-27,20:45,45.2,45.3,26.6,47.9,0.0,NE@12.2,16.4,44.9,0.0,0,"Basin City, Franklin County",300116,Basin City,2017-12-16 09:53:32.160521
2015-02-27,21:00,44.8,44.9,26.2,47.7,0.0,N@12.8,19.6,44.9,0.0,0,"Basin City, Franklin County",300116,Basin City,2017-12-16 09:53:32.160521
2015-02-27,21:15,44.5,44.6,26.0,47.9,0.0,NE@12.7,18.9,44.9,0.0,0,"Basin City, Franklin County",300116,Basin City,2017-12-16 09:53:32.160521
2015-02-27,21:30,44.1,44.2,25.5,47.8,0.0,NE@13.8,22.1,44.9,0.0,0,"Basin City, Franklin County",300116,Basin City,2017-12-16 09:53:32.160521
2015-02-27,21:45,43.8,43.9,25.3,47.7,0.0,NE@13.9,20.7,44.9,0.0,0,"Basin City, Franklin County",300116,Basin City,2017-12-16 09:53:32.160521
2015-02-27,22:00,43.2,43.3,25.4,49.1,0.0,N@13.9,21.8,44.8,0.0,0,"Basin City, Franklin County",300116,Basin City,2017-12-16 09:53:32.160521
2015-02-27,22:15,42.8,42.8,25.2,49.6,0.0,N@14.5,21.0,44.8,0.0,0,"Basin City, Franklin County",300116,Basin City,2017-12-16 09:53:32.160521
2015-02-27,22:30,42.5,42.7,24.6,48.7,0.0,NE@16.4,23.9,44.8,0.0,0,"Basin City, Franklin County",300116,Basin City,2017-12-16 09:53:32.160521
2015-02-27,22:45,42.5,42.6,24.1,47.9,0.0,NE@16.0,22.8,44.8,0.0,0,"Basin City, Franklin County",300116,Basin City,2017-12-16 09:53:32.160521
2015-02-27,23:00,41.9,41.9,24.2,49.1,0.0,NE@14.4,22.8,44.8,0.0,0,"Basin City, Franklin County",300116,Basin City,2017-12-16 09:53:32.160521
2015-02-27,23:15,41.3,41.3,24.1,50.0,0.0,N@13.3,20.0,44.8,0.0,0,"Basin City, Franklin County",300116,Basin City,2017-12-16 09:53:32.160521
2015-02-27,23:30,40.8,40.9,23.9,50.7,0.0,N@13.5,22.5,44.7,0.0,0,"Basin City, Franklin County",300116,Basin City,2017-12-16 09:53:32.160521
2015-02-27,23:45,40.4,40.4,23.8,51.1,0.0,N@13.6,19.6,44.7,0.0,0,"Basin City, Franklin County",300116,Basin City,2017-12-16 09:53:32.160521
2015-02-27,24:00,40.2,40.2,23.5,51.1,0.0,N@16.1,23.5,44.7,0.0,0,"Basin City, Franklin County",300116,Basin City,2017-12-16 09:53:32.160521
