Date,Time PST,Air Temp °F, Dew Point °F, Rel Hum %, Tot Prec in, Wind Dir @ Speed mph, Wind Gust mph, Leaf Wet u., Solar Rad W/m², 8 in. Soil Tmp °F, 2<sup>nd</sup> Air Temp °F,Location,Station ID,Station Name,Download Timestamp
2019-11-02,00:15,24.6,23.0,97.8,,E@0.2,2.1,0.02,0,37.5,24.5,"College.Pl (College Place), Walla Walla County",300133,College.Pl,2020-01-21 20:33:51.269431
2019-11-02,00:30,24.9,23.0,96.7,,N @0.0,0.0,0.02,0,37.5,24.7,"College.Pl (College Place), Walla Walla County",300133,College.Pl,2020-01-21 20:33:51.269431
2019-11-02,00:45,23.7,22.0,98.1,,E@0.8,2.8,0.02,0,37.5,23.6,"College.Pl (College Place), Walla Walla County",300133,College.Pl,2020-01-21 20:33:51.269431
2019-11-02,01:00,23.5,22.1,99.3,,E@0.7,2.4,0.03,0,37.5,23.4,"College.Pl (College Place), Walla Walla County",300133,College.Pl,2020-01-21 20:33:51.269431
2019-11-02,01:15,23.4,22.0,99.3,,E@0.9,2.8,0.03,0,37.5,23.3,"College.Pl (College Place), Walla Walla County",300133,College.Pl,2020-01-21 20:33:51.269431
2019-11-02,01:30,23.2,21.8,99.3,,E@0.2,2.4,0.04,0,37.5,23.1,"College.Pl (College Place), Walla Walla County",300133,College.Pl,2020-01-21 20:33:51.269431
2019-11-02,01:45,23.7,22.3,99.2,,N @0.0,0.0,0.04,0,37.5,23.6,"College.Pl (College Place), Walla Walla County",300133,College.Pl,2020-01-21 20:33:51.269431
2019-11-02,02:00,23.6,22.1,99.3,,N @0.0,0.0,0.05,0,37.5,23.5,"College.Pl (College Place), Walla Walla County",300133,College.Pl,2020-01-21 20:33:51.269431
2019-11-02,02:15,23.0,21.5,99.3,,N @0.0,0.0,0.06,0,37.5,22.9,"College.Pl (College Place), Walla Walla County",300133,College.Pl,2020-01-21 20:33:51.269431
2019-11-02,02:30,22.6,21.1,99.3,,N @0.0,0.0,0.08,0,37.5,22.5,"College.Pl (College Place), Walla Walla County",300133,College.Pl,2020-01-21 20:33:51.269431
2019-11-02,02:45,22.6,21.1,99.3,,N @0.0,0.0,0.05,0,37.5,22.4,"College.Pl (College Place), Walla Walla County",300133,College.Pl,2020-01-21 20:33:51.269431
2019-11-02,03:00,22.5,21.0,99.3,,N @0.0,0.0,0.03,0,37.5,22.4,"College.Pl (College Place), Walla Walla County",300133,College.Pl,2020-01-21 20:33:51.269431
2019-11-02,03:15,21.7,20.1,99.3,,E@2.2,4.2,0.03,0,37.5,21.6,"College.Pl (College Place), Walla Walla County",300133,College.Pl,2020-01-21 20:33:51.269431
2019-11-02,03:30,22.1,20.6,99.3,,E@3.3,4.2,0.03,0,37.5,22.1,"College.Pl (College Place), Walla Walla County",300133,College.Pl,2020-01-21 20:33:51.269431
2019-11-02,03:45,22.8,21.2,99.3,,E@2.8,3.5,0.03,0,37.5,22.6,"College.Pl (College Place), Walla Walla County",300133,College.Pl,2020-01-21 20:33:51.269431
2019-11-02,04:00,22.2,20.7,99.3,,E@3.1,3.9,0.03,0,37.5,22.1,"College.Pl (College Place), Walla Walla County",300133,College.Pl,2020-01-21 20:33:51.269431
2019-11-02,04:15,22.0,20.4,99.3,,E@3.4,4.6,0.03,0,37.5,21.9,"College.Pl (College Place), Walla Walla County",300133,College.Pl,2020-01-21 20:33:51.269431
2019-11-02,04:30,22.7,21.1,99.2,,E@2.2,3.5,0.03,0,37.5,22.6,"College.Pl (College Place), Walla Walla County",300133,College.Pl,2020-01-21 20:33:51.269431
2019-11-02,04:45,22.5,20.9,99.2,,E@0.8,2.8,0.03,0,37.5,22.3,"College.Pl (College Place), Walla Walla County",300133,College.Pl,2020-01-21 20:33:51.269431
2019-11-02,05:00,21.9,20.3,99.3,,E@1.2,3.1,0.02,0,37.5,21.8,"College.Pl (College Place), Walla Walla County",300133,College.Pl,2020-01-21 20:33:51.269431
2019-11-02,05:15,21.8,20.2,99.3,,NE@1.0,3.5,0.02,0,37.4,21.6,"College.Pl (College Place), Walla Walla County",300133,College.Pl,2020-01-21 20:33:51.269431
2019-11-02,05:30,21.1,19.4,99.3,,E@3.0,4.2,0.02,0,37.4,21.0,"College.Pl (College Place), Walla Walla County",300133,College.Pl,2020-01-21 20:33:51.269431
2019-11-02,05:45,22.7,21.0,98.4,,E@1.8,3.5,0.03,0,37.4,22.6,"College.Pl (College Place), Walla Walla County",300133,College.Pl,2020-01-21 20:33:51.269431
2019-11-02,06:00,22.2,20.5,98.7,,N @0.0,0.0,0.02,0,37.4,22.1,"College.Pl (College Place), Walla Walla County",300133,College.Pl,2020-01-21 20:33:51.269431
2019-11-02,06:15,21.1,19.4,99.3,,N @0.0,0.0,0.02,0,37.4,21.0,"College.Pl (College Place), Walla Walla County",300133,College.Pl,2020-01-21 20:33:51.269431
2019-11-02,06:30,20.2,18.4,99.3,,N @0.0,0.0,0.02,2,37.4,20.0,"College.Pl (College Place), Walla Walla County",300133,College.Pl,2020-01-21 20:33:51.269431
2019-11-02,06:45,20.6,18.9,99.4,,E@1.5,3.5,0.02,7,37.4,20.5,"College.Pl (College Place), Walla Walla County",300133,College.Pl,2020-01-21 20:33:51.269431
2019-11-02,07:00,21.2,19.6,99.4,,NE@2.6,3.5,0.02,22,37.4,21.1,"College.Pl (College Place), Walla Walla County",300133,College.Pl,2020-01-21 20:33:51.269431
2019-11-02,07:15,22.8,21.3,99.3,,E@2.5,3.1,0.03,66,37.4,22.6,"College.Pl (College Place), Walla Walla County",300133,College.Pl,2020-01-21 20:33:51.269431
2019-11-02,07:30,25.2,23.9,99.1,,E@1.4,2.8,0.05,93,37.4,25.0,"College.Pl (College Place), Walla Walla County",300133,College.Pl,2020-01-21 20:33:51.269431
2019-11-02,07:45,27.0,24.6,93.7,,SE@0.1,1.7,0.06,81,37.4,27.0,"College.Pl (College Place), Walla Walla County",300133,College.Pl,2020-01-21 20:33:51.269431
2019-11-02,08:00,28.5,25.6,91.0,,N @0.0,0.0,0.1,127,37.4,28.4,"College.Pl (College Place), Walla Walla County",300133,College.Pl,2020-01-21 20:33:51.269431
2019-11-02,08:15,29.4,26.5,90.3,,W@0.3,2.8,0.14,202,37.4,29.5,"College.Pl (College Place), Walla Walla County",300133,College.Pl,2020-01-21 20:33:51.269431
2019-11-02,08:30,31.1,27.1,86.0,,W@1.8,3.1,0.11,241,37.4,31.1,"College.Pl (College Place), Walla Walla County",300133,College.Pl,2020-01-21 20:33:51.269431
2019-11-02,08:45,32.7,27.0,79.0,,SW@2.3,3.5,0.0,277,37.4,32.7,"College.Pl (College Place), Walla Walla County",300133,College.Pl,2020-01-21 20:33:51.269431
2019-11-02,09:00,34.5,25.4,69.1,,SW@1.2,2.8,0.0,277,37.4,34.7,"College.Pl (College Place), Walla Walla County",300133,College.Pl,2020-01-21 20:33:51.269431
2019-11-02,09:15,35.5,25.2,65.8,,S@1.5,3.5,0.0,245,37.3,35.4,"College.Pl (College Place), Walla Walla County",300133,College.Pl,2020-01-21 20:33:51.269431
2019-11-02,09:30,36.8,26.0,64.7,,W@1.1,2.8,0.0,333,37.3,36.9,"College.Pl (College Place), Walla Walla County",300133,College.Pl,2020-01-21 20:33:51.269431
2019-11-02,09:45,38.3,24.7,57.7,,W@1.7,3.5,0.0,398,37.3,38.6,"College.Pl (College Place), Walla Walla County",300133,College.Pl,2020-01-21 20:33:51.269431
2019-11-02,10:00,39.3,24.6,55.1,,NW@2.7,4.6,0.0,401,37.3,39.4,"College.Pl (College Place), Walla Walla County",300133,College.Pl,2020-01-21 20:33:51.269431
2019-11-02,10:15,40.8,24.9,52.7,,NW@2.9,4.9,0.0,410,37.3,41.0,"College.Pl (College Place), Walla Walla County",300133,College.Pl,2020-01-21 20:33:51.269431
2019-11-02,10:30,42.4,25.1,50.0,,NW@2.9,5.7,0.0,480,37.3,42.5,"College.Pl (College Place), Walla Walla County",300133,College.Pl,2020-01-21 20:33:51.269431
2019-11-02,10:45,43.4,24.3,46.6,,SW@3.7,6.4,0.0,411,37.3,43.3,"College.Pl (College Place), Walla Walla County",300133,College.Pl,2020-01-21 20:33:51.269431
2019-11-02,11:00,44.0,22.7,42.4,,W@3.6,5.7,0.0,417,37.3,44.1,"College.Pl (College Place), Walla Walla County",300133,College.Pl,2020-01-21 20:33:51.269431
2019-11-02,11:15,45.4,22.5,40.0,,W@3.3,6.0,0.0,470,37.3,45.3,"College.Pl (College Place), Walla Walla County",300133,College.Pl,2020-01-21 20:33:51.269431
2019-11-02,11:30,45.7,22.6,39.6,,W@2.8,4.9,0.0,485,37.3,45.8,"College.Pl (College Place), Walla Walla County",300133,College.Pl,2020-01-21 20:33:51.269431
2019-11-02,11:45,46.0,22.6,39.3,,W@4.1,6.4,0.0,474,37.3,46.0,"College.Pl (College Place), Walla Walla County",300133,College.Pl,2020-01-21 20:33:51.269431
2019-11-02,12:00,45.7,23.1,40.5,,W@3.3,7.8,0.0,480,37.3,45.7,"College.Pl (College Place), Walla Walla County",300133,College.Pl,2020-01-21 20:33:51.269431
2019-11-02,12:15,46.7,23.2,39.2,,SW@4.3,7.8,0.0,476,37.3,46.7,"College.Pl (College Place), Walla Walla County",300133,College.Pl,2020-01-21 20:33:51.269431
2019-11-02,12:30,47.1,22.3,37.2,,W@3.4,7.4,0.0,502,37.2,47.2,"College.Pl (College Place), Walla Walla County",300133,College.Pl,2020-01-21 20:33:51.269431
2019-11-02,12:45,47.7,21.6,35.3,,SW@3.4,6.4,0.0,481,37.2,47.6,"College.Pl (College Place), Walla Walla County",300133,College.Pl,2020-01-21 20:33:51.269431
2019-11-02,13:00,47.8,21.3,34.7,,SW@4.4,7.1,0.0,429,37.2,47.8,"College.Pl (College Place), Walla Walla County",300133,College.Pl,2020-01-21 20:33:51.269431
2019-11-02,13:15,48.2,21.8,34.9,,W@4.3,7.1,0.0,415,37.2,48.3,"College.Pl (College Place), Walla Walla County",300133,College.Pl,2020-01-21 20:33:51.269431
2019-11-02,13:30,48.1,22.0,35.4,,W@2.7,6.7,0.0,416,37.2,48.2,"College.Pl (College Place), Walla Walla County",300133,College.Pl,2020-01-21 20:33:51.269431
2019-11-02,13:45,48.6,22.4,35.3,,W@3.3,7.4,0.0,348,37.2,48.6,"College.Pl (College Place), Walla Walla County",300133,College.Pl,2020-01-21 20:33:51.269431
2019-11-02,14:00,47.4,22.4,36.9,,W@3.7,6.4,0.0,204,37.2,47.6,"College.Pl (College Place), Walla Walla County",300133,College.Pl,2020-01-21 20:33:51.269431
2019-11-02,14:15,47.2,22.8,37.8,,W@2.5,4.9,0.0,211,37.2,47.3,"College.Pl (College Place), Walla Walla County",300133,College.Pl,2020-01-21 20:33:51.269431
2019-11-02,14:30,48.5,22.7,36.0,,W@2.5,4.9,0.0,273,37.2,48.5,"College.Pl (College Place), Walla Walla County",300133,College.Pl,2020-01-21 20:33:51.269431
2019-11-02,14:45,48.6,22.8,35.9,,SW@1.9,6.4,0.0,243,37.2,48.7,"College.Pl (College Place), Walla Walla County",300133,College.Pl,2020-01-21 20:33:51.269431
2019-11-02,15:00,48.7,22.8,35.8,,SW@0.7,4.6,0.0,230,37.2,48.7,"College.Pl (College Place), Walla Walla County",300133,College.Pl,2020-01-21 20:33:51.269431
2019-11-02,15:15,48.4,23.3,36.9,,SW@2.1,5.3,0.0,204,37.2,48.4,"College.Pl (College Place), Walla Walla County",300133,College.Pl,2020-01-21 20:33:51.269431
2019-11-02,15:30,48.2,23.2,37.1,,W@3.0,5.3,0.0,163,37.2,48.2,"College.Pl (College Place), Walla Walla County",300133,College.Pl,2020-01-21 20:33:51.269431
2019-11-02,15:45,47.7,23.5,38.2,,SW@1.2,4.6,0.0,127,37.2,47.6,"College.Pl (College Place), Walla Walla County",300133,College.Pl,2020-01-21 20:33:51.269431
2019-11-02,16:00,46.7,23.9,40.5,,SW@1.9,4.2,0.0,88,37.2,46.7,"College.Pl (College Place), Walla Walla County",300133,College.Pl,2020-01-21 20:33:51.269431
2019-11-02,16:15,45.5,24.3,43.0,,SW@1.2,3.9,0.0,60,37.1,45.6,"College.Pl (College Place), Walla Walla County",300133,College.Pl,2020-01-21 20:33:51.269431
2019-11-02,16:30,44.7,24.0,43.7,,NW@1.2,2.8,0.0,26,37.1,44.9,"College.Pl (College Place), Walla Walla County",300133,College.Pl,2020-01-21 20:33:51.269431
2019-11-02,16:45,42.5,24.6,48.8,,E@0.6,2.1,0.0,8,37.1,42.5,"College.Pl (College Place), Walla Walla County",300133,College.Pl,2020-01-21 20:33:51.269431
2019-11-02,17:00,40.2,24.6,53.2,,E@1.6,2.1,0.0,3,37.1,40.2,"College.Pl (College Place), Walla Walla County",300133,College.Pl,2020-01-21 20:33:51.269431
2019-11-02,17:15,39.0,24.6,55.7,,NE@1.5,3.5,0.0,0,37.1,38.8,"College.Pl (College Place), Walla Walla County",300133,College.Pl,2020-01-21 20:33:51.269431
2019-11-02,17:30,37.6,25.0,60.1,,NE@2.0,3.1,0.0,0,37.1,37.0,"College.Pl (College Place), Walla Walla County",300133,College.Pl,2020-01-21 20:33:51.269431
2019-11-02,17:45,38.4,24.3,56.3,,SE@2.1,3.1,0.0,0,37.1,38.4,"College.Pl (College Place), Walla Walla County",300133,College.Pl,2020-01-21 20:33:51.269431
2019-11-02,18:00,36.7,23.8,59.3,,SE@1.7,3.9,0.0,0,37.1,36.5,"College.Pl (College Place), Walla Walla County",300133,College.Pl,2020-01-21 20:33:51.269431
2019-11-02,18:15,34.8,24.7,66.4,,E@1.3,4.2,0.0,0,37.1,34.7,"College.Pl (College Place), Walla Walla County",300133,College.Pl,2020-01-21 20:33:51.269431
2019-11-02,18:30,34.2,25.1,69.2,,E@1.3,4.9,0.0,0,37.1,34.2,"College.Pl (College Place), Walla Walla County",300133,College.Pl,2020-01-21 20:33:51.269431
2019-11-02,18:45,33.2,25.5,73.2,,E@1.3,3.5,0.0,0,37.1,33.1,"College.Pl (College Place), Walla Walla County",300133,College.Pl,2020-01-21 20:33:51.269431
2019-11-02,19:00,32.8,25.5,74.0,,SE@0.8,3.9,0.0,0,37.1,32.7,"College.Pl (College Place), Walla Walla County",300133,College.Pl,2020-01-21 20:33:51.269431
2019-11-02,19:15,31.6,26.0,80.1,,E@0.9,3.9,0.0,0,37.1,31.5,"College.Pl (College Place), Walla Walla County",300133,College.Pl,2020-01-21 20:33:51.269431
2019-11-02,19:30,30.1,26.8,88.5,,E@1.4,3.9,0.01,0,37.1,30.1,"College.Pl (College Place), Walla Walla County",300133,College.Pl,2020-01-21 20:33:51.269431
2019-11-02,19:45,29.8,26.6,89.5,,E@2.5,3.5,0.01,0,37.1,29.7,"College.Pl (College Place), Walla Walla County",300133,College.Pl,2020-01-21 20:33:51.269431
2019-11-02,20:00,30.2,26.1,85.7,,E@0.4,2.4,0.01,0,37.1,30.1,"College.Pl (College Place), Walla Walla County",300133,College.Pl,2020-01-21 20:33:51.269431
2019-11-02,20:15,30.0,26.0,86.5,,E@1.9,3.1,0.01,0,37.1,29.9,"College.Pl (College Place), Walla Walla County",300133,College.Pl,2020-01-21 20:33:51.269431
2019-11-02,20:30,29.3,25.4,87.1,,SE@2.3,3.1,0.01,0,37.1,29.2,"College.Pl (College Place), Walla Walla County",300133,College.Pl,2020-01-21 20:33:51.269431
2019-11-02,20:45,29.1,25.3,87.7,,E@2.7,3.9,0.01,0,37.1,29.0,"College.Pl (College Place), Walla Walla County",300133,College.Pl,2020-01-21 20:33:51.269431
2019-11-02,21:00,28.9,25.7,89.4,,E@2.8,4.2,0.01,0,37.1,28.9,"College.Pl (College Place), Walla Walla County",300133,College.Pl,2020-01-21 20:33:51.269431
2019-11-02,21:15,29.2,26.1,89.8,,E@0.7,3.5,0.01,0,37.1,29.2,"College.Pl (College Place), Walla Walla County",300133,College.Pl,2020-01-21 20:33:51.269431
2019-11-02,21:30,29.1,26.4,91.5,,NE@0.0,1.7,0.01,0,37.1,29.0,"College.Pl (College Place), Walla Walla County",300133,College.Pl,2020-01-21 20:33:51.269431
2019-11-02,21:45,27.9,25.4,92.8,,N @0.0,0.0,0.01,0,37.1,27.8,"College.Pl (College Place), Walla Walla County",300133,College.Pl,2020-01-21 20:33:51.269431
2019-11-02,22:00,28.0,25.5,92.6,,E@0.0,2.1,0.01,0,37.1,27.9,"College.Pl (College Place), Walla Walla County",300133,College.Pl,2020-01-21 20:33:51.269431
2019-11-02,22:15,27.8,26.0,96.0,,E@0.0,1.7,0.02,0,37.1,27.7,"College.Pl (College Place), Walla Walla County",300133,College.Pl,2020-01-21 20:33:51.269431
2019-11-02,22:30,27.3,25.8,96.9,,E@0.0,1.4,0.02,0,37.1,27.2,"College.Pl (College Place), Walla Walla County",300133,College.Pl,2020-01-21 20:33:51.269431
2019-11-02,22:45,27.5,25.8,96.4,,NE@0.0,1.4,0.02,0,37.1,27.4,"College.Pl (College Place), Walla Walla County",300133,College.Pl,2020-01-21 20:33:51.269431
2019-11-02,23:00,27.6,26.2,97.4,,E@0.1,2.1,0.02,0,37.1,27.5,"College.Pl (College Place), Walla Walla County",300133,College.Pl,2020-01-21 20:33:51.269431
2019-11-02,23:15,27.1,25.9,98.7,,N @0.0,0.0,0.03,0,37.1,26.9,"College.Pl (College Place), Walla Walla County",300133,College.Pl,2020-01-21 20:33:51.269431
2019-11-02,23:30,27.1,26.0,98.7,,E@0.0,1.4,0.03,0,37.1,27.0,"College.Pl (College Place), Walla Walla County",300133,College.Pl,2020-01-21 20:33:51.269431
2019-11-02,23:45,27.3,25.4,95.3,,E@0.0,1.4,0.01,0,37.1,27.3,"College.Pl (College Place), Walla Walla County",300133,College.Pl,2020-01-21 20:33:51.269431
2019-11-02,24:00,27.7,25.7,94.7,,E@0.0,1.4,0.01,0,37.1,27.7,"College.Pl (College Place), Walla Walla County",300133,College.Pl,2020-01-21 20:33:51.269431
2019-11-03,00:15,27.9,25.7,93.8,,SE@0.0,1.4,0.01,0,37.1,27.8,"College.Pl (College Place), Walla Walla County",300133,College.Pl,2020-01-21 20:33:51.269431
2019-11-03,00:30,28.1,26.2,94.8,,SE@0.0,1.4,0.01,0,37.1,28.0,"College.Pl (College Place), Walla Walla County",300133,College.Pl,2020-01-21 20:33:51.269431
2019-11-03,00:45,27.0,25.9,99.1,,N @0.0,0.0,0.02,0,37.1,26.9,"College.Pl (College Place), Walla Walla County",300133,College.Pl,2020-01-21 20:33:51.269431
2019-11-03,01:00,26.8,25.7,99.2,,N @0.0,0.0,0.03,0,37.0,26.6,"College.Pl (College Place), Walla Walla County",300133,College.Pl,2020-01-21 20:33:51.269431
2019-11-03,01:15,26.9,25.9,99.3,,N @0.0,0.0,0.03,0,37.0,26.8,"College.Pl (College Place), Walla Walla County",300133,College.Pl,2020-01-21 20:33:51.269431
2019-11-03,01:30,27.7,26.4,97.9,,N @0.0,0.0,0.03,0,37.0,27.6,"College.Pl (College Place), Walla Walla County",300133,College.Pl,2020-01-21 20:33:51.269431
2019-11-03,01:45,27.4,26.1,97.6,,N @0.0,0.0,0.03,0,37.0,27.3,"College.Pl (College Place), Walla Walla County",300133,College.Pl,2020-01-21 20:33:51.269431
2019-11-03,02:00,27.4,26.1,98.0,,E@0.0,1.4,0.03,0,37.0,27.2,"College.Pl (College Place), Walla Walla County",300133,College.Pl,2020-01-21 20:33:51.269431
2019-11-03,02:15,26.4,25.2,99.1,,S@0.0,1.4,0.03,0,37.0,26.3,"College.Pl (College Place), Walla Walla County",300133,College.Pl,2020-01-21 20:33:51.269431
2019-11-03,02:30,26.1,24.9,99.3,,N @0.0,0.0,0.04,0,37.0,26.0,"College.Pl (College Place), Walla Walla County",300133,College.Pl,2020-01-21 20:33:51.269431
2019-11-03,02:45,25.7,24.6,99.3,,SE@0.0,1.7,0.05,0,37.0,25.6,"College.Pl (College Place), Walla Walla County",300133,College.Pl,2020-01-21 20:33:51.269431
2019-11-03,03:00,26.1,25.0,99.3,,E@0.0,1.4,0.04,0,37.0,26.0,"College.Pl (College Place), Walla Walla County",300133,College.Pl,2020-01-21 20:33:51.269431
2019-11-03,03:15,25.2,24.0,99.4,,N @0.0,0.0,0.07,0,37.0,25.2,"College.Pl (College Place), Walla Walla County",300133,College.Pl,2020-01-21 20:33:51.269431
2019-11-03,03:30,25.4,24.2,99.4,,N @0.0,0.0,0.08,0,37.0,25.4,"College.Pl (College Place), Walla Walla County",300133,College.Pl,2020-01-21 20:33:51.269431
2019-11-03,03:45,25.6,24.4,99.3,,N @0.0,0.0,0.09,0,37.0,25.5,"College.Pl (College Place), Walla Walla County",300133,College.Pl,2020-01-21 20:33:51.269431
2019-11-03,04:00,25.4,24.2,99.4,,N @0.0,0.0,0.09,0,37.0,25.3,"College.Pl (College Place), Walla Walla County",300133,College.Pl,2020-01-21 20:33:51.269431
2019-11-03,04:15,26.5,25.4,99.3,,N @0.0,0.0,0.08,0,37.0,26.4,"College.Pl (College Place), Walla Walla County",300133,College.Pl,2020-01-21 20:33:51.269431
2019-11-03,04:30,26.7,25.6,99.3,,N @0.0,0.0,0.07,0,37.0,26.4,"College.Pl (College Place), Walla Walla County",300133,College.Pl,2020-01-21 20:33:51.269431
2019-11-03,04:45,25.8,24.6,99.3,,N @0.0,0.0,0.09,0,37.0,25.6,"College.Pl (College Place), Walla Walla County",300133,College.Pl,2020-01-21 20:33:51.269431
2019-11-03,05:00,25.7,24.6,99.3,,N @0.0,0.0,0.1,0,37.0,25.6,"College.Pl (College Place), Walla Walla County",300133,College.Pl,2020-01-21 20:33:51.269431
2019-11-03,05:15,24.9,23.6,99.3,,E@0.0,1.4,0.1,0,37.0,24.7,"College.Pl (College Place), Walla Walla County",300133,College.Pl,2020-01-21 20:33:51.269431
2019-11-03,05:30,24.4,23.1,99.3,,N @0.0,0.0,0.08,0,37.0,24.3,"College.Pl (College Place), Walla Walla County",300133,College.Pl,2020-01-21 20:33:51.269431
2019-11-03,05:45,24.4,23.1,99.3,,NE@0.0,1.4,0.05,0,37.0,24.4,"College.Pl (College Place), Walla Walla County",300133,College.Pl,2020-01-21 20:33:51.269431
2019-11-03,06:00,23.9,22.6,99.4,,NE@0.0,1.4,0.05,0,37.0,23.9,"College.Pl (College Place), Walla Walla County",300133,College.Pl,2020-01-21 20:33:51.269431
2019-11-03,06:15,24.4,23.1,99.4,,N @0.0,0.0,0.05,0,37.0,24.4,"College.Pl (College Place), Walla Walla County",300133,College.Pl,2020-01-21 20:33:51.269431
2019-11-03,06:30,24.4,23.1,99.3,,N @0.0,0.0,0.05,0,37.0,24.3,"College.Pl (College Place), Walla Walla County",300133,College.Pl,2020-01-21 20:33:51.269431
2019-11-03,06:45,24.6,23.4,99.4,,N @0.0,0.0,0.05,5,37.0,24.6,"College.Pl (College Place), Walla Walla County",300133,College.Pl,2020-01-21 20:33:51.269431
2019-11-03,07:00,24.9,23.6,99.3,,N @0.0,0.0,0.05,19,37.0,24.8,"College.Pl (College Place), Walla Walla County",300133,College.Pl,2020-01-21 20:33:51.269431
2019-11-03,07:15,24.9,23.7,99.3,,N @0.0,0.0,0.05,36,37.0,24.8,"College.Pl (College Place), Walla Walla County",300133,College.Pl,2020-01-21 20:33:51.269431
2019-11-03,07:30,26.0,24.9,99.3,,N @0.0,0.0,0.06,59,37.0,25.9,"College.Pl (College Place), Walla Walla County",300133,College.Pl,2020-01-21 20:33:51.269431
2019-11-03,07:45,28.1,27.2,99.2,,N @0.0,0.0,0.09,92,37.0,28.0,"College.Pl (College Place), Walla Walla County",300133,College.Pl,2020-01-21 20:33:51.269431
2019-11-03,08:00,28.7,27.9,99.1,,N@0.4,2.4,0.13,126,37.0,28.9,"College.Pl (College Place), Walla Walla County",300133,College.Pl,2020-01-21 20:33:51.269431
2019-11-03,08:15,30.4,28.7,94.8,,SW@0.0,1.4,0.05,152,37.0,30.5,"College.Pl (College Place), Walla Walla County",300133,College.Pl,2020-01-21 20:33:51.269431
2019-11-03,08:30,32.1,29.2,88.9,,W@0.7,3.1,0.0,195,37.0,32.3,"College.Pl (College Place), Walla Walla County",300133,College.Pl,2020-01-21 20:33:51.269431
2019-11-03,08:45,33.5,30.5,88.4,,W@2.1,3.9,0.0,224,37.0,33.7,"College.Pl (College Place), Walla Walla County",300133,College.Pl,2020-01-21 20:33:51.269431
2019-11-03,09:00,34.9,30.5,83.7,,SW@2.3,3.9,0.0,247,37.0,34.9,"College.Pl (College Place), Walla Walla County",300133,College.Pl,2020-01-21 20:33:51.269431
2019-11-03,09:15,35.8,30.3,80.2,,SW@2.2,4.2,0.0,258,37.0,36.0,"College.Pl (College Place), Walla Walla County",300133,College.Pl,2020-01-21 20:33:51.269431
2019-11-03,09:30,36.9,30.2,76.5,,W@2.1,3.5,0.0,284,37.0,37.0,"College.Pl (College Place), Walla Walla County",300133,College.Pl,2020-01-21 20:33:51.269431
2019-11-03,09:45,38.2,30.1,72.1,,W@2.5,4.6,0.0,337,37.0,38.3,"College.Pl (College Place), Walla Walla County",300133,College.Pl,2020-01-21 20:33:51.269431
2019-11-03,10:00,39.3,29.7,68.0,,SW@2.3,4.2,0.0,329,37.0,39.4,"College.Pl (College Place), Walla Walla County",300133,College.Pl,2020-01-21 20:33:51.269431
2019-11-03,10:15,39.9,29.1,64.9,,W@2.6,4.2,0.0,359,37.0,40.0,"College.Pl (College Place), Walla Walla County",300133,College.Pl,2020-01-21 20:33:51.269431
2019-11-03,10:30,41.0,29.4,62.9,,W@2.1,4.6,0.0,384,37.0,41.1,"College.Pl (College Place), Walla Walla County",300133,College.Pl,2020-01-21 20:33:51.269431
2019-11-03,10:45,42.4,29.1,59.1,,SW@1.4,4.2,0.0,399,37.0,42.4,"College.Pl (College Place), Walla Walla County",300133,College.Pl,2020-01-21 20:33:51.269431
2019-11-03,11:00,42.7,28.3,56.5,,W@0.7,4.9,0.0,366,37.0,42.8,"College.Pl (College Place), Walla Walla County",300133,College.Pl,2020-01-21 20:33:51.269431
2019-11-03,11:15,43.5,28.3,54.9,,W@2.3,4.9,0.0,409,37.0,43.5,"College.Pl (College Place), Walla Walla County",300133,College.Pl,2020-01-21 20:33:51.269431
2019-11-03,11:30,44.8,27.8,51.1,,W@2.6,4.9,0.0,458,37.0,44.9,"College.Pl (College Place), Walla Walla County",300133,College.Pl,2020-01-21 20:33:51.269431
2019-11-03,11:45,45.5,27.7,49.5,,W@3.1,4.9,0.0,386,37.0,45.6,"College.Pl (College Place), Walla Walla County",300133,College.Pl,2020-01-21 20:33:51.269431
2019-11-03,12:00,47.2,27.6,46.2,,W@1.9,4.6,0.0,449,37.0,47.3,"College.Pl (College Place), Walla Walla County",300133,College.Pl,2020-01-21 20:33:51.269431
2019-11-03,12:15,47.3,27.7,46.3,,NW@1.5,5.3,0.0,409,37.0,47.3,"College.Pl (College Place), Walla Walla County",300133,College.Pl,2020-01-21 20:33:51.269431
2019-11-03,12:30,49.0,27.1,42.2,,NW@0.7,3.1,0.0,390,37.0,49.1,"College.Pl (College Place), Walla Walla County",300133,College.Pl,2020-01-21 20:33:51.269431
2019-11-03,12:45,49.4,27.3,42.1,,NW@0.6,4.2,0.0,372,37.0,49.3,"College.Pl (College Place), Walla Walla County",300133,College.Pl,2020-01-21 20:33:51.269431
2019-11-03,13:00,49.0,26.6,41.4,,NW@0.1,4.9,0.0,287,37.0,49.1,"College.Pl (College Place), Walla Walla County",300133,College.Pl,2020-01-21 20:33:51.269431
2019-11-03,13:15,49.0,26.9,42.0,,NW@0.4,6.0,0.0,309,37.0,49.0,"College.Pl (College Place), Walla Walla County",300133,College.Pl,2020-01-21 20:33:51.269431
2019-11-03,13:30,49.1,26.5,41.1,,NW@2.1,5.7,0.0,309,37.0,49.3,"College.Pl (College Place), Walla Walla County",300133,College.Pl,2020-01-21 20:33:51.269431
2019-11-03,13:45,49.9,26.5,40.0,,NW@3.1,4.2,0.0,322,36.9,50.1,"College.Pl (College Place), Walla Walla County",300133,College.Pl,2020-01-21 20:33:51.269431
2019-11-03,14:00,50.2,26.3,39.0,,NW@2.0,5.3,0.0,289,36.9,50.5,"College.Pl (College Place), Walla Walla County",300133,College.Pl,2020-01-21 20:33:51.269431
2019-11-03,14:15,50.9,26.8,38.8,,NW@2.1,4.6,0.0,305,36.9,51.1,"College.Pl (College Place), Walla Walla County",300133,College.Pl,2020-01-21 20:33:51.269431
2019-11-03,14:30,51.2,26.7,38.4,,N@0.9,3.5,0.0,279,36.9,51.5,"College.Pl (College Place), Walla Walla County",300133,College.Pl,2020-01-21 20:33:51.269431
2019-11-03,14:45,51.0,26.4,38.2,,SW@0.1,2.4,0.0,218,36.9,51.0,"College.Pl (College Place), Walla Walla County",300133,College.Pl,2020-01-21 20:33:51.269431
2019-11-03,15:00,51.3,26.4,37.7,,SW@0.1,1.7,0.0,159,36.9,51.4,"College.Pl (College Place), Walla Walla County",300133,College.Pl,2020-01-21 20:33:51.269431
2019-11-03,15:15,51.3,26.4,37.8,,W@0.8,2.8,0.0,141,36.9,51.5,"College.Pl (College Place), Walla Walla County",300133,College.Pl,2020-01-21 20:33:51.269431
2019-11-03,15:30,50.7,26.6,38.8,,W@0.1,2.8,0.0,142,36.9,50.8,"College.Pl (College Place), Walla Walla County",300133,College.Pl,2020-01-21 20:33:51.269431
2019-11-03,15:45,51.0,26.4,38.2,,NW@1.8,3.1,0.0,127,36.9,51.1,"College.Pl (College Place), Walla Walla County",300133,College.Pl,2020-01-21 20:33:51.269431
2019-11-03,16:00,50.5,27.4,40.5,,W@2.0,2.8,0.0,90,36.9,50.5,"College.Pl (College Place), Walla Walla County",300133,College.Pl,2020-01-21 20:33:51.269431
2019-11-03,16:15,48.7,27.5,43.5,,SW@2.4,3.1,0.0,48,36.9,48.7,"College.Pl (College Place), Walla Walla County",300133,College.Pl,2020-01-21 20:33:51.269431
2019-11-03,16:30,47.0,27.9,47.2,,SW@0.9,2.4,0.0,18,36.9,47.0,"College.Pl (College Place), Walla Walla County",300133,College.Pl,2020-01-21 20:33:51.269431
2019-11-03,16:45,45.5,28.2,50.6,,N @0.0,0.0,0.0,6,36.9,45.4,"College.Pl (College Place), Walla Walla County",300133,College.Pl,2020-01-21 20:33:51.269431
2019-11-03,17:00,44.1,28.6,54.3,,N @0.0,0.0,0.0,2,36.9,44.0,"College.Pl (College Place), Walla Walla County",300133,College.Pl,2020-01-21 20:33:51.269431
2019-11-03,17:15,42.5,28.1,56.4,,E@0.6,3.5,0.0,0,36.9,42.1,"College.Pl (College Place), Walla Walla County",300133,College.Pl,2020-01-21 20:33:51.269431
2019-11-03,17:30,39.5,28.5,64.4,,E@0.7,3.5,0.0,0,36.9,39.1,"College.Pl (College Place), Walla Walla County",300133,College.Pl,2020-01-21 20:33:51.269431
2019-11-03,17:45,38.6,28.3,66.1,,E@2.3,3.9,0.0,0,36.9,38.2,"College.Pl (College Place), Walla Walla County",300133,College.Pl,2020-01-21 20:33:51.269431
2019-11-03,18:00,37.7,28.4,68.7,,E@3.1,4.2,0.0,0,36.9,37.7,"College.Pl (College Place), Walla Walla County",300133,College.Pl,2020-01-21 20:33:51.269431
2019-11-03,18:15,37.0,28.8,71.8,,E@2.8,3.9,0.0,0,36.9,36.9,"College.Pl (College Place), Walla Walla County",300133,College.Pl,2020-01-21 20:33:51.269431
2019-11-03,18:30,35.3,29.2,78.0,,E@2.6,3.5,0.0,0,36.9,35.2,"College.Pl (College Place), Walla Walla County",300133,College.Pl,2020-01-21 20:33:51.269431
2019-11-03,18:45,35.1,29.1,78.7,,E@2.7,3.5,0.0,0,36.9,35.0,"College.Pl (College Place), Walla Walla County",300133,College.Pl,2020-01-21 20:33:51.269431
2019-11-03,19:00,34.2,29.2,81.7,,SE@1.9,3.1,0.0,0,36.9,34.1,"College.Pl (College Place), Walla Walla County",300133,College.Pl,2020-01-21 20:33:51.269431
2019-11-03,19:15,33.8,29.2,83.3,,SE@1.8,4.9,0.01,0,36.9,33.7,"College.Pl (College Place), Walla Walla County",300133,College.Pl,2020-01-21 20:33:51.269431
2019-11-03,19:30,32.8,30.0,89.1,,E@3.9,4.9,0.01,0,36.9,32.8,"College.Pl (College Place), Walla Walla County",300133,College.Pl,2020-01-21 20:33:51.269431
2019-11-03,19:45,32.2,29.6,89.9,,SE@1.7,3.1,0.01,0,36.9,32.1,"College.Pl (College Place), Walla Walla County",300133,College.Pl,2020-01-21 20:33:51.269431
2019-11-03,20:00,32.6,29.2,87.2,,SE@1.1,3.5,0.01,0,36.9,32.4,"College.Pl (College Place), Walla Walla County",300133,College.Pl,2020-01-21 20:33:51.269431
2019-11-03,20:15,30.7,29.6,96.9,,NE@0.8,4.2,0.02,0,36.9,30.6,"College.Pl (College Place), Walla Walla County",300133,College.Pl,2020-01-21 20:33:51.269431
2019-11-03,20:30,31.3,28.9,91.7,,N @0.0,0.0,0.01,0,36.9,31.2,"College.Pl (College Place), Walla Walla County",300133,College.Pl,2020-01-21 20:33:51.269431
2019-11-03,20:45,31.3,29.1,92.1,,N @0.0,0.0,0.01,0,36.9,31.3,"College.Pl (College Place), Walla Walla County",300133,College.Pl,2020-01-21 20:33:51.269431
2019-11-03,21:00,31.4,29.5,93.1,,E@0.2,3.1,0.01,0,36.9,31.4,"College.Pl (College Place), Walla Walla County",300133,College.Pl,2020-01-21 20:33:51.269431
2019-11-03,21:15,30.4,29.3,97.2,,E@1.6,4.2,0.02,0,36.9,30.3,"College.Pl (College Place), Walla Walla County",300133,College.Pl,2020-01-21 20:33:51.269431
2019-11-03,21:30,29.7,29.1,99.3,,E@1.1,4.2,0.03,0,36.9,29.7,"College.Pl (College Place), Walla Walla County",300133,College.Pl,2020-01-21 20:33:51.269431
2019-11-03,21:45,30.5,29.7,98.2,,N @0.0,0.0,0.02,0,36.9,30.4,"College.Pl (College Place), Walla Walla County",300133,College.Pl,2020-01-21 20:33:51.269431
2019-11-03,22:00,29.8,29.0,98.7,,NE@0.4,2.8,0.02,0,36.9,29.7,"College.Pl (College Place), Walla Walla County",300133,College.Pl,2020-01-21 20:33:51.269431
2019-11-03,22:15,29.4,28.7,98.9,,E@2.4,3.5,0.03,0,36.9,29.4,"College.Pl (College Place), Walla Walla County",300133,College.Pl,2020-01-21 20:33:51.269431
2019-11-03,22:30,30.0,28.6,96.1,,SE@0.2,2.4,0.02,0,36.9,29.8,"College.Pl (College Place), Walla Walla County",300133,College.Pl,2020-01-21 20:33:51.269431
2019-11-03,22:45,29.8,28.7,97.2,,SE@0.3,2.4,0.03,0,36.9,29.7,"College.Pl (College Place), Walla Walla County",300133,College.Pl,2020-01-21 20:33:51.269431
2019-11-03,23:00,29.4,28.6,98.8,,E@2.3,3.1,0.04,0,36.9,29.3,"College.Pl (College Place), Walla Walla County",300133,College.Pl,2020-01-21 20:33:51.269431
2019-11-03,23:15,29.2,28.4,99.2,,E@2.2,3.9,0.03,0,36.9,29.1,"College.Pl (College Place), Walla Walla County",300133,College.Pl,2020-01-21 20:33:51.269431
2019-11-03,23:30,28.4,27.6,99.3,,E@0.7,3.1,0.03,0,36.9,28.4,"College.Pl (College Place), Walla Walla County",300133,College.Pl,2020-01-21 20:33:51.269431
2019-11-03,23:45,29.0,28.3,99.3,,E@0.8,3.5,0.05,0,36.9,28.9,"College.Pl (College Place), Walla Walla County",300133,College.Pl,2020-01-21 20:33:51.269431
2019-11-03,24:00,29.0,28.3,99.3,,E@2.6,3.5,0.04,0,36.9,28.9,"College.Pl (College Place), Walla Walla County",300133,College.Pl,2020-01-21 20:33:51.269431
2019-11-04,00:15,28.6,27.8,99.3,,E@0.4,2.8,0.03,0,36.9,28.5,"College.Pl (College Place), Walla Walla County",300133,College.Pl,2020-01-21 20:33:51.269431
2019-11-04,00:30,28.8,28.1,99.2,,S@0.0,1.4,0.05,0,36.9,28.7,"College.Pl (College Place), Walla Walla County",300133,College.Pl,2020-01-21 20:33:51.269431
2019-11-04,00:45,28.6,27.8,99.3,,N @0.0,0.0,0.08,0,36.9,28.4,"College.Pl (College Place), Walla Walla County",300133,College.Pl,2020-01-21 20:33:51.269431
2019-11-04,01:00,28.7,27.9,99.3,,E@1.6,2.8,0.08,0,36.9,28.6,"College.Pl (College Place), Walla Walla County",300133,College.Pl,2020-01-21 20:33:51.269431
2019-11-04,01:15,28.5,27.7,99.3,,E@0.2,2.8,0.08,0,36.9,28.4,"College.Pl (College Place), Walla Walla County",300133,College.Pl,2020-01-21 20:33:51.269431
2019-11-04,01:30,27.8,26.9,99.3,,NE@0.1,3.1,0.07,0,36.9,27.8,"College.Pl (College Place), Walla Walla County",300133,College.Pl,2020-01-21 20:33:51.269431
2019-11-04,01:45,27.3,26.3,99.3,,N @0.0,0.0,0.06,0,36.9,27.3,"College.Pl (College Place), Walla Walla County",300133,College.Pl,2020-01-21 20:33:51.269431
2019-11-04,02:00,27.4,26.5,99.3,,E@0.0,1.4,0.07,0,36.9,27.3,"College.Pl (College Place), Walla Walla County",300133,College.Pl,2020-01-21 20:33:51.269431
2019-11-04,02:15,28.0,27.2,99.3,,N @0.0,0.0,0.08,0,36.9,28.0,"College.Pl (College Place), Walla Walla County",300133,College.Pl,2020-01-21 20:33:51.269431
2019-11-04,02:30,28.2,27.4,99.3,,E@1.4,4.2,0.06,0,36.9,28.1,"College.Pl (College Place), Walla Walla County",300133,College.Pl,2020-01-21 20:33:51.269431
2019-11-04,02:45,27.1,26.1,99.4,,E@0.3,2.8,0.08,0,36.9,27.1,"College.Pl (College Place), Walla Walla County",300133,College.Pl,2020-01-21 20:33:51.269431
2019-11-04,03:00,27.4,26.4,99.4,,N @0.0,0.0,0.08,0,36.9,27.4,"College.Pl (College Place), Walla Walla County",300133,College.Pl,2020-01-21 20:33:51.269431
2019-11-04,03:15,27.6,26.7,99.3,,SW@0.8,3.1,0.08,0,36.9,27.5,"College.Pl (College Place), Walla Walla County",300133,College.Pl,2020-01-21 20:33:51.269431
2019-11-04,03:30,26.6,25.6,99.3,,N @0.0,0.0,0.09,0,36.9,26.5,"College.Pl (College Place), Walla Walla County",300133,College.Pl,2020-01-21 20:33:51.269431
2019-11-04,03:45,26.5,25.5,99.4,,N @0.0,0.0,0.12,0,36.9,26.5,"College.Pl (College Place), Walla Walla County",300133,College.Pl,2020-01-21 20:33:51.269431
2019-11-04,04:00,26.6,25.6,99.4,,E@0.2,2.8,0.17,0,36.9,26.4,"College.Pl (College Place), Walla Walla County",300133,College.Pl,2020-01-21 20:33:51.269431
2019-11-04,04:15,26.0,24.9,99.4,,E@0.5,2.8,0.23,0,36.9,25.9,"College.Pl (College Place), Walla Walla County",300133,College.Pl,2020-01-21 20:33:51.269431
2019-11-04,04:30,27.0,26.0,99.4,,NE@0.7,3.1,0.3,0,36.9,26.8,"College.Pl (College Place), Walla Walla County",300133,College.Pl,2020-01-21 20:33:51.269431
2019-11-04,04:45,27.0,26.1,99.4,,NE@1.4,4.6,0.29,0,36.9,27.0,"College.Pl (College Place), Walla Walla County",300133,College.Pl,2020-01-21 20:33:51.269431
2019-11-04,05:00,27.5,26.5,99.4,,N @0.1,3.5,0.28,0,36.9,27.4,"College.Pl (College Place), Walla Walla County",300133,College.Pl,2020-01-21 20:33:51.269431
2019-11-04,05:15,28.0,27.2,99.3,,NE@0.5,2.8,0.24,0,36.9,27.9,"College.Pl (College Place), Walla Walla County",300133,College.Pl,2020-01-21 20:33:51.269431
2019-11-04,05:30,28.4,27.6,99.3,,N @0.8,3.1,0.2,0,36.9,28.5,"College.Pl (College Place), Walla Walla County",300133,College.Pl,2020-01-21 20:33:51.269431
2019-11-04,05:45,26.9,25.9,99.3,,S@0.0,1.4,0.24,0,36.9,26.8,"College.Pl (College Place), Walla Walla County",300133,College.Pl,2020-01-21 20:33:51.269431
2019-11-04,06:00,26.4,25.3,99.4,,S@0.1,2.8,0.29,0,36.9,26.3,"College.Pl (College Place), Walla Walla County",300133,College.Pl,2020-01-21 20:33:51.269431
2019-11-04,06:15,26.4,25.3,99.4,,SW@0.6,3.1,0.35,0,36.9,26.3,"College.Pl (College Place), Walla Walla County",300133,College.Pl,2020-01-21 20:33:51.269431
2019-11-04,06:30,26.3,25.3,99.4,,N @0.0,1.4,0.43,2,36.9,26.2,"College.Pl (College Place), Walla Walla County",300133,College.Pl,2020-01-21 20:33:51.269431
2019-11-04,06:45,25.8,24.6,99.4,,E@0.5,2.8,0.52,4,36.9,25.6,"College.Pl (College Place), Walla Walla County",300133,College.Pl,2020-01-21 20:33:51.269431
2019-11-04,07:00,25.0,23.8,99.4,,E@0.2,2.8,0.56,15,36.9,24.9,"College.Pl (College Place), Walla Walla County",300133,College.Pl,2020-01-21 20:33:51.269431
2019-11-04,07:15,26.4,25.3,99.4,,N @0.0,0.0,0.58,35,36.9,26.3,"College.Pl (College Place), Walla Walla County",300133,College.Pl,2020-01-21 20:33:51.269431
2019-11-04,07:30,27.1,26.2,99.4,,E@0.0,2.8,0.53,64,36.9,27.1,"College.Pl (College Place), Walla Walla County",300133,College.Pl,2020-01-21 20:33:51.269431
2019-11-04,07:45,29.6,29.0,99.4,,N @0.0,0.0,0.31,88,36.9,29.6,"College.Pl (College Place), Walla Walla County",300133,College.Pl,2020-01-21 20:33:51.269431
2019-11-04,08:00,32.2,31.9,98.6,,N @0.0,0.0,0.04,128,36.9,32.2,"College.Pl (College Place), Walla Walla County",300133,College.Pl,2020-01-21 20:33:51.269431
2019-11-04,08:15,34.4,32.3,92.2,,N @0.0,0.0,0.01,167,36.9,34.2,"College.Pl (College Place), Walla Walla County",300133,College.Pl,2020-01-21 20:33:51.269431
2019-11-04,08:30,35.9,33.0,89.1,,W@0.1,1.7,0.0,188,36.9,36.0,"College.Pl (College Place), Walla Walla County",300133,College.Pl,2020-01-21 20:33:51.269431
2019-11-04,08:45,36.6,33.3,87.4,,W@0.9,2.4,0.0,204,36.9,36.7,"College.Pl (College Place), Walla Walla County",300133,College.Pl,2020-01-21 20:33:51.269431
2019-11-04,09:00,37.4,32.3,81.6,,NW@1.3,3.9,0.0,231,36.9,37.4,"College.Pl (College Place), Walla Walla County",300133,College.Pl,2020-01-21 20:33:51.269431
2019-11-04,09:15,38.1,32.1,78.6,,W@1.9,4.2,0.0,284,36.9,38.1,"College.Pl (College Place), Walla Walla County",300133,College.Pl,2020-01-21 20:33:51.269431
2019-11-04,09:30,39.7,32.2,74.2,,SW@1.9,4.2,0.0,317,36.9,39.6,"College.Pl (College Place), Walla Walla County",300133,College.Pl,2020-01-21 20:33:51.269431
2019-11-04,09:45,40.6,31.9,71.0,,W@2.9,4.9,0.0,330,36.9,40.7,"College.Pl (College Place), Walla Walla County",300133,College.Pl,2020-01-21 20:33:51.269431
2019-11-04,10:00,41.7,32.2,68.8,,W@3.2,4.9,0.0,346,36.9,41.8,"College.Pl (College Place), Walla Walla County",300133,College.Pl,2020-01-21 20:33:51.269431
2019-11-04,10:15,42.6,32.2,66.6,,NW@1.6,4.6,0.0,343,36.9,42.7,"College.Pl (College Place), Walla Walla County",300133,College.Pl,2020-01-21 20:33:51.269431
2019-11-04,10:30,43.3,31.9,63.9,,NW@0.6,3.9,0.0,308,36.9,43.4,"College.Pl (College Place), Walla Walla County",300133,College.Pl,2020-01-21 20:33:51.269431
2019-11-04,10:45,44.6,32.0,61.0,,NW@1.1,6.0,0.0,316,36.9,44.7,"College.Pl (College Place), Walla Walla County",300133,College.Pl,2020-01-21 20:33:51.269431
2019-11-04,11:00,46.2,31.8,56.9,,SW@0.8,3.5,0.0,338,36.9,46.2,"College.Pl (College Place), Walla Walla County",300133,College.Pl,2020-01-21 20:33:51.269431
2019-11-04,11:15,47.3,31.0,52.9,,SW@1.1,3.5,0.0,384,36.9,47.3,"College.Pl (College Place), Walla Walla County",300133,College.Pl,2020-01-21 20:33:51.269431
2019-11-04,11:30,48.4,31.2,51.2,,SW@1.7,4.9,0.0,467,36.9,48.4,"College.Pl (College Place), Walla Walla County",300133,College.Pl,2020-01-21 20:33:51.269431
2019-11-04,11:45,50.1,30.8,47.2,,W@0.9,4.6,0.0,492,36.9,50.2,"College.Pl (College Place), Walla Walla County",300133,College.Pl,2020-01-21 20:33:51.269431
2019-11-04,12:00,50.3,30.8,46.9,,NW@0.3,3.1,0.0,465,36.9,50.6,"College.Pl (College Place), Walla Walla County",300133,College.Pl,2020-01-21 20:33:51.269431
2019-11-04,12:15,51.0,31.1,46.1,,NW@0.1,2.1,0.0,428,36.9,51.3,"College.Pl (College Place), Walla Walla County",300133,College.Pl,2020-01-21 20:33:51.269431
2019-11-04,12:30,52.2,31.4,44.9,,N@2.4,4.9,0.0,431,36.9,52.3,"College.Pl (College Place), Walla Walla County",300133,College.Pl,2020-01-21 20:33:51.269431
2019-11-04,12:45,52.4,31.3,44.3,,NW@0.3,3.5,0.0,412,36.9,52.6,"College.Pl (College Place), Walla Walla County",300133,College.Pl,2020-01-21 20:33:51.269431
2019-11-04,13:00,53.7,31.6,42.7,,NW@1.8,5.3,0.0,426,36.9,53.9,"College.Pl (College Place), Walla Walla County",300133,College.Pl,2020-01-21 20:33:51.269431
2019-11-04,13:15,54.2,31.3,41.4,,W@2.0,6.0,0.0,382,36.9,54.4,"College.Pl (College Place), Walla Walla County",300133,College.Pl,2020-01-21 20:33:51.269431
2019-11-04,13:30,53.6,31.5,42.7,,N@1.6,6.4,0.0,276,36.9,54.0,"College.Pl (College Place), Walla Walla County",300133,College.Pl,2020-01-21 20:33:51.269431
2019-11-04,13:45,54.6,31.9,41.7,,NW@1.1,3.9,0.0,329,36.9,54.9,"College.Pl (College Place), Walla Walla County",300133,College.Pl,2020-01-21 20:33:51.269431
2019-11-04,14:00,55.8,31.9,40.1,,W@0.6,4.2,0.0,341,36.9,55.9,"College.Pl (College Place), Walla Walla County",300133,College.Pl,2020-01-21 20:33:51.269431
2019-11-04,14:15,55.7,32.0,40.3,,NW@1.2,5.7,0.0,291,36.9,56.0,"College.Pl (College Place), Walla Walla County",300133,College.Pl,2020-01-21 20:33:51.269431
2019-11-04,14:30,55.4,31.8,40.6,,NW@0.7,3.9,0.0,265,36.9,55.5,"College.Pl (College Place), Walla Walla County",300133,College.Pl,2020-01-21 20:33:51.269431
2019-11-04,14:45,56.3,32.2,39.7,,W@0.3,2.4,0.0,225,36.9,56.5,"College.Pl (College Place), Walla Walla County",300133,College.Pl,2020-01-21 20:33:51.269431
2019-11-04,15:00,56.5,32.2,39.6,,W@0.2,2.4,0.0,194,36.9,56.6,"College.Pl (College Place), Walla Walla County",300133,College.Pl,2020-01-21 20:33:51.269431
2019-11-04,15:15,55.9,32.4,40.8,,W@0.2,2.1,0.0,159,36.9,55.9,"College.Pl (College Place), Walla Walla County",300133,College.Pl,2020-01-21 20:33:51.269431
2019-11-04,15:30,55.3,32.6,41.9,,NW@0.0,1.7,0.0,149,36.9,55.4,"College.Pl (College Place), Walla Walla County",300133,College.Pl,2020-01-21 20:33:51.269431
2019-11-04,15:45,54.4,32.8,43.8,,W@0.3,3.5,0.0,97,36.9,54.5,"College.Pl (College Place), Walla Walla County",300133,College.Pl,2020-01-21 20:33:51.269431
2019-11-04,16:00,51.9,33.1,48.5,,W@1.7,3.5,0.0,52,36.9,51.8,"College.Pl (College Place), Walla Walla County",300133,College.Pl,2020-01-21 20:33:51.269431
2019-11-04,16:15,51.0,33.2,50.3,,SW@1.7,2.8,0.0,46,36.9,51.0,"College.Pl (College Place), Walla Walla County",300133,College.Pl,2020-01-21 20:33:51.269431
2019-11-04,16:30,49.9,33.3,52.5,,E@0.0,1.4,0.0,23,36.9,49.9,"College.Pl (College Place), Walla Walla County",300133,College.Pl,2020-01-21 20:33:51.269431
2019-11-04,16:45,48.4,33.8,56.7,,E@0.6,3.1,0.0,6,36.9,48.4,"College.Pl (College Place), Walla Walla County",300133,College.Pl,2020-01-21 20:33:51.269431
2019-11-04,17:00,45.4,33.4,62.7,,E@1.5,3.1,0.0,2,36.9,45.1,"College.Pl (College Place), Walla Walla County",300133,College.Pl,2020-01-21 20:33:51.269431
2019-11-04,17:15,45.0,33.2,63.1,,E@0.0,1.4,0.0,0,36.9,44.6,"College.Pl (College Place), Walla Walla County",300133,College.Pl,2020-01-21 20:33:51.269431
2019-11-04,17:30,42.7,33.4,69.6,,E@0.0,1.4,0.0,0,36.9,42.4,"College.Pl (College Place), Walla Walla County",300133,College.Pl,2020-01-21 20:33:51.269431
2019-11-04,17:45,41.6,33.5,72.8,,N @0.0,0.0,0.0,0,36.9,41.4,"College.Pl (College Place), Walla Walla County",300133,College.Pl,2020-01-21 20:33:51.269431
2019-11-04,18:00,38.8,34.1,82.9,,E@0.0,1.4,0.01,0,37.0,38.7,"College.Pl (College Place), Walla Walla County",300133,College.Pl,2020-01-21 20:33:51.269431
2019-11-04,18:15,39.1,33.8,81.1,,E@0.0,1.4,0.01,0,37.0,38.8,"College.Pl (College Place), Walla Walla County",300133,College.Pl,2020-01-21 20:33:51.269431
2019-11-04,18:30,37.2,33.4,86.2,,N @0.0,0.0,0.01,0,37.0,37.1,"College.Pl (College Place), Walla Walla County",300133,College.Pl,2020-01-21 20:33:51.269431
2019-11-04,18:45,35.8,33.5,91.1,,E@0.0,1.4,0.01,0,37.0,35.7,"College.Pl (College Place), Walla Walla County",300133,College.Pl,2020-01-21 20:33:51.269431
2019-11-04,19:00,34.8,33.4,94.6,,E@0.0,1.4,0.02,0,37.0,34.7,"College.Pl (College Place), Walla Walla County",300133,College.Pl,2020-01-21 20:33:51.269431
2019-11-04,19:15,34.9,33.1,93.0,,N @0.0,0.0,0.01,0,37.0,34.8,"College.Pl (College Place), Walla Walla County",300133,College.Pl,2020-01-21 20:33:51.269431
2019-11-04,19:30,34.5,33.2,95.0,,N @0.0,0.0,0.02,0,37.0,34.5,"College.Pl (College Place), Walla Walla County",300133,College.Pl,2020-01-21 20:33:51.269431
2019-11-04,19:45,34.4,32.5,93.0,,N @0.0,0.0,0.02,0,37.0,34.3,"College.Pl (College Place), Walla Walla County",300133,College.Pl,2020-01-21 20:33:51.269431
2019-11-04,20:00,34.0,32.6,94.7,,N @0.0,0.0,0.03,0,37.0,33.8,"College.Pl (College Place), Walla Walla County",300133,College.Pl,2020-01-21 20:33:51.269431
2019-11-04,20:15,33.9,32.9,95.9,,N @0.0,0.0,0.04,0,37.0,33.9,"College.Pl (College Place), Walla Walla County",300133,College.Pl,2020-01-21 20:33:51.269431
2019-11-04,20:30,33.4,32.9,98.0,,E@0.0,1.4,0.03,0,37.1,33.3,"College.Pl (College Place), Walla Walla County",300133,College.Pl,2020-01-21 20:33:51.269431
2019-11-04,20:45,32.0,31.6,98.8,,N @0.0,0.0,0.04,0,37.1,31.8,"College.Pl (College Place), Walla Walla County",300133,College.Pl,2020-01-21 20:33:51.269431
2019-11-04,21:00,30.5,30.1,99.3,,N @0.0,0.0,0.06,0,37.1,30.5,"College.Pl (College Place), Walla Walla County",300133,College.Pl,2020-01-21 20:33:51.269431
2019-11-04,21:15,31.9,31.6,99.3,,E@0.0,1.4,0.09,0,37.1,31.8,"College.Pl (College Place), Walla Walla County",300133,College.Pl,2020-01-21 20:33:51.269431
2019-11-04,21:30,32.4,32.2,99.3,,N @0.0,0.0,0.07,0,37.1,32.2,"College.Pl (College Place), Walla Walla County",300133,College.Pl,2020-01-21 20:33:51.269431
2019-11-04,21:45,31.6,31.2,99.3,,N @0.0,0.0,0.07,0,37.1,31.5,"College.Pl (College Place), Walla Walla County",300133,College.Pl,2020-01-21 20:33:51.269431
2019-11-04,22:00,31.5,31.2,99.3,,N @0.0,0.0,0.09,0,37.1,31.5,"College.Pl (College Place), Walla Walla County",300133,College.Pl,2020-01-21 20:33:51.269431
2019-11-04,22:15,31.1,30.7,99.3,,N @0.0,0.0,0.1,0,37.1,31.0,"College.Pl (College Place), Walla Walla County",300133,College.Pl,2020-01-21 20:33:51.269431
2019-11-04,22:30,30.7,30.3,99.3,,N @0.0,0.0,0.14,0,37.1,30.7,"College.Pl (College Place), Walla Walla County",300133,College.Pl,2020-01-21 20:33:51.269431
2019-11-04,22:45,30.1,29.5,99.4,,E@0.0,1.4,0.17,0,37.1,29.9,"College.Pl (College Place), Walla Walla County",300133,College.Pl,2020-01-21 20:33:51.269431
2019-11-04,23:00,29.8,29.2,99.4,,E@0.0,1.4,0.23,0,37.1,29.8,"College.Pl (College Place), Walla Walla County",300133,College.Pl,2020-01-21 20:33:51.269431
2019-11-04,23:15,30.2,29.7,99.4,,E@0.0,1.4,0.28,0,37.1,30.2,"College.Pl (College Place), Walla Walla County",300133,College.Pl,2020-01-21 20:33:51.269431
2019-11-04,23:30,30.0,29.4,99.4,,N @0.0,0.0,0.29,0,37.1,29.9,"College.Pl (College Place), Walla Walla County",300133,College.Pl,2020-01-21 20:33:51.269431
2019-11-04,23:45,30.5,30.0,99.4,,N @0.0,0.0,0.39,0,37.2,30.5,"College.Pl (College Place), Walla Walla County",300133,College.Pl,2020-01-21 20:33:51.269431
2019-11-04,24:00,30.7,30.2,99.3,,N @0.0,0.0,0.38,0,37.2,30.6,"College.Pl (College Place), Walla Walla County",300133,College.Pl,2020-01-21 20:33:51.269431
2019-11-05,00:15,29.2,28.6,99.4,,N @0.0,0.0,0.41,0,37.2,29.1,"College.Pl (College Place), Walla Walla County",300133,College.Pl,2020-01-21 20:33:51.269431
2019-11-05,00:30,29.4,28.7,99.3,,N @0.0,0.0,0.47,0,37.2,29.3,"College.Pl (College Place), Walla Walla County",300133,College.Pl,2020-01-21 20:33:51.269431
2019-11-05,00:45,28.2,27.4,99.4,,N @0.0,0.0,0.53,0,37.2,28.1,"College.Pl (College Place), Walla Walla County",300133,College.Pl,2020-01-21 20:33:51.269431
2019-11-05,01:00,28.8,28.1,99.4,,N @0.0,0.0,0.61,0,37.2,28.7,"College.Pl (College Place), Walla Walla County",300133,College.Pl,2020-01-21 20:33:51.269431
2019-11-05,01:15,28.9,28.2,99.4,,N @0.0,0.0,0.65,0,37.2,28.8,"College.Pl (College Place), Walla Walla County",300133,College.Pl,2020-01-21 20:33:51.269431
2019-11-05,01:30,29.3,28.6,99.4,,N @0.0,0.0,0.68,0,37.2,29.2,"College.Pl (College Place), Walla Walla County",300133,College.Pl,2020-01-21 20:33:51.269431
2019-11-05,01:45,29.4,28.7,99.4,,N @0.0,0.0,0.71,0,37.2,29.3,"College.Pl (College Place), Walla Walla County",300133,College.Pl,2020-01-21 20:33:51.269431
2019-11-05,02:00,28.7,28.0,99.4,,N @0.0,0.0,0.76,0,37.2,28.6,"College.Pl (College Place), Walla Walla County",300133,College.Pl,2020-01-21 20:33:51.269431
2019-11-05,02:15,27.6,26.7,99.4,,N @0.0,0.0,0.39,0,37.2,27.5,"College.Pl (College Place), Walla Walla County",300133,College.Pl,2020-01-21 20:33:51.269431
2019-11-05,02:30,27.9,27.1,99.4,,N @0.0,0.0,0.18,0,37.2,27.8,"College.Pl (College Place), Walla Walla County",300133,College.Pl,2020-01-21 20:33:51.269431
2019-11-05,02:45,28.3,27.5,99.4,,N @0.0,0.0,0.15,0,37.2,28.2,"College.Pl (College Place), Walla Walla County",300133,College.Pl,2020-01-21 20:33:51.269431
2019-11-05,03:00,27.6,26.7,99.4,,N @0.0,0.0,0.14,0,37.2,27.4,"College.Pl (College Place), Walla Walla County",300133,College.Pl,2020-01-21 20:33:51.269431
2019-11-05,03:15,27.4,26.5,99.4,,SE@0.0,1.4,0.12,0,37.2,27.3,"College.Pl (College Place), Walla Walla County",300133,College.Pl,2020-01-21 20:33:51.269431
2019-11-05,03:30,26.8,25.8,99.4,,N @0.0,0.0,0.11,0,37.2,26.6,"College.Pl (College Place), Walla Walla County",300133,College.Pl,2020-01-21 20:33:51.269431
2019-11-05,03:45,26.7,25.6,99.4,,E@0.0,2.1,0.12,0,37.2,26.5,"College.Pl (College Place), Walla Walla County",300133,College.Pl,2020-01-21 20:33:51.269431
2019-11-05,04:00,26.6,25.6,99.4,,NE@0.1,1.7,0.11,0,37.2,26.6,"College.Pl (College Place), Walla Walla County",300133,College.Pl,2020-01-21 20:33:51.269431
2019-11-05,04:15,26.6,25.5,99.4,,N @0.0,0.0,0.12,0,37.2,26.5,"College.Pl (College Place), Walla Walla County",300133,College.Pl,2020-01-21 20:33:51.269431
2019-11-05,04:30,27.5,26.6,99.4,,N @0.0,0.0,0.14,0,37.2,27.5,"College.Pl (College Place), Walla Walla County",300133,College.Pl,2020-01-21 20:33:51.269431
2019-11-05,04:45,26.7,25.7,99.4,,N @0.0,0.0,0.12,0,37.2,26.6,"College.Pl (College Place), Walla Walla County",300133,College.Pl,2020-01-21 20:33:51.269431
2019-11-05,05:00,26.5,25.5,99.4,,N @0.0,0.0,0.11,0,37.2,26.4,"College.Pl (College Place), Walla Walla County",300133,College.Pl,2020-01-21 20:33:51.269431
2019-11-05,05:15,26.1,25.0,99.4,,SW@0.3,2.8,0.09,0,37.2,26.0,"College.Pl (College Place), Walla Walla County",300133,College.Pl,2020-01-21 20:33:51.269431
2019-11-05,05:30,25.4,24.2,99.4,,W@0.4,3.1,0.08,0,37.2,25.3,"College.Pl (College Place), Walla Walla County",300133,College.Pl,2020-01-21 20:33:51.269431
2019-11-05,05:45,25.6,24.5,99.5,,NE@0.3,3.1,0.08,0,37.2,25.5,"College.Pl (College Place), Walla Walla County",300133,College.Pl,2020-01-21 20:33:51.269431
2019-11-05,06:00,25.2,24.0,99.5,,E@2.9,3.9,0.08,0,37.2,25.0,"College.Pl (College Place), Walla Walla County",300133,College.Pl,2020-01-21 20:33:51.269431
2019-11-05,06:15,26.0,24.9,99.5,,E@0.3,2.8,0.1,0,37.2,25.9,"College.Pl (College Place), Walla Walla County",300133,College.Pl,2020-01-21 20:33:51.269431
2019-11-05,06:30,25.6,24.4,99.4,,E@0.2,2.4,0.08,0,37.2,25.4,"College.Pl (College Place), Walla Walla County",300133,College.Pl,2020-01-21 20:33:51.269431
2019-11-05,06:45,25.8,24.7,99.5,,N @0.0,0.0,0.08,5,37.2,25.6,"College.Pl (College Place), Walla Walla County",300133,College.Pl,2020-01-21 20:33:51.269431
2019-11-05,07:00,25.5,24.3,99.5,,N @0.0,0.0,0.07,11,37.2,25.3,"College.Pl (College Place), Walla Walla County",300133,College.Pl,2020-01-21 20:33:51.269431
2019-11-05,07:15,25.7,24.6,99.4,,SE@0.0,1.4,0.1,53,37.2,25.5,"College.Pl (College Place), Walla Walla County",300133,College.Pl,2020-01-21 20:33:51.269431
2019-11-05,07:30,27.0,26.0,99.4,,SW@0.1,2.1,0.15,85,37.2,26.9,"College.Pl (College Place), Walla Walla County",300133,College.Pl,2020-01-21 20:33:51.269431
2019-11-05,07:45,28.1,27.3,99.4,,NW@0.0,1.4,0.28,117,37.2,28.2,"College.Pl (College Place), Walla Walla County",300133,College.Pl,2020-01-21 20:33:51.269431
2019-11-05,08:00,31.7,31.3,99.3,,S@0.0,1.4,0.81,158,37.2,31.6,"College.Pl (College Place), Walla Walla County",300133,College.Pl,2020-01-21 20:33:51.269431
2019-11-05,08:15,32.8,32.6,99.3,,N @0.0,0.0,0.96,199,37.2,32.5,"College.Pl (College Place), Walla Walla County",300133,College.Pl,2020-01-21 20:33:51.269431
2019-11-05,08:30,33.5,33.3,99.2,,W@1.3,3.5,0.99,221,37.2,33.5,"College.Pl (College Place), Walla Walla County",300133,College.Pl,2020-01-21 20:33:51.269431
2019-11-05,08:45,34.2,34.0,99.1,,W@0.7,3.1,0.94,250,37.2,34.1,"College.Pl (College Place), Walla Walla County",300133,College.Pl,2020-01-21 20:33:51.269431
2019-11-05,09:00,36.3,34.9,94.8,,SW@0.3,3.1,0.91,281,37.2,36.1,"College.Pl (College Place), Walla Walla County",300133,College.Pl,2020-01-21 20:33:51.269431
2019-11-05,09:15,37.5,35.1,91.0,,W@0.0,1.4,0.81,310,37.2,37.6,"College.Pl (College Place), Walla Walla County",300133,College.Pl,2020-01-21 20:33:51.269431
2019-11-05,09:30,38.9,35.7,88.3,,S@0.6,4.2,0.23,337,37.2,38.8,"College.Pl (College Place), Walla Walla County",300133,College.Pl,2020-01-21 20:33:51.269431
2019-11-05,09:45,40.7,35.9,82.9,,S@0.4,2.8,0.0,363,37.2,40.5,"College.Pl (College Place), Walla Walla County",300133,College.Pl,2020-01-21 20:33:51.269431
2019-11-05,10:00,42.2,35.7,77.6,,S@2.6,4.9,0.0,387,37.2,42.1,"College.Pl (College Place), Walla Walla County",300133,College.Pl,2020-01-21 20:33:51.269431
2019-11-05,10:15,43.5,35.8,74.2,,SW@1.3,5.3,0.0,408,37.2,43.4,"College.Pl (College Place), Walla Walla County",300133,College.Pl,2020-01-21 20:33:51.269431
2019-11-05,10:30,45.5,35.6,68.0,,S@0.6,3.5,0.0,426,37.2,45.4,"College.Pl (College Place), Walla Walla County",300133,College.Pl,2020-01-21 20:33:51.269431
2019-11-05,10:45,45.7,36.0,68.9,,W@0.1,4.2,0.0,439,37.2,45.6,"College.Pl (College Place), Walla Walla County",300133,College.Pl,2020-01-21 20:33:51.269431
2019-11-05,11:00,45.8,36.0,68.4,,SW@0.1,2.1,0.0,451,37.2,45.7,"College.Pl (College Place), Walla Walla County",300133,College.Pl,2020-01-21 20:33:51.269431
2019-11-05,11:15,47.7,36.2,64.1,,SW@1.7,5.3,0.0,461,37.2,47.6,"College.Pl (College Place), Walla Walla County",300133,College.Pl,2020-01-21 20:33:51.269431
2019-11-05,11:30,49.2,35.5,59.0,,W@0.1,2.4,0.0,468,37.2,49.2,"College.Pl (College Place), Walla Walla County",300133,College.Pl,2020-01-21 20:33:51.269431
2019-11-05,11:45,49.7,34.9,56.6,,W@0.4,3.5,0.0,471,37.2,49.7,"College.Pl (College Place), Walla Walla County",300133,College.Pl,2020-01-21 20:33:51.269431
2019-11-05,12:00,50.8,34.9,54.2,,NW@1.2,6.7,0.0,469,37.2,50.9,"College.Pl (College Place), Walla Walla County",300133,College.Pl,2020-01-21 20:33:51.269431
2019-11-05,12:15,50.9,35.2,54.7,,N@2.9,6.0,0.0,465,37.2,51.1,"College.Pl (College Place), Walla Walla County",300133,College.Pl,2020-01-21 20:33:51.269431
2019-11-05,12:30,52.0,35.3,52.7,,N@3.1,4.9,0.0,459,37.2,52.1,"College.Pl (College Place), Walla Walla County",300133,College.Pl,2020-01-21 20:33:51.269431
2019-11-05,12:45,52.3,35.0,51.6,,NW@3.0,6.0,0.0,447,37.2,52.7,"College.Pl (College Place), Walla Walla County",300133,College.Pl,2020-01-21 20:33:51.269431
2019-11-05,13:00,53.1,34.9,49.7,,NW@3.1,6.7,0.0,435,37.2,53.3,"College.Pl (College Place), Walla Walla County",300133,College.Pl,2020-01-21 20:33:51.269431
2019-11-05,13:15,53.9,34.9,48.4,,W@3.5,5.7,0.0,416,37.2,53.9,"College.Pl (College Place), Walla Walla County",300133,College.Pl,2020-01-21 20:33:51.269431
2019-11-05,13:30,54.4,35.0,47.8,,W@3.3,5.7,0.0,396,37.2,54.4,"College.Pl (College Place), Walla Walla County",300133,College.Pl,2020-01-21 20:33:51.269431
2019-11-05,13:45,54.3,35.1,48.2,,NW@3.6,6.4,0.0,373,37.2,54.2,"College.Pl (College Place), Walla Walla County",300133,College.Pl,2020-01-21 20:33:51.269431
2019-11-05,14:00,55.0,35.4,47.4,,W@3.2,7.4,0.0,346,37.2,55.0,"College.Pl (College Place), Walla Walla County",300133,College.Pl,2020-01-21 20:33:51.269431
2019-11-05,14:15,55.5,35.5,46.7,,W@2.5,5.3,0.0,318,37.2,55.6,"College.Pl (College Place), Walla Walla County",300133,College.Pl,2020-01-21 20:33:51.269431
2019-11-05,14:30,55.1,35.3,47.2,,NW@2.0,4.9,0.0,282,37.2,55.2,"College.Pl (College Place), Walla Walla County",300133,College.Pl,2020-01-21 20:33:51.269431
2019-11-05,14:45,55.3,35.3,46.7,,W@0.4,4.6,0.0,242,37.2,55.3,"College.Pl (College Place), Walla Walla County",300133,College.Pl,2020-01-21 20:33:51.269431
2019-11-05,15:00,54.8,35.7,48.3,,W@1.6,7.1,0.0,219,37.2,54.7,"College.Pl (College Place), Walla Walla County",300133,College.Pl,2020-01-21 20:33:51.269431
2019-11-05,15:15,54.3,35.7,49.2,,W@3.2,7.4,0.0,184,37.2,54.3,"College.Pl (College Place), Walla Walla County",300133,College.Pl,2020-01-21 20:33:51.269431
2019-11-05,15:30,53.9,35.7,50.1,,W@0.2,2.1,0.0,147,37.2,53.8,"College.Pl (College Place), Walla Walla County",300133,College.Pl,2020-01-21 20:33:51.269431
2019-11-05,15:45,53.2,36.0,51.9,,W@0.1,1.7,0.0,111,37.2,53.1,"College.Pl (College Place), Walla Walla County",300133,College.Pl,2020-01-21 20:33:51.269431
2019-11-05,16:00,52.0,36.0,54.2,,W@0.0,1.4,0.0,76,37.2,51.9,"College.Pl (College Place), Walla Walla County",300133,College.Pl,2020-01-21 20:33:51.269431
2019-11-05,16:15,49.9,35.7,57.9,,N @0.0,0.0,0.0,42,37.2,49.8,"College.Pl (College Place), Walla Walla County",300133,College.Pl,2020-01-21 20:33:51.269431
2019-11-05,16:30,48.2,35.6,61.6,,W@0.0,1.7,0.0,15,37.2,48.2,"College.Pl (College Place), Walla Walla County",300133,College.Pl,2020-01-21 20:33:51.269431
2019-11-05,16:45,46.3,35.8,66.4,,N @0.0,0.0,0.0,4,37.3,46.3,"College.Pl (College Place), Walla Walla County",300133,College.Pl,2020-01-21 20:33:51.269431
2019-11-05,17:00,44.4,36.4,73.2,,N @0.0,0.0,0.01,0,37.3,44.3,"College.Pl (College Place), Walla Walla County",300133,College.Pl,2020-01-21 20:33:51.269431
2019-11-05,17:15,42.8,36.5,78.0,,E@0.0,1.4,0.01,0,37.3,42.6,"College.Pl (College Place), Walla Walla County",300133,College.Pl,2020-01-21 20:33:51.269431
2019-11-05,17:30,42.0,36.4,80.5,,N @0.0,0.0,0.01,0,37.3,41.7,"College.Pl (College Place), Walla Walla County",300133,College.Pl,2020-01-21 20:33:51.269431
2019-11-05,17:45,40.1,35.7,84.3,,SE@0.1,2.8,0.01,0,37.4,40.0,"College.Pl (College Place), Walla Walla County",300133,College.Pl,2020-01-21 20:33:51.269431
2019-11-05,18:00,39.6,35.6,85.5,,SE@0.0,2.4,0.01,0,37.4,39.5,"College.Pl (College Place), Walla Walla County",300133,College.Pl,2020-01-21 20:33:51.269431
2019-11-05,18:15,37.5,35.3,91.6,,N @0.0,0.0,0.01,0,37.4,37.4,"College.Pl (College Place), Walla Walla County",300133,College.Pl,2020-01-21 20:33:51.269431
2019-11-05,18:30,36.4,35.3,95.6,,N @0.0,0.0,0.02,0,37.4,36.3,"College.Pl (College Place), Walla Walla County",300133,College.Pl,2020-01-21 20:33:51.269431
2019-11-05,18:45,36.9,35.0,92.6,,N @0.0,0.0,0.02,0,37.5,36.9,"College.Pl (College Place), Walla Walla County",300133,College.Pl,2020-01-21 20:33:51.269431
2019-11-05,19:00,35.0,34.0,96.0,,N @0.0,0.0,0.02,0,37.5,34.9,"College.Pl (College Place), Walla Walla County",300133,College.Pl,2020-01-21 20:33:51.269431
2019-11-05,19:15,33.8,33.5,99.1,,N @0.0,0.0,0.04,0,37.5,33.6,"College.Pl (College Place), Walla Walla County",300133,College.Pl,2020-01-21 20:33:51.269431
2019-11-05,19:30,33.1,32.9,99.3,,N @0.0,0.0,0.05,0,37.5,32.9,"College.Pl (College Place), Walla Walla County",300133,College.Pl,2020-01-21 20:33:51.269431
2019-11-05,19:45,32.4,32.2,99.1,,N @0.0,0.0,0.07,0,37.6,32.2,"College.Pl (College Place), Walla Walla County",300133,College.Pl,2020-01-21 20:33:51.269431
2019-11-05,20:00,32.4,32.3,99.3,,N @0.0,0.0,0.09,0,37.6,32.4,"College.Pl (College Place), Walla Walla County",300133,College.Pl,2020-01-21 20:33:51.269431
2019-11-05,20:15,33.6,33.4,99.3,,N @0.0,0.0,0.1,0,37.6,33.5,"College.Pl (College Place), Walla Walla County",300133,College.Pl,2020-01-21 20:33:51.269431
2019-11-05,20:30,32.9,32.7,99.3,,N @0.0,0.0,0.11,0,37.6,32.8,"College.Pl (College Place), Walla Walla County",300133,College.Pl,2020-01-21 20:33:51.269431
2019-11-05,20:45,32.2,32.0,99.3,,N @0.0,0.0,0.14,0,37.6,32.1,"College.Pl (College Place), Walla Walla County",300133,College.Pl,2020-01-21 20:33:51.269431
2019-11-05,21:00,31.6,31.2,99.3,,N @0.0,0.0,0.21,0,37.7,31.4,"College.Pl (College Place), Walla Walla County",300133,College.Pl,2020-01-21 20:33:51.269431
2019-11-05,21:15,29.4,28.7,99.4,,N @0.0,0.0,0.28,0,37.7,29.3,"College.Pl (College Place), Walla Walla County",300133,College.Pl,2020-01-21 20:33:51.269431
2019-11-05,21:30,30.2,29.6,99.4,,N @0.0,0.0,0.39,0,37.7,30.2,"College.Pl (College Place), Walla Walla County",300133,College.Pl,2020-01-21 20:33:51.269431
2019-11-05,21:45,30.5,30.0,99.4,,N @0.0,0.0,0.54,0,37.7,30.4,"College.Pl (College Place), Walla Walla County",300133,College.Pl,2020-01-21 20:33:51.269431
2019-11-05,22:00,30.2,29.7,99.4,,N @0.0,0.0,0.61,0,37.7,30.2,"College.Pl (College Place), Walla Walla County",300133,College.Pl,2020-01-21 20:33:51.269431
2019-11-05,22:15,30.3,29.8,99.4,,N @0.0,0.0,0.65,0,37.7,30.2,"College.Pl (College Place), Walla Walla County",300133,College.Pl,2020-01-21 20:33:51.269431
2019-11-05,22:30,29.7,29.1,99.4,,N @0.0,0.0,0.68,0,37.7,29.7,"College.Pl (College Place), Walla Walla County",300133,College.Pl,2020-01-21 20:33:51.269431
2019-11-05,22:45,29.8,29.2,99.4,,N @0.0,0.0,0.72,0,37.7,29.7,"College.Pl (College Place), Walla Walla County",300133,College.Pl,2020-01-21 20:33:51.269431
2019-11-05,23:00,29.9,29.3,99.4,,N @0.0,0.0,0.74,0,37.7,29.8,"College.Pl (College Place), Walla Walla County",300133,College.Pl,2020-01-21 20:33:51.269431
2019-11-05,23:15,29.4,28.7,99.4,,N @0.0,0.0,0.76,0,37.7,29.1,"College.Pl (College Place), Walla Walla County",300133,College.Pl,2020-01-21 20:33:51.269431
2019-11-05,23:30,29.0,28.3,99.4,,N @0.0,0.0,0.78,0,37.7,28.8,"College.Pl (College Place), Walla Walla County",300133,College.Pl,2020-01-21 20:33:51.269431
2019-11-05,23:45,28.6,27.8,99.4,,N @0.0,0.0,0.81,0,37.7,28.5,"College.Pl (College Place), Walla Walla County",300133,College.Pl,2020-01-21 20:33:51.269431
2019-11-05,24:00,28.3,27.6,99.4,,N @0.0,0.0,0.83,0,37.7,28.2,"College.Pl (College Place), Walla Walla County",300133,College.Pl,2020-01-21 20:33:51.269431
2019-11-06,00:15,29.1,28.4,99.4,,N @0.0,0.0,0.85,0,37.7,29.0,"College.Pl (College Place), Walla Walla County",300133,College.Pl,2020-01-21 20:33:51.269431
2019-11-06,00:30,28.1,27.3,99.4,,N @0.0,0.0,0.86,0,37.7,28.0,"College.Pl (College Place), Walla Walla County",300133,College.Pl,2020-01-21 20:33:51.269431
2019-11-06,00:45,28.9,28.2,99.4,,N @0.0,0.0,0.87,0,37.7,28.8,"College.Pl (College Place), Walla Walla County",300133,College.Pl,2020-01-21 20:33:51.269431
2019-11-06,01:00,28.6,27.8,99.4,,N @0.0,0.0,0.87,0,37.7,28.5,"College.Pl (College Place), Walla Walla County",300133,College.Pl,2020-01-21 20:33:51.269431
2019-11-06,01:15,28.4,27.6,99.4,,N @0.0,0.0,0.88,0,37.7,28.3,"College.Pl (College Place), Walla Walla County",300133,College.Pl,2020-01-21 20:33:51.269431
2019-11-06,01:30,27.6,26.7,99.4,,N @0.0,0.0,0.89,0,37.7,27.5,"College.Pl (College Place), Walla Walla County",300133,College.Pl,2020-01-21 20:33:51.269431
2019-11-06,01:45,27.7,26.8,99.4,,N @0.0,0.0,0.89,0,37.7,27.6,"College.Pl (College Place), Walla Walla County",300133,College.Pl,2020-01-21 20:33:51.269431
2019-11-06,02:00,27.5,26.6,99.4,,N @0.0,0.0,0.22,0,37.7,27.4,"College.Pl (College Place), Walla Walla County",300133,College.Pl,2020-01-21 20:33:51.269431
2019-11-06,02:15,27.5,26.6,99.4,,E@0.0,1.4,0.19,0,37.7,27.3,"College.Pl (College Place), Walla Walla County",300133,College.Pl,2020-01-21 20:33:51.269431
2019-11-06,02:30,27.1,26.2,99.4,,N @0.0,0.0,0.18,0,37.7,27.0,"College.Pl (College Place), Walla Walla County",300133,College.Pl,2020-01-21 20:33:51.269431
2019-11-06,02:45,26.6,25.6,99.4,,W@0.0,2.1,0.14,0,37.7,26.5,"College.Pl (College Place), Walla Walla County",300133,College.Pl,2020-01-21 20:33:51.269431
2019-11-06,03:00,25.8,24.7,99.4,,N @0.0,0.0,0.11,0,37.7,25.7,"College.Pl (College Place), Walla Walla County",300133,College.Pl,2020-01-21 20:33:51.269431
2019-11-06,03:15,25.6,24.4,99.4,,SE@0.1,2.4,0.11,0,37.7,25.4,"College.Pl (College Place), Walla Walla County",300133,College.Pl,2020-01-21 20:33:51.269431
2019-11-06,03:30,25.9,24.8,99.5,,E@0.1,1.7,0.12,0,37.7,25.8,"College.Pl (College Place), Walla Walla County",300133,College.Pl,2020-01-21 20:33:51.269431
2019-11-06,03:45,25.4,24.3,99.5,,E@1.1,3.1,0.11,0,37.6,25.3,"College.Pl (College Place), Walla Walla County",300133,College.Pl,2020-01-21 20:33:51.269431
2019-11-06,04:00,25.1,23.9,99.4,,E@2.6,4.2,0.11,0,37.6,25.0,"College.Pl (College Place), Walla Walla County",300133,College.Pl,2020-01-21 20:33:51.269431
2019-11-06,04:15,24.8,23.6,99.4,,E@3.0,3.9,0.1,0,37.6,24.8,"College.Pl (College Place), Walla Walla County",300133,College.Pl,2020-01-21 20:33:51.269431
2019-11-06,04:30,25.1,23.9,99.5,,E@2.1,4.2,0.11,0,37.6,25.0,"College.Pl (College Place), Walla Walla County",300133,College.Pl,2020-01-21 20:33:51.269431
2019-11-06,04:45,25.3,24.1,99.4,,E@2.3,3.9,0.11,0,37.6,25.2,"College.Pl (College Place), Walla Walla County",300133,College.Pl,2020-01-21 20:33:51.269431
2019-11-06,05:00,25.7,24.6,99.5,,E@1.7,3.5,0.11,0,37.6,25.6,"College.Pl (College Place), Walla Walla County",300133,College.Pl,2020-01-21 20:33:51.269431
2019-11-06,05:15,25.4,24.2,99.4,,E@1.4,3.1,0.11,0,37.6,25.3,"College.Pl (College Place), Walla Walla County",300133,College.Pl,2020-01-21 20:33:51.269431
2019-11-06,05:30,25.0,23.8,99.4,,E@2.0,3.5,0.1,0,37.6,24.9,"College.Pl (College Place), Walla Walla County",300133,College.Pl,2020-01-21 20:33:51.269431
2019-11-06,05:45,25.6,24.5,99.5,,SE@0.0,1.4,0.11,0,37.6,25.5,"College.Pl (College Place), Walla Walla County",300133,College.Pl,2020-01-21 20:33:51.269431
2019-11-06,06:00,25.1,23.9,99.4,,E@0.1,2.8,0.1,0,37.6,25.1,"College.Pl (College Place), Walla Walla County",300133,College.Pl,2020-01-21 20:33:51.269431
2019-11-06,06:15,25.3,24.1,99.4,,NE@1.3,2.8,0.1,0,37.6,25.2,"College.Pl (College Place), Walla Walla County",300133,College.Pl,2020-01-21 20:33:51.269431
2019-11-06,06:30,24.5,23.2,99.4,,E@1.8,3.1,0.09,0,37.6,24.5,"College.Pl (College Place), Walla Walla County",300133,College.Pl,2020-01-21 20:33:51.269431
2019-11-06,06:45,24.9,23.7,99.4,,E@0.7,3.5,0.1,4,37.6,24.9,"College.Pl (College Place), Walla Walla County",300133,College.Pl,2020-01-21 20:33:51.269431
2019-11-06,07:00,25.9,24.8,99.4,,E@0.3,3.5,0.12,11,37.6,25.9,"College.Pl (College Place), Walla Walla County",300133,College.Pl,2020-01-21 20:33:51.269431
2019-11-06,07:15,26.8,25.8,99.4,,E@1.0,2.4,0.14,34,37.6,26.6,"College.Pl (College Place), Walla Walla County",300133,College.Pl,2020-01-21 20:33:51.269431
2019-11-06,07:30,28.0,27.2,99.4,,E@0.7,2.8,0.21,68,37.6,27.8,"College.Pl (College Place), Walla Walla County",300133,College.Pl,2020-01-21 20:33:51.269431
2019-11-06,07:45,29.8,29.3,99.4,,E@1.6,3.1,0.4,100,37.6,29.7,"College.Pl (College Place), Walla Walla County",300133,College.Pl,2020-01-21 20:33:51.269431
2019-11-06,08:00,32.4,32.2,99.4,,W@0.8,3.1,0.85,135,37.6,32.2,"College.Pl (College Place), Walla Walla County",300133,College.Pl,2020-01-21 20:33:51.269431
2019-11-06,08:15,31.9,31.6,99.3,,W@2.5,3.5,0.92,189,37.5,31.9,"College.Pl (College Place), Walla Walla County",300133,College.Pl,2020-01-21 20:33:51.269431
2019-11-06,08:30,32.2,32.1,99.3,,W@1.6,4.2,0.92,210,37.5,32.3,"College.Pl (College Place), Walla Walla County",300133,College.Pl,2020-01-21 20:33:51.269431
2019-11-06,08:45,35.6,34.6,96.3,,N @0.0,0.0,0.99,244,37.5,35.6,"College.Pl (College Place), Walla Walla County",300133,College.Pl,2020-01-21 20:33:51.269431
2019-11-06,09:00,36.9,35.4,94.0,,W@0.6,2.4,0.94,268,37.5,37.1,"College.Pl (College Place), Walla Walla County",300133,College.Pl,2020-01-21 20:33:51.269431
2019-11-06,09:15,37.5,35.8,93.7,,W@1.9,3.5,0.9,297,37.5,37.6,"College.Pl (College Place), Walla Walla County",300133,College.Pl,2020-01-21 20:33:51.269431
2019-11-06,09:30,39.1,36.5,90.4,,W@2.5,4.2,0.76,324,37.5,39.1,"College.Pl (College Place), Walla Walla County",300133,College.Pl,2020-01-21 20:33:51.269431
2019-11-06,09:45,41.5,36.7,83.0,,SW@0.6,2.8,0.12,347,37.5,41.5,"College.Pl (College Place), Walla Walla County",300133,College.Pl,2020-01-21 20:33:51.269431
2019-11-06,10:00,44.2,36.9,75.4,,SW@0.0,1.7,0.0,372,37.5,44.2,"College.Pl (College Place), Walla Walla County",300133,College.Pl,2020-01-21 20:33:51.269431
2019-11-06,10:15,44.7,36.6,73.2,,N @0.0,0.0,0.0,395,37.5,44.9,"College.Pl (College Place), Walla Walla County",300133,College.Pl,2020-01-21 20:33:51.269431
2019-11-06,10:30,45.7,37.0,71.3,,NW@0.9,5.3,0.0,413,37.5,45.9,"College.Pl (College Place), Walla Walla County",300133,College.Pl,2020-01-21 20:33:51.269431
2019-11-06,10:45,46.6,36.5,67.8,,NW@1.7,5.7,0.0,428,37.5,46.9,"College.Pl (College Place), Walla Walla County",300133,College.Pl,2020-01-21 20:33:51.269431
2019-11-06,11:00,47.5,36.6,65.8,,N@0.2,6.0,0.0,440,37.5,47.6,"College.Pl (College Place), Walla Walla County",300133,College.Pl,2020-01-21 20:33:51.269431
2019-11-06,11:15,48.1,36.3,63.3,,NW@0.1,3.5,0.0,448,37.5,48.2,"College.Pl (College Place), Walla Walla County",300133,College.Pl,2020-01-21 20:33:51.269431
2019-11-06,11:30,49.2,36.2,60.6,,N @0.0,0.0,0.0,454,37.5,49.2,"College.Pl (College Place), Walla Walla County",300133,College.Pl,2020-01-21 20:33:51.269431
2019-11-06,11:45,49.2,36.0,60.2,,N @0.0,0.0,0.0,458,37.5,49.2,"College.Pl (College Place), Walla Walla County",300133,College.Pl,2020-01-21 20:33:51.269431
2019-11-06,12:00,49.6,36.4,60.3,,N @0.0,0.0,0.0,458,37.5,49.6,"College.Pl (College Place), Walla Walla County",300133,College.Pl,2020-01-21 20:33:51.269431
2019-11-06,12:15,49.6,36.3,60.0,,N @0.0,0.0,0.0,454,37.4,49.6,"College.Pl (College Place), Walla Walla County",300133,College.Pl,2020-01-21 20:33:51.269431
2019-11-06,12:30,50.0,36.3,59.1,,W@0.0,1.4,0.0,446,37.4,49.9,"College.Pl (College Place), Walla Walla County",300133,College.Pl,2020-01-21 20:33:51.269431
2019-11-06,12:45,50.4,36.5,58.8,,N @0.0,0.0,0.0,436,37.4,50.4,"College.Pl (College Place), Walla Walla County",300133,College.Pl,2020-01-21 20:33:51.269431
2019-11-06,13:00,50.9,36.8,58.4,,N @0.0,0.0,0.0,416,37.4,50.9,"College.Pl (College Place), Walla Walla County",300133,College.Pl,2020-01-21 20:33:51.269431
2019-11-06,13:15,51.3,36.7,57.4,,N @0.0,0.0,0.0,397,37.4,51.2,"College.Pl (College Place), Walla Walla County",300133,College.Pl,2020-01-21 20:33:51.269431
2019-11-06,13:30,51.3,36.8,57.4,,N @0.0,0.0,0.0,378,37.4,51.5,"College.Pl (College Place), Walla Walla County",300133,College.Pl,2020-01-21 20:33:51.269431
2019-11-06,13:45,51.8,36.9,56.6,,W@1.7,5.7,0.0,358,37.4,51.9,"College.Pl (College Place), Walla Walla County",300133,College.Pl,2020-01-21 20:33:51.269431
2019-11-06,14:00,52.8,37.1,54.9,,SW@2.2,6.0,0.0,332,37.4,53.0,"College.Pl (College Place), Walla Walla County",300133,College.Pl,2020-01-21 20:33:51.269431
2019-11-06,14:15,52.8,37.0,54.8,,SW@2.6,4.9,0.0,305,37.4,52.8,"College.Pl (College Place), Walla Walla County",300133,College.Pl,2020-01-21 20:33:51.269431
2019-11-06,14:30,52.7,37.0,55.1,,S@0.2,3.9,0.0,272,37.4,52.6,"College.Pl (College Place), Walla Walla County",300133,College.Pl,2020-01-21 20:33:51.269431
2019-11-06,14:45,53.3,37.2,54.2,,SW@1.1,3.9,0.0,240,37.4,53.2,"College.Pl (College Place), Walla Walla County",300133,College.Pl,2020-01-21 20:33:51.269431
2019-11-06,15:00,52.7,37.3,55.5,,SW@0.0,1.7,0.0,205,37.4,52.7,"College.Pl (College Place), Walla Walla County",300133,College.Pl,2020-01-21 20:33:51.269431
2019-11-06,15:15,52.4,37.3,56.4,,S@0.0,1.7,0.0,171,37.4,52.3,"College.Pl (College Place), Walla Walla County",300133,College.Pl,2020-01-21 20:33:51.269431
2019-11-06,15:30,52.2,37.3,56.8,,S@1.0,4.2,0.0,134,37.4,52.1,"College.Pl (College Place), Walla Walla County",300133,College.Pl,2020-01-21 20:33:51.269431
2019-11-06,15:45,51.2,37.7,59.8,,S@2.2,3.9,0.0,99,37.4,51.2,"College.Pl (College Place), Walla Walla County",300133,College.Pl,2020-01-21 20:33:51.269431
2019-11-06,16:00,49.9,37.6,62.5,,S@1.3,3.5,0.0,65,37.5,49.9,"College.Pl (College Place), Walla Walla County",300133,College.Pl,2020-01-21 20:33:51.269431
2019-11-06,16:15,49.3,37.7,64.0,,S@0.1,3.1,0.0,36,37.5,49.4,"College.Pl (College Place), Walla Walla County",300133,College.Pl,2020-01-21 20:33:51.269431
2019-11-06,16:30,47.0,37.9,70.3,,N @0.0,0.0,0.0,10,37.5,47.0,"College.Pl (College Place), Walla Walla County",300133,College.Pl,2020-01-21 20:33:51.269431
2019-11-06,16:45,45.2,38.2,76.2,,N @0.0,0.0,0.01,3,37.5,45.1,"College.Pl (College Place), Walla Walla County",300133,College.Pl,2020-01-21 20:33:51.269431
2019-11-06,17:00,43.4,38.1,81.3,,E@0.1,3.1,0.01,0,37.5,43.2,"College.Pl (College Place), Walla Walla County",300133,College.Pl,2020-01-21 20:33:51.269431
2019-11-06,17:15,41.2,37.9,88.0,,E@0.8,3.9,0.01,0,37.6,41.0,"College.Pl (College Place), Walla Walla County",300133,College.Pl,2020-01-21 20:33:51.269431
2019-11-06,17:30,39.5,37.2,91.5,,E@0.2,3.5,0.01,0,37.6,39.2,"College.Pl (College Place), Walla Walla County",300133,College.Pl,2020-01-21 20:33:51.269431
2019-11-06,17:45,38.3,36.8,94.3,,E@0.1,2.1,0.02,0,37.6,38.2,"College.Pl (College Place), Walla Walla County",300133,College.Pl,2020-01-21 20:33:51.269431
2019-11-06,18:00,37.5,36.4,95.9,,N @0.0,0.0,0.02,0,37.6,37.3,"College.Pl (College Place), Walla Walla County",300133,College.Pl,2020-01-21 20:33:51.269431
2019-11-06,18:15,37.3,36.0,95.0,,E@0.0,2.1,0.02,0,37.7,37.2,"College.Pl (College Place), Walla Walla County",300133,College.Pl,2020-01-21 20:33:51.269431
2019-11-06,18:30,35.4,34.9,98.0,,N @0.0,0.0,0.03,0,37.7,35.3,"College.Pl (College Place), Walla Walla County",300133,College.Pl,2020-01-21 20:33:51.269431
2019-11-06,18:45,33.8,33.7,99.2,,N @0.0,0.0,0.04,0,37.7,33.7,"College.Pl (College Place), Walla Walla County",300133,College.Pl,2020-01-21 20:33:51.269431
2019-11-06,19:00,33.7,33.5,99.3,,N @0.0,0.0,0.05,0,37.8,33.6,"College.Pl (College Place), Walla Walla County",300133,College.Pl,2020-01-21 20:33:51.269431
2019-11-06,19:15,33.2,33.1,99.3,,N @0.0,0.0,0.05,0,37.8,33.1,"College.Pl (College Place), Walla Walla County",300133,College.Pl,2020-01-21 20:33:51.269431
2019-11-06,19:30,32.5,32.4,99.3,,N @0.0,0.0,0.08,0,37.8,32.4,"College.Pl (College Place), Walla Walla County",300133,College.Pl,2020-01-21 20:33:51.269431
2019-11-06,19:45,32.0,31.7,99.3,,N @0.0,0.0,0.11,0,37.9,31.8,"College.Pl (College Place), Walla Walla County",300133,College.Pl,2020-01-21 20:33:51.269431
2019-11-06,20:00,31.1,30.8,99.4,,E@0.0,2.4,0.16,0,37.9,31.1,"College.Pl (College Place), Walla Walla County",300133,College.Pl,2020-01-21 20:33:51.269431
2019-11-06,20:15,31.3,30.9,99.4,,N @0.0,0.0,0.19,0,37.9,31.2,"College.Pl (College Place), Walla Walla County",300133,College.Pl,2020-01-21 20:33:51.269431
2019-11-06,20:30,30.9,30.4,99.4,,N @0.0,0.0,0.22,0,37.9,30.8,"College.Pl (College Place), Walla Walla County",300133,College.Pl,2020-01-21 20:33:51.269431
2019-11-06,20:45,30.7,30.3,99.4,,E@0.0,2.1,0.32,0,37.9,30.7,"College.Pl (College Place), Walla Walla County",300133,College.Pl,2020-01-21 20:33:51.269431
2019-11-06,21:00,30.6,30.2,99.4,,N @0.0,0.0,0.43,0,37.9,30.6,"College.Pl (College Place), Walla Walla County",300133,College.Pl,2020-01-21 20:33:51.269431
2019-11-06,21:15,30.7,30.3,99.4,,N @0.0,0.0,0.51,0,38.0,30.7,"College.Pl (College Place), Walla Walla County",300133,College.Pl,2020-01-21 20:33:51.269431
2019-11-06,21:30,31.1,30.7,99.4,,N @0.0,0.0,0.57,0,38.0,31.0,"College.Pl (College Place), Walla Walla County",300133,College.Pl,2020-01-21 20:33:51.269431
2019-11-06,21:45,31.0,30.6,99.4,,N @0.0,0.0,0.57,0,38.0,30.9,"College.Pl (College Place), Walla Walla County",300133,College.Pl,2020-01-21 20:33:51.269431
2019-11-06,22:00,31.8,31.5,99.4,,E@0.0,1.4,0.63,0,38.0,31.7,"College.Pl (College Place), Walla Walla County",300133,College.Pl,2020-01-21 20:33:51.269431
2019-11-06,22:15,30.1,29.6,99.4,,N @0.0,0.0,0.68,0,38.0,30.0,"College.Pl (College Place), Walla Walla County",300133,College.Pl,2020-01-21 20:33:51.269431
2019-11-06,22:30,30.5,30.0,99.4,,N @0.0,0.0,0.68,0,38.0,30.4,"College.Pl (College Place), Walla Walla County",300133,College.Pl,2020-01-21 20:33:51.269431
2019-11-06,22:45,30.8,30.4,99.4,,N @0.0,0.0,0.66,0,38.0,30.8,"College.Pl (College Place), Walla Walla County",300133,College.Pl,2020-01-21 20:33:51.269431
2019-11-06,23:00,30.3,29.8,99.4,,E@0.0,1.4,0.67,0,38.0,30.3,"College.Pl (College Place), Walla Walla County",300133,College.Pl,2020-01-21 20:33:51.269431
2019-11-06,23:15,30.1,29.5,99.4,,E@0.2,2.8,0.72,0,38.0,30.0,"College.Pl (College Place), Walla Walla County",300133,College.Pl,2020-01-21 20:33:51.269431
2019-11-06,23:30,31.0,30.6,99.4,,E@0.0,1.4,0.78,0,38.0,30.9,"College.Pl (College Place), Walla Walla County",300133,College.Pl,2020-01-21 20:33:51.269431
2019-11-06,23:45,29.6,29.0,99.4,,N @0.0,0.0,0.81,0,38.0,29.5,"College.Pl (College Place), Walla Walla County",300133,College.Pl,2020-01-21 20:33:51.269431
2019-11-06,24:00,29.1,28.5,99.4,,N @0.0,0.0,0.84,0,38.0,29.0,"College.Pl (College Place), Walla Walla County",300133,College.Pl,2020-01-21 20:33:51.269431
2019-11-07,00:15,28.8,28.1,99.4,,N @0.0,0.0,0.86,0,38.0,28.8,"College.Pl (College Place), Walla Walla County",300133,College.Pl,2020-01-21 20:33:51.269431
2019-11-07,00:30,29.5,28.9,99.4,,N @0.0,0.0,0.88,0,38.0,29.5,"College.Pl (College Place), Walla Walla County",300133,College.Pl,2020-01-21 20:33:51.269431
2019-11-07,00:45,30.2,29.7,99.4,,N @0.0,0.0,0.88,0,38.0,30.1,"College.Pl (College Place), Walla Walla County",300133,College.Pl,2020-01-21 20:33:51.269431
2019-11-07,01:00,28.7,27.9,99.4,,N @0.0,0.0,0.88,0,38.0,28.6,"College.Pl (College Place), Walla Walla County",300133,College.Pl,2020-01-21 20:33:51.269431
2019-11-07,01:15,28.8,28.1,99.4,,N @0.0,0.0,0.89,0,38.0,28.7,"College.Pl (College Place), Walla Walla County",300133,College.Pl,2020-01-21 20:33:51.269431
2019-11-07,01:30,28.6,27.8,99.4,,N @0.0,0.0,0.9,0,37.9,28.5,"College.Pl (College Place), Walla Walla County",300133,College.Pl,2020-01-21 20:33:51.269431
2019-11-07,01:45,29.0,28.3,99.4,,N @0.0,0.0,0.91,0,37.9,28.9,"College.Pl (College Place), Walla Walla County",300133,College.Pl,2020-01-21 20:33:51.269431
2019-11-07,02:00,29.1,28.4,99.4,,N @0.0,0.0,0.91,0,37.9,29.0,"College.Pl (College Place), Walla Walla County",300133,College.Pl,2020-01-21 20:33:51.269431
2019-11-07,02:15,27.2,26.3,99.4,,SW@0.0,1.4,0.9,0,37.9,27.1,"College.Pl (College Place), Walla Walla County",300133,College.Pl,2020-01-21 20:33:51.269431
2019-11-07,02:30,27.1,26.1,99.4,,E@0.0,1.4,0.18,0,37.9,26.9,"College.Pl (College Place), Walla Walla County",300133,College.Pl,2020-01-21 20:33:51.269431
2019-11-07,02:45,26.4,25.4,99.4,,E@2.3,3.1,0.15,0,37.9,26.3,"College.Pl (College Place), Walla Walla County",300133,College.Pl,2020-01-21 20:33:51.269431
2019-11-07,03:00,25.7,24.6,99.5,,E@2.7,3.9,0.13,0,37.9,25.6,"College.Pl (College Place), Walla Walla County",300133,College.Pl,2020-01-21 20:33:51.269431
2019-11-07,03:15,26.0,24.9,99.5,,E@1.8,3.5,0.12,0,37.9,25.8,"College.Pl (College Place), Walla Walla County",300133,College.Pl,2020-01-21 20:33:51.269431
2019-11-07,03:30,26.1,25.0,99.5,,E@1.4,2.8,0.12,0,37.9,26.0,"College.Pl (College Place), Walla Walla County",300133,College.Pl,2020-01-21 20:33:51.269431
2019-11-07,03:45,26.0,24.9,99.5,,E@0.6,2.8,0.12,0,37.9,25.8,"College.Pl (College Place), Walla Walla County",300133,College.Pl,2020-01-21 20:33:51.269431
2019-11-07,04:00,25.7,24.6,99.5,,E@0.1,2.4,0.11,0,37.9,25.7,"College.Pl (College Place), Walla Walla County",300133,College.Pl,2020-01-21 20:33:51.269431
2019-11-07,04:15,25.5,24.4,99.5,,N @0.0,0.0,0.1,0,37.9,25.4,"College.Pl (College Place), Walla Walla County",300133,College.Pl,2020-01-21 20:33:51.269431
2019-11-07,04:30,25.3,24.1,99.5,,E@0.0,1.4,0.1,0,37.9,25.2,"College.Pl (College Place), Walla Walla County",300133,College.Pl,2020-01-21 20:33:51.269431
2019-11-07,04:45,25.1,23.9,99.5,,E@0.1,1.7,0.1,0,37.9,24.9,"College.Pl (College Place), Walla Walla County",300133,College.Pl,2020-01-21 20:33:51.269431
2019-11-07,05:00,24.8,23.6,99.5,,N @0.0,0.0,0.09,0,37.8,24.7,"College.Pl (College Place), Walla Walla County",300133,College.Pl,2020-01-21 20:33:51.269431
2019-11-07,05:15,24.7,23.5,99.5,,E@0.0,1.4,0.09,0,37.8,24.6,"College.Pl (College Place), Walla Walla County",300133,College.Pl,2020-01-21 20:33:51.269431
2019-11-07,05:30,25.8,24.7,99.5,,N @0.0,0.0,0.11,0,37.8,25.6,"College.Pl (College Place), Walla Walla County",300133,College.Pl,2020-01-21 20:33:51.269431
2019-11-07,05:45,25.3,24.1,99.4,,N @0.0,0.0,0.1,0,37.8,25.1,"College.Pl (College Place), Walla Walla County",300133,College.Pl,2020-01-21 20:33:51.269431
2019-11-07,06:00,25.1,23.9,99.5,,N @0.0,0.0,0.09,0,37.8,25.0,"College.Pl (College Place), Walla Walla County",300133,College.Pl,2020-01-21 20:33:51.269431
2019-11-07,06:15,25.0,23.8,99.5,,N @0.0,0.0,0.09,0,37.8,24.8,"College.Pl (College Place), Walla Walla County",300133,College.Pl,2020-01-21 20:33:51.269431
2019-11-07,06:30,24.7,23.4,99.5,,N @0.0,0.0,0.09,0,37.8,24.6,"College.Pl (College Place), Walla Walla County",300133,College.Pl,2020-01-21 20:33:51.269431
2019-11-07,06:45,24.8,23.6,99.5,,N @0.0,0.0,0.09,3,37.8,24.7,"College.Pl (College Place), Walla Walla County",300133,College.Pl,2020-01-21 20:33:51.269431
2019-11-07,07:00,25.6,24.5,99.5,,N @0.0,0.0,0.1,13,37.8,25.5,"College.Pl (College Place), Walla Walla County",300133,College.Pl,2020-01-21 20:33:51.269431
2019-11-07,07:15,25.9,24.8,99.4,,N @0.0,0.0,0.11,43,37.8,25.7,"College.Pl (College Place), Walla Walla County",300133,College.Pl,2020-01-21 20:33:51.269431
2019-11-07,07:30,26.0,24.9,99.4,,E@0.1,1.4,0.12,51,37.8,26.0,"College.Pl (College Place), Walla Walla County",300133,College.Pl,2020-01-21 20:33:51.269431
2019-11-07,07:45,26.7,25.7,99.4,,N @0.0,0.0,0.15,69,37.7,26.6,"College.Pl (College Place), Walla Walla County",300133,College.Pl,2020-01-21 20:33:51.269431
2019-11-07,08:00,28.5,27.7,99.4,,E@0.0,1.4,0.27,104,37.7,28.3,"College.Pl (College Place), Walla Walla County",300133,College.Pl,2020-01-21 20:33:51.269431
2019-11-07,08:15,31.2,30.9,99.4,,N @0.0,0.0,0.67,156,37.7,31.2,"College.Pl (College Place), Walla Walla County",300133,College.Pl,2020-01-21 20:33:51.269431
2019-11-07,08:30,33.9,33.7,99.2,,N @0.0,0.0,0.96,189,37.7,33.9,"College.Pl (College Place), Walla Walla County",300133,College.Pl,2020-01-21 20:33:51.269431
2019-11-07,08:45,36.0,35.0,96.3,,N @0.0,0.0,1.0,239,37.7,35.9,"College.Pl (College Place), Walla Walla County",300133,College.Pl,2020-01-21 20:33:51.269431
2019-11-07,09:00,36.7,36.1,97.5,,S@0.0,1.4,0.94,241,37.7,36.7,"College.Pl (College Place), Walla Walla County",300133,College.Pl,2020-01-21 20:33:51.269431
2019-11-07,09:15,38.4,37.0,94.9,,N @0.0,0.0,0.94,273,37.7,38.3,"College.Pl (College Place), Walla Walla County",300133,College.Pl,2020-01-21 20:33:51.269431
2019-11-07,09:30,38.7,37.4,94.9,,N @0.0,0.0,0.93,296,37.7,38.8,"College.Pl (College Place), Walla Walla County",300133,College.Pl,2020-01-21 20:33:51.269431
2019-11-07,09:45,39.9,38.3,93.8,,SW@0.0,1.4,0.9,301,37.7,39.9,"College.Pl (College Place), Walla Walla County",300133,College.Pl,2020-01-21 20:33:51.269431
2019-11-07,10:00,40.8,38.2,90.4,,SW@0.0,1.4,0.8,313,37.7,40.8,"College.Pl (College Place), Walla Walla County",300133,College.Pl,2020-01-21 20:33:51.269431
2019-11-07,10:15,41.1,37.8,88.0,,W@0.0,1.4,0.2,321,37.7,41.1,"College.Pl (College Place), Walla Walla County",300133,College.Pl,2020-01-21 20:33:51.269431
2019-11-07,10:30,41.8,37.7,85.5,,W@0.0,1.4,0.0,311,37.6,41.8,"College.Pl (College Place), Walla Walla County",300133,College.Pl,2020-01-21 20:33:51.269431
2019-11-07,10:45,42.3,37.8,83.9,,N @0.0,0.0,0.0,327,37.6,42.3,"College.Pl (College Place), Walla Walla County",300133,College.Pl,2020-01-21 20:33:51.269431
2019-11-07,11:00,43.3,37.6,79.9,,SW@0.0,1.4,0.0,336,37.6,43.4,"College.Pl (College Place), Walla Walla County",300133,College.Pl,2020-01-21 20:33:51.269431
2019-11-07,11:15,44.0,37.6,77.9,,N @0.0,0.0,0.0,373,37.6,44.1,"College.Pl (College Place), Walla Walla County",300133,College.Pl,2020-01-21 20:33:51.269431
2019-11-07,11:30,44.5,37.5,76.2,,N @0.0,0.0,0.0,366,37.6,44.7,"College.Pl (College Place), Walla Walla County",300133,College.Pl,2020-01-21 20:33:51.269431
2019-11-07,11:45,45.3,37.1,72.7,,N @0.0,0.0,0.0,372,37.6,45.3,"College.Pl (College Place), Walla Walla County",300133,College.Pl,2020-01-21 20:33:51.269431
2019-11-07,12:00,45.8,36.9,70.8,,N @0.0,0.0,0.0,375,37.6,45.8,"College.Pl (College Place), Walla Walla County",300133,College.Pl,2020-01-21 20:33:51.269431
2019-11-07,12:15,46.5,36.7,68.6,,N @0.0,0.0,0.0,385,37.6,46.6,"College.Pl (College Place), Walla Walla County",300133,College.Pl,2020-01-21 20:33:51.269431
2019-11-07,12:30,46.7,36.9,68.4,,N @0.0,0.0,0.0,357,37.6,46.9,"College.Pl (College Place), Walla Walla County",300133,College.Pl,2020-01-21 20:33:51.269431
2019-11-07,12:45,47.4,36.9,66.7,,N @0.0,0.0,0.0,371,37.6,47.5,"College.Pl (College Place), Walla Walla County",300133,College.Pl,2020-01-21 20:33:51.269431
2019-11-07,13:00,47.9,37.0,65.7,,N @0.0,0.0,0.0,329,37.6,47.9,"College.Pl (College Place), Walla Walla County",300133,College.Pl,2020-01-21 20:33:51.269431
2019-11-07,13:15,48.2,36.8,64.4,,N @0.0,0.0,0.0,336,37.6,48.2,"College.Pl (College Place), Walla Walla County",300133,College.Pl,2020-01-21 20:33:51.269431
2019-11-07,13:30,48.2,36.7,64.2,,N @0.0,0.0,0.0,313,37.5,48.1,"College.Pl (College Place), Walla Walla County",300133,College.Pl,2020-01-21 20:33:51.269431
2019-11-07,13:45,47.8,36.3,64.3,,N @0.0,0.0,0.0,259,37.5,47.8,"College.Pl (College Place), Walla Walla County",300133,College.Pl,2020-01-21 20:33:51.269431
2019-11-07,14:00,47.5,35.6,63.0,,N @0.0,0.0,0.0,230,37.5,47.5,"College.Pl (College Place), Walla Walla County",300133,College.Pl,2020-01-21 20:33:51.269431
2019-11-07,14:15,47.3,35.2,62.7,,N @0.0,0.0,0.0,199,37.5,47.3,"College.Pl (College Place), Walla Walla County",300133,College.Pl,2020-01-21 20:33:51.269431
2019-11-07,14:30,46.9,35.1,63.3,,N @0.0,0.0,0.0,162,37.5,47.0,"College.Pl (College Place), Walla Walla County",300133,College.Pl,2020-01-21 20:33:51.269431
2019-11-07,14:45,46.7,35.3,64.3,,N @0.0,0.0,0.0,146,37.5,46.7,"College.Pl (College Place), Walla Walla County",300133,College.Pl,2020-01-21 20:33:51.269431
2019-11-07,15:00,46.3,35.6,66.0,,N @0.0,0.0,0.0,105,37.5,46.4,"College.Pl (College Place), Walla Walla County",300133,College.Pl,2020-01-21 20:33:51.269431
2019-11-07,15:15,45.8,36.0,68.3,,N @0.0,0.0,0.0,81,37.6,45.8,"College.Pl (College Place), Walla Walla County",300133,College.Pl,2020-01-21 20:33:51.269431
2019-11-07,15:30,45.1,36.3,71.2,,N @0.0,0.0,0.0,59,37.6,45.1,"College.Pl (College Place), Walla Walla County",300133,College.Pl,2020-01-21 20:33:51.269431
2019-11-07,15:45,44.1,36.8,75.3,,N @0.0,0.0,0.0,49,37.6,44.1,"College.Pl (College Place), Walla Walla County",300133,College.Pl,2020-01-21 20:33:51.269431
2019-11-07,16:00,43.7,37.2,77.8,,N @0.0,0.0,0.0,52,37.6,43.7,"College.Pl (College Place), Walla Walla County",300133,College.Pl,2020-01-21 20:33:51.269431
2019-11-07,16:15,43.3,37.3,79.2,,N @0.0,0.0,0.0,31,37.6,43.3,"College.Pl (College Place), Walla Walla County",300133,College.Pl,2020-01-21 20:33:51.269431
2019-11-07,16:30,42.2,37.7,83.9,,N @0.0,0.0,0.01,14,37.7,42.1,"College.Pl (College Place), Walla Walla County",300133,College.Pl,2020-01-21 20:33:51.269431
2019-11-07,16:45,39.9,37.6,91.1,,E@0.2,2.4,0.01,5,37.7,39.8,"College.Pl (College Place), Walla Walla County",300133,College.Pl,2020-01-21 20:33:51.269431
2019-11-07,17:00,39.1,37.9,95.4,,SE@0.1,1.4,0.02,1,37.7,38.9,"College.Pl (College Place), Walla Walla County",300133,College.Pl,2020-01-21 20:33:51.269431
2019-11-07,17:15,38.0,37.2,97.1,,N @0.0,0.0,0.02,0,37.8,37.8,"College.Pl (College Place), Walla Walla County",300133,College.Pl,2020-01-21 20:33:51.269431
2019-11-07,17:30,36.2,35.8,98.4,,N @0.0,0.0,0.03,0,37.8,36.0,"College.Pl (College Place), Walla Walla County",300133,College.Pl,2020-01-21 20:33:51.269431
2019-11-07,17:45,35.6,35.5,99.3,,N @0.0,0.0,0.04,0,37.9,35.5,"College.Pl (College Place), Walla Walla County",300133,College.Pl,2020-01-21 20:33:51.269431
2019-11-07,18:00,34.4,34.2,99.3,,N @0.0,0.0,0.04,0,37.9,34.3,"College.Pl (College Place), Walla Walla County",300133,College.Pl,2020-01-21 20:33:51.269431
2019-11-07,18:15,34.8,34.6,99.3,,N @0.0,0.0,0.06,0,37.9,34.5,"College.Pl (College Place), Walla Walla County",300133,College.Pl,2020-01-21 20:33:51.269431
2019-11-07,18:30,34.3,34.1,99.3,,E@1.1,3.5,0.09,0,38.0,34.2,"College.Pl (College Place), Walla Walla County",300133,College.Pl,2020-01-21 20:33:51.269431
2019-11-07,18:45,32.1,32.0,99.3,,E@2.7,3.5,0.13,0,38.0,32.0,"College.Pl (College Place), Walla Walla County",300133,College.Pl,2020-01-21 20:33:51.269431
2019-11-07,19:00,31.3,30.9,99.4,,E@2.8,3.5,0.22,0,38.1,31.2,"College.Pl (College Place), Walla Walla County",300133,College.Pl,2020-01-21 20:33:51.269431
2019-11-07,19:15,31.1,30.7,99.4,,SE@1.9,4.6,0.2,0,38.1,31.1,"College.Pl (College Place), Walla Walla County",300133,College.Pl,2020-01-21 20:33:51.269431
2019-11-07,19:30,31.2,30.8,99.4,,E@2.5,4.6,0.16,0,38.1,31.2,"College.Pl (College Place), Walla Walla County",300133,College.Pl,2020-01-21 20:33:51.269431
2019-11-07,19:45,31.0,30.6,99.4,,E@2.3,4.2,0.18,0,38.1,30.9,"College.Pl (College Place), Walla Walla County",300133,College.Pl,2020-01-21 20:33:51.269431
2019-11-07,20:00,30.8,30.4,99.4,,E@0.5,2.4,0.29,0,38.2,30.7,"College.Pl (College Place), Walla Walla County",300133,College.Pl,2020-01-21 20:33:51.269431
2019-11-07,20:15,29.9,29.3,99.4,,SE@1.7,4.6,0.4,0,38.2,29.8,"College.Pl (College Place), Walla Walla County",300133,College.Pl,2020-01-21 20:33:51.269431
2019-11-07,20:30,30.7,30.3,99.4,,E@3.1,4.9,0.47,0,38.2,30.6,"College.Pl (College Place), Walla Walla County",300133,College.Pl,2020-01-21 20:33:51.269431
2019-11-07,20:45,30.4,29.9,99.4,,NE@2.1,3.9,0.47,0,38.2,30.3,"College.Pl (College Place), Walla Walla County",300133,College.Pl,2020-01-21 20:33:51.269431
2019-11-07,21:00,29.7,29.1,99.4,,E@0.5,3.5,0.5,0,38.2,29.6,"College.Pl (College Place), Walla Walla County",300133,College.Pl,2020-01-21 20:33:51.269431
2019-11-07,21:15,29.0,28.4,99.4,,E@0.1,2.1,0.58,0,38.2,28.9,"College.Pl (College Place), Walla Walla County",300133,College.Pl,2020-01-21 20:33:51.269431
2019-11-07,21:30,28.8,28.1,99.4,,E@0.3,2.8,0.64,0,38.3,28.7,"College.Pl (College Place), Walla Walla County",300133,College.Pl,2020-01-21 20:33:51.269431
2019-11-07,21:45,29.0,28.3,99.4,,E@0.2,2.4,0.72,0,38.3,28.9,"College.Pl (College Place), Walla Walla County",300133,College.Pl,2020-01-21 20:33:51.269431
2019-11-07,22:00,28.6,27.8,99.4,,E@0.4,3.5,0.78,0,38.3,28.5,"College.Pl (College Place), Walla Walla County",300133,College.Pl,2020-01-21 20:33:51.269431
2019-11-07,22:15,28.9,28.2,99.4,,E@0.0,2.1,0.81,0,38.3,28.8,"College.Pl (College Place), Walla Walla County",300133,College.Pl,2020-01-21 20:33:51.269431
2019-11-07,22:30,28.5,27.8,99.4,,NE@0.5,3.5,0.84,0,38.3,28.5,"College.Pl (College Place), Walla Walla County",300133,College.Pl,2020-01-21 20:33:51.269431
2019-11-07,22:45,28.7,28.0,99.4,,NE@1.5,3.1,0.86,0,38.3,28.7,"College.Pl (College Place), Walla Walla County",300133,College.Pl,2020-01-21 20:33:51.269431
2019-11-07,23:00,28.9,28.2,99.4,,E@1.1,3.1,0.88,0,38.3,28.7,"College.Pl (College Place), Walla Walla County",300133,College.Pl,2020-01-21 20:33:51.269431
2019-11-07,23:15,28.4,27.6,99.4,,E@2.2,3.9,0.89,0,38.3,28.3,"College.Pl (College Place), Walla Walla County",300133,College.Pl,2020-01-21 20:33:51.269431
2019-11-07,23:30,28.2,27.3,99.4,,E@0.4,3.1,0.9,0,38.3,28.1,"College.Pl (College Place), Walla Walla County",300133,College.Pl,2020-01-21 20:33:51.269431
2019-11-07,23:45,27.9,27.1,99.4,,E@0.1,2.1,0.9,0,38.3,27.8,"College.Pl (College Place), Walla Walla County",300133,College.Pl,2020-01-21 20:33:51.269431
2019-11-07,24:00,28.0,27.2,99.5,,SE@0.3,2.8,0.91,0,38.2,27.9,"College.Pl (College Place), Walla Walla County",300133,College.Pl,2020-01-21 20:33:51.269431
2019-11-08,00:15,28.0,27.2,99.5,,SE@0.4,2.4,0.23,0,38.2,27.9,"College.Pl (College Place), Walla Walla County",300133,College.Pl,2020-01-21 20:33:51.269431
2019-11-08,00:30,27.2,26.3,99.4,,E@0.5,3.1,0.17,0,38.2,27.1,"College.Pl (College Place), Walla Walla County",300133,College.Pl,2020-01-21 20:33:51.269431
2019-11-08,00:45,27.4,26.4,99.4,,E@0.9,2.8,0.17,0,38.2,27.2,"College.Pl (College Place), Walla Walla County",300133,College.Pl,2020-01-21 20:33:51.269431
2019-11-08,01:00,26.9,25.9,99.4,,E@1.7,3.1,0.15,0,38.2,26.7,"College.Pl (College Place), Walla Walla County",300133,College.Pl,2020-01-21 20:33:51.269431
2019-11-08,01:15,27.2,26.2,99.5,,E@0.8,3.1,0.16,0,38.2,27.1,"College.Pl (College Place), Walla Walla County",300133,College.Pl,2020-01-21 20:33:51.269431
2019-11-08,01:30,26.7,25.7,99.5,,E@0.9,3.9,0.15,0,38.2,26.6,"College.Pl (College Place), Walla Walla County",300133,College.Pl,2020-01-21 20:33:51.269431
2019-11-08,01:45,26.5,25.4,99.5,,E@0.3,3.1,0.14,0,38.2,26.4,"College.Pl (College Place), Walla Walla County",300133,College.Pl,2020-01-21 20:33:51.269431
2019-11-08,02:00,26.6,25.6,99.5,,N @0.0,0.0,0.14,0,38.2,26.5,"College.Pl (College Place), Walla Walla County",300133,College.Pl,2020-01-21 20:33:51.269431
2019-11-08,02:15,26.4,25.3,99.5,,E@0.0,2.1,0.13,0,38.2,26.3,"College.Pl (College Place), Walla Walla County",300133,College.Pl,2020-01-21 20:33:51.269431
2019-11-08,02:30,26.0,25.0,99.5,,E@0.0,1.7,0.11,0,38.2,25.9,"College.Pl (College Place), Walla Walla County",300133,College.Pl,2020-01-21 20:33:51.269431
2019-11-08,02:45,26.2,25.2,99.5,,N @0.0,0.0,0.1,0,38.1,26.1,"College.Pl (College Place), Walla Walla County",300133,College.Pl,2020-01-21 20:33:51.269431
2019-11-08,03:00,25.4,24.3,99.5,,N @0.0,0.0,0.09,0,38.1,25.3,"College.Pl (College Place), Walla Walla County",300133,College.Pl,2020-01-21 20:33:51.269431
2019-11-08,03:15,25.6,24.5,99.5,,E@1.4,4.2,0.11,0,38.1,25.5,"College.Pl (College Place), Walla Walla County",300133,College.Pl,2020-01-21 20:33:51.269431
2019-11-08,03:30,25.9,24.8,99.5,,NE@1.3,2.8,0.11,0,38.1,25.9,"College.Pl (College Place), Walla Walla County",300133,College.Pl,2020-01-21 20:33:51.269431
2019-11-08,03:45,25.5,24.3,99.5,,E@0.1,1.7,0.1,0,38.1,25.4,"College.Pl (College Place), Walla Walla County",300133,College.Pl,2020-01-21 20:33:51.269431
2019-11-08,04:00,25.1,23.9,99.5,,E@0.0,1.4,0.09,0,38.1,25.0,"College.Pl (College Place), Walla Walla County",300133,College.Pl,2020-01-21 20:33:51.269431
2019-11-08,04:15,25.4,24.2,99.5,,N @0.0,0.0,0.09,0,38.1,25.1,"College.Pl (College Place), Walla Walla County",300133,College.Pl,2020-01-21 20:33:51.269431
2019-11-08,04:30,25.0,23.8,99.5,,N @0.0,0.0,0.08,0,38.1,24.8,"College.Pl (College Place), Walla Walla County",300133,College.Pl,2020-01-21 20:33:51.269431
2019-11-08,04:45,24.9,23.7,99.5,,E@0.0,1.4,0.08,0,38.1,24.7,"College.Pl (College Place), Walla Walla County",300133,College.Pl,2020-01-21 20:33:51.269431
2019-11-08,05:00,24.5,23.3,99.5,,E@1.5,3.1,0.08,0,38.0,24.4,"College.Pl (College Place), Walla Walla County",300133,College.Pl,2020-01-21 20:33:51.269431
2019-11-08,05:15,23.7,22.4,99.5,,E@1.2,3.1,0.07,0,38.0,23.6,"College.Pl (College Place), Walla Walla County",300133,College.Pl,2020-01-21 20:33:51.269431
2019-11-08,05:30,24.6,23.3,99.5,,E@0.7,2.4,0.08,0,38.0,24.5,"College.Pl (College Place), Walla Walla County",300133,College.Pl,2020-01-21 20:33:51.269431
2019-11-08,05:45,24.2,22.9,99.5,,SE@2.2,3.5,0.08,0,38.0,24.2,"College.Pl (College Place), Walla Walla County",300133,College.Pl,2020-01-21 20:33:51.269431
2019-11-08,06:00,24.1,22.7,99.5,,E@1.6,2.8,0.07,0,38.0,24.0,"College.Pl (College Place), Walla Walla County",300133,College.Pl,2020-01-21 20:33:51.269431
2019-11-08,06:15,23.9,22.5,99.5,,E@1.8,2.4,0.07,0,38.0,23.8,"College.Pl (College Place), Walla Walla County",300133,College.Pl,2020-01-21 20:33:51.269431
2019-11-08,06:30,23.7,22.3,99.5,,N @0.0,0.0,0.07,0,38.0,23.5,"College.Pl (College Place), Walla Walla County",300133,College.Pl,2020-01-21 20:33:51.269431
2019-11-08,06:45,23.9,22.6,99.5,,E@0.0,1.4,0.07,3,38.0,23.8,"College.Pl (College Place), Walla Walla County",300133,College.Pl,2020-01-21 20:33:51.269431
2019-11-08,07:00,23.6,22.2,99.5,,E@1.0,2.4,0.07,9,37.9,23.5,"College.Pl (College Place), Walla Walla County",300133,College.Pl,2020-01-21 20:33:51.269431
2019-11-08,07:15,24.5,23.2,99.4,,E@1.6,2.8,0.08,29,37.9,24.3,"College.Pl (College Place), Walla Walla County",300133,College.Pl,2020-01-21 20:33:51.269431
2019-11-08,07:30,26.4,25.4,99.4,,E@0.0,1.4,0.14,63,37.9,26.3,"College.Pl (College Place), Walla Walla County",300133,College.Pl,2020-01-21 20:33:51.269431
2019-11-08,07:45,28.0,27.1,99.4,,N @0.0,0.0,0.27,103,37.9,28.0,"College.Pl (College Place), Walla Walla County",300133,College.Pl,2020-01-21 20:33:51.269431
2019-11-08,08:00,29.4,28.8,99.4,,N @0.0,0.0,0.58,150,37.9,29.4,"College.Pl (College Place), Walla Walla County",300133,College.Pl,2020-01-21 20:33:51.269431
2019-11-08,08:15,30.8,30.3,99.4,,SW@0.1,1.7,0.88,179,37.9,30.8,"College.Pl (College Place), Walla Walla County",300133,College.Pl,2020-01-21 20:33:51.269431
2019-11-08,08:30,31.6,31.3,99.3,,SW@1.5,3.1,0.91,208,37.9,31.6,"College.Pl (College Place), Walla Walla County",300133,College.Pl,2020-01-21 20:33:51.269431
2019-11-08,08:45,32.7,32.6,99.3,,SW@2.5,3.9,0.95,247,37.9,32.6,"College.Pl (College Place), Walla Walla County",300133,College.Pl,2020-01-21 20:33:51.269431
2019-11-08,09:00,34.3,34.1,99.4,,SW@3.5,4.6,0.98,294,37.8,34.1,"College.Pl (College Place), Walla Walla County",300133,College.Pl,2020-01-21 20:33:51.269431
2019-11-08,09:15,35.3,35.2,99.4,,SW@2.9,4.6,0.93,294,37.8,35.3,"College.Pl (College Place), Walla Walla County",300133,College.Pl,2020-01-21 20:33:51.269431
2019-11-08,09:30,36.6,36.4,99.3,,SW@2.3,4.2,0.92,304,37.8,36.5,"College.Pl (College Place), Walla Walla County",300133,College.Pl,2020-01-21 20:33:51.269431
2019-11-08,09:45,37.9,37.7,99.2,,W@0.8,3.5,0.91,285,37.8,37.9,"College.Pl (College Place), Walla Walla County",300133,College.Pl,2020-01-21 20:33:51.269431
2019-11-08,10:00,40.0,38.6,94.6,,SW@0.0,1.4,0.9,333,37.8,39.9,"College.Pl (College Place), Walla Walla County",300133,College.Pl,2020-01-21 20:33:51.269431
2019-11-08,10:15,42.1,38.6,87.4,,W@0.4,2.4,0.81,339,37.8,42.0,"College.Pl (College Place), Walla Walla County",300133,College.Pl,2020-01-21 20:33:51.269431
2019-11-08,10:30,41.8,38.6,88.3,,NW@3.3,7.1,0.21,299,37.8,41.8,"College.Pl (College Place), Walla Walla County",300133,College.Pl,2020-01-21 20:33:51.269431
2019-11-08,10:45,42.0,38.6,87.6,,NW@4.3,7.1,0.0,334,37.7,42.0,"College.Pl (College Place), Walla Walla County",300133,College.Pl,2020-01-21 20:33:51.269431
2019-11-08,11:00,42.6,37.9,83.6,,NW@1.6,6.7,0.0,394,37.7,42.5,"College.Pl (College Place), Walla Walla County",300133,College.Pl,2020-01-21 20:33:51.269431
2019-11-08,11:15,43.7,37.6,79.1,,NW@2.3,6.4,0.0,417,37.7,43.7,"College.Pl (College Place), Walla Walla County",300133,College.Pl,2020-01-21 20:33:51.269431
2019-11-08,11:30,45.2,37.3,73.4,,N@1.8,3.9,0.0,395,37.7,45.4,"College.Pl (College Place), Walla Walla County",300133,College.Pl,2020-01-21 20:33:51.269431
2019-11-08,11:45,46.3,36.4,68.2,,NW@1.7,3.9,0.0,414,37.7,46.5,"College.Pl (College Place), Walla Walla County",300133,College.Pl,2020-01-21 20:33:51.269431
2019-11-08,12:00,47.4,36.2,64.8,,W@1.5,4.2,0.0,361,37.7,47.5,"College.Pl (College Place), Walla Walla County",300133,College.Pl,2020-01-21 20:33:51.269431
2019-11-08,12:15,47.6,36.3,64.6,,NW@2.5,4.6,0.0,373,37.7,47.7,"College.Pl (College Place), Walla Walla County",300133,College.Pl,2020-01-21 20:33:51.269431
2019-11-08,12:30,47.8,36.4,64.2,,NW@1.2,3.5,0.0,336,37.7,47.9,"College.Pl (College Place), Walla Walla County",300133,College.Pl,2020-01-21 20:33:51.269431
2019-11-08,12:45,48.3,36.5,63.6,,NW@3.4,6.4,0.0,406,37.7,48.4,"College.Pl (College Place), Walla Walla County",300133,College.Pl,2020-01-21 20:33:51.269431
2019-11-08,13:00,48.7,36.7,62.9,,NW@3.6,6.4,0.0,363,37.6,48.8,"College.Pl (College Place), Walla Walla County",300133,College.Pl,2020-01-21 20:33:51.269431
2019-11-08,13:15,49.0,36.9,62.8,,NW@4.0,7.8,0.0,380,37.6,49.1,"College.Pl (College Place), Walla Walla County",300133,College.Pl,2020-01-21 20:33:51.269431
2019-11-08,13:30,49.9,37.0,61.0,,NW@4.0,6.7,0.0,416,37.6,50.0,"College.Pl (College Place), Walla Walla County",300133,College.Pl,2020-01-21 20:33:51.269431
2019-11-08,13:45,50.8,37.1,59.2,,NW@1.3,3.5,0.0,354,37.6,51.0,"College.Pl (College Place), Walla Walla County",300133,College.Pl,2020-01-21 20:33:51.269431
2019-11-08,14:00,51.4,37.2,58.0,,SE@1.7,3.5,0.0,309,37.6,51.6,"College.Pl (College Place), Walla Walla County",300133,College.Pl,2020-01-21 20:33:51.269431
2019-11-08,14:15,51.8,37.3,57.6,,W@2.9,5.3,0.0,298,37.6,51.9,"College.Pl (College Place), Walla Walla County",300133,College.Pl,2020-01-21 20:33:51.269431
2019-11-08,14:30,50.8,37.3,59.6,,W@3.7,5.7,0.0,218,37.6,50.8,"College.Pl (College Place), Walla Walla County",300133,College.Pl,2020-01-21 20:33:51.269431
2019-11-08,14:45,50.4,37.4,60.6,,SW@3.2,4.9,0.0,170,37.6,50.4,"College.Pl (College Place), Walla Walla County",300133,College.Pl,2020-01-21 20:33:51.269431
2019-11-08,15:00,49.6,37.6,63.3,,SW@4.3,6.4,0.0,144,37.6,49.6,"College.Pl (College Place), Walla Walla County",300133,College.Pl,2020-01-21 20:33:51.269431
2019-11-08,15:15,49.6,37.9,63.7,,SW@4.0,5.3,0.0,166,37.7,49.6,"College.Pl (College Place), Walla Walla County",300133,College.Pl,2020-01-21 20:33:51.269431
2019-11-08,15:30,49.6,37.8,63.6,,W@1.2,3.9,0.0,149,37.7,49.5,"College.Pl (College Place), Walla Walla County",300133,College.Pl,2020-01-21 20:33:51.269431
2019-11-08,15:45,49.3,37.7,64.1,,W@0.0,1.7,0.0,113,37.7,49.3,"College.Pl (College Place), Walla Walla County",300133,College.Pl,2020-01-21 20:33:51.269431
2019-11-08,16:00,48.6,37.7,65.8,,W@0.3,2.8,0.0,85,37.7,48.6,"College.Pl (College Place), Walla Walla County",300133,College.Pl,2020-01-21 20:33:51.269431
2019-11-08,16:15,47.1,37.6,69.3,,W@0.3,2.4,0.0,40,37.7,47.2,"College.Pl (College Place), Walla Walla County",300133,College.Pl,2020-01-21 20:33:51.269431
2019-11-08,16:30,46.0,37.9,72.9,,N@0.1,1.7,0.0,13,37.8,46.0,"College.Pl (College Place), Walla Walla County",300133,College.Pl,2020-01-21 20:33:51.269431
2019-11-08,16:45,44.7,37.4,75.4,,N @0.0,0.0,0.01,6,37.8,44.5,"College.Pl (College Place), Walla Walla County",300133,College.Pl,2020-01-21 20:33:51.269431
2019-11-08,17:00,42.2,38.0,84.8,,SE@0.0,1.4,0.01,0,37.8,42.0,"College.Pl (College Place), Walla Walla County",300133,College.Pl,2020-01-21 20:33:51.269431
2019-11-08,17:15,41.7,37.8,85.9,,E@1.4,2.4,0.01,0,37.9,41.5,"College.Pl (College Place), Walla Walla County",300133,College.Pl,2020-01-21 20:33:51.269431
2019-11-08,17:30,40.9,37.9,89.0,,E@1.0,2.8,0.01,0,37.9,40.9,"College.Pl (College Place), Walla Walla County",300133,College.Pl,2020-01-21 20:33:51.269431
2019-11-08,17:45,39.3,37.5,93.5,,SE@0.0,1.4,0.02,0,38.0,39.1,"College.Pl (College Place), Walla Walla County",300133,College.Pl,2020-01-21 20:33:51.269431
2019-11-08,18:00,37.8,37.2,97.4,,SE@2.5,4.2,0.03,0,38.0,37.7,"College.Pl (College Place), Walla Walla County",300133,College.Pl,2020-01-21 20:33:51.269431
2019-11-08,18:15,37.0,36.6,98.4,,E@2.2,3.5,0.02,0,38.0,36.9,"College.Pl (College Place), Walla Walla County",300133,College.Pl,2020-01-21 20:33:51.269431
2019-11-08,18:30,36.8,36.6,99.0,,NE@2.3,3.1,0.02,0,38.1,36.7,"College.Pl (College Place), Walla Walla County",300133,College.Pl,2020-01-21 20:33:51.269431
2019-11-08,18:45,35.3,35.2,99.3,,E@3.5,4.6,0.03,0,38.1,35.1,"College.Pl (College Place), Walla Walla County",300133,College.Pl,2020-01-21 20:33:51.269431
2019-11-08,19:00,35.1,34.9,99.2,,E@3.5,4.2,0.03,0,38.2,34.8,"College.Pl (College Place), Walla Walla County",300133,College.Pl,2020-01-21 20:33:51.269431
2019-11-08,19:15,33.6,33.4,99.3,,E@3.3,4.2,0.05,0,38.2,33.5,"College.Pl (College Place), Walla Walla County",300133,College.Pl,2020-01-21 20:33:51.269431
2019-11-08,19:30,32.4,32.2,99.4,,E@2.6,3.5,0.1,0,38.2,32.3,"College.Pl (College Place), Walla Walla County",300133,College.Pl,2020-01-21 20:33:51.269431
2019-11-08,19:45,32.3,32.1,99.4,,E@2.6,3.5,0.15,0,38.3,32.2,"College.Pl (College Place), Walla Walla County",300133,College.Pl,2020-01-21 20:33:51.269431
2019-11-08,20:00,31.1,30.7,99.4,,SE@2.8,3.9,0.24,0,38.3,31.0,"College.Pl (College Place), Walla Walla County",300133,College.Pl,2020-01-21 20:33:51.269431
2019-11-08,20:15,31.5,31.1,99.4,,E@1.9,3.5,0.31,0,38.3,31.4,"College.Pl (College Place), Walla Walla County",300133,College.Pl,2020-01-21 20:33:51.269431
2019-11-08,20:30,31.9,31.6,99.4,,N @0.0,0.0,0.4,0,38.3,31.8,"College.Pl (College Place), Walla Walla County",300133,College.Pl,2020-01-21 20:33:51.269431
2019-11-08,20:45,31.8,31.5,99.4,,N @0.0,0.0,0.52,0,38.4,31.7,"College.Pl (College Place), Walla Walla County",300133,College.Pl,2020-01-21 20:33:51.269431
2019-11-08,21:00,31.1,30.7,99.4,,N @0.0,0.0,0.61,0,38.4,31.0,"College.Pl (College Place), Walla Walla County",300133,College.Pl,2020-01-21 20:33:51.269431
2019-11-08,21:15,30.9,30.4,99.4,,E@1.2,3.1,0.69,0,38.4,30.8,"College.Pl (College Place), Walla Walla County",300133,College.Pl,2020-01-21 20:33:51.269431
2019-11-08,21:30,30.5,30.0,99.4,,SE@2.1,3.9,0.72,0,38.4,30.4,"College.Pl (College Place), Walla Walla County",300133,College.Pl,2020-01-21 20:33:51.269431
2019-11-08,21:45,31.1,30.7,99.4,,E@0.3,2.8,0.75,0,38.4,31.0,"College.Pl (College Place), Walla Walla County",300133,College.Pl,2020-01-21 20:33:51.269431
2019-11-08,22:00,30.6,30.1,99.4,,N @0.0,0.0,0.77,0,38.4,30.5,"College.Pl (College Place), Walla Walla County",300133,College.Pl,2020-01-21 20:33:51.269431
2019-11-08,22:15,29.4,28.8,99.4,,N @0.0,0.0,0.81,0,38.4,29.3,"College.Pl (College Place), Walla Walla County",300133,College.Pl,2020-01-21 20:33:51.269431
2019-11-08,22:30,28.8,28.0,99.4,,E@0.9,2.4,0.83,0,38.4,28.6,"College.Pl (College Place), Walla Walla County",300133,College.Pl,2020-01-21 20:33:51.269431
2019-11-08,22:45,29.1,28.4,99.4,,E@0.1,1.7,0.86,0,38.4,29.0,"College.Pl (College Place), Walla Walla County",300133,College.Pl,2020-01-21 20:33:51.269431
2019-11-08,23:00,29.3,28.6,99.4,,SE@0.0,2.1,0.87,0,38.4,29.2,"College.Pl (College Place), Walla Walla County",300133,College.Pl,2020-01-21 20:33:51.269431
2019-11-08,23:15,29.9,29.3,99.4,,E@0.0,1.4,0.88,0,38.4,29.8,"College.Pl (College Place), Walla Walla County",300133,College.Pl,2020-01-21 20:33:51.269431
2019-11-08,23:30,30.8,30.4,99.4,,E@0.5,4.2,0.89,0,38.4,30.8,"College.Pl (College Place), Walla Walla County",300133,College.Pl,2020-01-21 20:33:51.269431
2019-11-08,23:45,30.6,30.1,99.4,,N @0.0,0.0,0.89,0,38.4,30.5,"College.Pl (College Place), Walla Walla County",300133,College.Pl,2020-01-21 20:33:51.269431
2019-11-08,24:00,31.9,31.7,99.4,,NE@0.5,2.8,0.9,0,38.4,32.0,"College.Pl (College Place), Walla Walla County",300133,College.Pl,2020-01-21 20:33:51.269431
