Date,Time PST,Air Temp °F, 2<sup>nd</sup> Air Temp °F, Dew Point °F, Rel Hum %, Leaf Wet u., Wind Dir @ Speed mph, Wind Gust mph, 2 in. Soil Tmp °F, 8 in. Soil Tmp °F, Tot Prec in, Solar Rad W/m², Atm. Press. inHg,Location,Station ID,Station Name,Download Timestamp
2018-01-05,00:15,29.9,29.5,29.3,99.5,0.0,N@0.0,0.0,32.2,33.7,0.0,0,30.22,"Grandview NE, Grandview, Benton County",300093,Grandview NE,2018-02-14 19:43:51.716687
2018-01-05,00:30,29.9,29.5,29.4,99.5,0.0,N@0.0,0.0,32.2,33.7,0.0,0,30.22,"Grandview NE, Grandview, Benton County",300093,Grandview NE,2018-02-14 19:43:51.716687
2018-01-05,00:45,29.8,29.4,29.3,99.5,0.0,N@0.0,0.0,32.2,33.7,0.0,0,30.21,"Grandview NE, Grandview, Benton County",300093,Grandview NE,2018-02-14 19:43:51.716687
2018-01-05,01:00,29.9,29.5,29.4,99.5,0.0,N@0.0,0.0,32.2,33.7,0.0,0,30.21,"Grandview NE, Grandview, Benton County",300093,Grandview NE,2018-02-14 19:43:51.716687
2018-01-05,01:15,30.0,29.6,29.5,99.5,0.0,N@0.0,0.0,32.2,33.7,0.0,0,30.21,"Grandview NE, Grandview, Benton County",300093,Grandview NE,2018-02-14 19:43:51.716687
2018-01-05,01:30,30.1,29.6,29.6,99.5,0.0,N@0.0,0.0,32.2,33.7,0.0,0,30.21,"Grandview NE, Grandview, Benton County",300093,Grandview NE,2018-02-14 19:43:51.716687
2018-01-05,01:45,30.2,29.8,29.7,99.5,0.0,N@0.0,0.0,32.2,33.7,0.0,0,30.21,"Grandview NE, Grandview, Benton County",300093,Grandview NE,2018-02-14 19:43:51.716687
2018-01-05,02:00,30.3,29.9,29.8,99.5,0.0,N@0.0,0.0,32.2,33.7,0.0,0,30.21,"Grandview NE, Grandview, Benton County",300093,Grandview NE,2018-02-14 19:43:51.716687
2018-01-05,02:15,30.3,29.9,29.8,99.5,0.0,N@0.0,0.0,32.2,33.7,0.0,0,30.21,"Grandview NE, Grandview, Benton County",300093,Grandview NE,2018-02-14 19:43:51.716687
2018-01-05,02:30,30.2,29.8,29.7,99.5,0.0,N@0.0,0.0,32.2,33.7,0.0,0,30.21,"Grandview NE, Grandview, Benton County",300093,Grandview NE,2018-02-14 19:43:51.716687
2018-01-05,02:45,30.3,29.8,29.8,99.5,0.0,N@0.0,0.0,32.2,33.7,0.0,0,30.21,"Grandview NE, Grandview, Benton County",300093,Grandview NE,2018-02-14 19:43:51.716687
2018-01-05,03:00,30.5,30.0,30.0,99.5,0.0,N@0.0,0.0,32.2,33.7,0.0,0,30.2,"Grandview NE, Grandview, Benton County",300093,Grandview NE,2018-02-14 19:43:51.716687
2018-01-05,03:15,30.6,30.1,30.1,99.5,0.0,N@0.0,0.0,32.2,33.7,0.0,0,30.2,"Grandview NE, Grandview, Benton County",300093,Grandview NE,2018-02-14 19:43:51.716687
2018-01-05,03:30,30.6,30.1,30.2,99.5,0.0,N@0.0,0.0,32.2,33.7,0.0,0,30.2,"Grandview NE, Grandview, Benton County",300093,Grandview NE,2018-02-14 19:43:51.716687
2018-01-05,03:45,30.6,30.1,30.2,99.5,0.0,N@0.0,0.0,32.2,33.7,0.0,0,30.2,"Grandview NE, Grandview, Benton County",300093,Grandview NE,2018-02-14 19:43:51.716687
2018-01-05,04:00,30.6,30.1,30.2,99.5,0.0,N@0.0,0.0,32.2,33.7,0.0,0,30.2,"Grandview NE, Grandview, Benton County",300093,Grandview NE,2018-02-14 19:43:51.716687
2018-01-05,04:15,30.7,30.1,30.3,99.6,0.0,N@0.0,0.0,32.2,33.7,0.0,0,30.2,"Grandview NE, Grandview, Benton County",300093,Grandview NE,2018-02-14 19:43:51.716687
2018-01-05,04:30,30.5,30.0,30.0,99.6,0.0,N@0.0,0.0,32.2,33.7,0.0,0,30.2,"Grandview NE, Grandview, Benton County",300093,Grandview NE,2018-02-14 19:43:51.716687
2018-01-05,04:45,30.3,29.8,29.9,99.6,0.0,N@0.0,0.0,32.2,33.7,0.0,0,30.19,"Grandview NE, Grandview, Benton County",300093,Grandview NE,2018-02-14 19:43:51.716687
2018-01-05,05:00,30.4,29.9,30.0,99.6,0.0,N@0.0,0.0,32.2,33.7,0.0,0,30.19,"Grandview NE, Grandview, Benton County",300093,Grandview NE,2018-02-14 19:43:51.716687
2018-01-05,05:15,30.3,29.8,29.8,99.6,0.0,N@0.0,0.0,32.2,33.7,0.0,0,30.19,"Grandview NE, Grandview, Benton County",300093,Grandview NE,2018-02-14 19:43:51.716687
2018-01-05,05:30,30.2,29.8,29.8,99.6,0.0,N@0.0,0.0,32.2,33.7,0.0,0,30.19,"Grandview NE, Grandview, Benton County",300093,Grandview NE,2018-02-14 19:43:51.716687
2018-01-05,05:45,30.2,29.8,29.8,99.6,0.0,N@0.0,0.0,32.2,33.7,0.0,0,30.19,"Grandview NE, Grandview, Benton County",300093,Grandview NE,2018-02-14 19:43:51.716687
2018-01-05,06:00,30.3,29.8,29.8,99.6,0.0,N@0.0,0.0,32.2,33.7,0.0,0,30.19,"Grandview NE, Grandview, Benton County",300093,Grandview NE,2018-02-14 19:43:51.716687
2018-01-05,06:15,30.2,29.8,29.8,99.6,0.0,N@0.0,0.0,32.2,33.7,0.0,0,30.19,"Grandview NE, Grandview, Benton County",300093,Grandview NE,2018-02-14 19:43:51.716687
2018-01-05,06:30,30.3,29.9,29.9,99.6,0.0,N@0.0,0.0,32.2,33.7,0.0,0,30.19,"Grandview NE, Grandview, Benton County",300093,Grandview NE,2018-02-14 19:43:51.716687
2018-01-05,06:45,30.4,29.9,30.0,99.6,0.0,N@0.0,0.0,32.2,33.7,0.0,0,30.19,"Grandview NE, Grandview, Benton County",300093,Grandview NE,2018-02-14 19:43:51.716687
2018-01-05,07:00,30.3,29.8,29.8,99.6,0.0,N@0.0,0.0,32.2,33.7,0.0,0,30.19,"Grandview NE, Grandview, Benton County",300093,Grandview NE,2018-02-14 19:43:51.716687
2018-01-05,07:15,30.2,29.7,29.7,99.6,0.0,N@0.0,0.0,32.2,33.7,0.0,0,30.19,"Grandview NE, Grandview, Benton County",300093,Grandview NE,2018-02-14 19:43:51.716687
2018-01-05,07:30,30.2,29.7,29.7,99.6,0.0,N@0.0,0.0,32.2,33.7,0.0,0,30.19,"Grandview NE, Grandview, Benton County",300093,Grandview NE,2018-02-14 19:43:51.716687
2018-01-05,07:45,30.2,29.7,29.7,99.6,0.0,N@0.0,0.0,32.2,33.7,0.0,2,30.19,"Grandview NE, Grandview, Benton County",300093,Grandview NE,2018-02-14 19:43:51.716687
2018-01-05,08:00,30.2,29.7,29.7,99.6,0.0,N@0.0,0.0,32.2,33.7,0.0,10,30.19,"Grandview NE, Grandview, Benton County",300093,Grandview NE,2018-02-14 19:43:51.716687
2018-01-05,08:15,30.2,29.7,29.7,99.6,0.0,N@0.0,0.0,32.2,33.7,0.0,18,30.19,"Grandview NE, Grandview, Benton County",300093,Grandview NE,2018-02-14 19:43:51.716687
2018-01-05,08:30,30.4,29.9,30.0,99.6,0.0,N@0.0,0.0,32.2,33.7,0.0,32,30.19,"Grandview NE, Grandview, Benton County",300093,Grandview NE,2018-02-14 19:43:51.716687
2018-01-05,08:45,30.6,30.1,30.2,99.6,0.0,N@0.0,0.0,32.2,33.7,0.0,46,30.19,"Grandview NE, Grandview, Benton County",300093,Grandview NE,2018-02-14 19:43:51.716687
2018-01-05,09:00,30.9,30.4,30.6,99.6,0.04,N@0.0,0.0,32.2,33.7,0.0,64,30.19,"Grandview NE, Grandview, Benton County",300093,Grandview NE,2018-02-14 19:43:51.716687
2018-01-05,09:15,31.1,30.5,30.7,99.6,0.0,N@0.0,0.0,32.2,33.7,0.0,71,30.19,"Grandview NE, Grandview, Benton County",300093,Grandview NE,2018-02-14 19:43:51.716687
2018-01-05,09:30,31.1,30.6,30.7,99.6,0.01,N@0.0,0.0,32.2,33.7,0.0,56,30.19,"Grandview NE, Grandview, Benton County",300093,Grandview NE,2018-02-14 19:43:51.716687
2018-01-05,09:45,31.3,30.8,31.0,99.6,0.07,N@0.0,0.0,32.2,33.7,0.0,101,30.2,"Grandview NE, Grandview, Benton County",300093,Grandview NE,2018-02-14 19:43:51.716687
2018-01-05,10:00,31.4,30.9,31.1,99.6,0.1,N@0.0,0.0,32.2,33.7,0.01,145,30.19,"Grandview NE, Grandview, Benton County",300093,Grandview NE,2018-02-14 19:43:51.716687
2018-01-05,10:15,31.8,31.3,31.5,99.6,0.24,N@0.0,0.0,32.2,33.7,0.0,179,30.21,"Grandview NE, Grandview, Benton County",300093,Grandview NE,2018-02-14 19:43:51.716687
2018-01-05,10:30,32.1,31.7,32.0,99.6,0.46,N@0.0,0.0,32.2,33.7,0.0,188,30.21,"Grandview NE, Grandview, Benton County",300093,Grandview NE,2018-02-14 19:43:51.716687
2018-01-05,10:45,32.0,31.7,31.9,99.6,0.5,N@0.0,0.0,32.2,33.7,0.0,149,30.2,"Grandview NE, Grandview, Benton County",300093,Grandview NE,2018-02-14 19:43:51.716687
2018-01-05,11:00,32.2,31.9,32.1,99.5,0.41,N@0.0,0.0,32.2,33.7,0.0,182,30.19,"Grandview NE, Grandview, Benton County",300093,Grandview NE,2018-02-14 19:43:51.716687
2018-01-05,11:15,32.3,31.9,32.2,99.5,0.36,N@0.0,0.0,32.2,33.7,0.0,148,30.19,"Grandview NE, Grandview, Benton County",300093,Grandview NE,2018-02-14 19:43:51.716687
2018-01-05,11:30,32.5,32.2,32.4,99.5,0.31,N@0.0,0.0,32.2,33.7,0.0,173,30.18,"Grandview NE, Grandview, Benton County",300093,Grandview NE,2018-02-14 19:43:51.716687
2018-01-05,11:45,32.5,32.1,32.4,99.5,0.32,N@0.0,0.0,32.2,33.7,0.0,166,30.18,"Grandview NE, Grandview, Benton County",300093,Grandview NE,2018-02-14 19:43:51.716687
2018-01-05,12:00,32.7,32.3,32.6,99.5,0.31,N@0.0,0.0,32.2,33.7,0.0,193,30.18,"Grandview NE, Grandview, Benton County",300093,Grandview NE,2018-02-14 19:43:51.716687
2018-01-05,12:15,32.9,32.5,32.8,99.5,0.26,W@1.1,6.7,32.2,33.7,0.0,191,30.18,"Grandview NE, Grandview, Benton County",300093,Grandview NE,2018-02-14 19:43:51.716687
2018-01-05,12:30,32.8,32.4,32.7,99.5,0.22,W@0.1,3.9,32.2,33.7,0.0,138,30.17,"Grandview NE, Grandview, Benton County",300093,Grandview NE,2018-02-14 19:43:51.716687
2018-01-05,12:45,32.9,32.5,32.8,99.5,0.17,N@0.0,0.0,32.2,33.7,0.0,152,30.17,"Grandview NE, Grandview, Benton County",300093,Grandview NE,2018-02-14 19:43:51.716687
2018-01-05,13:00,33.0,32.6,32.9,99.5,0.11,W@0.8,4.2,32.2,33.7,0.0,150,30.17,"Grandview NE, Grandview, Benton County",300093,Grandview NE,2018-02-14 19:43:51.716687
2018-01-05,13:15,32.9,32.4,32.7,99.5,0.07,N@0.0,0.0,32.2,33.7,0.0,102,30.17,"Grandview NE, Grandview, Benton County",300093,Grandview NE,2018-02-14 19:43:51.716687
2018-01-05,13:30,33.1,32.6,33.0,99.5,0.0,N@0.0,0.0,32.2,33.7,0.0,170,30.17,"Grandview NE, Grandview, Benton County",300093,Grandview NE,2018-02-14 19:43:51.716687
2018-01-05,13:45,33.2,32.8,33.0,99.5,0.1,N@0.0,0.0,32.2,33.7,0.0,98,30.17,"Grandview NE, Grandview, Benton County",300093,Grandview NE,2018-02-14 19:43:51.716687
2018-01-05,14:00,33.2,32.8,33.1,99.5,0.22,N@0.0,0.0,32.2,33.7,0.0,74,30.16,"Grandview NE, Grandview, Benton County",300093,Grandview NE,2018-02-14 19:43:51.716687
2018-01-05,14:15,33.1,32.7,33.0,99.5,0.22,N@0.0,0.0,32.2,33.7,0.0,49,30.16,"Grandview NE, Grandview, Benton County",300093,Grandview NE,2018-02-14 19:43:51.716687
2018-01-05,14:30,33.2,32.8,33.1,99.5,0.21,N@0.0,0.0,32.2,33.7,0.0,43,30.16,"Grandview NE, Grandview, Benton County",300093,Grandview NE,2018-02-14 19:43:51.716687
2018-01-05,14:45,33.5,33.0,33.3,99.5,0.2,SE@0.9,5.3,32.2,33.7,0.0,92,30.15,"Grandview NE, Grandview, Benton County",300093,Grandview NE,2018-02-14 19:43:51.716687
2018-01-05,15:00,33.6,33.1,33.5,99.5,0.16,SE@4.7,7.8,32.2,33.7,0.0,131,30.14,"Grandview NE, Grandview, Benton County",300093,Grandview NE,2018-02-14 19:43:51.716687
2018-01-05,15:15,33.5,33.1,33.4,99.5,0.12,SE@1.5,6.0,32.2,33.7,0.0,52,30.15,"Grandview NE, Grandview, Benton County",300093,Grandview NE,2018-02-14 19:43:51.716687
2018-01-05,15:30,33.5,33.0,33.4,99.5,0.14,N@0.0,0.0,32.2,33.7,0.0,22,30.16,"Grandview NE, Grandview, Benton County",300093,Grandview NE,2018-02-14 19:43:51.716687
2018-01-05,15:45,33.6,33.1,33.4,99.6,0.31,N@0.0,0.0,32.2,33.7,0.01,63,30.16,"Grandview NE, Grandview, Benton County",300093,Grandview NE,2018-02-14 19:43:51.716687
2018-01-05,16:00,33.6,33.2,33.5,99.6,0.27,N@0.0,0.0,32.2,33.7,0.0,43,30.16,"Grandview NE, Grandview, Benton County",300093,Grandview NE,2018-02-14 19:43:51.716687
2018-01-05,16:15,33.5,33.0,33.3,99.6,0.27,N@0.0,0.0,32.2,33.7,0.0,25,30.17,"Grandview NE, Grandview, Benton County",300093,Grandview NE,2018-02-14 19:43:51.716687
2018-01-05,16:30,33.3,32.8,33.2,99.6,0.27,N@0.0,0.0,32.2,33.7,0.0,10,30.16,"Grandview NE, Grandview, Benton County",300093,Grandview NE,2018-02-14 19:43:51.716687
2018-01-05,16:45,33.1,32.6,33.0,99.6,0.27,E@0.0,2.8,32.2,33.7,0.0,2,30.16,"Grandview NE, Grandview, Benton County",300093,Grandview NE,2018-02-14 19:43:51.716687
2018-01-05,17:00,32.7,32.2,32.6,99.6,0.28,E@1.5,6.0,32.2,33.7,0.0,0,30.16,"Grandview NE, Grandview, Benton County",300093,Grandview NE,2018-02-14 19:43:51.716687
2018-01-05,17:15,32.6,32.2,32.5,99.6,0.29,E@2.0,6.7,32.2,33.7,0.0,0,30.15,"Grandview NE, Grandview, Benton County",300093,Grandview NE,2018-02-14 19:43:51.716687
2018-01-05,17:30,32.8,32.3,32.7,99.6,0.29,N@0.0,0.0,32.2,33.7,0.0,0,30.15,"Grandview NE, Grandview, Benton County",300093,Grandview NE,2018-02-14 19:43:51.716687
2018-01-05,17:45,32.9,32.4,32.8,99.6,0.29,NE@1.0,5.3,32.2,33.7,0.0,0,30.15,"Grandview NE, Grandview, Benton County",300093,Grandview NE,2018-02-14 19:43:51.716687
2018-01-05,18:00,33.0,32.5,32.9,99.6,0.3,E@0.0,3.1,32.2,33.7,0.0,0,30.16,"Grandview NE, Grandview, Benton County",300093,Grandview NE,2018-02-14 19:43:51.716687
2018-01-05,18:15,32.6,32.1,32.5,99.6,0.28,SE@2.5,4.9,32.2,33.7,0.0,0,30.17,"Grandview NE, Grandview, Benton County",300093,Grandview NE,2018-02-14 19:43:51.716687
2018-01-05,18:30,32.7,32.3,32.6,99.6,0.28,E@3.1,6.4,32.2,33.7,0.0,0,30.16,"Grandview NE, Grandview, Benton County",300093,Grandview NE,2018-02-14 19:43:51.716687
2018-01-05,18:45,33.0,32.6,32.9,99.6,0.28,NE@2.6,5.7,32.2,33.7,0.0,0,30.16,"Grandview NE, Grandview, Benton County",300093,Grandview NE,2018-02-14 19:43:51.716687
2018-01-05,19:00,32.9,32.4,32.8,99.6,0.26,NE@3.7,6.0,32.2,33.7,0.0,0,30.15,"Grandview NE, Grandview, Benton County",300093,Grandview NE,2018-02-14 19:43:51.716687
2018-01-05,19:15,32.8,32.4,32.7,99.6,0.25,E@1.1,4.9,32.2,33.7,0.0,0,30.16,"Grandview NE, Grandview, Benton County",300093,Grandview NE,2018-02-14 19:43:51.716687
2018-01-05,19:30,32.6,32.2,32.6,99.6,0.25,NE@0.0,3.5,32.2,33.7,0.0,0,30.14,"Grandview NE, Grandview, Benton County",300093,Grandview NE,2018-02-14 19:43:51.716687
2018-01-05,19:45,32.4,31.9,32.3,99.6,0.26,N@0.0,0.0,32.2,33.7,0.0,0,30.15,"Grandview NE, Grandview, Benton County",300093,Grandview NE,2018-02-14 19:43:51.716687
2018-01-05,20:00,31.9,31.4,31.7,99.6,0.26,N@0.0,0.0,32.2,33.7,0.0,0,30.15,"Grandview NE, Grandview, Benton County",300093,Grandview NE,2018-02-14 19:43:51.716687
2018-01-05,20:15,31.3,30.8,31.0,99.6,0.26,N@0.0,0.0,32.2,33.7,0.0,0,30.16,"Grandview NE, Grandview, Benton County",300093,Grandview NE,2018-02-14 19:43:51.716687
2018-01-05,20:30,31.8,31.4,31.6,99.6,0.27,N@0.0,0.0,32.2,33.7,0.0,0,30.16,"Grandview NE, Grandview, Benton County",300093,Grandview NE,2018-02-14 19:43:51.716687
2018-01-05,20:45,32.4,32.0,32.3,99.6,0.26,N@0.0,0.0,32.2,33.7,0.0,0,30.16,"Grandview NE, Grandview, Benton County",300093,Grandview NE,2018-02-14 19:43:51.716687
2018-01-05,21:00,32.5,32.1,32.4,99.6,0.24,E@0.8,5.3,32.2,33.7,0.0,0,30.16,"Grandview NE, Grandview, Benton County",300093,Grandview NE,2018-02-14 19:43:51.716687
2018-01-05,21:15,32.4,32.0,32.3,99.6,0.21,N@0.0,0.0,32.2,33.7,0.0,0,30.16,"Grandview NE, Grandview, Benton County",300093,Grandview NE,2018-02-14 19:43:51.716687
2018-01-05,21:30,32.0,31.6,32.0,99.6,0.18,E@1.8,7.4,32.2,33.7,0.0,0,30.15,"Grandview NE, Grandview, Benton County",300093,Grandview NE,2018-02-14 19:43:51.716687
2018-01-05,21:45,32.1,31.7,32.0,99.6,0.15,E@4.7,8.2,32.2,33.7,0.0,0,30.14,"Grandview NE, Grandview, Benton County",300093,Grandview NE,2018-02-14 19:43:51.716687
2018-01-05,22:00,32.3,31.9,32.2,99.6,0.11,E@2.6,6.7,32.2,33.7,0.0,0,30.15,"Grandview NE, Grandview, Benton County",300093,Grandview NE,2018-02-14 19:43:51.716687
2018-01-05,22:15,32.4,32.0,32.3,99.6,0.07,E@4.1,7.1,32.2,33.7,0.0,0,30.15,"Grandview NE, Grandview, Benton County",300093,Grandview NE,2018-02-14 19:43:51.716687
2018-01-05,22:30,32.4,32.0,32.3,99.6,0.01,NE@4.8,8.9,32.3,33.7,0.0,0,30.15,"Grandview NE, Grandview, Benton County",300093,Grandview NE,2018-02-14 19:43:51.716687
2018-01-05,22:45,32.3,31.9,32.2,99.6,0.0,E@1.8,6.7,32.3,33.7,0.0,0,30.15,"Grandview NE, Grandview, Benton County",300093,Grandview NE,2018-02-14 19:43:51.716687
2018-01-05,23:00,32.5,32.1,32.4,99.6,0.0,N@0.0,0.0,32.3,33.7,0.0,0,30.15,"Grandview NE, Grandview, Benton County",300093,Grandview NE,2018-02-14 19:43:51.716687
2018-01-05,23:15,32.2,31.8,32.1,99.6,0.0,N@0.0,0.0,32.3,33.7,0.0,0,30.16,"Grandview NE, Grandview, Benton County",300093,Grandview NE,2018-02-14 19:43:51.716687
2018-01-05,23:30,32.0,31.6,31.9,99.6,0.0,N@0.0,0.0,32.3,33.7,0.0,0,30.16,"Grandview NE, Grandview, Benton County",300093,Grandview NE,2018-02-14 19:43:51.716687
2018-01-05,23:45,31.8,31.4,31.6,99.6,0.0,N@0.0,0.0,32.3,33.7,0.0,0,30.16,"Grandview NE, Grandview, Benton County",300093,Grandview NE,2018-02-14 19:43:51.716687
2018-01-05,24:00,31.6,31.1,31.3,99.6,0.0,N@0.0,0.0,32.3,33.7,0.0,0,30.16,"Grandview NE, Grandview, Benton County",300093,Grandview NE,2018-02-14 19:43:51.716687
2018-01-06,00:15,31.2,30.7,30.9,99.6,0.0,N@0.0,0.0,32.3,33.7,0.0,0,30.15,"Grandview NE, Grandview, Benton County",300093,Grandview NE,2018-02-14 19:43:51.716687
2018-01-06,00:30,31.2,30.7,30.8,99.6,0.0,N@0.0,0.0,32.3,33.7,0.0,0,30.15,"Grandview NE, Grandview, Benton County",300093,Grandview NE,2018-02-14 19:43:51.716687
2018-01-06,00:45,30.8,30.3,30.4,99.6,0.0,N@0.0,0.0,32.3,33.7,0.0,0,30.15,"Grandview NE, Grandview, Benton County",300093,Grandview NE,2018-02-14 19:43:51.716687
2018-01-06,01:00,30.7,30.2,30.3,99.6,0.0,N@0.0,0.0,32.3,33.7,0.0,0,30.15,"Grandview NE, Grandview, Benton County",300093,Grandview NE,2018-02-14 19:43:51.716687
2018-01-06,01:15,31.0,30.5,30.6,99.6,0.0,N@0.0,0.0,32.3,33.7,0.0,0,30.15,"Grandview NE, Grandview, Benton County",300093,Grandview NE,2018-02-14 19:43:51.716687
2018-01-06,01:30,30.7,30.2,30.3,99.7,0.0,N@0.0,0.0,32.3,33.7,0.0,0,30.14,"Grandview NE, Grandview, Benton County",300093,Grandview NE,2018-02-14 19:43:51.716687
2018-01-06,01:45,30.0,29.6,29.6,99.7,0.0,N@0.0,0.0,32.3,33.7,0.0,0,30.14,"Grandview NE, Grandview, Benton County",300093,Grandview NE,2018-02-14 19:43:51.716687
2018-01-06,02:00,29.9,29.5,29.4,99.7,0.0,N@0.0,0.0,32.3,33.7,0.0,0,30.14,"Grandview NE, Grandview, Benton County",300093,Grandview NE,2018-02-14 19:43:51.716687
2018-01-06,02:15,29.5,29.1,28.9,99.7,0.0,N@0.0,0.0,32.3,33.7,0.0,0,30.14,"Grandview NE, Grandview, Benton County",300093,Grandview NE,2018-02-14 19:43:51.716687
2018-01-06,02:30,29.0,28.6,28.4,99.7,0.0,N@0.0,0.0,32.3,33.7,0.0,0,30.14,"Grandview NE, Grandview, Benton County",300093,Grandview NE,2018-02-14 19:43:51.716687
2018-01-06,02:45,28.9,28.5,28.3,99.7,0.0,N@0.0,0.0,32.3,33.7,0.0,0,30.14,"Grandview NE, Grandview, Benton County",300093,Grandview NE,2018-02-14 19:43:51.716687
2018-01-06,03:00,28.5,28.0,27.7,99.7,0.0,N@0.0,0.0,32.3,33.7,0.0,0,30.14,"Grandview NE, Grandview, Benton County",300093,Grandview NE,2018-02-14 19:43:51.716687
2018-01-06,03:15,28.6,28.1,27.9,99.7,0.0,N@0.0,0.0,32.3,33.7,0.0,0,30.14,"Grandview NE, Grandview, Benton County",300093,Grandview NE,2018-02-14 19:43:51.716687
2018-01-06,03:30,28.8,28.4,28.2,99.7,0.0,N@0.0,0.0,32.3,33.7,0.0,0,30.14,"Grandview NE, Grandview, Benton County",300093,Grandview NE,2018-02-14 19:43:51.716687
2018-01-06,03:45,29.7,29.2,29.1,99.7,0.0,N@0.0,0.0,32.3,33.7,0.0,0,30.14,"Grandview NE, Grandview, Benton County",300093,Grandview NE,2018-02-14 19:43:51.716687
2018-01-06,04:00,29.8,29.4,29.3,99.7,0.0,N@0.0,0.0,32.3,33.7,0.0,0,30.14,"Grandview NE, Grandview, Benton County",300093,Grandview NE,2018-02-14 19:43:51.716687
2018-01-06,04:15,29.7,29.3,29.2,99.7,0.0,N@0.0,0.0,32.3,33.7,0.0,0,30.14,"Grandview NE, Grandview, Benton County",300093,Grandview NE,2018-02-14 19:43:51.716687
2018-01-06,04:30,29.6,29.1,29.0,99.7,0.0,N@0.0,0.0,32.3,33.7,0.0,0,30.14,"Grandview NE, Grandview, Benton County",300093,Grandview NE,2018-02-14 19:43:51.716687
2018-01-06,04:45,29.3,28.9,28.8,99.7,0.0,N@0.0,0.0,32.3,33.7,0.0,0,30.15,"Grandview NE, Grandview, Benton County",300093,Grandview NE,2018-02-14 19:43:51.716687
2018-01-06,05:00,29.5,29.0,28.9,99.7,0.0,N@0.0,0.0,32.3,33.7,0.0,0,30.15,"Grandview NE, Grandview, Benton County",300093,Grandview NE,2018-02-14 19:43:51.716687
2018-01-06,05:15,30.0,29.5,29.5,99.7,0.0,N@0.0,0.0,32.3,33.7,0.0,0,30.15,"Grandview NE, Grandview, Benton County",300093,Grandview NE,2018-02-14 19:43:51.716687
2018-01-06,05:30,30.1,29.7,29.7,99.7,0.0,N@0.0,0.0,32.3,33.7,0.0,0,30.15,"Grandview NE, Grandview, Benton County",300093,Grandview NE,2018-02-14 19:43:51.716687
2018-01-06,05:45,30.3,29.8,29.9,99.7,0.0,N@0.0,0.0,32.3,33.7,0.0,0,30.15,"Grandview NE, Grandview, Benton County",300093,Grandview NE,2018-02-14 19:43:51.716687
2018-01-06,06:00,30.5,30.0,30.1,99.7,0.0,N@0.0,0.0,32.3,33.7,0.0,0,30.15,"Grandview NE, Grandview, Benton County",300093,Grandview NE,2018-02-14 19:43:51.716687
2018-01-06,06:15,30.8,30.3,30.4,99.7,0.0,N@0.0,0.0,32.3,33.7,0.0,0,30.15,"Grandview NE, Grandview, Benton County",300093,Grandview NE,2018-02-14 19:43:51.716687
2018-01-06,06:30,30.1,29.6,29.6,99.7,0.0,N@0.0,0.0,32.3,33.7,0.0,0,30.16,"Grandview NE, Grandview, Benton County",300093,Grandview NE,2018-02-14 19:43:51.716687
2018-01-06,06:45,30.0,29.6,29.6,99.7,0.0,N@0.0,0.0,32.3,33.7,0.0,0,30.17,"Grandview NE, Grandview, Benton County",300093,Grandview NE,2018-02-14 19:43:51.716687
2018-01-06,07:00,30.3,29.8,29.8,99.7,0.0,N@0.0,0.0,32.3,33.7,0.0,0,30.17,"Grandview NE, Grandview, Benton County",300093,Grandview NE,2018-02-14 19:43:51.716687
2018-01-06,07:15,30.3,29.8,29.9,99.7,0.0,N@0.0,0.0,32.3,33.7,0.0,0,30.17,"Grandview NE, Grandview, Benton County",300093,Grandview NE,2018-02-14 19:43:51.716687
2018-01-06,07:30,30.4,29.8,29.9,99.7,0.0,N@0.0,0.0,32.3,33.7,0.0,0,30.17,"Grandview NE, Grandview, Benton County",300093,Grandview NE,2018-02-14 19:43:51.716687
2018-01-06,07:45,30.4,29.9,30.0,99.7,0.0,N@0.0,0.0,32.3,33.7,0.0,2,30.17,"Grandview NE, Grandview, Benton County",300093,Grandview NE,2018-02-14 19:43:51.716687
2018-01-06,08:00,30.7,30.2,30.3,99.7,0.0,N@0.0,0.0,32.3,33.7,0.0,6,30.19,"Grandview NE, Grandview, Benton County",300093,Grandview NE,2018-02-14 19:43:51.716687
2018-01-06,08:15,31.1,30.6,30.8,99.7,0.0,N@0.0,0.0,32.3,33.7,0.0,14,30.2,"Grandview NE, Grandview, Benton County",300093,Grandview NE,2018-02-14 19:43:51.716687
2018-01-06,08:30,31.3,30.8,31.0,99.7,0.0,N@0.0,0.0,32.3,33.7,0.0,27,30.2,"Grandview NE, Grandview, Benton County",300093,Grandview NE,2018-02-14 19:43:51.716687
2018-01-06,08:45,31.4,31.0,31.2,99.7,0.0,N@0.0,0.0,32.3,33.7,0.0,59,30.2,"Grandview NE, Grandview, Benton County",300093,Grandview NE,2018-02-14 19:43:51.716687
2018-01-06,09:00,31.9,31.4,31.6,99.7,0.0,N@0.0,0.0,32.3,33.7,0.0,77,30.21,"Grandview NE, Grandview, Benton County",300093,Grandview NE,2018-02-14 19:43:51.716687
2018-01-06,09:15,32.1,31.7,32.1,99.7,0.0,N@0.0,0.0,32.3,33.7,0.0,101,30.22,"Grandview NE, Grandview, Benton County",300093,Grandview NE,2018-02-14 19:43:51.716687
2018-01-06,09:30,32.3,31.8,32.2,99.7,0.02,N@0.0,0.0,32.3,33.7,0.0,108,30.22,"Grandview NE, Grandview, Benton County",300093,Grandview NE,2018-02-14 19:43:51.716687
2018-01-06,09:45,32.5,32.0,32.4,99.7,0.04,N@0.0,0.0,32.3,33.7,0.0,102,30.22,"Grandview NE, Grandview, Benton County",300093,Grandview NE,2018-02-14 19:43:51.716687
2018-01-06,10:00,32.4,31.9,32.3,99.7,0.0,N@0.0,0.0,32.3,33.7,0.0,100,30.22,"Grandview NE, Grandview, Benton County",300093,Grandview NE,2018-02-14 19:43:51.716687
2018-01-06,10:15,32.3,31.8,32.3,99.7,0.0,N@0.0,0.0,32.3,33.7,0.0,124,30.23,"Grandview NE, Grandview, Benton County",300093,Grandview NE,2018-02-14 19:43:51.716687
2018-01-06,10:30,32.2,31.7,32.2,99.7,0.0,N@0.0,0.0,32.3,33.7,0.0,166,30.23,"Grandview NE, Grandview, Benton County",300093,Grandview NE,2018-02-14 19:43:51.716687
2018-01-06,10:45,33.4,33.1,33.3,99.7,0.0,N@0.0,0.0,32.3,33.7,0.0,282,30.22,"Grandview NE, Grandview, Benton County",300093,Grandview NE,2018-02-14 19:43:51.716687
2018-01-06,11:00,34.4,33.8,34.3,99.6,0.0,N@0.0,0.0,32.3,33.7,0.0,312,30.23,"Grandview NE, Grandview, Benton County",300093,Grandview NE,2018-02-14 19:43:51.716687
2018-01-06,11:15,35.2,35.0,35.1,99.6,0.0,N@0.0,0.0,32.3,33.7,0.0,313,30.24,"Grandview NE, Grandview, Benton County",300093,Grandview NE,2018-02-14 19:43:51.716687
2018-01-06,11:30,36.0,35.7,35.9,99.6,0.0,N@0.0,0.0,32.4,33.7,0.0,326,30.24,"Grandview NE, Grandview, Benton County",300093,Grandview NE,2018-02-14 19:43:51.716687
2018-01-06,11:45,36.1,35.7,36.0,99.6,0.0,N@0.0,0.0,32.4,33.7,0.0,297,30.24,"Grandview NE, Grandview, Benton County",300093,Grandview NE,2018-02-14 19:43:51.716687
2018-01-06,12:00,35.9,35.5,35.8,99.6,0.0,N@0.0,0.0,32.4,33.7,0.0,306,30.23,"Grandview NE, Grandview, Benton County",300093,Grandview NE,2018-02-14 19:43:51.716687
2018-01-06,12:15,35.9,35.4,35.8,99.6,0.0,N@0.0,0.0,32.4,33.7,0.0,290,30.23,"Grandview NE, Grandview, Benton County",300093,Grandview NE,2018-02-14 19:43:51.716687
2018-01-06,12:30,35.2,34.7,35.1,99.6,0.0,N@0.0,0.0,32.4,33.7,0.0,180,30.22,"Grandview NE, Grandview, Benton County",300093,Grandview NE,2018-02-14 19:43:51.716687
2018-01-06,12:45,34.8,34.3,34.7,99.6,0.0,N@0.0,0.0,32.4,33.7,0.0,184,30.22,"Grandview NE, Grandview, Benton County",300093,Grandview NE,2018-02-14 19:43:51.716687
2018-01-06,13:00,34.6,34.2,34.5,99.6,0.0,N@0.0,0.0,32.4,33.7,0.0,168,30.21,"Grandview NE, Grandview, Benton County",300093,Grandview NE,2018-02-14 19:43:51.716687
2018-01-06,13:15,34.8,34.3,34.7,99.6,0.0,N@0.0,0.0,32.4,33.7,0.0,164,30.21,"Grandview NE, Grandview, Benton County",300093,Grandview NE,2018-02-14 19:43:51.716687
2018-01-06,13:30,34.7,34.2,34.6,99.6,0.0,N@0.0,0.0,32.4,33.7,0.0,149,30.2,"Grandview NE, Grandview, Benton County",300093,Grandview NE,2018-02-14 19:43:51.716687
2018-01-06,13:45,34.8,34.2,34.7,99.6,0.0,N@0.0,0.0,32.4,33.7,0.0,170,30.2,"Grandview NE, Grandview, Benton County",300093,Grandview NE,2018-02-14 19:43:51.716687
2018-01-06,14:00,34.7,34.2,34.6,99.6,0.0,N@0.0,0.0,32.4,33.7,0.0,195,30.2,"Grandview NE, Grandview, Benton County",300093,Grandview NE,2018-02-14 19:43:51.716687
2018-01-06,14:15,34.8,34.4,34.7,99.6,0.0,N@0.0,0.0,32.4,33.7,0.0,191,30.2,"Grandview NE, Grandview, Benton County",300093,Grandview NE,2018-02-14 19:43:51.716687
2018-01-06,14:30,35.3,35.0,35.2,99.6,0.0,N@0.0,0.0,32.4,33.7,0.0,169,30.2,"Grandview NE, Grandview, Benton County",300093,Grandview NE,2018-02-14 19:43:51.716687
2018-01-06,14:45,35.5,35.1,35.4,99.6,0.0,N@0.0,0.0,32.4,33.7,0.0,146,30.2,"Grandview NE, Grandview, Benton County",300093,Grandview NE,2018-02-14 19:43:51.716687
2018-01-06,15:00,35.1,34.7,35.0,99.6,0.0,N@0.0,0.0,32.4,33.7,0.0,110,30.2,"Grandview NE, Grandview, Benton County",300093,Grandview NE,2018-02-14 19:43:51.716687
2018-01-06,15:15,34.9,34.5,34.9,99.6,0.0,N@0.0,0.0,32.4,33.7,0.0,92,30.2,"Grandview NE, Grandview, Benton County",300093,Grandview NE,2018-02-14 19:43:51.716687
2018-01-06,15:30,34.6,34.2,34.5,99.6,0.0,N@0.0,0.0,32.4,33.7,0.0,53,30.21,"Grandview NE, Grandview, Benton County",300093,Grandview NE,2018-02-14 19:43:51.716687
2018-01-06,15:45,34.4,33.9,34.3,99.6,0.0,N@0.0,0.0,32.4,33.7,0.0,37,30.2,"Grandview NE, Grandview, Benton County",300093,Grandview NE,2018-02-14 19:43:51.716687
2018-01-06,16:00,34.2,33.7,34.1,99.6,0.0,N@0.0,0.0,32.4,33.7,0.0,34,30.2,"Grandview NE, Grandview, Benton County",300093,Grandview NE,2018-02-14 19:43:51.716687
2018-01-06,16:15,34.2,33.6,34.1,99.6,0.0,N@0.0,0.0,32.4,33.7,0.0,20,30.19,"Grandview NE, Grandview, Benton County",300093,Grandview NE,2018-02-14 19:43:51.716687
2018-01-06,16:30,33.6,33.1,33.5,99.6,0.0,N@0.0,0.0,32.4,33.7,0.0,7,30.19,"Grandview NE, Grandview, Benton County",300093,Grandview NE,2018-02-14 19:43:51.716687
2018-01-06,16:45,33.4,32.9,33.3,99.6,0.0,N@0.0,0.0,32.4,33.7,0.0,3,30.19,"Grandview NE, Grandview, Benton County",300093,Grandview NE,2018-02-14 19:43:51.716687
2018-01-06,17:00,33.1,32.7,33.1,99.6,0.0,N@0.0,0.0,32.4,33.7,0.0,0,30.19,"Grandview NE, Grandview, Benton County",300093,Grandview NE,2018-02-14 19:43:51.716687
2018-01-06,17:15,33.1,32.7,33.0,99.7,0.0,N@0.0,0.0,32.4,33.7,0.0,0,30.2,"Grandview NE, Grandview, Benton County",300093,Grandview NE,2018-02-14 19:43:51.716687
2018-01-06,17:30,32.9,32.5,32.8,99.7,0.0,N@0.0,0.0,32.4,33.7,0.0,0,30.21,"Grandview NE, Grandview, Benton County",300093,Grandview NE,2018-02-14 19:43:51.716687
2018-01-06,17:45,32.8,32.3,32.7,99.7,0.0,N@0.0,0.0,32.4,33.7,0.0,0,30.21,"Grandview NE, Grandview, Benton County",300093,Grandview NE,2018-02-14 19:43:51.716687
2018-01-06,18:00,32.9,32.4,32.8,99.7,0.0,N@0.0,0.0,32.4,33.7,0.0,0,30.21,"Grandview NE, Grandview, Benton County",300093,Grandview NE,2018-02-14 19:43:51.716687
2018-01-06,18:15,32.9,32.4,32.8,99.7,0.0,N@0.0,0.0,32.4,33.7,0.0,0,30.21,"Grandview NE, Grandview, Benton County",300093,Grandview NE,2018-02-14 19:43:51.716687
2018-01-06,18:30,32.9,32.5,32.8,99.7,0.0,N@0.0,0.0,32.4,33.7,0.0,0,30.21,"Grandview NE, Grandview, Benton County",300093,Grandview NE,2018-02-14 19:43:51.716687
2018-01-06,18:45,32.8,32.4,32.8,99.7,0.0,N@0.0,0.0,32.4,33.7,0.0,0,30.21,"Grandview NE, Grandview, Benton County",300093,Grandview NE,2018-02-14 19:43:51.716687
2018-01-06,19:00,32.7,32.2,32.6,99.7,0.0,N@0.0,0.0,32.4,33.7,0.0,0,30.21,"Grandview NE, Grandview, Benton County",300093,Grandview NE,2018-02-14 19:43:51.716687
2018-01-06,19:15,32.5,32.1,32.5,99.7,0.0,N@0.0,0.0,32.4,33.7,0.0,0,30.21,"Grandview NE, Grandview, Benton County",300093,Grandview NE,2018-02-14 19:43:51.716687
2018-01-06,19:30,32.6,32.1,32.5,99.7,0.0,N@0.0,0.0,32.4,33.8,0.0,0,30.21,"Grandview NE, Grandview, Benton County",300093,Grandview NE,2018-02-14 19:43:51.716687
2018-01-06,19:45,32.4,32.0,32.3,99.7,0.0,N@0.0,0.0,32.4,33.8,0.0,0,30.21,"Grandview NE, Grandview, Benton County",300093,Grandview NE,2018-02-14 19:43:51.716687
2018-01-06,20:00,32.2,31.8,32.2,99.7,0.0,N@0.0,0.0,32.4,33.7,0.0,0,30.21,"Grandview NE, Grandview, Benton County",300093,Grandview NE,2018-02-14 19:43:51.716687
2018-01-06,20:15,32.1,31.7,32.0,99.7,0.0,N@0.0,0.0,32.4,33.7,0.0,0,30.2,"Grandview NE, Grandview, Benton County",300093,Grandview NE,2018-02-14 19:43:51.716687
2018-01-06,20:30,31.9,31.4,31.7,99.7,0.0,N@0.0,0.0,32.4,33.7,0.0,0,30.2,"Grandview NE, Grandview, Benton County",300093,Grandview NE,2018-02-14 19:43:51.716687
2018-01-06,20:45,31.8,31.3,31.6,99.7,0.0,N@0.0,0.0,32.4,33.7,0.0,0,30.2,"Grandview NE, Grandview, Benton County",300093,Grandview NE,2018-02-14 19:43:51.716687
2018-01-06,21:00,31.8,31.3,31.6,99.7,0.0,N@0.0,0.0,32.4,33.7,0.0,0,30.2,"Grandview NE, Grandview, Benton County",300093,Grandview NE,2018-02-14 19:43:51.716687
2018-01-06,21:15,31.8,31.4,31.6,99.7,0.0,N@0.0,0.0,32.4,33.7,0.0,0,30.2,"Grandview NE, Grandview, Benton County",300093,Grandview NE,2018-02-14 19:43:51.716687
2018-01-06,21:30,31.8,31.3,31.6,99.7,0.0,N@0.0,0.0,32.4,33.7,0.0,0,30.2,"Grandview NE, Grandview, Benton County",300093,Grandview NE,2018-02-14 19:43:51.716687
2018-01-06,21:45,31.8,31.3,31.6,99.7,0.02,N@0.0,0.0,32.4,33.7,0.0,0,30.2,"Grandview NE, Grandview, Benton County",300093,Grandview NE,2018-02-14 19:43:51.716687
2018-01-06,22:00,31.8,31.4,31.6,99.7,0.06,N@0.0,0.0,32.4,33.7,0.0,0,30.2,"Grandview NE, Grandview, Benton County",300093,Grandview NE,2018-02-14 19:43:51.716687
2018-01-06,22:15,31.6,31.2,31.4,99.7,0.06,N@0.0,0.0,32.4,33.7,0.0,0,30.21,"Grandview NE, Grandview, Benton County",300093,Grandview NE,2018-02-14 19:43:51.716687
2018-01-06,22:30,31.6,31.1,31.4,99.8,0.07,N@0.0,0.0,32.4,33.7,0.0,0,30.21,"Grandview NE, Grandview, Benton County",300093,Grandview NE,2018-02-14 19:43:51.716687
2018-01-06,22:45,31.5,31.1,31.3,99.8,0.08,N@0.0,0.0,32.4,33.7,0.0,0,30.21,"Grandview NE, Grandview, Benton County",300093,Grandview NE,2018-02-14 19:43:51.716687
2018-01-06,23:00,31.5,31.1,31.3,99.8,0.1,N@0.0,0.0,32.4,33.7,0.0,0,30.2,"Grandview NE, Grandview, Benton County",300093,Grandview NE,2018-02-14 19:43:51.716687
2018-01-06,23:15,31.6,31.0,31.4,99.8,0.11,N@0.0,0.0,32.4,33.7,0.0,0,30.2,"Grandview NE, Grandview, Benton County",300093,Grandview NE,2018-02-14 19:43:51.716687
2018-01-06,23:30,31.5,30.9,31.3,99.8,0.08,N@0.0,0.0,32.4,33.7,0.0,0,30.2,"Grandview NE, Grandview, Benton County",300093,Grandview NE,2018-02-14 19:43:51.716687
2018-01-06,23:45,31.2,30.8,30.9,99.8,0.0,N@0.0,0.0,32.4,33.7,0.0,0,30.19,"Grandview NE, Grandview, Benton County",300093,Grandview NE,2018-02-14 19:43:51.716687
2018-01-06,24:00,31.3,30.8,31.0,99.8,0.0,N@0.0,0.0,32.4,33.7,0.0,0,30.2,"Grandview NE, Grandview, Benton County",300093,Grandview NE,2018-02-14 19:43:51.716687
2018-01-07,00:15,31.2,30.8,30.9,99.8,0.0,N@0.0,0.0,32.4,33.7,0.0,0,30.2,"Grandview NE, Grandview, Benton County",300093,Grandview NE,2018-02-14 19:43:51.716687
2018-01-07,00:30,31.2,30.7,30.9,99.8,0.0,N@0.0,0.0,32.4,33.7,0.0,0,30.2,"Grandview NE, Grandview, Benton County",300093,Grandview NE,2018-02-14 19:43:51.716687
2018-01-07,00:45,31.1,30.6,30.8,99.8,0.0,N@0.0,0.0,32.4,33.7,0.0,0,30.2,"Grandview NE, Grandview, Benton County",300093,Grandview NE,2018-02-14 19:43:51.716687
2018-01-07,01:00,31.0,30.5,30.7,99.8,0.0,N@0.0,0.0,32.4,33.7,0.0,0,30.19,"Grandview NE, Grandview, Benton County",300093,Grandview NE,2018-02-14 19:43:51.716687
2018-01-07,01:15,30.9,30.5,30.6,99.8,0.0,N@0.0,0.0,32.4,33.7,0.0,0,30.18,"Grandview NE, Grandview, Benton County",300093,Grandview NE,2018-02-14 19:43:51.716687
2018-01-07,01:30,30.8,30.4,30.5,99.8,0.0,N@0.0,0.0,32.4,33.7,0.0,0,30.18,"Grandview NE, Grandview, Benton County",300093,Grandview NE,2018-02-14 19:43:51.716687
2018-01-07,01:45,30.8,30.3,30.4,99.8,0.0,N@0.0,0.0,32.4,33.8,0.0,0,30.18,"Grandview NE, Grandview, Benton County",300093,Grandview NE,2018-02-14 19:43:51.716687
2018-01-07,02:00,30.7,30.3,30.3,99.8,0.0,N@0.0,0.0,32.4,33.7,0.0,0,30.19,"Grandview NE, Grandview, Benton County",300093,Grandview NE,2018-02-14 19:43:51.716687
2018-01-07,02:15,30.8,30.3,30.4,99.8,0.0,N@0.0,0.0,32.4,33.7,0.0,0,30.19,"Grandview NE, Grandview, Benton County",300093,Grandview NE,2018-02-14 19:43:51.716687
2018-01-07,02:30,30.5,30.1,30.1,99.8,0.0,N@0.0,0.0,32.4,33.7,0.0,0,30.18,"Grandview NE, Grandview, Benton County",300093,Grandview NE,2018-02-14 19:43:51.716687
2018-01-07,02:45,30.5,30.1,30.1,99.8,0.0,N@0.0,0.0,32.4,33.7,0.0,0,30.18,"Grandview NE, Grandview, Benton County",300093,Grandview NE,2018-02-14 19:43:51.716687
2018-01-07,03:00,30.5,30.1,30.1,99.8,0.0,N@0.0,0.0,32.4,33.7,0.0,0,30.18,"Grandview NE, Grandview, Benton County",300093,Grandview NE,2018-02-14 19:43:51.716687
2018-01-07,03:15,30.5,30.0,30.1,99.8,0.0,N@0.0,0.0,32.5,33.7,0.0,0,30.17,"Grandview NE, Grandview, Benton County",300093,Grandview NE,2018-02-14 19:43:51.716687
2018-01-07,03:30,30.5,30.0,30.1,99.8,0.0,N@0.0,0.0,32.5,33.7,0.0,0,30.16,"Grandview NE, Grandview, Benton County",300093,Grandview NE,2018-02-14 19:43:51.716687
2018-01-07,03:45,30.5,30.1,30.1,99.8,0.0,N@0.0,0.0,32.5,33.7,0.0,0,30.16,"Grandview NE, Grandview, Benton County",300093,Grandview NE,2018-02-14 19:43:51.716687
2018-01-07,04:00,30.5,30.0,30.1,99.8,0.0,N@0.0,0.0,32.5,33.7,0.0,0,30.16,"Grandview NE, Grandview, Benton County",300093,Grandview NE,2018-02-14 19:43:51.716687
2018-01-07,04:15,30.5,30.0,30.1,99.8,0.0,N@0.0,0.0,32.5,33.7,0.0,0,30.16,"Grandview NE, Grandview, Benton County",300093,Grandview NE,2018-02-14 19:43:51.716687
2018-01-07,04:30,30.7,30.2,30.3,99.8,0.0,N@0.0,0.0,32.5,33.7,0.0,0,30.16,"Grandview NE, Grandview, Benton County",300093,Grandview NE,2018-02-14 19:43:51.716687
2018-01-07,04:45,30.7,30.2,30.4,99.8,0.0,N@0.0,0.0,32.5,33.7,0.0,0,30.16,"Grandview NE, Grandview, Benton County",300093,Grandview NE,2018-02-14 19:43:51.716687
2018-01-07,05:00,30.7,30.2,30.3,99.8,0.0,N@0.0,0.0,32.5,33.7,0.0,0,30.16,"Grandview NE, Grandview, Benton County",300093,Grandview NE,2018-02-14 19:43:51.716687
2018-01-07,05:15,30.7,30.2,30.3,99.8,0.0,N@0.0,0.0,32.5,33.7,0.0,0,30.15,"Grandview NE, Grandview, Benton County",300093,Grandview NE,2018-02-14 19:43:51.716687
2018-01-07,05:30,30.7,30.2,30.3,99.8,0.0,N@0.0,0.0,32.5,33.7,0.0,0,30.15,"Grandview NE, Grandview, Benton County",300093,Grandview NE,2018-02-14 19:43:51.716687
2018-01-07,05:45,30.6,30.2,30.3,99.8,0.0,N@0.0,0.0,32.5,33.7,0.0,0,30.16,"Grandview NE, Grandview, Benton County",300093,Grandview NE,2018-02-14 19:43:51.716687
2018-01-07,06:00,30.6,30.2,30.3,99.8,0.0,N@0.0,0.0,32.5,33.8,0.0,0,30.16,"Grandview NE, Grandview, Benton County",300093,Grandview NE,2018-02-14 19:43:51.716687
2018-01-07,06:15,30.6,30.1,30.3,99.8,0.0,N@0.0,0.0,32.5,33.7,0.0,0,30.17,"Grandview NE, Grandview, Benton County",300093,Grandview NE,2018-02-14 19:43:51.716687
2018-01-07,06:30,30.7,30.2,30.3,99.8,0.0,N@0.0,0.0,32.5,33.7,0.0,0,30.17,"Grandview NE, Grandview, Benton County",300093,Grandview NE,2018-02-14 19:43:51.716687
2018-01-07,06:45,30.7,30.2,30.4,99.8,0.0,N@0.0,0.0,32.5,33.7,0.0,0,30.17,"Grandview NE, Grandview, Benton County",300093,Grandview NE,2018-02-14 19:43:51.716687
2018-01-07,07:00,30.7,30.3,30.4,99.8,0.0,N@0.0,0.0,32.5,33.7,0.0,0,30.16,"Grandview NE, Grandview, Benton County",300093,Grandview NE,2018-02-14 19:43:51.716687
2018-01-07,07:15,30.8,30.4,30.5,99.8,0.0,N@0.0,0.0,32.5,33.7,0.0,0,30.17,"Grandview NE, Grandview, Benton County",300093,Grandview NE,2018-02-14 19:43:51.716687
2018-01-07,07:30,30.8,30.4,30.5,99.8,0.0,N@0.0,0.0,32.5,33.7,0.0,0,30.17,"Grandview NE, Grandview, Benton County",300093,Grandview NE,2018-02-14 19:43:51.716687
2018-01-07,07:45,30.8,30.4,30.5,99.8,0.0,N@0.0,0.0,32.5,33.7,0.0,1,30.17,"Grandview NE, Grandview, Benton County",300093,Grandview NE,2018-02-14 19:43:51.716687
2018-01-07,08:00,30.8,30.4,30.5,99.8,0.0,N@0.0,0.0,32.5,33.7,0.0,3,30.16,"Grandview NE, Grandview, Benton County",300093,Grandview NE,2018-02-14 19:43:51.716687
2018-01-07,08:15,30.9,30.4,30.6,99.8,0.0,N@0.0,0.0,32.5,33.7,0.0,9,30.16,"Grandview NE, Grandview, Benton County",300093,Grandview NE,2018-02-14 19:43:51.716687
2018-01-07,08:30,30.9,30.5,30.6,99.8,0.0,N@0.0,0.0,32.5,33.7,0.0,17,30.17,"Grandview NE, Grandview, Benton County",300093,Grandview NE,2018-02-14 19:43:51.716687
2018-01-07,08:45,31.1,30.6,30.8,99.8,0.0,N@0.0,0.0,32.5,33.7,0.0,29,30.17,"Grandview NE, Grandview, Benton County",300093,Grandview NE,2018-02-14 19:43:51.716687
2018-01-07,09:00,31.2,30.8,30.9,99.8,0.01,E@6.9,11.0,32.5,33.7,0.0,50,30.16,"Grandview NE, Grandview, Benton County",300093,Grandview NE,2018-02-14 19:43:51.716687
2018-01-07,09:15,31.3,30.9,31.1,99.8,0.08,E@8.3,13.5,32.5,33.7,0.0,63,30.15,"Grandview NE, Grandview, Benton County",300093,Grandview NE,2018-02-14 19:43:51.716687
2018-01-07,09:30,31.5,31.1,31.3,99.8,0.12,E@8.4,13.9,32.5,33.7,0.0,65,30.14,"Grandview NE, Grandview, Benton County",300093,Grandview NE,2018-02-14 19:43:51.716687
2018-01-07,09:45,31.7,31.3,31.5,99.8,0.26,NE@5.9,9.9,32.5,33.7,0.0,82,30.15,"Grandview NE, Grandview, Benton County",300093,Grandview NE,2018-02-14 19:43:51.716687
2018-01-07,10:00,32.1,31.7,32.0,99.8,0.45,NE@4.7,7.4,32.5,33.7,0.0,111,30.16,"Grandview NE, Grandview, Benton County",300093,Grandview NE,2018-02-14 19:43:51.716687
2018-01-07,10:15,32.6,32.1,32.5,99.8,0.36,NE@0.9,6.7,32.5,33.7,0.0,138,30.16,"Grandview NE, Grandview, Benton County",300093,Grandview NE,2018-02-14 19:43:51.716687
2018-01-07,10:30,32.8,32.7,32.8,99.9,0.35,N@0.0,0.0,32.6,33.7,0.0,131,30.15,"Grandview NE, Grandview, Benton County",300093,Grandview NE,2018-02-14 19:43:51.716687
2018-01-07,10:45,32.6,32.3,32.6,99.8,0.36,N@0.0,0.0,32.6,33.7,0.0,84,30.15,"Grandview NE, Grandview, Benton County",300093,Grandview NE,2018-02-14 19:43:51.716687
2018-01-07,11:00,32.4,32.0,32.4,99.8,0.36,NW@3.3,6.4,32.6,33.8,0.0,81,30.15,"Grandview NE, Grandview, Benton County",300093,Grandview NE,2018-02-14 19:43:51.716687
2018-01-07,11:15,32.4,32.0,32.4,99.8,0.35,NW@2.0,4.6,32.6,33.8,0.0,68,30.14,"Grandview NE, Grandview, Benton County",300093,Grandview NE,2018-02-14 19:43:51.716687
2018-01-07,11:30,32.3,31.9,32.2,99.8,0.36,N@0.0,0.0,32.6,33.7,0.0,65,30.14,"Grandview NE, Grandview, Benton County",300093,Grandview NE,2018-02-14 19:43:51.716687
2018-01-07,11:45,32.4,32.0,32.3,99.8,0.38,N@0.0,0.0,32.6,33.7,0.0,71,30.13,"Grandview NE, Grandview, Benton County",300093,Grandview NE,2018-02-14 19:43:51.716687
2018-01-07,12:00,32.6,32.2,32.5,99.8,0.4,N@0.0,0.0,32.6,33.7,0.0,67,30.13,"Grandview NE, Grandview, Benton County",300093,Grandview NE,2018-02-14 19:43:51.716687
2018-01-07,12:15,32.8,32.4,32.7,99.8,0.41,N@0.0,0.0,32.7,33.7,0.0,74,30.12,"Grandview NE, Grandview, Benton County",300093,Grandview NE,2018-02-14 19:43:51.716687
2018-01-07,12:30,33.2,32.7,33.1,99.8,0.5,N@0.0,0.0,32.7,33.7,0.0,83,30.12,"Grandview NE, Grandview, Benton County",300093,Grandview NE,2018-02-14 19:43:51.716687
2018-01-07,12:45,33.6,33.2,33.5,99.8,0.49,N@0.0,0.0,32.7,33.7,0.0,104,30.11,"Grandview NE, Grandview, Benton County",300093,Grandview NE,2018-02-14 19:43:51.716687
2018-01-07,13:00,34.0,33.6,34.0,99.8,0.45,N@0.0,0.0,32.7,33.7,0.0,108,30.1,"Grandview NE, Grandview, Benton County",300093,Grandview NE,2018-02-14 19:43:51.716687
2018-01-07,13:15,34.0,33.7,34.0,99.8,0.43,SE@0.0,1.4,32.8,33.7,0.0,98,30.09,"Grandview NE, Grandview, Benton County",300093,Grandview NE,2018-02-14 19:43:51.716687
2018-01-07,13:30,34.1,33.9,34.1,99.8,0.43,N@0.0,0.0,32.8,33.7,0.0,84,30.09,"Grandview NE, Grandview, Benton County",300093,Grandview NE,2018-02-14 19:43:51.716687
2018-01-07,13:45,34.3,34.0,34.2,99.8,0.42,N@0.0,0.0,32.8,33.7,0.0,90,30.08,"Grandview NE, Grandview, Benton County",300093,Grandview NE,2018-02-14 19:43:51.716687
2018-01-07,14:00,34.3,34.1,34.3,99.8,0.4,N@0.0,0.0,32.9,33.7,0.0,94,30.08,"Grandview NE, Grandview, Benton County",300093,Grandview NE,2018-02-14 19:43:51.716687
2018-01-07,14:15,34.3,34.1,34.2,99.8,0.38,SE@1.7,6.7,33.0,33.7,0.0,82,30.07,"Grandview NE, Grandview, Benton County",300093,Grandview NE,2018-02-14 19:43:51.716687
2018-01-07,14:30,34.4,34.2,34.4,99.8,0.37,SE@3.4,6.0,33.0,33.7,0.0,64,30.07,"Grandview NE, Grandview, Benton County",300093,Grandview NE,2018-02-14 19:43:51.716687
2018-01-07,14:45,34.3,34.1,34.3,99.8,0.37,SE@2.0,4.9,33.1,33.7,0.0,53,30.07,"Grandview NE, Grandview, Benton County",300093,Grandview NE,2018-02-14 19:43:51.716687
2018-01-07,15:00,34.3,34.0,34.2,99.8,0.4,SE@0.8,4.6,33.2,33.7,0.0,44,30.07,"Grandview NE, Grandview, Benton County",300093,Grandview NE,2018-02-14 19:43:51.716687
2018-01-07,15:15,34.2,33.9,34.2,99.8,0.42,N@0.0,0.0,33.2,33.7,0.0,39,30.07,"Grandview NE, Grandview, Benton County",300093,Grandview NE,2018-02-14 19:43:51.716687
2018-01-07,15:30,34.2,33.9,34.2,99.8,0.45,N@0.0,0.0,33.3,33.7,0.0,31,30.08,"Grandview NE, Grandview, Benton County",300093,Grandview NE,2018-02-14 19:43:51.716687
2018-01-07,15:45,34.0,33.8,34.0,99.8,0.46,N@0.0,0.0,33.3,33.7,0.0,19,30.08,"Grandview NE, Grandview, Benton County",300093,Grandview NE,2018-02-14 19:43:51.716687
2018-01-07,16:00,34.0,33.6,33.9,99.8,0.48,N@0.0,0.0,33.3,33.7,0.01,10,30.07,"Grandview NE, Grandview, Benton County",300093,Grandview NE,2018-02-14 19:43:51.716687
2018-01-07,16:15,33.9,33.5,33.9,99.8,0.55,N@0.0,0.0,33.3,33.7,0.0,5,30.07,"Grandview NE, Grandview, Benton County",300093,Grandview NE,2018-02-14 19:43:51.716687
2018-01-07,16:30,33.8,33.4,33.8,99.8,0.57,N@0.0,0.0,33.3,33.7,0.0,2,30.06,"Grandview NE, Grandview, Benton County",300093,Grandview NE,2018-02-14 19:43:51.716687
2018-01-07,16:45,33.5,33.1,33.5,99.8,0.58,N@0.0,0.0,33.3,33.8,0.01,0,30.07,"Grandview NE, Grandview, Benton County",300093,Grandview NE,2018-02-14 19:43:51.716687
2018-01-07,17:00,33.3,32.9,33.3,99.8,0.57,N@0.0,0.0,33.3,33.7,0.0,0,30.07,"Grandview NE, Grandview, Benton County",300093,Grandview NE,2018-02-14 19:43:51.716687
2018-01-07,17:15,33.2,32.8,33.1,99.8,0.56,N@0.0,0.0,33.3,33.7,0.0,0,30.06,"Grandview NE, Grandview, Benton County",300093,Grandview NE,2018-02-14 19:43:51.716687
2018-01-07,17:30,33.1,32.7,33.1,99.8,0.58,N@0.0,0.0,33.3,33.7,0.0,0,30.06,"Grandview NE, Grandview, Benton County",300093,Grandview NE,2018-02-14 19:43:51.716687
2018-01-07,17:45,33.1,32.7,33.1,99.8,0.58,N@0.0,0.0,33.3,33.7,0.0,0,30.06,"Grandview NE, Grandview, Benton County",300093,Grandview NE,2018-02-14 19:43:51.716687
2018-01-07,18:00,33.2,32.7,33.1,99.8,0.57,N@0.0,0.0,33.3,33.7,0.0,0,30.05,"Grandview NE, Grandview, Benton County",300093,Grandview NE,2018-02-14 19:43:51.716687
2018-01-07,18:15,33.2,32.7,33.1,99.8,0.57,N@0.0,0.0,33.2,33.8,0.01,0,30.05,"Grandview NE, Grandview, Benton County",300093,Grandview NE,2018-02-14 19:43:51.716687
2018-01-07,18:30,33.2,32.7,33.1,99.8,0.59,N@0.0,0.0,33.2,33.7,0.0,0,30.05,"Grandview NE, Grandview, Benton County",300093,Grandview NE,2018-02-14 19:43:51.716687
2018-01-07,18:45,33.2,32.7,33.1,99.8,0.61,N@0.0,0.0,33.2,33.8,0.0,0,30.04,"Grandview NE, Grandview, Benton County",300093,Grandview NE,2018-02-14 19:43:51.716687
2018-01-07,19:00,33.1,32.6,33.0,99.8,0.62,N@0.0,0.0,33.2,33.8,0.0,0,30.04,"Grandview NE, Grandview, Benton County",300093,Grandview NE,2018-02-14 19:43:51.716687
2018-01-07,19:15,33.1,32.6,33.0,99.8,0.62,N@0.0,0.0,33.2,33.8,0.0,0,30.03,"Grandview NE, Grandview, Benton County",300093,Grandview NE,2018-02-14 19:43:51.716687
2018-01-07,19:30,33.1,32.6,33.0,99.9,0.63,N@0.0,0.0,33.2,33.7,0.0,0,30.03,"Grandview NE, Grandview, Benton County",300093,Grandview NE,2018-02-14 19:43:51.716687
2018-01-07,19:45,33.0,32.6,33.0,99.8,0.65,N@0.0,0.0,33.2,33.7,0.0,0,30.03,"Grandview NE, Grandview, Benton County",300093,Grandview NE,2018-02-14 19:43:51.716687
2018-01-07,20:00,33.1,32.6,33.0,99.8,0.66,N@0.0,0.0,33.2,33.7,0.0,0,30.03,"Grandview NE, Grandview, Benton County",300093,Grandview NE,2018-02-14 19:43:51.716687
2018-01-07,20:15,33.0,32.5,33.0,99.8,0.69,N@0.0,0.0,33.2,33.7,0.0,0,30.03,"Grandview NE, Grandview, Benton County",300093,Grandview NE,2018-02-14 19:43:51.716687
2018-01-07,20:30,33.0,32.5,33.0,99.9,0.7,N@0.0,0.0,33.3,33.7,0.0,0,30.04,"Grandview NE, Grandview, Benton County",300093,Grandview NE,2018-02-14 19:43:51.716687
2018-01-07,20:45,33.0,32.6,33.0,99.9,0.7,N@0.0,0.0,33.3,33.7,0.0,0,30.03,"Grandview NE, Grandview, Benton County",300093,Grandview NE,2018-02-14 19:43:51.716687
2018-01-07,21:00,33.1,32.6,33.1,99.9,0.69,N@0.0,0.0,33.3,33.7,0.0,0,30.03,"Grandview NE, Grandview, Benton County",300093,Grandview NE,2018-02-14 19:43:51.716687
2018-01-07,21:15,33.1,32.6,33.0,99.9,0.69,N@0.0,0.0,33.3,33.8,0.0,0,30.03,"Grandview NE, Grandview, Benton County",300093,Grandview NE,2018-02-14 19:43:51.716687
2018-01-07,21:30,33.1,32.6,33.1,99.9,0.7,N@0.0,0.0,33.3,33.8,0.0,0,30.03,"Grandview NE, Grandview, Benton County",300093,Grandview NE,2018-02-14 19:43:51.716687
2018-01-07,21:45,33.2,32.7,33.1,99.9,0.7,N@0.0,0.0,33.3,33.8,0.0,0,30.02,"Grandview NE, Grandview, Benton County",300093,Grandview NE,2018-02-14 19:43:51.716687
2018-01-07,22:00,33.1,32.6,33.1,99.9,0.7,N@0.0,0.0,33.3,33.7,0.0,0,30.02,"Grandview NE, Grandview, Benton County",300093,Grandview NE,2018-02-14 19:43:51.716687
2018-01-07,22:15,33.2,32.7,33.1,99.9,0.71,N@0.0,0.0,33.4,33.8,0.0,0,30.0,"Grandview NE, Grandview, Benton County",300093,Grandview NE,2018-02-14 19:43:51.716687
2018-01-07,22:30,33.0,32.5,33.0,99.9,0.72,N@0.0,0.0,33.4,33.7,0.0,0,29.99,"Grandview NE, Grandview, Benton County",300093,Grandview NE,2018-02-14 19:43:51.716687
2018-01-07,22:45,32.8,32.3,32.8,99.9,0.72,N@0.0,0.0,33.4,33.7,0.0,0,29.99,"Grandview NE, Grandview, Benton County",300093,Grandview NE,2018-02-14 19:43:51.716687
2018-01-07,23:00,32.9,32.4,32.9,99.9,0.73,N@0.0,0.0,33.4,33.7,0.0,0,30.0,"Grandview NE, Grandview, Benton County",300093,Grandview NE,2018-02-14 19:43:51.716687
2018-01-07,23:15,33.0,32.5,32.9,99.9,0.73,N@0.0,0.0,33.4,33.7,0.0,0,29.99,"Grandview NE, Grandview, Benton County",300093,Grandview NE,2018-02-14 19:43:51.716687
2018-01-07,23:30,33.2,32.7,33.2,99.9,0.74,N@0.0,0.0,33.4,33.8,0.0,0,29.98,"Grandview NE, Grandview, Benton County",300093,Grandview NE,2018-02-14 19:43:51.716687
2018-01-07,23:45,33.1,32.7,33.1,99.9,0.75,N@0.0,0.0,33.4,33.7,0.0,0,29.98,"Grandview NE, Grandview, Benton County",300093,Grandview NE,2018-02-14 19:43:51.716687
2018-01-07,24:00,33.1,32.6,33.0,99.9,0.75,N@0.0,0.0,33.5,33.8,0.0,0,29.98,"Grandview NE, Grandview, Benton County",300093,Grandview NE,2018-02-14 19:43:51.716687
2018-01-08,00:15,33.0,32.5,33.0,99.9,0.76,N@0.0,0.0,33.5,33.8,0.0,0,29.99,"Grandview NE, Grandview, Benton County",300093,Grandview NE,2018-02-14 19:43:51.716687
2018-01-08,00:30,33.1,32.6,33.1,99.9,0.76,N@0.0,0.0,33.5,33.7,0.0,0,29.98,"Grandview NE, Grandview, Benton County",300093,Grandview NE,2018-02-14 19:43:51.716687
2018-01-08,00:45,33.2,32.7,33.2,99.9,0.77,N@0.0,0.0,33.5,33.7,0.0,0,29.98,"Grandview NE, Grandview, Benton County",300093,Grandview NE,2018-02-14 19:43:51.716687
2018-01-08,01:00,33.1,32.6,33.1,99.9,0.77,N@0.0,0.0,33.5,33.7,0.0,0,29.98,"Grandview NE, Grandview, Benton County",300093,Grandview NE,2018-02-14 19:43:51.716687
2018-01-08,01:15,33.1,32.6,33.1,99.9,0.77,N@0.0,0.0,33.5,33.7,0.0,0,29.98,"Grandview NE, Grandview, Benton County",300093,Grandview NE,2018-02-14 19:43:51.716687
2018-01-08,01:30,33.0,32.5,33.0,99.9,0.78,N@0.0,0.0,33.6,33.8,0.0,0,29.98,"Grandview NE, Grandview, Benton County",300093,Grandview NE,2018-02-14 19:43:51.716687
2018-01-08,01:45,32.8,32.3,32.8,99.9,0.78,N@0.0,0.0,33.5,33.7,0.0,0,29.97,"Grandview NE, Grandview, Benton County",300093,Grandview NE,2018-02-14 19:43:51.716687
2018-01-08,02:00,32.8,32.3,32.7,99.9,0.79,N@0.0,0.0,33.5,33.7,0.0,0,29.96,"Grandview NE, Grandview, Benton County",300093,Grandview NE,2018-02-14 19:43:51.716687
2018-01-08,02:15,32.7,32.2,32.6,99.9,0.8,N@0.0,0.0,33.4,33.7,0.0,0,29.96,"Grandview NE, Grandview, Benton County",300093,Grandview NE,2018-02-14 19:43:51.716687
2018-01-08,02:30,32.5,32.0,32.5,99.9,0.81,N@0.0,0.0,33.4,33.7,0.0,0,29.96,"Grandview NE, Grandview, Benton County",300093,Grandview NE,2018-02-14 19:43:51.716687
2018-01-08,02:45,32.6,32.2,32.6,99.9,0.81,N@0.0,0.0,33.4,33.7,0.0,0,29.95,"Grandview NE, Grandview, Benton County",300093,Grandview NE,2018-02-14 19:43:51.716687
2018-01-08,03:00,32.4,32.0,32.4,99.9,0.82,N@0.0,0.0,33.4,33.8,0.0,0,29.95,"Grandview NE, Grandview, Benton County",300093,Grandview NE,2018-02-14 19:43:51.716687
2018-01-08,03:15,32.2,31.8,32.2,99.9,0.82,N@0.0,0.0,33.3,33.7,0.0,0,29.95,"Grandview NE, Grandview, Benton County",300093,Grandview NE,2018-02-14 19:43:51.716687
2018-01-08,03:30,31.8,31.3,31.6,99.9,0.82,N@0.0,0.0,33.3,33.7,0.0,0,29.95,"Grandview NE, Grandview, Benton County",300093,Grandview NE,2018-02-14 19:43:51.716687
2018-01-08,03:45,31.7,31.2,31.5,99.9,0.82,N@0.0,0.0,33.3,33.7,0.0,0,29.94,"Grandview NE, Grandview, Benton County",300093,Grandview NE,2018-02-14 19:43:51.716687
2018-01-08,04:00,32.0,31.5,31.8,99.9,0.83,N@0.0,0.0,33.3,33.7,0.0,0,29.93,"Grandview NE, Grandview, Benton County",300093,Grandview NE,2018-02-14 19:43:51.716687
2018-01-08,04:15,32.3,31.9,32.3,99.9,0.83,N@0.0,0.0,33.2,33.7,0.0,0,29.93,"Grandview NE, Grandview, Benton County",300093,Grandview NE,2018-02-14 19:43:51.716687
2018-01-08,04:30,32.0,31.6,32.0,99.9,0.83,N@0.0,0.0,33.2,33.7,0.0,0,29.94,"Grandview NE, Grandview, Benton County",300093,Grandview NE,2018-02-14 19:43:51.716687
2018-01-08,04:45,31.9,31.5,31.8,99.9,0.83,N@0.0,0.0,33.2,33.7,0.0,0,29.94,"Grandview NE, Grandview, Benton County",300093,Grandview NE,2018-02-14 19:43:51.716687
2018-01-08,05:00,31.9,31.4,31.7,99.9,0.79,N@0.0,0.0,33.2,33.7,0.0,0,29.93,"Grandview NE, Grandview, Benton County",300093,Grandview NE,2018-02-14 19:43:51.716687
2018-01-08,05:15,31.7,31.3,31.6,99.9,0.47,N@0.0,0.0,33.2,33.8,0.0,0,29.92,"Grandview NE, Grandview, Benton County",300093,Grandview NE,2018-02-14 19:43:51.716687
2018-01-08,05:30,31.7,31.2,31.5,99.9,0.36,N@0.0,0.0,33.1,33.8,0.0,0,29.92,"Grandview NE, Grandview, Benton County",300093,Grandview NE,2018-02-14 19:43:51.716687
2018-01-08,05:45,31.5,31.1,31.3,99.9,0.26,N@0.0,0.0,33.1,33.8,0.0,0,29.92,"Grandview NE, Grandview, Benton County",300093,Grandview NE,2018-02-14 19:43:51.716687
2018-01-08,06:00,31.5,31.0,31.3,99.9,0.25,N@0.0,0.0,33.1,33.8,0.0,0,29.92,"Grandview NE, Grandview, Benton County",300093,Grandview NE,2018-02-14 19:43:51.716687
2018-01-08,06:15,31.5,31.1,31.3,99.9,0.33,N@0.0,0.0,33.1,33.8,0.0,0,29.92,"Grandview NE, Grandview, Benton County",300093,Grandview NE,2018-02-14 19:43:51.716687
2018-01-08,06:30,31.9,31.4,31.7,99.9,0.44,N@0.0,0.0,33.1,33.8,0.0,0,29.92,"Grandview NE, Grandview, Benton County",300093,Grandview NE,2018-02-14 19:43:51.716687
2018-01-08,06:45,32.0,31.5,32.0,99.9,0.5,N@0.0,0.0,33.1,33.8,0.0,0,29.93,"Grandview NE, Grandview, Benton County",300093,Grandview NE,2018-02-14 19:43:51.716687
2018-01-08,07:00,32.0,31.5,32.0,99.9,0.53,N@0.0,0.0,33.1,33.8,0.0,0,29.92,"Grandview NE, Grandview, Benton County",300093,Grandview NE,2018-02-14 19:43:51.716687
2018-01-08,07:15,32.0,31.5,31.8,99.9,0.54,N@0.0,0.0,33.1,33.8,0.0,0,29.92,"Grandview NE, Grandview, Benton County",300093,Grandview NE,2018-02-14 19:43:51.716687
2018-01-08,07:30,32.0,31.5,31.8,99.9,0.54,N@0.0,0.0,33.1,33.8,0.0,0,29.92,"Grandview NE, Grandview, Benton County",300093,Grandview NE,2018-02-14 19:43:51.716687
2018-01-08,07:45,32.0,31.5,31.8,99.9,0.55,N@0.0,0.0,33.1,33.7,0.0,2,29.91,"Grandview NE, Grandview, Benton County",300093,Grandview NE,2018-02-14 19:43:51.716687
2018-01-08,08:00,32.0,31.5,31.9,99.9,0.57,N@0.0,0.0,33.1,33.8,0.0,6,29.91,"Grandview NE, Grandview, Benton County",300093,Grandview NE,2018-02-14 19:43:51.716687
2018-01-08,08:15,32.1,31.6,32.1,99.9,0.61,N@0.0,0.0,33.1,33.8,0.0,15,29.91,"Grandview NE, Grandview, Benton County",300093,Grandview NE,2018-02-14 19:43:51.716687
2018-01-08,08:30,32.2,31.7,32.1,99.9,0.66,N@0.0,0.0,33.1,33.8,0.0,22,29.91,"Grandview NE, Grandview, Benton County",300093,Grandview NE,2018-02-14 19:43:51.716687
2018-01-08,08:45,32.4,31.9,32.3,99.9,0.75,N@0.0,0.0,33.1,33.8,0.0,32,29.91,"Grandview NE, Grandview, Benton County",300093,Grandview NE,2018-02-14 19:43:51.716687
2018-01-08,09:00,32.5,32.0,32.5,99.9,0.82,N@0.0,0.0,33.1,33.7,0.0,30,29.91,"Grandview NE, Grandview, Benton County",300093,Grandview NE,2018-02-14 19:43:51.716687
2018-01-08,09:15,32.8,32.2,32.8,99.9,0.86,N@0.0,0.0,33.1,33.8,0.0,44,29.91,"Grandview NE, Grandview, Benton County",300093,Grandview NE,2018-02-14 19:43:51.716687
2018-01-08,09:30,32.8,32.3,32.8,99.9,0.87,N@0.0,0.0,33.2,33.7,0.0,48,29.9,"Grandview NE, Grandview, Benton County",300093,Grandview NE,2018-02-14 19:43:51.716687
2018-01-08,09:45,33.0,32.5,32.9,99.9,0.87,N@0.0,0.0,33.2,33.7,0.0,58,29.9,"Grandview NE, Grandview, Benton County",300093,Grandview NE,2018-02-14 19:43:51.716687
2018-01-08,10:00,33.1,32.7,33.1,99.9,0.87,N@0.0,0.0,33.3,33.7,0.0,58,29.91,"Grandview NE, Grandview, Benton County",300093,Grandview NE,2018-02-14 19:43:51.716687
2018-01-08,10:15,33.5,33.0,33.5,99.9,0.87,N@0.0,0.0,33.5,33.8,0.0,85,29.92,"Grandview NE, Grandview, Benton County",300093,Grandview NE,2018-02-14 19:43:51.716687
2018-01-08,10:30,33.8,33.3,33.7,99.9,0.87,N@0.0,0.0,33.7,33.7,0.0,75,29.9,"Grandview NE, Grandview, Benton County",300093,Grandview NE,2018-02-14 19:43:51.716687
2018-01-08,10:45,34.2,33.7,34.1,99.9,0.88,N@0.0,0.0,33.9,33.8,0.0,89,29.89,"Grandview NE, Grandview, Benton County",300093,Grandview NE,2018-02-14 19:43:51.716687
2018-01-08,11:00,34.4,34.1,34.3,99.9,0.88,N@0.0,0.0,34.1,33.8,0.0,85,29.88,"Grandview NE, Grandview, Benton County",300093,Grandview NE,2018-02-14 19:43:51.716687
2018-01-08,11:15,34.2,34.1,34.2,99.9,0.88,N@0.0,0.0,34.4,33.8,0.0,72,29.88,"Grandview NE, Grandview, Benton County",300093,Grandview NE,2018-02-14 19:43:51.716687
2018-01-08,11:30,34.4,34.2,34.3,99.9,0.88,N@0.0,0.0,34.6,33.8,0.0,95,29.88,"Grandview NE, Grandview, Benton County",300093,Grandview NE,2018-02-14 19:43:51.716687
2018-01-08,11:45,34.5,34.3,34.5,99.9,0.87,N@0.0,0.0,34.8,33.8,0.0,66,29.88,"Grandview NE, Grandview, Benton County",300093,Grandview NE,2018-02-14 19:43:51.716687
2018-01-08,12:00,34.4,34.2,34.4,99.9,0.86,N@0.0,0.0,35.0,33.8,0.0,61,29.88,"Grandview NE, Grandview, Benton County",300093,Grandview NE,2018-02-14 19:43:51.716687
2018-01-08,12:15,34.5,34.3,34.5,99.9,0.84,N@0.0,0.0,35.1,33.8,0.0,79,29.87,"Grandview NE, Grandview, Benton County",300093,Grandview NE,2018-02-14 19:43:51.716687
2018-01-08,12:30,34.5,34.3,34.4,99.9,0.81,N@0.0,0.0,35.2,33.8,0.0,55,29.87,"Grandview NE, Grandview, Benton County",300093,Grandview NE,2018-02-14 19:43:51.716687
2018-01-08,12:45,34.7,34.4,34.7,99.9,0.79,N@0.0,0.0,35.4,33.8,0.0,81,29.86,"Grandview NE, Grandview, Benton County",300093,Grandview NE,2018-02-14 19:43:51.716687
2018-01-08,13:00,34.8,34.5,34.8,99.9,0.76,N@0.0,0.0,35.5,33.8,0.0,82,29.84,"Grandview NE, Grandview, Benton County",300093,Grandview NE,2018-02-14 19:43:51.716687
2018-01-08,13:15,34.7,34.3,34.7,99.9,0.74,N@0.0,0.0,35.6,33.8,0.0,60,29.83,"Grandview NE, Grandview, Benton County",300093,Grandview NE,2018-02-14 19:43:51.716687
2018-01-08,13:30,34.7,34.4,34.7,99.9,0.72,N@0.0,0.0,35.7,33.7,0.0,76,29.83,"Grandview NE, Grandview, Benton County",300093,Grandview NE,2018-02-14 19:43:51.716687
2018-01-08,13:45,34.8,34.4,34.8,99.9,0.69,N@0.0,0.0,35.8,33.8,0.0,73,29.83,"Grandview NE, Grandview, Benton County",300093,Grandview NE,2018-02-14 19:43:51.716687
2018-01-08,14:00,34.8,34.4,34.8,99.9,0.67,N@0.0,0.0,35.9,33.8,0.0,83,29.82,"Grandview NE, Grandview, Benton County",300093,Grandview NE,2018-02-14 19:43:51.716687
2018-01-08,14:15,35.1,34.8,35.1,99.9,0.64,N@0.0,0.0,36.0,33.8,0.0,84,29.82,"Grandview NE, Grandview, Benton County",300093,Grandview NE,2018-02-14 19:43:51.716687
2018-01-08,14:30,35.3,35.0,35.3,99.9,0.6,N@0.0,0.0,36.1,33.8,0.0,58,29.83,"Grandview NE, Grandview, Benton County",300093,Grandview NE,2018-02-14 19:43:51.716687
2018-01-08,14:45,35.3,35.0,35.3,99.9,0.56,N@0.0,0.0,36.3,33.8,0.0,41,29.82,"Grandview NE, Grandview, Benton County",300093,Grandview NE,2018-02-14 19:43:51.716687
2018-01-08,15:00,35.4,35.0,35.4,99.9,0.52,N@0.0,0.0,36.3,33.8,0.0,36,29.82,"Grandview NE, Grandview, Benton County",300093,Grandview NE,2018-02-14 19:43:51.716687
2018-01-08,15:15,35.4,35.0,35.4,99.9,0.49,N@0.0,0.0,36.3,33.8,0.0,31,29.81,"Grandview NE, Grandview, Benton County",300093,Grandview NE,2018-02-14 19:43:51.716687
2018-01-08,15:30,35.4,35.0,35.4,99.9,0.46,N@0.0,0.0,36.4,33.8,0.0,30,29.81,"Grandview NE, Grandview, Benton County",300093,Grandview NE,2018-02-14 19:43:51.716687
2018-01-08,15:45,35.5,35.0,35.4,99.9,0.42,N@0.0,0.0,36.4,33.8,0.0,25,29.8,"Grandview NE, Grandview, Benton County",300093,Grandview NE,2018-02-14 19:43:51.716687
2018-01-08,16:00,35.3,34.9,35.3,99.9,0.4,N@0.0,0.0,36.3,33.8,0.0,18,29.8,"Grandview NE, Grandview, Benton County",300093,Grandview NE,2018-02-14 19:43:51.716687
2018-01-08,16:15,35.1,34.7,35.1,99.9,0.38,N@0.0,0.0,36.3,33.8,0.0,9,29.81,"Grandview NE, Grandview, Benton County",300093,Grandview NE,2018-02-14 19:43:51.716687
2018-01-08,16:30,35.0,34.5,35.0,99.9,0.37,N@0.0,0.0,36.3,33.8,0.0,3,29.8,"Grandview NE, Grandview, Benton County",300093,Grandview NE,2018-02-14 19:43:51.716687
2018-01-08,16:45,34.9,34.4,34.9,99.9,0.36,N@0.0,0.0,36.2,33.8,0.0,0,29.8,"Grandview NE, Grandview, Benton County",300093,Grandview NE,2018-02-14 19:43:51.716687
2018-01-08,17:00,34.9,34.4,34.8,99.9,0.35,N@0.0,0.0,36.1,33.8,0.0,0,29.79,"Grandview NE, Grandview, Benton County",300093,Grandview NE,2018-02-14 19:43:51.716687
2018-01-08,17:15,34.7,34.2,34.6,99.9,0.34,N@0.0,0.0,36.1,33.8,0.0,0,29.78,"Grandview NE, Grandview, Benton County",300093,Grandview NE,2018-02-14 19:43:51.716687
2018-01-08,17:30,34.5,34.0,34.5,99.9,0.33,N@0.0,0.0,36.0,33.8,0.0,0,29.78,"Grandview NE, Grandview, Benton County",300093,Grandview NE,2018-02-14 19:43:51.716687
2018-01-08,17:45,34.6,34.1,34.6,99.9,0.32,N@0.0,0.0,35.9,33.8,0.0,0,29.78,"Grandview NE, Grandview, Benton County",300093,Grandview NE,2018-02-14 19:43:51.716687
2018-01-08,18:00,34.5,33.9,34.4,99.9,0.32,N@0.0,0.0,35.9,33.8,0.0,0,29.78,"Grandview NE, Grandview, Benton County",300093,Grandview NE,2018-02-14 19:43:51.716687
2018-01-08,18:15,34.5,33.9,34.4,99.9,0.32,N@0.0,0.0,35.8,33.8,0.0,0,29.78,"Grandview NE, Grandview, Benton County",300093,Grandview NE,2018-02-14 19:43:51.716687
2018-01-08,18:30,34.6,34.1,34.6,99.9,0.31,N@0.0,0.0,35.7,33.8,0.0,0,29.77,"Grandview NE, Grandview, Benton County",300093,Grandview NE,2018-02-14 19:43:51.716687
2018-01-08,18:45,34.6,34.0,34.5,99.9,0.3,N@0.0,0.0,35.7,33.8,0.0,0,29.76,"Grandview NE, Grandview, Benton County",300093,Grandview NE,2018-02-14 19:43:51.716687
2018-01-08,19:00,34.4,33.8,34.4,99.9,0.3,N@0.0,0.0,35.6,33.8,0.0,0,29.76,"Grandview NE, Grandview, Benton County",300093,Grandview NE,2018-02-14 19:43:51.716687
2018-01-08,19:15,34.3,33.7,34.3,99.9,0.3,N@0.0,0.0,35.6,33.8,0.0,0,29.76,"Grandview NE, Grandview, Benton County",300093,Grandview NE,2018-02-14 19:43:51.716687
2018-01-08,19:30,34.2,33.6,34.2,99.9,0.33,N@0.0,0.0,35.6,33.8,0.0,0,29.76,"Grandview NE, Grandview, Benton County",300093,Grandview NE,2018-02-14 19:43:51.716687
2018-01-08,19:45,34.1,33.5,34.1,99.9,0.52,N@0.0,0.0,35.5,33.8,0.0,0,29.76,"Grandview NE, Grandview, Benton County",300093,Grandview NE,2018-02-14 19:43:51.716687
2018-01-08,20:00,34.0,33.4,34.0,99.9,0.69,N@0.0,0.0,35.5,33.8,0.0,0,29.75,"Grandview NE, Grandview, Benton County",300093,Grandview NE,2018-02-14 19:43:51.716687
2018-01-08,20:15,34.1,33.5,34.1,99.9,0.82,N@0.0,0.0,35.5,33.8,0.0,0,29.74,"Grandview NE, Grandview, Benton County",300093,Grandview NE,2018-02-14 19:43:51.716687
2018-01-08,20:30,34.0,33.5,34.0,99.9,0.85,N@0.0,0.0,35.4,33.8,0.0,0,29.74,"Grandview NE, Grandview, Benton County",300093,Grandview NE,2018-02-14 19:43:51.716687
2018-01-08,20:45,34.1,33.6,34.0,99.9,0.85,N@0.0,0.0,35.4,33.8,0.0,0,29.74,"Grandview NE, Grandview, Benton County",300093,Grandview NE,2018-02-14 19:43:51.716687
2018-01-08,21:00,34.2,33.6,34.1,99.9,0.85,N@0.0,0.0,35.4,33.8,0.0,0,29.74,"Grandview NE, Grandview, Benton County",300093,Grandview NE,2018-02-14 19:43:51.716687
2018-01-08,21:15,34.1,33.5,34.1,99.9,0.84,N@0.0,0.0,35.4,33.8,0.0,0,29.73,"Grandview NE, Grandview, Benton County",300093,Grandview NE,2018-02-14 19:43:51.716687
2018-01-08,21:30,34.0,33.4,34.0,99.9,0.84,N@0.0,0.0,35.3,33.8,0.0,0,29.73,"Grandview NE, Grandview, Benton County",300093,Grandview NE,2018-02-14 19:43:51.716687
2018-01-08,21:45,33.9,33.3,33.8,99.9,0.85,N@0.0,0.0,35.3,33.8,0.0,0,29.73,"Grandview NE, Grandview, Benton County",300093,Grandview NE,2018-02-14 19:43:51.716687
2018-01-08,22:00,33.9,33.3,33.9,99.9,0.85,N@0.0,0.0,35.3,33.8,0.0,0,29.72,"Grandview NE, Grandview, Benton County",300093,Grandview NE,2018-02-14 19:43:51.716687
2018-01-08,22:15,33.9,33.3,33.8,99.9,0.85,N@0.0,0.0,35.3,33.8,0.0,0,29.71,"Grandview NE, Grandview, Benton County",300093,Grandview NE,2018-02-14 19:43:51.716687
2018-01-08,22:30,33.9,33.3,33.8,99.9,0.85,N@0.0,0.0,35.3,33.8,0.0,0,29.71,"Grandview NE, Grandview, Benton County",300093,Grandview NE,2018-02-14 19:43:51.716687
2018-01-08,22:45,33.8,33.3,33.8,99.9,0.85,N@0.0,0.0,35.3,33.8,0.0,0,29.71,"Grandview NE, Grandview, Benton County",300093,Grandview NE,2018-02-14 19:43:51.716687
2018-01-08,23:00,33.8,33.2,33.7,99.9,0.85,N@0.0,0.0,35.3,33.8,0.0,0,29.7,"Grandview NE, Grandview, Benton County",300093,Grandview NE,2018-02-14 19:43:51.716687
2018-01-08,23:15,33.8,33.3,33.8,99.9,0.85,N@0.0,0.0,35.2,33.8,0.0,0,29.69,"Grandview NE, Grandview, Benton County",300093,Grandview NE,2018-02-14 19:43:51.716687
2018-01-08,23:30,33.8,33.3,33.8,99.9,0.85,N@0.0,0.0,35.2,33.9,0.0,0,29.69,"Grandview NE, Grandview, Benton County",300093,Grandview NE,2018-02-14 19:43:51.716687
2018-01-08,23:45,34.0,33.5,33.9,99.9,0.85,N@0.0,0.0,35.2,33.9,0.01,0,29.69,"Grandview NE, Grandview, Benton County",300093,Grandview NE,2018-02-14 19:43:51.716687
2018-01-08,24:00,34.1,33.6,34.1,99.9,0.85,N@0.0,0.0,35.2,33.9,0.0,0,29.68,"Grandview NE, Grandview, Benton County",300093,Grandview NE,2018-02-14 19:43:51.716687
2018-01-09,00:15,34.1,33.6,34.0,99.9,0.85,N@0.0,0.0,35.2,33.8,0.0,0,29.68,"Grandview NE, Grandview, Benton County",300093,Grandview NE,2018-02-14 19:43:51.716687
2018-01-09,00:30,34.0,33.5,34.0,99.9,0.85,N@0.0,0.0,35.2,33.8,0.0,0,29.67,"Grandview NE, Grandview, Benton County",300093,Grandview NE,2018-02-14 19:43:51.716687
2018-01-09,00:45,34.1,33.5,34.0,99.9,0.85,N@0.0,0.0,35.2,33.8,0.0,0,29.66,"Grandview NE, Grandview, Benton County",300093,Grandview NE,2018-02-14 19:43:51.716687
2018-01-09,01:00,34.0,33.5,34.0,99.9,0.85,N@0.0,0.0,35.2,33.9,0.0,0,29.66,"Grandview NE, Grandview, Benton County",300093,Grandview NE,2018-02-14 19:43:51.716687
2018-01-09,01:15,34.1,33.5,34.0,99.9,0.85,N@0.0,0.0,35.2,33.8,0.0,0,29.65,"Grandview NE, Grandview, Benton County",300093,Grandview NE,2018-02-14 19:43:51.716687
2018-01-09,01:30,34.1,33.5,34.1,99.9,0.85,N@0.0,0.0,35.2,33.8,0.0,0,29.65,"Grandview NE, Grandview, Benton County",300093,Grandview NE,2018-02-14 19:43:51.716687
2018-01-09,01:45,34.0,33.5,34.0,99.9,0.85,N@0.0,0.0,35.2,33.9,0.0,0,29.65,"Grandview NE, Grandview, Benton County",300093,Grandview NE,2018-02-14 19:43:51.716687
2018-01-09,02:00,33.9,33.4,33.9,99.9,0.86,N@0.0,0.0,35.2,33.9,0.0,0,29.64,"Grandview NE, Grandview, Benton County",300093,Grandview NE,2018-02-14 19:43:51.716687
2018-01-09,02:15,33.9,33.4,33.9,99.9,0.86,N@0.0,0.0,35.2,33.9,0.0,0,29.64,"Grandview NE, Grandview, Benton County",300093,Grandview NE,2018-02-14 19:43:51.716687
2018-01-09,02:30,34.0,33.5,34.0,99.9,0.86,N@0.0,0.0,35.2,33.9,0.0,0,29.65,"Grandview NE, Grandview, Benton County",300093,Grandview NE,2018-02-14 19:43:51.716687
2018-01-09,02:45,34.2,33.7,34.1,99.9,0.86,N@0.0,0.0,35.2,33.9,0.0,0,29.64,"Grandview NE, Grandview, Benton County",300093,Grandview NE,2018-02-14 19:43:51.716687
2018-01-09,03:00,34.3,33.7,34.2,99.9,0.86,N@0.0,0.0,35.2,33.9,0.0,0,29.64,"Grandview NE, Grandview, Benton County",300093,Grandview NE,2018-02-14 19:43:51.716687
2018-01-09,03:15,34.2,33.7,34.2,99.9,0.86,N@0.0,0.0,35.2,33.9,0.0,0,29.64,"Grandview NE, Grandview, Benton County",300093,Grandview NE,2018-02-14 19:43:51.716687
2018-01-09,03:30,34.3,33.7,34.2,99.9,0.88,N@0.0,0.0,35.2,33.9,0.0,0,29.63,"Grandview NE, Grandview, Benton County",300093,Grandview NE,2018-02-14 19:43:51.716687
2018-01-09,03:45,34.3,33.7,34.3,99.9,0.87,N@0.0,0.0,35.2,33.9,0.0,0,29.63,"Grandview NE, Grandview, Benton County",300093,Grandview NE,2018-02-14 19:43:51.716687
2018-01-09,04:00,34.4,33.8,34.3,99.9,0.84,N@0.0,0.0,35.2,33.9,0.01,0,29.63,"Grandview NE, Grandview, Benton County",300093,Grandview NE,2018-02-14 19:43:51.716687
2018-01-09,04:15,34.3,33.8,34.3,99.9,0.82,N@0.0,0.0,35.2,33.9,0.01,0,29.62,"Grandview NE, Grandview, Benton County",300093,Grandview NE,2018-02-14 19:43:51.716687
2018-01-09,04:30,34.3,33.7,34.2,99.9,0.81,N@0.0,0.0,35.3,33.9,0.01,0,29.62,"Grandview NE, Grandview, Benton County",300093,Grandview NE,2018-02-14 19:43:51.716687
2018-01-09,04:45,34.1,33.6,34.1,99.9,0.82,N@0.0,0.0,35.3,33.9,0.01,0,29.61,"Grandview NE, Grandview, Benton County",300093,Grandview NE,2018-02-14 19:43:51.716687
2018-01-09,05:00,34.1,33.6,34.1,99.9,0.82,N@0.0,0.0,35.2,33.9,0.0,0,29.61,"Grandview NE, Grandview, Benton County",300093,Grandview NE,2018-02-14 19:43:51.716687
2018-01-09,05:15,34.2,33.7,34.2,99.9,0.82,N@0.0,0.0,35.3,33.9,0.01,0,29.6,"Grandview NE, Grandview, Benton County",300093,Grandview NE,2018-02-14 19:43:51.716687
2018-01-09,05:30,34.3,33.8,34.2,99.9,0.81,N@0.0,0.0,35.2,33.9,0.0,0,29.61,"Grandview NE, Grandview, Benton County",300093,Grandview NE,2018-02-14 19:43:51.716687
2018-01-09,05:45,34.3,33.8,34.3,99.9,0.82,N@0.0,0.0,35.2,33.9,0.0,0,29.6,"Grandview NE, Grandview, Benton County",300093,Grandview NE,2018-02-14 19:43:51.716687
2018-01-09,06:00,34.4,33.9,34.3,99.9,0.8,N@0.0,0.0,35.2,33.9,0.01,0,29.61,"Grandview NE, Grandview, Benton County",300093,Grandview NE,2018-02-14 19:43:51.716687
2018-01-09,06:15,34.4,33.9,34.4,99.9,0.79,N@0.0,0.0,35.2,33.9,0.0,0,29.61,"Grandview NE, Grandview, Benton County",300093,Grandview NE,2018-02-14 19:43:51.716687
2018-01-09,06:30,34.3,33.8,34.3,99.9,0.79,N@0.0,0.0,35.2,33.9,0.01,0,29.6,"Grandview NE, Grandview, Benton County",300093,Grandview NE,2018-02-14 19:43:51.716687
2018-01-09,06:45,34.4,33.8,34.3,99.9,0.8,N@0.0,0.0,35.2,33.9,0.0,0,29.6,"Grandview NE, Grandview, Benton County",300093,Grandview NE,2018-02-14 19:43:51.716687
2018-01-09,07:00,34.4,33.9,34.4,99.9,0.8,N@0.0,0.0,35.2,33.9,0.01,0,29.6,"Grandview NE, Grandview, Benton County",300093,Grandview NE,2018-02-14 19:43:51.716687
2018-01-09,07:15,34.2,33.6,34.2,99.9,0.8,N@0.0,0.0,35.2,33.9,0.0,0,29.61,"Grandview NE, Grandview, Benton County",300093,Grandview NE,2018-02-14 19:43:51.716687
2018-01-09,07:30,34.2,33.6,34.1,99.9,0.81,N@0.0,0.0,35.2,33.9,0.0,0,29.6,"Grandview NE, Grandview, Benton County",300093,Grandview NE,2018-02-14 19:43:51.716687
2018-01-09,07:45,34.3,33.8,34.3,99.9,0.81,N@0.0,0.0,35.2,33.9,0.01,1,29.6,"Grandview NE, Grandview, Benton County",300093,Grandview NE,2018-02-14 19:43:51.716687
2018-01-09,08:00,34.5,34.0,34.4,99.9,0.81,N@0.0,0.0,35.2,33.9,0.0,2,29.61,"Grandview NE, Grandview, Benton County",300093,Grandview NE,2018-02-14 19:43:51.716687
2018-01-09,08:15,34.5,34.0,34.5,99.9,0.8,N@0.0,0.0,35.2,33.9,0.01,6,29.61,"Grandview NE, Grandview, Benton County",300093,Grandview NE,2018-02-14 19:43:51.716687
2018-01-09,08:30,34.6,34.1,34.6,99.9,0.78,N@0.0,0.0,35.2,33.9,0.01,11,29.61,"Grandview NE, Grandview, Benton County",300093,Grandview NE,2018-02-14 19:43:51.716687
2018-01-09,08:45,34.7,34.2,34.7,99.9,0.78,N@0.0,0.0,35.2,33.9,0.01,14,29.61,"Grandview NE, Grandview, Benton County",300093,Grandview NE,2018-02-14 19:43:51.716687
2018-01-09,09:00,34.8,34.3,34.8,99.9,0.77,N@0.0,0.0,35.3,33.9,0.01,20,29.61,"Grandview NE, Grandview, Benton County",300093,Grandview NE,2018-02-14 19:43:51.716687
2018-01-09,09:15,35.1,34.6,35.1,99.9,0.78,N@0.0,0.0,35.3,33.9,0.01,34,29.61,"Grandview NE, Grandview, Benton County",300093,Grandview NE,2018-02-14 19:43:51.716687
2018-01-09,09:30,35.4,34.9,35.4,99.9,0.78,N@0.0,0.0,35.4,33.9,0.0,34,29.62,"Grandview NE, Grandview, Benton County",300093,Grandview NE,2018-02-14 19:43:51.716687
2018-01-09,09:45,35.5,35.0,35.5,99.9,0.79,N@0.0,0.0,35.5,33.9,0.0,36,29.62,"Grandview NE, Grandview, Benton County",300093,Grandview NE,2018-02-14 19:43:51.716687
2018-01-09,10:00,35.9,35.4,35.9,99.9,0.81,N@0.0,0.0,35.6,33.9,0.01,71,29.62,"Grandview NE, Grandview, Benton County",300093,Grandview NE,2018-02-14 19:43:51.716687
2018-01-09,10:15,36.7,36.3,36.7,99.9,0.82,N@0.0,0.0,35.7,33.9,0.0,133,29.62,"Grandview NE, Grandview, Benton County",300093,Grandview NE,2018-02-14 19:43:51.716687
2018-01-09,10:30,37.0,36.6,36.9,99.9,0.82,N@0.0,0.0,35.9,33.9,0.0,178,29.62,"Grandview NE, Grandview, Benton County",300093,Grandview NE,2018-02-14 19:43:51.716687
2018-01-09,10:45,36.9,36.5,36.9,99.9,0.81,N@0.0,0.0,36.2,34.0,0.0,155,29.62,"Grandview NE, Grandview, Benton County",300093,Grandview NE,2018-02-14 19:43:51.716687
2018-01-09,11:00,37.1,36.7,37.1,99.9,0.82,N@0.0,0.0,36.5,34.0,0.0,142,29.62,"Grandview NE, Grandview, Benton County",300093,Grandview NE,2018-02-14 19:43:51.716687
2018-01-09,11:15,37.2,36.8,37.2,100.0,0.82,N@0.0,0.0,36.8,34.0,0.0,138,29.62,"Grandview NE, Grandview, Benton County",300093,Grandview NE,2018-02-14 19:43:51.716687
2018-01-09,11:30,37.3,36.9,37.3,99.9,0.81,N@0.0,0.0,37.1,34.0,0.0,129,29.62,"Grandview NE, Grandview, Benton County",300093,Grandview NE,2018-02-14 19:43:51.716687
2018-01-09,11:45,37.2,36.8,37.2,99.9,0.78,N@0.0,0.0,37.4,34.0,0.0,76,29.61,"Grandview NE, Grandview, Benton County",300093,Grandview NE,2018-02-14 19:43:51.716687
2018-01-09,12:00,37.6,37.2,37.5,99.9,0.75,N@0.0,0.0,37.6,34.0,0.0,151,29.61,"Grandview NE, Grandview, Benton County",300093,Grandview NE,2018-02-14 19:43:51.716687
2018-01-09,12:15,38.0,37.6,38.0,99.9,0.7,N@0.0,0.0,37.8,34.0,0.0,175,29.61,"Grandview NE, Grandview, Benton County",300093,Grandview NE,2018-02-14 19:43:51.716687
2018-01-09,12:30,38.6,38.2,38.6,99.8,0.64,N@0.0,0.0,38.0,34.0,0.0,286,29.6,"Grandview NE, Grandview, Benton County",300093,Grandview NE,2018-02-14 19:43:51.716687
2018-01-09,12:45,39.0,38.6,39.0,99.8,0.55,N@0.0,0.0,38.4,34.1,0.0,227,29.6,"Grandview NE, Grandview, Benton County",300093,Grandview NE,2018-02-14 19:43:51.716687
2018-01-09,13:00,39.8,39.4,39.7,99.7,0.42,N@0.0,0.0,38.7,34.1,0.0,273,29.6,"Grandview NE, Grandview, Benton County",300093,Grandview NE,2018-02-14 19:43:51.716687
2018-01-09,13:15,39.7,39.3,39.7,99.8,0.29,N@0.0,0.0,39.1,34.1,0.0,157,29.61,"Grandview NE, Grandview, Benton County",300093,Grandview NE,2018-02-14 19:43:51.716687
2018-01-09,13:30,39.7,39.2,39.6,99.7,0.19,N@0.0,0.0,39.4,34.1,0.0,115,29.6,"Grandview NE, Grandview, Benton County",300093,Grandview NE,2018-02-14 19:43:51.716687
2018-01-09,13:45,39.8,39.3,39.7,99.8,0.12,N@0.0,0.0,39.6,34.2,0.0,90,29.61,"Grandview NE, Grandview, Benton County",300093,Grandview NE,2018-02-14 19:43:51.716687
2018-01-09,14:00,39.6,39.2,39.6,99.7,0.07,N@0.0,0.0,39.7,34.2,0.0,82,29.61,"Grandview NE, Grandview, Benton County",300093,Grandview NE,2018-02-14 19:43:51.716687
2018-01-09,14:15,39.7,39.2,39.6,99.7,0.01,N@0.0,0.0,39.7,34.2,0.0,85,29.61,"Grandview NE, Grandview, Benton County",300093,Grandview NE,2018-02-14 19:43:51.716687
2018-01-09,14:30,39.8,39.3,39.8,99.7,0.0,N@0.0,0.0,39.7,34.2,0.0,132,29.61,"Grandview NE, Grandview, Benton County",300093,Grandview NE,2018-02-14 19:43:51.716687
2018-01-09,14:45,40.3,39.8,40.2,99.7,0.0,N@0.0,0.0,39.7,34.3,0.0,150,29.62,"Grandview NE, Grandview, Benton County",300093,Grandview NE,2018-02-14 19:43:51.716687
2018-01-09,15:00,40.3,39.8,40.2,99.7,0.0,N@0.0,0.0,39.7,34.3,0.0,111,29.63,"Grandview NE, Grandview, Benton County",300093,Grandview NE,2018-02-14 19:43:51.716687
2018-01-09,15:15,39.7,39.2,39.7,99.7,0.0,N@0.0,0.0,39.7,34.4,0.0,64,29.64,"Grandview NE, Grandview, Benton County",300093,Grandview NE,2018-02-14 19:43:51.716687
2018-01-09,15:30,39.8,39.3,39.7,99.7,0.0,N@0.0,0.0,39.6,34.4,0.0,34,29.64,"Grandview NE, Grandview, Benton County",300093,Grandview NE,2018-02-14 19:43:51.716687
2018-01-09,15:45,39.4,38.9,39.4,99.8,0.0,N@0.0,0.0,39.5,34.5,0.0,25,29.65,"Grandview NE, Grandview, Benton County",300093,Grandview NE,2018-02-14 19:43:51.716687
2018-01-09,16:00,39.3,38.8,39.2,99.8,0.0,N@0.0,0.0,39.4,34.5,0.0,25,29.66,"Grandview NE, Grandview, Benton County",300093,Grandview NE,2018-02-14 19:43:51.716687
2018-01-09,16:15,38.8,38.3,38.7,99.8,0.0,N@0.0,0.0,39.3,34.6,0.0,12,29.66,"Grandview NE, Grandview, Benton County",300093,Grandview NE,2018-02-14 19:43:51.716687
2018-01-09,16:30,38.7,38.2,38.6,99.8,0.0,NW@1.6,5.3,39.1,34.6,0.0,5,29.66,"Grandview NE, Grandview, Benton County",300093,Grandview NE,2018-02-14 19:43:51.716687
2018-01-09,16:45,38.8,38.3,38.7,99.8,0.0,NW@2.7,4.6,39.0,34.7,0.0,1,29.66,"Grandview NE, Grandview, Benton County",300093,Grandview NE,2018-02-14 19:43:51.716687
2018-01-09,17:00,37.9,37.3,37.8,99.8,0.0,SW@1.5,2.4,38.8,34.7,0.0,0,29.67,"Grandview NE, Grandview, Benton County",300093,Grandview NE,2018-02-14 19:43:51.716687
2018-01-09,17:15,37.3,36.7,37.2,99.8,0.0,W@0.3,2.1,38.6,34.8,0.0,0,29.67,"Grandview NE, Grandview, Benton County",300093,Grandview NE,2018-02-14 19:43:51.716687
2018-01-09,17:30,37.2,36.7,37.2,99.8,0.0,W@2.3,3.1,38.5,34.8,0.0,0,29.68,"Grandview NE, Grandview, Benton County",300093,Grandview NE,2018-02-14 19:43:51.716687
2018-01-09,17:45,37.1,36.6,37.1,99.8,0.0,SW@2.4,3.9,38.3,34.9,0.0,0,29.69,"Grandview NE, Grandview, Benton County",300093,Grandview NE,2018-02-14 19:43:51.716687
2018-01-09,18:00,37.3,36.7,37.2,99.8,0.0,S@0.3,2.1,38.1,34.9,0.0,0,29.69,"Grandview NE, Grandview, Benton County",300093,Grandview NE,2018-02-14 19:43:51.716687
2018-01-09,18:15,37.4,36.8,37.3,99.8,0.0,N@0.0,0.0,38.0,34.9,0.0,0,29.69,"Grandview NE, Grandview, Benton County",300093,Grandview NE,2018-02-14 19:43:51.716687
2018-01-09,18:30,37.4,36.8,37.3,99.8,0.0,N@0.0,0.0,37.9,35.0,0.0,0,29.69,"Grandview NE, Grandview, Benton County",300093,Grandview NE,2018-02-14 19:43:51.716687
2018-01-09,18:45,37.0,36.4,36.9,99.8,0.0,N@0.0,0.0,37.8,35.0,0.0,0,29.69,"Grandview NE, Grandview, Benton County",300093,Grandview NE,2018-02-14 19:43:51.716687
2018-01-09,19:00,36.6,36.0,36.6,99.8,0.0,N@0.0,0.0,37.6,35.1,0.0,0,29.69,"Grandview NE, Grandview, Benton County",300093,Grandview NE,2018-02-14 19:43:51.716687
2018-01-09,19:15,36.3,35.7,36.3,99.8,0.0,N@0.0,1.4,37.5,35.1,0.0,0,29.7,"Grandview NE, Grandview, Benton County",300093,Grandview NE,2018-02-14 19:43:51.716687
2018-01-09,19:30,36.3,35.7,36.3,99.8,0.0,N@0.0,0.0,37.3,35.1,0.0,0,29.71,"Grandview NE, Grandview, Benton County",300093,Grandview NE,2018-02-14 19:43:51.716687
2018-01-09,19:45,35.9,35.4,35.9,99.8,0.0,N@0.0,0.0,37.1,35.1,0.0,0,29.71,"Grandview NE, Grandview, Benton County",300093,Grandview NE,2018-02-14 19:43:51.716687
2018-01-09,20:00,35.3,34.8,35.2,99.8,0.0,N@0.0,0.0,37.0,35.2,0.0,0,29.71,"Grandview NE, Grandview, Benton County",300093,Grandview NE,2018-02-14 19:43:51.716687
2018-01-09,20:15,35.5,35.0,35.4,99.8,0.0,N@0.0,0.0,36.9,35.2,0.0,0,29.71,"Grandview NE, Grandview, Benton County",300093,Grandview NE,2018-02-14 19:43:51.716687
2018-01-09,20:30,35.0,34.5,35.0,99.8,0.03,N@0.0,0.0,36.8,35.2,0.0,0,29.71,"Grandview NE, Grandview, Benton County",300093,Grandview NE,2018-02-14 19:43:51.716687
2018-01-09,20:45,35.3,34.7,35.3,99.8,0.06,N@0.0,0.0,36.7,35.2,0.0,0,29.71,"Grandview NE, Grandview, Benton County",300093,Grandview NE,2018-02-14 19:43:51.716687
2018-01-09,21:00,34.1,33.5,34.1,99.8,0.07,N@0.0,0.0,36.6,35.2,0.0,0,29.71,"Grandview NE, Grandview, Benton County",300093,Grandview NE,2018-02-14 19:43:51.716687
2018-01-09,21:15,34.3,33.8,34.3,99.9,0.07,N@0.0,0.0,36.4,35.2,0.0,0,29.71,"Grandview NE, Grandview, Benton County",300093,Grandview NE,2018-02-14 19:43:51.716687
2018-01-09,21:30,34.2,33.7,34.1,99.9,0.08,N@0.0,0.0,36.3,35.3,0.0,0,29.72,"Grandview NE, Grandview, Benton County",300093,Grandview NE,2018-02-14 19:43:51.716687
2018-01-09,21:45,33.8,33.3,33.8,99.9,0.08,N@0.0,0.0,36.2,35.3,0.0,0,29.72,"Grandview NE, Grandview, Benton County",300093,Grandview NE,2018-02-14 19:43:51.716687
2018-01-09,22:00,33.2,32.7,33.2,99.9,0.1,N@0.0,0.0,36.1,35.3,0.0,0,29.73,"Grandview NE, Grandview, Benton County",300093,Grandview NE,2018-02-14 19:43:51.716687
2018-01-09,22:15,33.9,33.4,33.9,99.9,0.11,N@0.0,0.0,36.0,35.3,0.0,0,29.73,"Grandview NE, Grandview, Benton County",300093,Grandview NE,2018-02-14 19:43:51.716687
2018-01-09,22:30,33.6,33.2,33.6,99.9,0.11,N@0.0,0.0,35.9,35.3,0.0,0,29.74,"Grandview NE, Grandview, Benton County",300093,Grandview NE,2018-02-14 19:43:51.716687
2018-01-09,22:45,33.8,33.2,33.8,99.9,0.11,N@0.0,0.0,35.9,35.3,0.0,0,29.74,"Grandview NE, Grandview, Benton County",300093,Grandview NE,2018-02-14 19:43:51.716687
2018-01-09,23:00,34.3,33.7,34.3,99.9,0.12,N@0.0,0.0,35.8,35.3,0.0,0,29.75,"Grandview NE, Grandview, Benton County",300093,Grandview NE,2018-02-14 19:43:51.716687
2018-01-09,23:15,34.0,33.5,34.0,99.9,0.13,N@0.0,0.0,35.7,35.3,0.0,0,29.75,"Grandview NE, Grandview, Benton County",300093,Grandview NE,2018-02-14 19:43:51.716687
2018-01-09,23:30,34.6,34.0,34.5,99.9,0.14,N@0.0,0.0,35.6,35.3,0.0,0,29.75,"Grandview NE, Grandview, Benton County",300093,Grandview NE,2018-02-14 19:43:51.716687
2018-01-09,23:45,33.5,33.0,33.5,99.9,0.15,S@0.4,2.4,35.5,35.3,0.0,0,29.75,"Grandview NE, Grandview, Benton County",300093,Grandview NE,2018-02-14 19:43:51.716687
2018-01-09,24:00,33.3,32.8,33.3,99.9,0.15,N@0.0,0.0,35.4,35.3,0.0,0,29.76,"Grandview NE, Grandview, Benton County",300093,Grandview NE,2018-02-14 19:43:51.716687
2018-01-10,00:15,34.3,33.6,34.2,99.9,0.17,N@0.0,0.0,35.4,35.3,0.0,0,29.76,"Grandview NE, Grandview, Benton County",300093,Grandview NE,2018-02-14 19:43:51.716687
2018-01-10,00:30,34.7,34.2,34.7,99.9,0.18,N@0.0,0.0,35.3,35.3,0.0,0,29.76,"Grandview NE, Grandview, Benton County",300093,Grandview NE,2018-02-14 19:43:51.716687
2018-01-10,00:45,33.2,32.7,33.2,99.9,0.19,N@0.0,0.0,35.2,35.3,0.0,0,29.76,"Grandview NE, Grandview, Benton County",300093,Grandview NE,2018-02-14 19:43:51.716687
2018-01-10,01:00,33.5,32.9,33.5,99.9,0.22,N@0.0,0.0,35.1,35.3,0.0,0,29.76,"Grandview NE, Grandview, Benton County",300093,Grandview NE,2018-02-14 19:43:51.716687
2018-01-10,01:15,32.8,32.3,32.8,99.9,0.25,N@0.0,0.0,34.9,35.3,0.0,0,29.76,"Grandview NE, Grandview, Benton County",300093,Grandview NE,2018-02-14 19:43:51.716687
2018-01-10,01:30,33.0,32.4,33.0,99.9,0.26,N@0.0,0.0,34.8,35.2,0.0,0,29.77,"Grandview NE, Grandview, Benton County",300093,Grandview NE,2018-02-14 19:43:51.716687
2018-01-10,01:45,33.2,32.6,33.2,99.9,0.27,N@0.0,0.0,34.7,35.2,0.0,0,29.78,"Grandview NE, Grandview, Benton County",300093,Grandview NE,2018-02-14 19:43:51.716687
2018-01-10,02:00,33.3,32.9,33.3,99.9,0.17,NE@2.1,3.5,34.6,35.2,0.0,0,29.79,"Grandview NE, Grandview, Benton County",300093,Grandview NE,2018-02-14 19:43:51.716687
2018-01-10,02:15,34.7,34.3,34.6,99.7,0.1,N@0.0,0.0,34.5,35.2,0.0,0,29.8,"Grandview NE, Grandview, Benton County",300093,Grandview NE,2018-02-14 19:43:51.716687
2018-01-10,02:30,36.1,35.6,35.9,99.5,0.19,NW@3.6,6.0,34.4,35.2,0.0,0,29.81,"Grandview NE, Grandview, Benton County",300093,Grandview NE,2018-02-14 19:43:51.716687
2018-01-10,02:45,35.9,35.4,35.7,99.5,0.19,NW@4.1,5.3,34.4,35.2,0.0,0,29.81,"Grandview NE, Grandview, Benton County",300093,Grandview NE,2018-02-14 19:43:51.716687
2018-01-10,03:00,36.8,36.4,36.6,99.4,0.15,NW@3.9,5.3,34.3,35.2,0.0,0,29.82,"Grandview NE, Grandview, Benton County",300093,Grandview NE,2018-02-14 19:43:51.716687
2018-01-10,03:15,37.2,36.8,37.1,99.3,0.08,NW@3.6,6.0,34.2,35.2,0.0,0,29.82,"Grandview NE, Grandview, Benton County",300093,Grandview NE,2018-02-14 19:43:51.716687
2018-01-10,03:30,37.6,37.1,37.4,99.3,0.01,NW@4.2,6.0,34.2,35.2,0.0,0,29.82,"Grandview NE, Grandview, Benton County",300093,Grandview NE,2018-02-14 19:43:51.716687
2018-01-10,03:45,37.9,37.5,37.7,99.1,0.0,NW@4.4,7.1,34.2,35.1,0.0,0,29.82,"Grandview NE, Grandview, Benton County",300093,Grandview NE,2018-02-14 19:43:51.716687
2018-01-10,04:00,36.9,36.5,36.7,99.3,0.0,NW@3.5,4.9,34.1,35.1,0.0,0,29.83,"Grandview NE, Grandview, Benton County",300093,Grandview NE,2018-02-14 19:43:51.716687
2018-01-10,04:15,35.6,35.2,35.5,99.4,0.0,NW@2.8,3.5,34.1,35.1,0.0,0,29.83,"Grandview NE, Grandview, Benton County",300093,Grandview NE,2018-02-14 19:43:51.716687
2018-01-10,04:30,36.3,35.8,36.1,99.3,0.0,NW@3.7,5.7,34.0,35.1,0.0,0,29.83,"Grandview NE, Grandview, Benton County",300093,Grandview NE,2018-02-14 19:43:51.716687
2018-01-10,04:45,36.6,36.2,36.5,99.3,0.0,NW@1.8,4.6,34.0,35.1,0.0,0,29.83,"Grandview NE, Grandview, Benton County",300093,Grandview NE,2018-02-14 19:43:51.716687
2018-01-10,05:00,34.5,33.9,34.3,99.4,0.0,N@0.0,0.0,34.0,35.1,0.0,0,29.84,"Grandview NE, Grandview, Benton County",300093,Grandview NE,2018-02-14 19:43:51.716687
2018-01-10,05:15,35.1,34.2,34.9,99.4,0.0,N@0.0,0.0,33.9,35.1,0.0,0,29.84,"Grandview NE, Grandview, Benton County",300093,Grandview NE,2018-02-14 19:43:51.716687
2018-01-10,05:30,36.1,35.6,35.9,99.3,0.0,N@0.0,0.0,33.9,35.1,0.0,0,29.85,"Grandview NE, Grandview, Benton County",300093,Grandview NE,2018-02-14 19:43:51.716687
2018-01-10,05:45,35.0,34.4,34.9,99.4,0.0,N@0.0,0.0,33.9,35.1,0.0,0,29.85,"Grandview NE, Grandview, Benton County",300093,Grandview NE,2018-02-14 19:43:51.716687
2018-01-10,06:00,34.6,34.2,34.4,99.4,0.0,N@0.0,0.0,33.8,35.0,0.0,0,29.86,"Grandview NE, Grandview, Benton County",300093,Grandview NE,2018-02-14 19:43:51.716687
2018-01-10,06:15,33.8,33.4,33.7,99.5,0.0,N@0.0,0.0,33.8,35.0,0.0,0,29.86,"Grandview NE, Grandview, Benton County",300093,Grandview NE,2018-02-14 19:43:51.716687
2018-01-10,06:30,36.3,35.5,36.1,99.0,0.0,N@0.0,0.0,33.8,35.0,0.0,0,29.87,"Grandview NE, Grandview, Benton County",300093,Grandview NE,2018-02-14 19:43:51.716687
2018-01-10,06:45,36.9,36.2,36.0,96.6,0.0,N@0.0,0.0,33.8,35.0,0.0,0,29.87,"Grandview NE, Grandview, Benton County",300093,Grandview NE,2018-02-14 19:43:51.716687
2018-01-10,07:00,37.0,36.2,35.6,94.3,0.0,N@0.0,0.0,33.7,35.0,0.0,0,29.87,"Grandview NE, Grandview, Benton County",300093,Grandview NE,2018-02-14 19:43:51.716687
2018-01-10,07:15,35.2,34.5,34.7,98.0,0.0,N@0.0,0.0,33.7,35.0,0.0,0,29.88,"Grandview NE, Grandview, Benton County",300093,Grandview NE,2018-02-14 19:43:51.716687
2018-01-10,07:30,32.7,32.2,32.6,99.5,0.0,N@0.0,0.0,33.7,35.0,0.0,1,29.88,"Grandview NE, Grandview, Benton County",300093,Grandview NE,2018-02-14 19:43:51.716687
2018-01-10,07:45,32.8,32.3,32.6,99.5,0.0,N@0.0,0.0,33.7,35.0,0.0,3,29.88,"Grandview NE, Grandview, Benton County",300093,Grandview NE,2018-02-14 19:43:51.716687
2018-01-10,08:00,33.5,33.1,33.4,99.5,0.0,E@2.0,5.7,33.6,34.9,0.0,7,29.89,"Grandview NE, Grandview, Benton County",300093,Grandview NE,2018-02-14 19:43:51.716687
2018-01-10,08:15,34.0,33.6,33.8,99.4,0.0,E@5.0,6.7,33.6,34.9,0.0,13,29.9,"Grandview NE, Grandview, Benton County",300093,Grandview NE,2018-02-14 19:43:51.716687
2018-01-10,08:30,35.0,34.6,34.9,99.4,0.0,NE@4.6,6.4,33.6,34.9,0.0,19,29.9,"Grandview NE, Grandview, Benton County",300093,Grandview NE,2018-02-14 19:43:51.716687
2018-01-10,08:45,34.8,34.3,34.6,99.4,0.0,NE@4.2,6.0,33.6,34.9,0.0,22,29.91,"Grandview NE, Grandview, Benton County",300093,Grandview NE,2018-02-14 19:43:51.716687
2018-01-10,09:00,35.8,35.3,35.6,99.4,0.0,NE@3.0,4.9,33.6,34.9,0.0,121,29.92,"Grandview NE, Grandview, Benton County",300093,Grandview NE,2018-02-14 19:43:51.716687
2018-01-10,09:15,35.6,35.0,35.5,99.4,0.0,NE@3.6,5.7,33.6,34.9,0.0,93,29.93,"Grandview NE, Grandview, Benton County",300093,Grandview NE,2018-02-14 19:43:51.716687
2018-01-10,09:30,35.2,34.7,35.1,99.4,0.0,NE@1.5,3.1,33.6,34.9,0.0,47,29.94,"Grandview NE, Grandview, Benton County",300093,Grandview NE,2018-02-14 19:43:51.716687
2018-01-10,09:45,38.1,37.6,37.9,99.1,0.0,E@0.3,2.8,33.5,34.9,0.0,187,29.94,"Grandview NE, Grandview, Benton County",300093,Grandview NE,2018-02-14 19:43:51.716687
2018-01-10,10:00,40.2,39.8,38.9,95.1,0.0,E@0.0,1.4,33.5,34.9,0.0,252,29.96,"Grandview NE, Grandview, Benton County",300093,Grandview NE,2018-02-14 19:43:51.716687
2018-01-10,10:15,41.8,41.4,38.2,87.1,0.0,N@0.0,0.0,33.5,34.8,0.0,275,29.98,"Grandview NE, Grandview, Benton County",300093,Grandview NE,2018-02-14 19:43:51.716687
2018-01-10,10:30,42.1,41.6,38.5,87.0,0.0,N@0.0,0.0,33.5,34.8,0.0,298,29.99,"Grandview NE, Grandview, Benton County",300093,Grandview NE,2018-02-14 19:43:51.716687
2018-01-10,10:45,42.6,42.2,38.1,83.9,0.0,N@0.0,0.0,33.5,34.8,0.0,317,29.99,"Grandview NE, Grandview, Benton County",300093,Grandview NE,2018-02-14 19:43:51.716687
2018-01-10,11:00,42.7,42.3,38.7,85.8,0.0,N@0.0,0.0,33.5,34.8,0.0,208,29.99,"Grandview NE, Grandview, Benton County",300093,Grandview NE,2018-02-14 19:43:51.716687
2018-01-10,11:15,42.2,41.8,38.6,86.9,0.0,N@0.0,0.0,33.6,34.8,0.0,151,29.98,"Grandview NE, Grandview, Benton County",300093,Grandview NE,2018-02-14 19:43:51.716687
2018-01-10,11:30,42.0,41.6,40.4,94.1,0.0,N@0.0,0.0,33.6,34.8,0.0,223,29.98,"Grandview NE, Grandview, Benton County",300093,Grandview NE,2018-02-14 19:43:51.716687
2018-01-10,11:45,43.5,43.1,41.4,92.2,0.0,E@0.1,4.9,33.7,34.7,0.0,402,29.98,"Grandview NE, Grandview, Benton County",300093,Grandview NE,2018-02-14 19:43:51.716687
2018-01-10,12:00,44.2,43.8,41.5,90.2,0.0,N@0.0,0.0,34.0,34.7,0.0,347,29.98,"Grandview NE, Grandview, Benton County",300093,Grandview NE,2018-02-14 19:43:51.716687
2018-01-10,12:15,44.1,43.6,37.6,77.9,0.0,N@0.0,0.0,34.5,34.7,0.0,112,29.97,"Grandview NE, Grandview, Benton County",300093,Grandview NE,2018-02-14 19:43:51.716687
2018-01-10,12:30,43.8,43.3,38.1,80.0,0.0,N@0.0,0.0,34.9,34.7,0.0,123,29.97,"Grandview NE, Grandview, Benton County",300093,Grandview NE,2018-02-14 19:43:51.716687
2018-01-10,12:45,43.6,43.2,40.7,89.3,0.0,N@0.0,0.0,35.1,34.7,0.0,136,29.97,"Grandview NE, Grandview, Benton County",300093,Grandview NE,2018-02-14 19:43:51.716687
2018-01-10,13:00,43.4,42.9,42.4,96.0,0.0,N@0.0,0.0,35.4,34.7,0.0,146,29.97,"Grandview NE, Grandview, Benton County",300093,Grandview NE,2018-02-14 19:43:51.716687
2018-01-10,13:15,44.1,43.6,41.5,90.5,0.0,N@0.0,0.0,35.7,34.7,0.0,198,29.97,"Grandview NE, Grandview, Benton County",300093,Grandview NE,2018-02-14 19:43:51.716687
2018-01-10,13:30,45.1,44.7,40.7,84.5,0.0,E@2.8,4.9,36.0,34.7,0.0,259,29.97,"Grandview NE, Grandview, Benton County",300093,Grandview NE,2018-02-14 19:43:51.716687
2018-01-10,13:45,45.4,44.9,37.9,74.9,0.0,E@3.1,4.6,36.3,34.7,0.0,181,29.97,"Grandview NE, Grandview, Benton County",300093,Grandview NE,2018-02-14 19:43:51.716687
2018-01-10,14:00,45.4,44.9,39.0,78.3,0.0,E@2.8,4.2,36.6,34.7,0.0,160,29.97,"Grandview NE, Grandview, Benton County",300093,Grandview NE,2018-02-14 19:43:51.716687
2018-01-10,14:15,45.4,44.9,39.5,79.6,0.0,SE@2.5,3.9,36.9,34.7,0.0,156,29.98,"Grandview NE, Grandview, Benton County",300093,Grandview NE,2018-02-14 19:43:51.716687
2018-01-10,14:30,45.4,44.9,39.8,80.7,0.0,E@1.9,3.5,37.1,34.7,0.0,135,29.98,"Grandview NE, Grandview, Benton County",300093,Grandview NE,2018-02-14 19:43:51.716687
2018-01-10,14:45,45.2,44.7,40.8,84.4,0.0,E@2.8,4.6,37.3,34.7,0.0,121,29.98,"Grandview NE, Grandview, Benton County",300093,Grandview NE,2018-02-14 19:43:51.716687
2018-01-10,15:00,45.3,44.8,39.9,81.4,0.0,E@3.4,5.3,37.4,34.7,0.0,137,29.98,"Grandview NE, Grandview, Benton County",300093,Grandview NE,2018-02-14 19:43:51.716687
2018-01-10,15:15,45.9,45.3,39.7,78.9,0.0,E@3.5,5.3,37.5,34.7,0.0,140,29.99,"Grandview NE, Grandview, Benton County",300093,Grandview NE,2018-02-14 19:43:51.716687
2018-01-10,15:30,45.5,45.0,40.0,81.1,0.0,E@3.7,4.9,37.7,34.7,0.0,87,29.99,"Grandview NE, Grandview, Benton County",300093,Grandview NE,2018-02-14 19:43:51.716687
2018-01-10,15:45,44.7,44.2,41.0,86.9,0.0,E@2.8,3.9,37.7,34.7,0.0,56,30.0,"Grandview NE, Grandview, Benton County",300093,Grandview NE,2018-02-14 19:43:51.716687
2018-01-10,16:00,43.7,43.3,41.2,90.6,0.0,E@2.7,3.5,37.7,34.7,0.0,46,30.0,"Grandview NE, Grandview, Benton County",300093,Grandview NE,2018-02-14 19:43:51.716687
2018-01-10,16:15,43.5,43.0,40.7,89.8,0.0,E@3.0,4.2,37.7,34.7,0.0,30,30.01,"Grandview NE, Grandview, Benton County",300093,Grandview NE,2018-02-14 19:43:51.716687
2018-01-10,16:30,43.2,42.6,40.0,88.4,0.0,E@3.4,5.3,37.6,34.7,0.0,13,30.01,"Grandview NE, Grandview, Benton County",300093,Grandview NE,2018-02-14 19:43:51.716687
2018-01-10,16:45,42.1,41.6,39.4,89.9,0.0,E@2.5,4.6,37.4,34.8,0.0,4,30.02,"Grandview NE, Grandview, Benton County",300093,Grandview NE,2018-02-14 19:43:51.716687
2018-01-10,17:00,40.6,40.1,39.2,94.6,0.0,SE@2.8,4.6,37.2,34.8,0.0,1,30.02,"Grandview NE, Grandview, Benton County",300093,Grandview NE,2018-02-14 19:43:51.716687
2018-01-10,17:15,39.9,39.4,39.0,96.3,0.0,E@1.2,3.5,37.0,34.8,0.0,0,30.02,"Grandview NE, Grandview, Benton County",300093,Grandview NE,2018-02-14 19:43:51.716687
2018-01-10,17:30,40.4,39.9,39.0,94.6,0.0,N@0.0,0.0,36.8,34.8,0.0,0,30.03,"Grandview NE, Grandview, Benton County",300093,Grandview NE,2018-02-14 19:43:51.716687
2018-01-10,17:45,40.3,39.7,39.2,95.9,0.0,N@0.0,0.0,36.6,34.9,0.0,0,30.03,"Grandview NE, Grandview, Benton County",300093,Grandview NE,2018-02-14 19:43:51.716687
2018-01-10,18:00,40.1,39.6,39.6,98.0,0.0,N@0.0,0.0,36.4,34.9,0.0,0,30.02,"Grandview NE, Grandview, Benton County",300093,Grandview NE,2018-02-14 19:43:51.716687
2018-01-10,18:15,40.0,39.5,39.8,99.3,0.0,N@0.0,0.0,36.3,34.9,0.0,0,30.02,"Grandview NE, Grandview, Benton County",300093,Grandview NE,2018-02-14 19:43:51.716687
2018-01-10,18:30,40.1,39.6,39.9,99.3,0.0,N@0.0,0.0,36.2,34.9,0.0,0,30.02,"Grandview NE, Grandview, Benton County",300093,Grandview NE,2018-02-14 19:43:51.716687
2018-01-10,18:45,39.6,39.0,39.4,99.4,0.0,N@0.0,0.0,36.1,35.0,0.0,0,30.02,"Grandview NE, Grandview, Benton County",300093,Grandview NE,2018-02-14 19:43:51.716687
2018-01-10,19:00,40.6,40.1,40.4,99.3,0.0,N@0.0,0.0,35.9,35.0,0.0,0,30.03,"Grandview NE, Grandview, Benton County",300093,Grandview NE,2018-02-14 19:43:51.716687
2018-01-10,19:15,40.1,39.6,39.9,99.3,0.0,N@0.0,0.0,35.9,35.0,0.0,0,30.04,"Grandview NE, Grandview, Benton County",300093,Grandview NE,2018-02-14 19:43:51.716687
2018-01-10,19:30,39.7,39.3,39.6,99.4,0.0,N@0.0,0.0,35.8,35.0,0.0,0,30.04,"Grandview NE, Grandview, Benton County",300093,Grandview NE,2018-02-14 19:43:51.716687
2018-01-10,19:45,40.5,40.0,40.3,99.3,0.0,N@0.0,0.0,35.8,35.0,0.0,0,30.03,"Grandview NE, Grandview, Benton County",300093,Grandview NE,2018-02-14 19:43:51.716687
2018-01-10,20:00,40.4,39.9,40.2,99.3,0.0,N@0.0,0.0,35.7,35.0,0.0,0,30.04,"Grandview NE, Grandview, Benton County",300093,Grandview NE,2018-02-14 19:43:51.716687
2018-01-10,20:15,40.1,39.7,40.0,99.3,0.0,N@0.0,0.0,35.7,35.0,0.0,0,30.03,"Grandview NE, Grandview, Benton County",300093,Grandview NE,2018-02-14 19:43:51.716687
2018-01-10,20:30,40.2,39.7,40.1,99.3,0.0,N@0.0,0.0,35.7,35.0,0.0,0,30.03,"Grandview NE, Grandview, Benton County",300093,Grandview NE,2018-02-14 19:43:51.716687
2018-01-10,20:45,39.9,39.5,39.8,99.4,0.0,E@1.4,6.0,35.6,35.0,0.0,0,30.03,"Grandview NE, Grandview, Benton County",300093,Grandview NE,2018-02-14 19:43:51.716687
2018-01-10,21:00,40.2,39.8,40.0,99.3,0.0,E@4.9,7.1,35.6,35.0,0.0,0,30.03,"Grandview NE, Grandview, Benton County",300093,Grandview NE,2018-02-14 19:43:51.716687
2018-01-10,21:15,39.6,39.2,39.5,99.4,0.0,E@5.0,7.4,35.6,35.0,0.0,0,30.03,"Grandview NE, Grandview, Benton County",300093,Grandview NE,2018-02-14 19:43:51.716687
2018-01-10,21:30,39.6,39.1,39.4,99.4,0.0,E@5.2,7.4,35.7,35.0,0.0,0,30.03,"Grandview NE, Grandview, Benton County",300093,Grandview NE,2018-02-14 19:43:51.716687
2018-01-10,21:45,39.0,38.5,38.9,99.5,0.0,E@4.3,6.0,35.7,35.0,0.0,0,30.03,"Grandview NE, Grandview, Benton County",300093,Grandview NE,2018-02-14 19:43:51.716687
2018-01-10,22:00,39.1,38.7,39.0,99.5,0.0,E@4.3,6.4,35.8,35.0,0.0,0,30.02,"Grandview NE, Grandview, Benton County",300093,Grandview NE,2018-02-14 19:43:51.716687
2018-01-10,22:15,39.0,38.5,38.8,99.5,0.0,E@3.6,6.0,35.7,35.0,0.0,0,30.03,"Grandview NE, Grandview, Benton County",300093,Grandview NE,2018-02-14 19:43:51.716687
2018-01-10,22:30,41.4,40.9,41.2,99.4,0.0,SE@3.9,5.7,35.7,35.0,0.0,0,30.03,"Grandview NE, Grandview, Benton County",300093,Grandview NE,2018-02-14 19:43:51.716687
2018-01-10,22:45,42.2,41.8,42.1,99.4,0.0,S@3.5,6.7,35.8,35.0,0.0,0,30.04,"Grandview NE, Grandview, Benton County",300093,Grandview NE,2018-02-14 19:43:51.716687
2018-01-10,23:00,41.9,41.4,41.8,99.5,0.19,S@3.1,5.7,35.8,35.1,0.01,0,30.04,"Grandview NE, Grandview, Benton County",300093,Grandview NE,2018-02-14 19:43:51.716687
2018-01-10,23:15,41.1,40.6,41.0,99.5,0.18,SE@0.8,2.8,35.9,35.0,0.0,0,30.03,"Grandview NE, Grandview, Benton County",300093,Grandview NE,2018-02-14 19:43:51.716687
2018-01-10,23:30,40.9,40.3,40.7,99.6,0.18,N@0.0,0.0,36.0,35.1,0.0,0,30.03,"Grandview NE, Grandview, Benton County",300093,Grandview NE,2018-02-14 19:43:51.716687
2018-01-10,23:45,40.9,40.4,40.8,99.5,0.15,N@0.0,0.0,36.1,35.1,0.0,0,30.02,"Grandview NE, Grandview, Benton County",300093,Grandview NE,2018-02-14 19:43:51.716687
2018-01-10,24:00,40.7,40.2,40.6,99.6,0.11,E@2.3,4.9,36.1,35.1,0.0,0,30.02,"Grandview NE, Grandview, Benton County",300093,Grandview NE,2018-02-14 19:43:51.716687
2018-01-11,00:15,40.5,40.1,40.4,99.6,0.05,E@3.6,5.3,36.2,35.1,0.0,0,30.01,"Grandview NE, Grandview, Benton County",300093,Grandview NE,2018-02-14 19:43:51.716687
2018-01-11,00:30,40.3,39.9,40.2,99.6,0.0,E@3.1,5.7,36.2,35.1,0.0,0,30.0,"Grandview NE, Grandview, Benton County",300093,Grandview NE,2018-02-14 19:43:51.716687
2018-01-11,00:45,39.9,39.4,39.8,99.6,0.0,N@0.0,0.0,36.3,35.1,0.0,0,30.01,"Grandview NE, Grandview, Benton County",300093,Grandview NE,2018-02-14 19:43:51.716687
2018-01-11,01:00,40.0,39.5,39.9,99.6,0.0,N@0.0,0.0,36.3,35.1,0.0,0,30.01,"Grandview NE, Grandview, Benton County",300093,Grandview NE,2018-02-14 19:43:51.716687
2018-01-11,01:15,40.0,39.5,39.9,99.6,0.0,N@0.0,0.0,36.3,35.1,0.0,0,30.01,"Grandview NE, Grandview, Benton County",300093,Grandview NE,2018-02-14 19:43:51.716687
2018-01-11,01:30,40.2,39.8,40.1,99.6,0.0,E@1.4,5.3,36.2,35.1,0.0,0,30.01,"Grandview NE, Grandview, Benton County",300093,Grandview NE,2018-02-14 19:43:51.716687
2018-01-11,01:45,40.6,40.1,40.5,99.6,0.0,N@0.0,0.0,36.2,35.1,0.0,0,30.01,"Grandview NE, Grandview, Benton County",300093,Grandview NE,2018-02-14 19:43:51.716687
2018-01-11,02:00,39.8,39.3,39.7,99.6,0.0,N@0.0,0.0,36.2,35.1,0.0,0,30.02,"Grandview NE, Grandview, Benton County",300093,Grandview NE,2018-02-14 19:43:51.716687
2018-01-11,02:15,38.7,38.2,38.6,99.6,0.0,N@0.0,0.0,36.2,35.1,0.0,0,30.02,"Grandview NE, Grandview, Benton County",300093,Grandview NE,2018-02-14 19:43:51.716687
2018-01-11,02:30,38.2,37.7,38.1,99.6,0.0,N@0.0,0.0,36.1,35.1,0.0,0,30.02,"Grandview NE, Grandview, Benton County",300093,Grandview NE,2018-02-14 19:43:51.716687
2018-01-11,02:45,38.5,37.9,38.4,99.6,0.0,N@0.0,0.0,36.1,35.1,0.0,0,30.02,"Grandview NE, Grandview, Benton County",300093,Grandview NE,2018-02-14 19:43:51.716687
2018-01-11,03:00,39.0,38.5,38.9,99.6,0.0,N@0.0,0.0,36.1,35.1,0.0,0,30.01,"Grandview NE, Grandview, Benton County",300093,Grandview NE,2018-02-14 19:43:51.716687
2018-01-11,03:15,38.8,38.2,38.7,99.6,0.0,N@0.0,0.0,36.1,35.1,0.0,0,30.01,"Grandview NE, Grandview, Benton County",300093,Grandview NE,2018-02-14 19:43:51.716687
2018-01-11,03:30,39.1,38.6,39.0,99.6,0.0,N@0.0,0.0,36.0,35.2,0.0,0,30.01,"Grandview NE, Grandview, Benton County",300093,Grandview NE,2018-02-14 19:43:51.716687
2018-01-11,03:45,37.5,37.0,37.4,99.6,0.0,N@0.0,0.0,36.0,35.2,0.0,0,30.0,"Grandview NE, Grandview, Benton County",300093,Grandview NE,2018-02-14 19:43:51.716687
2018-01-11,04:00,36.7,36.2,36.6,99.6,0.0,N@0.0,0.0,36.0,35.2,0.0,0,30.0,"Grandview NE, Grandview, Benton County",300093,Grandview NE,2018-02-14 19:43:51.716687
2018-01-11,04:15,36.7,36.2,36.6,99.7,0.0,N@0.0,0.0,36.0,35.2,0.0,0,29.99,"Grandview NE, Grandview, Benton County",300093,Grandview NE,2018-02-14 19:43:51.716687
2018-01-11,04:30,38.1,37.6,38.0,99.7,0.0,N@0.0,0.0,36.0,35.2,0.0,0,29.99,"Grandview NE, Grandview, Benton County",300093,Grandview NE,2018-02-14 19:43:51.716687
2018-01-11,04:45,38.9,38.4,38.8,99.6,0.0,N@0.0,0.0,36.0,35.2,0.0,0,29.99,"Grandview NE, Grandview, Benton County",300093,Grandview NE,2018-02-14 19:43:51.716687
2018-01-11,05:00,39.5,39.0,39.4,99.6,0.0,N@0.0,0.0,36.0,35.2,0.0,0,30.0,"Grandview NE, Grandview, Benton County",300093,Grandview NE,2018-02-14 19:43:51.716687
2018-01-11,05:15,39.7,39.2,39.6,99.6,0.13,N@0.0,0.0,36.0,35.2,0.0,0,30.0,"Grandview NE, Grandview, Benton County",300093,Grandview NE,2018-02-14 19:43:51.716687
2018-01-11,05:30,39.6,39.1,39.5,99.6,0.17,N@0.0,0.0,36.1,35.2,0.0,0,30.01,"Grandview NE, Grandview, Benton County",300093,Grandview NE,2018-02-14 19:43:51.716687
2018-01-11,05:45,39.5,39.0,39.4,99.6,0.22,N@0.0,0.0,36.1,35.2,0.01,0,30.01,"Grandview NE, Grandview, Benton County",300093,Grandview NE,2018-02-14 19:43:51.716687
2018-01-11,06:00,39.7,39.3,39.7,99.7,0.26,E@1.4,6.0,36.2,35.2,0.01,0,30.01,"Grandview NE, Grandview, Benton County",300093,Grandview NE,2018-02-14 19:43:51.716687
2018-01-11,06:15,39.6,39.1,39.5,99.7,0.25,E@3.5,5.3,36.2,35.2,0.0,0,30.0,"Grandview NE, Grandview, Benton County",300093,Grandview NE,2018-02-14 19:43:51.716687
2018-01-11,06:30,39.4,39.0,39.4,99.7,0.24,E@3.0,5.3,36.3,35.2,0.01,0,29.99,"Grandview NE, Grandview, Benton County",300093,Grandview NE,2018-02-14 19:43:51.716687
2018-01-11,06:45,39.3,38.8,39.2,99.7,0.25,E@1.4,4.2,36.3,35.3,0.01,0,29.99,"Grandview NE, Grandview, Benton County",300093,Grandview NE,2018-02-14 19:43:51.716687
2018-01-11,07:00,38.8,38.3,38.7,99.7,0.26,SE@1.2,4.6,36.4,35.3,0.0,0,29.99,"Grandview NE, Grandview, Benton County",300093,Grandview NE,2018-02-14 19:43:51.716687
2018-01-11,07:15,38.1,37.6,38.1,99.7,0.29,E@1.4,6.4,36.4,35.3,0.02,0,29.98,"Grandview NE, Grandview, Benton County",300093,Grandview NE,2018-02-14 19:43:51.716687
2018-01-11,07:30,38.8,38.3,38.7,99.8,0.28,E@3.3,6.4,36.5,35.3,0.0,0,29.96,"Grandview NE, Grandview, Benton County",300093,Grandview NE,2018-02-14 19:43:51.716687
2018-01-11,07:45,38.8,38.3,38.8,99.8,0.29,E@3.8,7.1,36.5,35.3,0.02,0,29.96,"Grandview NE, Grandview, Benton County",300093,Grandview NE,2018-02-14 19:43:51.716687
2018-01-11,08:00,39.5,39.0,39.4,99.8,0.28,E@3.9,7.1,36.5,35.3,0.01,3,29.95,"Grandview NE, Grandview, Benton County",300093,Grandview NE,2018-02-14 19:43:51.716687
2018-01-11,08:15,39.7,39.2,39.6,99.8,0.28,N@0.0,0.0,36.6,35.3,0.03,2,29.95,"Grandview NE, Grandview, Benton County",300093,Grandview NE,2018-02-14 19:43:51.716687
2018-01-11,08:30,39.8,39.3,39.8,99.8,0.3,E@0.8,6.7,36.6,35.3,0.03,5,29.95,"Grandview NE, Grandview, Benton County",300093,Grandview NE,2018-02-14 19:43:51.716687
2018-01-11,08:45,39.8,39.4,39.8,99.8,0.28,E@6.0,9.2,36.7,35.3,0.02,10,29.94,"Grandview NE, Grandview, Benton County",300093,Grandview NE,2018-02-14 19:43:51.716687
2018-01-11,09:00,39.6,39.2,39.6,99.8,0.3,E@6.7,9.9,36.8,35.4,0.01,13,29.94,"Grandview NE, Grandview, Benton County",300093,Grandview NE,2018-02-14 19:43:51.716687
2018-01-11,09:15,39.4,39.0,39.4,99.8,0.31,E@6.0,9.9,36.9,35.4,0.02,14,29.93,"Grandview NE, Grandview, Benton County",300093,Grandview NE,2018-02-14 19:43:51.716687
2018-01-11,09:30,39.5,39.1,39.5,99.8,0.31,E@5.5,8.9,36.9,35.4,0.01,20,29.92,"Grandview NE, Grandview, Benton County",300093,Grandview NE,2018-02-14 19:43:51.716687
2018-01-11,09:45,40.0,39.6,40.0,99.8,0.34,E@6.1,9.6,37.0,35.4,0.0,31,29.91,"Grandview NE, Grandview, Benton County",300093,Grandview NE,2018-02-14 19:43:51.716687
2018-01-11,10:00,40.9,40.5,40.9,99.8,0.37,E@6.1,9.9,37.1,35.4,0.01,36,29.91,"Grandview NE, Grandview, Benton County",300093,Grandview NE,2018-02-14 19:43:51.716687
2018-01-11,10:15,41.7,41.3,41.7,99.8,0.39,E@6.0,8.9,37.2,35.4,0.0,47,29.9,"Grandview NE, Grandview, Benton County",300093,Grandview NE,2018-02-14 19:43:51.716687
2018-01-11,10:30,42.5,42.1,42.5,99.8,0.39,E@7.0,11.0,37.3,35.4,0.0,67,29.89,"Grandview NE, Grandview, Benton County",300093,Grandview NE,2018-02-14 19:43:51.716687
2018-01-11,10:45,42.7,42.3,42.6,99.8,0.44,E@7.2,10.7,37.5,35.5,0.0,71,29.88,"Grandview NE, Grandview, Benton County",300093,Grandview NE,2018-02-14 19:43:51.716687
2018-01-11,11:00,42.4,42.0,42.4,99.8,0.43,E@6.8,10.3,37.7,35.5,0.0,70,29.87,"Grandview NE, Grandview, Benton County",300093,Grandview NE,2018-02-14 19:43:51.716687
2018-01-11,11:15,42.6,42.2,42.5,99.8,0.42,E@7.8,11.7,37.8,35.5,0.0,86,29.85,"Grandview NE, Grandview, Benton County",300093,Grandview NE,2018-02-14 19:43:51.716687
2018-01-11,11:30,42.7,42.2,42.6,99.8,0.49,E@7.5,13.2,38.0,35.5,0.0,81,29.84,"Grandview NE, Grandview, Benton County",300093,Grandview NE,2018-02-14 19:43:51.716687
2018-01-11,11:45,42.9,42.5,42.9,99.8,0.55,E@6.5,10.3,38.2,35.5,0.01,117,29.83,"Grandview NE, Grandview, Benton County",300093,Grandview NE,2018-02-14 19:43:51.716687
2018-01-11,12:00,43.3,42.8,43.2,99.8,0.54,E@6.3,10.3,38.4,35.5,0.0,73,29.82,"Grandview NE, Grandview, Benton County",300093,Grandview NE,2018-02-14 19:43:51.716687
2018-01-11,12:15,43.5,43.1,43.4,99.8,0.54,E@6.6,9.9,38.5,35.6,0.0,94,29.81,"Grandview NE, Grandview, Benton County",300093,Grandview NE,2018-02-14 19:43:51.716687
2018-01-11,12:30,43.7,43.3,43.6,99.7,0.51,E@6.1,10.3,38.7,35.6,0.0,69,29.8,"Grandview NE, Grandview, Benton County",300093,Grandview NE,2018-02-14 19:43:51.716687
2018-01-11,12:45,43.6,43.1,43.5,99.7,0.55,E@5.9,8.5,38.8,35.6,0.0,57,29.79,"Grandview NE, Grandview, Benton County",300093,Grandview NE,2018-02-14 19:43:51.716687
2018-01-11,13:00,43.7,43.2,43.6,99.8,0.58,E@5.1,7.4,39.0,35.6,0.0,97,29.78,"Grandview NE, Grandview, Benton County",300093,Grandview NE,2018-02-14 19:43:51.716687
2018-01-11,13:15,44.0,43.5,43.9,99.8,0.55,E@5.1,7.8,39.1,35.7,0.0,158,29.78,"Grandview NE, Grandview, Benton County",300093,Grandview NE,2018-02-14 19:43:51.716687
2018-01-11,13:30,44.6,44.1,44.5,99.8,0.53,E@5.2,9.9,39.2,35.7,0.0,160,29.77,"Grandview NE, Grandview, Benton County",300093,Grandview NE,2018-02-14 19:43:51.716687
2018-01-11,13:45,44.3,43.7,44.2,99.8,0.52,E@3.7,7.1,39.5,35.8,0.0,67,29.77,"Grandview NE, Grandview, Benton County",300093,Grandview NE,2018-02-14 19:43:51.716687
2018-01-11,14:00,41.9,41.4,41.9,99.8,0.63,W@5.5,8.5,39.7,35.8,0.01,49,29.78,"Grandview NE, Grandview, Benton County",300093,Grandview NE,2018-02-14 19:43:51.716687
2018-01-11,14:15,40.8,40.3,40.8,99.8,0.61,NW@3.1,5.7,39.8,35.8,0.0,41,29.76,"Grandview NE, Grandview, Benton County",300093,Grandview NE,2018-02-14 19:43:51.716687
2018-01-11,14:30,40.9,40.4,40.9,99.8,0.61,N@0.4,2.4,39.8,35.9,0.0,51,29.76,"Grandview NE, Grandview, Benton County",300093,Grandview NE,2018-02-14 19:43:51.716687
2018-01-11,14:45,41.2,40.7,41.2,99.8,0.62,N@0.0,0.0,39.9,35.9,0.0,72,29.76,"Grandview NE, Grandview, Benton County",300093,Grandview NE,2018-02-14 19:43:51.716687
2018-01-11,15:00,42.2,41.7,42.2,99.8,0.63,N@0.0,0.0,39.9,35.9,0.0,236,29.75,"Grandview NE, Grandview, Benton County",300093,Grandview NE,2018-02-14 19:43:51.716687
2018-01-11,15:15,43.4,43.0,43.4,99.8,0.65,SE@2.7,5.7,40.0,36.0,0.0,216,29.76,"Grandview NE, Grandview, Benton County",300093,Grandview NE,2018-02-14 19:43:51.716687
2018-01-11,15:30,43.9,43.4,43.8,99.8,0.65,SE@0.2,5.7,40.2,36.0,0.0,99,29.77,"Grandview NE, Grandview, Benton County",300093,Grandview NE,2018-02-14 19:43:51.716687
2018-01-11,15:45,44.6,44.2,44.6,99.8,0.61,E@1.7,4.9,40.4,36.1,0.0,54,29.78,"Grandview NE, Grandview, Benton County",300093,Grandview NE,2018-02-14 19:43:51.716687
2018-01-11,16:00,44.4,43.8,44.3,99.8,0.59,SW@2.6,10.7,40.4,36.1,0.0,11,29.79,"Grandview NE, Grandview, Benton County",300093,Grandview NE,2018-02-14 19:43:51.716687
2018-01-11,16:15,41.9,41.4,41.9,99.8,0.58,W@5.3,8.9,40.5,36.2,0.0,6,29.81,"Grandview NE, Grandview, Benton County",300093,Grandview NE,2018-02-14 19:43:51.716687
2018-01-11,16:30,41.4,40.9,41.4,99.8,0.58,W@3.1,5.7,40.4,36.2,0.0,4,29.82,"Grandview NE, Grandview, Benton County",300093,Grandview NE,2018-02-14 19:43:51.716687
2018-01-11,16:45,41.2,40.7,41.1,99.8,0.58,W@0.6,3.5,40.3,36.3,0.0,2,29.83,"Grandview NE, Grandview, Benton County",300093,Grandview NE,2018-02-14 19:43:51.716687
2018-01-11,17:00,41.1,40.5,41.0,99.8,0.58,N@0.0,0.0,40.2,36.3,0.0,0,29.84,"Grandview NE, Grandview, Benton County",300093,Grandview NE,2018-02-14 19:43:51.716687
2018-01-11,17:15,40.8,40.3,40.8,99.8,0.58,N@0.0,0.0,40.1,36.4,0.0,0,29.84,"Grandview NE, Grandview, Benton County",300093,Grandview NE,2018-02-14 19:43:51.716687
2018-01-11,17:30,40.8,40.2,40.7,99.8,0.58,N@0.0,0.0,40.0,36.4,0.0,0,29.85,"Grandview NE, Grandview, Benton County",300093,Grandview NE,2018-02-14 19:43:51.716687
2018-01-11,17:45,40.8,40.2,40.7,99.8,0.58,E@0.9,5.3,39.9,36.4,0.0,0,29.85,"Grandview NE, Grandview, Benton County",300093,Grandview NE,2018-02-14 19:43:51.716687
2018-01-11,18:00,40.5,40.0,40.5,99.8,0.59,E@0.0,1.4,39.8,36.5,0.0,0,29.85,"Grandview NE, Grandview, Benton County",300093,Grandview NE,2018-02-14 19:43:51.716687
2018-01-11,18:15,40.2,39.7,40.2,99.8,0.6,SE@4.0,9.6,39.7,36.5,0.0,0,29.85,"Grandview NE, Grandview, Benton County",300093,Grandview NE,2018-02-14 19:43:51.716687
2018-01-11,18:30,39.9,39.4,39.9,99.8,0.61,E@5.9,8.9,39.6,36.6,0.0,0,29.86,"Grandview NE, Grandview, Benton County",300093,Grandview NE,2018-02-14 19:43:51.716687
2018-01-11,18:45,39.5,39.1,39.5,99.8,0.63,E@5.4,8.5,39.5,36.6,0.0,0,29.87,"Grandview NE, Grandview, Benton County",300093,Grandview NE,2018-02-14 19:43:51.716687
2018-01-11,19:00,39.4,38.9,39.3,99.8,0.65,E@6.2,11.4,39.4,36.6,0.0,0,29.88,"Grandview NE, Grandview, Benton County",300093,Grandview NE,2018-02-14 19:43:51.716687
2018-01-11,19:15,39.1,38.6,39.0,99.8,0.67,E@4.8,7.8,39.3,36.7,0.0,0,29.89,"Grandview NE, Grandview, Benton County",300093,Grandview NE,2018-02-14 19:43:51.716687
2018-01-11,19:30,39.0,38.5,38.9,99.8,0.69,E@5.7,8.2,39.1,36.7,0.0,0,29.89,"Grandview NE, Grandview, Benton County",300093,Grandview NE,2018-02-14 19:43:51.716687
2018-01-11,19:45,38.6,38.2,38.5,99.8,0.71,E@5.2,7.4,39.0,36.7,0.0,0,29.9,"Grandview NE, Grandview, Benton County",300093,Grandview NE,2018-02-14 19:43:51.716687
2018-01-11,20:00,38.6,38.4,38.5,99.8,0.72,E@5.0,7.1,38.8,36.8,0.0,0,29.91,"Grandview NE, Grandview, Benton County",300093,Grandview NE,2018-02-14 19:43:51.716687
2018-01-11,20:15,38.8,38.6,38.7,99.8,0.73,E@4.6,7.4,38.7,36.8,0.0,0,29.92,"Grandview NE, Grandview, Benton County",300093,Grandview NE,2018-02-14 19:43:51.716687
2018-01-11,20:30,38.7,38.5,38.6,99.8,0.72,E@4.0,8.2,38.5,36.8,0.0,0,29.93,"Grandview NE, Grandview, Benton County",300093,Grandview NE,2018-02-14 19:43:51.716687
2018-01-11,20:45,38.1,37.7,38.1,99.8,0.72,SE@1.2,3.5,38.4,36.9,0.0,0,29.93,"Grandview NE, Grandview, Benton County",300093,Grandview NE,2018-02-14 19:43:51.716687
2018-01-11,21:00,37.8,37.4,37.8,99.8,0.72,E@0.6,4.9,38.3,36.9,0.0,0,29.94,"Grandview NE, Grandview, Benton County",300093,Grandview NE,2018-02-14 19:43:51.716687
2018-01-11,21:15,37.2,36.8,37.2,99.8,0.72,E@1.3,4.9,38.2,36.9,0.0,0,29.95,"Grandview NE, Grandview, Benton County",300093,Grandview NE,2018-02-14 19:43:51.716687
2018-01-11,21:30,36.0,35.4,35.9,99.8,0.73,N@0.0,0.0,38.0,36.9,0.0,0,29.96,"Grandview NE, Grandview, Benton County",300093,Grandview NE,2018-02-14 19:43:51.716687
2018-01-11,21:45,35.0,34.5,34.9,99.8,0.74,N@0.0,0.0,37.8,36.9,0.0,0,29.96,"Grandview NE, Grandview, Benton County",300093,Grandview NE,2018-02-14 19:43:51.716687
2018-01-11,22:00,34.1,33.6,34.0,99.8,0.74,N@0.0,0.0,37.6,36.9,0.0,0,29.96,"Grandview NE, Grandview, Benton County",300093,Grandview NE,2018-02-14 19:43:51.716687
2018-01-11,22:15,33.5,32.9,33.4,99.8,0.75,N@0.0,0.0,37.4,37.0,0.0,0,29.97,"Grandview NE, Grandview, Benton County",300093,Grandview NE,2018-02-14 19:43:51.716687
2018-01-11,22:30,33.3,32.7,33.2,99.8,0.76,N@0.0,0.0,37.3,37.0,0.0,0,29.98,"Grandview NE, Grandview, Benton County",300093,Grandview NE,2018-02-14 19:43:51.716687
2018-01-11,22:45,33.7,33.2,33.6,99.8,0.77,NW@1.1,4.9,37.1,37.0,0.0,0,29.99,"Grandview NE, Grandview, Benton County",300093,Grandview NE,2018-02-14 19:43:51.716687
2018-01-11,23:00,33.8,33.3,33.7,99.8,0.78,NE@0.1,2.4,37.0,37.0,0.0,0,30.0,"Grandview NE, Grandview, Benton County",300093,Grandview NE,2018-02-14 19:43:51.716687
2018-01-11,23:15,34.9,34.3,34.8,99.8,0.79,E@0.4,4.6,36.9,37.0,0.0,0,30.0,"Grandview NE, Grandview, Benton County",300093,Grandview NE,2018-02-14 19:43:51.716687
2018-01-11,23:30,38.6,38.4,38.6,99.8,0.81,NE@3.7,6.0,36.8,37.0,0.0,0,30.01,"Grandview NE, Grandview, Benton County",300093,Grandview NE,2018-02-14 19:43:51.716687
2018-01-11,23:45,37.8,37.5,37.8,99.8,0.82,E@0.7,5.3,36.8,37.0,0.0,0,30.02,"Grandview NE, Grandview, Benton County",300093,Grandview NE,2018-02-14 19:43:51.716687
2018-01-11,24:00,38.8,38.5,38.8,99.8,0.82,E@2.9,6.0,36.7,37.0,0.0,0,30.03,"Grandview NE, Grandview, Benton County",300093,Grandview NE,2018-02-14 19:43:51.716687
