Date,Time PST,1.5m Air Temp °F, 1.5m Dew Point °F, 1.5m Rel Hum %, Tot Prec in, Solar Rad W/m², Wind Direction, Wind Speed mph, 2m Wind Gust mph, 1.5m Leaf Wet u., 8 in. Soil Tmp °F,Location,Station ID,Station Name,Download Timestamp
2008-10-30,00:15,33.9,30.5,87.2,0.0,0,N ,0.0,0.0,0.06,51.7,"Wapato, Yakima County",310131,Wapato,2020-12-15 19:06:44.106673
2008-10-30,00:30,32.9,29.8,88.0,0.0,0,N ,0.0,0.0,0.05,51.6,"Wapato, Yakima County",310131,Wapato,2020-12-15 19:06:44.106673
2008-10-30,00:45,32.3,29.8,90.5,0.0,0,N ,0.0,0.0,0.07,51.6,"Wapato, Yakima County",310131,Wapato,2020-12-15 19:06:44.106673
2008-10-30,01:00,32.3,29.9,90.6,0.0,0,N ,0.0,0.0,0.09,51.5,"Wapato, Yakima County",310131,Wapato,2020-12-15 19:06:44.106673
2008-10-30,01:15,32.7,30.1,90.0,0.0,0,S,0.5,3.9,0.07,51.5,"Wapato, Yakima County",310131,Wapato,2020-12-15 19:06:44.106673
2008-10-30,01:30,32.2,29.6,90.0,0.0,0,N ,0.0,0.0,0.07,51.4,"Wapato, Yakima County",310131,Wapato,2020-12-15 19:06:44.106673
2008-10-30,01:45,32.0,29.8,91.4,0.0,0,SE,0.6,4.6,0.06,51.4,"Wapato, Yakima County",310131,Wapato,2020-12-15 19:06:44.106673
2008-10-30,02:00,33.1,30.3,89.1,0.0,0,N ,0.0,0.0,0.05,51.3,"Wapato, Yakima County",310131,Wapato,2020-12-15 19:06:44.106673
2008-10-30,02:15,33.1,30.2,89.1,0.0,0,E,0.0,2.1,0.05,51.2,"Wapato, Yakima County",310131,Wapato,2020-12-15 19:06:44.106673
2008-10-30,02:30,33.1,30.5,90.0,0.0,0,E,0.9,3.5,0.04,51.2,"Wapato, Yakima County",310131,Wapato,2020-12-15 19:06:44.106673
2008-10-30,02:45,33.4,30.8,90.1,0.0,0,NE,0.6,3.1,0.04,51.1,"Wapato, Yakima County",310131,Wapato,2020-12-15 19:06:44.106673
2008-10-30,03:00,33.2,30.5,89.5,0.0,0,NE,0.1,2.4,0.04,51.0,"Wapato, Yakima County",310131,Wapato,2020-12-15 19:06:44.106673
2008-10-30,03:15,32.6,29.7,89.0,0.0,0,N ,0.0,0.0,0.05,51.0,"Wapato, Yakima County",310131,Wapato,2020-12-15 19:06:44.106673
2008-10-30,03:30,32.3,29.8,90.3,0.0,0,N ,0.0,0.0,0.05,50.9,"Wapato, Yakima County",310131,Wapato,2020-12-15 19:06:44.106673
2008-10-30,03:45,32.7,30.2,90.1,0.0,0,N ,0.0,0.0,0.04,50.8,"Wapato, Yakima County",310131,Wapato,2020-12-15 19:06:44.106673
2008-10-30,04:00,33.2,31.1,92.0,0.0,0,N ,0.0,0.0,0.04,50.8,"Wapato, Yakima County",310131,Wapato,2020-12-15 19:06:44.106673
2008-10-30,04:15,33.8,31.8,92.3,0.0,0,N ,0.0,0.0,0.04,50.7,"Wapato, Yakima County",310131,Wapato,2020-12-15 19:06:44.106673
2008-10-30,04:30,34.2,31.8,90.9,0.0,0,N ,0.0,0.0,0.04,50.7,"Wapato, Yakima County",310131,Wapato,2020-12-15 19:06:44.106673
2008-10-30,04:45,34.0,31.3,89.8,0.0,0,N ,0.0,0.0,0.06,50.6,"Wapato, Yakima County",310131,Wapato,2020-12-15 19:06:44.106673
2008-10-30,05:00,33.2,30.9,91.0,0.0,0,N ,0.0,0.0,0.07,50.5,"Wapato, Yakima County",310131,Wapato,2020-12-15 19:06:44.106673
2008-10-30,05:15,33.1,31.2,92.8,0.0,0,N ,0.0,0.0,0.08,50.5,"Wapato, Yakima County",310131,Wapato,2020-12-15 19:06:44.106673
2008-10-30,05:30,32.8,31.0,93.0,0.0,0,W,0.2,2.4,0.07,50.4,"Wapato, Yakima County",310131,Wapato,2020-12-15 19:06:44.106673
2008-10-30,05:45,33.1,31.4,93.4,0.0,0,N ,0.0,0.0,0.05,50.3,"Wapato, Yakima County",310131,Wapato,2020-12-15 19:06:44.106673
2008-10-30,06:00,33.1,31.3,93.0,0.0,0,N ,0.0,0.0,0.06,50.3,"Wapato, Yakima County",310131,Wapato,2020-12-15 19:06:44.106673
2008-10-30,06:15,32.9,31.4,94.0,0.0,0,N ,0.0,0.0,0.07,50.2,"Wapato, Yakima County",310131,Wapato,2020-12-15 19:06:44.106673
2008-10-30,06:30,33.2,31.7,94.1,0.0,0,N ,0.0,0.0,0.06,50.2,"Wapato, Yakima County",310131,Wapato,2020-12-15 19:06:44.106673
2008-10-30,06:45,34.2,32.0,91.6,0.0,2,N ,0.0,0.0,0.03,50.1,"Wapato, Yakima County",310131,Wapato,2020-12-15 19:06:44.106673
2008-10-30,07:00,34.6,32.1,90.6,0.0,7,N ,0.0,0.0,0.03,50.0,"Wapato, Yakima County",310131,Wapato,2020-12-15 19:06:44.106673
2008-10-30,07:15,34.9,32.4,90.5,0.0,19,NE,0.1,1.7,0.03,50.0,"Wapato, Yakima County",310131,Wapato,2020-12-15 19:06:44.106673
2008-10-30,07:30,35.0,32.7,91.1,0.0,30,N ,0.0,0.0,0.04,49.9,"Wapato, Yakima County",310131,Wapato,2020-12-15 19:06:44.106673
2008-10-30,07:45,35.6,33.2,91.0,0.0,42,N ,0.0,0.0,0.03,49.9,"Wapato, Yakima County",310131,Wapato,2020-12-15 19:06:44.106673
2008-10-30,08:00,36.3,33.7,90.1,0.0,59,NE,0.1,2.4,0.02,49.8,"Wapato, Yakima County",310131,Wapato,2020-12-15 19:06:44.106673
2008-10-30,08:15,37.0,34.1,89.1,0.0,77,N ,0.0,0.0,0.01,49.8,"Wapato, Yakima County",310131,Wapato,2020-12-15 19:06:44.106673
2008-10-30,08:30,38.0,34.8,87.9,0.0,98,N ,0.0,0.0,0.01,49.7,"Wapato, Yakima County",310131,Wapato,2020-12-15 19:06:44.106673
2008-10-30,08:45,39.1,35.4,86.3,0.0,112,N ,0.0,0.0,0.01,49.6,"Wapato, Yakima County",310131,Wapato,2020-12-15 19:06:44.106673
2008-10-30,09:00,40.5,36.2,84.6,0.0,137,N ,0.0,0.0,0.0,49.6,"Wapato, Yakima County",310131,Wapato,2020-12-15 19:06:44.106673
2008-10-30,09:15,42.1,36.4,80.1,0.0,160,N ,0.0,0.0,0.0,49.5,"Wapato, Yakima County",310131,Wapato,2020-12-15 19:06:44.106673
2008-10-30,09:30,43.4,36.1,75.1,0.0,196,SW,0.0,1.4,0.0,49.5,"Wapato, Yakima County",310131,Wapato,2020-12-15 19:06:44.106673
2008-10-30,09:45,45.3,36.0,69.8,0.0,258,SE,0.3,2.4,0.0,49.5,"Wapato, Yakima County",310131,Wapato,2020-12-15 19:06:44.106673
2008-10-30,10:00,46.2,35.3,65.7,0.0,241,SE,1.8,3.5,0.0,49.4,"Wapato, Yakima County",310131,Wapato,2020-12-15 19:06:44.106673
2008-10-30,10:15,47.1,35.6,64.1,0.0,255,SE,0.6,3.1,0.0,49.4,"Wapato, Yakima County",310131,Wapato,2020-12-15 19:06:44.106673
2008-10-30,10:30,47.6,36.1,64.1,0.0,272,E,1.4,3.1,0.0,49.3,"Wapato, Yakima County",310131,Wapato,2020-12-15 19:06:44.106673
2008-10-30,10:45,48.6,36.5,62.8,0.0,349,SW,0.9,2.8,0.0,49.3,"Wapato, Yakima County",310131,Wapato,2020-12-15 19:06:44.106673
2008-10-30,11:00,50.2,36.2,58.4,0.0,346,SW,1.0,4.9,0.0,49.3,"Wapato, Yakima County",310131,Wapato,2020-12-15 19:06:44.106673
2008-10-30,11:15,51.1,36.6,57.5,0.0,321,SW,0.9,3.1,0.0,49.3,"Wapato, Yakima County",310131,Wapato,2020-12-15 19:06:44.106673
2008-10-30,11:30,52.6,37.1,55.3,0.0,385,SW,1.6,3.9,0.0,49.2,"Wapato, Yakima County",310131,Wapato,2020-12-15 19:06:44.106673
2008-10-30,11:45,53.9,36.4,51.3,0.0,386,SE,2.0,3.9,0.0,49.2,"Wapato, Yakima County",310131,Wapato,2020-12-15 19:06:44.106673
2008-10-30,12:00,54.1,36.6,51.4,0.0,267,SE,1.8,3.9,0.0,49.2,"Wapato, Yakima County",310131,Wapato,2020-12-15 19:06:44.106673
2008-10-30,12:15,55.4,36.7,49.2,0.0,451,S,2.7,4.6,0.0,49.2,"Wapato, Yakima County",310131,Wapato,2020-12-15 19:06:44.106673
2008-10-30,12:30,56.8,37.0,47.4,0.0,452,SW,2.2,4.9,0.0,49.2,"Wapato, Yakima County",310131,Wapato,2020-12-15 19:06:44.106673
2008-10-30,12:45,57.5,37.0,46.1,0.0,432,SW,2.8,5.7,0.0,49.3,"Wapato, Yakima County",310131,Wapato,2020-12-15 19:06:44.106673
2008-10-30,13:00,57.4,36.7,45.8,0.0,278,SW,2.7,6.7,0.0,49.3,"Wapato, Yakima County",310131,Wapato,2020-12-15 19:06:44.106673
2008-10-30,13:15,57.4,37.0,46.3,0.0,214,SW,2.2,5.3,0.0,49.3,"Wapato, Yakima County",310131,Wapato,2020-12-15 19:06:44.106673
2008-10-30,13:30,57.6,36.8,45.8,0.0,147,E,2.1,5.3,0.0,49.4,"Wapato, Yakima County",310131,Wapato,2020-12-15 19:06:44.106673
2008-10-30,13:45,57.7,36.9,45.7,0.0,127,E,2.9,5.3,0.0,49.4,"Wapato, Yakima County",310131,Wapato,2020-12-15 19:06:44.106673
2008-10-30,14:00,57.9,37.0,45.6,0.0,120,SE,1.3,2.8,0.0,49.5,"Wapato, Yakima County",310131,Wapato,2020-12-15 19:06:44.106673
2008-10-30,14:15,58.0,37.0,45.2,0.0,117,S,2.0,4.2,0.0,49.6,"Wapato, Yakima County",310131,Wapato,2020-12-15 19:06:44.106673
2008-10-30,14:30,58.1,36.9,45.0,0.0,112,SE,1.9,3.9,0.0,49.6,"Wapato, Yakima County",310131,Wapato,2020-12-15 19:06:44.106673
2008-10-30,14:45,58.3,37.1,44.9,0.0,97,S,2.4,3.5,0.0,49.7,"Wapato, Yakima County",310131,Wapato,2020-12-15 19:06:44.106673
2008-10-30,15:00,58.2,38.1,47.1,0.0,80,SW,3.0,4.6,0.0,49.8,"Wapato, Yakima County",310131,Wapato,2020-12-15 19:06:44.106673
2008-10-30,15:15,57.8,38.0,47.4,0.0,61,SW,1.5,3.9,0.0,49.9,"Wapato, Yakima County",310131,Wapato,2020-12-15 19:06:44.106673
2008-10-30,15:30,57.7,38.3,48.2,0.0,55,W,1.1,3.9,0.0,50.0,"Wapato, Yakima County",310131,Wapato,2020-12-15 19:06:44.106673
2008-10-30,15:45,57.5,38.4,48.7,0.0,45,S,0.6,2.4,0.0,50.1,"Wapato, Yakima County",310131,Wapato,2020-12-15 19:06:44.106673
2008-10-30,16:00,57.3,39.3,51.0,0.0,33,W,1.5,3.1,0.0,50.3,"Wapato, Yakima County",310131,Wapato,2020-12-15 19:06:44.106673
2008-10-30,16:15,56.5,39.9,53.6,0.0,19,SE,1.3,2.8,0.0,50.4,"Wapato, Yakima County",310131,Wapato,2020-12-15 19:06:44.106673
2008-10-30,16:30,55.7,39.3,53.9,0.0,9,SE,0.4,3.1,0.0,50.5,"Wapato, Yakima County",310131,Wapato,2020-12-15 19:06:44.106673
2008-10-30,16:45,55.2,38.8,53.9,0.0,3,SE,1.5,3.5,0.0,50.6,"Wapato, Yakima County",310131,Wapato,2020-12-15 19:06:44.106673
2008-10-30,17:00,54.7,38.9,55.0,0.0,1,E,0.0,1.7,0.01,50.7,"Wapato, Yakima County",310131,Wapato,2020-12-15 19:06:44.106673
2008-10-30,17:15,53.8,39.5,58.3,0.0,0,NE,1.6,3.5,0.0,50.8,"Wapato, Yakima County",310131,Wapato,2020-12-15 19:06:44.106673
2008-10-30,17:30,53.5,39.6,59.2,0.0,0,NE,1.3,3.1,0.0,50.9,"Wapato, Yakima County",310131,Wapato,2020-12-15 19:06:44.106673
2008-10-30,17:45,53.1,40.5,62.0,0.0,0,SW,1.5,2.4,0.0,50.9,"Wapato, Yakima County",310131,Wapato,2020-12-15 19:06:44.106673
2008-10-30,18:00,52.3,41.4,66.3,0.0,0,NW,1.0,2.4,0.0,51.0,"Wapato, Yakima County",310131,Wapato,2020-12-15 19:06:44.106673
2008-10-30,18:15,51.5,41.2,67.6,0.0,0,W,1.2,3.5,0.0,51.1,"Wapato, Yakima County",310131,Wapato,2020-12-15 19:06:44.106673
2008-10-30,18:30,50.1,40.9,70.5,0.0,0,SW,1.7,3.1,0.0,51.2,"Wapato, Yakima County",310131,Wapato,2020-12-15 19:06:44.106673
2008-10-30,18:45,49.5,41.4,73.5,0.0,0,N ,0.0,0.0,0.0,51.3,"Wapato, Yakima County",310131,Wapato,2020-12-15 19:06:44.106673
2008-10-30,19:00,49.5,41.3,73.4,0.0,0,W,0.8,2.4,0.0,51.3,"Wapato, Yakima County",310131,Wapato,2020-12-15 19:06:44.106673
2008-10-30,19:15,49.1,41.1,73.8,0.0,0,N ,0.0,0.0,0.0,51.4,"Wapato, Yakima County",310131,Wapato,2020-12-15 19:06:44.106673
2008-10-30,19:30,49.0,41.1,74.2,0.0,0,SW,0.6,2.4,0.0,51.4,"Wapato, Yakima County",310131,Wapato,2020-12-15 19:06:44.106673
2008-10-30,19:45,48.9,41.4,75.2,0.0,0,W,1.4,4.9,0.0,51.5,"Wapato, Yakima County",310131,Wapato,2020-12-15 19:06:44.106673
2008-10-30,20:00,49.0,41.0,73.9,0.0,0,W,2.0,4.6,0.0,51.5,"Wapato, Yakima County",310131,Wapato,2020-12-15 19:06:44.106673
2008-10-30,20:15,49.0,40.7,72.8,0.0,0,N ,0.0,0.0,0.0,51.6,"Wapato, Yakima County",310131,Wapato,2020-12-15 19:06:44.106673
2008-10-30,20:30,49.1,40.4,71.5,0.0,0,E,0.3,2.1,0.0,51.6,"Wapato, Yakima County",310131,Wapato,2020-12-15 19:06:44.106673
2008-10-30,20:45,48.8,40.4,72.6,0.0,0,SE,1.7,3.1,0.0,51.6,"Wapato, Yakima County",310131,Wapato,2020-12-15 19:06:44.106673
2008-10-30,21:00,48.6,40.6,73.8,0.0,0,E,1.7,4.2,0.0,51.6,"Wapato, Yakima County",310131,Wapato,2020-12-15 19:06:44.106673
2008-10-30,21:15,48.6,41.0,74.9,0.0,0,E,1.0,3.5,0.0,51.7,"Wapato, Yakima County",310131,Wapato,2020-12-15 19:06:44.106673
2008-10-30,21:30,48.4,41.0,75.5,0.0,0,N ,0.0,0.0,0.0,51.7,"Wapato, Yakima County",310131,Wapato,2020-12-15 19:06:44.106673
2008-10-30,21:45,47.9,41.4,78.0,0.0,0,NW,0.9,3.5,0.0,51.7,"Wapato, Yakima County",310131,Wapato,2020-12-15 19:06:44.106673
2008-10-30,22:00,48.0,41.7,78.4,0.0,0,NW,0.7,2.8,0.0,51.7,"Wapato, Yakima County",310131,Wapato,2020-12-15 19:06:44.106673
2008-10-30,22:15,48.3,41.8,78.2,0.0,0,NW,1.8,3.1,0.0,51.7,"Wapato, Yakima County",310131,Wapato,2020-12-15 19:06:44.106673
2008-10-30,22:30,49.0,41.4,74.9,0.0,0,W,0.6,3.1,0.0,51.7,"Wapato, Yakima County",310131,Wapato,2020-12-15 19:06:44.106673
2008-10-30,22:45,49.6,40.9,71.8,0.0,0,E,1.5,3.5,0.0,51.7,"Wapato, Yakima County",310131,Wapato,2020-12-15 19:06:44.106673
2008-10-30,23:00,49.0,41.5,75.0,0.0,0,S,0.6,3.5,0.0,51.7,"Wapato, Yakima County",310131,Wapato,2020-12-15 19:06:44.106673
2008-10-31,23:15,48.2,41.5,77.7,0.0,0,SW,2.4,3.9,0.0,51.8,"Wapato, Yakima County",310131,Wapato,2020-12-15 19:06:44.106673
2008-10-31,23:30,47.7,41.8,79.7,0.0,0,W,2.3,4.6,0.0,51.8,"Wapato, Yakima County",310131,Wapato,2020-12-15 19:06:44.106673
2008-10-31,23:45,47.7,41.7,79.7,0.0,0,W,2.2,4.9,0.0,51.8,"Wapato, Yakima County",310131,Wapato,2020-12-15 19:06:44.106673
2008-10-31,24:00,47.7,41.5,79.0,0.0,0,W,2.8,3.9,0.0,51.8,"Wapato, Yakima County",310131,Wapato,2020-12-15 19:06:44.106673
2008-10-31,00:15,48.0,41.1,76.7,0.0,0,SE,2.2,3.1,0.0,51.7,"Wapato, Yakima County",310131,Wapato,2020-12-15 19:06:44.106673
2008-10-31,00:30,48.0,41.0,76.7,0.0,0,SW,2.0,4.6,0.0,51.7,"Wapato, Yakima County",310131,Wapato,2020-12-15 19:06:44.106673
2008-10-31,00:45,47.8,41.0,77.1,0.0,0,SW,2.1,4.9,0.0,51.7,"Wapato, Yakima County",310131,Wapato,2020-12-15 19:06:44.106673
2008-10-31,01:00,48.2,41.0,75.8,0.0,0,SW,1.9,4.6,0.0,51.7,"Wapato, Yakima County",310131,Wapato,2020-12-15 19:06:44.106673
2008-10-31,01:15,48.5,40.9,74.6,0.0,0,W,3.0,4.9,0.0,51.7,"Wapato, Yakima County",310131,Wapato,2020-12-15 19:06:44.106673
2008-10-31,01:30,48.8,40.8,73.5,0.0,0,S,1.7,4.9,0.0,51.7,"Wapato, Yakima County",310131,Wapato,2020-12-15 19:06:44.106673
2008-10-31,01:45,50.0,40.1,68.6,0.0,0,SW,4.0,8.2,0.0,51.7,"Wapato, Yakima County",310131,Wapato,2020-12-15 19:06:44.106673
2008-10-31,02:00,51.6,39.6,63.5,0.0,0,SW,4.7,10.3,0.0,51.7,"Wapato, Yakima County",310131,Wapato,2020-12-15 19:06:44.106673
2008-10-31,02:15,50.7,39.9,66.3,0.0,0,W,2.7,4.6,0.0,51.7,"Wapato, Yakima County",310131,Wapato,2020-12-15 19:06:44.106673
2008-10-31,02:30,49.7,40.4,70.2,0.0,0,W,2.8,4.2,0.0,51.7,"Wapato, Yakima County",310131,Wapato,2020-12-15 19:06:44.106673
2008-10-31,02:45,50.2,40.4,68.9,0.0,0,SW,2.5,4.9,0.0,51.7,"Wapato, Yakima County",310131,Wapato,2020-12-15 19:06:44.106673
2008-10-31,03:00,50.7,40.6,68.0,0.0,0,SW,2.1,4.6,0.01,51.7,"Wapato, Yakima County",310131,Wapato,2020-12-15 19:06:44.106673
2008-10-31,03:15,51.1,40.4,66.5,0.0,0,W,1.6,4.2,0.0,51.7,"Wapato, Yakima County",310131,Wapato,2020-12-15 19:06:44.106673
2008-10-31,03:30,52.8,39.8,61.2,0.0,0,W,2.9,7.1,0.0,51.7,"Wapato, Yakima County",310131,Wapato,2020-12-15 19:06:44.106673
2008-10-31,03:45,53.0,40.3,61.8,0.0,0,SW,2.9,5.3,0.0,51.6,"Wapato, Yakima County",310131,Wapato,2020-12-15 19:06:44.106673
2008-10-31,04:00,52.1,40.2,63.7,0.0,0,W,1.6,4.6,0.04,51.6,"Wapato, Yakima County",310131,Wapato,2020-12-15 19:06:44.106673
2008-10-31,04:15,52.9,40.1,61.6,0.0,0,W,2.5,4.9,0.0,51.6,"Wapato, Yakima County",310131,Wapato,2020-12-15 19:06:44.106673
2008-10-31,04:30,53.0,40.0,61.2,0.0,0,NW,0.6,2.8,0.1,51.6,"Wapato, Yakima County",310131,Wapato,2020-12-15 19:06:44.106673
2008-10-31,04:45,52.4,40.1,62.7,0.0,0,N ,0.0,0.0,0.02,51.6,"Wapato, Yakima County",310131,Wapato,2020-12-15 19:06:44.106673
2008-10-31,05:00,51.6,40.5,65.5,0.0,0,S,0.8,3.5,0.0,51.6,"Wapato, Yakima County",310131,Wapato,2020-12-15 19:06:44.106673
2008-10-31,05:15,50.4,41.1,70.1,0.0,0,S,1.7,3.5,0.01,51.6,"Wapato, Yakima County",310131,Wapato,2020-12-15 19:06:44.106673
2008-10-31,05:30,50.3,41.3,71.2,0.0,0,E,1.8,4.2,0.0,51.6,"Wapato, Yakima County",310131,Wapato,2020-12-15 19:06:44.106673
2008-10-31,05:45,49.6,42.1,75.1,0.0,0,SE,2.6,4.2,0.0,51.6,"Wapato, Yakima County",310131,Wapato,2020-12-15 19:06:44.106673
2008-10-31,06:00,49.5,42.1,75.5,0.0,0,S,0.5,2.1,0.28,51.6,"Wapato, Yakima County",310131,Wapato,2020-12-15 19:06:44.106673
2008-10-31,06:15,49.3,42.8,78.2,0.0,0,E,1.0,2.8,0.85,51.6,"Wapato, Yakima County",310131,Wapato,2020-12-15 19:06:44.106673
2008-10-31,06:30,49.2,43.1,79.5,0.0,0,E,0.6,3.1,0.86,51.6,"Wapato, Yakima County",310131,Wapato,2020-12-15 19:06:44.106673
2008-10-31,06:45,49.0,43.6,81.6,0.0,0,E,1.4,3.5,0.87,51.6,"Wapato, Yakima County",310131,Wapato,2020-12-15 19:06:44.106673
2008-10-31,07:00,48.7,44.3,84.6,0.0,2,NE,0.9,2.4,1.0,51.5,"Wapato, Yakima County",310131,Wapato,2020-12-15 19:06:44.106673
2008-10-31,07:15,48.5,44.3,85.0,0.0,5,E,0.7,2.4,1.0,51.5,"Wapato, Yakima County",310131,Wapato,2020-12-15 19:06:44.106673
2008-10-31,07:30,48.5,44.6,86.4,0.0,7,W,1.0,2.8,1.0,51.5,"Wapato, Yakima County",310131,Wapato,2020-12-15 19:06:44.106673
2008-10-31,07:45,48.2,45.3,89.4,0.0,11,SE,0.0,1.7,1.0,51.5,"Wapato, Yakima County",310131,Wapato,2020-12-15 19:06:44.106673
2008-10-31,08:00,48.2,44.8,87.9,0.0,27,S,0.2,3.1,1.0,51.5,"Wapato, Yakima County",310131,Wapato,2020-12-15 19:06:44.106673
2008-10-31,08:15,48.6,45.7,89.7,0.0,41,NW,0.1,2.8,1.0,51.5,"Wapato, Yakima County",310131,Wapato,2020-12-15 19:06:44.106673
2008-10-31,08:30,48.8,45.8,89.5,0.0,29,NW,2.1,3.9,1.0,51.5,"Wapato, Yakima County",310131,Wapato,2020-12-15 19:06:44.106673
2008-10-31,08:45,48.9,46.5,91.4,0.0,25,SE,1.5,3.5,1.0,51.5,"Wapato, Yakima County",310131,Wapato,2020-12-15 19:06:44.106673
2008-10-31,09:00,48.8,47.0,93.2,0.01,45,NE,2.3,4.2,1.0,51.5,"Wapato, Yakima County",310131,Wapato,2020-12-15 19:06:44.106673
2008-10-31,09:15,49.0,47.1,93.2,0.0,36,NE,2.0,4.6,1.0,51.5,"Wapato, Yakima County",310131,Wapato,2020-12-15 19:06:44.106673
2008-10-31,09:30,49.1,47.2,93.0,0.0,48,W,0.8,2.4,1.0,51.5,"Wapato, Yakima County",310131,Wapato,2020-12-15 19:06:44.106673
2008-10-31,09:45,49.6,47.8,93.5,0.0,85,NE,2.0,4.6,1.0,51.5,"Wapato, Yakima County",310131,Wapato,2020-12-15 19:06:44.106673
2008-10-31,10:00,50.1,47.9,91.9,0.0,76,NE,2.5,4.6,1.0,51.5,"Wapato, Yakima County",310131,Wapato,2020-12-15 19:06:44.106673
2008-10-31,10:15,50.6,47.8,89.9,0.0,47,E,0.4,3.1,1.0,51.5,"Wapato, Yakima County",310131,Wapato,2020-12-15 19:06:44.106673
2008-10-31,10:30,50.9,48.0,89.9,0.0,29,S,0.8,4.2,1.0,51.5,"Wapato, Yakima County",310131,Wapato,2020-12-15 19:06:44.106673
2008-10-31,10:45,50.6,48.8,93.2,0.0,61,SW,1.5,4.2,1.0,51.5,"Wapato, Yakima County",310131,Wapato,2020-12-15 19:06:44.106673
2008-10-31,11:00,50.9,49.3,94.2,0.01,147,W,2.1,4.6,1.0,51.5,"Wapato, Yakima County",310131,Wapato,2020-12-15 19:06:44.106673
2008-10-31,11:15,51.7,48.8,89.6,0.0,244,W,2.4,3.5,1.0,51.5,"Wapato, Yakima County",310131,Wapato,2020-12-15 19:06:44.106673
2008-10-31,11:30,53.2,48.1,82.6,0.0,371,W,1.5,3.5,1.0,51.5,"Wapato, Yakima County",310131,Wapato,2020-12-15 19:06:44.106673
2008-10-31,11:45,54.4,47.4,76.8,0.0,266,SW,0.6,3.5,0.93,51.5,"Wapato, Yakima County",310131,Wapato,2020-12-15 19:06:44.106673
2008-10-31,12:00,55.0,47.1,74.6,0.0,285,SW,0.6,3.5,0.72,51.5,"Wapato, Yakima County",310131,Wapato,2020-12-15 19:06:44.106673
2008-10-31,12:15,55.5,47.4,74.0,0.0,321,W,2.7,4.9,0.04,51.5,"Wapato, Yakima County",310131,Wapato,2020-12-15 19:06:44.106673
2008-10-31,12:30,55.9,47.6,73.7,0.0,293,W,3.1,4.6,0.0,51.5,"Wapato, Yakima County",310131,Wapato,2020-12-15 19:06:44.106673
2008-10-31,12:45,56.4,47.2,71.3,0.0,343,W,2.5,4.9,0.0,51.5,"Wapato, Yakima County",310131,Wapato,2020-12-15 19:06:44.106673
2008-10-31,13:00,57.8,47.1,67.4,0.0,229,SW,0.3,2.1,0.0,51.5,"Wapato, Yakima County",310131,Wapato,2020-12-15 19:06:44.106673
2008-10-31,13:15,59.4,47.9,65.7,0.0,479,S,1.7,3.5,0.0,51.5,"Wapato, Yakima County",310131,Wapato,2020-12-15 19:06:44.106673
2008-10-31,13:30,59.4,47.5,64.5,0.0,161,S,1.8,4.6,0.0,51.6,"Wapato, Yakima County",310131,Wapato,2020-12-15 19:06:44.106673
2008-10-31,13:45,58.3,47.4,66.8,0.0,123,SE,1.3,3.5,0.0,51.6,"Wapato, Yakima County",310131,Wapato,2020-12-15 19:06:44.106673
2008-10-31,14:00,58.5,47.9,67.8,0.0,132,E,2.2,3.9,0.0,51.6,"Wapato, Yakima County",310131,Wapato,2020-12-15 19:06:44.106673
2008-10-31,14:15,58.6,47.9,67.5,0.0,146,NE,3.0,4.6,0.0,51.6,"Wapato, Yakima County",310131,Wapato,2020-12-15 19:06:44.106673
2008-10-31,14:30,58.9,48.2,67.5,0.0,163,NE,3.6,5.7,0.0,51.7,"Wapato, Yakima County",310131,Wapato,2020-12-15 19:06:44.106673
2008-10-31,14:45,59.1,47.8,65.9,0.0,102,NE,3.7,5.3,0.0,51.7,"Wapato, Yakima County",310131,Wapato,2020-12-15 19:06:44.106673
2008-10-31,15:00,58.9,48.2,67.5,0.0,90,NE,4.1,6.0,0.0,51.8,"Wapato, Yakima County",310131,Wapato,2020-12-15 19:06:44.106673
2008-10-31,15:15,58.6,48.3,68.5,0.0,90,NE,3.8,6.0,0.0,51.8,"Wapato, Yakima County",310131,Wapato,2020-12-15 19:06:44.106673
2008-10-31,15:30,58.3,48.6,70.1,0.0,91,SE,3.4,5.3,0.0,51.9,"Wapato, Yakima County",310131,Wapato,2020-12-15 19:06:44.106673
2008-10-31,15:45,58.8,48.5,68.6,0.0,157,NE,4.0,6.4,0.0,52.0,"Wapato, Yakima County",310131,Wapato,2020-12-15 19:06:44.106673
2008-10-31,16:00,59.5,48.5,66.8,0.0,158,NE,5.9,8.2,0.0,52.1,"Wapato, Yakima County",310131,Wapato,2020-12-15 19:06:44.106673
2008-10-31,16:15,59.3,48.4,67.0,0.0,92,NE,5.8,8.5,0.0,52.1,"Wapato, Yakima County",310131,Wapato,2020-12-15 19:06:44.106673
2008-10-31,16:30,58.2,48.2,69.1,0.0,23,NE,3.9,6.4,0.0,52.2,"Wapato, Yakima County",310131,Wapato,2020-12-15 19:06:44.106673
2008-10-31,16:45,56.6,47.8,72.2,0.0,12,NE,2.7,3.9,0.0,52.3,"Wapato, Yakima County",310131,Wapato,2020-12-15 19:06:44.106673
2008-10-31,17:00,55.3,47.5,75.0,0.0,3,S,3.1,4.9,0.0,52.3,"Wapato, Yakima County",310131,Wapato,2020-12-15 19:06:44.106673
2008-10-31,17:15,54.7,47.7,77.2,0.0,0,W,3.8,4.6,0.0,52.4,"Wapato, Yakima County",310131,Wapato,2020-12-15 19:06:44.106673
2008-10-31,17:30,54.9,47.7,76.6,0.0,0,S,4.4,6.4,0.0,52.5,"Wapato, Yakima County",310131,Wapato,2020-12-15 19:06:44.106673
2008-10-31,17:45,55.0,47.8,76.5,0.0,0,SW,4.4,6.7,0.0,52.5,"Wapato, Yakima County",310131,Wapato,2020-12-15 19:06:44.106673
2008-10-31,18:00,55.9,47.8,74.1,0.0,0,NW,5.4,7.8,0.0,52.6,"Wapato, Yakima County",310131,Wapato,2020-12-15 19:06:44.106673
2008-10-31,18:15,55.8,47.8,74.4,0.0,0,NW,4.6,8.2,0.0,52.6,"Wapato, Yakima County",310131,Wapato,2020-12-15 19:06:44.106673
2008-10-31,18:30,53.6,46.9,78.2,0.0,0,SW,2.6,3.5,0.0,52.7,"Wapato, Yakima County",310131,Wapato,2020-12-15 19:06:44.106673
2008-10-31,18:45,52.1,47.1,83.0,0.0,0,S,2.6,5.7,0.01,52.7,"Wapato, Yakima County",310131,Wapato,2020-12-15 19:06:44.106673
2008-10-31,19:00,51.6,47.1,84.4,0.0,0,SW,0.2,3.5,0.01,52.8,"Wapato, Yakima County",310131,Wapato,2020-12-15 19:06:44.106673
2008-10-31,19:15,50.9,47.0,86.5,0.0,0,S,0.6,2.8,0.04,52.8,"Wapato, Yakima County",310131,Wapato,2020-12-15 19:06:44.106673
2008-10-31,19:30,50.0,46.4,87.6,0.0,0,S,0.9,3.1,0.18,52.8,"Wapato, Yakima County",310131,Wapato,2020-12-15 19:06:44.106673
2008-10-31,19:45,47.7,45.1,90.6,0.0,0,E,1.8,3.5,0.37,52.9,"Wapato, Yakima County",310131,Wapato,2020-12-15 19:06:44.106673
2008-10-31,20:00,46.7,44.7,92.6,0.0,0,SE,1.4,3.1,0.45,52.9,"Wapato, Yakima County",310131,Wapato,2020-12-15 19:06:44.106673
2008-10-31,20:15,46.7,45.2,94.3,0.0,0,SE,2.5,3.1,0.5,52.9,"Wapato, Yakima County",310131,Wapato,2020-12-15 19:06:44.106673
2008-10-31,20:30,46.8,45.5,94.9,0.0,0,S,2.8,3.5,0.43,52.9,"Wapato, Yakima County",310131,Wapato,2020-12-15 19:06:44.106673
2008-10-31,20:45,47.4,46.1,95.2,0.0,0,E,2.1,3.5,0.4,52.9,"Wapato, Yakima County",310131,Wapato,2020-12-15 19:06:44.106673
2008-10-31,21:00,46.9,45.5,94.9,0.0,0,SW,0.1,2.1,0.59,53.0,"Wapato, Yakima County",310131,Wapato,2020-12-15 19:06:44.106673
2008-10-31,21:15,46.3,45.1,95.7,0.0,0,SE,0.2,1.7,0.73,53.0,"Wapato, Yakima County",310131,Wapato,2020-12-15 19:06:44.106673
2008-10-31,21:30,45.2,44.3,96.6,0.0,0,S,0.2,1.7,0.68,53.0,"Wapato, Yakima County",310131,Wapato,2020-12-15 19:06:44.106673
2008-10-31,21:45,44.5,43.9,97.6,0.0,0,S,0.1,2.8,0.76,53.0,"Wapato, Yakima County",310131,Wapato,2020-12-15 19:06:44.106673
2008-10-31,22:00,43.9,43.5,98.4,0.0,0,W,1.9,3.1,0.82,52.9,"Wapato, Yakima County",310131,Wapato,2020-12-15 19:06:44.106673
2008-10-31,22:15,43.7,43.7,99.9,0.0,0,NW,1.9,2.8,0.86,52.9,"Wapato, Yakima County",310131,Wapato,2020-12-15 19:06:44.106673
2008-10-31,22:30,44.0,44.0,100.0,0.0,0,NW,2.3,3.5,0.88,52.9,"Wapato, Yakima County",310131,Wapato,2020-12-15 19:06:44.106673
2008-10-31,22:45,44.7,44.7,100.0,0.0,0,W,2.0,3.9,0.9,52.9,"Wapato, Yakima County",310131,Wapato,2020-12-15 19:06:44.106673
2008-10-31,23:00,44.0,43.8,99.3,0.0,0,SE,0.3,2.4,0.9,52.9,"Wapato, Yakima County",310131,Wapato,2020-12-15 19:06:44.106673
2008-11-01,23:15,42.8,42.6,99.2,0.0,0,SW,1.0,3.1,0.91,52.9,"Wapato, Yakima County",310131,Wapato,2020-12-15 19:06:44.106673
2008-11-01,23:30,41.6,41.6,100.0,0.0,0,W,1.1,3.1,0.92,52.8,"Wapato, Yakima County",310131,Wapato,2020-12-15 19:06:44.106673
2008-11-01,23:45,42.0,42.0,100.0,0.0,0,S,1.3,3.1,0.92,52.8,"Wapato, Yakima County",310131,Wapato,2020-12-15 19:06:44.106673
2008-11-01,24:00,41.3,41.3,100.0,0.0,0,W,0.4,2.4,0.92,52.8,"Wapato, Yakima County",310131,Wapato,2020-12-15 19:06:44.106673
2008-11-01,00:15,42.4,42.4,100.0,0.0,0,W,0.7,2.8,0.92,52.7,"Wapato, Yakima County",310131,Wapato,2020-12-15 19:06:44.106673
2008-11-01,00:30,42.8,42.8,100.0,0.0,0,W,0.8,3.1,0.93,52.7,"Wapato, Yakima County",310131,Wapato,2020-12-15 19:06:44.106673
2008-11-01,00:45,42.6,42.6,100.0,0.0,0,S,0.5,2.8,0.93,52.7,"Wapato, Yakima County",310131,Wapato,2020-12-15 19:06:44.106673
2008-11-01,01:00,42.3,42.3,100.0,0.0,0,W,1.9,4.2,0.94,52.6,"Wapato, Yakima County",310131,Wapato,2020-12-15 19:06:44.106673
2008-11-01,01:15,40.8,40.8,100.0,0.0,0,W,1.1,4.2,0.94,52.6,"Wapato, Yakima County",310131,Wapato,2020-12-15 19:06:44.106673
2008-11-01,01:30,40.7,40.7,100.0,0.0,0,S,1.1,2.8,0.94,52.5,"Wapato, Yakima County",310131,Wapato,2020-12-15 19:06:44.106673
2008-11-01,01:45,39.4,39.4,100.0,0.0,0,SW,0.9,2.8,0.95,52.5,"Wapato, Yakima County",310131,Wapato,2020-12-15 19:06:44.106673
2008-11-01,02:00,39.0,39.0,100.0,0.0,0,W,1.5,4.2,0.95,52.4,"Wapato, Yakima County",310131,Wapato,2020-12-15 19:06:44.106673
2008-11-01,02:15,39.9,39.9,100.0,0.0,0,SE,1.3,3.1,1.0,52.4,"Wapato, Yakima County",310131,Wapato,2020-12-15 19:06:44.106673
2008-11-01,02:30,40.0,40.0,100.0,0.0,0,W,1.4,4.6,1.0,52.3,"Wapato, Yakima County",310131,Wapato,2020-12-15 19:06:44.106673
2008-11-01,02:45,39.9,39.9,100.0,0.0,0,W,1.3,3.1,1.0,52.3,"Wapato, Yakima County",310131,Wapato,2020-12-15 19:06:44.106673
2008-11-01,03:00,40.4,40.4,100.0,0.0,0,SW,0.2,1.7,1.0,52.2,"Wapato, Yakima County",310131,Wapato,2020-12-15 19:06:44.106673
2008-11-01,03:15,40.3,40.3,100.0,0.0,0,SE,0.3,2.1,1.0,52.2,"Wapato, Yakima County",310131,Wapato,2020-12-15 19:06:44.106673
2008-11-01,03:30,42.0,42.0,100.0,0.0,0,NW,2.3,4.6,1.0,52.1,"Wapato, Yakima County",310131,Wapato,2020-12-15 19:06:44.106673
2008-11-01,03:45,43.8,42.8,96.2,0.0,0,SE,0.8,3.1,1.0,52.1,"Wapato, Yakima County",310131,Wapato,2020-12-15 19:06:44.106673
2008-11-01,04:00,40.8,40.7,99.5,0.0,0,N ,0.0,0.0,1.0,52.0,"Wapato, Yakima County",310131,Wapato,2020-12-15 19:06:44.106673
2008-11-01,04:15,41.3,41.3,100.0,0.0,0,S,0.5,3.1,1.0,52.0,"Wapato, Yakima County",310131,Wapato,2020-12-15 19:06:44.106673
2008-11-01,04:30,45.0,44.3,97.4,0.0,0,SE,3.8,6.0,1.0,51.9,"Wapato, Yakima County",310131,Wapato,2020-12-15 19:06:44.106673
2008-11-01,04:45,45.5,44.0,94.4,0.0,0,W,2.2,4.6,1.0,51.9,"Wapato, Yakima County",310131,Wapato,2020-12-15 19:06:44.106673
2008-11-01,05:00,43.0,42.2,96.7,0.0,0,W,0.5,2.4,1.0,51.8,"Wapato, Yakima County",310131,Wapato,2020-12-15 19:06:44.106673
2008-11-01,05:15,42.2,42.2,99.9,0.0,0,W,1.6,3.5,1.0,51.8,"Wapato, Yakima County",310131,Wapato,2020-12-15 19:06:44.106673
2008-11-01,05:30,41.9,41.9,99.9,0.0,0,S,0.8,2.1,1.0,51.7,"Wapato, Yakima County",310131,Wapato,2020-12-15 19:06:44.106673
2008-11-01,05:45,41.3,41.3,100.0,0.0,0,SW,1.3,3.5,1.0,51.7,"Wapato, Yakima County",310131,Wapato,2020-12-15 19:06:44.106673
2008-11-01,06:00,41.6,41.6,100.0,0.0,0,W,0.9,3.5,1.0,51.6,"Wapato, Yakima County",310131,Wapato,2020-12-15 19:06:44.106673
2008-11-01,06:15,46.6,45.6,96.5,0.0,0,NW,2.7,4.6,1.0,51.6,"Wapato, Yakima County",310131,Wapato,2020-12-15 19:06:44.106673
2008-11-01,06:30,49.3,46.0,88.2,0.0,0,SE,2.5,5.3,0.95,51.5,"Wapato, Yakima County",310131,Wapato,2020-12-15 19:06:44.106673
2008-11-01,06:45,47.3,44.1,88.4,0.0,0,E,0.8,3.1,0.93,51.5,"Wapato, Yakima County",310131,Wapato,2020-12-15 19:06:44.106673
2008-11-01,07:00,44.5,43.3,95.8,0.0,3,SE,0.5,2.4,0.92,51.4,"Wapato, Yakima County",310131,Wapato,2020-12-15 19:06:44.106673
2008-11-01,07:15,44.5,44.0,98.3,0.0,8,SE,0.3,2.1,0.9,51.4,"Wapato, Yakima County",310131,Wapato,2020-12-15 19:06:44.106673
2008-11-01,07:30,44.6,44.5,99.5,0.0,12,SE,1.1,2.8,0.87,51.3,"Wapato, Yakima County",310131,Wapato,2020-12-15 19:06:44.106673
2008-11-01,07:45,45.2,45.2,100.0,0.0,16,N ,0.0,0.0,0.83,51.3,"Wapato, Yakima County",310131,Wapato,2020-12-15 19:06:44.106673
2008-11-01,08:00,45.6,45.6,99.9,0.0,11,S,0.0,1.4,0.82,51.2,"Wapato, Yakima County",310131,Wapato,2020-12-15 19:06:44.106673
2008-11-01,08:15,46.0,46.0,99.9,0.0,21,S,0.0,1.4,0.82,51.2,"Wapato, Yakima County",310131,Wapato,2020-12-15 19:06:44.106673
2008-11-01,08:30,46.6,46.6,100.0,0.0,38,N ,0.0,0.0,0.79,51.1,"Wapato, Yakima County",310131,Wapato,2020-12-15 19:06:44.106673
2008-11-01,08:45,47.4,47.4,100.0,0.0,33,N ,0.0,0.0,0.81,51.1,"Wapato, Yakima County",310131,Wapato,2020-12-15 19:06:44.106673
2008-11-01,09:00,48.2,47.6,98.0,0.0,83,E,1.9,4.6,0.71,51.1,"Wapato, Yakima County",310131,Wapato,2020-12-15 19:06:44.106673
2008-11-01,09:15,49.1,47.9,95.5,0.0,123,E,2.7,4.6,0.32,51.0,"Wapato, Yakima County",310131,Wapato,2020-12-15 19:06:44.106673
2008-11-01,09:30,48.8,47.7,95.8,0.0,156,E,2.9,4.9,0.04,51.0,"Wapato, Yakima County",310131,Wapato,2020-12-15 19:06:44.106673
2008-11-01,09:45,49.2,48.0,95.4,0.0,138,E,2.8,4.2,0.02,51.0,"Wapato, Yakima County",310131,Wapato,2020-12-15 19:06:44.106673
2008-11-01,10:00,49.6,47.9,93.6,0.0,129,SE,1.6,3.9,0.01,50.9,"Wapato, Yakima County",310131,Wapato,2020-12-15 19:06:44.106673
2008-11-01,10:15,50.6,48.0,90.7,0.0,214,SE,2.6,4.6,0.01,50.9,"Wapato, Yakima County",310131,Wapato,2020-12-15 19:06:44.106673
2008-11-01,10:30,51.1,48.2,89.6,0.0,145,E,2.4,3.9,0.0,50.9,"Wapato, Yakima County",310131,Wapato,2020-12-15 19:06:44.106673
2008-11-01,10:45,51.7,48.8,89.7,0.0,178,SE,2.9,4.2,0.22,50.9,"Wapato, Yakima County",310131,Wapato,2020-12-15 19:06:44.106673
2008-11-01,11:00,52.2,48.7,87.8,0.0,189,SE,2.4,3.5,0.1,50.8,"Wapato, Yakima County",310131,Wapato,2020-12-15 19:06:44.106673
2008-11-01,11:15,52.6,48.9,87.0,0.0,158,E,2.7,3.9,0.0,50.8,"Wapato, Yakima County",310131,Wapato,2020-12-15 19:06:44.106673
2008-11-01,11:30,53.0,49.1,86.4,0.0,141,SE,1.9,3.9,0.03,50.8,"Wapato, Yakima County",310131,Wapato,2020-12-15 19:06:44.106673
2008-11-01,11:45,53.2,49.0,85.6,0.0,137,S,2.8,4.2,0.16,50.8,"Wapato, Yakima County",310131,Wapato,2020-12-15 19:06:44.106673
2008-11-01,12:00,53.2,49.2,86.1,0.0,139,S,1.6,3.1,0.88,50.8,"Wapato, Yakima County",310131,Wapato,2020-12-15 19:06:44.106673
2008-11-01,12:15,53.3,49.9,88.2,0.0,123,S,2.4,4.2,0.96,50.8,"Wapato, Yakima County",310131,Wapato,2020-12-15 19:06:44.106673
2008-11-01,12:30,53.3,49.9,88.0,0.0,120,SW,2.7,4.2,1.0,50.8,"Wapato, Yakima County",310131,Wapato,2020-12-15 19:06:44.106673
2008-11-01,12:45,53.4,50.3,89.1,0.0,125,SW,3.1,4.2,1.0,50.9,"Wapato, Yakima County",310131,Wapato,2020-12-15 19:06:44.106673
2008-11-01,13:00,53.2,50.6,90.9,0.0,123,SW,3.7,4.9,1.0,50.9,"Wapato, Yakima County",310131,Wapato,2020-12-15 19:06:44.106673
2008-11-01,13:15,53.0,50.3,90.5,0.0,87,W,3.8,5.7,1.0,50.9,"Wapato, Yakima County",310131,Wapato,2020-12-15 19:06:44.106673
2008-11-01,13:30,53.0,50.8,92.0,0.0,87,W,3.6,5.3,1.0,50.9,"Wapato, Yakima County",310131,Wapato,2020-12-15 19:06:44.106673
2008-11-01,13:45,52.9,51.4,94.4,0.01,73,W,3.5,4.9,1.0,51.0,"Wapato, Yakima County",310131,Wapato,2020-12-15 19:06:44.106673
2008-11-01,14:00,52.7,51.6,95.7,0.0,90,W,3.7,5.7,1.0,51.0,"Wapato, Yakima County",310131,Wapato,2020-12-15 19:06:44.106673
2008-11-01,14:15,52.7,51.6,96.3,0.01,82,W,3.9,5.7,1.0,51.0,"Wapato, Yakima County",310131,Wapato,2020-12-15 19:06:44.106673
2008-11-01,14:30,52.6,52.0,97.8,0.0,89,W,2.1,4.6,1.0,51.1,"Wapato, Yakima County",310131,Wapato,2020-12-15 19:06:44.106673
2008-11-01,14:45,52.9,52.6,98.7,0.0,126,W,4.0,6.7,1.0,51.1,"Wapato, Yakima County",310131,Wapato,2020-12-15 19:06:44.106673
2008-11-01,15:00,53.0,52.0,96.4,0.0,87,W,3.8,6.0,1.0,51.2,"Wapato, Yakima County",310131,Wapato,2020-12-15 19:06:44.106673
2008-11-01,15:15,53.0,52.1,96.7,0.0,63,W,3.4,5.3,1.0,51.2,"Wapato, Yakima County",310131,Wapato,2020-12-15 19:06:44.106673
2008-11-01,15:30,52.8,52.1,97.4,0.0,51,SW,1.2,4.2,1.0,51.3,"Wapato, Yakima County",310131,Wapato,2020-12-15 19:06:44.106673
2008-11-01,15:45,52.6,52.1,98.1,0.0,44,SW,0.0,1.4,1.0,51.3,"Wapato, Yakima County",310131,Wapato,2020-12-15 19:06:44.106673
2008-11-01,16:00,52.5,52.4,99.5,0.0,38,N ,0.0,0.0,1.0,51.3,"Wapato, Yakima County",310131,Wapato,2020-12-15 19:06:44.106673
2008-11-01,16:15,52.3,52.2,99.8,0.0,20,N ,0.0,0.0,1.0,51.4,"Wapato, Yakima County",310131,Wapato,2020-12-15 19:06:44.106673
2008-11-01,16:30,52.1,52.2,100.0,0.0,9,N ,0.0,0.0,1.0,51.4,"Wapato, Yakima County",310131,Wapato,2020-12-15 19:06:44.106673
2008-11-01,16:45,51.7,51.7,100.0,0.0,2,SE,0.0,1.4,1.0,51.5,"Wapato, Yakima County",310131,Wapato,2020-12-15 19:06:44.106673
2008-11-01,17:00,51.1,51.1,100.0,0.0,0,N ,0.0,0.0,1.0,51.5,"Wapato, Yakima County",310131,Wapato,2020-12-15 19:06:44.106673
2008-11-01,17:15,50.7,50.7,100.0,0.0,0,N ,0.0,0.0,1.0,51.5,"Wapato, Yakima County",310131,Wapato,2020-12-15 19:06:44.106673
2008-11-01,17:30,50.0,50.0,100.0,0.0,0,N ,0.0,0.0,1.0,51.6,"Wapato, Yakima County",310131,Wapato,2020-12-15 19:06:44.106673
2008-11-01,17:45,49.1,49.1,100.0,0.0,0,W,0.3,2.1,1.0,51.6,"Wapato, Yakima County",310131,Wapato,2020-12-15 19:06:44.106673
2008-11-01,18:00,48.7,48.7,100.0,0.0,0,SW,0.6,2.1,1.0,51.6,"Wapato, Yakima County",310131,Wapato,2020-12-15 19:06:44.106673
2008-11-01,18:15,48.7,48.7,100.0,0.0,0,N ,0.0,0.0,1.0,51.7,"Wapato, Yakima County",310131,Wapato,2020-12-15 19:06:44.106673
2008-11-01,18:30,48.9,48.9,100.0,0.0,0,S,0.3,2.4,1.0,51.7,"Wapato, Yakima County",310131,Wapato,2020-12-15 19:06:44.106673
2008-11-01,18:45,48.7,48.7,100.0,0.0,0,SE,0.0,1.4,1.0,51.7,"Wapato, Yakima County",310131,Wapato,2020-12-15 19:06:44.106673
2008-11-01,19:00,48.2,48.2,100.0,0.0,0,W,0.0,1.4,1.0,51.8,"Wapato, Yakima County",310131,Wapato,2020-12-15 19:06:44.106673
2008-11-01,19:15,47.9,47.9,100.0,0.0,0,N ,0.0,0.0,1.0,51.8,"Wapato, Yakima County",310131,Wapato,2020-12-15 19:06:44.106673
2008-11-01,19:30,47.3,47.3,100.0,0.0,0,S,0.0,1.4,1.0,51.8,"Wapato, Yakima County",310131,Wapato,2020-12-15 19:06:44.106673
2008-11-01,19:45,46.7,46.7,100.0,0.0,0,N ,0.0,0.0,1.0,51.8,"Wapato, Yakima County",310131,Wapato,2020-12-15 19:06:44.106673
2008-11-01,20:00,45.9,45.9,100.0,0.0,0,NW,1.1,3.1,1.0,51.8,"Wapato, Yakima County",310131,Wapato,2020-12-15 19:06:44.106673
2008-11-01,20:15,45.3,45.3,100.0,0.0,0,W,1.6,3.1,1.0,51.8,"Wapato, Yakima County",310131,Wapato,2020-12-15 19:06:44.106673
2008-11-01,20:30,45.6,45.6,100.0,0.0,0,W,0.7,2.4,1.0,51.8,"Wapato, Yakima County",310131,Wapato,2020-12-15 19:06:44.106673
2008-11-01,20:45,45.2,45.2,100.0,0.0,0,N ,0.0,0.0,1.0,51.9,"Wapato, Yakima County",310131,Wapato,2020-12-15 19:06:44.106673
2008-11-01,21:00,44.9,44.9,100.0,0.0,0,N ,0.0,0.0,1.0,51.9,"Wapato, Yakima County",310131,Wapato,2020-12-15 19:06:44.106673
2008-11-01,21:15,44.5,44.5,100.0,0.0,0,E,0.2,2.1,1.0,51.9,"Wapato, Yakima County",310131,Wapato,2020-12-15 19:06:44.106673
2008-11-01,21:30,44.3,44.3,100.0,0.0,0,E,0.5,3.5,1.0,51.9,"Wapato, Yakima County",310131,Wapato,2020-12-15 19:06:44.106673
2008-11-01,21:45,44.2,44.2,100.0,0.0,0,E,0.7,2.4,1.0,51.9,"Wapato, Yakima County",310131,Wapato,2020-12-15 19:06:44.106673
2008-11-01,22:00,43.9,43.9,100.0,0.0,0,S,1.6,3.9,1.0,51.8,"Wapato, Yakima County",310131,Wapato,2020-12-15 19:06:44.106673
2008-11-01,22:15,43.8,43.8,100.0,0.0,0,W,3.9,7.8,1.0,51.8,"Wapato, Yakima County",310131,Wapato,2020-12-15 19:06:44.106673
2008-11-01,22:30,47.0,47.0,100.0,0.01,0,S,2.9,8.5,1.0,51.8,"Wapato, Yakima County",310131,Wapato,2020-12-15 19:06:44.106673
2008-11-01,22:45,47.2,47.2,100.0,0.0,0,NE,0.7,2.1,1.0,51.8,"Wapato, Yakima County",310131,Wapato,2020-12-15 19:06:44.106673
2008-11-01,23:00,47.0,47.0,100.0,0.0,0,NE,1.0,2.8,1.0,51.8,"Wapato, Yakima County",310131,Wapato,2020-12-15 19:06:44.106673
2008-11-02,23:15,47.1,47.1,100.0,0.0,0,NE,2.2,5.3,1.0,51.8,"Wapato, Yakima County",310131,Wapato,2020-12-15 19:06:44.106673
2008-11-02,23:30,47.4,47.4,100.0,0.0,0,E,2.1,4.2,1.0,51.8,"Wapato, Yakima County",310131,Wapato,2020-12-15 19:06:44.106673
2008-11-02,23:45,47.4,47.4,100.0,0.01,0,S,1.5,4.2,1.0,51.7,"Wapato, Yakima County",310131,Wapato,2020-12-15 19:06:44.106673
2008-11-02,24:00,47.0,47.0,100.0,0.0,0,S,0.7,3.5,1.0,51.7,"Wapato, Yakima County",310131,Wapato,2020-12-15 19:06:44.106673
2008-11-02,00:15,46.8,46.8,100.0,0.0,0,SW,0.6,3.1,1.0,51.7,"Wapato, Yakima County",310131,Wapato,2020-12-15 19:06:44.106673
2008-11-02,00:30,46.1,46.1,100.0,0.0,0,SW,2.1,3.5,1.0,51.7,"Wapato, Yakima County",310131,Wapato,2020-12-15 19:06:44.106673
2008-11-02,00:45,45.0,45.0,100.0,0.0,0,SW,2.8,4.2,1.0,51.6,"Wapato, Yakima County",310131,Wapato,2020-12-15 19:06:44.106673
2008-11-02,01:00,45.2,45.2,100.0,0.0,0,W,1.1,3.1,1.0,51.6,"Wapato, Yakima County",310131,Wapato,2020-12-15 19:06:44.106673
2008-11-02,01:15,45.0,45.0,100.0,0.0,0,W,0.1,1.7,1.0,51.6,"Wapato, Yakima County",310131,Wapato,2020-12-15 19:06:44.106673
2008-11-02,01:30,44.9,44.9,100.0,0.0,0,NW,0.8,2.1,1.0,51.6,"Wapato, Yakima County",310131,Wapato,2020-12-15 19:06:44.106673
2008-11-02,01:45,44.0,44.0,100.0,0.0,0,SW,0.5,3.5,1.0,51.5,"Wapato, Yakima County",310131,Wapato,2020-12-15 19:06:44.106673
2008-11-02,02:00,43.9,43.9,100.0,0.0,0,S,0.4,2.8,1.0,51.5,"Wapato, Yakima County",310131,Wapato,2020-12-15 19:06:44.106673
2008-11-02,02:15,44.0,44.0,100.0,0.0,0,SE,1.2,2.8,1.0,51.5,"Wapato, Yakima County",310131,Wapato,2020-12-15 19:06:44.106673
2008-11-02,02:30,44.6,44.6,100.0,0.0,0,SE,1.7,3.1,1.0,51.5,"Wapato, Yakima County",310131,Wapato,2020-12-15 19:06:44.106673
2008-11-02,02:45,44.9,44.9,100.0,0.01,0,E,1.4,3.9,1.0,51.5,"Wapato, Yakima County",310131,Wapato,2020-12-15 19:06:44.106673
2008-11-02,03:00,45.0,45.0,100.0,0.0,0,E,3.4,5.3,1.0,51.4,"Wapato, Yakima County",310131,Wapato,2020-12-15 19:06:44.106673
2008-11-02,03:15,45.4,45.4,100.0,0.0,0,E,2.8,4.9,1.0,51.4,"Wapato, Yakima County",310131,Wapato,2020-12-15 19:06:44.106673
2008-11-02,03:30,45.7,45.7,100.0,0.0,0,E,2.3,4.6,1.0,51.4,"Wapato, Yakima County",310131,Wapato,2020-12-15 19:06:44.106673
2008-11-02,03:45,45.8,45.8,100.0,0.01,0,SE,1.4,3.1,1.0,51.4,"Wapato, Yakima County",310131,Wapato,2020-12-15 19:06:44.106673
2008-11-02,04:00,45.9,45.9,100.0,0.0,0,SE,2.0,3.9,1.0,51.3,"Wapato, Yakima County",310131,Wapato,2020-12-15 19:06:44.106673
2008-11-02,04:15,45.6,45.6,100.0,0.0,0,S,1.1,4.2,1.0,51.3,"Wapato, Yakima County",310131,Wapato,2020-12-15 19:06:44.106673
2008-11-02,04:30,45.3,45.3,100.0,0.0,0,SW,3.0,5.7,1.0,51.3,"Wapato, Yakima County",310131,Wapato,2020-12-15 19:06:44.106673
2008-11-02,04:45,44.7,44.7,100.0,0.0,0,SW,1.2,2.8,1.0,51.3,"Wapato, Yakima County",310131,Wapato,2020-12-15 19:06:44.106673
2008-11-02,05:00,43.7,43.7,100.0,0.0,0,W,0.8,3.1,1.0,51.3,"Wapato, Yakima County",310131,Wapato,2020-12-15 19:06:44.106673
2008-11-02,05:15,43.6,43.6,100.0,0.0,0,SW,0.4,2.1,1.0,51.2,"Wapato, Yakima County",310131,Wapato,2020-12-15 19:06:44.106673
2008-11-02,05:30,43.4,43.4,100.0,0.0,0,W,0.1,1.7,1.0,51.2,"Wapato, Yakima County",310131,Wapato,2020-12-15 19:06:44.106673
2008-11-02,05:45,43.8,43.8,100.0,0.0,0,W,0.2,2.1,1.0,51.2,"Wapato, Yakima County",310131,Wapato,2020-12-15 19:06:44.106673
2008-11-02,06:00,44.0,44.0,100.0,0.0,0,NW,0.6,3.5,1.0,51.2,"Wapato, Yakima County",310131,Wapato,2020-12-15 19:06:44.106673
2008-11-02,06:15,44.2,44.2,100.0,0.0,0,SW,0.1,1.7,1.0,51.1,"Wapato, Yakima County",310131,Wapato,2020-12-15 19:06:44.106673
2008-11-02,06:30,44.3,44.3,100.0,0.0,0,E,0.3,1.7,1.0,51.1,"Wapato, Yakima County",310131,Wapato,2020-12-15 19:06:44.106673
2008-11-02,06:45,44.5,44.5,100.0,0.0,1,NE,0.6,2.4,1.0,51.1,"Wapato, Yakima County",310131,Wapato,2020-12-15 19:06:44.106673
2008-11-02,07:00,45.3,45.3,100.0,0.0,4,E,1.8,3.1,1.0,51.1,"Wapato, Yakima County",310131,Wapato,2020-12-15 19:06:44.106673
2008-11-02,07:15,45.5,45.5,100.0,0.0,10,E,0.4,2.4,1.0,51.1,"Wapato, Yakima County",310131,Wapato,2020-12-15 19:06:44.106673
2008-11-02,07:30,45.6,45.6,100.0,0.0,21,S,1.0,2.8,1.0,51.0,"Wapato, Yakima County",310131,Wapato,2020-12-15 19:06:44.106673
2008-11-02,07:45,45.7,45.7,100.0,0.0,20,SW,0.3,2.4,1.0,51.0,"Wapato, Yakima County",310131,Wapato,2020-12-15 19:06:44.106673
2008-11-02,08:00,45.9,45.9,100.0,0.0,30,E,1.1,3.5,1.0,51.0,"Wapato, Yakima County",310131,Wapato,2020-12-15 19:06:44.106673
2008-11-02,08:15,46.0,46.0,100.0,0.0,68,S,0.7,2.8,1.0,51.0,"Wapato, Yakima County",310131,Wapato,2020-12-15 19:06:44.106673
2008-11-02,08:30,46.3,46.3,100.0,0.0,96,E,2.4,5.3,1.0,50.9,"Wapato, Yakima County",310131,Wapato,2020-12-15 19:06:44.106673
2008-11-02,08:45,46.3,46.3,100.0,0.0,76,SE,2.2,4.6,1.0,50.9,"Wapato, Yakima County",310131,Wapato,2020-12-15 19:06:44.106673
2008-11-02,09:00,46.4,46.4,100.0,0.0,89,SE,2.7,5.3,1.0,50.9,"Wapato, Yakima County",310131,Wapato,2020-12-15 19:06:44.106673
2008-11-02,09:15,46.4,46.4,100.0,0.0,169,SE,1.2,4.9,1.0,50.9,"Wapato, Yakima County",310131,Wapato,2020-12-15 19:06:44.106673
2008-11-02,09:30,47.5,47.5,100.0,0.0,284,SE,1.9,5.7,1.0,50.9,"Wapato, Yakima County",310131,Wapato,2020-12-15 19:06:44.106673
2008-11-02,09:45,48.8,48.8,100.0,0.0,197,SE,3.3,6.7,1.0,50.9,"Wapato, Yakima County",310131,Wapato,2020-12-15 19:06:44.106673
2008-11-02,10:00,50.2,50.2,100.0,0.0,176,S,1.7,4.6,1.0,50.8,"Wapato, Yakima County",310131,Wapato,2020-12-15 19:06:44.106673
2008-11-02,10:15,50.0,50.0,100.0,0.0,145,W,3.9,7.4,1.0,50.8,"Wapato, Yakima County",310131,Wapato,2020-12-15 19:06:44.106673
2008-11-02,10:30,49.1,49.1,100.0,0.0,182,SE,5.8,8.9,1.0,50.8,"Wapato, Yakima County",310131,Wapato,2020-12-15 19:06:44.106673
2008-11-02,10:45,49.7,49.7,100.0,0.0,187,NE,4.7,7.4,1.0,50.8,"Wapato, Yakima County",310131,Wapato,2020-12-15 19:06:44.106673
2008-11-02,11:00,50.8,50.8,100.0,0.0,202,NE,2.9,6.0,0.98,50.8,"Wapato, Yakima County",310131,Wapato,2020-12-15 19:06:44.106673
2008-11-02,11:15,51.4,50.9,98.0,0.0,157,W,1.1,4.2,0.89,50.8,"Wapato, Yakima County",310131,Wapato,2020-12-15 19:06:44.106673
2008-11-02,11:30,52.4,50.4,92.7,0.0,190,W,2.3,4.2,0.18,50.8,"Wapato, Yakima County",310131,Wapato,2020-12-15 19:06:44.106673
2008-11-02,11:45,53.4,50.0,88.1,0.0,187,NW,2.4,4.2,0.0,50.8,"Wapato, Yakima County",310131,Wapato,2020-12-15 19:06:44.106673
2008-11-02,12:00,53.9,49.5,84.8,0.0,192,W,2.7,4.2,0.0,50.8,"Wapato, Yakima County",310131,Wapato,2020-12-15 19:06:44.106673
2008-11-02,12:15,54.9,49.9,83.1,0.0,348,W,2.4,4.9,0.0,50.9,"Wapato, Yakima County",310131,Wapato,2020-12-15 19:06:44.106673
2008-11-02,12:30,56.4,50.0,79.1,0.0,421,W,2.7,10.7,0.0,50.9,"Wapato, Yakima County",310131,Wapato,2020-12-15 19:06:44.106673
2008-11-02,12:45,59.3,49.2,69.3,0.0,448,W,5.7,10.3,0.0,50.9,"Wapato, Yakima County",310131,Wapato,2020-12-15 19:06:44.106673
2008-11-02,13:00,60.0,48.0,64.3,0.0,302,SW,9.3,13.9,0.0,51.0,"Wapato, Yakima County",310131,Wapato,2020-12-15 19:06:44.106673
2008-11-02,13:15,60.7,47.0,60.4,0.0,407,SW,10.8,15.3,0.0,51.0,"Wapato, Yakima County",310131,Wapato,2020-12-15 19:06:44.106673
2008-11-02,13:30,61.2,46.5,58.4,0.0,402,SW,11.6,17.8,0.0,51.0,"Wapato, Yakima County",310131,Wapato,2020-12-15 19:06:44.106673
2008-11-02,13:45,59.7,44.7,57.6,0.0,189,SW,13.0,19.6,0.0,51.0,"Wapato, Yakima County",310131,Wapato,2020-12-15 19:06:44.106673
2008-11-02,14:00,59.2,44.2,57.4,0.0,278,SW,13.6,20.7,0.0,51.1,"Wapato, Yakima County",310131,Wapato,2020-12-15 19:06:44.106673
2008-11-02,14:15,58.5,43.7,57.8,0.0,162,SW,12.7,21.4,0.0,51.1,"Wapato, Yakima County",310131,Wapato,2020-12-15 19:06:44.106673
2008-11-02,14:30,57.2,42.5,57.7,0.0,109,SW,12.1,17.5,0.0,51.2,"Wapato, Yakima County",310131,Wapato,2020-12-15 19:06:44.106673
2008-11-02,14:45,57.0,43.0,59.5,0.0,112,SW,14.7,22.8,0.0,51.3,"Wapato, Yakima County",310131,Wapato,2020-12-15 19:06:44.106673
2008-11-02,15:00,57.0,43.9,61.4,0.0,143,SW,15.2,22.1,0.0,51.3,"Wapato, Yakima County",310131,Wapato,2020-12-15 19:06:44.106673
2008-11-02,15:15,56.8,44.1,62.4,0.0,113,SW,15.1,21.0,0.0,51.4,"Wapato, Yakima County",310131,Wapato,2020-12-15 19:06:44.106673
2008-11-02,15:30,56.0,43.9,63.7,0.0,73,SW,15.1,24.6,0.0,51.5,"Wapato, Yakima County",310131,Wapato,2020-12-15 19:06:44.106673
2008-11-02,15:45,55.4,44.0,65.2,0.0,105,SW,12.8,21.4,0.0,51.5,"Wapato, Yakima County",310131,Wapato,2020-12-15 19:06:44.106673
2008-11-02,16:00,54.8,43.6,65.9,0.0,43,SW,12.6,19.2,0.0,51.6,"Wapato, Yakima County",310131,Wapato,2020-12-15 19:06:44.106673
2008-11-02,16:15,54.1,43.0,66.2,0.0,21,SW,9.9,14.2,0.0,51.7,"Wapato, Yakima County",310131,Wapato,2020-12-15 19:06:44.106673
2008-11-02,16:30,53.3,42.6,67.0,0.0,10,SW,9.1,12.8,0.0,51.8,"Wapato, Yakima County",310131,Wapato,2020-12-15 19:06:44.106673
2008-11-02,16:45,52.8,42.2,67.1,0.0,3,SW,6.8,12.4,0.0,51.8,"Wapato, Yakima County",310131,Wapato,2020-12-15 19:06:44.106673
2008-11-02,17:00,52.5,41.6,66.3,0.0,1,SW,8.2,13.5,0.0,51.9,"Wapato, Yakima County",310131,Wapato,2020-12-15 19:06:44.106673
2008-11-02,17:15,52.2,40.5,64.0,0.0,0,SW,9.2,13.9,0.0,52.0,"Wapato, Yakima County",310131,Wapato,2020-12-15 19:06:44.106673
2008-11-02,17:30,51.9,39.9,63.3,0.0,0,SW,10.3,14.6,0.0,52.0,"Wapato, Yakima County",310131,Wapato,2020-12-15 19:06:44.106673
2008-11-02,17:45,51.5,39.3,63.0,0.0,0,W,7.7,11.7,0.0,52.1,"Wapato, Yakima County",310131,Wapato,2020-12-15 19:06:44.106673
2008-11-02,18:00,51.0,39.5,64.7,0.0,0,W,4.5,9.2,0.0,52.1,"Wapato, Yakima County",310131,Wapato,2020-12-15 19:06:44.106673
2008-11-02,18:15,51.4,39.2,62.7,0.0,0,W,5.2,8.2,0.0,52.2,"Wapato, Yakima County",310131,Wapato,2020-12-15 19:06:44.106673
2008-11-02,18:30,50.4,40.0,67.2,0.0,0,W,4.6,8.5,0.0,52.2,"Wapato, Yakima County",310131,Wapato,2020-12-15 19:06:44.106673
2008-11-02,18:45,50.5,39.8,66.6,0.0,0,W,5.8,9.9,0.0,52.2,"Wapato, Yakima County",310131,Wapato,2020-12-15 19:06:44.106673
2008-11-02,19:00,50.5,39.4,65.5,0.0,0,W,5.0,9.9,0.0,52.3,"Wapato, Yakima County",310131,Wapato,2020-12-15 19:06:44.106673
2008-11-02,19:15,49.9,39.4,66.8,0.0,0,W,5.8,9.2,0.0,52.3,"Wapato, Yakima County",310131,Wapato,2020-12-15 19:06:44.106673
2008-11-02,19:30,48.9,39.8,70.6,0.0,0,W,3.8,6.4,0.0,52.3,"Wapato, Yakima County",310131,Wapato,2020-12-15 19:06:44.106673
2008-11-02,19:45,48.3,39.5,71.6,0.0,0,NW,3.5,6.0,0.0,52.3,"Wapato, Yakima County",310131,Wapato,2020-12-15 19:06:44.106673
2008-11-02,20:00,48.4,39.5,71.0,0.0,0,W,4.4,8.2,0.0,52.3,"Wapato, Yakima County",310131,Wapato,2020-12-15 19:06:44.106673
2008-11-02,20:15,48.3,39.6,71.8,0.0,0,W,4.1,8.5,0.0,52.3,"Wapato, Yakima County",310131,Wapato,2020-12-15 19:06:44.106673
2008-11-02,20:30,48.1,39.7,72.4,0.0,0,W,4.3,8.5,0.0,52.3,"Wapato, Yakima County",310131,Wapato,2020-12-15 19:06:44.106673
2008-11-02,20:45,47.8,39.5,72.8,0.0,0,NW,4.1,6.4,0.0,52.3,"Wapato, Yakima County",310131,Wapato,2020-12-15 19:06:44.106673
2008-11-02,21:00,47.2,39.4,74.0,0.0,0,W,4.0,6.7,0.0,52.3,"Wapato, Yakima County",310131,Wapato,2020-12-15 19:06:44.106673
2008-11-02,21:15,46.2,39.0,75.7,0.0,0,SW,4.3,5.7,0.0,52.3,"Wapato, Yakima County",310131,Wapato,2020-12-15 19:06:44.106673
2008-11-02,21:30,45.9,39.0,76.6,0.0,0,W,4.1,8.9,0.0,52.3,"Wapato, Yakima County",310131,Wapato,2020-12-15 19:06:44.106673
2008-11-02,21:45,45.3,39.0,78.2,0.0,0,SW,2.8,4.6,0.0,52.2,"Wapato, Yakima County",310131,Wapato,2020-12-15 19:06:44.106673
2008-11-02,22:00,43.8,38.4,81.1,0.0,0,E,2.3,3.5,0.01,52.2,"Wapato, Yakima County",310131,Wapato,2020-12-15 19:06:44.106673
2008-11-02,22:15,42.4,37.8,83.6,0.0,0,W,0.4,2.1,0.02,52.2,"Wapato, Yakima County",310131,Wapato,2020-12-15 19:06:44.106673
2008-11-02,22:30,42.4,38.1,84.4,0.0,0,SW,2.6,6.0,0.04,52.2,"Wapato, Yakima County",310131,Wapato,2020-12-15 19:06:44.106673
2008-11-02,22:45,43.8,38.2,80.7,0.0,0,W,3.1,4.6,0.01,52.1,"Wapato, Yakima County",310131,Wapato,2020-12-15 19:06:44.106673
2008-11-02,23:00,42.6,38.0,83.4,0.0,0,W,3.4,5.3,0.01,52.1,"Wapato, Yakima County",310131,Wapato,2020-12-15 19:06:44.106673
2008-11-02,23:15,41.9,37.7,84.7,0.0,0,S,2.8,4.9,0.02,52.1,"Wapato, Yakima County",310131,Wapato,2020-12-15 19:06:44.106673
2008-11-02,23:30,40.6,37.5,88.6,0.0,0,NE,3.1,4.2,0.04,52.0,"Wapato, Yakima County",310131,Wapato,2020-12-15 19:06:44.106673
2008-11-02,23:45,40.3,37.2,88.5,0.0,0,E,1.9,3.9,0.06,52.0,"Wapato, Yakima County",310131,Wapato,2020-12-15 19:06:44.106673
2008-11-02,24:00,38.7,36.3,90.8,0.0,0,NE,0.8,2.8,0.18,52.0,"Wapato, Yakima County",310131,Wapato,2020-12-15 19:06:44.106673
2008-11-03,00:15,38.1,36.4,93.4,0.0,0,SE,2.5,3.9,0.3,51.9,"Wapato, Yakima County",310131,Wapato,2020-12-15 19:06:44.106673
2008-11-03,00:30,36.8,35.2,94.2,0.0,0,E,2.4,3.1,0.37,51.9,"Wapato, Yakima County",310131,Wapato,2020-12-15 19:06:44.106673
2008-11-03,00:45,35.7,34.8,96.4,0.0,0,E,1.5,3.1,0.5,51.8,"Wapato, Yakima County",310131,Wapato,2020-12-15 19:06:44.106673
2008-11-03,01:00,35.4,34.6,97.1,0.0,0,E,0.3,2.8,0.6,51.8,"Wapato, Yakima County",310131,Wapato,2020-12-15 19:06:44.106673
2008-11-03,01:15,34.9,34.4,98.3,0.0,0,SE,0.6,3.5,0.66,51.7,"Wapato, Yakima County",310131,Wapato,2020-12-15 19:06:44.106673
2008-11-03,01:30,35.1,35.0,99.5,0.0,0,E,2.3,4.6,0.71,51.7,"Wapato, Yakima County",310131,Wapato,2020-12-15 19:06:44.106673
2008-11-03,01:45,35.6,35.5,99.5,0.0,0,NE,2.4,4.2,0.72,51.6,"Wapato, Yakima County",310131,Wapato,2020-12-15 19:06:44.106673
2008-11-03,02:00,36.9,36.6,98.8,0.0,0,E,2.0,4.2,0.69,51.5,"Wapato, Yakima County",310131,Wapato,2020-12-15 19:06:44.106673
2008-11-03,02:15,37.5,36.8,97.2,0.0,0,S,2.5,4.2,0.54,51.5,"Wapato, Yakima County",310131,Wapato,2020-12-15 19:06:44.106673
2008-11-03,02:30,37.7,37.3,98.3,0.0,0,SE,1.9,4.2,0.38,51.4,"Wapato, Yakima County",310131,Wapato,2020-12-15 19:06:44.106673
2008-11-03,02:45,39.4,37.8,94.0,0.0,0,E,2.1,4.2,0.14,51.3,"Wapato, Yakima County",310131,Wapato,2020-12-15 19:06:44.106673
2008-11-03,03:00,40.4,37.8,90.6,0.0,0,E,2.5,4.9,0.05,51.3,"Wapato, Yakima County",310131,Wapato,2020-12-15 19:06:44.106673
2008-11-03,03:15,40.5,37.9,90.4,0.0,0,SE,3.1,8.5,0.05,51.2,"Wapato, Yakima County",310131,Wapato,2020-12-15 19:06:44.106673
2008-11-03,03:30,41.9,38.2,86.6,0.0,0,SE,3.3,5.3,0.01,51.1,"Wapato, Yakima County",310131,Wapato,2020-12-15 19:06:44.106673
2008-11-03,03:45,41.5,38.1,87.6,0.0,0,E,1.4,5.3,0.01,51.1,"Wapato, Yakima County",310131,Wapato,2020-12-15 19:06:44.106673
2008-11-03,04:00,41.3,38.2,88.8,0.0,0,SE,0.5,2.8,0.02,51.0,"Wapato, Yakima County",310131,Wapato,2020-12-15 19:06:44.106673
2008-11-03,04:15,41.3,38.4,89.3,0.0,0,SE,2.0,3.1,0.02,50.9,"Wapato, Yakima County",310131,Wapato,2020-12-15 19:06:44.106673
2008-11-03,04:30,41.3,38.6,90.2,0.0,0,E,2.6,4.2,0.02,50.9,"Wapato, Yakima County",310131,Wapato,2020-12-15 19:06:44.106673
2008-11-03,04:45,41.3,38.8,90.7,0.0,0,SE,2.3,3.1,0.02,50.8,"Wapato, Yakima County",310131,Wapato,2020-12-15 19:06:44.106673
2008-11-03,05:00,41.8,39.1,89.8,0.0,0,S,1.0,3.5,0.02,50.7,"Wapato, Yakima County",310131,Wapato,2020-12-15 19:06:44.106673
2008-11-03,05:15,42.2,39.3,89.5,0.0,0,W,0.9,2.4,0.01,50.7,"Wapato, Yakima County",310131,Wapato,2020-12-15 19:06:44.106673
2008-11-03,05:30,42.0,39.8,91.6,0.0,0,W,1.3,3.1,0.36,50.6,"Wapato, Yakima County",310131,Wapato,2020-12-15 19:06:44.106673
2008-11-03,05:45,42.2,40.3,93.0,0.0,0,W,0.7,2.8,0.83,50.5,"Wapato, Yakima County",310131,Wapato,2020-12-15 19:06:44.106673
2008-11-03,06:00,42.6,40.6,92.4,0.0,0,SW,1.3,3.1,1.0,50.5,"Wapato, Yakima County",310131,Wapato,2020-12-15 19:06:44.106673
2008-11-03,06:15,42.6,41.1,94.3,0.0,0,E,1.3,3.1,1.0,50.4,"Wapato, Yakima County",310131,Wapato,2020-12-15 19:06:44.106673
2008-11-03,06:30,42.6,41.2,94.7,0.01,0,NE,2.1,3.5,1.0,50.4,"Wapato, Yakima County",310131,Wapato,2020-12-15 19:06:44.106673
2008-11-03,06:45,42.6,41.5,96.1,0.0,0,NE,2.7,4.2,1.0,50.3,"Wapato, Yakima County",310131,Wapato,2020-12-15 19:06:44.106673
2008-11-03,07:00,42.3,41.6,97.4,0.0,1,NE,2.0,3.9,1.0,50.3,"Wapato, Yakima County",310131,Wapato,2020-12-15 19:06:44.106673
2008-11-03,07:15,42.1,41.7,98.3,0.0,5,NE,3.8,6.0,1.0,50.2,"Wapato, Yakima County",310131,Wapato,2020-12-15 19:06:44.106673
2008-11-03,07:30,42.0,41.8,99.1,0.0,8,NE,3.3,5.3,1.0,50.2,"Wapato, Yakima County",310131,Wapato,2020-12-15 19:06:44.106673
2008-11-03,07:45,41.9,41.9,100.0,0.0,16,NE,3.4,4.9,1.0,50.1,"Wapato, Yakima County",310131,Wapato,2020-12-15 19:06:44.106673
2008-11-03,08:00,41.9,41.9,100.0,0.01,33,NE,3.0,5.3,1.0,50.1,"Wapato, Yakima County",310131,Wapato,2020-12-15 19:06:44.106673
2008-11-03,08:15,42.1,42.1,100.0,0.0,61,NE,3.5,4.9,1.0,50.0,"Wapato, Yakima County",310131,Wapato,2020-12-15 19:06:44.106673
2008-11-03,08:30,42.3,42.3,100.0,0.0,71,NE,2.7,4.6,1.0,50.0,"Wapato, Yakima County",310131,Wapato,2020-12-15 19:06:44.106673
2008-11-03,08:45,42.7,42.7,100.0,0.0,88,NE,1.3,3.1,1.0,50.0,"Wapato, Yakima County",310131,Wapato,2020-12-15 19:06:44.106673
2008-11-03,09:00,43.1,43.0,99.5,0.0,108,E,2.1,4.2,1.0,49.9,"Wapato, Yakima County",310131,Wapato,2020-12-15 19:06:44.106673
2008-11-03,09:15,43.5,43.1,98.7,0.0,106,SW,0.4,3.9,1.0,49.9,"Wapato, Yakima County",310131,Wapato,2020-12-15 19:06:44.106673
2008-11-03,09:30,43.9,43.2,97.3,0.0,156,SW,0.4,3.1,1.0,49.9,"Wapato, Yakima County",310131,Wapato,2020-12-15 19:06:44.106673
2008-11-03,09:45,44.9,43.2,93.6,0.0,297,E,0.5,3.1,1.0,49.8,"Wapato, Yakima County",310131,Wapato,2020-12-15 19:06:44.106673
2008-11-03,10:00,46.6,43.7,89.4,0.0,409,E,1.5,3.9,1.0,49.8,"Wapato, Yakima County",310131,Wapato,2020-12-15 19:06:44.106673
2008-11-03,10:15,47.8,44.2,87.2,0.0,433,E,2.2,3.9,0.98,49.8,"Wapato, Yakima County",310131,Wapato,2020-12-15 19:06:44.106673
2008-11-03,10:30,48.5,44.0,84.3,0.0,253,E,3.2,5.7,0.93,49.8,"Wapato, Yakima County",310131,Wapato,2020-12-15 19:06:44.106673
2008-11-03,10:45,48.3,43.7,84.2,0.0,329,SE,3.3,5.7,0.76,49.8,"Wapato, Yakima County",310131,Wapato,2020-12-15 19:06:44.106673
2008-11-03,11:00,48.3,43.9,84.4,0.0,218,E,3.3,6.4,0.07,49.7,"Wapato, Yakima County",310131,Wapato,2020-12-15 19:06:44.106673
2008-11-03,11:15,48.4,43.8,83.9,0.0,215,SE,1.5,4.2,0.0,49.7,"Wapato, Yakima County",310131,Wapato,2020-12-15 19:06:44.106673
2008-11-03,11:30,49.0,44.0,82.8,0.0,260,SW,1.1,2.8,0.0,49.7,"Wapato, Yakima County",310131,Wapato,2020-12-15 19:06:44.106673
2008-11-03,11:45,49.6,43.9,80.7,0.0,255,SW,1.4,2.8,0.0,49.7,"Wapato, Yakima County",310131,Wapato,2020-12-15 19:06:44.106673
2008-11-03,12:00,50.1,44.0,79.5,0.0,244,S,1.8,4.6,0.0,49.7,"Wapato, Yakima County",310131,Wapato,2020-12-15 19:06:44.106673
2008-11-03,12:15,50.7,43.4,76.1,0.0,289,SE,3.1,5.7,0.0,49.8,"Wapato, Yakima County",310131,Wapato,2020-12-15 19:06:44.106673
2008-11-03,12:30,51.3,44.1,76.3,0.0,298,NE,3.4,6.0,0.0,49.8,"Wapato, Yakima County",310131,Wapato,2020-12-15 19:06:44.106673
2008-11-03,12:45,51.4,44.0,75.5,0.0,207,E,3.6,6.0,0.0,49.8,"Wapato, Yakima County",310131,Wapato,2020-12-15 19:06:44.106673
2008-11-03,13:00,51.5,43.6,74.2,0.0,199,E,3.6,6.0,0.0,49.8,"Wapato, Yakima County",310131,Wapato,2020-12-15 19:06:44.106673
2008-11-03,13:15,51.5,43.6,74.4,0.0,127,NE,3.8,6.4,0.0,49.9,"Wapato, Yakima County",310131,Wapato,2020-12-15 19:06:44.106673
2008-11-03,13:30,51.5,44.3,76.3,0.0,135,NE,3.5,5.7,0.0,49.9,"Wapato, Yakima County",310131,Wapato,2020-12-15 19:06:44.106673
2008-11-03,13:45,51.8,44.8,77.0,0.0,175,NE,3.6,6.4,0.0,50.0,"Wapato, Yakima County",310131,Wapato,2020-12-15 19:06:44.106673
2008-11-03,14:00,52.2,45.0,76.5,0.0,195,E,2.8,6.0,0.0,50.0,"Wapato, Yakima County",310131,Wapato,2020-12-15 19:06:44.106673
2008-11-03,14:15,52.6,44.8,74.7,0.0,158,SE,1.5,4.6,0.0,50.1,"Wapato, Yakima County",310131,Wapato,2020-12-15 19:06:44.106673
2008-11-03,14:30,52.5,44.4,73.7,0.0,132,S,2.7,4.6,0.0,50.2,"Wapato, Yakima County",310131,Wapato,2020-12-15 19:06:44.106673
2008-11-03,14:45,52.4,44.4,73.9,0.0,109,S,2.8,4.6,0.0,50.2,"Wapato, Yakima County",310131,Wapato,2020-12-15 19:06:44.106673
2008-11-03,15:00,52.2,44.1,73.9,0.0,97,SW,3.1,4.6,0.0,50.3,"Wapato, Yakima County",310131,Wapato,2020-12-15 19:06:44.106673
2008-11-03,15:15,51.9,44.3,75.1,0.0,86,SW,2.7,4.2,0.0,50.4,"Wapato, Yakima County",310131,Wapato,2020-12-15 19:06:44.106673
2008-11-03,15:30,51.7,44.3,75.6,0.0,61,SW,2.5,3.5,0.0,50.4,"Wapato, Yakima County",310131,Wapato,2020-12-15 19:06:44.106673
2008-11-03,15:45,51.5,44.8,77.7,0.0,43,SW,2.7,3.9,0.0,50.5,"Wapato, Yakima County",310131,Wapato,2020-12-15 19:06:44.106673
2008-11-03,16:00,51.1,45.1,79.5,0.0,28,W,2.3,3.9,0.0,50.6,"Wapato, Yakima County",310131,Wapato,2020-12-15 19:06:44.106673
2008-11-03,16:15,50.7,45.6,82.3,0.0,19,W,2.9,4.2,0.0,50.6,"Wapato, Yakima County",310131,Wapato,2020-12-15 19:06:44.106673
2008-11-03,16:30,50.2,45.4,83.6,0.0,11,W,3.1,4.6,0.0,50.7,"Wapato, Yakima County",310131,Wapato,2020-12-15 19:06:44.106673
2008-11-03,16:45,49.7,45.4,84.9,0.0,3,W,2.4,3.9,0.0,50.8,"Wapato, Yakima County",310131,Wapato,2020-12-15 19:06:44.106673
2008-11-03,17:00,49.2,45.2,85.9,0.0,0,W,3.1,4.6,0.01,50.8,"Wapato, Yakima County",310131,Wapato,2020-12-15 19:06:44.106673
2008-11-03,17:15,48.9,45.1,86.5,0.0,0,W,2.9,5.3,0.01,50.9,"Wapato, Yakima County",310131,Wapato,2020-12-15 19:06:44.106673
2008-11-03,17:30,48.5,45.2,88.2,0.0,0,SW,2.9,4.2,0.02,51.0,"Wapato, Yakima County",310131,Wapato,2020-12-15 19:06:44.106673
2008-11-03,17:45,48.0,45.5,90.8,0.0,0,SW,4.1,6.4,0.04,51.0,"Wapato, Yakima County",310131,Wapato,2020-12-15 19:06:44.106673
2008-11-03,18:00,47.8,45.7,92.3,0.0,0,SW,4.8,6.7,0.03,51.1,"Wapato, Yakima County",310131,Wapato,2020-12-15 19:06:44.106673
2008-11-03,18:15,47.6,45.9,93.7,0.0,0,W,4.3,7.1,0.24,51.1,"Wapato, Yakima County",310131,Wapato,2020-12-15 19:06:44.106673
2008-11-03,18:30,47.4,46.1,95.0,0.0,0,W,2.8,4.2,0.37,51.1,"Wapato, Yakima County",310131,Wapato,2020-12-15 19:06:44.106673
2008-11-03,18:45,47.3,46.2,96.1,0.0,0,W,3.3,5.3,0.4,51.2,"Wapato, Yakima County",310131,Wapato,2020-12-15 19:06:44.106673
2008-11-03,19:00,47.1,46.5,97.6,0.0,0,W,2.9,4.6,0.73,51.2,"Wapato, Yakima County",310131,Wapato,2020-12-15 19:06:44.106673
2008-11-03,19:15,46.8,46.7,99.2,0.0,0,W,2.9,4.9,0.95,51.2,"Wapato, Yakima County",310131,Wapato,2020-12-15 19:06:44.106673
2008-11-03,19:30,46.6,46.6,100.0,0.0,0,W,1.8,3.5,1.0,51.3,"Wapato, Yakima County",310131,Wapato,2020-12-15 19:06:44.106673
2008-11-03,19:45,46.8,46.4,98.4,0.0,0,NW,2.0,3.9,1.0,51.3,"Wapato, Yakima County",310131,Wapato,2020-12-15 19:06:44.106673
2008-11-03,20:00,47.3,45.9,95.0,0.0,0,W,0.6,3.1,1.0,51.3,"Wapato, Yakima County",310131,Wapato,2020-12-15 19:06:44.106673
2008-11-03,20:15,47.0,45.8,95.5,0.0,0,W,1.7,5.3,1.0,51.3,"Wapato, Yakima County",310131,Wapato,2020-12-15 19:06:44.106673
2008-11-03,20:30,47.9,45.2,90.2,0.0,0,W,3.2,6.0,1.0,51.3,"Wapato, Yakima County",310131,Wapato,2020-12-15 19:06:44.106673
2008-11-03,20:45,47.4,45.7,93.5,0.0,0,SW,1.6,4.9,1.0,51.3,"Wapato, Yakima County",310131,Wapato,2020-12-15 19:06:44.106673
2008-11-03,21:00,46.9,45.8,95.7,0.0,0,SW,2.0,3.5,1.0,51.3,"Wapato, Yakima County",310131,Wapato,2020-12-15 19:06:44.106673
2008-11-03,21:15,46.8,46.0,97.0,0.0,0,SW,0.7,2.1,1.0,51.3,"Wapato, Yakima County",310131,Wapato,2020-12-15 19:06:44.106673
2008-11-03,21:30,46.5,46.1,98.6,0.01,0,SE,1.3,3.1,1.0,51.3,"Wapato, Yakima County",310131,Wapato,2020-12-15 19:06:44.106673
2008-11-03,21:45,46.3,46.3,99.9,0.0,0,S,3.1,4.9,1.0,51.3,"Wapato, Yakima County",310131,Wapato,2020-12-15 19:06:44.106673
2008-11-03,22:00,46.0,46.0,100.0,0.01,0,S,1.6,4.2,1.0,51.3,"Wapato, Yakima County",310131,Wapato,2020-12-15 19:06:44.106673
2008-11-03,22:15,46.0,46.0,100.0,0.02,0,W,1.2,3.1,1.0,51.3,"Wapato, Yakima County",310131,Wapato,2020-12-15 19:06:44.106673
2008-11-03,22:30,45.9,45.9,100.0,0.01,0,S,0.5,2.1,1.0,51.3,"Wapato, Yakima County",310131,Wapato,2020-12-15 19:06:44.106673
2008-11-03,22:45,45.8,45.8,100.0,0.02,0,S,2.1,3.9,1.0,51.3,"Wapato, Yakima County",310131,Wapato,2020-12-15 19:06:44.106673
2008-11-03,23:00,45.6,45.6,100.0,0.02,0,SW,3.0,4.2,1.0,51.3,"Wapato, Yakima County",310131,Wapato,2020-12-15 19:06:44.106673
2008-11-03,23:15,45.5,45.5,100.0,0.02,0,SW,2.4,3.5,1.0,51.3,"Wapato, Yakima County",310131,Wapato,2020-12-15 19:06:44.106673
2008-11-03,23:30,45.5,45.5,100.0,0.03,0,NW,1.6,3.1,1.0,51.3,"Wapato, Yakima County",310131,Wapato,2020-12-15 19:06:44.106673
2008-11-03,23:45,45.5,45.5,100.0,0.03,0,NW,0.6,2.1,1.0,51.2,"Wapato, Yakima County",310131,Wapato,2020-12-15 19:06:44.106673
2008-11-03,24:00,45.6,45.6,100.0,0.03,0,NW,0.0,1.4,1.0,51.2,"Wapato, Yakima County",310131,Wapato,2020-12-15 19:06:44.106673
2008-11-04,00:15,45.5,45.5,100.0,0.02,0,S,0.1,2.1,1.0,51.2,"Wapato, Yakima County",310131,Wapato,2020-12-15 19:06:44.106673
2008-11-04,00:30,45.5,45.5,100.0,0.03,0,SW,1.3,3.5,1.0,51.2,"Wapato, Yakima County",310131,Wapato,2020-12-15 19:06:44.106673
2008-11-04,00:45,45.5,45.5,100.0,0.01,0,S,1.3,3.1,1.0,51.2,"Wapato, Yakima County",310131,Wapato,2020-12-15 19:06:44.106673
2008-11-04,01:00,45.5,45.5,100.0,0.02,0,W,2.3,4.2,1.0,51.2,"Wapato, Yakima County",310131,Wapato,2020-12-15 19:06:44.106673
2008-11-04,01:15,45.5,45.5,100.0,0.02,0,NW,2.2,3.1,1.0,51.1,"Wapato, Yakima County",310131,Wapato,2020-12-15 19:06:44.106673
2008-11-04,01:30,45.5,45.5,100.0,0.01,0,W,0.5,2.4,1.0,51.1,"Wapato, Yakima County",310131,Wapato,2020-12-15 19:06:44.106673
2008-11-04,01:45,45.4,45.4,100.0,0.02,0,SW,0.1,2.1,1.0,51.1,"Wapato, Yakima County",310131,Wapato,2020-12-15 19:06:44.106673
2008-11-04,02:00,45.4,45.4,100.0,0.02,0,SW,1.9,2.8,1.0,51.1,"Wapato, Yakima County",310131,Wapato,2020-12-15 19:06:44.106673
2008-11-04,02:15,45.4,45.4,100.0,0.02,0,W,1.2,3.1,1.0,51.1,"Wapato, Yakima County",310131,Wapato,2020-12-15 19:06:44.106673
2008-11-04,02:30,45.3,45.3,100.0,0.01,0,SW,1.8,3.5,1.0,51.1,"Wapato, Yakima County",310131,Wapato,2020-12-15 19:06:44.106673
2008-11-04,02:45,45.2,45.2,100.0,0.01,0,SW,1.4,3.1,1.0,51.0,"Wapato, Yakima County",310131,Wapato,2020-12-15 19:06:44.106673
2008-11-04,03:00,45.2,45.2,100.0,0.01,0,W,0.8,3.1,1.0,51.0,"Wapato, Yakima County",310131,Wapato,2020-12-15 19:06:44.106673
2008-11-04,03:15,45.2,45.2,100.0,0.01,0,SW,2.0,3.1,1.0,51.0,"Wapato, Yakima County",310131,Wapato,2020-12-15 19:06:44.106673
2008-11-04,03:30,45.1,45.1,100.0,0.01,0,SW,1.0,3.1,1.0,51.0,"Wapato, Yakima County",310131,Wapato,2020-12-15 19:06:44.106673
2008-11-04,03:45,45.0,45.0,100.0,0.01,0,SW,2.6,4.6,1.0,51.0,"Wapato, Yakima County",310131,Wapato,2020-12-15 19:06:44.106673
2008-11-04,04:00,44.7,44.7,100.0,0.0,0,SW,3.0,4.2,1.0,50.9,"Wapato, Yakima County",310131,Wapato,2020-12-15 19:06:44.106673
2008-11-04,04:15,44.3,44.3,100.0,0.01,0,SW,2.8,4.2,1.0,50.9,"Wapato, Yakima County",310131,Wapato,2020-12-15 19:06:44.106673
2008-11-04,04:30,44.1,44.1,100.0,0.01,0,SW,3.0,4.6,1.0,50.9,"Wapato, Yakima County",310131,Wapato,2020-12-15 19:06:44.106673
2008-11-04,04:45,44.1,44.1,100.0,0.01,0,W,2.9,4.9,1.0,50.9,"Wapato, Yakima County",310131,Wapato,2020-12-15 19:06:44.106673
2008-11-04,05:00,43.9,43.9,100.0,0.01,0,W,3.9,5.7,1.0,50.8,"Wapato, Yakima County",310131,Wapato,2020-12-15 19:06:44.106673
2008-11-04,05:15,43.8,43.8,100.0,0.0,0,NW,0.8,4.6,1.0,50.8,"Wapato, Yakima County",310131,Wapato,2020-12-15 19:06:44.106673
2008-11-04,05:30,43.7,43.7,100.0,0.0,0,N ,0.0,0.0,1.0,50.8,"Wapato, Yakima County",310131,Wapato,2020-12-15 19:06:44.106673
2008-11-04,05:45,43.6,43.6,100.0,0.0,0,N ,0.0,0.0,1.0,50.8,"Wapato, Yakima County",310131,Wapato,2020-12-15 19:06:44.106673
2008-11-04,06:00,43.6,43.6,100.0,0.0,0,N ,0.0,0.0,1.0,50.7,"Wapato, Yakima County",310131,Wapato,2020-12-15 19:06:44.106673
2008-11-04,06:15,43.8,43.8,100.0,0.01,0,NW,2.3,6.0,1.0,50.7,"Wapato, Yakima County",310131,Wapato,2020-12-15 19:06:44.106673
2008-11-04,06:30,43.8,43.6,99.5,0.0,0,NW,5.9,10.3,1.0,50.7,"Wapato, Yakima County",310131,Wapato,2020-12-15 19:06:44.106673
2008-11-04,06:45,44.0,43.1,96.7,0.0,0,W,3.7,7.8,1.0,50.7,"Wapato, Yakima County",310131,Wapato,2020-12-15 19:06:44.106673
2008-11-04,07:00,43.9,42.9,96.2,0.0,3,W,1.0,3.9,1.0,50.6,"Wapato, Yakima County",310131,Wapato,2020-12-15 19:06:44.106673
2008-11-04,07:15,43.6,43.1,98.1,0.0,8,S,0.1,2.1,1.0,50.6,"Wapato, Yakima County",310131,Wapato,2020-12-15 19:06:44.106673
2008-11-04,07:30,43.2,43.2,100.0,0.0,16,S,0.4,2.4,1.0,50.6,"Wapato, Yakima County",310131,Wapato,2020-12-15 19:06:44.106673
2008-11-04,07:45,43.2,43.2,100.0,0.0,27,SW,0.1,1.4,1.0,50.6,"Wapato, Yakima County",310131,Wapato,2020-12-15 19:06:44.106673
2008-11-04,08:00,43.4,43.4,100.0,0.0,44,SW,1.1,3.1,1.0,50.5,"Wapato, Yakima County",310131,Wapato,2020-12-15 19:06:44.106673
2008-11-04,08:15,43.6,43.6,100.0,0.0,74,SW,0.3,2.8,1.0,50.5,"Wapato, Yakima County",310131,Wapato,2020-12-15 19:06:44.106673
2008-11-04,08:30,44.1,44.1,100.0,0.0,95,E,0.2,1.7,1.0,50.5,"Wapato, Yakima County",310131,Wapato,2020-12-15 19:06:44.106673
2008-11-04,08:45,44.6,44.6,100.0,0.0,111,E,0.1,1.4,1.0,50.4,"Wapato, Yakima County",310131,Wapato,2020-12-15 19:06:44.106673
2008-11-04,09:00,45.0,45.0,100.0,0.0,137,E,0.1,1.4,1.0,50.4,"Wapato, Yakima County",310131,Wapato,2020-12-15 19:06:44.106673
2008-11-04,09:15,45.5,45.5,100.0,0.0,148,N ,0.0,0.0,1.0,50.4,"Wapato, Yakima County",310131,Wapato,2020-12-15 19:06:44.106673
2008-11-04,09:30,45.9,45.1,97.1,0.0,150,S,0.6,4.2,0.98,50.4,"Wapato, Yakima County",310131,Wapato,2020-12-15 19:06:44.106673
2008-11-04,09:45,47.0,42.6,84.3,0.0,177,W,1.1,3.9,0.92,50.3,"Wapato, Yakima County",310131,Wapato,2020-12-15 19:06:44.106673
2008-11-04,10:00,48.2,40.5,74.5,0.0,219,S,1.4,3.9,0.35,50.3,"Wapato, Yakima County",310131,Wapato,2020-12-15 19:06:44.106673
2008-11-04,10:15,49.6,40.6,71.2,0.0,261,W,4.8,9.6,0.0,50.3,"Wapato, Yakima County",310131,Wapato,2020-12-15 19:06:44.106673
2008-11-04,10:30,49.3,40.5,71.5,0.0,200,SW,7.7,12.8,0.0,50.3,"Wapato, Yakima County",310131,Wapato,2020-12-15 19:06:44.106673
2008-11-04,10:45,49.2,40.3,71.5,0.0,200,SW,10.2,16.0,0.0,50.2,"Wapato, Yakima County",310131,Wapato,2020-12-15 19:06:44.106673
2008-11-04,11:00,49.9,40.1,68.9,0.0,226,SW,11.3,18.9,0.0,50.2,"Wapato, Yakima County",310131,Wapato,2020-12-15 19:06:44.106673
2008-11-04,11:15,50.6,39.9,66.4,0.01,320,SW,12.1,20.7,0.0,50.2,"Wapato, Yakima County",310131,Wapato,2020-12-15 19:06:44.106673
2008-11-04,11:30,51.9,38.5,60.1,0.0,530,SW,14.4,19.6,0.0,50.2,"Wapato, Yakima County",310131,Wapato,2020-12-15 19:06:44.106673
2008-11-04,11:45,53.0,38.0,56.6,0.0,571,SW,13.8,20.3,0.0,50.2,"Wapato, Yakima County",310131,Wapato,2020-12-15 19:06:44.106673
2008-11-04,12:00,53.0,37.4,55.3,0.0,529,SW,13.5,19.2,0.0,50.2,"Wapato, Yakima County",310131,Wapato,2020-12-15 19:06:44.106673
2008-11-04,12:15,52.7,36.8,54.5,0.0,448,SW,14.2,22.1,0.0,50.2,"Wapato, Yakima County",310131,Wapato,2020-12-15 19:06:44.106673
2008-11-04,12:30,52.6,36.8,54.7,0.0,409,SW,13.2,20.0,0.0,50.2,"Wapato, Yakima County",310131,Wapato,2020-12-15 19:06:44.106673
2008-11-04,12:45,52.2,36.4,54.7,0.0,343,SW,13.4,20.3,0.0,50.3,"Wapato, Yakima County",310131,Wapato,2020-12-15 19:06:44.106673
2008-11-04,13:00,51.8,36.0,54.4,0.0,258,SW,12.7,17.1,0.0,50.3,"Wapato, Yakima County",310131,Wapato,2020-12-15 19:06:44.106673
2008-11-04,13:15,51.4,35.7,54.9,0.0,243,SW,9.3,13.5,0.0,50.3,"Wapato, Yakima County",310131,Wapato,2020-12-15 19:06:44.106673
2008-11-04,13:30,52.8,35.7,51.9,0.0,415,W,8.4,12.4,0.0,50.3,"Wapato, Yakima County",310131,Wapato,2020-12-15 19:06:44.106673
2008-11-04,13:45,53.5,34.7,48.7,0.0,436,SW,11.9,17.8,0.0,50.4,"Wapato, Yakima County",310131,Wapato,2020-12-15 19:06:44.106673
2008-11-04,14:00,52.3,34.8,51.0,0.0,304,SW,12.6,17.8,0.0,50.4,"Wapato, Yakima County",310131,Wapato,2020-12-15 19:06:44.106673
2008-11-04,14:15,50.7,35.1,54.8,0.0,144,SW,11.5,16.7,0.0,50.4,"Wapato, Yakima County",310131,Wapato,2020-12-15 19:06:44.106673
2008-11-04,14:30,50.1,35.2,56.5,0.0,167,SW,11.5,18.2,0.0,50.5,"Wapato, Yakima County",310131,Wapato,2020-12-15 19:06:44.106673
2008-11-04,14:45,50.2,35.3,56.4,0.0,234,SW,13.7,19.2,0.0,50.5,"Wapato, Yakima County",310131,Wapato,2020-12-15 19:06:44.106673
2008-11-04,15:00,50.7,35.1,54.9,0.0,223,SW,12.7,17.5,0.0,50.6,"Wapato, Yakima County",310131,Wapato,2020-12-15 19:06:44.106673
2008-11-04,15:15,50.8,34.5,53.5,0.0,200,SW,11.9,17.8,0.0,50.6,"Wapato, Yakima County",310131,Wapato,2020-12-15 19:06:44.106673
2008-11-04,15:30,50.3,34.0,53.3,0.0,126,SW,10.4,14.2,0.0,50.7,"Wapato, Yakima County",310131,Wapato,2020-12-15 19:06:44.106673
2008-11-04,15:45,49.8,33.7,53.7,0.0,128,SW,10.9,19.2,0.0,50.7,"Wapato, Yakima County",310131,Wapato,2020-12-15 19:06:44.106673
2008-11-04,16:00,48.8,34.0,56.3,0.0,97,SW,11.0,17.8,0.0,50.8,"Wapato, Yakima County",310131,Wapato,2020-12-15 19:06:44.106673
2008-11-04,16:15,47.6,33.9,58.8,0.0,65,SW,11.7,18.5,0.0,50.8,"Wapato, Yakima County",310131,Wapato,2020-12-15 19:06:44.106673
2008-11-04,16:30,46.3,33.6,61.1,0.0,24,SW,10.3,15.0,0.0,50.8,"Wapato, Yakima County",310131,Wapato,2020-12-15 19:06:44.106673
2008-11-04,16:45,45.2,32.9,61.8,0.0,9,SW,9.2,12.8,0.0,50.9,"Wapato, Yakima County",310131,Wapato,2020-12-15 19:06:44.106673
2008-11-04,17:00,44.4,32.3,62.2,0.0,2,SW,8.4,11.4,0.0,50.9,"Wapato, Yakima County",310131,Wapato,2020-12-15 19:06:44.106673
2008-11-04,17:15,44.3,31.5,60.6,0.0,0,SW,7.4,12.8,0.0,50.9,"Wapato, Yakima County",310131,Wapato,2020-12-15 19:06:44.106673
2008-11-04,17:30,43.4,31.8,63.3,0.0,0,SW,6.3,9.9,0.0,51.0,"Wapato, Yakima County",310131,Wapato,2020-12-15 19:06:44.106673
2008-11-04,17:45,42.7,31.9,65.4,0.0,0,SW,4.9,9.2,0.0,51.0,"Wapato, Yakima County",310131,Wapato,2020-12-15 19:06:44.106673
2008-11-04,18:00,40.7,32.4,72.0,0.0,0,W,3.6,6.0,0.0,51.0,"Wapato, Yakima County",310131,Wapato,2020-12-15 19:06:44.106673
2008-11-04,18:15,41.4,32.4,70.1,0.0,0,W,4.6,7.4,0.0,51.0,"Wapato, Yakima County",310131,Wapato,2020-12-15 19:06:44.106673
2008-11-04,18:30,41.7,32.4,69.3,0.0,0,W,4.8,9.2,0.0,51.0,"Wapato, Yakima County",310131,Wapato,2020-12-15 19:06:44.106673
2008-11-04,18:45,41.2,32.4,70.5,0.0,0,NW,3.3,6.0,0.0,51.0,"Wapato, Yakima County",310131,Wapato,2020-12-15 19:06:44.106673
2008-11-04,19:00,41.7,32.5,69.7,0.0,0,NW,3.4,6.4,0.0,50.9,"Wapato, Yakima County",310131,Wapato,2020-12-15 19:06:44.106673
2008-11-04,19:15,41.3,32.7,71.3,0.0,0,W,3.5,6.0,0.0,50.9,"Wapato, Yakima County",310131,Wapato,2020-12-15 19:06:44.106673
2008-11-04,19:30,41.0,32.6,71.6,0.0,0,NW,3.8,6.4,0.0,50.9,"Wapato, Yakima County",310131,Wapato,2020-12-15 19:06:44.106673
2008-11-04,19:45,41.2,32.6,71.1,0.0,0,W,4.3,8.9,0.0,50.8,"Wapato, Yakima County",310131,Wapato,2020-12-15 19:06:44.106673
2008-11-04,20:00,41.4,32.8,71.4,0.0,0,W,4.5,6.4,0.0,50.8,"Wapato, Yakima County",310131,Wapato,2020-12-15 19:06:44.106673
2008-11-04,20:15,40.9,32.7,72.4,0.0,0,W,4.9,7.8,0.0,50.7,"Wapato, Yakima County",310131,Wapato,2020-12-15 19:06:44.106673
2008-11-04,20:30,41.0,32.7,71.9,0.0,0,W,5.4,7.8,0.0,50.7,"Wapato, Yakima County",310131,Wapato,2020-12-15 19:06:44.106673
2008-11-04,20:45,41.4,32.4,70.1,0.0,0,W,4.1,7.4,0.0,50.6,"Wapato, Yakima County",310131,Wapato,2020-12-15 19:06:44.106673
2008-11-04,21:00,39.8,32.7,75.4,0.0,0,W,3.5,4.9,0.0,50.5,"Wapato, Yakima County",310131,Wapato,2020-12-15 19:06:44.106673
2008-11-04,21:15,40.4,32.5,73.2,0.0,0,W,3.4,7.8,0.0,50.5,"Wapato, Yakima County",310131,Wapato,2020-12-15 19:06:44.106673
2008-11-04,21:30,39.8,32.2,74.1,0.0,0,W,3.3,7.1,0.0,50.4,"Wapato, Yakima County",310131,Wapato,2020-12-15 19:06:44.106673
2008-11-04,21:45,38.4,31.4,75.5,0.0,0,W,2.7,4.9,0.0,50.3,"Wapato, Yakima County",310131,Wapato,2020-12-15 19:06:44.106673
2008-11-04,22:00,38.4,31.2,75.2,0.0,0,SW,2.6,3.9,0.0,50.2,"Wapato, Yakima County",310131,Wapato,2020-12-15 19:06:44.106673
2008-11-04,22:15,36.4,31.5,82.1,0.0,0,E,1.6,3.5,0.0,50.2,"Wapato, Yakima County",310131,Wapato,2020-12-15 19:06:44.106673
2008-11-04,22:30,34.6,31.0,86.7,0.0,0,SW,1.8,4.9,0.02,50.1,"Wapato, Yakima County",310131,Wapato,2020-12-15 19:06:44.106673
2008-11-04,22:45,33.5,30.7,89.2,0.0,0,NE,2.3,3.5,0.04,50.0,"Wapato, Yakima County",310131,Wapato,2020-12-15 19:06:44.106673
2008-11-04,23:00,33.2,30.5,89.6,0.0,0,E,0.7,3.5,0.06,49.9,"Wapato, Yakima County",310131,Wapato,2020-12-15 19:06:44.106673
2008-11-04,23:15,33.8,30.4,87.0,0.0,0,SW,0.5,3.5,0.12,49.8,"Wapato, Yakima County",310131,Wapato,2020-12-15 19:06:44.106673
2008-11-04,23:30,32.4,29.8,90.1,0.0,0,E,2.3,3.9,0.18,49.8,"Wapato, Yakima County",310131,Wapato,2020-12-15 19:06:44.106673
2008-11-04,23:45,31.7,29.7,93.0,0.0,0,NE,2.9,4.9,0.22,49.7,"Wapato, Yakima County",310131,Wapato,2020-12-15 19:06:44.106673
2008-11-04,24:00,32.0,30.1,92.4,0.0,0,NE,2.3,3.9,0.22,49.6,"Wapato, Yakima County",310131,Wapato,2020-12-15 19:06:44.106673
2008-11-05,00:15,31.5,29.7,93.8,0.0,0,SE,0.0,1.4,0.33,49.5,"Wapato, Yakima County",310131,Wapato,2020-12-15 19:06:44.106673
2008-11-05,00:30,31.0,29.7,96.0,0.0,0,E,3.3,5.7,0.45,49.4,"Wapato, Yakima County",310131,Wapato,2020-12-15 19:06:44.106673
2008-11-05,00:45,31.6,29.9,94.3,0.0,0,SE,1.7,4.2,0.48,49.3,"Wapato, Yakima County",310131,Wapato,2020-12-15 19:06:44.106673
2008-11-05,01:00,31.5,29.8,94.1,0.0,0,SE,0.4,2.8,0.52,49.2,"Wapato, Yakima County",310131,Wapato,2020-12-15 19:06:44.106673
2008-11-05,01:15,31.2,29.6,94.4,0.0,0,E,1.8,4.2,0.56,49.2,"Wapato, Yakima County",310131,Wapato,2020-12-15 19:06:44.106673
2008-11-05,01:30,31.1,29.4,94.0,0.0,0,NE,1.4,6.4,0.56,49.1,"Wapato, Yakima County",310131,Wapato,2020-12-15 19:06:44.106673
2008-11-05,01:45,30.7,29.1,94.8,0.0,0,NE,2.7,4.9,0.52,49.0,"Wapato, Yakima County",310131,Wapato,2020-12-15 19:06:44.106673
2008-11-05,02:00,30.6,29.1,95.4,0.0,0,E,1.9,4.2,0.54,48.9,"Wapato, Yakima County",310131,Wapato,2020-12-15 19:06:44.106673
2008-11-05,02:15,30.1,28.8,96.4,0.0,0,E,0.2,2.4,0.58,48.8,"Wapato, Yakima County",310131,Wapato,2020-12-15 19:06:44.106673
2008-11-05,02:30,30.0,28.9,97.4,0.0,0,NE,1.2,4.2,0.62,48.7,"Wapato, Yakima County",310131,Wapato,2020-12-15 19:06:44.106673
2008-11-05,02:45,30.2,29.1,97.0,0.0,0,NE,2.5,4.2,0.62,48.6,"Wapato, Yakima County",310131,Wapato,2020-12-15 19:06:44.106673
2008-11-05,03:00,30.8,29.4,95.3,0.0,0,NE,2.4,4.6,0.61,48.5,"Wapato, Yakima County",310131,Wapato,2020-12-15 19:06:44.106673
2008-11-05,03:15,30.6,29.0,95.2,0.0,0,E,1.0,3.5,0.6,48.4,"Wapato, Yakima County",310131,Wapato,2020-12-15 19:06:44.106673
2008-11-05,03:30,30.1,28.9,96.5,0.0,0,N ,0.0,0.0,0.63,48.3,"Wapato, Yakima County",310131,Wapato,2020-12-15 19:06:44.106673
2008-11-05,03:45,30.1,28.9,96.9,0.0,0,N ,0.0,0.0,0.65,48.2,"Wapato, Yakima County",310131,Wapato,2020-12-15 19:06:44.106673
2008-11-05,04:00,30.3,29.0,96.3,0.0,0,SE,0.8,3.9,0.67,48.1,"Wapato, Yakima County",310131,Wapato,2020-12-15 19:06:44.106673
2008-11-05,04:15,30.6,29.1,95.2,0.0,0,NE,0.6,2.4,0.67,48.1,"Wapato, Yakima County",310131,Wapato,2020-12-15 19:06:44.106673
2008-11-05,04:30,30.8,29.2,95.0,0.0,0,N ,0.0,0.0,0.69,48.0,"Wapato, Yakima County",310131,Wapato,2020-12-15 19:06:44.106673
2008-11-05,04:45,31.0,29.3,94.1,0.0,0,SE,0.0,1.4,0.7,47.9,"Wapato, Yakima County",310131,Wapato,2020-12-15 19:06:44.106673
2008-11-05,05:00,31.3,29.5,93.6,0.0,0,NE,0.2,2.8,0.7,47.8,"Wapato, Yakima County",310131,Wapato,2020-12-15 19:06:44.106673
2008-11-05,05:15,31.6,29.4,92.0,0.0,0,S,0.6,3.5,0.7,47.7,"Wapato, Yakima County",310131,Wapato,2020-12-15 19:06:44.106673
2008-11-05,05:30,31.4,29.4,93.0,0.0,0,N ,0.0,0.0,0.71,47.7,"Wapato, Yakima County",310131,Wapato,2020-12-15 19:06:44.106673
2008-11-05,05:45,30.6,28.9,94.6,0.0,0,N ,0.0,0.0,0.73,47.6,"Wapato, Yakima County",310131,Wapato,2020-12-15 19:06:44.106673
2008-11-05,06:00,29.3,27.8,96.2,0.0,0,N ,0.0,0.0,0.74,47.5,"Wapato, Yakima County",310131,Wapato,2020-12-15 19:06:44.106673
2008-11-05,06:15,28.3,27.1,97.9,0.0,0,N ,0.0,0.0,0.58,47.4,"Wapato, Yakima County",310131,Wapato,2020-12-15 19:06:44.106673
2008-11-05,06:30,28.5,27.8,99.8,0.0,0,E,0.0,1.7,0.47,47.4,"Wapato, Yakima County",310131,Wapato,2020-12-15 19:06:44.106673
2008-11-05,06:45,28.9,28.4,99.9,0.0,3,SE,0.2,2.4,0.5,47.3,"Wapato, Yakima County",310131,Wapato,2020-12-15 19:06:44.106673
2008-11-05,07:00,29.1,28.3,99.2,0.0,11,S,0.4,3.9,0.51,47.2,"Wapato, Yakima County",310131,Wapato,2020-12-15 19:06:44.106673
2008-11-05,07:15,29.7,29.2,100.0,0.0,16,E,0.1,2.1,0.56,47.1,"Wapato, Yakima County",310131,Wapato,2020-12-15 19:06:44.106673
2008-11-05,07:30,30.3,29.7,99.3,0.0,18,S,0.7,3.5,0.58,47.1,"Wapato, Yakima County",310131,Wapato,2020-12-15 19:06:44.106673
2008-11-05,07:45,30.5,30.2,99.8,0.0,38,N ,0.0,0.0,0.61,47.0,"Wapato, Yakima County",310131,Wapato,2020-12-15 19:06:44.106673
2008-11-05,08:00,31.1,30.8,99.8,0.0,56,NW,0.9,3.1,0.65,46.9,"Wapato, Yakima County",310131,Wapato,2020-12-15 19:06:44.106673
2008-11-05,08:15,31.7,31.2,98.8,0.0,79,W,0.1,2.1,0.67,46.9,"Wapato, Yakima County",310131,Wapato,2020-12-15 19:06:44.106673
2008-11-05,08:30,32.5,32.3,99.3,0.0,98,SE,2.5,5.7,0.58,46.8,"Wapato, Yakima County",310131,Wapato,2020-12-15 19:06:44.106673
2008-11-05,08:45,33.4,32.8,97.8,0.0,120,S,2.6,6.4,0.2,46.8,"Wapato, Yakima County",310131,Wapato,2020-12-15 19:06:44.106673
2008-11-05,09:00,34.3,33.2,95.6,0.0,136,SW,0.8,3.1,0.04,46.7,"Wapato, Yakima County",310131,Wapato,2020-12-15 19:06:44.106673
2008-11-05,09:15,35.6,34.0,93.7,0.0,157,SE,0.8,3.5,0.02,46.6,"Wapato, Yakima County",310131,Wapato,2020-12-15 19:06:44.106673
2008-11-05,09:30,37.1,34.6,90.5,0.0,168,NE,2.1,4.6,0.01,46.6,"Wapato, Yakima County",310131,Wapato,2020-12-15 19:06:44.106673
2008-11-05,09:45,37.9,35.2,89.8,0.0,209,SE,3.8,5.3,0.01,46.5,"Wapato, Yakima County",310131,Wapato,2020-12-15 19:06:44.106673
2008-11-05,10:00,38.7,35.4,87.9,0.0,314,SE,3.3,5.3,0.0,46.5,"Wapato, Yakima County",310131,Wapato,2020-12-15 19:06:44.106673
2008-11-05,10:15,40.2,35.4,82.8,0.0,373,SE,4.2,6.0,0.0,46.4,"Wapato, Yakima County",310131,Wapato,2020-12-15 19:06:44.106673
2008-11-05,10:30,41.6,34.9,76.9,0.0,382,E,3.9,6.0,0.0,46.3,"Wapato, Yakima County",310131,Wapato,2020-12-15 19:06:44.106673
2008-11-05,10:45,42.6,34.8,73.9,0.0,287,E,4.4,6.7,0.0,46.3,"Wapato, Yakima County",310131,Wapato,2020-12-15 19:06:44.106673
2008-11-05,11:00,42.5,35.0,74.4,0.0,187,E,3.7,5.3,0.0,46.2,"Wapato, Yakima County",310131,Wapato,2020-12-15 19:06:44.106673
2008-11-05,11:15,42.7,34.6,72.7,0.0,201,E,3.6,6.4,0.0,46.2,"Wapato, Yakima County",310131,Wapato,2020-12-15 19:06:44.106673
2008-11-05,11:30,42.9,34.3,71.2,0.0,176,E,2.9,4.9,0.0,46.1,"Wapato, Yakima County",310131,Wapato,2020-12-15 19:06:44.106673
2008-11-05,11:45,43.3,34.4,70.5,0.0,214,E,2.6,5.3,0.0,46.1,"Wapato, Yakima County",310131,Wapato,2020-12-15 19:06:44.106673
2008-11-05,12:00,43.7,34.5,69.9,0.0,179,E,2.6,4.2,0.0,46.1,"Wapato, Yakima County",310131,Wapato,2020-12-15 19:06:44.106673
2008-11-05,12:15,44.0,34.3,68.5,0.0,143,NE,3.2,4.9,0.0,46.0,"Wapato, Yakima County",310131,Wapato,2020-12-15 19:06:44.106673
2008-11-05,12:30,44.3,34.1,67.3,0.0,194,E,2.6,4.2,0.0,46.0,"Wapato, Yakima County",310131,Wapato,2020-12-15 19:06:44.106673
2008-11-05,12:45,44.7,34.6,67.4,0.0,208,E,2.7,4.9,0.0,46.0,"Wapato, Yakima County",310131,Wapato,2020-12-15 19:06:44.106673
2008-11-05,13:00,45.1,34.8,66.9,0.0,193,E,2.1,3.9,0.0,46.0,"Wapato, Yakima County",310131,Wapato,2020-12-15 19:06:44.106673
2008-11-05,13:15,45.0,35.5,69.2,0.0,171,SE,2.8,4.2,0.0,46.0,"Wapato, Yakima County",310131,Wapato,2020-12-15 19:06:44.106673
2008-11-05,13:30,45.0,36.0,70.4,0.0,162,SE,3.1,4.6,0.0,46.1,"Wapato, Yakima County",310131,Wapato,2020-12-15 19:06:44.106673
2008-11-05,13:45,44.9,36.4,72.0,0.0,163,SE,2.8,4.9,0.0,46.1,"Wapato, Yakima County",310131,Wapato,2020-12-15 19:06:44.106673
2008-11-05,14:00,44.9,36.3,71.5,0.0,132,SE,1.8,3.5,0.0,46.1,"Wapato, Yakima County",310131,Wapato,2020-12-15 19:06:44.106673
2008-11-05,14:15,44.7,36.4,72.5,0.0,96,S,2.6,5.3,0.0,46.2,"Wapato, Yakima County",310131,Wapato,2020-12-15 19:06:44.106673
2008-11-05,14:30,44.4,36.6,73.9,0.0,108,SW,3.5,4.9,0.0,46.2,"Wapato, Yakima County",310131,Wapato,2020-12-15 19:06:44.106673
2008-11-05,14:45,44.3,36.4,73.7,0.0,105,SW,2.8,4.6,0.0,46.2,"Wapato, Yakima County",310131,Wapato,2020-12-15 19:06:44.106673
2008-11-05,15:00,44.4,36.5,73.5,0.0,88,S,2.1,3.5,0.0,46.3,"Wapato, Yakima County",310131,Wapato,2020-12-15 19:06:44.106673
2008-11-05,15:15,44.5,36.3,72.5,0.0,78,S,2.2,3.1,0.0,46.4,"Wapato, Yakima County",310131,Wapato,2020-12-15 19:06:44.106673
2008-11-05,15:30,44.6,36.7,73.4,0.0,90,SW,2.7,4.2,0.0,46.4,"Wapato, Yakima County",310131,Wapato,2020-12-15 19:06:44.106673
2008-11-05,15:45,44.5,36.6,73.6,0.0,40,S,2.4,3.1,0.0,46.5,"Wapato, Yakima County",310131,Wapato,2020-12-15 19:06:44.106673
2008-11-05,16:00,44.3,37.0,75.5,0.0,22,SW,1.2,2.4,0.0,46.5,"Wapato, Yakima County",310131,Wapato,2020-12-15 19:06:44.106673
2008-11-05,16:15,44.0,37.6,78.0,0.0,12,S,0.0,1.4,0.0,46.6,"Wapato, Yakima County",310131,Wapato,2020-12-15 19:06:44.106673
2008-11-05,16:30,43.5,37.4,78.9,0.0,4,N ,0.0,0.0,0.0,46.6,"Wapato, Yakima County",310131,Wapato,2020-12-15 19:06:44.106673
2008-11-05,16:45,43.0,38.5,83.7,0.0,2,W,0.7,2.8,0.0,46.7,"Wapato, Yakima County",310131,Wapato,2020-12-15 19:06:44.106673
2008-11-05,17:00,42.7,38.8,85.9,0.0,0,W,0.2,2.1,0.0,46.8,"Wapato, Yakima County",310131,Wapato,2020-12-15 19:06:44.106673
2008-11-05,17:15,42.7,39.2,87.6,0.0,0,N ,0.0,0.0,0.01,46.8,"Wapato, Yakima County",310131,Wapato,2020-12-15 19:06:44.106673
2008-11-05,17:30,42.2,38.8,87.6,0.0,0,N ,0.0,0.0,0.01,46.9,"Wapato, Yakima County",310131,Wapato,2020-12-15 19:06:44.106673
2008-11-05,17:45,42.1,38.9,88.1,0.0,0,N ,0.0,0.0,0.01,46.9,"Wapato, Yakima County",310131,Wapato,2020-12-15 19:06:44.106673
2008-11-05,18:00,42.1,38.5,87.1,0.0,0,N ,0.0,0.0,0.01,47.0,"Wapato, Yakima County",310131,Wapato,2020-12-15 19:06:44.106673
2008-11-05,18:15,42.0,38.8,88.2,0.0,0,N ,0.0,0.0,0.01,47.0,"Wapato, Yakima County",310131,Wapato,2020-12-15 19:06:44.106673
2008-11-05,18:30,41.7,38.8,89.1,0.0,0,N ,0.0,0.0,0.01,47.1,"Wapato, Yakima County",310131,Wapato,2020-12-15 19:06:44.106673
2008-11-05,18:45,41.7,38.8,89.3,0.0,0,N ,0.0,0.0,0.01,47.1,"Wapato, Yakima County",310131,Wapato,2020-12-15 19:06:44.106673
2008-11-05,19:00,41.5,39.9,93.8,0.0,0,N ,0.0,0.0,0.04,47.1,"Wapato, Yakima County",310131,Wapato,2020-12-15 19:06:44.106673
2008-11-05,19:15,41.4,39.5,93.0,0.0,0,N ,0.0,0.0,0.03,47.2,"Wapato, Yakima County",310131,Wapato,2020-12-15 19:06:44.106673
2008-11-05,19:30,41.4,39.7,93.8,0.0,0,N ,0.0,0.0,0.03,47.2,"Wapato, Yakima County",310131,Wapato,2020-12-15 19:06:44.106673
2008-11-05,19:45,41.4,39.9,94.3,0.0,0,N ,0.0,0.0,0.13,47.2,"Wapato, Yakima County",310131,Wapato,2020-12-15 19:06:44.106673
2008-11-05,20:00,41.3,39.7,93.7,0.0,0,N ,0.0,0.0,0.57,47.2,"Wapato, Yakima County",310131,Wapato,2020-12-15 19:06:44.106673
2008-11-05,20:15,41.5,40.2,94.9,0.0,0,N ,0.0,0.0,0.7,47.3,"Wapato, Yakima County",310131,Wapato,2020-12-15 19:06:44.106673
2008-11-05,20:30,41.5,40.6,96.4,0.0,0,N ,0.0,0.0,0.82,47.3,"Wapato, Yakima County",310131,Wapato,2020-12-15 19:06:44.106673
2008-11-05,20:45,41.3,40.5,96.9,0.0,0,N ,0.0,0.0,0.9,47.3,"Wapato, Yakima County",310131,Wapato,2020-12-15 19:06:44.106673
2008-11-05,21:00,41.0,40.2,96.9,0.0,0,N ,0.0,0.0,0.92,47.3,"Wapato, Yakima County",310131,Wapato,2020-12-15 19:06:44.106673
2008-11-05,21:15,41.0,39.7,95.0,0.0,0,N ,0.0,0.0,0.92,47.3,"Wapato, Yakima County",310131,Wapato,2020-12-15 19:06:44.106673
2008-11-05,21:30,41.0,39.6,94.5,0.0,0,N ,0.0,0.0,0.92,47.3,"Wapato, Yakima County",310131,Wapato,2020-12-15 19:06:44.106673
2008-11-05,21:45,41.0,39.7,95.0,0.0,0,N ,0.0,0.0,0.92,47.3,"Wapato, Yakima County",310131,Wapato,2020-12-15 19:06:44.106673
2008-11-05,22:00,41.0,39.9,95.8,0.0,0,N ,0.0,0.0,0.92,47.3,"Wapato, Yakima County",310131,Wapato,2020-12-15 19:06:44.106673
2008-11-05,22:15,40.8,39.9,96.5,0.0,0,N ,0.0,0.0,0.91,47.3,"Wapato, Yakima County",310131,Wapato,2020-12-15 19:06:44.106673
2008-11-05,22:30,40.9,40.3,97.6,0.0,0,W,0.0,1.4,0.92,47.3,"Wapato, Yakima County",310131,Wapato,2020-12-15 19:06:44.106673
2008-11-05,22:45,41.0,40.1,96.5,0.0,0,W,0.0,1.4,0.93,47.3,"Wapato, Yakima County",310131,Wapato,2020-12-15 19:06:44.106673
2008-11-05,23:00,41.2,39.9,95.0,0.0,0,W,1.0,4.2,0.93,47.3,"Wapato, Yakima County",310131,Wapato,2020-12-15 19:06:44.106673
2008-11-05,23:15,41.3,40.1,95.6,0.0,0,W,0.8,3.1,0.99,47.3,"Wapato, Yakima County",310131,Wapato,2020-12-15 19:06:44.106673
2008-11-05,23:30,41.0,40.3,97.2,0.0,0,W,0.0,1.4,1.0,47.3,"Wapato, Yakima County",310131,Wapato,2020-12-15 19:06:44.106673
2008-11-05,23:45,40.9,40.5,98.2,0.0,0,N ,0.0,0.0,1.0,47.3,"Wapato, Yakima County",310131,Wapato,2020-12-15 19:06:44.106673
2008-11-05,24:00,40.8,40.6,99.4,0.0,0,N ,0.0,0.0,1.0,47.3,"Wapato, Yakima County",310131,Wapato,2020-12-15 19:06:44.106673
