Date,Time PST,Air Temp °F, 2<sup>nd</sup> Air Temp °F, Dew Point °F, Rel Hum %, Leaf Wet u., Wind Dir @ Speed mph, Wind Gust mph, 8 in. Soil Tmp °F, Tot Prec in, Solar Rad W/m²,Location,Station ID,Station Name,Download Timestamp
2016-09-14,00:15,45.6,45.4,35.2,66.8,0.11,NE@3.2,4.2,68.7,0.0,0,"PK_McClenny, Franklin County",100172,PK_McClenny,2017-12-10 14:04:24.154888
2016-09-14,00:30,44.7,44.5,35.4,69.5,0.12,NE@3.4,4.2,68.7,0.0,0,"PK_McClenny, Franklin County",100172,PK_McClenny,2017-12-10 14:04:24.154888
2016-09-14,00:45,45.5,45.3,35.4,67.6,0.11,NE@3.2,4.2,68.7,0.0,0,"PK_McClenny, Franklin County",100172,PK_McClenny,2017-12-10 14:04:24.154888
2016-09-14,01:00,45.5,45.3,35.2,67.1,0.11,NE@2.9,4.2,68.6,0.0,0,"PK_McClenny, Franklin County",100172,PK_McClenny,2017-12-10 14:04:24.154888
2016-09-14,01:15,44.3,44.0,34.9,69.2,0.11,NE@3.3,3.9,68.6,0.0,0,"PK_McClenny, Franklin County",100172,PK_McClenny,2017-12-10 14:04:24.154888
2016-09-14,01:30,44.2,44.0,34.7,69.1,0.12,NE@3.2,3.9,68.6,0.0,0,"PK_McClenny, Franklin County",100172,PK_McClenny,2017-12-10 14:04:24.154888
2016-09-14,01:45,43.7,43.5,34.6,70.1,0.12,E@3.1,3.5,68.6,0.0,0,"PK_McClenny, Franklin County",100172,PK_McClenny,2017-12-10 14:04:24.154888
2016-09-14,02:00,43.3,43.1,34.4,70.4,0.12,NE@3.1,3.9,68.6,0.0,0,"PK_McClenny, Franklin County",100172,PK_McClenny,2017-12-10 14:04:24.154888
2016-09-14,02:15,41.8,41.5,33.7,72.8,0.13,NE@3.7,4.6,68.6,0.0,0,"PK_McClenny, Franklin County",100172,PK_McClenny,2017-12-10 14:04:24.154888
2016-09-14,02:30,43.0,42.7,34.6,72.0,0.13,NE@3.1,4.2,68.6,0.0,0,"PK_McClenny, Franklin County",100172,PK_McClenny,2017-12-10 14:04:24.154888
2016-09-14,02:45,42.3,42.1,34.2,72.6,0.14,NE@3.3,3.9,68.5,0.0,0,"PK_McClenny, Franklin County",100172,PK_McClenny,2017-12-10 14:04:24.154888
2016-09-14,03:00,41.7,41.5,34.1,74.0,0.15,NE@3.0,3.9,68.5,0.0,0,"PK_McClenny, Franklin County",100172,PK_McClenny,2017-12-10 14:04:24.154888
2016-09-14,03:15,41.9,41.6,34.5,74.7,0.16,NE@3.1,4.2,68.5,0.0,0,"PK_McClenny, Franklin County",100172,PK_McClenny,2017-12-10 14:04:24.154888
2016-09-14,03:30,41.0,40.7,34.6,77.5,0.18,NE@3.1,4.2,68.5,0.0,0,"PK_McClenny, Franklin County",100172,PK_McClenny,2017-12-10 14:04:24.154888
2016-09-14,03:45,41.8,41.5,34.8,76.0,0.18,NE@2.8,3.5,68.4,0.0,0,"PK_McClenny, Franklin County",100172,PK_McClenny,2017-12-10 14:04:24.154888
2016-09-14,04:00,42.0,41.7,35.0,75.9,0.19,NE@2.8,3.9,68.4,0.0,0,"PK_McClenny, Franklin County",100172,PK_McClenny,2017-12-10 14:04:24.154888
2016-09-14,04:15,40.9,40.5,34.2,76.7,0.19,NE@3.0,3.9,68.4,0.0,0,"PK_McClenny, Franklin County",100172,PK_McClenny,2017-12-10 14:04:24.154888
2016-09-14,04:30,40.8,40.5,34.1,76.8,0.2,NE@2.9,3.9,68.3,0.0,0,"PK_McClenny, Franklin County",100172,PK_McClenny,2017-12-10 14:04:24.154888
2016-09-14,04:45,40.8,40.5,34.1,76.6,0.2,NE@3.1,3.9,68.3,0.0,0,"PK_McClenny, Franklin County",100172,PK_McClenny,2017-12-10 14:04:24.154888
2016-09-14,05:00,40.0,39.7,33.7,78.0,0.2,NE@3.8,4.9,68.2,0.0,0,"PK_McClenny, Franklin County",100172,PK_McClenny,2017-12-10 14:04:24.154888
2016-09-14,05:15,40.7,40.4,34.3,77.6,0.21,NE@3.3,3.9,68.2,0.0,0,"PK_McClenny, Franklin County",100172,PK_McClenny,2017-12-10 14:04:24.154888
2016-09-14,05:30,41.3,41.1,34.1,75.5,0.2,NE@3.1,4.2,68.2,0.0,1,"PK_McClenny, Franklin County",100172,PK_McClenny,2017-12-10 14:04:24.154888
2016-09-14,05:45,42.3,42.0,34.6,74.1,0.19,NE@3.0,3.5,68.1,0.0,5,"PK_McClenny, Franklin County",100172,PK_McClenny,2017-12-10 14:04:24.154888
2016-09-14,06:00,41.2,41.0,34.3,76.1,0.2,NE@3.3,4.2,68.1,0.0,27,"PK_McClenny, Franklin County",100172,PK_McClenny,2017-12-10 14:04:24.154888
2016-09-14,06:15,43.0,43.0,34.8,72.3,0.16,NE@2.8,3.5,68.0,0.0,64,"PK_McClenny, Franklin County",100172,PK_McClenny,2017-12-10 14:04:24.154888
2016-09-14,06:30,45.5,45.4,35.8,68.5,0.13,NE@0.6,2.4,68.0,0.0,98,"PK_McClenny, Franklin County",100172,PK_McClenny,2017-12-10 14:04:24.154888
2016-09-14,06:45,48.0,48.0,38.0,68.0,0.11,E@0.2,2.8,67.9,0.0,137,"PK_McClenny, Franklin County",100172,PK_McClenny,2017-12-10 14:04:24.154888
2016-09-14,07:00,50.5,50.2,38.7,63.7,0.09,NE@2.5,3.9,67.8,0.0,177,"PK_McClenny, Franklin County",100172,PK_McClenny,2017-12-10 14:04:24.154888
2016-09-14,07:15,52.4,52.2,41.0,65.0,0.09,NE@2.0,3.5,67.8,0.0,218,"PK_McClenny, Franklin County",100172,PK_McClenny,2017-12-10 14:04:24.154888
2016-09-14,07:30,54.1,54.0,40.7,60.3,0.07,E@0.1,2.8,67.7,0.0,260,"PK_McClenny, Franklin County",100172,PK_McClenny,2017-12-10 14:04:24.154888
2016-09-14,07:45,55.6,55.5,39.2,53.9,0.0,N@0.0,0.0,67.7,0.0,303,"PK_McClenny, Franklin County",100172,PK_McClenny,2017-12-10 14:04:24.154888
2016-09-14,08:00,57.3,57.2,38.0,48.5,0.0,N@0.0,0.0,67.6,0.0,344,"PK_McClenny, Franklin County",100172,PK_McClenny,2017-12-10 14:04:24.154888
2016-09-14,08:15,58.9,58.9,37.5,44.9,0.0,S@1.4,5.3,67.5,0.0,385,"PK_McClenny, Franklin County",100172,PK_McClenny,2017-12-10 14:04:24.154888
2016-09-14,08:30,59.4,59.4,37.1,43.2,0.0,S@4.2,6.4,67.5,0.0,425,"PK_McClenny, Franklin County",100172,PK_McClenny,2017-12-10 14:04:24.154888
2016-09-14,08:45,61.3,61.3,37.4,40.9,0.0,S@3.7,6.4,67.4,0.0,463,"PK_McClenny, Franklin County",100172,PK_McClenny,2017-12-10 14:04:24.154888
2016-09-14,09:00,62.7,62.6,37.2,38.8,0.0,S@4.6,7.8,67.3,0.0,499,"PK_McClenny, Franklin County",100172,PK_McClenny,2017-12-10 14:04:24.154888
2016-09-14,09:15,64.4,64.4,36.6,35.6,0.0,S@5.1,8.2,67.3,0.0,534,"PK_McClenny, Franklin County",100172,PK_McClenny,2017-12-10 14:04:24.154888
2016-09-14,09:30,65.6,65.4,36.7,34.3,0.0,S@5.0,7.8,67.2,0.0,566,"PK_McClenny, Franklin County",100172,PK_McClenny,2017-12-10 14:04:24.154888
2016-09-14,09:45,66.8,66.8,36.4,32.5,0.0,S@5.2,8.5,67.1,0.0,596,"PK_McClenny, Franklin County",100172,PK_McClenny,2017-12-10 14:04:24.154888
2016-09-14,10:00,68.2,68.3,36.0,30.4,0.0,SW@4.2,7.4,67.1,0.0,623,"PK_McClenny, Franklin County",100172,PK_McClenny,2017-12-10 14:04:24.154888
2016-09-14,10:15,68.9,68.7,35.5,29.2,0.0,SW@5.6,9.2,67.0,0.0,646,"PK_McClenny, Franklin County",100172,PK_McClenny,2017-12-10 14:04:24.154888
2016-09-14,10:30,70.3,70.2,35.9,28.1,0.0,S@5.7,8.9,67.0,0.0,655,"PK_McClenny, Franklin County",100172,PK_McClenny,2017-12-10 14:04:24.154888
2016-09-14,10:45,70.9,70.9,35.8,27.5,0.0,SW@5.6,9.2,66.9,0.0,686,"PK_McClenny, Franklin County",100172,PK_McClenny,2017-12-10 14:04:24.154888
2016-09-14,11:00,72.2,72.1,35.2,25.8,0.0,SW@5.7,9.6,66.8,0.0,702,"PK_McClenny, Franklin County",100172,PK_McClenny,2017-12-10 14:04:24.154888
2016-09-14,11:15,73.3,73.2,35.2,24.8,0.0,SW@7.2,11.4,66.8,0.0,715,"PK_McClenny, Franklin County",100172,PK_McClenny,2017-12-10 14:04:24.154888
2016-09-14,11:30,74.4,74.3,35.9,24.5,0.0,SW@6.8,10.3,66.7,0.0,723,"PK_McClenny, Franklin County",100172,PK_McClenny,2017-12-10 14:04:24.154888
2016-09-14,11:45,75.1,75.0,35.9,24.0,0.0,S@6.4,10.3,66.7,0.0,729,"PK_McClenny, Franklin County",100172,PK_McClenny,2017-12-10 14:04:24.154888
2016-09-14,12:00,76.4,76.2,35.1,22.3,0.0,SW@6.2,9.6,66.6,0.0,731,"PK_McClenny, Franklin County",100172,PK_McClenny,2017-12-10 14:04:24.154888
2016-09-14,12:15,76.6,76.5,35.0,22.0,0.0,SW@6.2,12.1,66.6,0.0,730,"PK_McClenny, Franklin County",100172,PK_McClenny,2017-12-10 14:04:24.154888
2016-09-14,12:30,77.1,77.1,33.9,20.7,0.0,W@7.0,11.4,66.5,0.0,725,"PK_McClenny, Franklin County",100172,PK_McClenny,2017-12-10 14:04:24.154888
2016-09-14,12:45,77.7,77.6,34.3,20.7,0.0,W@7.6,13.5,66.5,0.0,715,"PK_McClenny, Franklin County",100172,PK_McClenny,2017-12-10 14:04:24.154888
2016-09-14,13:00,78.0,77.9,34.3,20.5,0.0,W@6.7,13.2,66.5,0.0,705,"PK_McClenny, Franklin County",100172,PK_McClenny,2017-12-10 14:04:24.154888
2016-09-14,13:15,78.6,78.6,34.2,20.0,0.0,SW@6.8,12.8,66.4,0.0,691,"PK_McClenny, Franklin County",100172,PK_McClenny,2017-12-10 14:04:24.154888
2016-09-14,13:30,79.5,79.5,33.8,19.1,0.0,W@6.1,11.0,66.4,0.0,674,"PK_McClenny, Franklin County",100172,PK_McClenny,2017-12-10 14:04:24.154888
2016-09-14,13:45,79.9,79.7,32.7,18.1,0.0,W@6.7,11.4,66.4,0.0,655,"PK_McClenny, Franklin County",100172,PK_McClenny,2017-12-10 14:04:24.154888
2016-09-14,14:00,80.1,80.1,31.4,17.0,0.0,W@6.2,12.1,66.3,0.0,632,"PK_McClenny, Franklin County",100172,PK_McClenny,2017-12-10 14:04:24.154888
2016-09-14,14:15,80.1,80.0,30.3,16.3,0.0,W@5.3,9.6,66.3,0.0,607,"PK_McClenny, Franklin County",100172,PK_McClenny,2017-12-10 14:04:24.154888
2016-09-14,14:30,80.7,80.6,30.5,16.1,0.0,W@5.4,9.6,66.3,0.0,576,"PK_McClenny, Franklin County",100172,PK_McClenny,2017-12-10 14:04:24.154888
2016-09-14,14:45,80.6,80.5,30.9,16.4,0.0,SW@5.3,10.7,66.3,0.0,545,"PK_McClenny, Franklin County",100172,PK_McClenny,2017-12-10 14:04:24.154888
2016-09-14,15:00,79.9,79.8,30.2,16.3,0.0,SW@5.5,10.3,66.3,0.0,509,"PK_McClenny, Franklin County",100172,PK_McClenny,2017-12-10 14:04:24.154888
2016-09-14,15:15,79.9,79.9,30.8,16.7,0.0,S@5.1,10.3,66.3,0.0,473,"PK_McClenny, Franklin County",100172,PK_McClenny,2017-12-10 14:04:24.154888
2016-09-14,15:30,80.0,80.0,31.2,16.9,0.0,SW@6.3,10.7,66.3,0.0,432,"PK_McClenny, Franklin County",100172,PK_McClenny,2017-12-10 14:04:24.154888
2016-09-14,15:45,79.7,79.6,30.7,16.7,0.0,S@5.0,8.5,66.3,0.0,394,"PK_McClenny, Franklin County",100172,PK_McClenny,2017-12-10 14:04:24.154888
2016-09-14,16:00,79.5,79.4,31.9,17.7,0.0,S@5.4,8.9,66.3,0.0,351,"PK_McClenny, Franklin County",100172,PK_McClenny,2017-12-10 14:04:24.154888
2016-09-14,16:15,78.9,78.8,31.3,17.6,0.0,S@5.5,8.5,66.3,0.0,307,"PK_McClenny, Franklin County",100172,PK_McClenny,2017-12-10 14:04:24.154888
2016-09-14,16:30,77.8,77.6,33.5,19.9,0.0,S@5.3,8.2,66.3,0.0,263,"PK_McClenny, Franklin County",100172,PK_McClenny,2017-12-10 14:04:24.154888
2016-09-14,16:45,76.9,76.7,32.9,20.1,0.0,S@5.1,8.2,66.3,0.0,219,"PK_McClenny, Franklin County",100172,PK_McClenny,2017-12-10 14:04:24.154888
2016-09-14,17:00,76.0,75.9,35.5,22.9,0.0,S@4.0,6.7,66.4,0.0,177,"PK_McClenny, Franklin County",100172,PK_McClenny,2017-12-10 14:04:24.154888
2016-09-14,17:15,74.6,74.5,38.3,26.8,0.0,S@3.1,4.9,66.4,0.0,135,"PK_McClenny, Franklin County",100172,PK_McClenny,2017-12-10 14:04:24.154888
2016-09-14,17:30,72.7,72.6,39.0,29.3,0.0,S@2.5,3.5,66.5,0.0,96,"PK_McClenny, Franklin County",100172,PK_McClenny,2017-12-10 14:04:24.154888
2016-09-14,17:45,71.4,70.8,39.8,31.7,0.0,S@0.1,2.1,66.5,0.0,45,"PK_McClenny, Franklin County",100172,PK_McClenny,2017-12-10 14:04:24.154888
2016-09-14,18:00,67.6,67.3,39.7,36.0,0.0,NE@0.5,2.8,66.5,0.0,12,"PK_McClenny, Franklin County",100172,PK_McClenny,2017-12-10 14:04:24.154888
2016-09-14,18:15,65.2,65.2,36.9,35.0,0.0,NE@1.8,3.1,66.6,0.0,5,"PK_McClenny, Franklin County",100172,PK_McClenny,2017-12-10 14:04:24.154888
2016-09-14,18:30,63.8,63.7,35.8,35.2,0.0,N@0.0,0.0,66.7,0.0,1,"PK_McClenny, Franklin County",100172,PK_McClenny,2017-12-10 14:04:24.154888
2016-09-14,18:45,62.8,62.5,35.1,35.5,0.0,NE@0.9,3.9,66.7,0.0,0,"PK_McClenny, Franklin County",100172,PK_McClenny,2017-12-10 14:04:24.154888
2016-09-14,19:00,61.1,60.7,34.2,36.3,0.0,NE@3.1,3.9,66.8,0.0,0,"PK_McClenny, Franklin County",100172,PK_McClenny,2017-12-10 14:04:24.154888
2016-09-14,19:15,58.9,58.5,34.5,39.8,0.0,NE@3.6,4.2,66.8,0.0,0,"PK_McClenny, Franklin County",100172,PK_McClenny,2017-12-10 14:04:24.154888
2016-09-14,19:30,58.9,58.9,33.6,38.3,0.0,NE@1.5,3.5,66.9,0.0,0,"PK_McClenny, Franklin County",100172,PK_McClenny,2017-12-10 14:04:24.154888
2016-09-14,19:45,58.2,57.9,33.8,39.6,0.0,NE@3.5,4.6,67.0,0.0,0,"PK_McClenny, Franklin County",100172,PK_McClenny,2017-12-10 14:04:24.154888
2016-09-14,20:00,56.8,56.6,33.5,41.2,0.0,NE@3.5,4.2,67.0,0.0,0,"PK_McClenny, Franklin County",100172,PK_McClenny,2017-12-10 14:04:24.154888
2016-09-14,20:15,56.6,56.5,32.9,40.4,0.0,NE@4.6,6.0,67.1,0.0,0,"PK_McClenny, Franklin County",100172,PK_McClenny,2017-12-10 14:04:24.154888
2016-09-14,20:30,55.3,55.2,33.1,42.9,0.0,NE@4.3,6.4,67.1,0.0,0,"PK_McClenny, Franklin County",100172,PK_McClenny,2017-12-10 14:04:24.154888
2016-09-14,20:45,56.1,56.0,32.6,40.7,0.0,NE@4.0,4.9,67.2,0.0,0,"PK_McClenny, Franklin County",100172,PK_McClenny,2017-12-10 14:04:24.154888
2016-09-14,21:00,54.2,54.0,35.6,49.4,0.0,NE@3.3,4.2,67.3,0.0,0,"PK_McClenny, Franklin County",100172,PK_McClenny,2017-12-10 14:04:24.154888
2016-09-14,21:15,54.0,53.7,34.5,47.4,0.0,NE@3.0,3.9,67.3,0.0,0,"PK_McClenny, Franklin County",100172,PK_McClenny,2017-12-10 14:04:24.154888
2016-09-14,21:30,56.1,56.1,33.5,42.2,0.0,NE@1.5,2.8,67.4,0.0,0,"PK_McClenny, Franklin County",100172,PK_McClenny,2017-12-10 14:04:24.154888
2016-09-14,21:45,56.0,55.9,32.7,41.1,0.0,NE@2.7,3.9,67.4,0.0,0,"PK_McClenny, Franklin County",100172,PK_McClenny,2017-12-10 14:04:24.154888
2016-09-14,22:00,56.0,55.7,32.8,41.3,0.0,NE@2.6,3.1,67.5,0.0,0,"PK_McClenny, Franklin County",100172,PK_McClenny,2017-12-10 14:04:24.154888
2016-09-14,22:15,54.5,54.1,32.9,43.8,0.0,NE@3.1,3.9,67.5,0.0,0,"PK_McClenny, Franklin County",100172,PK_McClenny,2017-12-10 14:04:24.154888
2016-09-14,22:30,55.2,54.9,32.5,41.9,0.0,NE@1.3,3.1,67.6,0.0,0,"PK_McClenny, Franklin County",100172,PK_McClenny,2017-12-10 14:04:24.154888
2016-09-14,22:45,52.4,52.0,33.1,47.7,0.0,N@0.0,0.0,67.6,0.0,0,"PK_McClenny, Franklin County",100172,PK_McClenny,2017-12-10 14:04:24.154888
2016-09-14,23:00,52.3,51.9,32.2,46.2,0.0,NE@2.8,4.2,67.6,0.0,0,"PK_McClenny, Franklin County",100172,PK_McClenny,2017-12-10 14:04:24.154888
2016-09-15,23:15,51.8,51.4,32.0,46.6,0.0,NE@2.4,3.5,67.7,0.0,0,"PK_McClenny, Franklin County",100172,PK_McClenny,2017-12-10 14:04:24.154888
2016-09-15,23:30,49.5,49.3,33.0,52.8,0.01,NE@0.2,3.5,67.7,0.0,0,"PK_McClenny, Franklin County",100172,PK_McClenny,2017-12-10 14:04:24.154888
2016-09-15,23:45,48.2,47.9,32.5,54.2,0.0,NE@3.2,4.6,67.7,0.0,0,"PK_McClenny, Franklin County",100172,PK_McClenny,2017-12-10 14:04:24.154888
2016-09-15,24:00,51.0,50.7,31.8,47.5,0.0,NE@1.3,3.1,67.7,0.0,0,"PK_McClenny, Franklin County",100172,PK_McClenny,2017-12-10 14:04:24.154888
2016-09-15,00:15,50.3,49.9,32.0,49.3,0.0,N@0.0,0.0,67.7,0.0,0,"PK_McClenny, Franklin County",100172,PK_McClenny,2017-12-10 14:04:24.154888
2016-09-15,00:30,48.8,48.5,32.2,52.5,0.0,N@0.0,0.0,67.8,0.0,0,"PK_McClenny, Franklin County",100172,PK_McClenny,2017-12-10 14:04:24.154888
2016-09-15,00:45,49.8,49.4,32.2,50.7,0.0,N@0.0,0.0,67.8,0.0,0,"PK_McClenny, Franklin County",100172,PK_McClenny,2017-12-10 14:04:24.154888
2016-09-15,01:00,48.0,47.7,33.5,56.9,0.0,NE@2.9,4.2,67.8,0.0,0,"PK_McClenny, Franklin County",100172,PK_McClenny,2017-12-10 14:04:24.154888
2016-09-15,01:15,49.9,49.6,35.7,57.9,0.02,NE@3.0,4.2,67.8,0.0,0,"PK_McClenny, Franklin County",100172,PK_McClenny,2017-12-10 14:04:24.154888
2016-09-15,01:30,49.4,49.0,34.2,55.6,0.0,NE@3.5,4.2,67.8,0.0,0,"PK_McClenny, Franklin County",100172,PK_McClenny,2017-12-10 14:04:24.154888
2016-09-15,01:45,49.0,48.7,34.5,57.2,0.0,NE@3.0,3.9,67.8,0.0,0,"PK_McClenny, Franklin County",100172,PK_McClenny,2017-12-10 14:04:24.154888
2016-09-15,02:00,48.4,48.3,35.3,60.5,0.05,N@2.8,3.1,67.8,0.0,0,"PK_McClenny, Franklin County",100172,PK_McClenny,2017-12-10 14:04:24.154888
2016-09-15,02:15,49.2,49.2,34.7,57.1,0.02,NE@2.6,3.1,67.8,0.0,0,"PK_McClenny, Franklin County",100172,PK_McClenny,2017-12-10 14:04:24.154888
2016-09-15,02:30,50.1,50.0,34.7,55.3,0.0,NE@2.8,3.1,67.8,0.0,0,"PK_McClenny, Franklin County",100172,PK_McClenny,2017-12-10 14:04:24.154888
2016-09-15,02:45,49.5,49.4,34.6,56.5,0.0,N@2.9,3.5,67.7,0.0,0,"PK_McClenny, Franklin County",100172,PK_McClenny,2017-12-10 14:04:24.154888
2016-09-15,03:00,49.4,49.2,34.6,56.5,0.01,NE@2.9,3.5,67.7,0.0,0,"PK_McClenny, Franklin County",100172,PK_McClenny,2017-12-10 14:04:24.154888
2016-09-15,03:15,47.7,47.4,34.9,60.9,0.06,NE@3.3,3.9,67.7,0.0,0,"PK_McClenny, Franklin County",100172,PK_McClenny,2017-12-10 14:04:24.154888
2016-09-15,03:30,48.0,47.7,35.1,60.5,0.05,NE@3.2,3.9,67.7,0.0,0,"PK_McClenny, Franklin County",100172,PK_McClenny,2017-12-10 14:04:24.154888
2016-09-15,03:45,48.7,48.5,35.4,59.8,0.06,NE@3.0,3.5,67.7,0.0,0,"PK_McClenny, Franklin County",100172,PK_McClenny,2017-12-10 14:04:24.154888
2016-09-15,04:00,50.0,49.7,35.7,57.6,0.05,NE@3.3,3.9,67.7,0.0,0,"PK_McClenny, Franklin County",100172,PK_McClenny,2017-12-10 14:04:24.154888
2016-09-15,04:15,48.2,47.8,35.8,62.0,0.06,NE@3.5,3.9,67.6,0.0,0,"PK_McClenny, Franklin County",100172,PK_McClenny,2017-12-10 14:04:24.154888
2016-09-15,04:30,48.8,48.4,35.7,60.4,0.06,NE@3.4,3.9,67.6,0.0,0,"PK_McClenny, Franklin County",100172,PK_McClenny,2017-12-10 14:04:24.154888
2016-09-15,04:45,47.5,47.4,36.1,64.3,0.07,NE@2.8,3.1,67.6,0.0,0,"PK_McClenny, Franklin County",100172,PK_McClenny,2017-12-10 14:04:24.154888
2016-09-15,05:00,47.9,47.9,36.4,64.4,0.07,N@2.9,3.5,67.6,0.0,0,"PK_McClenny, Franklin County",100172,PK_McClenny,2017-12-10 14:04:24.154888
2016-09-15,05:15,49.2,49.1,36.2,60.6,0.07,NE@3.3,4.2,67.5,0.0,0,"PK_McClenny, Franklin County",100172,PK_McClenny,2017-12-10 14:04:24.154888
2016-09-15,05:30,47.1,46.8,36.2,65.6,0.07,NE@3.5,4.2,67.5,0.0,2,"PK_McClenny, Franklin County",100172,PK_McClenny,2017-12-10 14:04:24.154888
2016-09-15,05:45,48.9,48.6,36.5,62.1,0.07,NE@3.3,3.9,67.5,0.0,8,"PK_McClenny, Franklin County",100172,PK_McClenny,2017-12-10 14:04:24.154888
2016-09-15,06:00,48.1,47.9,37.1,65.3,0.07,NE@3.2,3.9,67.4,0.0,31,"PK_McClenny, Franklin County",100172,PK_McClenny,2017-12-10 14:04:24.154888
2016-09-15,06:15,48.2,48.1,37.5,66.5,0.08,NE@2.2,3.9,67.4,0.0,61,"PK_McClenny, Franklin County",100172,PK_McClenny,2017-12-10 14:04:24.154888
2016-09-15,06:30,51.4,51.3,38.3,60.7,0.06,NE@2.3,3.5,67.3,0.0,95,"PK_McClenny, Franklin County",100172,PK_McClenny,2017-12-10 14:04:24.154888
2016-09-15,06:45,54.8,54.7,39.4,56.0,0.01,NE@0.8,2.8,67.3,0.0,132,"PK_McClenny, Franklin County",100172,PK_McClenny,2017-12-10 14:04:24.154888
2016-09-15,07:00,57.3,57.1,40.7,53.7,0.0,NE@0.0,1.4,67.3,0.0,170,"PK_McClenny, Franklin County",100172,PK_McClenny,2017-12-10 14:04:24.154888
2016-09-15,07:15,59.1,58.8,42.6,54.1,0.0,NE@0.2,2.4,67.2,0.0,211,"PK_McClenny, Franklin County",100172,PK_McClenny,2017-12-10 14:04:24.154888
2016-09-15,07:30,61.6,61.6,42.5,49.3,0.0,NE@0.1,2.4,67.2,0.0,252,"PK_McClenny, Franklin County",100172,PK_McClenny,2017-12-10 14:04:24.154888
2016-09-15,07:45,63.0,62.9,41.9,46.0,0.0,SE@0.2,2.8,67.1,0.0,294,"PK_McClenny, Franklin County",100172,PK_McClenny,2017-12-10 14:04:24.154888
2016-09-15,08:00,64.4,64.5,41.7,43.4,0.0,SE@0.0,2.1,67.1,0.0,336,"PK_McClenny, Franklin County",100172,PK_McClenny,2017-12-10 14:04:24.154888
2016-09-15,08:15,66.3,66.4,41.2,39.7,0.0,S@0.0,1.7,67.0,0.0,376,"PK_McClenny, Franklin County",100172,PK_McClenny,2017-12-10 14:04:24.154888
2016-09-15,08:30,66.8,66.8,41.5,39.7,0.0,S@4.6,7.1,66.9,0.0,414,"PK_McClenny, Franklin County",100172,PK_McClenny,2017-12-10 14:04:24.154888
2016-09-15,08:45,68.3,68.3,42.2,38.8,0.0,S@5.0,7.8,66.9,0.0,451,"PK_McClenny, Franklin County",100172,PK_McClenny,2017-12-10 14:04:24.154888
2016-09-15,09:00,69.4,69.3,42.4,37.6,0.0,S@5.5,7.8,66.8,0.0,486,"PK_McClenny, Franklin County",100172,PK_McClenny,2017-12-10 14:04:24.154888
2016-09-15,09:15,70.4,70.4,42.4,36.2,0.0,S@4.8,7.8,66.8,0.0,519,"PK_McClenny, Franklin County",100172,PK_McClenny,2017-12-10 14:04:24.154888
2016-09-15,09:30,71.1,71.1,42.4,35.4,0.0,SW@5.4,9.9,66.7,0.0,550,"PK_McClenny, Franklin County",100172,PK_McClenny,2017-12-10 14:04:24.154888
2016-09-15,09:45,72.3,72.2,42.4,34.1,0.0,S@4.5,7.8,66.7,0.0,580,"PK_McClenny, Franklin County",100172,PK_McClenny,2017-12-10 14:04:24.154888
2016-09-15,10:00,73.2,73.2,42.6,33.3,0.0,S@5.3,8.2,66.6,0.0,605,"PK_McClenny, Franklin County",100172,PK_McClenny,2017-12-10 14:04:24.154888
2016-09-15,10:15,73.9,73.7,42.5,32.4,0.0,S@5.0,7.8,66.6,0.0,629,"PK_McClenny, Franklin County",100172,PK_McClenny,2017-12-10 14:04:24.154888
2016-09-15,10:30,74.9,74.8,42.7,31.5,0.0,S@5.0,8.5,66.5,0.0,649,"PK_McClenny, Franklin County",100172,PK_McClenny,2017-12-10 14:04:24.154888
2016-09-15,10:45,75.7,75.7,42.1,30.0,0.0,S@5.1,9.2,66.5,0.0,666,"PK_McClenny, Franklin County",100172,PK_McClenny,2017-12-10 14:04:24.154888
2016-09-15,11:00,76.2,76.1,42.3,29.7,0.0,S@5.1,8.5,66.4,0.0,681,"PK_McClenny, Franklin County",100172,PK_McClenny,2017-12-10 14:04:24.154888
2016-09-15,11:15,77.0,77.0,42.3,29.0,0.0,S@4.8,7.8,66.4,0.0,693,"PK_McClenny, Franklin County",100172,PK_McClenny,2017-12-10 14:04:24.154888
2016-09-15,11:30,77.8,77.7,42.3,28.2,0.0,SW@4.3,10.3,66.3,0.0,701,"PK_McClenny, Franklin County",100172,PK_McClenny,2017-12-10 14:04:24.154888
2016-09-15,11:45,78.4,78.5,42.7,28.0,0.0,S@4.2,8.5,66.3,0.0,706,"PK_McClenny, Franklin County",100172,PK_McClenny,2017-12-10 14:04:24.154888
2016-09-15,12:00,79.2,79.2,42.4,27.0,0.0,S@3.6,8.5,66.3,0.0,708,"PK_McClenny, Franklin County",100172,PK_McClenny,2017-12-10 14:04:24.154888
2016-09-15,12:15,80.1,80.0,42.3,26.2,0.0,S@4.3,8.2,66.2,0.0,708,"PK_McClenny, Franklin County",100172,PK_McClenny,2017-12-10 14:04:24.154888
2016-09-15,12:30,80.2,80.1,41.4,25.2,0.0,S@4.9,8.5,66.2,0.0,704,"PK_McClenny, Franklin County",100172,PK_McClenny,2017-12-10 14:04:24.154888
2016-09-15,12:45,80.4,80.4,41.2,24.8,0.0,S@3.6,7.4,66.2,0.0,697,"PK_McClenny, Franklin County",100172,PK_McClenny,2017-12-10 14:04:24.154888
2016-09-15,13:00,80.6,80.4,40.7,24.1,0.0,S@4.1,7.1,66.1,0.0,687,"PK_McClenny, Franklin County",100172,PK_McClenny,2017-12-10 14:04:24.154888
2016-09-15,13:15,81.6,81.5,41.3,24.0,0.0,S@4.8,7.8,66.1,0.0,673,"PK_McClenny, Franklin County",100172,PK_McClenny,2017-12-10 14:04:24.154888
2016-09-15,13:30,82.0,82.0,40.8,23.2,0.0,S@4.5,8.5,66.1,0.0,654,"PK_McClenny, Franklin County",100172,PK_McClenny,2017-12-10 14:04:24.154888
2016-09-15,13:45,82.8,82.7,40.6,22.4,0.0,S@3.5,7.1,66.1,0.0,635,"PK_McClenny, Franklin County",100172,PK_McClenny,2017-12-10 14:04:24.154888
2016-09-15,14:00,83.4,83.3,40.2,21.6,0.0,S@4.3,7.8,66.1,0.0,610,"PK_McClenny, Franklin County",100172,PK_McClenny,2017-12-10 14:04:24.154888
2016-09-15,14:15,83.2,83.0,40.8,22.3,0.0,SE@3.8,10.3,66.1,0.0,582,"PK_McClenny, Franklin County",100172,PK_McClenny,2017-12-10 14:04:24.154888
2016-09-15,14:30,83.5,83.5,40.2,21.5,0.0,S@4.5,8.2,66.1,0.0,553,"PK_McClenny, Franklin County",100172,PK_McClenny,2017-12-10 14:04:24.154888
2016-09-15,14:45,84.2,84.2,39.8,20.8,0.0,S@4.1,7.8,66.1,0.0,524,"PK_McClenny, Franklin County",100172,PK_McClenny,2017-12-10 14:04:24.154888
2016-09-15,15:00,83.7,83.7,39.5,20.9,0.0,S@3.9,7.4,66.1,0.0,490,"PK_McClenny, Franklin County",100172,PK_McClenny,2017-12-10 14:04:24.154888
2016-09-15,15:15,83.4,83.3,39.9,21.4,0.0,S@4.6,8.2,66.1,0.0,431,"PK_McClenny, Franklin County",100172,PK_McClenny,2017-12-10 14:04:24.154888
2016-09-15,15:30,82.9,82.7,40.5,22.2,0.0,S@5.0,8.9,66.1,0.0,413,"PK_McClenny, Franklin County",100172,PK_McClenny,2017-12-10 14:04:24.154888
2016-09-15,15:45,82.4,82.3,39.5,21.8,0.0,S@5.2,8.5,66.1,0.0,373,"PK_McClenny, Franklin County",100172,PK_McClenny,2017-12-10 14:04:24.154888
2016-09-15,16:00,82.3,82.2,37.6,20.3,0.0,S@4.8,7.1,66.1,0.0,332,"PK_McClenny, Franklin County",100172,PK_McClenny,2017-12-10 14:04:24.154888
2016-09-15,16:15,82.2,82.2,38.4,21.0,0.0,S@4.0,6.4,66.2,0.0,289,"PK_McClenny, Franklin County",100172,PK_McClenny,2017-12-10 14:04:24.154888
2016-09-15,16:30,81.9,81.8,39.7,22.3,0.0,S@3.5,6.0,66.2,0.0,249,"PK_McClenny, Franklin County",100172,PK_McClenny,2017-12-10 14:04:24.154888
2016-09-15,16:45,80.9,80.8,40.5,23.8,0.0,S@3.5,5.7,66.2,0.0,205,"PK_McClenny, Franklin County",100172,PK_McClenny,2017-12-10 14:04:24.154888
2016-09-15,17:00,80.0,79.9,41.5,25.4,0.0,S@2.7,3.9,66.3,0.0,163,"PK_McClenny, Franklin County",100172,PK_McClenny,2017-12-10 14:04:24.154888
2016-09-15,17:15,78.6,78.6,44.1,29.5,0.0,SE@2.3,2.8,66.3,0.0,123,"PK_McClenny, Franklin County",100172,PK_McClenny,2017-12-10 14:04:24.154888
2016-09-15,17:30,76.8,76.7,45.5,32.9,0.0,SE@1.2,2.8,66.4,0.0,86,"PK_McClenny, Franklin County",100172,PK_McClenny,2017-12-10 14:04:24.154888
2016-09-15,17:45,74.9,74.5,44.1,33.2,0.0,N@0.0,0.0,66.4,0.0,36,"PK_McClenny, Franklin County",100172,PK_McClenny,2017-12-10 14:04:24.154888
2016-09-15,18:00,71.0,70.7,42.6,35.9,0.0,NE@2.4,3.9,66.5,0.0,11,"PK_McClenny, Franklin County",100172,PK_McClenny,2017-12-10 14:04:24.154888
2016-09-15,18:15,68.8,68.5,41.2,36.6,0.0,NE@3.0,3.5,66.6,0.0,4,"PK_McClenny, Franklin County",100172,PK_McClenny,2017-12-10 14:04:24.154888
2016-09-15,18:30,65.8,65.5,40.2,39.0,0.0,NE@3.5,4.2,66.6,0.0,1,"PK_McClenny, Franklin County",100172,PK_McClenny,2017-12-10 14:04:24.154888
2016-09-15,18:45,64.7,64.4,39.5,39.4,0.0,NE@3.4,3.9,66.7,0.0,0,"PK_McClenny, Franklin County",100172,PK_McClenny,2017-12-10 14:04:24.154888
2016-09-15,19:00,63.8,63.5,39.8,41.3,0.0,NE@3.1,3.9,66.8,0.0,0,"PK_McClenny, Franklin County",100172,PK_McClenny,2017-12-10 14:04:24.154888
2016-09-15,19:15,63.8,63.7,39.0,39.9,0.0,NE@3.6,4.2,66.8,0.0,0,"PK_McClenny, Franklin County",100172,PK_McClenny,2017-12-10 14:04:24.154888
2016-09-15,19:30,62.8,62.6,39.6,42.4,0.0,NE@3.1,3.9,66.9,0.0,0,"PK_McClenny, Franklin County",100172,PK_McClenny,2017-12-10 14:04:24.154888
2016-09-15,19:45,61.5,61.3,39.5,44.1,0.0,NE@3.2,3.9,67.0,0.0,0,"PK_McClenny, Franklin County",100172,PK_McClenny,2017-12-10 14:04:24.154888
2016-09-15,20:00,61.4,61.3,39.5,44.3,0.0,NE@3.4,3.9,67.1,0.0,0,"PK_McClenny, Franklin County",100172,PK_McClenny,2017-12-10 14:04:24.154888
2016-09-15,20:15,62.3,62.1,39.3,42.6,0.0,NE@3.4,3.9,67.1,0.0,0,"PK_McClenny, Franklin County",100172,PK_McClenny,2017-12-10 14:04:24.154888
2016-09-15,20:30,61.9,61.7,39.1,42.8,0.0,NE@3.3,4.2,67.2,0.0,0,"PK_McClenny, Franklin County",100172,PK_McClenny,2017-12-10 14:04:24.154888
2016-09-15,20:45,61.4,61.1,39.2,43.8,0.0,NE@2.8,3.5,67.3,0.0,0,"PK_McClenny, Franklin County",100172,PK_McClenny,2017-12-10 14:04:24.154888
2016-09-15,21:00,58.0,57.7,40.3,51.6,0.0,E@2.9,3.1,67.3,0.0,0,"PK_McClenny, Franklin County",100172,PK_McClenny,2017-12-10 14:04:24.154888
2016-09-15,21:15,57.4,57.1,40.0,52.2,0.0,E@3.0,3.9,67.4,0.0,0,"PK_McClenny, Franklin County",100172,PK_McClenny,2017-12-10 14:04:24.154888
2016-09-15,21:30,58.6,58.5,39.4,48.7,0.0,NE@3.4,3.9,67.5,0.0,0,"PK_McClenny, Franklin County",100172,PK_McClenny,2017-12-10 14:04:24.154888
2016-09-15,21:45,58.9,58.7,39.0,47.5,0.0,NE@2.7,3.9,67.5,0.0,0,"PK_McClenny, Franklin County",100172,PK_McClenny,2017-12-10 14:04:24.154888
2016-09-15,22:00,56.7,56.5,40.0,53.4,0.0,NE@2.7,3.5,67.6,0.0,0,"PK_McClenny, Franklin County",100172,PK_McClenny,2017-12-10 14:04:24.154888
2016-09-15,22:15,55.9,55.7,39.9,54.9,0.0,NE@0.0,1.4,67.6,0.0,0,"PK_McClenny, Franklin County",100172,PK_McClenny,2017-12-10 14:04:24.154888
2016-09-15,22:30,55.6,55.5,39.5,54.5,0.0,NE@2.5,4.6,67.7,0.0,0,"PK_McClenny, Franklin County",100172,PK_McClenny,2017-12-10 14:04:24.154888
2016-09-15,22:45,56.6,56.4,39.3,52.1,0.0,NE@3.1,4.2,67.7,0.0,0,"PK_McClenny, Franklin County",100172,PK_McClenny,2017-12-10 14:04:24.154888
2016-09-15,23:00,55.5,55.2,39.4,54.4,0.0,NE@3.0,3.9,67.8,0.0,0,"PK_McClenny, Franklin County",100172,PK_McClenny,2017-12-10 14:04:24.154888
2016-09-16,23:15,53.8,53.5,39.1,57.4,0.0,NE@3.4,4.2,67.8,0.0,0,"PK_McClenny, Franklin County",100172,PK_McClenny,2017-12-10 14:04:24.154888
2016-09-16,23:30,54.4,54.1,40.0,58.1,0.0,NE@2.9,3.9,67.8,0.0,0,"PK_McClenny, Franklin County",100172,PK_McClenny,2017-12-10 14:04:24.154888
2016-09-16,23:45,53.2,53.0,39.6,59.8,0.0,NE@3.0,3.9,67.9,0.0,0,"PK_McClenny, Franklin County",100172,PK_McClenny,2017-12-10 14:04:24.154888
2016-09-16,24:00,53.1,52.9,39.6,60.0,0.0,NE@3.3,4.9,67.9,0.0,0,"PK_McClenny, Franklin County",100172,PK_McClenny,2017-12-10 14:04:24.154888
2016-09-16,00:15,53.4,53.3,39.9,60.0,0.0,NE@3.6,4.9,67.9,0.0,0,"PK_McClenny, Franklin County",100172,PK_McClenny,2017-12-10 14:04:24.154888
2016-09-16,00:30,54.2,54.0,39.5,57.3,0.0,NE@3.1,4.2,67.9,0.0,0,"PK_McClenny, Franklin County",100172,PK_McClenny,2017-12-10 14:04:24.154888
2016-09-16,00:45,55.1,55.0,39.0,54.5,0.0,NE@3.9,4.9,67.9,0.0,0,"PK_McClenny, Franklin County",100172,PK_McClenny,2017-12-10 14:04:24.154888
2016-09-16,01:00,53.0,52.8,39.8,60.8,0.01,NE@3.5,4.2,68.0,0.0,0,"PK_McClenny, Franklin County",100172,PK_McClenny,2017-12-10 14:04:24.154888
2016-09-16,01:15,52.7,52.5,39.6,60.9,0.01,NE@3.1,3.9,68.0,0.0,0,"PK_McClenny, Franklin County",100172,PK_McClenny,2017-12-10 14:04:24.154888
2016-09-16,01:30,52.2,52.1,39.5,61.8,0.04,NE@2.8,3.9,68.0,0.0,0,"PK_McClenny, Franklin County",100172,PK_McClenny,2017-12-10 14:04:24.154888
2016-09-16,01:45,50.9,50.7,39.4,64.5,0.06,N@0.0,0.0,68.0,0.0,0,"PK_McClenny, Franklin County",100172,PK_McClenny,2017-12-10 14:04:24.154888
2016-09-16,02:00,50.6,50.5,40.0,66.7,0.07,E@2.8,4.6,68.0,0.0,0,"PK_McClenny, Franklin County",100172,PK_McClenny,2017-12-10 14:04:24.154888
2016-09-16,02:15,48.4,48.3,39.4,70.8,0.08,NE@3.8,4.9,68.0,0.0,0,"PK_McClenny, Franklin County",100172,PK_McClenny,2017-12-10 14:04:24.154888
2016-09-16,02:30,50.8,50.6,39.5,65.0,0.07,NE@3.3,4.2,68.0,0.0,0,"PK_McClenny, Franklin County",100172,PK_McClenny,2017-12-10 14:04:24.154888
2016-09-16,02:45,49.9,49.6,39.6,67.6,0.08,NE@3.0,4.2,68.0,0.0,0,"PK_McClenny, Franklin County",100172,PK_McClenny,2017-12-10 14:04:24.154888
2016-09-16,03:00,49.0,48.7,39.0,68.3,0.08,NE@3.7,4.2,68.0,0.0,0,"PK_McClenny, Franklin County",100172,PK_McClenny,2017-12-10 14:04:24.154888
2016-09-16,03:15,48.8,48.6,39.1,69.0,0.08,NE@3.0,4.2,68.0,0.0,0,"PK_McClenny, Franklin County",100172,PK_McClenny,2017-12-10 14:04:24.154888
2016-09-16,03:30,50.2,49.9,39.6,66.8,0.08,E@0.4,3.1,68.0,0.0,0,"PK_McClenny, Franklin County",100172,PK_McClenny,2017-12-10 14:04:24.154888
2016-09-16,03:45,49.1,48.9,39.1,68.4,0.08,NE@2.9,4.6,68.0,0.0,0,"PK_McClenny, Franklin County",100172,PK_McClenny,2017-12-10 14:04:24.154888
2016-09-16,04:00,49.2,49.1,40.0,70.2,0.09,E@2.4,3.5,67.9,0.0,0,"PK_McClenny, Franklin County",100172,PK_McClenny,2017-12-10 14:04:24.154888
2016-09-16,04:15,48.2,48.0,39.9,72.7,0.1,NE@2.7,3.9,67.9,0.0,0,"PK_McClenny, Franklin County",100172,PK_McClenny,2017-12-10 14:04:24.154888
2016-09-16,04:30,49.0,48.8,40.3,71.9,0.1,E@0.9,3.5,67.9,0.0,0,"PK_McClenny, Franklin County",100172,PK_McClenny,2017-12-10 14:04:24.154888
2016-09-16,04:45,48.2,47.8,40.1,73.3,0.12,N@0.0,0.0,67.9,0.0,0,"PK_McClenny, Franklin County",100172,PK_McClenny,2017-12-10 14:04:24.154888
2016-09-16,05:00,46.7,46.3,39.2,75.1,0.12,N@0.0,0.0,67.9,0.0,0,"PK_McClenny, Franklin County",100172,PK_McClenny,2017-12-10 14:04:24.154888
2016-09-16,05:15,48.5,48.2,40.4,73.5,0.13,N@0.0,0.0,67.9,0.0,0,"PK_McClenny, Franklin County",100172,PK_McClenny,2017-12-10 14:04:24.154888
2016-09-16,05:30,47.0,46.7,39.4,74.8,0.13,N@0.0,0.0,67.8,0.0,1,"PK_McClenny, Franklin County",100172,PK_McClenny,2017-12-10 14:04:24.154888
2016-09-16,05:45,48.4,48.0,40.2,73.3,0.13,NE@0.2,4.2,67.8,0.0,7,"PK_McClenny, Franklin County",100172,PK_McClenny,2017-12-10 14:04:24.154888
2016-09-16,06:00,48.1,48.0,40.5,74.6,0.13,NE@3.4,4.6,67.8,0.0,20,"PK_McClenny, Franklin County",100172,PK_McClenny,2017-12-10 14:04:24.154888
2016-09-16,06:15,47.3,47.1,40.0,75.6,0.12,NE@3.1,3.9,67.7,0.0,58,"PK_McClenny, Franklin County",100172,PK_McClenny,2017-12-10 14:04:24.154888
2016-09-16,06:30,49.7,49.5,41.5,73.2,0.11,NE@2.8,3.9,67.7,0.0,92,"PK_McClenny, Franklin County",100172,PK_McClenny,2017-12-10 14:04:24.154888
2016-09-16,06:45,53.2,52.9,43.2,68.8,0.08,NE@3.0,4.2,67.7,0.0,129,"PK_McClenny, Franklin County",100172,PK_McClenny,2017-12-10 14:04:24.154888
2016-09-16,07:00,55.7,55.4,44.6,66.2,0.07,NE@1.7,3.9,67.6,0.0,168,"PK_McClenny, Franklin County",100172,PK_McClenny,2017-12-10 14:04:24.154888
2016-09-16,07:15,58.6,58.4,44.6,59.6,0.02,NE@1.6,3.5,67.6,0.0,209,"PK_McClenny, Franklin County",100172,PK_McClenny,2017-12-10 14:04:24.154888
2016-09-16,07:30,60.9,60.7,44.8,55.2,0.0,E@1.3,3.9,67.6,0.0,251,"PK_McClenny, Franklin County",100172,PK_McClenny,2017-12-10 14:04:24.154888
2016-09-16,07:45,62.1,61.9,44.9,53.1,0.0,E@3.0,4.6,67.5,0.0,296,"PK_McClenny, Franklin County",100172,PK_McClenny,2017-12-10 14:04:24.154888
2016-09-16,08:00,63.8,63.6,44.4,49.2,0.0,E@3.7,5.3,67.5,0.0,347,"PK_McClenny, Franklin County",100172,PK_McClenny,2017-12-10 14:04:24.154888
2016-09-16,08:15,65.8,65.7,44.0,45.2,0.0,E@1.3,4.6,67.4,0.0,376,"PK_McClenny, Franklin County",100172,PK_McClenny,2017-12-10 14:04:24.154888
2016-09-16,08:30,67.6,67.6,43.7,42.0,0.0,SE@2.2,6.0,67.4,0.0,445,"PK_McClenny, Franklin County",100172,PK_McClenny,2017-12-10 14:04:24.154888
2016-09-16,08:45,69.3,69.3,44.2,40.3,0.0,S@4.0,6.7,67.3,0.0,471,"PK_McClenny, Franklin County",100172,PK_McClenny,2017-12-10 14:04:24.154888
2016-09-16,09:00,70.2,70.2,44.9,40.1,0.0,S@3.1,5.3,67.3,0.0,483,"PK_McClenny, Franklin County",100172,PK_McClenny,2017-12-10 14:04:24.154888
2016-09-16,09:15,72.1,72.1,45.7,38.8,0.0,S@3.6,7.8,67.2,0.0,513,"PK_McClenny, Franklin County",100172,PK_McClenny,2017-12-10 14:04:24.154888
2016-09-16,09:30,73.7,73.7,45.9,37.0,0.0,S@5.6,10.7,67.2,0.0,545,"PK_McClenny, Franklin County",100172,PK_McClenny,2017-12-10 14:04:24.154888
2016-09-16,09:45,74.3,74.3,45.9,36.3,0.0,SW@6.0,8.5,67.2,0.0,583,"PK_McClenny, Franklin County",100172,PK_McClenny,2017-12-10 14:04:24.154888
2016-09-16,10:00,75.2,75.1,45.9,35.2,0.0,SW@5.5,9.2,67.1,0.0,562,"PK_McClenny, Franklin County",100172,PK_McClenny,2017-12-10 14:04:24.154888
2016-09-16,10:15,76.4,76.4,46.9,35.2,0.0,S@5.8,10.3,67.1,0.0,608,"PK_McClenny, Franklin County",100172,PK_McClenny,2017-12-10 14:04:24.154888
2016-09-16,10:30,77.1,77.0,46.8,34.2,0.0,S@5.2,8.5,67.0,0.0,648,"PK_McClenny, Franklin County",100172,PK_McClenny,2017-12-10 14:04:24.154888
2016-09-16,10:45,78.1,78.2,47.1,33.4,0.0,S@5.8,8.9,67.0,0.0,652,"PK_McClenny, Franklin County",100172,PK_McClenny,2017-12-10 14:04:24.154888
2016-09-16,11:00,79.1,79.1,47.5,32.8,0.0,S@6.0,10.7,67.0,0.0,667,"PK_McClenny, Franklin County",100172,PK_McClenny,2017-12-10 14:04:24.154888
2016-09-16,11:15,80.2,80.1,47.9,32.3,0.0,S@6.2,10.7,66.9,0.0,675,"PK_McClenny, Franklin County",100172,PK_McClenny,2017-12-10 14:04:24.154888
2016-09-16,11:30,80.7,80.7,47.6,31.3,0.0,SW@5.7,9.2,66.9,0.0,693,"PK_McClenny, Franklin County",100172,PK_McClenny,2017-12-10 14:04:24.154888
2016-09-16,11:45,81.7,81.7,47.8,30.5,0.0,SW@5.8,9.6,66.9,0.0,699,"PK_McClenny, Franklin County",100172,PK_McClenny,2017-12-10 14:04:24.154888
2016-09-16,12:00,82.9,82.9,45.8,27.3,0.0,S@6.3,10.3,66.8,0.0,704,"PK_McClenny, Franklin County",100172,PK_McClenny,2017-12-10 14:04:24.154888
2016-09-16,12:15,83.5,83.5,45.3,26.2,0.0,SW@5.8,10.3,66.8,0.0,705,"PK_McClenny, Franklin County",100172,PK_McClenny,2017-12-10 14:04:24.154888
2016-09-16,12:30,84.2,84.1,44.5,24.9,0.0,S@5.6,9.9,66.8,0.0,699,"PK_McClenny, Franklin County",100172,PK_McClenny,2017-12-10 14:04:24.154888
2016-09-16,12:45,85.4,85.3,44.2,23.7,0.0,SW@6.3,14.6,66.7,0.0,690,"PK_McClenny, Franklin County",100172,PK_McClenny,2017-12-10 14:04:24.154888
2016-09-16,13:00,85.6,85.6,43.9,23.2,0.0,SW@7.0,12.8,66.7,0.0,680,"PK_McClenny, Franklin County",100172,PK_McClenny,2017-12-10 14:04:24.154888
2016-09-16,13:15,86.3,86.2,42.6,21.6,0.0,SW@8.0,11.4,66.7,0.0,667,"PK_McClenny, Franklin County",100172,PK_McClenny,2017-12-10 14:04:24.154888
2016-09-16,13:30,87.0,87.0,42.0,20.7,0.0,SW@8.2,13.5,66.7,0.0,652,"PK_McClenny, Franklin County",100172,PK_McClenny,2017-12-10 14:04:24.154888
2016-09-16,13:45,87.3,87.2,42.6,21.0,0.0,SW@7.7,12.4,66.7,0.0,624,"PK_McClenny, Franklin County",100172,PK_McClenny,2017-12-10 14:04:24.154888
2016-09-16,14:00,87.8,87.8,42.1,20.2,0.0,SW@7.1,11.7,66.6,0.0,619,"PK_McClenny, Franklin County",100172,PK_McClenny,2017-12-10 14:04:24.154888
2016-09-16,14:15,87.0,87.0,41.8,20.5,0.0,SW@7.6,11.4,66.6,0.0,504,"PK_McClenny, Franklin County",100172,PK_McClenny,2017-12-10 14:04:24.154888
2016-09-16,14:30,86.9,86.9,41.2,20.1,0.0,SW@7.6,11.4,66.6,0.0,432,"PK_McClenny, Franklin County",100172,PK_McClenny,2017-12-10 14:04:24.154888
2016-09-16,14:45,86.0,86.0,41.1,20.6,0.0,SW@7.5,11.4,66.6,0.0,405,"PK_McClenny, Franklin County",100172,PK_McClenny,2017-12-10 14:04:24.154888
2016-09-16,15:00,87.3,87.2,41.9,20.4,0.0,S@6.3,10.3,66.6,0.0,467,"PK_McClenny, Franklin County",100172,PK_McClenny,2017-12-10 14:04:24.154888
2016-09-16,15:15,87.4,87.3,42.3,20.7,0.0,S@5.7,8.9,66.6,0.0,415,"PK_McClenny, Franklin County",100172,PK_McClenny,2017-12-10 14:04:24.154888
2016-09-16,15:30,88.4,88.4,41.4,19.4,0.0,SW@7.1,12.1,66.7,0.0,500,"PK_McClenny, Franklin County",100172,PK_McClenny,2017-12-10 14:04:24.154888
2016-09-16,15:45,88.1,88.0,41.6,19.7,0.0,S@6.4,9.9,66.7,0.0,428,"PK_McClenny, Franklin County",100172,PK_McClenny,2017-12-10 14:04:24.154888
2016-09-16,16:00,87.6,87.6,41.6,20.0,0.0,S@5.6,8.9,66.7,0.0,369,"PK_McClenny, Franklin County",100172,PK_McClenny,2017-12-10 14:04:24.154888
2016-09-16,16:15,85.8,85.9,41.0,20.7,0.0,SW@6.4,10.7,66.7,0.0,176,"PK_McClenny, Franklin County",100172,PK_McClenny,2017-12-10 14:04:24.154888
2016-09-16,16:30,83.5,83.5,44.7,25.7,0.0,S@3.8,6.0,66.8,0.0,130,"PK_McClenny, Franklin County",100172,PK_McClenny,2017-12-10 14:04:24.154888
2016-09-16,16:45,81.9,81.9,45.0,27.3,0.0,S@3.6,5.7,66.8,0.0,110,"PK_McClenny, Franklin County",100172,PK_McClenny,2017-12-10 14:04:24.154888
2016-09-16,17:00,81.6,81.6,45.4,28.0,0.0,S@3.5,4.9,66.9,0.0,114,"PK_McClenny, Franklin County",100172,PK_McClenny,2017-12-10 14:04:24.154888
2016-09-16,17:15,79.3,79.3,47.2,32.3,0.0,SE@2.6,4.2,66.9,0.0,71,"PK_McClenny, Franklin County",100172,PK_McClenny,2017-12-10 14:04:24.154888
2016-09-16,17:30,78.1,78.1,47.6,34.1,0.0,SE@0.0,1.4,67.0,0.0,44,"PK_McClenny, Franklin County",100172,PK_McClenny,2017-12-10 14:04:24.154888
2016-09-16,17:45,77.5,77.3,46.5,33.5,0.0,N@0.0,0.0,67.0,0.0,22,"PK_McClenny, Franklin County",100172,PK_McClenny,2017-12-10 14:04:24.154888
2016-09-16,18:00,75.8,75.7,45.7,34.4,0.0,N@0.0,0.0,67.1,0.0,8,"PK_McClenny, Franklin County",100172,PK_McClenny,2017-12-10 14:04:24.154888
2016-09-16,18:15,72.8,72.5,46.5,39.1,0.0,N@0.0,0.0,67.1,0.0,1,"PK_McClenny, Franklin County",100172,PK_McClenny,2017-12-10 14:04:24.154888
2016-09-16,18:30,70.4,70.2,44.6,39.4,0.0,N@0.0,0.0,67.2,0.0,0,"PK_McClenny, Franklin County",100172,PK_McClenny,2017-12-10 14:04:24.154888
2016-09-16,18:45,70.7,70.6,45.0,39.7,0.0,N@0.0,0.0,67.3,0.0,0,"PK_McClenny, Franklin County",100172,PK_McClenny,2017-12-10 14:04:24.154888
2016-09-16,19:00,70.5,70.3,44.5,39.2,0.0,N@0.0,0.0,67.3,0.0,0,"PK_McClenny, Franklin County",100172,PK_McClenny,2017-12-10 14:04:24.154888
2016-09-16,19:15,69.1,69.0,45.6,42.8,0.0,N@0.0,0.0,67.4,0.0,0,"PK_McClenny, Franklin County",100172,PK_McClenny,2017-12-10 14:04:24.154888
2016-09-16,19:30,68.1,68.0,44.8,43.1,0.0,NE@1.4,3.9,67.5,0.0,0,"PK_McClenny, Franklin County",100172,PK_McClenny,2017-12-10 14:04:24.154888
2016-09-16,19:45,67.5,67.3,44.7,43.6,0.0,NE@2.8,3.9,67.5,0.0,0,"PK_McClenny, Franklin County",100172,PK_McClenny,2017-12-10 14:04:24.154888
2016-09-16,20:00,67.8,67.6,44.2,42.4,0.0,NE@2.8,3.5,67.6,0.0,0,"PK_McClenny, Franklin County",100172,PK_McClenny,2017-12-10 14:04:24.154888
2016-09-16,20:15,65.5,65.2,44.6,46.8,0.0,NE@3.0,3.9,67.7,0.0,0,"PK_McClenny, Franklin County",100172,PK_McClenny,2017-12-10 14:04:24.154888
2016-09-16,20:30,64.5,64.3,44.0,47.4,0.0,NE@3.0,4.2,67.8,0.0,0,"PK_McClenny, Franklin County",100172,PK_McClenny,2017-12-10 14:04:24.154888
2016-09-16,20:45,66.0,65.8,43.6,44.2,0.0,N@1.8,3.5,67.8,0.0,0,"PK_McClenny, Franklin County",100172,PK_McClenny,2017-12-10 14:04:24.154888
2016-09-16,21:00,66.3,66.1,43.5,43.5,0.0,N@0.8,3.5,67.9,0.0,0,"PK_McClenny, Franklin County",100172,PK_McClenny,2017-12-10 14:04:24.154888
2016-09-16,21:15,67.4,67.3,43.4,41.7,0.0,S@1.1,6.0,67.9,0.0,0,"PK_McClenny, Franklin County",100172,PK_McClenny,2017-12-10 14:04:24.154888
2016-09-16,21:30,66.5,66.4,44.1,44.3,0.0,SW@1.8,5.7,68.0,0.0,0,"PK_McClenny, Franklin County",100172,PK_McClenny,2017-12-10 14:04:24.154888
2016-09-16,21:45,64.7,64.6,44.1,47.1,0.0,NE@1.2,3.1,68.1,0.0,0,"PK_McClenny, Franklin County",100172,PK_McClenny,2017-12-10 14:04:24.154888
2016-09-16,22:00,64.5,64.5,43.5,46.5,0.0,N@0.0,0.0,68.1,0.0,0,"PK_McClenny, Franklin County",100172,PK_McClenny,2017-12-10 14:04:24.154888
2016-09-16,22:15,63.7,63.6,43.8,48.1,0.0,N@0.0,0.0,68.2,0.0,0,"PK_McClenny, Franklin County",100172,PK_McClenny,2017-12-10 14:04:24.154888
2016-09-16,22:30,62.6,62.5,44.1,50.7,0.0,W@0.7,5.3,68.2,0.0,0,"PK_McClenny, Franklin County",100172,PK_McClenny,2017-12-10 14:04:24.154888
2016-09-16,22:45,65.5,65.5,44.3,46.2,0.0,SW@2.9,6.0,68.3,0.0,0,"PK_McClenny, Franklin County",100172,PK_McClenny,2017-12-10 14:04:24.154888
2016-09-16,23:00,63.6,63.6,44.2,49.1,0.0,SW@2.7,3.9,68.3,0.0,0,"PK_McClenny, Franklin County",100172,PK_McClenny,2017-12-10 14:04:24.154888
2016-09-17,23:15,62.9,62.9,44.3,50.5,0.0,SW@2.0,3.9,68.4,0.0,0,"PK_McClenny, Franklin County",100172,PK_McClenny,2017-12-10 14:04:24.154888
2016-09-17,23:30,63.4,63.3,44.0,49.0,0.0,N@0.0,0.0,68.4,0.0,0,"PK_McClenny, Franklin County",100172,PK_McClenny,2017-12-10 14:04:24.154888
2016-09-17,23:45,60.8,60.5,44.4,54.6,0.0,NE@0.8,3.9,68.4,0.0,0,"PK_McClenny, Franklin County",100172,PK_McClenny,2017-12-10 14:04:24.154888
2016-09-17,24:00,60.0,59.7,44.1,55.5,0.0,E@2.1,3.5,68.5,0.0,0,"PK_McClenny, Franklin County",100172,PK_McClenny,2017-12-10 14:04:24.154888
2016-09-17,00:15,58.6,58.3,44.1,58.5,0.0,E@0.3,2.4,68.5,0.0,0,"PK_McClenny, Franklin County",100172,PK_McClenny,2017-12-10 14:04:24.154888
2016-09-17,00:30,60.6,60.5,42.9,52.1,0.0,N@0.0,0.0,68.5,0.0,0,"PK_McClenny, Franklin County",100172,PK_McClenny,2017-12-10 14:04:24.154888
2016-09-17,00:45,61.6,61.4,43.2,50.8,0.0,N@0.0,0.0,68.6,0.0,0,"PK_McClenny, Franklin County",100172,PK_McClenny,2017-12-10 14:04:24.154888
2016-09-17,01:00,58.3,58.0,44.9,61.0,0.0,N@0.0,0.0,68.6,0.0,0,"PK_McClenny, Franklin County",100172,PK_McClenny,2017-12-10 14:04:24.154888
2016-09-17,01:15,58.9,58.8,44.2,57.9,0.0,N@0.0,0.0,68.6,0.0,0,"PK_McClenny, Franklin County",100172,PK_McClenny,2017-12-10 14:04:24.154888
2016-09-17,01:30,59.0,59.0,44.0,57.3,0.0,N@0.0,0.0,68.6,0.0,0,"PK_McClenny, Franklin County",100172,PK_McClenny,2017-12-10 14:04:24.154888
2016-09-17,01:45,60.5,60.3,44.7,55.9,0.0,N@0.0,0.0,68.6,0.0,0,"PK_McClenny, Franklin County",100172,PK_McClenny,2017-12-10 14:04:24.154888
2016-09-17,02:00,59.7,59.6,46.2,60.8,0.0,N@0.0,0.0,68.6,0.0,0,"PK_McClenny, Franklin County",100172,PK_McClenny,2017-12-10 14:04:24.154888
2016-09-17,02:15,59.4,59.3,47.2,63.8,0.0,N@0.0,0.0,68.6,0.0,0,"PK_McClenny, Franklin County",100172,PK_McClenny,2017-12-10 14:04:24.154888
2016-09-17,02:30,61.4,61.4,45.1,55.0,0.0,N@0.0,0.0,68.6,0.0,0,"PK_McClenny, Franklin County",100172,PK_McClenny,2017-12-10 14:04:24.154888
2016-09-17,02:45,62.6,62.6,46.3,55.0,0.0,S@1.1,3.1,68.6,0.0,0,"PK_McClenny, Franklin County",100172,PK_McClenny,2017-12-10 14:04:24.154888
2016-09-17,03:00,62.2,62.1,47.5,58.6,0.0,SW@2.6,3.1,68.6,0.0,0,"PK_McClenny, Franklin County",100172,PK_McClenny,2017-12-10 14:04:24.154888
2016-09-17,03:15,62.8,62.7,47.4,56.9,0.06,S@1.0,2.8,68.6,0.0,0,"PK_McClenny, Franklin County",100172,PK_McClenny,2017-12-10 14:04:24.154888
2016-09-17,03:30,64.0,63.9,46.9,53.7,0.0,SW@0.5,2.4,68.6,0.0,0,"PK_McClenny, Franklin County",100172,PK_McClenny,2017-12-10 14:04:24.154888
2016-09-17,03:45,63.4,63.3,47.4,55.9,0.0,N@0.0,0.0,68.6,0.0,0,"PK_McClenny, Franklin County",100172,PK_McClenny,2017-12-10 14:04:24.154888
2016-09-17,04:00,62.1,62.0,48.8,61.6,0.0,N@0.0,0.0,68.6,0.0,0,"PK_McClenny, Franklin County",100172,PK_McClenny,2017-12-10 14:04:24.154888
2016-09-17,04:15,60.7,60.5,48.7,64.7,0.03,E@1.5,3.5,68.6,0.0,0,"PK_McClenny, Franklin County",100172,PK_McClenny,2017-12-10 14:04:24.154888
2016-09-17,04:30,63.1,63.1,47.6,56.8,0.0,SW@2.6,4.2,68.6,0.0,0,"PK_McClenny, Franklin County",100172,PK_McClenny,2017-12-10 14:04:24.154888
2016-09-17,04:45,62.5,62.4,47.8,58.5,0.0,N@0.0,0.0,68.6,0.0,0,"PK_McClenny, Franklin County",100172,PK_McClenny,2017-12-10 14:04:24.154888
2016-09-17,05:00,63.4,63.3,47.7,56.4,0.0,N@0.0,0.0,68.5,0.0,0,"PK_McClenny, Franklin County",100172,PK_McClenny,2017-12-10 14:04:24.154888
2016-09-17,05:15,61.9,61.8,48.7,62.0,0.03,N@0.0,0.0,68.5,0.0,0,"PK_McClenny, Franklin County",100172,PK_McClenny,2017-12-10 14:04:24.154888
2016-09-17,05:30,62.4,62.2,48.3,59.8,0.0,N@0.0,0.0,68.5,0.0,0,"PK_McClenny, Franklin County",100172,PK_McClenny,2017-12-10 14:04:24.154888
2016-09-17,05:45,62.3,62.2,48.6,60.7,0.0,NE@0.0,1.4,68.5,0.0,1,"PK_McClenny, Franklin County",100172,PK_McClenny,2017-12-10 14:04:24.154888
2016-09-17,06:00,62.9,62.8,48.4,59.0,0.0,NW@0.1,2.4,68.5,0.0,3,"PK_McClenny, Franklin County",100172,PK_McClenny,2017-12-10 14:04:24.154888
2016-09-17,06:15,64.3,64.2,48.5,56.4,0.1,N@0.0,0.0,68.5,0.0,9,"PK_McClenny, Franklin County",100172,PK_McClenny,2017-12-10 14:04:24.154888
2016-09-17,06:30,63.8,63.8,49.6,59.9,0.01,N@0.0,0.0,68.5,0.0,19,"PK_McClenny, Franklin County",100172,PK_McClenny,2017-12-10 14:04:24.154888
2016-09-17,06:45,63.4,63.3,50.3,62.3,0.0,N@0.0,0.0,68.4,0.0,15,"PK_McClenny, Franklin County",100172,PK_McClenny,2017-12-10 14:04:24.154888
2016-09-17,07:00,63.5,63.4,50.2,61.9,0.03,N@0.0,0.0,68.4,0.0,22,"PK_McClenny, Franklin County",100172,PK_McClenny,2017-12-10 14:04:24.154888
2016-09-17,07:15,63.1,62.9,51.1,64.9,0.07,N@0.0,0.0,68.4,0.0,27,"PK_McClenny, Franklin County",100172,PK_McClenny,2017-12-10 14:04:24.154888
2016-09-17,07:30,64.4,64.4,51.3,62.3,0.02,S@2.4,4.9,68.4,0.0,39,"PK_McClenny, Franklin County",100172,PK_McClenny,2017-12-10 14:04:24.154888
2016-09-17,07:45,64.7,64.6,51.4,62.1,0.13,S@0.0,2.1,68.4,0.0,26,"PK_McClenny, Franklin County",100172,PK_McClenny,2017-12-10 14:04:24.154888
2016-09-17,08:00,63.6,63.5,53.9,70.6,0.65,N@0.0,0.0,68.3,0.0,29,"PK_McClenny, Franklin County",100172,PK_McClenny,2017-12-10 14:04:24.154888
2016-09-17,08:15,62.1,62.1,56.0,80.3,0.72,SW@0.0,1.7,68.3,0.0,37,"PK_McClenny, Franklin County",100172,PK_McClenny,2017-12-10 14:04:24.154888
2016-09-17,08:30,62.0,61.9,55.0,77.8,0.65,S@3.3,6.7,68.3,0.01,53,"PK_McClenny, Franklin County",100172,PK_McClenny,2017-12-10 14:04:24.154888
2016-09-17,08:45,62.0,61.9,56.9,83.3,0.65,SW@3.1,4.9,68.3,0.0,105,"PK_McClenny, Franklin County",100172,PK_McClenny,2017-12-10 14:04:24.154888
2016-09-17,09:00,63.2,63.1,56.0,77.4,0.38,SW@4.6,7.4,68.3,0.0,151,"PK_McClenny, Franklin County",100172,PK_McClenny,2017-12-10 14:04:24.154888
2016-09-17,09:15,63.6,63.5,56.5,77.7,0.11,S@4.4,7.1,68.3,0.0,157,"PK_McClenny, Franklin County",100172,PK_McClenny,2017-12-10 14:04:24.154888
2016-09-17,09:30,63.6,63.6,54.8,73.0,0.0,S@6.2,9.2,68.2,0.0,96,"PK_McClenny, Franklin County",100172,PK_McClenny,2017-12-10 14:04:24.154888
2016-09-17,09:45,62.9,62.9,54.9,75.0,0.0,S@5.8,9.2,68.2,0.0,61,"PK_McClenny, Franklin County",100172,PK_McClenny,2017-12-10 14:04:24.154888
2016-09-17,10:00,62.8,62.8,54.3,73.7,0.08,S@5.3,8.5,68.2,0.0,76,"PK_McClenny, Franklin County",100172,PK_McClenny,2017-12-10 14:04:24.154888
2016-09-17,10:15,63.5,63.6,52.9,68.3,0.0,S@6.1,8.9,68.2,0.0,87,"PK_McClenny, Franklin County",100172,PK_McClenny,2017-12-10 14:04:24.154888
2016-09-17,10:30,63.2,63.3,54.1,72.1,0.0,S@5.1,7.4,68.2,0.0,59,"PK_McClenny, Franklin County",100172,PK_McClenny,2017-12-10 14:04:24.154888
2016-09-17,10:45,62.3,62.3,54.7,76.1,0.09,S@5.2,7.8,68.2,0.0,72,"PK_McClenny, Franklin County",100172,PK_McClenny,2017-12-10 14:04:24.154888
2016-09-17,11:00,62.7,62.7,54.5,74.3,0.0,S@4.9,7.8,68.2,0.0,90,"PK_McClenny, Franklin County",100172,PK_McClenny,2017-12-10 14:04:24.154888
2016-09-17,11:15,63.2,63.2,54.5,73.2,0.1,S@5.0,7.1,68.2,0.0,118,"PK_McClenny, Franklin County",100172,PK_McClenny,2017-12-10 14:04:24.154888
2016-09-17,11:30,63.5,63.4,54.6,72.8,0.07,S@4.8,7.4,68.2,0.01,130,"PK_McClenny, Franklin County",100172,PK_McClenny,2017-12-10 14:04:24.154888
2016-09-17,11:45,63.3,63.3,54.8,73.7,0.1,S@5.5,10.7,68.2,0.0,140,"PK_McClenny, Franklin County",100172,PK_McClenny,2017-12-10 14:04:24.154888
2016-09-17,12:00,64.4,64.4,53.6,68.1,0.0,S@7.6,11.4,68.1,0.0,240,"PK_McClenny, Franklin County",100172,PK_McClenny,2017-12-10 14:04:24.154888
2016-09-17,12:15,66.2,66.3,52.7,61.7,0.0,S@10.3,16.7,68.1,0.0,238,"PK_McClenny, Franklin County",100172,PK_McClenny,2017-12-10 14:04:24.154888
2016-09-17,12:30,67.6,67.6,51.1,55.3,0.0,S@14.1,20.7,68.1,0.0,277,"PK_McClenny, Franklin County",100172,PK_McClenny,2017-12-10 14:04:24.154888
2016-09-17,12:45,68.1,68.1,51.8,56.0,0.0,SW@12.0,16.0,68.1,0.0,273,"PK_McClenny, Franklin County",100172,PK_McClenny,2017-12-10 14:04:24.154888
2016-09-17,13:00,68.7,68.7,51.5,54.1,0.0,S@11.2,16.4,68.0,0.0,295,"PK_McClenny, Franklin County",100172,PK_McClenny,2017-12-10 14:04:24.154888
2016-09-17,13:15,69.4,69.4,51.4,52.6,0.0,S@10.3,15.0,68.0,0.0,302,"PK_McClenny, Franklin County",100172,PK_McClenny,2017-12-10 14:04:24.154888
2016-09-17,13:30,69.6,69.6,51.0,51.6,0.0,S@8.6,12.4,68.0,0.0,237,"PK_McClenny, Franklin County",100172,PK_McClenny,2017-12-10 14:04:24.154888
2016-09-17,13:45,69.4,69.4,51.6,52.9,0.0,S@10.7,16.0,68.0,0.0,185,"PK_McClenny, Franklin County",100172,PK_McClenny,2017-12-10 14:04:24.154888
2016-09-17,14:00,69.8,69.8,51.3,51.8,0.0,SW@13.9,18.9,68.0,0.0,139,"PK_McClenny, Franklin County",100172,PK_McClenny,2017-12-10 14:04:24.154888
2016-09-17,14:15,69.9,70.0,52.2,53.4,0.0,SW@13.9,19.2,68.0,0.0,88,"PK_McClenny, Franklin County",100172,PK_McClenny,2017-12-10 14:04:24.154888
2016-09-17,14:30,69.9,70.0,53.3,55.6,0.0,SW@10.4,17.1,68.0,0.0,85,"PK_McClenny, Franklin County",100172,PK_McClenny,2017-12-10 14:04:24.154888
2016-09-17,14:45,70.2,70.2,54.4,57.4,0.0,SW@11.0,19.6,67.9,0.0,67,"PK_McClenny, Franklin County",100172,PK_McClenny,2017-12-10 14:04:24.154888
2016-09-17,15:00,67.3,67.2,57.5,70.7,0.11,SW@13.9,21.4,67.9,0.01,95,"PK_McClenny, Franklin County",100172,PK_McClenny,2017-12-10 14:04:24.154888
2016-09-17,15:15,66.8,66.7,57.8,72.9,0.04,SW@12.2,18.5,67.9,0.0,87,"PK_McClenny, Franklin County",100172,PK_McClenny,2017-12-10 14:04:24.154888
2016-09-17,15:30,66.9,66.9,57.3,70.9,0.0,SW@13.0,18.9,67.9,0.0,83,"PK_McClenny, Franklin County",100172,PK_McClenny,2017-12-10 14:04:24.154888
2016-09-17,15:45,66.7,66.8,56.7,70.0,0.0,SW@14.8,19.6,67.9,0.0,60,"PK_McClenny, Franklin County",100172,PK_McClenny,2017-12-10 14:04:24.154888
2016-09-17,16:00,65.8,65.8,57.1,73.4,0.0,SW@12.0,17.5,67.9,0.0,64,"PK_McClenny, Franklin County",100172,PK_McClenny,2017-12-10 14:04:24.154888
2016-09-17,16:15,66.1,66.2,56.7,71.5,0.0,SW@11.1,15.3,67.9,0.0,49,"PK_McClenny, Franklin County",100172,PK_McClenny,2017-12-10 14:04:24.154888
2016-09-17,16:30,65.9,66.0,56.6,71.9,0.0,SW@10.2,16.7,67.9,0.0,37,"PK_McClenny, Franklin County",100172,PK_McClenny,2017-12-10 14:04:24.154888
2016-09-17,16:45,65.6,65.7,56.8,73.1,0.0,SW@9.2,13.2,67.9,0.0,33,"PK_McClenny, Franklin County",100172,PK_McClenny,2017-12-10 14:04:24.154888
2016-09-17,17:00,65.4,65.4,56.5,72.9,0.0,SW@9.5,15.0,67.9,0.0,16,"PK_McClenny, Franklin County",100172,PK_McClenny,2017-12-10 14:04:24.154888
2016-09-17,17:15,65.0,65.0,56.2,73.1,0.0,SW@10.9,16.0,67.9,0.0,16,"PK_McClenny, Franklin County",100172,PK_McClenny,2017-12-10 14:04:24.154888
2016-09-17,17:30,64.8,64.9,55.5,71.7,0.0,SW@12.1,17.5,67.9,0.0,15,"PK_McClenny, Franklin County",100172,PK_McClenny,2017-12-10 14:04:24.154888
2016-09-17,17:45,64.7,64.7,54.8,70.4,0.0,SW@12.6,20.7,67.9,0.0,11,"PK_McClenny, Franklin County",100172,PK_McClenny,2017-12-10 14:04:24.154888
2016-09-17,18:00,64.3,64.3,54.3,69.8,0.0,SW@12.6,20.3,67.9,0.0,4,"PK_McClenny, Franklin County",100172,PK_McClenny,2017-12-10 14:04:24.154888
2016-09-17,18:15,63.6,63.7,53.9,70.6,0.0,SW@11.3,15.3,67.9,0.0,1,"PK_McClenny, Franklin County",100172,PK_McClenny,2017-12-10 14:04:24.154888
2016-09-17,18:30,63.1,63.1,53.9,71.9,0.0,SW@11.8,16.4,67.9,0.0,0,"PK_McClenny, Franklin County",100172,PK_McClenny,2017-12-10 14:04:24.154888
2016-09-17,18:45,62.4,62.4,54.2,74.6,0.0,S@9.3,15.0,67.9,0.0,0,"PK_McClenny, Franklin County",100172,PK_McClenny,2017-12-10 14:04:24.154888
2016-09-17,19:00,62.1,62.1,54.5,76.1,0.0,S@7.3,10.7,67.9,0.0,0,"PK_McClenny, Franklin County",100172,PK_McClenny,2017-12-10 14:04:24.154888
2016-09-17,19:15,61.8,61.9,54.9,77.9,0.0,SW@9.2,16.0,67.9,0.0,0,"PK_McClenny, Franklin County",100172,PK_McClenny,2017-12-10 14:04:24.154888
2016-09-17,19:30,61.4,61.4,55.3,80.3,0.03,SW@9.4,13.9,67.8,0.0,0,"PK_McClenny, Franklin County",100172,PK_McClenny,2017-12-10 14:04:24.154888
2016-09-17,19:45,61.4,61.5,55.1,79.6,0.0,SW@8.5,14.2,67.8,0.0,0,"PK_McClenny, Franklin County",100172,PK_McClenny,2017-12-10 14:04:24.154888
2016-09-17,20:00,61.6,61.7,55.0,78.6,0.0,SW@9.3,15.0,67.8,0.0,0,"PK_McClenny, Franklin County",100172,PK_McClenny,2017-12-10 14:04:24.154888
2016-09-17,20:15,61.9,62.0,54.9,77.7,0.0,SW@11.4,16.7,67.8,0.0,0,"PK_McClenny, Franklin County",100172,PK_McClenny,2017-12-10 14:04:24.154888
2016-09-17,20:30,61.6,61.6,55.1,79.1,0.0,SW@11.1,15.3,67.8,0.0,0,"PK_McClenny, Franklin County",100172,PK_McClenny,2017-12-10 14:04:24.154888
2016-09-17,20:45,61.5,61.5,55.1,79.6,0.0,SW@11.5,16.4,67.8,0.0,0,"PK_McClenny, Franklin County",100172,PK_McClenny,2017-12-10 14:04:24.154888
2016-09-17,21:00,61.5,61.5,55.0,79.0,0.0,SW@7.2,15.7,67.8,0.0,0,"PK_McClenny, Franklin County",100172,PK_McClenny,2017-12-10 14:04:24.154888
2016-09-17,21:15,61.4,61.4,54.9,79.1,0.0,SW@7.3,11.0,67.8,0.0,0,"PK_McClenny, Franklin County",100172,PK_McClenny,2017-12-10 14:04:24.154888
2016-09-17,21:30,61.9,61.9,54.5,76.6,0.0,SW@9.4,14.6,67.8,0.0,0,"PK_McClenny, Franklin County",100172,PK_McClenny,2017-12-10 14:04:24.154888
2016-09-17,21:45,62.2,62.2,54.3,75.4,0.0,SW@9.7,14.6,67.8,0.0,0,"PK_McClenny, Franklin County",100172,PK_McClenny,2017-12-10 14:04:24.154888
2016-09-17,22:00,62.0,62.1,54.3,75.7,0.0,SW@8.6,13.2,67.8,0.0,0,"PK_McClenny, Franklin County",100172,PK_McClenny,2017-12-10 14:04:24.154888
2016-09-17,22:15,61.4,61.4,54.1,76.7,0.0,SW@7.0,10.3,67.8,0.0,0,"PK_McClenny, Franklin County",100172,PK_McClenny,2017-12-10 14:04:24.154888
2016-09-17,22:30,60.6,60.6,53.9,78.6,0.0,SW@5.7,8.5,67.8,0.0,0,"PK_McClenny, Franklin County",100172,PK_McClenny,2017-12-10 14:04:24.154888
2016-09-17,22:45,60.0,59.9,53.7,79.7,0.0,SW@5.7,7.8,67.8,0.0,0,"PK_McClenny, Franklin County",100172,PK_McClenny,2017-12-10 14:04:24.154888
2016-09-17,23:00,58.9,58.9,53.4,81.9,0.01,SW@4.3,6.4,67.8,0.0,0,"PK_McClenny, Franklin County",100172,PK_McClenny,2017-12-10 14:04:24.154888
2016-09-18,23:15,56.8,56.7,52.8,86.3,0.1,S@3.7,4.9,67.8,0.0,0,"PK_McClenny, Franklin County",100172,PK_McClenny,2017-12-10 14:04:24.154888
2016-09-18,23:30,55.8,55.7,52.4,88.4,0.2,SW@3.0,4.6,67.7,0.0,0,"PK_McClenny, Franklin County",100172,PK_McClenny,2017-12-10 14:04:24.154888
2016-09-18,23:45,55.2,55.0,52.0,88.9,0.35,SW@0.8,3.1,67.7,0.0,0,"PK_McClenny, Franklin County",100172,PK_McClenny,2017-12-10 14:04:24.154888
2016-09-18,24:00,54.6,54.4,51.7,90.0,0.37,NE@0.1,2.4,67.7,0.0,0,"PK_McClenny, Franklin County",100172,PK_McClenny,2017-12-10 14:04:24.154888
2016-09-18,00:15,55.2,55.1,51.8,88.4,0.52,N@0.0,0.0,67.8,0.0,0,"PK_McClenny, Franklin County",100172,PK_McClenny,2017-12-10 14:04:24.154888
2016-09-18,00:30,53.4,53.2,50.5,89.9,0.53,N@0.0,0.0,67.8,0.0,0,"PK_McClenny, Franklin County",100172,PK_McClenny,2017-12-10 14:04:24.154888
2016-09-18,00:45,52.5,52.3,50.4,92.5,0.54,NE@1.2,3.5,67.8,0.0,0,"PK_McClenny, Franklin County",100172,PK_McClenny,2017-12-10 14:04:24.154888
2016-09-18,01:00,51.3,51.1,49.1,92.3,0.55,N@0.0,0.0,67.8,0.0,0,"PK_McClenny, Franklin County",100172,PK_McClenny,2017-12-10 14:04:24.154888
2016-09-18,01:15,52.1,51.9,50.4,93.7,0.54,N@0.0,0.0,67.8,0.0,0,"PK_McClenny, Franklin County",100172,PK_McClenny,2017-12-10 14:04:24.154888
2016-09-18,01:30,50.7,50.6,49.1,94.1,0.53,NE@0.0,1.4,67.7,0.0,0,"PK_McClenny, Franklin County",100172,PK_McClenny,2017-12-10 14:04:24.154888
2016-09-18,01:45,51.8,51.7,50.5,95.2,0.53,N@0.0,0.0,67.7,0.0,0,"PK_McClenny, Franklin County",100172,PK_McClenny,2017-12-10 14:04:24.154888
2016-09-18,02:00,51.0,50.8,49.7,94.9,0.53,E@1.5,4.2,67.7,0.0,0,"PK_McClenny, Franklin County",100172,PK_McClenny,2017-12-10 14:04:24.154888
2016-09-18,02:15,50.9,50.6,49.6,95.3,0.54,N@0.0,0.0,67.7,0.0,0,"PK_McClenny, Franklin County",100172,PK_McClenny,2017-12-10 14:04:24.154888
2016-09-18,02:30,49.9,49.6,48.4,94.4,0.54,N@0.0,0.0,67.7,0.0,0,"PK_McClenny, Franklin County",100172,PK_McClenny,2017-12-10 14:04:24.154888
2016-09-18,02:45,49.1,49.0,47.8,95.3,0.55,SW@0.0,1.4,67.6,0.0,0,"PK_McClenny, Franklin County",100172,PK_McClenny,2017-12-10 14:04:24.154888
2016-09-18,03:00,51.4,51.2,50.4,96.4,0.56,N@0.0,0.0,67.6,0.0,0,"PK_McClenny, Franklin County",100172,PK_McClenny,2017-12-10 14:04:24.154888
2016-09-18,03:15,51.6,51.4,50.3,95.3,0.57,N@0.0,0.0,67.6,0.0,0,"PK_McClenny, Franklin County",100172,PK_McClenny,2017-12-10 14:04:24.154888
2016-09-18,03:30,51.2,51.1,50.0,95.5,0.58,E@0.0,1.4,67.6,0.0,0,"PK_McClenny, Franklin County",100172,PK_McClenny,2017-12-10 14:04:24.154888
2016-09-18,03:45,49.4,49.2,47.9,94.5,0.58,N@0.0,0.0,67.5,0.0,0,"PK_McClenny, Franklin County",100172,PK_McClenny,2017-12-10 14:04:24.154888
2016-09-18,04:00,51.3,51.2,50.3,96.2,0.59,N@0.0,0.0,67.5,0.0,0,"PK_McClenny, Franklin County",100172,PK_McClenny,2017-12-10 14:04:24.154888
2016-09-18,04:15,51.5,51.3,50.3,95.5,0.59,N@0.0,0.0,67.5,0.0,0,"PK_McClenny, Franklin County",100172,PK_McClenny,2017-12-10 14:04:24.154888
2016-09-18,04:30,50.8,50.6,49.5,95.2,0.6,N@0.0,0.0,67.5,0.0,0,"PK_McClenny, Franklin County",100172,PK_McClenny,2017-12-10 14:04:24.154888
2016-09-18,04:45,51.6,51.4,50.4,95.6,0.61,N@0.0,0.0,67.4,0.0,0,"PK_McClenny, Franklin County",100172,PK_McClenny,2017-12-10 14:04:24.154888
2016-09-18,05:00,53.2,53.0,51.8,94.8,0.61,N@0.0,0.0,67.4,0.0,0,"PK_McClenny, Franklin County",100172,PK_McClenny,2017-12-10 14:04:24.154888
2016-09-18,05:15,53.7,53.4,51.7,93.0,0.62,N@0.0,0.0,67.4,0.0,0,"PK_McClenny, Franklin County",100172,PK_McClenny,2017-12-10 14:04:24.154888
2016-09-18,05:30,54.3,54.1,52.2,92.6,0.63,N@0.0,0.0,67.4,0.0,1,"PK_McClenny, Franklin County",100172,PK_McClenny,2017-12-10 14:04:24.154888
2016-09-18,05:45,55.9,55.8,53.5,91.8,0.65,W@2.3,4.9,67.3,0.0,3,"PK_McClenny, Franklin County",100172,PK_McClenny,2017-12-10 14:04:24.154888
2016-09-18,06:00,56.2,56.0,53.2,89.5,0.67,W@0.4,3.9,67.3,0.0,14,"PK_McClenny, Franklin County",100172,PK_McClenny,2017-12-10 14:04:24.154888
2016-09-18,06:15,56.5,56.5,53.5,89.6,0.68,N@0.0,0.0,67.3,0.0,33,"PK_McClenny, Franklin County",100172,PK_McClenny,2017-12-10 14:04:24.154888
2016-09-18,06:30,56.2,56.1,53.4,90.2,0.7,N@0.0,0.0,67.2,0.0,53,"PK_McClenny, Franklin County",100172,PK_McClenny,2017-12-10 14:04:24.154888
2016-09-18,06:45,57.1,57.2,54.1,89.6,0.72,N@0.0,0.0,67.2,0.0,140,"PK_McClenny, Franklin County",100172,PK_McClenny,2017-12-10 14:04:24.154888
2016-09-18,07:00,58.9,59.0,55.1,87.1,0.74,N@0.0,0.0,67.2,0.0,161,"PK_McClenny, Franklin County",100172,PK_McClenny,2017-12-10 14:04:24.154888
2016-09-18,07:15,59.5,59.3,55.2,85.7,0.66,N@0.0,0.0,67.1,0.0,141,"PK_McClenny, Franklin County",100172,PK_McClenny,2017-12-10 14:04:24.154888
2016-09-18,07:30,60.3,60.2,56.1,85.9,0.43,N@0.0,0.0,67.1,0.0,206,"PK_McClenny, Franklin County",100172,PK_McClenny,2017-12-10 14:04:24.154888
2016-09-18,07:45,61.4,61.5,56.1,82.8,0.12,SE@0.0,1.4,67.0,0.0,190,"PK_McClenny, Franklin County",100172,PK_McClenny,2017-12-10 14:04:24.154888
2016-09-18,08:00,61.4,61.3,56.3,83.1,0.06,SW@0.0,1.4,67.0,0.0,202,"PK_McClenny, Franklin County",100172,PK_McClenny,2017-12-10 14:04:24.154888
2016-09-18,08:15,62.3,62.2,56.1,80.2,0.0,SW@0.0,1.4,66.9,0.0,297,"PK_McClenny, Franklin County",100172,PK_McClenny,2017-12-10 14:04:24.154888
2016-09-18,08:30,63.5,63.4,56.4,77.4,0.0,SW@0.1,3.1,66.9,0.0,342,"PK_McClenny, Franklin County",100172,PK_McClenny,2017-12-10 14:04:24.154888
2016-09-18,08:45,65.1,64.9,55.9,72.1,0.0,S@0.9,5.3,66.8,0.0,377,"PK_McClenny, Franklin County",100172,PK_McClenny,2017-12-10 14:04:24.154888
2016-09-18,09:00,66.3,66.2,54.9,66.8,0.0,S@4.4,6.0,66.8,0.0,395,"PK_McClenny, Franklin County",100172,PK_McClenny,2017-12-10 14:04:24.154888
2016-09-18,09:15,67.3,67.3,53.2,60.6,0.0,S@4.2,6.4,66.8,0.0,438,"PK_McClenny, Franklin County",100172,PK_McClenny,2017-12-10 14:04:24.154888
2016-09-18,09:30,67.7,67.7,51.4,55.8,0.0,S@3.6,7.1,66.7,0.0,379,"PK_McClenny, Franklin County",100172,PK_McClenny,2017-12-10 14:04:24.154888
2016-09-18,09:45,67.7,67.7,50.7,54.4,0.0,SW@3.1,6.4,66.7,0.0,327,"PK_McClenny, Franklin County",100172,PK_McClenny,2017-12-10 14:04:24.154888
2016-09-18,10:00,68.1,68.1,50.2,52.7,0.0,SW@3.9,8.5,66.7,0.0,328,"PK_McClenny, Franklin County",100172,PK_McClenny,2017-12-10 14:04:24.154888
2016-09-18,10:15,68.8,68.7,50.5,52.1,0.0,S@3.7,7.4,66.6,0.0,345,"PK_McClenny, Franklin County",100172,PK_McClenny,2017-12-10 14:04:24.154888
2016-09-18,10:30,68.8,68.7,49.6,50.3,0.0,S@3.3,5.7,66.6,0.0,386,"PK_McClenny, Franklin County",100172,PK_McClenny,2017-12-10 14:04:24.154888
2016-09-18,10:45,69.7,69.8,49.7,48.9,0.0,W@2.7,6.7,66.6,0.0,510,"PK_McClenny, Franklin County",100172,PK_McClenny,2017-12-10 14:04:24.154888
2016-09-18,11:00,70.6,70.5,49.5,47.2,0.0,NW@3.2,6.4,66.5,0.0,565,"PK_McClenny, Franklin County",100172,PK_McClenny,2017-12-10 14:04:24.154888
2016-09-18,11:15,71.3,71.1,50.0,46.9,0.0,NW@3.7,8.2,66.5,0.0,661,"PK_McClenny, Franklin County",100172,PK_McClenny,2017-12-10 14:04:24.154888
2016-09-18,11:30,72.0,72.0,50.5,46.7,0.0,SW@3.6,6.4,66.5,0.0,598,"PK_McClenny, Franklin County",100172,PK_McClenny,2017-12-10 14:04:24.154888
2016-09-18,11:45,70.7,70.8,50.5,48.8,0.0,W@2.9,5.3,66.4,0.0,374,"PK_McClenny, Franklin County",100172,PK_McClenny,2017-12-10 14:04:24.154888
2016-09-18,12:00,71.2,71.1,50.8,48.6,0.0,NW@3.1,6.0,66.4,0.0,430,"PK_McClenny, Franklin County",100172,PK_McClenny,2017-12-10 14:04:24.154888
2016-09-18,12:15,72.7,72.7,52.0,48.1,0.0,SW@4.9,9.9,66.4,0.0,580,"PK_McClenny, Franklin County",100172,PK_McClenny,2017-12-10 14:04:24.154888
2016-09-18,12:30,74.3,74.1,52.5,46.4,0.0,SW@7.0,11.7,66.4,0.0,682,"PK_McClenny, Franklin County",100172,PK_McClenny,2017-12-10 14:04:24.154888
2016-09-18,12:45,74.9,74.8,52.8,46.1,0.0,SW@7.5,11.7,66.3,0.0,781,"PK_McClenny, Franklin County",100172,PK_McClenny,2017-12-10 14:04:24.154888
2016-09-18,13:00,75.5,75.4,52.2,44.1,0.0,SW@7.0,13.2,66.3,0.0,712,"PK_McClenny, Franklin County",100172,PK_McClenny,2017-12-10 14:04:24.154888
2016-09-18,13:15,74.2,74.2,52.1,45.9,0.0,SW@7.0,12.4,66.3,0.0,468,"PK_McClenny, Franklin County",100172,PK_McClenny,2017-12-10 14:04:24.154888
2016-09-18,13:30,73.7,73.6,52.0,46.6,0.0,SW@6.2,9.9,66.3,0.0,388,"PK_McClenny, Franklin County",100172,PK_McClenny,2017-12-10 14:04:24.154888
2016-09-18,13:45,73.4,73.5,51.4,45.9,0.0,W@5.5,10.3,66.3,0.0,338,"PK_McClenny, Franklin County",100172,PK_McClenny,2017-12-10 14:04:24.154888
2016-09-18,14:00,73.8,73.9,50.9,44.4,0.0,SW@6.0,10.7,66.3,0.0,383,"PK_McClenny, Franklin County",100172,PK_McClenny,2017-12-10 14:04:24.154888
2016-09-18,14:15,73.5,73.5,50.2,43.7,0.0,W@4.9,9.2,66.3,0.0,311,"PK_McClenny, Franklin County",100172,PK_McClenny,2017-12-10 14:04:24.154888
2016-09-18,14:30,75.3,75.3,51.7,43.6,0.0,S@5.2,9.2,66.3,0.0,549,"PK_McClenny, Franklin County",100172,PK_McClenny,2017-12-10 14:04:24.154888
2016-09-18,14:45,77.7,77.7,51.3,39.6,0.0,SW@6.9,15.0,66.3,0.0,628,"PK_McClenny, Franklin County",100172,PK_McClenny,2017-12-10 14:04:24.154888
2016-09-18,15:00,77.2,77.2,51.0,39.9,0.0,SW@8.2,14.2,66.3,0.0,505,"PK_McClenny, Franklin County",100172,PK_McClenny,2017-12-10 14:04:24.154888
2016-09-18,15:15,77.3,77.2,51.3,40.3,0.0,SW@9.1,15.0,66.3,0.0,474,"PK_McClenny, Franklin County",100172,PK_McClenny,2017-12-10 14:04:24.154888
2016-09-18,15:30,75.8,75.7,51.2,42.1,0.0,SW@10.2,15.7,66.3,0.0,358,"PK_McClenny, Franklin County",100172,PK_McClenny,2017-12-10 14:04:24.154888
2016-09-18,15:45,76.0,76.0,51.3,42.0,0.0,SW@8.0,11.7,66.3,0.0,304,"PK_McClenny, Franklin County",100172,PK_McClenny,2017-12-10 14:04:24.154888
2016-09-18,16:00,75.7,75.6,51.6,43.0,0.0,SW@7.9,16.0,66.4,0.0,285,"PK_McClenny, Franklin County",100172,PK_McClenny,2017-12-10 14:04:24.154888
2016-09-18,16:15,73.0,72.9,54.3,51.9,0.0,S@10.4,15.7,66.4,0.0,215,"PK_McClenny, Franklin County",100172,PK_McClenny,2017-12-10 14:04:24.154888
2016-09-18,16:30,71.4,71.3,54.4,55.0,0.0,S@9.2,12.4,66.4,0.0,150,"PK_McClenny, Franklin County",100172,PK_McClenny,2017-12-10 14:04:24.154888
2016-09-18,16:45,72.1,72.0,54.1,53.0,0.0,S@9.1,14.6,66.4,0.0,190,"PK_McClenny, Franklin County",100172,PK_McClenny,2017-12-10 14:04:24.154888
2016-09-18,17:00,71.6,71.5,54.2,54.1,0.0,S@9.7,14.2,66.5,0.0,150,"PK_McClenny, Franklin County",100172,PK_McClenny,2017-12-10 14:04:24.154888
2016-09-18,17:15,70.5,70.3,54.7,57.3,0.0,S@10.4,13.9,66.5,0.0,112,"PK_McClenny, Franklin County",100172,PK_McClenny,2017-12-10 14:04:24.154888
2016-09-18,17:30,69.1,69.0,54.8,60.4,0.0,S@8.8,13.5,66.5,0.0,67,"PK_McClenny, Franklin County",100172,PK_McClenny,2017-12-10 14:04:24.154888
2016-09-18,17:45,67.4,67.4,54.9,64.0,0.0,S@5.8,8.5,66.6,0.0,18,"PK_McClenny, Franklin County",100172,PK_McClenny,2017-12-10 14:04:24.154888
2016-09-18,18:00,65.6,65.6,55.0,68.5,0.0,SE@2.5,5.3,66.6,0.0,9,"PK_McClenny, Franklin County",100172,PK_McClenny,2017-12-10 14:04:24.154888
2016-09-18,18:15,63.7,63.7,54.6,72.1,0.0,S@2.3,5.3,66.7,0.0,2,"PK_McClenny, Franklin County",100172,PK_McClenny,2017-12-10 14:04:24.154888
2016-09-18,18:30,64.3,64.4,54.6,70.6,0.0,S@5.2,7.1,66.7,0.0,0,"PK_McClenny, Franklin County",100172,PK_McClenny,2017-12-10 14:04:24.154888
2016-09-18,18:45,62.5,62.5,53.7,73.0,0.0,SW@1.5,6.0,66.8,0.0,0,"PK_McClenny, Franklin County",100172,PK_McClenny,2017-12-10 14:04:24.154888
2016-09-18,19:00,61.1,61.0,53.0,74.7,0.0,N@0.0,0.0,66.8,0.0,0,"PK_McClenny, Franklin County",100172,PK_McClenny,2017-12-10 14:04:24.154888
2016-09-18,19:15,60.9,60.9,52.1,72.6,0.0,NE@0.9,5.3,66.9,0.0,0,"PK_McClenny, Franklin County",100172,PK_McClenny,2017-12-10 14:04:24.154888
2016-09-18,19:30,57.8,57.5,51.1,78.3,0.0,NE@2.3,4.6,66.9,0.0,0,"PK_McClenny, Franklin County",100172,PK_McClenny,2017-12-10 14:04:24.154888
2016-09-18,19:45,60.1,60.0,51.5,73.2,0.0,SW@4.7,8.2,67.0,0.0,0,"PK_McClenny, Franklin County",100172,PK_McClenny,2017-12-10 14:04:24.154888
2016-09-18,20:00,61.5,61.5,49.3,64.3,0.0,SW@6.9,12.4,67.0,0.0,0,"PK_McClenny, Franklin County",100172,PK_McClenny,2017-12-10 14:04:24.154888
2016-09-18,20:15,64.1,64.2,43.2,46.5,0.0,W@10.7,16.0,67.0,0.0,0,"PK_McClenny, Franklin County",100172,PK_McClenny,2017-12-10 14:04:24.154888
2016-09-18,20:30,64.2,64.3,40.8,42.2,0.0,NW@9.6,16.0,67.1,0.0,0,"PK_McClenny, Franklin County",100172,PK_McClenny,2017-12-10 14:04:24.154888
2016-09-18,20:45,63.5,63.6,40.2,42.3,0.0,NW@9.7,15.3,67.1,0.0,0,"PK_McClenny, Franklin County",100172,PK_McClenny,2017-12-10 14:04:24.154888
2016-09-18,21:00,63.3,63.3,39.9,42.1,0.0,W@8.5,13.9,67.2,0.0,0,"PK_McClenny, Franklin County",100172,PK_McClenny,2017-12-10 14:04:24.154888
2016-09-18,21:15,62.7,62.8,39.9,43.0,0.0,W@8.2,14.2,67.2,0.0,0,"PK_McClenny, Franklin County",100172,PK_McClenny,2017-12-10 14:04:24.154888
2016-09-18,21:30,61.7,61.7,40.4,45.4,0.0,W@7.6,11.7,67.2,0.0,0,"PK_McClenny, Franklin County",100172,PK_McClenny,2017-12-10 14:04:24.154888
2016-09-18,21:45,61.0,61.0,40.5,46.7,0.0,NW@6.5,10.7,67.3,0.0,0,"PK_McClenny, Franklin County",100172,PK_McClenny,2017-12-10 14:04:24.154888
2016-09-18,22:00,58.6,58.5,41.0,51.9,0.0,W@4.6,7.4,67.3,0.0,0,"PK_McClenny, Franklin County",100172,PK_McClenny,2017-12-10 14:04:24.154888
2016-09-18,22:15,59.3,59.3,40.9,50.4,0.0,W@6.2,10.3,67.3,0.0,0,"PK_McClenny, Franklin County",100172,PK_McClenny,2017-12-10 14:04:24.154888
2016-09-18,22:30,56.0,55.9,41.0,57.0,0.0,SW@5.2,8.2,67.4,0.0,0,"PK_McClenny, Franklin County",100172,PK_McClenny,2017-12-10 14:04:24.154888
2016-09-18,22:45,51.8,51.7,41.2,67.1,0.0,W@2.5,3.5,67.4,0.0,0,"PK_McClenny, Franklin County",100172,PK_McClenny,2017-12-10 14:04:24.154888
2016-09-18,23:00,52.7,52.6,41.3,65.1,0.0,S@4.2,7.1,67.4,0.0,0,"PK_McClenny, Franklin County",100172,PK_McClenny,2017-12-10 14:04:24.154888
2016-09-19,23:15,51.2,51.1,41.4,69.1,0.0,W@2.1,4.2,67.4,0.0,0,"PK_McClenny, Franklin County",100172,PK_McClenny,2017-12-10 14:04:24.154888
2016-09-19,23:30,50.4,50.2,41.6,71.5,0.0,SE@1.2,3.5,67.5,0.0,0,"PK_McClenny, Franklin County",100172,PK_McClenny,2017-12-10 14:04:24.154888
2016-09-19,23:45,48.0,47.8,40.9,76.3,0.0,NE@2.1,3.9,67.5,0.0,0,"PK_McClenny, Franklin County",100172,PK_McClenny,2017-12-10 14:04:24.154888
2016-09-19,24:00,49.9,49.5,41.4,72.5,0.0,S@1.6,3.1,67.5,0.0,0,"PK_McClenny, Franklin County",100172,PK_McClenny,2017-12-10 14:04:24.154888
2016-09-19,00:15,50.4,50.1,41.1,70.2,0.0,NW@3.8,7.4,67.5,0.0,0,"PK_McClenny, Franklin County",100172,PK_McClenny,2017-12-10 14:04:24.154888
2016-09-19,00:30,57.9,58.0,41.6,54.3,0.0,W@7.1,11.7,67.5,0.0,0,"PK_McClenny, Franklin County",100172,PK_McClenny,2017-12-10 14:04:24.154888
2016-09-19,00:45,58.8,58.9,41.0,51.4,0.0,W@6.2,8.9,67.5,0.0,0,"PK_McClenny, Franklin County",100172,PK_McClenny,2017-12-10 14:04:24.154888
2016-09-19,01:00,58.7,58.7,40.9,51.5,0.0,W@6.1,9.6,67.5,0.0,0,"PK_McClenny, Franklin County",100172,PK_McClenny,2017-12-10 14:04:24.154888
2016-09-19,01:15,57.9,57.9,40.8,52.9,0.0,W@4.2,8.2,67.5,0.0,0,"PK_McClenny, Franklin County",100172,PK_McClenny,2017-12-10 14:04:24.154888
2016-09-19,01:30,51.4,51.4,40.8,66.9,0.0,S@3.1,5.3,67.5,0.0,0,"PK_McClenny, Franklin County",100172,PK_McClenny,2017-12-10 14:04:24.154888
2016-09-19,01:45,49.5,49.3,40.6,71.4,0.0,S@1.0,4.9,67.5,0.0,0,"PK_McClenny, Franklin County",100172,PK_McClenny,2017-12-10 14:04:24.154888
2016-09-19,02:00,49.0,48.8,41.0,73.8,0.0,N@0.0,0.0,67.5,0.0,0,"PK_McClenny, Franklin County",100172,PK_McClenny,2017-12-10 14:04:24.154888
2016-09-19,02:15,46.7,46.5,40.4,78.4,0.0,N@0.0,0.0,67.5,0.0,0,"PK_McClenny, Franklin County",100172,PK_McClenny,2017-12-10 14:04:24.154888
2016-09-19,02:30,45.7,45.5,40.0,80.6,0.0,NE@1.7,3.5,67.5,0.0,0,"PK_McClenny, Franklin County",100172,PK_McClenny,2017-12-10 14:04:24.154888
2016-09-19,02:45,48.6,48.4,40.9,74.4,0.0,NE@2.6,3.9,67.5,0.0,0,"PK_McClenny, Franklin County",100172,PK_McClenny,2017-12-10 14:04:24.154888
2016-09-19,03:00,48.3,47.9,40.6,74.6,0.0,NE@3.0,3.9,67.5,0.0,0,"PK_McClenny, Franklin County",100172,PK_McClenny,2017-12-10 14:04:24.154888
2016-09-19,03:15,46.8,46.5,40.8,79.5,0.0,NE@2.8,3.9,67.4,0.0,0,"PK_McClenny, Franklin County",100172,PK_McClenny,2017-12-10 14:04:24.154888
2016-09-19,03:30,46.7,46.5,41.0,80.5,0.0,NE@3.8,5.3,67.4,0.0,0,"PK_McClenny, Franklin County",100172,PK_McClenny,2017-12-10 14:04:24.154888
2016-09-19,03:45,47.3,47.1,41.3,79.5,0.0,NE@2.9,4.6,67.4,0.0,0,"PK_McClenny, Franklin County",100172,PK_McClenny,2017-12-10 14:04:24.154888
2016-09-19,04:00,47.3,47.2,41.6,80.3,0.03,NE@0.2,3.9,67.4,0.0,0,"PK_McClenny, Franklin County",100172,PK_McClenny,2017-12-10 14:04:24.154888
2016-09-19,04:15,45.8,45.6,41.4,84.4,0.06,NE@3.0,3.9,67.4,0.0,0,"PK_McClenny, Franklin County",100172,PK_McClenny,2017-12-10 14:04:24.154888
2016-09-19,04:30,44.1,44.0,40.7,87.6,0.09,E@1.5,4.2,67.4,0.0,0,"PK_McClenny, Franklin County",100172,PK_McClenny,2017-12-10 14:04:24.154888
2016-09-19,04:45,45.3,45.1,42.0,88.2,0.14,NE@0.6,3.9,67.3,0.0,0,"PK_McClenny, Franklin County",100172,PK_McClenny,2017-12-10 14:04:24.154888
2016-09-19,05:00,44.9,44.7,41.4,87.3,0.12,NE@3.2,3.9,67.3,0.0,0,"PK_McClenny, Franklin County",100172,PK_McClenny,2017-12-10 14:04:24.154888
2016-09-19,05:15,46.6,46.4,43.2,87.8,0.16,NE@2.9,3.9,67.3,0.0,0,"PK_McClenny, Franklin County",100172,PK_McClenny,2017-12-10 14:04:24.154888
2016-09-19,05:30,46.6,46.4,43.4,88.6,0.22,NE@2.5,3.9,67.3,0.0,1,"PK_McClenny, Franklin County",100172,PK_McClenny,2017-12-10 14:04:24.154888
2016-09-19,05:45,45.1,44.8,42.5,90.4,0.19,NE@3.3,4.2,67.2,0.0,4,"PK_McClenny, Franklin County",100172,PK_McClenny,2017-12-10 14:04:24.154888
2016-09-19,06:00,47.0,46.7,44.6,91.1,0.22,NE@2.2,3.1,67.2,0.0,10,"PK_McClenny, Franklin County",100172,PK_McClenny,2017-12-10 14:04:24.154888
2016-09-19,06:15,47.4,47.2,44.9,91.1,0.19,NE@0.4,2.4,67.2,0.0,24,"PK_McClenny, Franklin County",100172,PK_McClenny,2017-12-10 14:04:24.154888
2016-09-19,06:30,47.9,47.8,45.7,91.8,0.17,N@0.0,0.0,67.1,0.0,39,"PK_McClenny, Franklin County",100172,PK_McClenny,2017-12-10 14:04:24.154888
2016-09-19,06:45,48.7,48.6,46.5,91.7,0.14,N@0.0,0.0,67.1,0.0,57,"PK_McClenny, Franklin County",100172,PK_McClenny,2017-12-10 14:04:24.154888
2016-09-19,07:00,50.7,50.6,47.8,89.6,0.11,N@0.0,0.0,67.0,0.0,76,"PK_McClenny, Franklin County",100172,PK_McClenny,2017-12-10 14:04:24.154888
2016-09-19,07:15,52.1,51.9,48.7,88.3,0.09,N@0.0,0.0,67.0,0.0,94,"PK_McClenny, Franklin County",100172,PK_McClenny,2017-12-10 14:04:24.154888
2016-09-19,07:30,53.0,52.8,49.3,87.2,0.09,N@0.0,0.0,67.0,0.0,98,"PK_McClenny, Franklin County",100172,PK_McClenny,2017-12-10 14:04:24.154888
2016-09-19,07:45,55.1,55.0,50.4,84.0,0.03,N@0.0,0.0,66.9,0.0,185,"PK_McClenny, Franklin County",100172,PK_McClenny,2017-12-10 14:04:24.154888
2016-09-19,08:00,56.4,56.3,49.8,78.6,0.0,S@2.2,4.6,66.9,0.0,200,"PK_McClenny, Franklin County",100172,PK_McClenny,2017-12-10 14:04:24.154888
2016-09-19,08:15,58.4,58.4,49.2,71.3,0.0,S@6.5,11.7,66.8,0.0,203,"PK_McClenny, Franklin County",100172,PK_McClenny,2017-12-10 14:04:24.154888
2016-09-19,08:30,59.7,59.7,47.7,64.5,0.0,S@7.2,10.3,66.8,0.0,226,"PK_McClenny, Franklin County",100172,PK_McClenny,2017-12-10 14:04:24.154888
2016-09-19,08:45,60.6,60.6,47.4,61.5,0.0,S@8.2,12.1,66.7,0.0,259,"PK_McClenny, Franklin County",100172,PK_McClenny,2017-12-10 14:04:24.154888
2016-09-19,09:00,61.0,61.0,47.0,59.9,0.0,S@9.1,11.7,66.7,0.0,245,"PK_McClenny, Franklin County",100172,PK_McClenny,2017-12-10 14:04:24.154888
2016-09-19,09:15,61.0,61.0,46.3,58.3,0.0,S@9.0,13.5,66.6,0.0,240,"PK_McClenny, Franklin County",100172,PK_McClenny,2017-12-10 14:04:24.154888
2016-09-19,09:30,61.7,61.7,45.5,55.0,0.0,SW@8.9,13.2,66.6,0.0,271,"PK_McClenny, Franklin County",100172,PK_McClenny,2017-12-10 14:04:24.154888
2016-09-19,09:45,62.1,62.0,45.6,54.7,0.0,SW@8.2,12.1,66.5,0.0,292,"PK_McClenny, Franklin County",100172,PK_McClenny,2017-12-10 14:04:24.154888
2016-09-19,10:00,62.6,62.6,45.3,53.2,0.0,SW@7.2,10.3,66.5,0.0,302,"PK_McClenny, Franklin County",100172,PK_McClenny,2017-12-10 14:04:24.154888
2016-09-19,10:15,63.4,63.3,45.1,51.3,0.0,SW@6.1,9.6,66.4,0.0,314,"PK_McClenny, Franklin County",100172,PK_McClenny,2017-12-10 14:04:24.154888
2016-09-19,10:30,63.8,63.8,44.9,50.2,0.0,SW@5.7,7.8,66.4,0.0,322,"PK_McClenny, Franklin County",100172,PK_McClenny,2017-12-10 14:04:24.154888
2016-09-19,10:45,64.4,64.4,44.4,48.1,0.0,SW@6.6,9.9,66.3,0.0,313,"PK_McClenny, Franklin County",100172,PK_McClenny,2017-12-10 14:04:24.154888
2016-09-19,11:00,64.4,64.4,43.9,47.2,0.0,SW@7.6,11.7,66.3,0.0,288,"PK_McClenny, Franklin County",100172,PK_McClenny,2017-12-10 14:04:24.154888
2016-09-19,11:15,64.8,64.8,44.1,47.0,0.0,SW@8.8,12.8,66.3,0.0,308,"PK_McClenny, Franklin County",100172,PK_McClenny,2017-12-10 14:04:24.154888
2016-09-19,11:30,65.6,65.6,44.4,46.2,0.0,SW@9.1,15.0,66.2,0.0,333,"PK_McClenny, Franklin County",100172,PK_McClenny,2017-12-10 14:04:24.154888
2016-09-19,11:45,65.1,65.1,44.1,46.5,0.0,SW@11.5,16.7,66.2,0.0,298,"PK_McClenny, Franklin County",100172,PK_McClenny,2017-12-10 14:04:24.154888
2016-09-19,12:00,65.3,65.3,44.0,45.8,0.0,SW@12.7,17.1,66.1,0.0,282,"PK_McClenny, Franklin County",100172,PK_McClenny,2017-12-10 14:04:24.154888
2016-09-19,12:15,65.7,65.7,43.7,44.8,0.0,SW@11.8,17.1,66.1,0.0,278,"PK_McClenny, Franklin County",100172,PK_McClenny,2017-12-10 14:04:24.154888
2016-09-19,12:30,66.6,66.6,43.2,42.6,0.0,SW@13.0,17.5,66.1,0.0,364,"PK_McClenny, Franklin County",100172,PK_McClenny,2017-12-10 14:04:24.154888
2016-09-19,12:45,67.7,67.7,43.3,41.1,0.0,SW@12.4,18.2,66.0,0.0,371,"PK_McClenny, Franklin County",100172,PK_McClenny,2017-12-10 14:04:24.154888
2016-09-19,13:00,67.8,67.8,43.5,41.3,0.0,SW@10.4,16.0,66.0,0.0,341,"PK_McClenny, Franklin County",100172,PK_McClenny,2017-12-10 14:04:24.154888
2016-09-19,13:15,67.9,67.9,43.4,41.1,0.0,SW@10.4,15.0,66.0,0.0,299,"PK_McClenny, Franklin County",100172,PK_McClenny,2017-12-10 14:04:24.154888
2016-09-19,13:30,67.6,67.6,43.4,41.5,0.0,SW@10.8,15.3,66.0,0.0,264,"PK_McClenny, Franklin County",100172,PK_McClenny,2017-12-10 14:04:24.154888
2016-09-19,13:45,68.1,68.1,43.4,40.7,0.0,SW@10.8,15.0,65.9,0.0,295,"PK_McClenny, Franklin County",100172,PK_McClenny,2017-12-10 14:04:24.154888
2016-09-19,14:00,69.8,69.8,43.5,38.6,0.0,SW@9.1,14.2,65.9,0.0,436,"PK_McClenny, Franklin County",100172,PK_McClenny,2017-12-10 14:04:24.154888
2016-09-19,14:15,68.9,68.9,42.8,38.7,0.0,SW@11.7,16.4,65.9,0.0,322,"PK_McClenny, Franklin County",100172,PK_McClenny,2017-12-10 14:04:24.154888
2016-09-19,14:30,69.2,69.2,43.0,38.7,0.0,SW@10.0,13.9,65.9,0.0,368,"PK_McClenny, Franklin County",100172,PK_McClenny,2017-12-10 14:04:24.154888
2016-09-19,14:45,70.0,69.9,43.2,37.9,0.0,SW@9.8,14.2,65.9,0.0,346,"PK_McClenny, Franklin County",100172,PK_McClenny,2017-12-10 14:04:24.154888
2016-09-19,15:00,69.3,69.3,43.3,38.9,0.0,SW@10.2,14.6,65.9,0.0,267,"PK_McClenny, Franklin County",100172,PK_McClenny,2017-12-10 14:04:24.154888
2016-09-19,15:15,68.7,68.7,43.0,39.3,0.0,SW@10.3,16.0,65.9,0.0,184,"PK_McClenny, Franklin County",100172,PK_McClenny,2017-12-10 14:04:24.154888
2016-09-19,15:30,68.5,68.5,43.0,39.6,0.0,SW@10.0,14.2,65.8,0.0,163,"PK_McClenny, Franklin County",100172,PK_McClenny,2017-12-10 14:04:24.154888
2016-09-19,15:45,68.0,68.0,43.2,40.5,0.0,SW@10.8,16.0,65.8,0.0,146,"PK_McClenny, Franklin County",100172,PK_McClenny,2017-12-10 14:04:24.154888
2016-09-19,16:00,68.0,68.0,43.5,41.1,0.0,SW@9.1,13.2,65.9,0.0,141,"PK_McClenny, Franklin County",100172,PK_McClenny,2017-12-10 14:04:24.154888
2016-09-19,16:15,68.0,68.0,44.0,41.8,0.0,SW@9.0,13.2,65.9,0.0,141,"PK_McClenny, Franklin County",100172,PK_McClenny,2017-12-10 14:04:24.154888
2016-09-19,16:30,67.4,67.5,44.0,42.6,0.0,SW@9.1,13.2,65.8,0.0,105,"PK_McClenny, Franklin County",100172,PK_McClenny,2017-12-10 14:04:24.154888
2016-09-19,16:45,66.9,67.0,44.1,43.6,0.0,SW@9.1,13.9,65.9,0.0,94,"PK_McClenny, Franklin County",100172,PK_McClenny,2017-12-10 14:04:24.154888
2016-09-19,17:00,66.4,66.4,44.3,44.7,0.0,SW@9.8,13.9,65.9,0.0,61,"PK_McClenny, Franklin County",100172,PK_McClenny,2017-12-10 14:04:24.154888
2016-09-19,17:15,66.4,66.4,44.4,44.9,0.0,SW@8.4,13.5,65.9,0.0,72,"PK_McClenny, Franklin County",100172,PK_McClenny,2017-12-10 14:04:24.154888
2016-09-19,17:30,65.4,65.4,44.6,46.8,0.0,SW@6.4,9.9,65.9,0.0,31,"PK_McClenny, Franklin County",100172,PK_McClenny,2017-12-10 14:04:24.154888
2016-09-19,17:45,64.1,64.1,44.7,49.1,0.0,SW@4.7,9.6,65.9,0.0,14,"PK_McClenny, Franklin County",100172,PK_McClenny,2017-12-10 14:04:24.154888
2016-09-19,18:00,62.2,62.2,45.3,53.8,0.0,SW@3.5,4.6,65.9,0.0,4,"PK_McClenny, Franklin County",100172,PK_McClenny,2017-12-10 14:04:24.154888
2016-09-19,18:15,60.5,60.5,45.9,58.4,0.0,S@3.1,4.2,65.9,0.0,1,"PK_McClenny, Franklin County",100172,PK_McClenny,2017-12-10 14:04:24.154888
2016-09-19,18:30,59.3,59.3,46.1,61.4,0.0,W@2.3,3.5,66.0,0.0,0,"PK_McClenny, Franklin County",100172,PK_McClenny,2017-12-10 14:04:24.154888
2016-09-19,18:45,59.1,59.0,45.4,60.3,0.0,N@0.5,2.1,66.0,0.0,0,"PK_McClenny, Franklin County",100172,PK_McClenny,2017-12-10 14:04:24.154888
2016-09-19,19:00,59.6,59.6,45.7,59.8,0.0,SW@1.8,3.5,66.0,0.0,0,"PK_McClenny, Franklin County",100172,PK_McClenny,2017-12-10 14:04:24.154888
2016-09-19,19:15,57.8,57.7,45.8,64.3,0.0,N@0.4,4.2,66.0,0.0,0,"PK_McClenny, Franklin County",100172,PK_McClenny,2017-12-10 14:04:24.154888
2016-09-19,19:30,59.2,59.2,46.2,61.8,0.0,S@2.6,4.2,66.1,0.0,0,"PK_McClenny, Franklin County",100172,PK_McClenny,2017-12-10 14:04:24.154888
2016-09-19,19:45,57.7,57.6,46.5,66.3,0.0,SW@0.9,3.5,66.1,0.0,0,"PK_McClenny, Franklin County",100172,PK_McClenny,2017-12-10 14:04:24.154888
2016-09-19,20:00,57.0,56.9,45.9,66.3,0.0,N@0.0,0.0,66.1,0.0,0,"PK_McClenny, Franklin County",100172,PK_McClenny,2017-12-10 14:04:24.154888
2016-09-19,20:15,56.8,56.6,45.8,66.5,0.0,N@0.0,0.0,66.1,0.0,0,"PK_McClenny, Franklin County",100172,PK_McClenny,2017-12-10 14:04:24.154888
2016-09-19,20:30,55.7,55.5,45.5,68.6,0.0,N@0.0,0.0,66.1,0.0,0,"PK_McClenny, Franklin County",100172,PK_McClenny,2017-12-10 14:04:24.154888
2016-09-19,20:45,54.7,54.6,44.9,69.4,0.0,E@0.1,2.1,66.2,0.0,0,"PK_McClenny, Franklin County",100172,PK_McClenny,2017-12-10 14:04:24.154888
2016-09-19,21:00,54.5,54.4,44.5,68.9,0.0,N@0.0,0.0,66.2,0.0,0,"PK_McClenny, Franklin County",100172,PK_McClenny,2017-12-10 14:04:24.154888
2016-09-19,21:15,55.9,55.7,42.2,59.8,0.0,N@0.6,3.9,66.2,0.0,0,"PK_McClenny, Franklin County",100172,PK_McClenny,2017-12-10 14:04:24.154888
2016-09-19,21:30,54.5,54.1,42.7,64.3,0.0,N@0.0,0.0,66.2,0.0,0,"PK_McClenny, Franklin County",100172,PK_McClenny,2017-12-10 14:04:24.154888
2016-09-19,21:45,53.4,53.2,42.6,66.7,0.0,NW@0.8,4.6,66.2,0.0,0,"PK_McClenny, Franklin County",100172,PK_McClenny,2017-12-10 14:04:24.154888
2016-09-19,22:00,57.3,57.3,39.3,50.9,0.0,NW@4.2,6.0,66.2,0.0,0,"PK_McClenny, Franklin County",100172,PK_McClenny,2017-12-10 14:04:24.154888
2016-09-19,22:15,56.1,55.8,40.6,56.0,0.0,NW@1.2,6.0,66.2,0.0,0,"PK_McClenny, Franklin County",100172,PK_McClenny,2017-12-10 14:04:24.154888
2016-09-19,22:30,57.6,57.5,39.0,49.9,0.0,NW@4.2,6.7,66.2,0.0,0,"PK_McClenny, Franklin County",100172,PK_McClenny,2017-12-10 14:04:24.154888
2016-09-19,22:45,55.6,55.6,40.5,56.5,0.0,S@2.0,3.5,66.3,0.0,0,"PK_McClenny, Franklin County",100172,PK_McClenny,2017-12-10 14:04:24.154888
2016-09-19,23:00,54.3,54.3,40.9,60.5,0.0,S@1.6,3.1,66.3,0.0,0,"PK_McClenny, Franklin County",100172,PK_McClenny,2017-12-10 14:04:24.154888
2016-09-20,23:15,55.7,55.7,40.0,55.5,0.0,NE@1.6,4.6,66.3,0.0,0,"PK_McClenny, Franklin County",100172,PK_McClenny,2017-12-10 14:04:24.154888
2016-09-20,23:30,53.3,53.3,40.8,62.6,0.0,NW@1.7,4.2,66.3,0.0,0,"PK_McClenny, Franklin County",100172,PK_McClenny,2017-12-10 14:04:24.154888
2016-09-20,23:45,54.3,54.1,40.3,59.1,0.0,NE@1.8,5.3,66.3,0.0,0,"PK_McClenny, Franklin County",100172,PK_McClenny,2017-12-10 14:04:24.154888
2016-09-20,24:00,54.7,54.7,40.2,57.7,0.0,SE@1.9,4.2,66.3,0.0,0,"PK_McClenny, Franklin County",100172,PK_McClenny,2017-12-10 14:04:24.154888
2016-09-20,00:15,53.6,53.5,41.1,62.4,0.0,E@2.7,5.3,66.3,0.0,0,"PK_McClenny, Franklin County",100172,PK_McClenny,2017-12-10 14:04:24.154888
2016-09-20,00:30,52.5,52.4,41.7,66.4,0.0,NE@2.4,6.0,66.3,0.0,0,"PK_McClenny, Franklin County",100172,PK_McClenny,2017-12-10 14:04:24.154888
2016-09-20,00:45,51.5,51.4,42.5,71.0,0.0,W@0.5,3.5,66.3,0.0,0,"PK_McClenny, Franklin County",100172,PK_McClenny,2017-12-10 14:04:24.154888
2016-09-20,01:00,51.9,51.8,41.3,66.9,0.0,NE@1.5,4.9,66.3,0.0,0,"PK_McClenny, Franklin County",100172,PK_McClenny,2017-12-10 14:04:24.154888
2016-09-20,01:15,52.2,52.2,41.0,65.5,0.0,N@0.9,3.9,66.3,0.0,0,"PK_McClenny, Franklin County",100172,PK_McClenny,2017-12-10 14:04:24.154888
2016-09-20,01:30,52.2,52.1,40.4,64.0,0.0,NE@0.8,4.2,66.3,0.0,0,"PK_McClenny, Franklin County",100172,PK_McClenny,2017-12-10 14:04:24.154888
2016-09-20,01:45,52.6,52.5,40.1,62.3,0.0,E@2.4,4.6,66.3,0.0,0,"PK_McClenny, Franklin County",100172,PK_McClenny,2017-12-10 14:04:24.154888
2016-09-20,02:00,52.6,52.5,40.2,62.6,0.0,E@3.6,5.7,66.2,0.0,0,"PK_McClenny, Franklin County",100172,PK_McClenny,2017-12-10 14:04:24.154888
2016-09-20,02:15,52.9,52.8,39.5,60.3,0.0,NE@3.6,5.7,66.2,0.0,0,"PK_McClenny, Franklin County",100172,PK_McClenny,2017-12-10 14:04:24.154888
2016-09-20,02:30,53.1,53.1,39.3,59.1,0.0,NE@3.2,6.7,66.2,0.0,0,"PK_McClenny, Franklin County",100172,PK_McClenny,2017-12-10 14:04:24.154888
2016-09-20,02:45,53.0,53.0,39.2,59.2,0.0,E@2.8,4.6,66.2,0.0,0,"PK_McClenny, Franklin County",100172,PK_McClenny,2017-12-10 14:04:24.154888
2016-09-20,03:00,52.2,52.0,39.9,62.8,0.0,SE@1.4,4.6,66.2,0.0,0,"PK_McClenny, Franklin County",100172,PK_McClenny,2017-12-10 14:04:24.154888
2016-09-20,03:15,51.2,51.1,39.9,65.0,0.0,E@2.3,4.6,66.2,0.0,0,"PK_McClenny, Franklin County",100172,PK_McClenny,2017-12-10 14:04:24.154888
2016-09-20,03:30,51.3,51.2,39.5,63.8,0.0,NE@2.5,4.9,66.2,0.0,0,"PK_McClenny, Franklin County",100172,PK_McClenny,2017-12-10 14:04:24.154888
2016-09-20,03:45,50.7,50.5,39.9,66.3,0.0,S@2.6,4.2,66.2,0.0,0,"PK_McClenny, Franklin County",100172,PK_McClenny,2017-12-10 14:04:24.154888
2016-09-20,04:00,51.6,51.4,39.8,63.9,0.0,E@3.3,6.4,66.1,0.0,0,"PK_McClenny, Franklin County",100172,PK_McClenny,2017-12-10 14:04:24.154888
2016-09-20,04:15,51.6,51.5,39.5,63.3,0.0,N@4.8,9.2,66.1,0.0,0,"PK_McClenny, Franklin County",100172,PK_McClenny,2017-12-10 14:04:24.154888
2016-09-20,04:30,51.5,51.4,39.4,63.1,0.0,N@5.7,8.2,66.1,0.0,0,"PK_McClenny, Franklin County",100172,PK_McClenny,2017-12-10 14:04:24.154888
2016-09-20,04:45,50.4,50.4,39.3,65.3,0.0,N@4.5,6.7,66.1,0.0,0,"PK_McClenny, Franklin County",100172,PK_McClenny,2017-12-10 14:04:24.154888
2016-09-20,05:00,50.5,50.5,39.3,65.3,0.0,N@4.5,6.4,66.1,0.0,0,"PK_McClenny, Franklin County",100172,PK_McClenny,2017-12-10 14:04:24.154888
2016-09-20,05:15,50.1,50.1,39.3,66.0,0.0,NE@3.6,6.0,66.1,0.0,0,"PK_McClenny, Franklin County",100172,PK_McClenny,2017-12-10 14:04:24.154888
2016-09-20,05:30,50.3,50.3,39.2,65.4,0.0,N@4.5,7.8,66.0,0.0,0,"PK_McClenny, Franklin County",100172,PK_McClenny,2017-12-10 14:04:24.154888
2016-09-20,05:45,50.6,50.5,39.0,64.4,0.0,NE@4.4,7.4,66.0,0.0,2,"PK_McClenny, Franklin County",100172,PK_McClenny,2017-12-10 14:04:24.154888
2016-09-20,06:00,49.5,49.4,39.0,66.8,0.0,NE@5.3,7.4,66.0,0.0,10,"PK_McClenny, Franklin County",100172,PK_McClenny,2017-12-10 14:04:24.154888
2016-09-20,06:15,49.7,49.6,39.1,66.6,0.0,NE@5.3,8.5,66.0,0.0,25,"PK_McClenny, Franklin County",100172,PK_McClenny,2017-12-10 14:04:24.154888
2016-09-20,06:30,50.6,50.5,39.2,64.9,0.0,NE@5.5,8.5,65.9,0.0,58,"PK_McClenny, Franklin County",100172,PK_McClenny,2017-12-10 14:04:24.154888
2016-09-20,06:45,51.4,51.4,39.4,63.4,0.0,NE@6.9,10.3,65.9,0.0,98,"PK_McClenny, Franklin County",100172,PK_McClenny,2017-12-10 14:04:24.154888
2016-09-20,07:00,54.3,54.2,39.9,58.1,0.0,N@7.5,10.7,65.9,0.0,172,"PK_McClenny, Franklin County",100172,PK_McClenny,2017-12-10 14:04:24.154888
2016-09-20,07:15,56.3,56.4,39.9,54.1,0.0,N@10.6,14.2,65.9,0.0,277,"PK_McClenny, Franklin County",100172,PK_McClenny,2017-12-10 14:04:24.154888
2016-09-20,07:30,56.3,56.4,39.8,53.8,0.0,N@10.4,13.9,65.8,0.0,257,"PK_McClenny, Franklin County",100172,PK_McClenny,2017-12-10 14:04:24.154888
2016-09-20,07:45,56.7,56.8,39.9,53.2,0.0,N@8.9,13.2,65.8,0.0,207,"PK_McClenny, Franklin County",100172,PK_McClenny,2017-12-10 14:04:24.154888
2016-09-20,08:00,56.7,56.7,39.8,53.1,0.0,N@6.5,11.4,65.8,0.0,189,"PK_McClenny, Franklin County",100172,PK_McClenny,2017-12-10 14:04:24.154888
2016-09-20,08:15,58.3,58.1,40.0,50.5,0.0,NE@3.5,6.7,65.7,0.0,318,"PK_McClenny, Franklin County",100172,PK_McClenny,2017-12-10 14:04:24.154888
2016-09-20,08:30,60.2,59.9,39.8,46.7,0.0,N@6.5,11.0,65.7,0.0,466,"PK_McClenny, Franklin County",100172,PK_McClenny,2017-12-10 14:04:24.154888
2016-09-20,08:45,59.8,59.9,39.5,46.9,0.0,N@6.4,10.3,65.7,0.0,309,"PK_McClenny, Franklin County",100172,PK_McClenny,2017-12-10 14:04:24.154888
2016-09-20,09:00,60.3,60.6,39.2,45.6,0.0,N@7.0,10.3,65.6,0.0,362,"PK_McClenny, Franklin County",100172,PK_McClenny,2017-12-10 14:04:24.154888
2016-09-20,09:15,61.7,61.9,39.2,43.3,0.0,N@6.4,9.9,65.6,0.0,456,"PK_McClenny, Franklin County",100172,PK_McClenny,2017-12-10 14:04:24.154888
2016-09-20,09:30,62.5,62.6,38.4,40.8,0.0,N@5.6,9.6,65.6,0.0,434,"PK_McClenny, Franklin County",100172,PK_McClenny,2017-12-10 14:04:24.154888
2016-09-20,09:45,63.6,63.6,38.0,38.7,0.0,NW@6.2,9.2,65.5,0.0,519,"PK_McClenny, Franklin County",100172,PK_McClenny,2017-12-10 14:04:24.154888
2016-09-20,10:00,63.5,63.5,37.1,37.4,0.0,NW@5.8,9.6,65.5,0.0,443,"PK_McClenny, Franklin County",100172,PK_McClenny,2017-12-10 14:04:24.154888
2016-09-20,10:15,63.8,63.7,36.8,36.7,0.0,NW@6.2,9.6,65.5,0.0,483,"PK_McClenny, Franklin County",100172,PK_McClenny,2017-12-10 14:04:24.154888
2016-09-20,10:30,64.5,64.6,36.6,35.5,0.0,NW@5.1,8.9,65.5,0.0,574,"PK_McClenny, Franklin County",100172,PK_McClenny,2017-12-10 14:04:24.154888
2016-09-20,10:45,65.5,65.3,35.8,33.1,0.0,N@4.5,8.9,65.4,0.0,584,"PK_McClenny, Franklin County",100172,PK_McClenny,2017-12-10 14:04:24.154888
2016-09-20,11:00,66.1,66.3,35.2,31.7,0.0,NW@6.0,11.4,65.4,0.0,673,"PK_McClenny, Franklin County",100172,PK_McClenny,2017-12-10 14:04:24.154888
2016-09-20,11:15,68.0,67.9,35.6,30.2,0.0,N@5.2,9.2,65.4,0.0,726,"PK_McClenny, Franklin County",100172,PK_McClenny,2017-12-10 14:04:24.154888
2016-09-20,11:30,68.8,68.5,35.4,29.2,0.0,N@4.9,9.2,65.3,0.0,722,"PK_McClenny, Franklin County",100172,PK_McClenny,2017-12-10 14:04:24.154888
2016-09-20,11:45,69.0,69.0,35.2,28.8,0.0,NW@6.1,10.3,65.3,0.0,709,"PK_McClenny, Franklin County",100172,PK_McClenny,2017-12-10 14:04:24.154888
2016-09-20,12:00,69.7,69.8,35.2,28.0,0.0,NW@4.9,10.3,65.3,0.0,704,"PK_McClenny, Franklin County",100172,PK_McClenny,2017-12-10 14:04:24.154888
2016-09-20,12:15,70.0,69.9,35.5,28.1,0.0,NW@3.6,9.2,65.3,0.0,701,"PK_McClenny, Franklin County",100172,PK_McClenny,2017-12-10 14:04:24.154888
2016-09-20,12:30,71.1,71.2,35.0,26.5,0.0,N@5.2,10.7,65.3,0.0,698,"PK_McClenny, Franklin County",100172,PK_McClenny,2017-12-10 14:04:24.154888
2016-09-20,12:45,70.1,70.2,34.6,27.0,0.0,NW@4.0,8.9,65.2,0.0,689,"PK_McClenny, Franklin County",100172,PK_McClenny,2017-12-10 14:04:24.154888
2016-09-20,13:00,70.9,70.8,35.0,26.7,0.0,NW@4.4,9.6,65.2,0.0,674,"PK_McClenny, Franklin County",100172,PK_McClenny,2017-12-10 14:04:24.154888
2016-09-20,13:15,71.9,71.8,34.6,25.4,0.0,NE@5.2,9.9,65.2,0.0,657,"PK_McClenny, Franklin County",100172,PK_McClenny,2017-12-10 14:04:24.154888
2016-09-20,13:30,71.9,71.7,34.7,25.5,0.0,N@4.4,9.2,65.2,0.0,640,"PK_McClenny, Franklin County",100172,PK_McClenny,2017-12-10 14:04:24.154888
2016-09-20,13:45,72.3,72.2,35.3,25.8,0.0,N@4.5,10.7,65.2,0.0,617,"PK_McClenny, Franklin County",100172,PK_McClenny,2017-12-10 14:04:24.154888
2016-09-20,14:00,72.2,72.3,36.0,26.6,0.0,NW@5.7,12.4,65.2,0.0,591,"PK_McClenny, Franklin County",100172,PK_McClenny,2017-12-10 14:04:24.154888
2016-09-20,14:15,72.2,72.1,36.6,27.2,0.0,NW@6.3,11.7,65.2,0.0,563,"PK_McClenny, Franklin County",100172,PK_McClenny,2017-12-10 14:04:24.154888
2016-09-20,14:30,72.5,72.4,36.5,26.8,0.0,NW@5.7,11.4,65.2,0.0,535,"PK_McClenny, Franklin County",100172,PK_McClenny,2017-12-10 14:04:24.154888
2016-09-20,14:45,72.6,72.6,35.2,25.4,0.0,NW@6.5,10.3,65.2,0.0,485,"PK_McClenny, Franklin County",100172,PK_McClenny,2017-12-10 14:04:24.154888
2016-09-20,15:00,72.3,72.4,35.8,26.3,0.0,NW@4.4,8.9,65.2,0.0,470,"PK_McClenny, Franklin County",100172,PK_McClenny,2017-12-10 14:04:24.154888
2016-09-20,15:15,72.3,72.3,37.5,28.1,0.0,NW@5.7,11.4,65.2,0.0,432,"PK_McClenny, Franklin County",100172,PK_McClenny,2017-12-10 14:04:24.154888
2016-09-20,15:30,72.3,72.3,36.5,27.1,0.0,NW@5.4,9.6,65.2,0.0,394,"PK_McClenny, Franklin County",100172,PK_McClenny,2017-12-10 14:04:24.154888
2016-09-20,15:45,71.9,71.9,36.2,27.1,0.0,NW@6.6,11.7,65.2,0.0,354,"PK_McClenny, Franklin County",100172,PK_McClenny,2017-12-10 14:04:24.154888
2016-09-20,16:00,71.3,71.1,38.0,29.7,0.0,NW@8.6,14.2,65.3,0.0,311,"PK_McClenny, Franklin County",100172,PK_McClenny,2017-12-10 14:04:24.154888
2016-09-20,16:15,70.4,70.3,38.5,31.2,0.0,W@9.1,13.2,65.3,0.0,269,"PK_McClenny, Franklin County",100172,PK_McClenny,2017-12-10 14:04:24.154888
2016-09-20,16:30,69.7,69.6,38.5,31.9,0.0,W@9.2,13.2,65.3,0.0,227,"PK_McClenny, Franklin County",100172,PK_McClenny,2017-12-10 14:04:24.154888
2016-09-20,16:45,69.1,69.1,38.4,32.4,0.0,W@8.6,13.5,65.3,0.0,185,"PK_McClenny, Franklin County",100172,PK_McClenny,2017-12-10 14:04:24.154888
2016-09-20,17:00,68.3,68.2,37.9,32.8,0.0,W@8.2,11.7,65.4,0.0,141,"PK_McClenny, Franklin County",100172,PK_McClenny,2017-12-10 14:04:24.154888
2016-09-20,17:15,67.5,67.5,37.5,33.1,0.0,W@8.2,11.4,65.4,0.0,103,"PK_McClenny, Franklin County",100172,PK_McClenny,2017-12-10 14:04:24.154888
2016-09-20,17:30,66.3,66.3,37.1,33.9,0.0,W@7.6,10.7,65.4,0.0,61,"PK_McClenny, Franklin County",100172,PK_McClenny,2017-12-10 14:04:24.154888
2016-09-20,17:45,64.5,64.5,36.9,35.9,0.0,W@6.8,9.9,65.5,0.0,15,"PK_McClenny, Franklin County",100172,PK_McClenny,2017-12-10 14:04:24.154888
2016-09-20,18:00,63.7,63.7,36.9,37.0,0.0,NW@7.3,10.7,65.5,0.0,6,"PK_McClenny, Franklin County",100172,PK_McClenny,2017-12-10 14:04:24.154888
2016-09-20,18:15,62.9,62.9,36.6,37.6,0.0,NW@7.7,11.4,65.6,0.0,1,"PK_McClenny, Franklin County",100172,PK_McClenny,2017-12-10 14:04:24.154888
2016-09-20,18:30,60.8,60.9,36.7,40.6,0.0,NW@6.5,8.9,65.6,0.0,0,"PK_McClenny, Franklin County",100172,PK_McClenny,2017-12-10 14:04:24.154888
2016-09-20,18:45,59.9,60.0,36.6,41.7,0.0,NW@6.5,8.5,65.7,0.0,0,"PK_McClenny, Franklin County",100172,PK_McClenny,2017-12-10 14:04:24.154888
2016-09-20,19:00,60.0,60.1,36.2,41.0,0.0,NW@7.0,9.2,65.7,0.0,0,"PK_McClenny, Franklin County",100172,PK_McClenny,2017-12-10 14:04:24.154888
2016-09-20,19:15,60.3,60.3,36.1,40.3,0.0,NW@7.2,9.2,65.8,0.0,0,"PK_McClenny, Franklin County",100172,PK_McClenny,2017-12-10 14:04:24.154888
2016-09-20,19:30,59.8,59.8,36.1,41.0,0.0,NW@6.5,8.2,65.8,0.0,0,"PK_McClenny, Franklin County",100172,PK_McClenny,2017-12-10 14:04:24.154888
2016-09-20,19:45,59.6,59.7,35.9,41.0,0.0,NW@6.6,8.2,65.9,0.0,0,"PK_McClenny, Franklin County",100172,PK_McClenny,2017-12-10 14:04:24.154888
2016-09-20,20:00,59.6,59.6,35.6,40.6,0.0,NW@6.2,8.2,65.9,0.0,0,"PK_McClenny, Franklin County",100172,PK_McClenny,2017-12-10 14:04:24.154888
2016-09-20,20:15,59.2,59.3,35.4,40.8,0.0,NW@6.5,8.2,65.9,0.0,0,"PK_McClenny, Franklin County",100172,PK_McClenny,2017-12-10 14:04:24.154888
2016-09-20,20:30,58.1,58.2,35.5,42.5,0.0,NW@6.2,7.8,66.0,0.0,0,"PK_McClenny, Franklin County",100172,PK_McClenny,2017-12-10 14:04:24.154888
2016-09-20,20:45,58.0,58.2,35.4,42.6,0.0,NW@6.0,7.4,66.0,0.0,0,"PK_McClenny, Franklin County",100172,PK_McClenny,2017-12-10 14:04:24.154888
2016-09-20,21:00,58.0,58.1,35.3,42.4,0.0,NW@6.0,7.4,66.1,0.0,0,"PK_McClenny, Franklin County",100172,PK_McClenny,2017-12-10 14:04:24.154888
2016-09-20,21:15,57.6,57.6,35.5,43.4,0.0,NW@5.2,6.4,66.1,0.0,0,"PK_McClenny, Franklin County",100172,PK_McClenny,2017-12-10 14:04:24.154888
2016-09-20,21:30,56.0,56.1,36.1,46.9,0.0,NW@2.3,5.7,66.1,0.0,0,"PK_McClenny, Franklin County",100172,PK_McClenny,2017-12-10 14:04:24.154888
2016-09-20,21:45,55.7,55.6,35.9,47.1,0.0,NW@4.2,6.4,66.2,0.0,0,"PK_McClenny, Franklin County",100172,PK_McClenny,2017-12-10 14:04:24.154888
2016-09-20,22:00,52.3,52.2,36.3,54.3,0.0,SW@0.9,4.9,66.2,0.0,0,"PK_McClenny, Franklin County",100172,PK_McClenny,2017-12-10 14:04:24.154888
2016-09-20,22:15,50.4,50.4,36.6,58.9,0.0,E@2.1,4.9,66.2,0.0,0,"PK_McClenny, Franklin County",100172,PK_McClenny,2017-12-10 14:04:24.154888
2016-09-20,22:30,52.2,52.2,37.1,56.1,0.0,NE@2.5,4.2,66.3,0.0,0,"PK_McClenny, Franklin County",100172,PK_McClenny,2017-12-10 14:04:24.154888
2016-09-20,22:45,51.2,51.1,37.0,58.1,0.0,N@2.5,4.2,66.3,0.0,0,"PK_McClenny, Franklin County",100172,PK_McClenny,2017-12-10 14:04:24.154888
2016-09-20,23:00,50.9,50.6,37.5,59.9,0.0,NW@0.5,3.1,66.3,0.0,0,"PK_McClenny, Franklin County",100172,PK_McClenny,2017-12-10 14:04:24.154888
2016-09-21,23:15,48.2,47.9,36.8,64.4,0.0,NE@1.6,3.9,66.3,0.0,0,"PK_McClenny, Franklin County",100172,PK_McClenny,2017-12-10 14:04:24.154888
2016-09-21,23:30,45.0,44.7,36.6,72.0,0.0,NE@2.8,4.2,66.3,0.0,0,"PK_McClenny, Franklin County",100172,PK_McClenny,2017-12-10 14:04:24.154888
2016-09-21,23:45,45.2,44.9,36.6,71.6,0.0,E@2.5,3.1,66.4,0.0,0,"PK_McClenny, Franklin County",100172,PK_McClenny,2017-12-10 14:04:24.154888
2016-09-21,24:00,43.4,43.2,36.7,77.0,0.0,NE@2.7,3.5,66.4,0.0,0,"PK_McClenny, Franklin County",100172,PK_McClenny,2017-12-10 14:04:24.154888
