Date,Time PST,1.5m Air Temp °F, 1.5m Dew Point °F, 1.5m Rel Hum %, Tot Prec in, Solar Rad W/m², Wind Direction, Wind Speed mph, 2m Wind Gust mph, 1.5m Leaf Wet u., 8 in. Soil Tmp °F,Location,Station ID,Station Name,Download Timestamp
2020-03-05,00:15,36.5,14.9,40.8,0.0,0,SE,5.2,7.8,0.0,39.0,"Green.Blff, Spokane County",300048,Green.Blff,2020-12-16 04:32:42.665657
2020-03-05,00:30,36.4,15.2,41.4,0.0,0,SE,4.8,7.4,0.0,39.0,"Green.Blff, Spokane County",300048,Green.Blff,2020-12-16 04:32:42.665657
2020-03-05,00:45,36.6,15.0,40.8,0.0,0,E,4.0,5.3,0.0,38.9,"Green.Blff, Spokane County",300048,Green.Blff,2020-12-16 04:32:42.665657
2020-03-05,01:00,36.7,14.4,39.6,0.0,0,SE,2.7,3.5,0.0,38.9,"Green.Blff, Spokane County",300048,Green.Blff,2020-12-16 04:32:42.665657
2020-03-05,01:15,36.6,14.9,40.5,0.0,0,E,3.2,5.3,0.0,38.8,"Green.Blff, Spokane County",300048,Green.Blff,2020-12-16 04:32:42.665657
2020-03-05,01:30,36.4,15.5,42.1,0.0,0,E,4.2,6.0,0.0,38.8,"Green.Blff, Spokane County",300048,Green.Blff,2020-12-16 04:32:42.665657
2020-03-05,01:45,36.6,15.3,41.3,0.0,0,E,4.5,5.7,0.0,38.7,"Green.Blff, Spokane County",300048,Green.Blff,2020-12-16 04:32:42.665657
2020-03-05,02:00,36.7,15.2,40.9,0.0,0,SE,3.7,6.4,0.0,38.7,"Green.Blff, Spokane County",300048,Green.Blff,2020-12-16 04:32:42.665657
2020-03-05,02:15,36.2,15.8,42.9,0.0,0,SE,5.3,8.2,0.0,38.6,"Green.Blff, Spokane County",300048,Green.Blff,2020-12-16 04:32:42.665657
2020-03-05,02:30,36.4,15.7,42.3,0.0,0,E,6.0,9.2,0.0,38.6,"Green.Blff, Spokane County",300048,Green.Blff,2020-12-16 04:32:42.665657
2020-03-05,02:45,36.2,15.4,42.2,0.0,0,E,3.6,4.9,0.0,38.5,"Green.Blff, Spokane County",300048,Green.Blff,2020-12-16 04:32:42.665657
2020-03-05,03:00,36.2,15.4,42.2,0.0,0,E,3.7,5.3,0.0,38.5,"Green.Blff, Spokane County",300048,Green.Blff,2020-12-16 04:32:42.665657
2020-03-05,03:15,36.4,15.5,42.2,0.0,0,NE,3.1,6.0,0.0,38.5,"Green.Blff, Spokane County",300048,Green.Blff,2020-12-16 04:32:42.665657
2020-03-05,03:30,36.2,15.5,42.2,0.0,0,NE,2.3,3.5,0.0,38.4,"Green.Blff, Spokane County",300048,Green.Blff,2020-12-16 04:32:42.665657
2020-03-05,03:45,37.2,15.8,41.2,0.0,0,E,5.9,11.7,0.0,38.4,"Green.Blff, Spokane County",300048,Green.Blff,2020-12-16 04:32:42.665657
2020-03-05,04:00,37.5,16.0,41.1,0.0,0,E,5.3,10.7,0.0,38.3,"Green.Blff, Spokane County",300048,Green.Blff,2020-12-16 04:32:42.665657
2020-03-05,04:15,37.0,16.0,41.9,0.0,0,SE,3.0,5.7,0.0,38.3,"Green.Blff, Spokane County",300048,Green.Blff,2020-12-16 04:32:42.665657
2020-03-05,04:30,37.0,16.0,41.8,0.0,0,E,4.3,7.4,0.0,38.3,"Green.Blff, Spokane County",300048,Green.Blff,2020-12-16 04:32:42.665657
2020-03-05,04:45,36.1,16.9,45.0,0.0,0,NE,2.2,5.3,0.0,38.2,"Green.Blff, Spokane County",300048,Green.Blff,2020-12-16 04:32:42.665657
2020-03-05,05:00,34.4,17.1,48.9,0.0,0,NW,3.5,5.3,0.0,38.2,"Green.Blff, Spokane County",300048,Green.Blff,2020-12-16 04:32:42.665657
2020-03-05,05:15,33.6,16.4,48.8,0.0,0,NE,3.1,4.2,0.0,38.2,"Green.Blff, Spokane County",300048,Green.Blff,2020-12-16 04:32:42.665657
2020-03-05,05:30,35.8,15.2,42.4,0.0,0,E,3.0,3.9,0.0,38.1,"Green.Blff, Spokane County",300048,Green.Blff,2020-12-16 04:32:42.665657
2020-03-05,05:45,35.8,14.9,41.8,0.0,0,SE,2.5,4.6,0.0,38.1,"Green.Blff, Spokane County",300048,Green.Blff,2020-12-16 04:32:42.665657
2020-03-05,06:00,35.8,15.1,42.1,0.0,0,E,2.9,5.3,0.0,38.1,"Green.Blff, Spokane County",300048,Green.Blff,2020-12-16 04:32:42.665657
2020-03-05,06:15,33.0,16.1,49.3,0.0,0,N ,3.4,4.9,0.0,38.0,"Green.Blff, Spokane County",300048,Green.Blff,2020-12-16 04:32:42.665657
2020-03-05,06:30,34.4,15.6,45.7,0.0,4,N ,2.9,6.0,0.0,38.0,"Green.Blff, Spokane County",300048,Green.Blff,2020-12-16 04:32:42.665657
2020-03-05,06:45,32.9,16.8,51.0,0.0,16,N,3.5,5.3,0.0,38.0,"Green.Blff, Spokane County",300048,Green.Blff,2020-12-16 04:32:42.665657
2020-03-05,07:00,32.7,17.8,53.9,0.0,40,NE,3.7,5.7,0.0,37.9,"Green.Blff, Spokane County",300048,Green.Blff,2020-12-16 04:32:42.665657
2020-03-05,07:15,35.2,17.3,47.5,0.0,67,SE,4.0,5.3,0.0,37.9,"Green.Blff, Spokane County",300048,Green.Blff,2020-12-16 04:32:42.665657
2020-03-05,07:30,35.6,17.4,47.2,0.0,97,SE,2.6,3.9,0.0,37.9,"Green.Blff, Spokane County",300048,Green.Blff,2020-12-16 04:32:42.665657
2020-03-05,07:45,36.5,18.1,46.8,0.0,136,E,3.0,4.2,0.0,37.8,"Green.Blff, Spokane County",300048,Green.Blff,2020-12-16 04:32:42.665657
2020-03-05,08:00,38.1,18.8,45.2,0.0,186,E,3.6,6.0,0.0,37.8,"Green.Blff, Spokane County",300048,Green.Blff,2020-12-16 04:32:42.665657
2020-03-05,08:15,37.8,20.3,48.9,0.0,200,NE,4.7,7.1,0.0,37.8,"Green.Blff, Spokane County",300048,Green.Blff,2020-12-16 04:32:42.665657
2020-03-05,08:30,38.0,20.1,48.2,0.0,221,E,4.3,6.7,0.0,37.8,"Green.Blff, Spokane County",300048,Green.Blff,2020-12-16 04:32:42.665657
2020-03-05,08:45,39.1,20.9,47.7,0.0,266,NE,3.3,6.4,0.0,37.7,"Green.Blff, Spokane County",300048,Green.Blff,2020-12-16 04:32:42.665657
2020-03-05,09:00,39.6,20.4,45.7,0.0,290,NE,2.7,4.2,0.0,37.7,"Green.Blff, Spokane County",300048,Green.Blff,2020-12-16 04:32:42.665657
2020-03-05,09:15,41.7,21.5,44.2,0.0,378,NE,2.6,4.2,0.0,37.7,"Green.Blff, Spokane County",300048,Green.Blff,2020-12-16 04:32:42.665657
2020-03-05,09:30,42.1,22.5,45.4,0.0,327,SE,3.7,5.7,0.0,37.7,"Green.Blff, Spokane County",300048,Green.Blff,2020-12-16 04:32:42.665657
2020-03-05,09:45,42.3,23.4,46.7,0.0,343,E,3.3,5.3,0.0,37.7,"Green.Blff, Spokane County",300048,Green.Blff,2020-12-16 04:32:42.665657
2020-03-05,10:00,42.6,23.8,46.9,0.0,384,NE,3.6,5.7,0.0,37.7,"Green.Blff, Spokane County",300048,Green.Blff,2020-12-16 04:32:42.665657
2020-03-05,10:15,44.8,24.0,43.5,0.0,410,SE,3.6,6.0,0.0,37.7,"Green.Blff, Spokane County",300048,Green.Blff,2020-12-16 04:32:42.665657
2020-03-05,10:30,45.5,23.3,41.2,0.0,355,SE,3.7,6.0,0.0,37.7,"Green.Blff, Spokane County",300048,Green.Blff,2020-12-16 04:32:42.665657
2020-03-05,10:45,45.2,24.4,43.6,0.0,311,NE,2.6,4.6,0.0,37.7,"Green.Blff, Spokane County",300048,Green.Blff,2020-12-16 04:32:42.665657
2020-03-05,11:00,45.9,24.3,42.3,0.0,337,SE,4.1,6.0,0.0,37.7,"Green.Blff, Spokane County",300048,Green.Blff,2020-12-16 04:32:42.665657
2020-03-05,11:15,46.4,24.0,41.0,0.0,283,E,4.1,7.8,0.0,37.7,"Green.Blff, Spokane County",300048,Green.Blff,2020-12-16 04:32:42.665657
2020-03-05,11:30,47.0,23.6,39.4,0.0,257,SE,4.4,7.8,0.0,37.8,"Green.Blff, Spokane County",300048,Green.Blff,2020-12-16 04:32:42.665657
2020-03-05,11:45,47.4,23.8,39.2,0.0,249,SE,4.4,6.7,0.0,37.8,"Green.Blff, Spokane County",300048,Green.Blff,2020-12-16 04:32:42.665657
2020-03-05,12:00,48.0,24.2,39.0,0.0,233,SE,4.5,8.2,0.0,37.9,"Green.Blff, Spokane County",300048,Green.Blff,2020-12-16 04:32:42.665657
2020-03-05,12:15,48.3,24.7,39.2,0.0,230,E,4.3,6.7,0.0,38.0,"Green.Blff, Spokane County",300048,Green.Blff,2020-12-16 04:32:42.665657
2020-03-05,12:30,48.6,25.3,39.9,0.0,217,NE,4.8,7.1,0.0,38.0,"Green.Blff, Spokane County",300048,Green.Blff,2020-12-16 04:32:42.665657
2020-03-05,12:45,48.8,26.2,41.0,0.0,234,NE,3.6,7.1,0.0,38.1,"Green.Blff, Spokane County",300048,Green.Blff,2020-12-16 04:32:42.665657
2020-03-05,13:00,48.3,25.9,41.2,0.0,308,N ,5.2,8.5,0.0,38.2,"Green.Blff, Spokane County",300048,Green.Blff,2020-12-16 04:32:42.665657
2020-03-05,13:15,50.3,26.1,38.7,0.0,328,E,4.6,7.1,0.0,38.3,"Green.Blff, Spokane County",300048,Green.Blff,2020-12-16 04:32:42.665657
2020-03-05,13:30,51.2,25.2,36.0,0.0,335,SE,4.7,7.8,0.0,38.4,"Green.Blff, Spokane County",300048,Green.Blff,2020-12-16 04:32:42.665657
2020-03-05,13:45,51.3,26.8,38.3,0.0,337,N ,2.9,4.9,0.0,38.4,"Green.Blff, Spokane County",300048,Green.Blff,2020-12-16 04:32:42.665657
2020-03-05,14:00,51.9,27.2,38.1,0.0,285,E,3.2,6.4,0.0,38.5,"Green.Blff, Spokane County",300048,Green.Blff,2020-12-16 04:32:42.665657
2020-03-05,14:15,51.0,27.3,39.6,0.0,320,N,5.3,7.8,0.0,38.6,"Green.Blff, Spokane County",300048,Green.Blff,2020-12-16 04:32:42.665657
2020-03-05,14:30,50.0,26.6,39.9,0.0,267,N,5.6,7.8,0.0,38.7,"Green.Blff, Spokane County",300048,Green.Blff,2020-12-16 04:32:42.665657
2020-03-05,14:45,50.0,26.6,39.9,0.0,227,N,5.0,7.1,0.0,38.8,"Green.Blff, Spokane County",300048,Green.Blff,2020-12-16 04:32:42.665657
2020-03-05,15:00,49.7,26.9,40.9,0.0,168,N,5.1,6.7,0.0,38.9,"Green.Blff, Spokane County",300048,Green.Blff,2020-12-16 04:32:42.665657
2020-03-05,15:15,49.8,27.4,41.7,0.0,145,N,4.6,6.0,0.0,39.0,"Green.Blff, Spokane County",300048,Green.Blff,2020-12-16 04:32:42.665657
2020-03-05,15:30,49.5,27.4,42.0,0.0,121,N,3.7,4.6,0.0,39.1,"Green.Blff, Spokane County",300048,Green.Blff,2020-12-16 04:32:42.665657
2020-03-05,15:45,49.3,27.7,42.8,0.0,111,N ,3.4,5.7,0.0,39.2,"Green.Blff, Spokane County",300048,Green.Blff,2020-12-16 04:32:42.665657
2020-03-05,16:00,49.5,28.9,44.7,0.0,100,NE,2.4,3.9,0.0,39.3,"Green.Blff, Spokane County",300048,Green.Blff,2020-12-16 04:32:42.665657
2020-03-05,16:15,49.8,29.4,45.0,0.0,85,NE,1.8,3.1,0.0,39.3,"Green.Blff, Spokane County",300048,Green.Blff,2020-12-16 04:32:42.665657
2020-03-05,16:30,49.7,29.5,45.4,0.0,58,SE,3.7,6.0,0.0,39.4,"Green.Blff, Spokane County",300048,Green.Blff,2020-12-16 04:32:42.665657
2020-03-05,16:45,49.5,29.7,46.2,0.0,53,SE,3.1,3.9,0.0,39.5,"Green.Blff, Spokane County",300048,Green.Blff,2020-12-16 04:32:42.665657
2020-03-05,17:00,49.5,28.8,44.4,0.0,35,SE,2.7,3.5,0.0,39.5,"Green.Blff, Spokane County",300048,Green.Blff,2020-12-16 04:32:42.665657
2020-03-05,17:15,49.9,29.2,44.7,0.0,22,SE,3.0,4.6,0.0,39.6,"Green.Blff, Spokane County",300048,Green.Blff,2020-12-16 04:32:42.665657
2020-03-05,17:30,50.2,29.8,45.2,0.0,12,SE,3.6,6.0,0.0,39.6,"Green.Blff, Spokane County",300048,Green.Blff,2020-12-16 04:32:42.665657
2020-03-05,17:45,49.0,29.6,46.7,0.0,4,S,3.4,5.3,0.0,39.7,"Green.Blff, Spokane County",300048,Green.Blff,2020-12-16 04:32:42.665657
2020-03-05,18:00,48.7,28.5,45.5,0.0,0,SE,3.3,4.6,0.0,39.7,"Green.Blff, Spokane County",300048,Green.Blff,2020-12-16 04:32:42.665657
2020-03-05,18:15,48.6,28.0,44.7,0.0,0,SE,2.8,4.9,0.0,39.8,"Green.Blff, Spokane County",300048,Green.Blff,2020-12-16 04:32:42.665657
2020-03-05,18:30,48.8,27.8,43.9,0.0,0,SE,2.6,3.9,0.0,39.8,"Green.Blff, Spokane County",300048,Green.Blff,2020-12-16 04:32:42.665657
2020-03-05,18:45,47.8,28.2,46.2,0.0,0,SE,3.1,5.3,0.0,39.8,"Green.Blff, Spokane County",300048,Green.Blff,2020-12-16 04:32:42.665657
2020-03-05,19:00,47.6,27.6,45.5,0.0,0,S,3.4,4.6,0.0,39.8,"Green.Blff, Spokane County",300048,Green.Blff,2020-12-16 04:32:42.665657
2020-03-05,19:15,47.6,27.6,45.5,0.0,0,SE,3.0,3.5,0.0,39.9,"Green.Blff, Spokane County",300048,Green.Blff,2020-12-16 04:32:42.665657
2020-03-05,19:30,48.0,27.6,44.9,0.0,0,S,3.6,4.6,0.0,39.9,"Green.Blff, Spokane County",300048,Green.Blff,2020-12-16 04:32:42.665657
2020-03-05,19:45,46.9,28.2,47.9,0.0,0,S,3.9,5.7,0.0,39.9,"Green.Blff, Spokane County",300048,Green.Blff,2020-12-16 04:32:42.665657
2020-03-05,20:00,47.0,27.9,47.1,0.0,0,S,3.4,5.7,0.0,39.9,"Green.Blff, Spokane County",300048,Green.Blff,2020-12-16 04:32:42.665657
2020-03-05,20:15,47.6,27.5,45.4,0.0,0,S,2.9,4.2,0.0,39.8,"Green.Blff, Spokane County",300048,Green.Blff,2020-12-16 04:32:42.665657
2020-03-05,20:30,47.8,27.1,44.2,0.0,0,S,3.5,4.6,0.0,39.8,"Green.Blff, Spokane County",300048,Green.Blff,2020-12-16 04:32:42.665657
2020-03-05,20:45,47.4,27.0,44.8,0.0,0,SE,3.6,4.6,0.0,39.8,"Green.Blff, Spokane County",300048,Green.Blff,2020-12-16 04:32:42.665657
2020-03-05,21:00,46.3,27.4,47.5,0.0,0,SE,3.2,4.6,0.0,39.8,"Green.Blff, Spokane County",300048,Green.Blff,2020-12-16 04:32:42.665657
2020-03-05,21:15,46.0,27.4,48.0,0.0,0,SE,2.6,3.1,0.0,39.7,"Green.Blff, Spokane County",300048,Green.Blff,2020-12-16 04:32:42.665657
2020-03-05,21:30,46.9,26.9,45.4,0.0,0,SE,2.8,3.5,0.0,39.7,"Green.Blff, Spokane County",300048,Green.Blff,2020-12-16 04:32:42.665657
2020-03-05,21:45,47.3,26.5,44.0,0.0,0,SE,3.5,5.3,0.0,39.7,"Green.Blff, Spokane County",300048,Green.Blff,2020-12-16 04:32:42.665657
2020-03-05,22:00,46.8,26.4,44.7,0.0,0,SE,3.6,4.9,0.0,39.6,"Green.Blff, Spokane County",300048,Green.Blff,2020-12-16 04:32:42.665657
2020-03-05,22:15,46.5,26.3,45.0,0.0,0,SE,3.8,5.3,0.0,39.6,"Green.Blff, Spokane County",300048,Green.Blff,2020-12-16 04:32:42.665657
2020-03-05,22:30,45.2,26.5,47.6,0.0,0,SE,3.7,6.4,0.0,39.6,"Green.Blff, Spokane County",300048,Green.Blff,2020-12-16 04:32:42.665657
2020-03-05,22:45,46.0,26.2,45.6,0.0,0,S,3.3,4.2,0.0,39.5,"Green.Blff, Spokane County",300048,Green.Blff,2020-12-16 04:32:42.665657
2020-03-05,23:00,46.3,26.0,44.9,0.0,0,S,3.6,4.6,0.0,39.5,"Green.Blff, Spokane County",300048,Green.Blff,2020-12-16 04:32:42.665657
2020-03-05,23:15,45.3,26.2,46.9,0.0,0,SE,3.5,4.6,0.0,39.5,"Green.Blff, Spokane County",300048,Green.Blff,2020-12-16 04:32:42.665657
2020-03-05,23:30,46.2,25.8,44.6,0.0,0,SE,3.1,4.9,0.0,39.5,"Green.Blff, Spokane County",300048,Green.Blff,2020-12-16 04:32:42.665657
2020-03-05,23:45,46.6,25.3,43.0,0.0,0,SE,3.4,4.9,0.0,39.4,"Green.Blff, Spokane County",300048,Green.Blff,2020-12-16 04:32:42.665657
2020-03-05,24:00,46.7,25.2,42.6,0.0,0,SE,4.8,7.1,0.0,39.4,"Green.Blff, Spokane County",300048,Green.Blff,2020-12-16 04:32:42.665657
2020-03-06,00:15,45.9,25.4,44.3,0.0,0,S,4.4,6.7,0.0,39.4,"Green.Blff, Spokane County",300048,Green.Blff,2020-12-16 04:32:42.665657
2020-03-06,00:30,45.7,25.6,45.0,0.0,0,SE,4.6,6.4,0.0,39.3,"Green.Blff, Spokane County",300048,Green.Blff,2020-12-16 04:32:42.665657
2020-03-06,00:45,46.1,26.0,45.0,0.0,0,S,4.7,7.4,0.0,39.3,"Green.Blff, Spokane County",300048,Green.Blff,2020-12-16 04:32:42.665657
2020-03-06,01:00,45.4,26.1,46.5,0.0,0,S,3.7,4.6,0.0,39.3,"Green.Blff, Spokane County",300048,Green.Blff,2020-12-16 04:32:42.665657
2020-03-06,01:15,45.0,26.1,47.2,0.0,0,S,2.5,4.2,0.0,39.2,"Green.Blff, Spokane County",300048,Green.Blff,2020-12-16 04:32:42.665657
2020-03-06,01:30,44.2,26.3,49.0,0.0,0,SW,2.6,4.9,0.0,39.2,"Green.Blff, Spokane County",300048,Green.Blff,2020-12-16 04:32:42.665657
2020-03-06,01:45,43.1,26.7,52.0,0.0,0,SW,3.0,5.3,0.0,39.2,"Green.Blff, Spokane County",300048,Green.Blff,2020-12-16 04:32:42.665657
2020-03-06,02:00,42.3,26.5,53.4,0.0,0,W,1.9,4.2,0.0,39.2,"Green.Blff, Spokane County",300048,Green.Blff,2020-12-16 04:32:42.665657
2020-03-06,02:15,42.3,26.4,52.9,0.0,0,W,2.7,4.6,0.0,39.2,"Green.Blff, Spokane County",300048,Green.Blff,2020-12-16 04:32:42.665657
2020-03-06,02:30,42.6,26.3,52.1,0.0,0,NW,2.7,4.6,0.0,39.1,"Green.Blff, Spokane County",300048,Green.Blff,2020-12-16 04:32:42.665657
2020-03-06,02:45,42.8,26.3,51.7,0.0,0,NW,3.0,4.2,0.0,39.1,"Green.Blff, Spokane County",300048,Green.Blff,2020-12-16 04:32:42.665657
2020-03-06,03:00,41.0,26.9,56.9,0.0,0,SE,1.9,3.5,0.0,39.1,"Green.Blff, Spokane County",300048,Green.Blff,2020-12-16 04:32:42.665657
2020-03-06,03:15,40.0,27.1,59.8,0.0,0,SE,1.8,3.9,0.0,39.1,"Green.Blff, Spokane County",300048,Green.Blff,2020-12-16 04:32:42.665657
2020-03-06,03:30,39.8,27.3,60.5,0.0,0,SE,3.5,4.6,0.0,39.1,"Green.Blff, Spokane County",300048,Green.Blff,2020-12-16 04:32:42.665657
2020-03-06,03:45,42.3,26.9,54.0,0.0,0,S,3.6,5.7,0.0,39.0,"Green.Blff, Spokane County",300048,Green.Blff,2020-12-16 04:32:42.665657
2020-03-06,04:00,43.0,27.1,53.0,0.0,0,S,3.3,4.6,0.0,39.0,"Green.Blff, Spokane County",300048,Green.Blff,2020-12-16 04:32:42.665657
2020-03-06,04:15,43.0,27.5,53.9,0.0,0,S,3.8,6.4,0.0,39.0,"Green.Blff, Spokane County",300048,Green.Blff,2020-12-16 04:32:42.665657
2020-03-06,04:30,43.2,27.3,53.2,0.0,0,S,3.7,4.9,0.0,39.0,"Green.Blff, Spokane County",300048,Green.Blff,2020-12-16 04:32:42.665657
2020-03-06,04:45,43.5,27.0,51.8,0.0,0,S,4.4,7.1,0.0,39.0,"Green.Blff, Spokane County",300048,Green.Blff,2020-12-16 04:32:42.665657
2020-03-06,05:00,43.7,27.1,51.6,0.0,0,SE,4.6,5.7,0.0,39.0,"Green.Blff, Spokane County",300048,Green.Blff,2020-12-16 04:32:42.665657
2020-03-06,05:15,43.4,27.6,53.3,0.0,0,S,4.0,6.0,0.0,38.9,"Green.Blff, Spokane County",300048,Green.Blff,2020-12-16 04:32:42.665657
2020-03-06,05:30,43.1,27.8,54.3,0.0,0,S,5.7,9.2,0.0,38.9,"Green.Blff, Spokane County",300048,Green.Blff,2020-12-16 04:32:42.665657
2020-03-06,05:45,42.4,28.2,56.9,0.0,0,SE,4.6,6.7,0.0,38.9,"Green.Blff, Spokane County",300048,Green.Blff,2020-12-16 04:32:42.665657
2020-03-06,06:00,41.5,28.6,59.7,0.0,0,SE,4.4,6.0,0.0,38.9,"Green.Blff, Spokane County",300048,Green.Blff,2020-12-16 04:32:42.665657
2020-03-06,06:15,41.5,28.9,60.7,0.0,0,S,4.7,7.1,0.0,38.9,"Green.Blff, Spokane County",300048,Green.Blff,2020-12-16 04:32:42.665657
2020-03-06,06:30,41.5,29.1,61.1,0.0,2,S,3.9,5.7,0.0,38.8,"Green.Blff, Spokane County",300048,Green.Blff,2020-12-16 04:32:42.665657
2020-03-06,06:45,42.2,29.4,60.2,0.0,8,S,3.8,5.7,0.0,38.8,"Green.Blff, Spokane County",300048,Green.Blff,2020-12-16 04:32:42.665657
2020-03-06,07:00,42.2,29.9,61.4,0.0,17,S,4.9,7.1,0.0,38.8,"Green.Blff, Spokane County",300048,Green.Blff,2020-12-16 04:32:42.665657
2020-03-06,07:15,42.7,29.7,59.8,0.0,24,S,6.0,8.9,0.0,38.8,"Green.Blff, Spokane County",300048,Green.Blff,2020-12-16 04:32:42.665657
2020-03-06,07:30,42.7,30.2,61.0,0.0,31,S,5.5,7.8,0.0,38.8,"Green.Blff, Spokane County",300048,Green.Blff,2020-12-16 04:32:42.665657
2020-03-06,07:45,42.8,30.5,61.6,0.0,40,S,6.9,9.9,0.0,38.8,"Green.Blff, Spokane County",300048,Green.Blff,2020-12-16 04:32:42.665657
2020-03-06,08:00,43.4,30.5,60.2,0.0,55,S,6.2,9.9,0.0,38.7,"Green.Blff, Spokane County",300048,Green.Blff,2020-12-16 04:32:42.665657
2020-03-06,08:15,43.9,30.7,59.5,0.0,74,S,6.2,8.9,0.0,38.7,"Green.Blff, Spokane County",300048,Green.Blff,2020-12-16 04:32:42.665657
2020-03-06,08:30,44.0,31.0,59.9,0.0,81,SE,6.5,9.6,0.0,38.7,"Green.Blff, Spokane County",300048,Green.Blff,2020-12-16 04:32:42.665657
2020-03-06,08:45,44.1,31.3,60.5,0.0,100,S,6.8,9.6,0.0,38.7,"Green.Blff, Spokane County",300048,Green.Blff,2020-12-16 04:32:42.665657
2020-03-06,09:00,44.2,31.5,60.9,0.0,104,S,6.0,7.8,0.0,38.7,"Green.Blff, Spokane County",300048,Green.Blff,2020-12-16 04:32:42.665657
2020-03-06,09:15,44.4,31.5,60.3,0.0,124,SE,5.4,9.2,0.0,38.7,"Green.Blff, Spokane County",300048,Green.Blff,2020-12-16 04:32:42.665657
2020-03-06,09:30,45.0,31.7,59.3,0.0,175,S,5.4,8.2,0.0,38.7,"Green.Blff, Spokane County",300048,Green.Blff,2020-12-16 04:32:42.665657
2020-03-06,09:45,45.8,31.8,58.0,0.0,267,S,6.3,8.9,0.0,38.7,"Green.Blff, Spokane County",300048,Green.Blff,2020-12-16 04:32:42.665657
2020-03-06,10:00,46.7,32.2,56.7,0.0,294,S,6.2,10.3,0.0,38.7,"Green.Blff, Spokane County",300048,Green.Blff,2020-12-16 04:32:42.665657
2020-03-06,10:15,46.4,32.0,57.0,0.0,236,S,5.9,8.5,0.0,38.8,"Green.Blff, Spokane County",300048,Green.Blff,2020-12-16 04:32:42.665657
2020-03-06,10:30,47.6,32.5,55.6,0.0,300,S,5.4,8.9,0.0,38.8,"Green.Blff, Spokane County",300048,Green.Blff,2020-12-16 04:32:42.665657
2020-03-06,10:45,47.8,32.6,55.4,0.0,300,SW,5.1,8.5,0.0,38.8,"Green.Blff, Spokane County",300048,Green.Blff,2020-12-16 04:32:42.665657
2020-03-06,11:00,48.3,32.2,53.5,0.0,328,S,5.9,9.9,0.0,38.9,"Green.Blff, Spokane County",300048,Green.Blff,2020-12-16 04:32:42.665657
2020-03-06,11:15,48.9,32.2,52.4,0.0,294,SW,6.2,8.9,0.0,38.9,"Green.Blff, Spokane County",300048,Green.Blff,2020-12-16 04:32:42.665657
2020-03-06,11:30,49.4,32.3,51.5,0.0,376,SW,6.2,9.6,0.0,38.9,"Green.Blff, Spokane County",300048,Green.Blff,2020-12-16 04:32:42.665657
2020-03-06,11:45,49.6,32.4,51.3,0.0,346,SW,6.2,9.6,0.0,39.0,"Green.Blff, Spokane County",300048,Green.Blff,2020-12-16 04:32:42.665657
2020-03-06,12:00,50.1,32.6,50.7,0.0,344,SW,5.8,9.2,0.0,39.1,"Green.Blff, Spokane County",300048,Green.Blff,2020-12-16 04:32:42.665657
2020-03-06,12:15,50.6,32.7,50.1,0.0,355,SW,6.5,9.6,0.0,39.1,"Green.Blff, Spokane County",300048,Green.Blff,2020-12-16 04:32:42.665657
2020-03-06,12:30,50.5,32.3,49.4,0.0,347,SW,6.1,9.9,0.0,39.2,"Green.Blff, Spokane County",300048,Green.Blff,2020-12-16 04:32:42.665657
2020-03-06,12:45,50.5,31.9,48.7,0.0,298,S,6.5,9.6,0.0,39.3,"Green.Blff, Spokane County",300048,Green.Blff,2020-12-16 04:32:42.665657
2020-03-06,13:00,50.9,32.1,48.3,0.0,312,SW,6.3,10.3,0.0,39.4,"Green.Blff, Spokane County",300048,Green.Blff,2020-12-16 04:32:42.665657
2020-03-06,13:15,51.2,31.8,47.3,0.0,305,S,5.2,9.2,0.0,39.5,"Green.Blff, Spokane County",300048,Green.Blff,2020-12-16 04:32:42.665657
2020-03-06,13:30,52.1,31.9,45.8,0.0,381,SW,5.9,9.6,0.0,39.6,"Green.Blff, Spokane County",300048,Green.Blff,2020-12-16 04:32:42.665657
2020-03-06,13:45,51.8,31.0,44.8,0.0,294,S,6.8,10.3,0.0,39.7,"Green.Blff, Spokane County",300048,Green.Blff,2020-12-16 04:32:42.665657
2020-03-06,14:00,52.0,30.8,44.2,0.0,255,S,7.0,9.9,0.0,39.8,"Green.Blff, Spokane County",300048,Green.Blff,2020-12-16 04:32:42.665657
2020-03-06,14:15,52.2,31.0,44.0,0.0,245,S,7.3,11.4,0.0,39.8,"Green.Blff, Spokane County",300048,Green.Blff,2020-12-16 04:32:42.665657
2020-03-06,14:30,52.1,30.7,43.6,0.0,231,SW,7.2,11.0,0.0,39.9,"Green.Blff, Spokane County",300048,Green.Blff,2020-12-16 04:32:42.665657
2020-03-06,14:45,52.0,31.1,44.5,0.0,165,S,5.3,8.9,0.0,40.0,"Green.Blff, Spokane County",300048,Green.Blff,2020-12-16 04:32:42.665657
2020-03-06,15:00,51.5,30.6,44.5,0.0,141,S,6.6,9.9,0.0,40.1,"Green.Blff, Spokane County",300048,Green.Blff,2020-12-16 04:32:42.665657
2020-03-06,15:15,51.2,30.2,44.2,0.0,125,S,6.4,10.3,0.0,40.2,"Green.Blff, Spokane County",300048,Green.Blff,2020-12-16 04:32:42.665657
2020-03-06,15:30,51.4,30.6,44.7,0.0,121,S,4.7,8.2,0.0,40.2,"Green.Blff, Spokane County",300048,Green.Blff,2020-12-16 04:32:42.665657
2020-03-06,15:45,51.1,30.1,44.3,0.0,100,S,5.6,8.2,0.0,40.3,"Green.Blff, Spokane County",300048,Green.Blff,2020-12-16 04:32:42.665657
2020-03-06,16:00,50.7,30.3,45.3,0.0,74,S,5.1,7.4,0.0,40.4,"Green.Blff, Spokane County",300048,Green.Blff,2020-12-16 04:32:42.665657
2020-03-06,16:15,50.6,30.0,44.8,0.0,80,S,5.5,7.8,0.0,40.4,"Green.Blff, Spokane County",300048,Green.Blff,2020-12-16 04:32:42.665657
2020-03-06,16:30,50.4,29.7,44.7,0.0,68,SW,5.6,7.4,0.0,40.5,"Green.Blff, Spokane County",300048,Green.Blff,2020-12-16 04:32:42.665657
2020-03-06,16:45,50.0,29.7,45.3,0.0,39,SW,4.7,6.0,0.0,40.5,"Green.Blff, Spokane County",300048,Green.Blff,2020-12-16 04:32:42.665657
2020-03-06,17:00,49.8,29.5,45.5,0.0,26,SW,4.6,6.7,0.0,40.6,"Green.Blff, Spokane County",300048,Green.Blff,2020-12-16 04:32:42.665657
2020-03-06,17:15,49.4,29.6,46.3,0.0,23,W,3.4,5.3,0.0,40.6,"Green.Blff, Spokane County",300048,Green.Blff,2020-12-16 04:32:42.665657
2020-03-06,17:30,48.7,30.3,48.8,0.0,15,N,3.2,4.9,0.0,40.6,"Green.Blff, Spokane County",300048,Green.Blff,2020-12-16 04:32:42.665657
2020-03-06,17:45,48.2,30.5,50.2,0.0,6,NW,3.3,5.3,0.0,40.7,"Green.Blff, Spokane County",300048,Green.Blff,2020-12-16 04:32:42.665657
2020-03-06,18:00,47.9,29.8,49.2,0.0,1,W,2.8,4.2,0.0,40.7,"Green.Blff, Spokane County",300048,Green.Blff,2020-12-16 04:32:42.665657
2020-03-06,18:15,46.9,29.8,51.2,0.0,0,W,3.4,4.2,0.0,40.7,"Green.Blff, Spokane County",300048,Green.Blff,2020-12-16 04:32:42.665657
2020-03-06,18:30,46.2,30.6,54.3,0.0,0,W,3.0,4.6,0.0,40.7,"Green.Blff, Spokane County",300048,Green.Blff,2020-12-16 04:32:42.665657
2020-03-06,18:45,46.7,31.0,54.0,0.0,0,W,2.6,3.9,0.0,40.7,"Green.Blff, Spokane County",300048,Green.Blff,2020-12-16 04:32:42.665657
2020-03-06,19:00,46.8,31.4,54.6,0.0,0,NW,2.7,4.2,0.0,40.7,"Green.Blff, Spokane County",300048,Green.Blff,2020-12-16 04:32:42.665657
2020-03-06,19:15,46.8,31.5,55.2,0.0,0,NW,3.1,4.2,0.0,40.7,"Green.Blff, Spokane County",300048,Green.Blff,2020-12-16 04:32:42.665657
2020-03-06,19:30,46.3,32.1,57.4,0.0,0,NW,4.3,6.7,0.12,40.7,"Green.Blff, Spokane County",300048,Green.Blff,2020-12-16 04:32:42.665657
2020-03-06,19:45,46.0,32.8,59.8,0.0,0,NW,4.0,6.4,0.19,40.7,"Green.Blff, Spokane County",300048,Green.Blff,2020-12-16 04:32:42.665657
2020-03-06,20:00,46.0,33.8,62.0,0.0,0,W,4.5,8.9,0.6,40.7,"Green.Blff, Spokane County",300048,Green.Blff,2020-12-16 04:32:42.665657
2020-03-06,20:15,45.2,35.3,68.0,0.0,0,SW,3.5,12.8,0.88,40.7,"Green.Blff, Spokane County",300048,Green.Blff,2020-12-16 04:32:42.665657
2020-03-06,20:30,44.8,35.1,68.4,0.0,0,W,1.0,2.8,0.86,40.7,"Green.Blff, Spokane County",300048,Green.Blff,2020-12-16 04:32:42.665657
2020-03-06,20:45,44.7,35.2,69.0,0.0,0,W,2.0,3.9,0.78,40.7,"Green.Blff, Spokane County",300048,Green.Blff,2020-12-16 04:32:42.665657
2020-03-06,21:00,43.9,36.1,73.9,0.0,0,W,3.1,4.2,0.48,40.7,"Green.Blff, Spokane County",300048,Green.Blff,2020-12-16 04:32:42.665657
2020-03-06,21:15,43.4,36.5,76.3,0.01,0,SW,3.5,6.7,0.77,40.7,"Green.Blff, Spokane County",300048,Green.Blff,2020-12-16 04:32:42.665657
2020-03-06,21:30,42.9,37.1,79.7,0.01,0,E,1.9,3.9,0.69,40.6,"Green.Blff, Spokane County",300048,Green.Blff,2020-12-16 04:32:42.665657
2020-03-06,21:45,42.6,37.1,80.7,0.01,0,S,1.3,3.1,0.67,40.6,"Green.Blff, Spokane County",300048,Green.Blff,2020-12-16 04:32:42.665657
2020-03-06,22:00,42.4,37.5,82.5,0.01,0,W,2.6,3.5,0.73,40.6,"Green.Blff, Spokane County",300048,Green.Blff,2020-12-16 04:32:42.665657
2020-03-06,22:15,41.6,38.3,88.1,0.02,0,W,2.3,3.1,0.7,40.6,"Green.Blff, Spokane County",300048,Green.Blff,2020-12-16 04:32:42.665657
2020-03-06,22:30,41.2,38.6,90.2,0.02,0,SW,2.6,3.5,0.64,40.6,"Green.Blff, Spokane County",300048,Green.Blff,2020-12-16 04:32:42.665657
2020-03-06,22:45,40.8,38.7,91.8,0.01,0,SW,2.0,2.8,0.63,40.6,"Green.Blff, Spokane County",300048,Green.Blff,2020-12-16 04:32:42.665657
2020-03-06,23:00,40.8,38.7,92.2,0.02,0,W,2.4,3.1,0.61,40.6,"Green.Blff, Spokane County",300048,Green.Blff,2020-12-16 04:32:42.665657
2020-03-06,23:15,40.4,38.8,93.8,0.0,0,N ,3.2,4.9,0.71,40.5,"Green.Blff, Spokane County",300048,Green.Blff,2020-12-16 04:32:42.665657
2020-03-06,23:30,40.1,38.8,95.1,0.0,0,NW,2.8,3.9,0.75,40.5,"Green.Blff, Spokane County",300048,Green.Blff,2020-12-16 04:32:42.665657
2020-03-06,23:45,40.0,39.0,96.0,0.01,0,N,2.8,3.9,0.73,40.5,"Green.Blff, Spokane County",300048,Green.Blff,2020-12-16 04:32:42.665657
2020-03-06,24:00,39.9,39.0,96.8,0.01,0,NE,4.3,6.7,0.71,40.5,"Green.Blff, Spokane County",300048,Green.Blff,2020-12-16 04:32:42.665657
2020-03-07,00:15,39.7,38.9,97.0,0.0,0,NE,4.5,6.4,0.73,40.5,"Green.Blff, Spokane County",300048,Green.Blff,2020-12-16 04:32:42.665657
2020-03-07,00:30,39.5,38.7,97.1,0.0,0,NE,4.5,6.4,0.72,40.5,"Green.Blff, Spokane County",300048,Green.Blff,2020-12-16 04:32:42.665657
2020-03-07,00:45,39.4,38.6,96.7,0.0,0,N ,5.0,6.7,0.72,40.5,"Green.Blff, Spokane County",300048,Green.Blff,2020-12-16 04:32:42.665657
2020-03-07,01:00,39.4,38.0,94.6,0.0,0,N ,4.3,5.7,0.62,40.4,"Green.Blff, Spokane County",300048,Green.Blff,2020-12-16 04:32:42.665657
2020-03-07,01:15,39.3,38.4,96.5,0.0,0,N,4.7,6.0,0.56,40.4,"Green.Blff, Spokane County",300048,Green.Blff,2020-12-16 04:32:42.665657
2020-03-07,01:30,39.2,38.5,97.3,0.0,0,N ,5.4,6.7,0.76,40.4,"Green.Blff, Spokane County",300048,Green.Blff,2020-12-16 04:32:42.665657
2020-03-07,01:45,39.2,38.4,96.6,0.0,0,NE,4.2,5.7,0.77,40.4,"Green.Blff, Spokane County",300048,Green.Blff,2020-12-16 04:32:42.665657
2020-03-07,02:00,39.2,38.0,95.6,0.01,0,NE,3.9,5.7,0.64,40.4,"Green.Blff, Spokane County",300048,Green.Blff,2020-12-16 04:32:42.665657
2020-03-07,02:15,39.0,37.9,95.7,0.01,0,N ,3.5,5.3,0.61,40.4,"Green.Blff, Spokane County",300048,Green.Blff,2020-12-16 04:32:42.665657
2020-03-07,02:30,38.6,37.7,96.5,0.0,0,NE,3.9,6.0,0.59,40.4,"Green.Blff, Spokane County",300048,Green.Blff,2020-12-16 04:32:42.665657
2020-03-07,02:45,38.4,37.9,97.7,0.0,0,E,5.0,6.7,0.59,40.3,"Green.Blff, Spokane County",300048,Green.Blff,2020-12-16 04:32:42.665657
2020-03-07,03:00,38.4,37.9,98.2,0.0,0,S,3.5,4.9,0.6,40.3,"Green.Blff, Spokane County",300048,Green.Blff,2020-12-16 04:32:42.665657
2020-03-07,03:15,38.2,37.9,98.5,0.0,0,W,3.2,4.6,0.63,40.3,"Green.Blff, Spokane County",300048,Green.Blff,2020-12-16 04:32:42.665657
2020-03-07,03:30,38.2,37.9,98.9,0.0,0,S,3.6,5.7,0.66,40.3,"Green.Blff, Spokane County",300048,Green.Blff,2020-12-16 04:32:42.665657
2020-03-07,03:45,38.2,38.0,99.0,0.0,0,W,2.6,4.6,0.7,40.3,"Green.Blff, Spokane County",300048,Green.Blff,2020-12-16 04:32:42.665657
2020-03-07,04:00,38.1,37.9,99.2,0.0,0,NW,3.9,5.7,0.72,40.3,"Green.Blff, Spokane County",300048,Green.Blff,2020-12-16 04:32:42.665657
2020-03-07,04:15,37.4,37.3,99.3,0.0,0,NW,4.8,6.7,0.71,40.2,"Green.Blff, Spokane County",300048,Green.Blff,2020-12-16 04:32:42.665657
2020-03-07,04:30,37.3,37.2,99.5,0.0,0,NW,4.0,5.3,0.71,40.2,"Green.Blff, Spokane County",300048,Green.Blff,2020-12-16 04:32:42.665657
2020-03-07,04:45,37.1,37.0,99.5,0.0,0,NW,4.5,5.7,0.72,40.2,"Green.Blff, Spokane County",300048,Green.Blff,2020-12-16 04:32:42.665657
2020-03-07,05:00,36.8,36.7,99.6,0.0,0,N,4.2,5.3,0.78,40.2,"Green.Blff, Spokane County",300048,Green.Blff,2020-12-16 04:32:42.665657
2020-03-07,05:15,36.8,36.7,99.6,0.0,0,N ,3.1,4.2,0.78,40.2,"Green.Blff, Spokane County",300048,Green.Blff,2020-12-16 04:32:42.665657
2020-03-07,05:30,36.8,36.7,99.6,0.0,0,E,3.4,4.6,0.71,40.2,"Green.Blff, Spokane County",300048,Green.Blff,2020-12-16 04:32:42.665657
2020-03-07,05:45,36.9,36.8,99.6,0.01,0,SE,2.7,3.9,0.61,40.1,"Green.Blff, Spokane County",300048,Green.Blff,2020-12-16 04:32:42.665657
2020-03-07,06:00,37.3,37.3,99.6,0.01,0,SE,2.3,4.2,0.61,40.1,"Green.Blff, Spokane County",300048,Green.Blff,2020-12-16 04:32:42.665657
2020-03-07,06:15,37.5,37.4,99.6,0.01,0,SW,2.1,2.8,0.66,40.1,"Green.Blff, Spokane County",300048,Green.Blff,2020-12-16 04:32:42.665657
2020-03-07,06:30,37.4,37.4,99.7,0.0,1,SE,3.6,4.9,0.65,40.1,"Green.Blff, Spokane County",300048,Green.Blff,2020-12-16 04:32:42.665657
2020-03-07,06:45,37.5,37.4,99.7,0.01,6,SE,3.9,5.3,0.6,40.1,"Green.Blff, Spokane County",300048,Green.Blff,2020-12-16 04:32:42.665657
2020-03-07,07:00,38.0,37.9,99.7,0.0,8,SE,3.5,4.6,0.53,40.1,"Green.Blff, Spokane County",300048,Green.Blff,2020-12-16 04:32:42.665657
2020-03-07,07:15,38.1,38.1,99.7,0.0,11,S,3.3,4.2,0.57,40.1,"Green.Blff, Spokane County",300048,Green.Blff,2020-12-16 04:32:42.665657
2020-03-07,07:30,38.4,38.3,99.8,0.0,16,S,3.7,4.6,0.6,40.0,"Green.Blff, Spokane County",300048,Green.Blff,2020-12-16 04:32:42.665657
2020-03-07,07:45,38.6,38.5,99.8,0.01,21,S,4.2,5.7,0.65,40.0,"Green.Blff, Spokane County",300048,Green.Blff,2020-12-16 04:32:42.665657
2020-03-07,08:00,38.7,38.7,99.8,0.01,21,S,4.1,6.0,0.64,40.0,"Green.Blff, Spokane County",300048,Green.Blff,2020-12-16 04:32:42.665657
2020-03-07,08:15,38.8,38.7,99.8,0.0,27,S,4.5,6.0,0.67,40.0,"Green.Blff, Spokane County",300048,Green.Blff,2020-12-16 04:32:42.665657
2020-03-07,08:30,38.9,38.8,99.8,0.01,36,S,5.1,7.8,0.67,40.0,"Green.Blff, Spokane County",300048,Green.Blff,2020-12-16 04:32:42.665657
2020-03-07,08:45,38.9,38.9,99.8,0.01,38,SW,5.5,8.5,0.62,40.0,"Green.Blff, Spokane County",300048,Green.Blff,2020-12-16 04:32:42.665657
2020-03-07,09:00,38.8,38.7,99.8,0.01,46,SW,7.1,11.0,0.56,40.0,"Green.Blff, Spokane County",300048,Green.Blff,2020-12-16 04:32:42.665657
2020-03-07,09:15,38.5,38.4,99.7,0.0,52,SW,7.4,10.7,0.53,40.0,"Green.Blff, Spokane County",300048,Green.Blff,2020-12-16 04:32:42.665657
2020-03-07,09:30,38.2,38.0,99.2,0.01,37,SW,7.4,10.3,0.55,40.0,"Green.Blff, Spokane County",300048,Green.Blff,2020-12-16 04:32:42.665657
2020-03-07,09:45,37.9,37.7,98.9,0.01,42,SW,8.1,15.0,0.54,39.9,"Green.Blff, Spokane County",300048,Green.Blff,2020-12-16 04:32:42.665657
2020-03-07,10:00,37.2,36.8,98.5,0.01,45,SW,7.7,12.1,0.52,39.9,"Green.Blff, Spokane County",300048,Green.Blff,2020-12-16 04:32:42.665657
2020-03-07,10:15,37.1,36.6,98.1,0.01,74,SW,7.2,10.3,0.47,39.9,"Green.Blff, Spokane County",300048,Green.Blff,2020-12-16 04:32:42.665657
2020-03-07,10:30,37.4,36.8,97.8,0.01,85,SW,6.9,11.4,0.47,39.9,"Green.Blff, Spokane County",300048,Green.Blff,2020-12-16 04:32:42.665657
2020-03-07,10:45,37.3,36.8,97.8,0.01,84,SW,6.9,10.7,0.49,39.9,"Green.Blff, Spokane County",300048,Green.Blff,2020-12-16 04:32:42.665657
2020-03-07,11:00,37.5,36.9,97.7,0.0,78,SW,7.7,12.1,0.48,39.9,"Green.Blff, Spokane County",300048,Green.Blff,2020-12-16 04:32:42.665657
2020-03-07,11:15,37.4,36.6,96.8,0.01,80,SW,8.0,12.1,0.49,39.9,"Green.Blff, Spokane County",300048,Green.Blff,2020-12-16 04:32:42.665657
2020-03-07,11:30,37.1,36.2,96.5,0.01,113,W,7.6,12.4,0.45,39.9,"Green.Blff, Spokane County",300048,Green.Blff,2020-12-16 04:32:42.665657
2020-03-07,11:45,36.9,35.9,96.2,0.0,116,SW,8.3,12.1,0.44,39.9,"Green.Blff, Spokane County",300048,Green.Blff,2020-12-16 04:32:42.665657
2020-03-07,12:00,37.0,36.1,96.6,0.01,89,SW,7.3,11.0,0.46,39.9,"Green.Blff, Spokane County",300048,Green.Blff,2020-12-16 04:32:42.665657
2020-03-07,12:15,37.1,36.2,96.6,0.0,72,SW,6.3,10.7,0.48,39.9,"Green.Blff, Spokane County",300048,Green.Blff,2020-12-16 04:32:42.665657
2020-03-07,12:30,37.2,36.3,96.4,0.01,68,SW,5.9,8.9,0.44,39.9,"Green.Blff, Spokane County",300048,Green.Blff,2020-12-16 04:32:42.665657
2020-03-07,12:45,37.5,36.6,96.5,0.0,90,SW,6.2,9.6,0.45,39.9,"Green.Blff, Spokane County",300048,Green.Blff,2020-12-16 04:32:42.665657
2020-03-07,13:00,37.8,36.7,95.5,0.0,94,SW,7.1,10.3,0.41,39.9,"Green.Blff, Spokane County",300048,Green.Blff,2020-12-16 04:32:42.665657
2020-03-07,13:15,37.7,36.6,95.9,0.01,94,SW,6.8,11.4,0.43,39.9,"Green.Blff, Spokane County",300048,Green.Blff,2020-12-16 04:32:42.665657
2020-03-07,13:30,38.1,37.0,95.8,0.0,158,SW,6.1,9.2,0.33,39.9,"Green.Blff, Spokane County",300048,Green.Blff,2020-12-16 04:32:42.665657
2020-03-07,13:45,38.3,37.1,95.4,0.0,125,SW,5.0,8.2,0.27,39.9,"Green.Blff, Spokane County",300048,Green.Blff,2020-12-16 04:32:42.665657
2020-03-07,14:00,38.0,36.6,94.9,0.0,87,SW,6.1,8.9,0.41,39.9,"Green.Blff, Spokane County",300048,Green.Blff,2020-12-16 04:32:42.665657
2020-03-07,14:15,37.8,36.7,95.9,0.0,66,SW,5.9,8.9,0.48,39.9,"Green.Blff, Spokane County",300048,Green.Blff,2020-12-16 04:32:42.665657
2020-03-07,14:30,37.8,36.4,94.9,0.0,122,SW,5.8,8.2,0.46,39.9,"Green.Blff, Spokane County",300048,Green.Blff,2020-12-16 04:32:42.665657
2020-03-07,14:45,38.0,36.3,93.5,0.01,140,SW,6.5,9.2,0.22,39.9,"Green.Blff, Spokane County",300048,Green.Blff,2020-12-16 04:32:42.665657
2020-03-07,15:00,38.1,36.0,92.3,0.0,138,SW,7.3,9.6,0.04,39.9,"Green.Blff, Spokane County",300048,Green.Blff,2020-12-16 04:32:42.665657
2020-03-07,15:15,38.7,36.3,91.1,0.0,237,SW,6.9,10.3,0.0,39.9,"Green.Blff, Spokane County",300048,Green.Blff,2020-12-16 04:32:42.665657
2020-03-07,15:30,38.7,36.4,91.2,0.0,117,SW,5.1,7.8,0.0,40.0,"Green.Blff, Spokane County",300048,Green.Blff,2020-12-16 04:32:42.665657
2020-03-07,15:45,38.4,35.6,89.8,0.0,58,SW,5.9,9.9,0.0,40.0,"Green.Blff, Spokane County",300048,Green.Blff,2020-12-16 04:32:42.665657
2020-03-07,16:00,38.5,36.0,90.7,0.0,108,SW,5.3,8.2,0.0,40.0,"Green.Blff, Spokane County",300048,Green.Blff,2020-12-16 04:32:42.665657
2020-03-07,16:15,39.5,36.2,87.7,0.0,221,SW,5.6,9.6,0.0,40.0,"Green.Blff, Spokane County",300048,Green.Blff,2020-12-16 04:32:42.665657
2020-03-07,16:30,39.6,35.9,86.2,0.0,163,SW,6.0,10.3,0.0,40.0,"Green.Blff, Spokane County",300048,Green.Blff,2020-12-16 04:32:42.665657
2020-03-07,16:45,39.2,35.9,87.8,0.0,53,SW,3.3,5.3,0.0,40.0,"Green.Blff, Spokane County",300048,Green.Blff,2020-12-16 04:32:42.665657
2020-03-07,17:00,39.0,35.9,88.3,0.0,43,SW,3.7,7.1,0.0,40.0,"Green.Blff, Spokane County",300048,Green.Blff,2020-12-16 04:32:42.665657
2020-03-07,17:15,39.0,36.0,88.9,0.0,82,SW,6.4,11.0,0.0,40.0,"Green.Blff, Spokane County",300048,Green.Blff,2020-12-16 04:32:42.665657
2020-03-07,17:30,37.8,34.6,87.9,0.0,31,S,5.9,7.8,0.0,40.1,"Green.Blff, Spokane County",300048,Green.Blff,2020-12-16 04:32:42.665657
2020-03-07,17:45,36.9,34.3,90.2,0.0,5,S,4.7,6.7,0.0,40.1,"Green.Blff, Spokane County",300048,Green.Blff,2020-12-16 04:32:42.665657
2020-03-07,18:00,36.7,34.2,90.2,0.0,1,S,3.7,5.3,0.0,40.1,"Green.Blff, Spokane County",300048,Green.Blff,2020-12-16 04:32:42.665657
2020-03-07,18:15,36.4,33.9,90.4,0.0,0,SE,3.0,4.2,0.0,40.1,"Green.Blff, Spokane County",300048,Green.Blff,2020-12-16 04:32:42.665657
2020-03-07,18:30,36.4,34.2,91.8,0.0,0,S,4.1,6.0,0.0,40.1,"Green.Blff, Spokane County",300048,Green.Blff,2020-12-16 04:32:42.665657
2020-03-07,18:45,35.8,34.0,93.1,0.0,0,S,4.2,5.7,0.11,40.1,"Green.Blff, Spokane County",300048,Green.Blff,2020-12-16 04:32:42.665657
2020-03-07,19:00,35.5,33.6,92.8,0.0,0,S,4.6,6.4,0.22,40.1,"Green.Blff, Spokane County",300048,Green.Blff,2020-12-16 04:32:42.665657
2020-03-07,19:15,35.5,33.7,92.9,0.0,0,S,4.5,6.4,0.23,40.1,"Green.Blff, Spokane County",300048,Green.Blff,2020-12-16 04:32:42.665657
2020-03-07,19:30,35.3,33.7,94.0,0.0,0,SE,4.1,5.7,0.2,40.1,"Green.Blff, Spokane County",300048,Green.Blff,2020-12-16 04:32:42.665657
2020-03-07,19:45,35.3,33.5,92.8,0.0,0,S,3.9,6.0,0.03,40.1,"Green.Blff, Spokane County",300048,Green.Blff,2020-12-16 04:32:42.665657
2020-03-07,20:00,35.7,33.2,90.6,0.0,0,S,4.8,7.8,0.0,40.0,"Green.Blff, Spokane County",300048,Green.Blff,2020-12-16 04:32:42.665657
2020-03-07,20:15,35.8,33.1,89.6,0.0,0,S,5.1,7.1,0.0,40.0,"Green.Blff, Spokane County",300048,Green.Blff,2020-12-16 04:32:42.665657
2020-03-07,20:30,35.5,32.9,90.4,0.0,0,S,4.7,6.4,0.0,40.0,"Green.Blff, Spokane County",300048,Green.Blff,2020-12-16 04:32:42.665657
2020-03-07,20:45,35.3,32.8,90.3,0.0,0,S,5.0,7.1,0.0,40.0,"Green.Blff, Spokane County",300048,Green.Blff,2020-12-16 04:32:42.665657
2020-03-07,21:00,35.6,32.8,89.5,0.0,0,S,5.1,7.8,0.0,39.9,"Green.Blff, Spokane County",300048,Green.Blff,2020-12-16 04:32:42.665657
2020-03-07,21:15,35.5,32.7,89.2,0.0,0,S,5.3,7.4,0.0,39.9,"Green.Blff, Spokane County",300048,Green.Blff,2020-12-16 04:32:42.665657
2020-03-07,21:30,35.6,32.7,89.2,0.0,0,S,5.2,9.2,0.0,39.9,"Green.Blff, Spokane County",300048,Green.Blff,2020-12-16 04:32:42.665657
2020-03-07,21:45,35.5,32.8,89.8,0.0,0,S,4.3,6.0,0.0,39.8,"Green.Blff, Spokane County",300048,Green.Blff,2020-12-16 04:32:42.665657
2020-03-07,22:00,34.9,32.7,91.5,0.0,0,S,4.7,10.3,0.0,39.8,"Green.Blff, Spokane County",300048,Green.Blff,2020-12-16 04:32:42.665657
2020-03-07,22:15,35.1,32.7,90.6,0.0,0,S,5.1,9.6,0.0,39.8,"Green.Blff, Spokane County",300048,Green.Blff,2020-12-16 04:32:42.665657
2020-03-07,22:30,34.7,32.5,91.8,0.0,0,S,4.2,5.7,0.0,39.7,"Green.Blff, Spokane County",300048,Green.Blff,2020-12-16 04:32:42.665657
2020-03-07,22:45,34.6,32.5,92.1,0.0,0,S,3.7,4.9,0.0,39.7,"Green.Blff, Spokane County",300048,Green.Blff,2020-12-16 04:32:42.665657
2020-03-07,23:00,34.8,32.3,90.7,0.0,0,S,3.6,6.0,0.0,39.7,"Green.Blff, Spokane County",300048,Green.Blff,2020-12-16 04:32:42.665657
2020-03-07,23:15,34.5,32.3,91.5,0.0,0,S,3.5,4.6,0.02,39.6,"Green.Blff, Spokane County",300048,Green.Blff,2020-12-16 04:32:42.665657
2020-03-07,23:30,34.3,32.4,92.7,0.0,0,SE,3.6,4.9,0.19,39.6,"Green.Blff, Spokane County",300048,Green.Blff,2020-12-16 04:32:42.665657
2020-03-07,23:45,33.7,32.1,93.6,0.0,0,S,3.4,4.6,0.24,39.6,"Green.Blff, Spokane County",300048,Green.Blff,2020-12-16 04:32:42.665657
2020-03-07,24:00,34.2,32.3,92.9,0.0,0,SE,2.8,3.9,0.24,39.5,"Green.Blff, Spokane County",300048,Green.Blff,2020-12-16 04:32:42.665657
2020-03-08,00:15,34.1,32.0,91.6,0.0,0,SE,3.9,6.0,0.26,39.5,"Green.Blff, Spokane County",300048,Green.Blff,2020-12-16 04:32:42.665657
2020-03-08,00:30,33.7,31.5,91.7,0.0,0,SE,4.7,6.4,0.28,39.5,"Green.Blff, Spokane County",300048,Green.Blff,2020-12-16 04:32:42.665657
2020-03-08,00:45,33.9,31.6,91.2,0.0,0,SE,4.8,7.4,0.31,39.4,"Green.Blff, Spokane County",300048,Green.Blff,2020-12-16 04:32:42.665657
2020-03-08,01:00,34.1,31.6,90.3,0.0,0,S,5.6,8.2,0.11,39.4,"Green.Blff, Spokane County",300048,Green.Blff,2020-12-16 04:32:42.665657
2020-03-08,01:15,34.1,31.5,90.3,0.0,0,S,5.0,7.1,0.0,39.4,"Green.Blff, Spokane County",300048,Green.Blff,2020-12-16 04:32:42.665657
2020-03-08,01:30,34.4,31.4,88.7,0.0,0,S,4.6,6.7,0.0,39.3,"Green.Blff, Spokane County",300048,Green.Blff,2020-12-16 04:32:42.665657
2020-03-08,01:45,34.2,31.0,88.0,0.0,0,S,5.1,7.4,0.0,39.3,"Green.Blff, Spokane County",300048,Green.Blff,2020-12-16 04:32:42.665657
2020-03-08,03:00,34.5,31.2,87.8,0.0,0,S,5.6,9.2,0.0,39.2,"Green.Blff, Spokane County",300048,Green.Blff,2020-12-16 04:32:42.665657
2020-03-08,03:15,34.2,31.2,88.7,0.0,0,S,4.7,6.7,0.0,39.2,"Green.Blff, Spokane County",300048,Green.Blff,2020-12-16 04:32:42.665657
2020-03-08,03:30,34.1,31.2,89.2,0.0,0,SE,4.8,6.4,0.0,39.2,"Green.Blff, Spokane County",300048,Green.Blff,2020-12-16 04:32:42.665657
2020-03-08,03:45,33.8,31.2,90.0,0.0,0,SE,4.9,6.7,0.0,39.1,"Green.Blff, Spokane County",300048,Green.Blff,2020-12-16 04:32:42.665657
2020-03-08,03:00,34.0,31.2,89.5,0.0,0,SE,4.9,6.4,0.0,39.1,"Green.Blff, Spokane County",300048,Green.Blff,2020-12-16 04:32:42.665657
2020-03-08,03:15,34.1,31.2,88.9,0.0,0,S,4.9,6.7,0.0,39.1,"Green.Blff, Spokane County",300048,Green.Blff,2020-12-16 04:32:42.665657
2020-03-08,03:30,34.1,31.1,88.8,0.0,0,S,4.3,6.4,0.0,39.0,"Green.Blff, Spokane County",300048,Green.Blff,2020-12-16 04:32:42.665657
2020-03-08,03:45,33.8,30.9,89.1,0.0,0,S,4.2,6.4,0.0,39.0,"Green.Blff, Spokane County",300048,Green.Blff,2020-12-16 04:32:42.665657
2020-03-08,04:00,33.6,30.7,89.0,0.0,0,S,3.6,6.4,0.0,39.0,"Green.Blff, Spokane County",300048,Green.Blff,2020-12-16 04:32:42.665657
2020-03-08,04:15,33.5,30.6,89.1,0.0,0,S,4.1,6.4,0.0,38.9,"Green.Blff, Spokane County",300048,Green.Blff,2020-12-16 04:32:42.665657
2020-03-08,04:30,33.4,30.7,89.8,0.0,0,S,3.3,4.6,0.0,38.9,"Green.Blff, Spokane County",300048,Green.Blff,2020-12-16 04:32:42.665657
2020-03-08,04:45,33.9,30.5,87.4,0.0,0,S,5.4,9.2,0.0,38.9,"Green.Blff, Spokane County",300048,Green.Blff,2020-12-16 04:32:42.665657
2020-03-08,05:00,33.4,30.2,87.8,0.0,0,S,5.8,8.2,0.0,38.8,"Green.Blff, Spokane County",300048,Green.Blff,2020-12-16 04:32:42.665657
2020-03-08,05:15,33.3,30.1,87.8,0.0,0,S,7.0,12.4,0.0,38.8,"Green.Blff, Spokane County",300048,Green.Blff,2020-12-16 04:32:42.665657
2020-03-08,05:30,33.1,30.0,88.1,0.0,0,S,6.3,9.2,0.0,38.7,"Green.Blff, Spokane County",300048,Green.Blff,2020-12-16 04:32:42.665657
2020-03-08,05:45,32.9,29.9,88.7,0.0,0,S,5.9,9.2,0.0,38.7,"Green.Blff, Spokane County",300048,Green.Blff,2020-12-16 04:32:42.665657
2020-03-08,06:00,32.8,29.9,89.0,0.0,0,S,6.5,9.9,0.0,38.7,"Green.Blff, Spokane County",300048,Green.Blff,2020-12-16 04:32:42.665657
2020-03-08,06:15,32.7,29.8,89.1,0.0,2,S,6.5,10.3,0.0,38.6,"Green.Blff, Spokane County",300048,Green.Blff,2020-12-16 04:32:42.665657
2020-03-08,06:30,32.5,29.9,89.9,0.0,5,S,5.9,8.9,0.0,38.6,"Green.Blff, Spokane County",300048,Green.Blff,2020-12-16 04:32:42.665657
2020-03-08,06:45,32.6,29.8,89.3,0.0,10,S,6.3,8.9,0.0,38.6,"Green.Blff, Spokane County",300048,Green.Blff,2020-12-16 04:32:42.665657
2020-03-08,07:00,32.6,29.9,89.7,0.0,30,S,6.0,9.6,0.0,38.5,"Green.Blff, Spokane County",300048,Green.Blff,2020-12-16 04:32:42.665657
2020-03-08,07:15,32.6,29.9,89.5,0.0,71,S,6.9,10.3,0.0,38.5,"Green.Blff, Spokane County",300048,Green.Blff,2020-12-16 04:32:42.665657
2020-03-08,07:30,32.9,30.0,89.0,0.0,79,S,7.6,10.7,0.0,38.5,"Green.Blff, Spokane County",300048,Green.Blff,2020-12-16 04:32:42.665657
2020-03-08,07:45,32.9,29.9,88.8,0.0,81,S,7.0,9.9,0.0,38.4,"Green.Blff, Spokane County",300048,Green.Blff,2020-12-16 04:32:42.665657
2020-03-08,08:00,33.0,30.1,88.8,0.0,110,S,6.2,9.2,0.0,38.4,"Green.Blff, Spokane County",300048,Green.Blff,2020-12-16 04:32:42.665657
2020-03-08,08:15,33.4,30.4,88.4,0.0,122,S,7.0,11.4,0.0,38.4,"Green.Blff, Spokane County",300048,Green.Blff,2020-12-16 04:32:42.665657
2020-03-08,08:30,33.5,30.6,89.2,0.0,75,S,7.6,11.7,0.0,38.3,"Green.Blff, Spokane County",300048,Green.Blff,2020-12-16 04:32:42.665657
2020-03-08,08:45,33.5,30.5,88.6,0.0,129,S,7.8,12.4,0.0,38.3,"Green.Blff, Spokane County",300048,Green.Blff,2020-12-16 04:32:42.665657
2020-03-08,09:00,35.5,32.0,86.9,0.0,391,S,7.5,10.7,0.0,38.3,"Green.Blff, Spokane County",300048,Green.Blff,2020-12-16 04:32:42.665657
2020-03-08,09:15,35.8,31.8,85.2,0.0,377,S,8.3,12.1,0.0,38.3,"Green.Blff, Spokane County",300048,Green.Blff,2020-12-16 04:32:42.665657
2020-03-08,09:30,35.9,31.8,84.7,0.0,303,S,7.1,11.4,0.0,38.3,"Green.Blff, Spokane County",300048,Green.Blff,2020-12-16 04:32:42.665657
2020-03-08,09:45,37.4,32.8,83.3,0.0,435,S,7.4,10.7,0.0,38.3,"Green.Blff, Spokane County",300048,Green.Blff,2020-12-16 04:32:42.665657
2020-03-08,10:00,37.5,31.9,80.1,0.0,338,S,7.9,11.0,0.0,38.3,"Green.Blff, Spokane County",300048,Green.Blff,2020-12-16 04:32:42.665657
2020-03-08,10:15,37.2,32.0,81.1,0.0,253,S,6.0,9.2,0.0,38.3,"Green.Blff, Spokane County",300048,Green.Blff,2020-12-16 04:32:42.665657
2020-03-08,10:30,38.3,31.3,75.9,0.0,269,S,8.2,11.4,0.0,38.4,"Green.Blff, Spokane County",300048,Green.Blff,2020-12-16 04:32:42.665657
2020-03-08,10:45,39.7,31.9,73.3,0.0,553,S,8.6,16.4,0.0,38.4,"Green.Blff, Spokane County",300048,Green.Blff,2020-12-16 04:32:42.665657
2020-03-08,11:00,41.3,32.1,69.5,0.0,666,S,9.3,14.6,0.0,38.5,"Green.Blff, Spokane County",300048,Green.Blff,2020-12-16 04:32:42.665657
2020-03-08,11:15,41.0,31.4,68.3,0.0,506,S,8.4,14.2,0.0,38.6,"Green.Blff, Spokane County",300048,Green.Blff,2020-12-16 04:32:42.665657
2020-03-08,11:30,41.0,30.6,66.4,0.0,326,SW,7.3,11.0,0.0,38.6,"Green.Blff, Spokane County",300048,Green.Blff,2020-12-16 04:32:42.665657
2020-03-08,11:45,40.5,28.6,62.4,0.0,226,SW,8.5,13.2,0.0,38.7,"Green.Blff, Spokane County",300048,Green.Blff,2020-12-16 04:32:42.665657
2020-03-08,12:00,40.2,27.6,60.5,0.0,197,W,8.0,12.4,0.0,38.7,"Green.Blff, Spokane County",300048,Green.Blff,2020-12-16 04:32:42.665657
2020-03-08,12:15,42.7,27.7,55.0,0.0,602,SW,9.9,15.0,0.0,38.8,"Green.Blff, Spokane County",300048,Green.Blff,2020-12-16 04:32:42.665657
2020-03-08,12:30,41.8,27.2,55.9,0.0,330,SW,10.4,16.4,0.0,38.9,"Green.Blff, Spokane County",300048,Green.Blff,2020-12-16 04:32:42.665657
2020-03-08,12:45,40.8,26.4,56.2,0.0,226,W,8.0,13.2,0.0,38.9,"Green.Blff, Spokane County",300048,Green.Blff,2020-12-16 04:32:42.665657
2020-03-08,13:00,41.1,25.7,54.0,0.0,260,W,8.2,12.8,0.0,39.0,"Green.Blff, Spokane County",300048,Green.Blff,2020-12-16 04:32:42.665657
2020-03-08,13:15,41.6,25.9,53.3,0.0,352,W,8.3,15.0,0.0,39.1,"Green.Blff, Spokane County",300048,Green.Blff,2020-12-16 04:32:42.665657
2020-03-08,13:30,42.7,25.5,50.4,0.0,416,SW,9.0,16.7,0.0,39.1,"Green.Blff, Spokane County",300048,Green.Blff,2020-12-16 04:32:42.665657
2020-03-08,13:45,43.3,24.4,46.8,0.0,491,W,8.7,13.5,0.0,39.2,"Green.Blff, Spokane County",300048,Green.Blff,2020-12-16 04:32:42.665657
2020-03-08,14:00,41.7,23.6,48.3,0.0,220,W,8.3,15.0,0.0,39.3,"Green.Blff, Spokane County",300048,Green.Blff,2020-12-16 04:32:42.665657
2020-03-08,14:15,43.0,22.4,43.6,0.0,370,W,8.4,14.2,0.0,39.3,"Green.Blff, Spokane County",300048,Green.Blff,2020-12-16 04:32:42.665657
2020-03-08,14:30,43.1,22.3,43.4,0.0,352,W,8.6,13.2,0.0,39.4,"Green.Blff, Spokane County",300048,Green.Blff,2020-12-16 04:32:42.665657
2020-03-08,14:45,43.0,22.4,43.5,0.0,381,SW,8.5,12.4,0.0,39.4,"Green.Blff, Spokane County",300048,Green.Blff,2020-12-16 04:32:42.665657
2020-03-08,15:00,43.3,21.6,41.7,0.0,354,SW,9.3,13.9,0.0,39.5,"Green.Blff, Spokane County",300048,Green.Blff,2020-12-16 04:32:42.665657
2020-03-08,15:15,42.6,22.1,43.7,0.0,277,SW,7.3,11.4,0.0,39.5,"Green.Blff, Spokane County",300048,Green.Blff,2020-12-16 04:32:42.665657
2020-03-08,15:30,43.1,22.0,42.6,0.0,276,W,5.9,9.9,0.0,39.6,"Green.Blff, Spokane County",300048,Green.Blff,2020-12-16 04:32:42.665657
2020-03-08,15:45,43.1,22.3,43.2,0.0,247,W,5.1,8.2,0.0,39.6,"Green.Blff, Spokane County",300048,Green.Blff,2020-12-16 04:32:42.665657
2020-03-08,16:00,42.2,21.8,43.8,0.0,180,SW,6.2,9.6,0.0,39.7,"Green.Blff, Spokane County",300048,Green.Blff,2020-12-16 04:32:42.665657
2020-03-08,16:15,42.0,22.6,45.7,0.0,142,SW,4.9,8.2,0.0,39.7,"Green.Blff, Spokane County",300048,Green.Blff,2020-12-16 04:32:42.665657
2020-03-08,16:30,42.0,23.0,46.5,0.0,115,SW,3.0,4.9,0.0,39.7,"Green.Blff, Spokane County",300048,Green.Blff,2020-12-16 04:32:42.665657
2020-03-08,16:45,41.7,22.3,45.6,0.0,99,W,3.7,5.7,0.0,39.8,"Green.Blff, Spokane County",300048,Green.Blff,2020-12-16 04:32:42.665657
2020-03-08,17:00,41.2,20.8,43.8,0.0,73,W,3.5,6.0,0.0,39.8,"Green.Blff, Spokane County",300048,Green.Blff,2020-12-16 04:32:42.665657
2020-03-08,17:15,40.2,20.4,44.8,0.0,41,W,2.8,4.2,0.0,39.8,"Green.Blff, Spokane County",300048,Green.Blff,2020-12-16 04:32:42.665657
2020-03-08,17:30,39.2,20.8,47.2,0.0,23,W,3.1,4.9,0.0,39.8,"Green.Blff, Spokane County",300048,Green.Blff,2020-12-16 04:32:42.665657
2020-03-08,17:45,38.7,20.9,48.4,0.0,9,NW,2.5,3.9,0.0,39.9,"Green.Blff, Spokane County",300048,Green.Blff,2020-12-16 04:32:42.665657
2020-03-08,18:00,38.3,21.1,49.5,0.0,2,NW,3.0,4.6,0.0,39.9,"Green.Blff, Spokane County",300048,Green.Blff,2020-12-16 04:32:42.665657
2020-03-08,18:15,38.0,21.0,50.0,0.0,0,NW,3.2,5.3,0.0,39.9,"Green.Blff, Spokane County",300048,Green.Blff,2020-12-16 04:32:42.665657
2020-03-08,18:30,38.0,20.0,47.8,0.0,0,NW,3.1,5.3,0.0,39.9,"Green.Blff, Spokane County",300048,Green.Blff,2020-12-16 04:32:42.665657
2020-03-08,18:45,37.7,19.8,48.0,0.0,0,NW,2.8,3.9,0.0,39.9,"Green.Blff, Spokane County",300048,Green.Blff,2020-12-16 04:32:42.665657
2020-03-08,19:00,37.3,19.5,48.1,0.0,0,NW,2.7,3.9,0.0,39.9,"Green.Blff, Spokane County",300048,Green.Blff,2020-12-16 04:32:42.665657
2020-03-08,19:15,36.9,19.5,48.8,0.0,0,NW,2.1,2.8,0.0,39.8,"Green.Blff, Spokane County",300048,Green.Blff,2020-12-16 04:32:42.665657
2020-03-08,19:30,37.2,19.7,48.8,0.0,0,N,1.2,2.4,0.0,39.8,"Green.Blff, Spokane County",300048,Green.Blff,2020-12-16 04:32:42.665657
2020-03-08,19:45,36.0,21.5,55.0,0.0,0,NE,2.5,3.1,0.0,39.8,"Green.Blff, Spokane County",300048,Green.Blff,2020-12-16 04:32:42.665657
2020-03-08,20:00,35.0,23.5,62.8,0.0,0,N ,2.9,4.2,0.0,39.7,"Green.Blff, Spokane County",300048,Green.Blff,2020-12-16 04:32:42.665657
2020-03-08,20:15,35.3,23.5,61.8,0.0,0,N,2.4,3.1,0.0,39.7,"Green.Blff, Spokane County",300048,Green.Blff,2020-12-16 04:32:42.665657
2020-03-08,20:30,34.6,24.4,65.8,0.0,0,NE,2.4,3.1,0.0,39.7,"Green.Blff, Spokane County",300048,Green.Blff,2020-12-16 04:32:42.665657
2020-03-08,20:45,34.2,24.3,66.6,0.0,0,NE,2.6,3.5,0.0,39.6,"Green.Blff, Spokane County",300048,Green.Blff,2020-12-16 04:32:42.665657
2020-03-08,21:00,33.5,24.5,69.2,0.0,0,N ,2.5,3.1,0.0,39.6,"Green.Blff, Spokane County",300048,Green.Blff,2020-12-16 04:32:42.665657
2020-03-08,21:15,33.4,24.3,68.9,0.0,0,E,2.4,3.9,0.0,39.5,"Green.Blff, Spokane County",300048,Green.Blff,2020-12-16 04:32:42.665657
2020-03-08,21:30,33.6,23.9,67.4,0.0,0,S,1.8,2.4,0.0,39.5,"Green.Blff, Spokane County",300048,Green.Blff,2020-12-16 04:32:42.665657
2020-03-08,21:45,33.1,24.0,68.9,0.0,0,SE,2.0,3.5,0.0,39.4,"Green.Blff, Spokane County",300048,Green.Blff,2020-12-16 04:32:42.665657
2020-03-08,22:00,33.4,23.7,67.3,0.0,0,E,1.2,2.4,0.0,39.4,"Green.Blff, Spokane County",300048,Green.Blff,2020-12-16 04:32:42.665657
2020-03-08,22:15,34.0,23.4,64.7,0.0,0,NE,2.2,3.1,0.0,39.3,"Green.Blff, Spokane County",300048,Green.Blff,2020-12-16 04:32:42.665657
2020-03-08,22:30,33.2,23.8,68.2,0.0,0,NE,2.3,3.1,0.0,39.3,"Green.Blff, Spokane County",300048,Green.Blff,2020-12-16 04:32:42.665657
2020-03-08,22:45,32.8,24.1,69.8,0.0,0,NE,2.7,3.5,0.0,39.2,"Green.Blff, Spokane County",300048,Green.Blff,2020-12-16 04:32:42.665657
2020-03-08,23:00,32.3,23.8,70.4,0.0,0,NW,4.1,5.7,0.0,39.1,"Green.Blff, Spokane County",300048,Green.Blff,2020-12-16 04:32:42.665657
2020-03-09,23:15,31.1,25.6,80.5,0.0,0,N,3.9,4.9,0.0,39.1,"Green.Blff, Spokane County",300048,Green.Blff,2020-12-16 04:32:42.665657
2020-03-09,23:30,31.2,25.4,79.6,0.0,0,NW,2.5,4.2,0.0,39.0,"Green.Blff, Spokane County",300048,Green.Blff,2020-12-16 04:32:42.665657
2020-03-09,23:45,31.7,24.8,75.8,0.0,0,N,3.5,4.9,0.0,39.0,"Green.Blff, Spokane County",300048,Green.Blff,2020-12-16 04:32:42.665657
2020-03-09,24:00,30.0,24.7,81.7,0.0,0,N,4.8,6.4,0.0,38.9,"Green.Blff, Spokane County",300048,Green.Blff,2020-12-16 04:32:42.665657
2020-03-09,00:15,31.1,25.3,79.4,0.0,0,N ,5.3,7.4,0.0,38.9,"Green.Blff, Spokane County",300048,Green.Blff,2020-12-16 04:32:42.665657
2020-03-09,00:30,31.9,25.6,77.8,0.0,0,N ,5.6,8.2,0.0,38.8,"Green.Blff, Spokane County",300048,Green.Blff,2020-12-16 04:32:42.665657
2020-03-09,00:45,30.9,25.4,80.9,0.0,0,NE,2.7,4.9,0.0,38.8,"Green.Blff, Spokane County",300048,Green.Blff,2020-12-16 04:32:42.665657
2020-03-09,01:00,31.0,25.2,79.7,0.0,0,NE,3.0,4.6,0.0,38.7,"Green.Blff, Spokane County",300048,Green.Blff,2020-12-16 04:32:42.665657
2020-03-09,01:15,30.2,25.0,82.0,0.0,0,NW,3.4,4.6,0.0,38.7,"Green.Blff, Spokane County",300048,Green.Blff,2020-12-16 04:32:42.665657
2020-03-09,01:30,29.7,25.1,84.3,0.0,0,NW,3.0,3.5,0.0,38.7,"Green.Blff, Spokane County",300048,Green.Blff,2020-12-16 04:32:42.665657
2020-03-09,01:45,29.5,25.1,85.0,0.0,0,NW,3.0,3.5,0.0,38.6,"Green.Blff, Spokane County",300048,Green.Blff,2020-12-16 04:32:42.665657
2020-03-09,02:00,29.6,25.4,85.4,0.0,0,E,2.2,3.9,0.0,38.6,"Green.Blff, Spokane County",300048,Green.Blff,2020-12-16 04:32:42.665657
2020-03-09,02:15,28.2,24.7,89.0,0.0,0,SE,3.1,4.6,0.0,38.5,"Green.Blff, Spokane County",300048,Green.Blff,2020-12-16 04:32:42.665657
2020-03-09,02:30,29.4,25.6,87.4,0.0,0,N,3.7,8.5,0.0,38.5,"Green.Blff, Spokane County",300048,Green.Blff,2020-12-16 04:32:42.665657
2020-03-09,02:45,28.8,25.4,88.8,0.0,0,SE,2.6,4.2,0.0,38.4,"Green.Blff, Spokane County",300048,Green.Blff,2020-12-16 04:32:42.665657
2020-03-09,03:00,29.0,25.1,87.2,0.0,0,NW,0.9,2.8,0.0,38.4,"Green.Blff, Spokane County",300048,Green.Blff,2020-12-16 04:32:42.665657
2020-03-09,03:15,29.0,25.0,86.8,0.0,0,SE,1.4,2.8,0.02,38.4,"Green.Blff, Spokane County",300048,Green.Blff,2020-12-16 04:32:42.665657
2020-03-09,03:30,28.6,24.5,86.7,0.0,0,W,2.7,4.6,0.08,38.3,"Green.Blff, Spokane County",300048,Green.Blff,2020-12-16 04:32:42.665657
2020-03-09,03:45,28.6,24.9,88.0,0.0,0,NW,4.6,6.0,0.0,38.3,"Green.Blff, Spokane County",300048,Green.Blff,2020-12-16 04:32:42.665657
2020-03-09,04:00,27.9,25.0,91.2,0.0,0,N,4.2,5.3,0.1,38.2,"Green.Blff, Spokane County",300048,Green.Blff,2020-12-16 04:32:42.665657
2020-03-09,04:15,28.3,25.4,91.4,0.0,0,N ,4.5,5.7,0.19,38.2,"Green.Blff, Spokane County",300048,Green.Blff,2020-12-16 04:32:42.665657
2020-03-09,04:30,28.7,25.4,89.6,0.0,0,NE,4.3,5.3,0.0,38.2,"Green.Blff, Spokane County",300048,Green.Blff,2020-12-16 04:32:42.665657
2020-03-09,04:45,28.8,25.6,89.9,0.0,0,N ,3.4,4.6,0.0,38.1,"Green.Blff, Spokane County",300048,Green.Blff,2020-12-16 04:32:42.665657
2020-03-09,05:00,28.9,25.8,90.4,0.0,0,N ,4.2,6.0,0.0,38.1,"Green.Blff, Spokane County",300048,Green.Blff,2020-12-16 04:32:42.665657
2020-03-09,05:15,28.9,25.9,90.3,0.0,0,N ,4.3,6.0,0.0,38.1,"Green.Blff, Spokane County",300048,Green.Blff,2020-12-16 04:32:42.665657
2020-03-09,05:30,28.6,25.6,90.4,0.0,0,N ,3.7,4.9,0.0,38.0,"Green.Blff, Spokane County",300048,Green.Blff,2020-12-16 04:32:42.665657
2020-03-09,05:45,28.3,25.5,91.4,0.0,0,N ,3.5,4.9,0.0,38.0,"Green.Blff, Spokane County",300048,Green.Blff,2020-12-16 04:32:42.665657
2020-03-09,06:00,27.7,25.1,92.5,0.0,0,N ,2.4,4.6,0.09,38.0,"Green.Blff, Spokane County",300048,Green.Blff,2020-12-16 04:32:42.665657
2020-03-09,06:15,27.4,25.0,93.5,0.0,3,NE,2.8,4.2,0.21,37.9,"Green.Blff, Spokane County",300048,Green.Blff,2020-12-16 04:32:42.665657
2020-03-09,06:30,27.5,25.2,93.7,0.0,22,NW,1.9,3.1,0.27,37.9,"Green.Blff, Spokane County",300048,Green.Blff,2020-12-16 04:32:42.665657
2020-03-09,06:45,28.3,25.7,92.2,0.0,57,S,1.5,2.4,0.26,37.9,"Green.Blff, Spokane County",300048,Green.Blff,2020-12-16 04:32:42.665657
2020-03-09,07:00,29.0,25.9,89.7,0.0,101,S,2.1,3.5,0.04,37.9,"Green.Blff, Spokane County",300048,Green.Blff,2020-12-16 04:32:42.665657
2020-03-09,07:15,29.8,26.2,87.6,0.0,163,S,2.8,3.9,0.0,37.8,"Green.Blff, Spokane County",300048,Green.Blff,2020-12-16 04:32:42.665657
2020-03-09,07:30,31.1,27.0,85.3,0.0,201,S,2.1,3.5,0.0,37.8,"Green.Blff, Spokane County",300048,Green.Blff,2020-12-16 04:32:42.665657
2020-03-09,07:45,31.8,27.1,83.0,0.0,179,W,1.7,3.1,0.0,37.8,"Green.Blff, Spokane County",300048,Green.Blff,2020-12-16 04:32:42.665657
2020-03-09,08:00,31.5,27.4,85.0,0.0,260,SW,2.1,3.5,0.0,37.8,"Green.Blff, Spokane County",300048,Green.Blff,2020-12-16 04:32:42.665657
2020-03-09,08:15,34.2,28.3,78.7,0.0,368,NE,1.8,3.9,0.0,37.7,"Green.Blff, Spokane County",300048,Green.Blff,2020-12-16 04:32:42.665657
2020-03-09,08:30,34.0,28.3,79.3,0.0,329,NW,2.7,4.9,0.0,37.7,"Green.Blff, Spokane County",300048,Green.Blff,2020-12-16 04:32:42.665657
2020-03-09,08:45,33.8,28.4,80.6,0.0,365,W,3.2,4.9,0.0,37.7,"Green.Blff, Spokane County",300048,Green.Blff,2020-12-16 04:32:42.665657
2020-03-09,09:00,33.7,28.4,80.4,0.0,397,W,4.2,7.1,0.0,37.7,"Green.Blff, Spokane County",300048,Green.Blff,2020-12-16 04:32:42.665657
2020-03-09,09:15,34.1,28.3,79.0,0.0,462,SW,4.1,7.4,0.0,37.6,"Green.Blff, Spokane County",300048,Green.Blff,2020-12-16 04:32:42.665657
2020-03-09,09:30,33.7,28.0,79.6,0.0,334,NW,3.8,5.7,0.0,37.6,"Green.Blff, Spokane County",300048,Green.Blff,2020-12-16 04:32:42.665657
2020-03-09,09:45,34.6,28.5,78.1,0.0,463,N,4.3,6.4,0.0,37.6,"Green.Blff, Spokane County",300048,Green.Blff,2020-12-16 04:32:42.665657
2020-03-09,10:00,36.2,28.7,73.8,0.0,520,N ,3.3,5.7,0.0,37.6,"Green.Blff, Spokane County",300048,Green.Blff,2020-12-16 04:32:42.665657
2020-03-09,10:15,37.3,29.0,71.9,0.0,557,N ,3.9,7.1,0.0,37.6,"Green.Blff, Spokane County",300048,Green.Blff,2020-12-16 04:32:42.665657
2020-03-09,10:30,37.8,29.0,70.1,0.0,573,NW,3.8,7.8,0.0,37.6,"Green.Blff, Spokane County",300048,Green.Blff,2020-12-16 04:32:42.665657
2020-03-09,10:45,38.6,29.1,68.2,0.0,603,N,4.6,8.5,0.0,37.7,"Green.Blff, Spokane County",300048,Green.Blff,2020-12-16 04:32:42.665657
2020-03-09,11:00,39.0,28.7,66.0,0.0,671,N,4.8,7.8,0.0,37.7,"Green.Blff, Spokane County",300048,Green.Blff,2020-12-16 04:32:42.665657
2020-03-09,11:15,39.4,28.0,63.4,0.0,624,NW,4.0,7.4,0.0,37.7,"Green.Blff, Spokane County",300048,Green.Blff,2020-12-16 04:32:42.665657
2020-03-09,11:30,40.4,28.0,60.9,0.0,549,NW,3.2,5.3,0.0,37.8,"Green.Blff, Spokane County",300048,Green.Blff,2020-12-16 04:32:42.665657
2020-03-09,11:45,41.4,26.5,55.1,0.0,643,SW,4.2,8.5,0.0,37.8,"Green.Blff, Spokane County",300048,Green.Blff,2020-12-16 04:32:42.665657
2020-03-09,12:00,42.6,26.2,51.9,0.0,628,NW,2.7,5.3,0.0,37.9,"Green.Blff, Spokane County",300048,Green.Blff,2020-12-16 04:32:42.665657
2020-03-09,12:15,43.0,26.9,52.8,0.0,696,N,4.2,13.2,0.0,38.0,"Green.Blff, Spokane County",300048,Green.Blff,2020-12-16 04:32:42.665657
2020-03-09,12:30,43.5,26.1,49.9,0.0,631,N,3.7,7.1,0.0,38.1,"Green.Blff, Spokane County",300048,Green.Blff,2020-12-16 04:32:42.665657
2020-03-09,12:45,41.8,25.4,51.8,0.0,373,NW,5.9,8.9,0.0,38.3,"Green.Blff, Spokane County",300048,Green.Blff,2020-12-16 04:32:42.665657
2020-03-09,13:00,41.3,25.5,53.0,0.0,207,NW,5.1,7.4,0.0,38.4,"Green.Blff, Spokane County",300048,Green.Blff,2020-12-16 04:32:42.665657
2020-03-09,13:15,41.4,24.3,50.4,0.0,247,NW,3.7,6.4,0.0,38.5,"Green.Blff, Spokane County",300048,Green.Blff,2020-12-16 04:32:42.665657
2020-03-09,13:30,41.5,25.3,52.1,0.0,217,NW,4.4,8.5,0.0,38.7,"Green.Blff, Spokane County",300048,Green.Blff,2020-12-16 04:32:42.665657
2020-03-09,13:45,41.1,25.9,54.5,0.0,252,NW,6.0,10.7,0.0,38.8,"Green.Blff, Spokane County",300048,Green.Blff,2020-12-16 04:32:42.665657
2020-03-09,14:00,41.4,25.0,51.9,0.0,248,NW,4.2,6.7,0.0,39.0,"Green.Blff, Spokane County",300048,Green.Blff,2020-12-16 04:32:42.665657
2020-03-09,14:15,42.3,24.6,49.2,0.0,516,NE,4.9,8.2,0.0,39.1,"Green.Blff, Spokane County",300048,Green.Blff,2020-12-16 04:32:42.665657
2020-03-09,14:30,41.6,24.0,49.4,0.0,231,NW,3.3,5.3,0.0,39.2,"Green.Blff, Spokane County",300048,Green.Blff,2020-12-16 04:32:42.665657
2020-03-09,14:45,43.5,25.2,48.0,0.0,434,SE,2.6,5.3,0.0,39.3,"Green.Blff, Spokane County",300048,Green.Blff,2020-12-16 04:32:42.665657
2020-03-09,15:00,43.3,25.1,48.3,0.0,303,NE,4.7,8.5,0.0,39.4,"Green.Blff, Spokane County",300048,Green.Blff,2020-12-16 04:32:42.665657
2020-03-09,15:15,41.3,25.7,53.5,0.0,123,N,6.0,8.5,0.0,39.5,"Green.Blff, Spokane County",300048,Green.Blff,2020-12-16 04:32:42.665657
2020-03-09,15:30,41.0,25.5,53.8,0.0,148,N,6.0,8.2,0.0,39.6,"Green.Blff, Spokane County",300048,Green.Blff,2020-12-16 04:32:42.665657
2020-03-09,15:45,41.0,26.0,54.7,0.0,132,N,5.3,8.2,0.0,39.7,"Green.Blff, Spokane County",300048,Green.Blff,2020-12-16 04:32:42.665657
2020-03-09,16:00,41.0,25.8,54.6,0.0,112,N,5.6,8.2,0.0,39.8,"Green.Blff, Spokane County",300048,Green.Blff,2020-12-16 04:32:42.665657
2020-03-09,16:15,41.4,25.3,52.5,0.0,246,NW,5.5,8.2,0.0,39.8,"Green.Blff, Spokane County",300048,Green.Blff,2020-12-16 04:32:42.665657
2020-03-09,16:30,41.8,25.1,51.1,0.0,251,N,4.6,6.7,0.0,39.9,"Green.Blff, Spokane County",300048,Green.Blff,2020-12-16 04:32:42.665657
2020-03-09,16:45,41.9,25.0,50.9,0.0,177,N,3.4,6.7,0.0,40.0,"Green.Blff, Spokane County",300048,Green.Blff,2020-12-16 04:32:42.665657
2020-03-09,17:00,41.5,24.7,50.9,0.0,99,N,3.0,4.9,0.0,40.0,"Green.Blff, Spokane County",300048,Green.Blff,2020-12-16 04:32:42.665657
2020-03-09,17:15,39.9,25.6,56.1,0.0,48,NE,3.2,4.9,0.0,40.1,"Green.Blff, Spokane County",300048,Green.Blff,2020-12-16 04:32:42.665657
2020-03-09,17:30,39.5,26.2,58.7,0.0,31,N ,2.7,3.9,0.0,40.1,"Green.Blff, Spokane County",300048,Green.Blff,2020-12-16 04:32:42.665657
2020-03-09,17:45,39.0,25.7,58.5,0.0,11,N ,2.8,3.5,0.0,40.1,"Green.Blff, Spokane County",300048,Green.Blff,2020-12-16 04:32:42.665657
2020-03-09,18:00,38.3,25.6,59.9,0.0,4,N,2.5,3.1,0.0,40.2,"Green.Blff, Spokane County",300048,Green.Blff,2020-12-16 04:32:42.665657
2020-03-09,18:15,38.0,24.9,59.0,0.0,0,N,2.6,3.5,0.0,40.2,"Green.Blff, Spokane County",300048,Green.Blff,2020-12-16 04:32:42.665657
2020-03-09,18:30,37.7,24.6,58.9,0.0,0,N ,3.0,3.9,0.0,40.2,"Green.Blff, Spokane County",300048,Green.Blff,2020-12-16 04:32:42.665657
2020-03-09,18:45,38.1,24.4,57.3,0.0,0,N,2.4,3.1,0.0,40.2,"Green.Blff, Spokane County",300048,Green.Blff,2020-12-16 04:32:42.665657
2020-03-09,19:00,38.2,24.2,56.8,0.0,0,NW,2.7,3.5,0.0,40.2,"Green.Blff, Spokane County",300048,Green.Blff,2020-12-16 04:32:42.665657
2020-03-09,19:15,38.6,24.1,55.4,0.0,0,N,1.2,2.8,0.0,40.2,"Green.Blff, Spokane County",300048,Green.Blff,2020-12-16 04:32:42.665657
2020-03-09,19:30,37.3,25.2,61.2,0.0,0,W,2.7,4.6,0.0,40.2,"Green.Blff, Spokane County",300048,Green.Blff,2020-12-16 04:32:42.665657
2020-03-09,19:45,36.3,25.6,65.0,0.0,0,W,2.4,3.9,0.0,40.2,"Green.Blff, Spokane County",300048,Green.Blff,2020-12-16 04:32:42.665657
2020-03-09,20:00,36.2,25.2,64.2,0.0,0,E,2.0,3.1,0.0,40.1,"Green.Blff, Spokane County",300048,Green.Blff,2020-12-16 04:32:42.665657
2020-03-09,20:15,36.1,25.1,63.9,0.0,0,E,2.6,3.1,0.0,40.1,"Green.Blff, Spokane County",300048,Green.Blff,2020-12-16 04:32:42.665657
2020-03-09,20:30,35.9,24.8,63.7,0.0,0,SE,1.7,2.8,0.0,40.1,"Green.Blff, Spokane County",300048,Green.Blff,2020-12-16 04:32:42.665657
2020-03-09,20:45,35.1,25.1,66.7,0.0,0,S,2.3,3.1,0.0,40.0,"Green.Blff, Spokane County",300048,Green.Blff,2020-12-16 04:32:42.665657
2020-03-09,21:00,34.9,25.5,68.3,0.0,0,S,2.6,3.1,0.0,40.0,"Green.Blff, Spokane County",300048,Green.Blff,2020-12-16 04:32:42.665657
2020-03-09,21:15,34.2,25.8,70.9,0.0,0,S,4.3,6.4,0.0,39.9,"Green.Blff, Spokane County",300048,Green.Blff,2020-12-16 04:32:42.665657
2020-03-09,21:30,33.6,26.1,73.9,0.0,0,S,4.9,6.4,0.0,39.9,"Green.Blff, Spokane County",300048,Green.Blff,2020-12-16 04:32:42.665657
2020-03-09,21:45,33.5,26.0,73.7,0.0,0,S,3.9,4.9,0.0,39.8,"Green.Blff, Spokane County",300048,Green.Blff,2020-12-16 04:32:42.665657
2020-03-09,22:00,33.0,26.2,76.0,0.0,0,S,4.4,5.7,0.0,39.8,"Green.Blff, Spokane County",300048,Green.Blff,2020-12-16 04:32:42.665657
2020-03-09,22:15,33.6,26.4,74.6,0.0,0,S,2.8,3.5,0.0,39.7,"Green.Blff, Spokane County",300048,Green.Blff,2020-12-16 04:32:42.665657
2020-03-09,22:30,32.9,26.3,76.4,0.0,0,S,2.1,3.1,0.0,39.7,"Green.Blff, Spokane County",300048,Green.Blff,2020-12-16 04:32:42.665657
2020-03-09,22:45,33.3,26.4,75.6,0.0,0,E,2.6,3.9,0.0,39.6,"Green.Blff, Spokane County",300048,Green.Blff,2020-12-16 04:32:42.665657
2020-03-09,23:00,32.8,26.1,76.1,0.0,0,E,2.1,3.1,0.0,39.5,"Green.Blff, Spokane County",300048,Green.Blff,2020-12-16 04:32:42.665657
2020-03-10,23:15,32.6,26.0,76.6,0.0,0,E,2.7,3.5,0.0,39.5,"Green.Blff, Spokane County",300048,Green.Blff,2020-12-16 04:32:42.665657
2020-03-10,23:30,32.6,25.9,75.9,0.0,0,E,2.4,3.5,0.0,39.4,"Green.Blff, Spokane County",300048,Green.Blff,2020-12-16 04:32:42.665657
2020-03-10,23:45,32.3,25.9,77.1,0.0,0,E,2.2,3.5,0.0,39.4,"Green.Blff, Spokane County",300048,Green.Blff,2020-12-16 04:32:42.665657
2020-03-10,24:00,32.5,25.9,76.4,0.0,0,E,3.8,4.9,0.0,39.3,"Green.Blff, Spokane County",300048,Green.Blff,2020-12-16 04:32:42.665657
2020-03-10,00:15,31.9,25.7,78.0,0.0,0,E,3.2,4.6,0.0,39.3,"Green.Blff, Spokane County",300048,Green.Blff,2020-12-16 04:32:42.665657
2020-03-10,00:30,31.5,25.3,78.3,0.0,0,SW,2.2,4.6,0.01,39.2,"Green.Blff, Spokane County",300048,Green.Blff,2020-12-16 04:32:42.665657
2020-03-10,00:45,28.4,24.9,88.7,0.0,0,W,3.2,4.9,0.12,39.1,"Green.Blff, Spokane County",300048,Green.Blff,2020-12-16 04:32:42.665657
2020-03-10,01:00,30.5,26.0,84.2,0.0,0,S,2.3,3.1,0.41,39.1,"Green.Blff, Spokane County",300048,Green.Blff,2020-12-16 04:32:42.665657
2020-03-10,01:15,31.3,25.8,80.5,0.0,0,SE,2.7,3.5,0.33,39.0,"Green.Blff, Spokane County",300048,Green.Blff,2020-12-16 04:32:42.665657
2020-03-10,01:30,31.0,25.8,81.6,0.0,0,E,2.5,3.5,0.12,39.0,"Green.Blff, Spokane County",300048,Green.Blff,2020-12-16 04:32:42.665657
2020-03-10,01:45,30.9,25.7,82.0,0.0,0,E,2.3,3.1,0.2,38.9,"Green.Blff, Spokane County",300048,Green.Blff,2020-12-16 04:32:42.665657
2020-03-10,02:00,30.9,25.7,81.7,0.0,0,E,3.1,3.9,0.03,38.8,"Green.Blff, Spokane County",300048,Green.Blff,2020-12-16 04:32:42.665657
2020-03-10,02:15,31.1,25.6,80.9,0.0,0,E,3.2,4.2,0.0,38.8,"Green.Blff, Spokane County",300048,Green.Blff,2020-12-16 04:32:42.665657
2020-03-10,02:30,31.2,25.3,79.5,0.0,0,E,1.7,2.4,0.0,38.7,"Green.Blff, Spokane County",300048,Green.Blff,2020-12-16 04:32:42.665657
2020-03-10,02:45,30.8,25.1,79.9,0.0,0,E,2.5,3.9,0.0,38.7,"Green.Blff, Spokane County",300048,Green.Blff,2020-12-16 04:32:42.665657
2020-03-10,03:00,30.5,24.7,79.9,0.0,0,E,2.9,3.9,0.0,38.6,"Green.Blff, Spokane County",300048,Green.Blff,2020-12-16 04:32:42.665657
2020-03-10,03:15,29.6,24.5,82.3,0.0,0,SW,1.6,3.1,0.01,38.6,"Green.Blff, Spokane County",300048,Green.Blff,2020-12-16 04:32:42.665657
2020-03-10,03:30,29.4,24.7,84.1,0.0,0,NE,1.5,2.8,0.01,38.5,"Green.Blff, Spokane County",300048,Green.Blff,2020-12-16 04:32:42.665657
2020-03-10,03:45,28.9,24.4,85.0,0.0,0,SE,1.2,2.1,0.01,38.5,"Green.Blff, Spokane County",300048,Green.Blff,2020-12-16 04:32:42.665657
2020-03-10,04:00,28.9,24.4,85.2,0.0,0,E,3.3,5.3,0.01,38.4,"Green.Blff, Spokane County",300048,Green.Blff,2020-12-16 04:32:42.665657
2020-03-10,04:15,29.0,24.1,83.3,0.0,0,SE,2.7,4.2,0.0,38.4,"Green.Blff, Spokane County",300048,Green.Blff,2020-12-16 04:32:42.665657
2020-03-10,04:30,28.6,24.1,85.2,0.0,0,E,2.6,3.9,0.0,38.3,"Green.Blff, Spokane County",300048,Green.Blff,2020-12-16 04:32:42.665657
2020-03-10,04:45,28.3,24.2,86.5,0.0,0,E,1.9,2.8,0.0,38.3,"Green.Blff, Spokane County",300048,Green.Blff,2020-12-16 04:32:42.665657
2020-03-10,05:00,28.4,24.0,85.6,0.0,0,E,2.0,2.8,0.0,38.2,"Green.Blff, Spokane County",300048,Green.Blff,2020-12-16 04:32:42.665657
2020-03-10,05:15,28.6,24.3,85.7,0.0,0,E,2.1,2.8,0.0,38.2,"Green.Blff, Spokane County",300048,Green.Blff,2020-12-16 04:32:42.665657
2020-03-10,05:30,28.3,24.2,86.7,0.0,0,E,1.1,2.4,0.0,38.2,"Green.Blff, Spokane County",300048,Green.Blff,2020-12-16 04:32:42.665657
2020-03-10,05:45,27.8,24.3,89.2,0.0,0,E,0.8,1.7,0.13,38.1,"Green.Blff, Spokane County",300048,Green.Blff,2020-12-16 04:32:42.665657
2020-03-10,06:00,28.9,24.7,86.3,0.0,0,NE,0.9,4.2,0.11,38.1,"Green.Blff, Spokane County",300048,Green.Blff,2020-12-16 04:32:42.665657
2020-03-10,06:15,28.8,24.4,85.3,0.0,3,SE,0.6,2.1,0.22,38.0,"Green.Blff, Spokane County",300048,Green.Blff,2020-12-16 04:32:42.665657
2020-03-10,06:30,27.8,24.1,88.6,0.0,9,W,1.9,3.1,0.19,38.0,"Green.Blff, Spokane County",300048,Green.Blff,2020-12-16 04:32:42.665657
2020-03-10,06:45,27.4,23.9,89.5,0.0,26,E,0.7,2.4,0.03,38.0,"Green.Blff, Spokane County",300048,Green.Blff,2020-12-16 04:32:42.665657
2020-03-10,07:00,27.2,24.6,92.7,0.0,55,E,2.1,2.8,0.0,37.9,"Green.Blff, Spokane County",300048,Green.Blff,2020-12-16 04:32:42.665657
2020-03-10,07:15,29.0,25.6,89.1,0.0,107,SE,2.2,4.2,0.0,37.9,"Green.Blff, Spokane County",300048,Green.Blff,2020-12-16 04:32:42.665657
2020-03-10,07:30,29.8,25.7,85.8,0.0,138,SE,2.7,4.6,0.0,37.9,"Green.Blff, Spokane County",300048,Green.Blff,2020-12-16 04:32:42.665657
2020-03-10,07:45,30.9,26.4,84.3,0.0,144,SE,2.6,5.3,0.0,37.8,"Green.Blff, Spokane County",300048,Green.Blff,2020-12-16 04:32:42.665657
2020-03-10,08:00,30.9,26.5,84.5,0.0,178,SE,4.5,6.0,0.0,37.8,"Green.Blff, Spokane County",300048,Green.Blff,2020-12-16 04:32:42.665657
2020-03-10,08:15,33.0,26.5,76.6,0.0,191,SE,3.5,6.0,0.0,37.8,"Green.Blff, Spokane County",300048,Green.Blff,2020-12-16 04:32:42.665657
2020-03-10,08:30,34.0,26.3,73.2,0.0,196,SE,4.7,6.4,0.0,37.7,"Green.Blff, Spokane County",300048,Green.Blff,2020-12-16 04:32:42.665657
2020-03-10,08:45,31.9,27.7,84.7,0.0,248,W,4.3,7.8,0.0,37.7,"Green.Blff, Spokane County",300048,Green.Blff,2020-12-16 04:32:42.665657
2020-03-10,09:00,34.1,27.6,76.9,0.0,240,SE,2.0,4.2,0.0,37.7,"Green.Blff, Spokane County",300048,Green.Blff,2020-12-16 04:32:42.665657
2020-03-10,09:15,35.9,27.6,71.5,0.0,310,S,4.4,7.8,0.0,37.6,"Green.Blff, Spokane County",300048,Green.Blff,2020-12-16 04:32:42.665657
2020-03-10,09:30,37.4,27.8,67.8,0.0,429,S,4.7,7.1,0.0,37.6,"Green.Blff, Spokane County",300048,Green.Blff,2020-12-16 04:32:42.665657
2020-03-10,09:45,38.7,27.6,64.2,0.0,465,S,5.1,8.5,0.0,37.6,"Green.Blff, Spokane County",300048,Green.Blff,2020-12-16 04:32:42.665657
2020-03-10,10:00,39.6,27.9,62.6,0.0,535,S,5.7,9.2,0.0,37.6,"Green.Blff, Spokane County",300048,Green.Blff,2020-12-16 04:32:42.665657
2020-03-10,10:15,40.3,28.2,61.7,0.0,449,S,6.2,9.9,0.0,37.5,"Green.Blff, Spokane County",300048,Green.Blff,2020-12-16 04:32:42.665657
2020-03-10,10:30,39.4,28.4,64.2,0.0,240,S,4.9,8.5,0.0,37.5,"Green.Blff, Spokane County",300048,Green.Blff,2020-12-16 04:32:42.665657
2020-03-10,10:45,39.8,29.0,64.8,0.0,233,S,5.4,7.4,0.0,37.5,"Green.Blff, Spokane County",300048,Green.Blff,2020-12-16 04:32:42.665657
2020-03-10,11:00,40.7,29.7,64.6,0.0,243,S,5.2,7.4,0.0,37.5,"Green.Blff, Spokane County",300048,Green.Blff,2020-12-16 04:32:42.665657
2020-03-10,11:15,41.6,30.0,63.3,0.0,244,S,6.2,8.9,0.0,37.5,"Green.Blff, Spokane County",300048,Green.Blff,2020-12-16 04:32:42.665657
2020-03-10,11:30,43.2,30.5,60.4,0.0,355,S,7.0,13.5,0.0,37.5,"Green.Blff, Spokane County",300048,Green.Blff,2020-12-16 04:32:42.665657
2020-03-10,11:45,45.0,30.2,56.0,0.0,390,SW,8.4,13.9,0.0,37.6,"Green.Blff, Spokane County",300048,Green.Blff,2020-12-16 04:32:42.665657
2020-03-10,12:00,45.6,29.3,52.6,0.0,398,SW,7.9,14.6,0.0,37.6,"Green.Blff, Spokane County",300048,Green.Blff,2020-12-16 04:32:42.665657
2020-03-10,12:15,46.1,28.5,50.0,0.0,353,SW,10.3,16.0,0.0,37.7,"Green.Blff, Spokane County",300048,Green.Blff,2020-12-16 04:32:42.665657
2020-03-10,12:30,46.3,27.9,48.4,0.0,286,SW,10.9,19.2,0.0,37.8,"Green.Blff, Spokane County",300048,Green.Blff,2020-12-16 04:32:42.665657
2020-03-10,12:45,46.2,28.4,49.5,0.0,208,SW,9.9,17.1,0.0,37.8,"Green.Blff, Spokane County",300048,Green.Blff,2020-12-16 04:32:42.665657
2020-03-10,13:00,46.3,27.8,48.2,0.0,194,SW,10.4,17.1,0.0,37.9,"Green.Blff, Spokane County",300048,Green.Blff,2020-12-16 04:32:42.665657
2020-03-10,13:15,46.3,27.4,47.4,0.0,211,SW,11.1,17.1,0.0,38.0,"Green.Blff, Spokane County",300048,Green.Blff,2020-12-16 04:32:42.665657
2020-03-10,13:30,46.2,27.4,47.7,0.0,164,SW,11.3,17.8,0.0,38.0,"Green.Blff, Spokane County",300048,Green.Blff,2020-12-16 04:32:42.665657
2020-03-10,13:45,46.2,27.6,48.0,0.0,152,SW,11.4,18.9,0.0,38.1,"Green.Blff, Spokane County",300048,Green.Blff,2020-12-16 04:32:42.665657
2020-03-10,14:00,46.7,28.5,48.9,0.0,164,SW,8.4,12.4,0.0,38.2,"Green.Blff, Spokane County",300048,Green.Blff,2020-12-16 04:32:42.665657
2020-03-10,14:15,46.7,27.8,47.6,0.0,126,SW,9.4,15.7,0.0,38.3,"Green.Blff, Spokane County",300048,Green.Blff,2020-12-16 04:32:42.665657
2020-03-10,14:30,46.5,27.0,46.2,0.0,114,SW,11.4,16.4,0.0,38.3,"Green.Blff, Spokane County",300048,Green.Blff,2020-12-16 04:32:42.665657
2020-03-10,14:45,46.6,27.1,46.3,0.0,101,SW,11.4,17.8,0.0,38.4,"Green.Blff, Spokane County",300048,Green.Blff,2020-12-16 04:32:42.665657
2020-03-10,15:00,46.7,26.9,45.7,0.0,77,SW,10.4,17.8,0.0,38.5,"Green.Blff, Spokane County",300048,Green.Blff,2020-12-16 04:32:42.665657
2020-03-10,15:15,46.6,27.6,47.4,0.0,58,SW,8.1,12.8,0.0,38.5,"Green.Blff, Spokane County",300048,Green.Blff,2020-12-16 04:32:42.665657
2020-03-10,15:30,46.6,28.1,48.2,0.0,50,SW,7.6,15.0,0.0,38.6,"Green.Blff, Spokane County",300048,Green.Blff,2020-12-16 04:32:42.665657
2020-03-10,15:45,46.7,28.0,47.9,0.0,40,SW,8.9,18.5,0.0,38.6,"Green.Blff, Spokane County",300048,Green.Blff,2020-12-16 04:32:42.665657
2020-03-10,16:00,46.8,27.6,47.0,0.0,32,SW,9.1,13.9,0.0,38.6,"Green.Blff, Spokane County",300048,Green.Blff,2020-12-16 04:32:42.665657
2020-03-10,16:15,46.7,27.5,46.8,0.0,23,SW,8.6,17.5,0.0,38.7,"Green.Blff, Spokane County",300048,Green.Blff,2020-12-16 04:32:42.665657
2020-03-10,16:30,47.0,26.5,44.6,0.0,20,SW,10.8,19.2,0.0,38.7,"Green.Blff, Spokane County",300048,Green.Blff,2020-12-16 04:32:42.665657
2020-03-10,16:45,46.8,28.0,47.6,0.0,18,SW,8.7,12.4,0.0,38.7,"Green.Blff, Spokane County",300048,Green.Blff,2020-12-16 04:32:42.665657
2020-03-10,17:00,46.5,28.5,49.1,0.0,12,S,8.0,13.2,0.0,38.8,"Green.Blff, Spokane County",300048,Green.Blff,2020-12-16 04:32:42.665657
2020-03-10,17:15,46.5,28.2,48.8,0.0,8,SW,8.8,13.5,0.0,38.8,"Green.Blff, Spokane County",300048,Green.Blff,2020-12-16 04:32:42.665657
2020-03-10,17:30,46.5,27.4,47.0,0.0,4,SW,8.5,12.4,0.0,38.8,"Green.Blff, Spokane County",300048,Green.Blff,2020-12-16 04:32:42.665657
2020-03-10,17:45,46.6,27.4,46.8,0.0,2,SW,9.4,14.6,0.0,38.8,"Green.Blff, Spokane County",300048,Green.Blff,2020-12-16 04:32:42.665657
2020-03-10,18:00,46.5,28.0,48.2,0.0,0,SW,8.7,15.3,0.0,38.8,"Green.Blff, Spokane County",300048,Green.Blff,2020-12-16 04:32:42.665657
2020-03-10,18:15,46.3,27.9,48.4,0.0,0,SW,7.2,11.0,0.0,38.9,"Green.Blff, Spokane County",300048,Green.Blff,2020-12-16 04:32:42.665657
2020-03-10,18:30,45.9,28.0,49.4,0.0,0,S,5.2,8.5,0.0,38.9,"Green.Blff, Spokane County",300048,Green.Blff,2020-12-16 04:32:42.665657
2020-03-10,18:45,45.7,28.0,49.8,0.0,0,S,4.7,6.7,0.0,38.9,"Green.Blff, Spokane County",300048,Green.Blff,2020-12-16 04:32:42.665657
2020-03-10,19:00,45.4,28.3,51.0,0.0,0,S,4.7,7.4,0.0,38.9,"Green.Blff, Spokane County",300048,Green.Blff,2020-12-16 04:32:42.665657
2020-03-10,19:15,45.3,28.5,51.5,0.0,0,S,5.4,10.3,0.0,38.9,"Green.Blff, Spokane County",300048,Green.Blff,2020-12-16 04:32:42.665657
2020-03-10,19:30,45.2,29.0,52.8,0.0,0,S,5.0,7.8,0.0,38.9,"Green.Blff, Spokane County",300048,Green.Blff,2020-12-16 04:32:42.665657
2020-03-10,19:45,45.2,29.5,53.9,0.0,0,S,6.0,8.2,0.0,38.9,"Green.Blff, Spokane County",300048,Green.Blff,2020-12-16 04:32:42.665657
2020-03-10,20:00,45.0,29.8,54.8,0.0,0,S,5.1,8.2,0.0,38.9,"Green.Blff, Spokane County",300048,Green.Blff,2020-12-16 04:32:42.665657
2020-03-10,20:15,44.9,29.9,55.3,0.0,0,S,5.2,7.8,0.0,38.9,"Green.Blff, Spokane County",300048,Green.Blff,2020-12-16 04:32:42.665657
2020-03-10,20:30,45.0,29.7,54.6,0.0,0,S,6.5,9.6,0.0,38.9,"Green.Blff, Spokane County",300048,Green.Blff,2020-12-16 04:32:42.665657
2020-03-10,20:45,45.1,29.3,53.6,0.0,0,SW,6.9,9.9,0.0,38.9,"Green.Blff, Spokane County",300048,Green.Blff,2020-12-16 04:32:42.665657
2020-03-10,21:00,45.5,28.9,52.0,0.0,0,SW,7.2,10.7,0.0,38.9,"Green.Blff, Spokane County",300048,Green.Blff,2020-12-16 04:32:42.665657
2020-03-10,21:15,44.5,29.3,54.9,0.0,0,S,5.3,8.5,0.0,38.9,"Green.Blff, Spokane County",300048,Green.Blff,2020-12-16 04:32:42.665657
2020-03-10,21:30,44.0,29.3,55.9,0.0,0,S,3.6,6.4,0.0,38.9,"Green.Blff, Spokane County",300048,Green.Blff,2020-12-16 04:32:42.665657
2020-03-10,21:45,44.1,29.5,56.2,0.0,0,S,5.2,12.4,0.0,38.9,"Green.Blff, Spokane County",300048,Green.Blff,2020-12-16 04:32:42.665657
2020-03-10,22:00,45.0,29.9,55.3,0.0,0,SW,7.5,11.7,0.0,38.9,"Green.Blff, Spokane County",300048,Green.Blff,2020-12-16 04:32:42.665657
2020-03-10,22:15,44.7,30.2,56.4,0.0,0,SW,7.2,10.3,0.0,38.9,"Green.Blff, Spokane County",300048,Green.Blff,2020-12-16 04:32:42.665657
2020-03-10,22:30,44.6,30.5,57.3,0.0,0,SW,7.8,11.4,0.0,38.9,"Green.Blff, Spokane County",300048,Green.Blff,2020-12-16 04:32:42.665657
2020-03-10,22:45,44.4,30.6,58.0,0.0,0,SW,7.0,11.0,0.0,38.9,"Green.Blff, Spokane County",300048,Green.Blff,2020-12-16 04:32:42.665657
2020-03-10,23:00,44.9,30.2,56.1,0.0,0,SW,9.1,16.0,0.0,38.9,"Green.Blff, Spokane County",300048,Green.Blff,2020-12-16 04:32:42.665657
2020-03-11,23:15,44.5,30.3,57.1,0.0,0,SW,8.8,12.4,0.0,38.9,"Green.Blff, Spokane County",300048,Green.Blff,2020-12-16 04:32:42.665657
2020-03-11,23:30,44.2,30.3,57.9,0.0,0,SW,8.0,11.4,0.0,38.9,"Green.Blff, Spokane County",300048,Green.Blff,2020-12-16 04:32:42.665657
2020-03-11,23:45,44.1,30.2,57.8,0.0,0,SW,8.0,13.2,0.0,38.9,"Green.Blff, Spokane County",300048,Green.Blff,2020-12-16 04:32:42.665657
2020-03-11,24:00,44.1,30.1,57.6,0.0,0,SW,7.3,12.4,0.0,38.9,"Green.Blff, Spokane County",300048,Green.Blff,2020-12-16 04:32:42.665657
2020-03-11,00:15,43.8,30.4,58.8,0.0,0,SW,6.2,11.0,0.0,38.9,"Green.Blff, Spokane County",300048,Green.Blff,2020-12-16 04:32:42.665657
2020-03-11,00:30,43.7,30.4,59.1,0.0,0,SW,6.6,11.7,0.0,38.9,"Green.Blff, Spokane County",300048,Green.Blff,2020-12-16 04:32:42.665657
2020-03-11,00:45,43.2,30.6,61.0,0.0,0,SW,5.0,7.1,0.0,38.9,"Green.Blff, Spokane County",300048,Green.Blff,2020-12-16 04:32:42.665657
2020-03-11,01:00,43.3,30.5,60.3,0.0,0,SW,4.7,10.3,0.0,38.9,"Green.Blff, Spokane County",300048,Green.Blff,2020-12-16 04:32:42.665657
2020-03-11,01:15,43.7,30.1,58.4,0.0,0,SW,7.3,11.4,0.0,38.9,"Green.Blff, Spokane County",300048,Green.Blff,2020-12-16 04:32:42.665657
2020-03-11,01:30,43.2,30.2,59.8,0.0,0,SW,7.1,10.7,0.0,38.9,"Green.Blff, Spokane County",300048,Green.Blff,2020-12-16 04:32:42.665657
2020-03-11,01:45,42.6,30.2,61.3,0.0,0,SW,6.2,10.7,0.0,38.8,"Green.Blff, Spokane County",300048,Green.Blff,2020-12-16 04:32:42.665657
2020-03-11,02:00,42.4,30.0,61.2,0.0,0,SW,7.3,10.7,0.0,38.8,"Green.Blff, Spokane County",300048,Green.Blff,2020-12-16 04:32:42.665657
2020-03-11,02:15,42.2,29.7,60.8,0.0,0,SW,6.2,9.2,0.0,38.8,"Green.Blff, Spokane County",300048,Green.Blff,2020-12-16 04:32:42.665657
2020-03-11,02:30,41.7,29.6,61.9,0.0,0,S,4.3,7.8,0.0,38.8,"Green.Blff, Spokane County",300048,Green.Blff,2020-12-16 04:32:42.665657
2020-03-11,02:45,41.2,29.7,63.2,0.0,0,S,3.8,5.7,0.0,38.8,"Green.Blff, Spokane County",300048,Green.Blff,2020-12-16 04:32:42.665657
2020-03-11,03:00,41.2,29.5,62.8,0.0,0,SW,3.1,5.7,0.0,38.8,"Green.Blff, Spokane County",300048,Green.Blff,2020-12-16 04:32:42.665657
2020-03-11,03:15,41.0,29.4,63.1,0.0,0,SW,5.1,8.2,0.0,38.8,"Green.Blff, Spokane County",300048,Green.Blff,2020-12-16 04:32:42.665657
2020-03-11,03:30,40.6,29.2,63.5,0.0,0,SW,5.2,7.8,0.0,38.8,"Green.Blff, Spokane County",300048,Green.Blff,2020-12-16 04:32:42.665657
2020-03-11,03:45,39.8,29.1,65.3,0.0,0,S,4.4,6.4,0.0,38.8,"Green.Blff, Spokane County",300048,Green.Blff,2020-12-16 04:32:42.665657
2020-03-11,04:00,39.8,28.8,64.6,0.0,0,S,2.9,5.7,0.0,38.8,"Green.Blff, Spokane County",300048,Green.Blff,2020-12-16 04:32:42.665657
2020-03-11,04:15,38.9,29.0,67.4,0.0,0,S,4.2,7.1,0.0,38.8,"Green.Blff, Spokane County",300048,Green.Blff,2020-12-16 04:32:42.665657
2020-03-11,04:30,38.6,29.0,67.9,0.0,0,S,4.3,6.4,0.0,38.8,"Green.Blff, Spokane County",300048,Green.Blff,2020-12-16 04:32:42.665657
2020-03-11,04:45,38.6,29.2,68.7,0.0,0,S,4.4,8.5,0.0,38.8,"Green.Blff, Spokane County",300048,Green.Blff,2020-12-16 04:32:42.665657
2020-03-11,05:00,38.4,29.1,69.0,0.0,0,S,4.4,6.4,0.0,38.7,"Green.Blff, Spokane County",300048,Green.Blff,2020-12-16 04:32:42.665657
2020-03-11,05:15,38.5,29.4,69.5,0.0,0,S,6.7,10.7,0.0,38.7,"Green.Blff, Spokane County",300048,Green.Blff,2020-12-16 04:32:42.665657
2020-03-11,05:30,38.3,29.2,69.4,0.0,0,S,5.9,8.5,0.0,38.7,"Green.Blff, Spokane County",300048,Green.Blff,2020-12-16 04:32:42.665657
2020-03-11,05:45,37.9,29.3,70.9,0.0,0,S,6.2,10.3,0.0,38.7,"Green.Blff, Spokane County",300048,Green.Blff,2020-12-16 04:32:42.665657
2020-03-11,06:00,37.9,29.3,70.8,0.0,0,S,6.7,15.0,0.0,38.6,"Green.Blff, Spokane County",300048,Green.Blff,2020-12-16 04:32:42.665657
2020-03-11,06:15,37.7,29.2,71.3,0.0,4,S,6.8,9.9,0.0,38.6,"Green.Blff, Spokane County",300048,Green.Blff,2020-12-16 04:32:42.665657
2020-03-11,06:30,37.7,29.5,71.9,0.0,16,SW,6.8,9.9,0.0,38.6,"Green.Blff, Spokane County",300048,Green.Blff,2020-12-16 04:32:42.665657
2020-03-11,06:45,38.2,29.5,70.8,0.0,50,S,6.9,11.4,0.0,38.6,"Green.Blff, Spokane County",300048,Green.Blff,2020-12-16 04:32:42.665657
2020-03-11,07:00,38.7,29.3,68.7,0.0,84,S,7.0,12.4,0.0,38.5,"Green.Blff, Spokane County",300048,Green.Blff,2020-12-16 04:32:42.665657
2020-03-11,07:15,39.1,29.5,68.4,0.0,112,SW,7.9,14.2,0.0,38.5,"Green.Blff, Spokane County",300048,Green.Blff,2020-12-16 04:32:42.665657
2020-03-11,07:30,39.8,29.9,67.4,0.0,165,S,7.5,10.7,0.0,38.5,"Green.Blff, Spokane County",300048,Green.Blff,2020-12-16 04:32:42.665657
2020-03-11,07:45,40.3,30.5,67.7,0.0,195,S,7.4,12.4,0.0,38.4,"Green.Blff, Spokane County",300048,Green.Blff,2020-12-16 04:32:42.665657
2020-03-11,08:00,40.9,30.9,67.1,0.0,246,S,6.8,11.7,0.0,38.4,"Green.Blff, Spokane County",300048,Green.Blff,2020-12-16 04:32:42.665657
2020-03-11,08:15,41.9,31.4,66.2,0.0,288,S,6.7,10.3,0.0,38.4,"Green.Blff, Spokane County",300048,Green.Blff,2020-12-16 04:32:42.665657
2020-03-11,08:30,42.9,32.3,66.1,0.0,324,SW,7.8,15.3,0.0,38.4,"Green.Blff, Spokane County",300048,Green.Blff,2020-12-16 04:32:42.665657
2020-03-11,08:45,43.3,32.5,65.4,0.0,363,SW,8.9,14.2,0.0,38.4,"Green.Blff, Spokane County",300048,Green.Blff,2020-12-16 04:32:42.665657
2020-03-11,09:00,44.1,33.0,64.6,0.0,416,SW,9.4,13.2,0.0,38.4,"Green.Blff, Spokane County",300048,Green.Blff,2020-12-16 04:32:42.665657
2020-03-11,09:15,45.0,33.2,63.1,0.0,456,SW,8.8,13.5,0.0,38.5,"Green.Blff, Spokane County",300048,Green.Blff,2020-12-16 04:32:42.665657
2020-03-11,09:30,45.7,33.4,61.9,0.0,485,SW,10.1,15.0,0.0,38.5,"Green.Blff, Spokane County",300048,Green.Blff,2020-12-16 04:32:42.665657
2020-03-11,09:45,45.3,33.0,62.0,0.0,334,SW,11.2,17.5,0.0,38.6,"Green.Blff, Spokane County",300048,Green.Blff,2020-12-16 04:32:42.665657
2020-03-11,10:00,45.9,33.3,61.0,0.0,478,W,9.5,16.7,0.0,38.6,"Green.Blff, Spokane County",300048,Green.Blff,2020-12-16 04:32:42.665657
2020-03-11,10:15,45.8,32.9,60.4,0.0,243,W,9.1,16.0,0.0,38.7,"Green.Blff, Spokane County",300048,Green.Blff,2020-12-16 04:32:42.665657
2020-03-11,10:30,48.3,33.3,56.0,0.0,591,W,9.3,17.5,0.0,38.7,"Green.Blff, Spokane County",300048,Green.Blff,2020-12-16 04:32:42.665657
2020-03-11,10:45,48.9,33.0,53.9,0.0,543,SW,10.6,20.3,0.0,38.8,"Green.Blff, Spokane County",300048,Green.Blff,2020-12-16 04:32:42.665657
2020-03-11,11:00,49.6,32.7,52.1,0.0,556,W,10.0,16.4,0.0,38.9,"Green.Blff, Spokane County",300048,Green.Blff,2020-12-16 04:32:42.665657
2020-03-11,11:15,50.2,31.8,49.0,0.0,473,W,9.7,14.2,0.0,39.0,"Green.Blff, Spokane County",300048,Green.Blff,2020-12-16 04:32:42.665657
2020-03-11,11:30,50.1,29.8,45.3,0.0,467,NW,10.0,16.4,0.0,39.1,"Green.Blff, Spokane County",300048,Green.Blff,2020-12-16 04:32:42.665657
2020-03-11,11:45,51.9,28.7,40.5,0.0,677,W,10.0,16.7,0.0,39.2,"Green.Blff, Spokane County",300048,Green.Blff,2020-12-16 04:32:42.665657
2020-03-11,12:00,51.8,28.1,39.7,0.0,661,W,11.1,18.2,0.0,39.3,"Green.Blff, Spokane County",300048,Green.Blff,2020-12-16 04:32:42.665657
2020-03-11,12:15,51.9,25.2,35.1,0.0,505,NW,10.8,18.2,0.0,39.4,"Green.Blff, Spokane County",300048,Green.Blff,2020-12-16 04:32:42.665657
2020-03-11,12:30,50.0,24.6,36.7,0.0,199,W,12.5,18.2,0.1,39.5,"Green.Blff, Spokane County",300048,Green.Blff,2020-12-16 04:32:42.665657
2020-03-11,12:45,45.0,31.0,57.7,0.0,150,NW,13.6,22.1,0.66,39.7,"Green.Blff, Spokane County",300048,Green.Blff,2020-12-16 04:32:42.665657
2020-03-11,13:00,44.0,28.5,54.1,0.0,128,NW,11.7,18.5,0.0,39.8,"Green.Blff, Spokane County",300048,Green.Blff,2020-12-16 04:32:42.665657
2020-03-11,13:15,44.4,24.0,44.3,0.0,211,NW,11.6,16.0,0.0,39.8,"Green.Blff, Spokane County",300048,Green.Blff,2020-12-16 04:32:42.665657
2020-03-11,13:30,44.5,23.3,42.9,0.0,174,N,11.3,17.5,0.0,39.9,"Green.Blff, Spokane County",300048,Green.Blff,2020-12-16 04:32:42.665657
2020-03-11,13:45,44.6,22.3,41.0,0.0,147,N,11.2,17.5,0.0,40.0,"Green.Blff, Spokane County",300048,Green.Blff,2020-12-16 04:32:42.665657
2020-03-11,14:00,44.7,22.0,40.3,0.0,119,NW,9.4,16.4,0.0,40.0,"Green.Blff, Spokane County",300048,Green.Blff,2020-12-16 04:32:42.665657
2020-03-11,14:15,45.2,21.7,39.1,0.0,195,NW,9.2,14.6,0.0,40.0,"Green.Blff, Spokane County",300048,Green.Blff,2020-12-16 04:32:42.665657
2020-03-11,14:30,46.5,21.9,37.4,0.0,452,NW,9.5,13.5,0.0,40.1,"Green.Blff, Spokane County",300048,Green.Blff,2020-12-16 04:32:42.665657
2020-03-11,14:45,46.8,20.6,34.9,0.0,360,NW,9.4,14.2,0.0,40.1,"Green.Blff, Spokane County",300048,Green.Blff,2020-12-16 04:32:42.665657
2020-03-11,15:00,47.7,20.5,33.8,0.0,461,NW,10.3,15.3,0.0,40.1,"Green.Blff, Spokane County",300048,Green.Blff,2020-12-16 04:32:42.665657
2020-03-11,15:15,47.2,19.6,33.0,0.0,267,NW,9.7,16.7,0.0,40.2,"Green.Blff, Spokane County",300048,Green.Blff,2020-12-16 04:32:42.665657
2020-03-11,15:30,46.8,18.8,32.4,0.0,273,NW,10.3,15.7,0.0,40.2,"Green.Blff, Spokane County",300048,Green.Blff,2020-12-16 04:32:42.665657
2020-03-11,15:45,47.0,18.0,31.1,0.0,279,NW,11.1,18.5,0.0,40.2,"Green.Blff, Spokane County",300048,Green.Blff,2020-12-16 04:32:42.665657
2020-03-11,16:00,46.5,17.8,31.4,0.0,172,NW,10.5,15.7,0.0,40.2,"Green.Blff, Spokane County",300048,Green.Blff,2020-12-16 04:32:42.665657
2020-03-11,16:15,45.2,16.9,31.8,0.0,72,NW,8.1,14.2,0.0,40.2,"Green.Blff, Spokane County",300048,Green.Blff,2020-12-16 04:32:42.665657
2020-03-11,16:30,44.5,17.4,33.2,0.0,46,NW,7.0,12.1,0.0,40.2,"Green.Blff, Spokane County",300048,Green.Blff,2020-12-16 04:32:42.665657
2020-03-11,16:45,43.9,17.5,34.3,0.0,38,NW,7.1,13.2,0.0,40.2,"Green.Blff, Spokane County",300048,Green.Blff,2020-12-16 04:32:42.665657
2020-03-11,17:00,43.6,16.3,32.8,0.0,43,NW,8.6,12.1,0.0,40.2,"Green.Blff, Spokane County",300048,Green.Blff,2020-12-16 04:32:42.665657
2020-03-11,17:15,44.1,13.9,29.0,0.0,89,NW,10.4,16.7,0.0,40.2,"Green.Blff, Spokane County",300048,Green.Blff,2020-12-16 04:32:42.665657
2020-03-11,17:30,43.9,12.2,27.2,0.0,61,NW,10.8,16.7,0.0,40.2,"Green.Blff, Spokane County",300048,Green.Blff,2020-12-16 04:32:42.665657
2020-03-11,17:45,43.2,12.4,28.2,0.0,22,NW,9.7,15.3,0.0,40.2,"Green.Blff, Spokane County",300048,Green.Blff,2020-12-16 04:32:42.665657
2020-03-11,18:00,42.5,12.5,29.0,0.0,5,NW,9.5,15.7,0.0,40.1,"Green.Blff, Spokane County",300048,Green.Blff,2020-12-16 04:32:42.665657
2020-03-11,18:15,41.5,12.2,29.7,0.0,0,N,9.1,15.7,0.0,40.1,"Green.Blff, Spokane County",300048,Green.Blff,2020-12-16 04:32:42.665657
2020-03-11,18:30,41.5,11.6,29.1,0.0,0,NW,11.4,18.2,0.0,40.1,"Green.Blff, Spokane County",300048,Green.Blff,2020-12-16 04:32:42.665657
2020-03-11,18:45,41.3,11.5,29.2,0.0,0,NW,9.7,14.6,0.0,40.0,"Green.Blff, Spokane County",300048,Green.Blff,2020-12-16 04:32:42.665657
2020-03-11,19:00,41.1,11.6,29.5,0.0,0,NW,10.2,15.7,0.0,39.9,"Green.Blff, Spokane County",300048,Green.Blff,2020-12-16 04:32:42.665657
2020-03-11,19:15,40.6,12.2,30.8,0.0,0,NW,7.9,13.2,0.0,39.9,"Green.Blff, Spokane County",300048,Green.Blff,2020-12-16 04:32:42.665657
2020-03-11,19:30,40.2,12.6,31.8,0.0,0,NW,7.6,11.7,0.0,39.8,"Green.Blff, Spokane County",300048,Green.Blff,2020-12-16 04:32:42.665657
2020-03-11,19:45,40.1,12.6,32.0,0.0,0,NW,6.8,9.9,0.0,39.8,"Green.Blff, Spokane County",300048,Green.Blff,2020-12-16 04:32:42.665657
2020-03-11,20:00,39.0,13.2,34.3,0.0,0,N,5.2,9.2,0.0,39.8,"Green.Blff, Spokane County",300048,Green.Blff,2020-12-16 04:32:42.665657
2020-03-11,20:15,38.5,13.2,35.0,0.0,0,N,6.2,8.9,0.0,39.8,"Green.Blff, Spokane County",300048,Green.Blff,2020-12-16 04:32:42.665657
2020-03-11,20:30,39.1,12.8,33.6,0.0,0,NW,6.5,8.5,0.0,39.7,"Green.Blff, Spokane County",300048,Green.Blff,2020-12-16 04:32:42.665657
2020-03-11,20:45,39.1,12.7,33.4,0.0,0,NW,6.2,9.2,0.0,39.7,"Green.Blff, Spokane County",300048,Green.Blff,2020-12-16 04:32:42.665657
2020-03-11,21:00,39.0,12.9,33.8,0.0,0,NW,6.6,8.5,0.0,39.6,"Green.Blff, Spokane County",300048,Green.Blff,2020-12-16 04:32:42.665657
2020-03-11,21:15,39.0,13.0,34.0,0.0,0,NW,6.5,11.0,0.0,39.6,"Green.Blff, Spokane County",300048,Green.Blff,2020-12-16 04:32:42.665657
2020-03-11,21:30,38.7,13.1,34.5,0.0,0,NW,6.0,9.6,0.0,39.5,"Green.Blff, Spokane County",300048,Green.Blff,2020-12-16 04:32:42.665657
2020-03-11,21:45,38.0,13.5,36.2,0.0,0,NW,5.3,7.8,0.0,39.5,"Green.Blff, Spokane County",300048,Green.Blff,2020-12-16 04:32:42.665657
2020-03-11,22:00,38.2,13.7,36.2,0.0,0,NW,5.4,7.8,0.0,39.4,"Green.Blff, Spokane County",300048,Green.Blff,2020-12-16 04:32:42.665657
2020-03-11,22:15,36.3,15.0,41.1,0.0,0,N ,4.6,6.7,0.0,39.4,"Green.Blff, Spokane County",300048,Green.Blff,2020-12-16 04:32:42.665657
2020-03-11,22:30,35.5,14.8,42.1,0.0,0,N ,4.6,6.7,0.0,39.4,"Green.Blff, Spokane County",300048,Green.Blff,2020-12-16 04:32:42.665657
2020-03-11,22:45,35.1,15.2,43.7,0.0,0,N,5.6,8.2,0.0,39.3,"Green.Blff, Spokane County",300048,Green.Blff,2020-12-16 04:32:42.665657
2020-03-11,23:00,35.0,15.1,43.6,0.0,0,N,4.8,8.2,0.0,39.3,"Green.Blff, Spokane County",300048,Green.Blff,2020-12-16 04:32:42.665657
2020-03-12,23:15,35.6,14.5,41.5,0.0,0,N,4.4,6.7,0.0,39.3,"Green.Blff, Spokane County",300048,Green.Blff,2020-12-16 04:32:42.665657
2020-03-12,23:30,34.9,15.1,43.9,0.0,0,N,4.2,6.4,0.0,39.2,"Green.Blff, Spokane County",300048,Green.Blff,2020-12-16 04:32:42.665657
2020-03-12,23:45,35.4,14.8,42.3,0.0,0,NW,4.3,6.0,0.0,39.2,"Green.Blff, Spokane County",300048,Green.Blff,2020-12-16 04:32:42.665657
2020-03-12,24:00,33.5,15.7,47.4,0.0,0,N,4.0,5.3,0.0,39.1,"Green.Blff, Spokane County",300048,Green.Blff,2020-12-16 04:32:42.665657
