Date,Time PST,Air Temp °F, 2<sup>nd</sup> Air Temp °F, Dew Point °F, Rel Hum %, Leaf Wet u., Wind Dir @ Speed mph, Wind Gust mph, 8 in. Soil Tmp °F, Tot Prec in, Solar Rad W/m²,Location,Station ID,Station Name,Download Timestamp
2015-04-27,00:15,35.8,35.4,26.2,67.7,0.34,N@0.6,3.5,49.4,0.0,0,"Fairfield, Spokane County",330125,Fairfield,2017-12-11 02:48:02.227753
2015-04-27,00:30,35.4,35.0,26.7,70.4,0.57,N@0.0,0.0,49.4,0.0,0,"Fairfield, Spokane County",330125,Fairfield,2017-12-11 02:48:02.227753
2015-04-27,00:45,36.1,35.9,26.3,67.4,0.31,E@3.0,5.3,49.4,0.0,0,"Fairfield, Spokane County",330125,Fairfield,2017-12-11 02:48:02.227753
2015-04-27,01:00,35.5,35.4,26.1,68.5,0.2,E@4.8,6.4,49.4,0.0,0,"Fairfield, Spokane County",330125,Fairfield,2017-12-11 02:48:02.227753
2015-04-27,01:15,34.6,33.9,25.9,70.1,0.41,N@1.4,4.6,49.4,0.0,0,"Fairfield, Spokane County",330125,Fairfield,2017-12-11 02:48:02.227753
2015-04-27,01:30,33.0,32.7,26.3,76.2,0.62,N@2.2,3.1,49.4,0.0,0,"Fairfield, Spokane County",330125,Fairfield,2017-12-11 02:48:02.227753
2015-04-27,01:45,33.1,32.9,26.2,75.2,0.6,N@0.7,2.4,49.4,0.0,0,"Fairfield, Spokane County",330125,Fairfield,2017-12-11 02:48:02.227753
2015-04-27,02:00,34.4,34.2,26.6,73.0,0.57,N@0.0,0.0,49.4,0.0,0,"Fairfield, Spokane County",330125,Fairfield,2017-12-11 02:48:02.227753
2015-04-27,02:15,34.7,34.4,26.8,72.7,0.53,N@0.4,4.9,49.4,0.0,0,"Fairfield, Spokane County",330125,Fairfield,2017-12-11 02:48:02.227753
2015-04-27,02:30,34.6,34.4,27.4,74.7,0.59,N@0.8,7.8,49.4,0.0,0,"Fairfield, Spokane County",330125,Fairfield,2017-12-11 02:48:02.227753
2015-04-27,02:45,34.3,33.8,27.7,76.7,0.68,E@1.0,3.5,49.3,0.0,0,"Fairfield, Spokane County",330125,Fairfield,2017-12-11 02:48:02.227753
2015-04-27,03:00,33.6,33.4,28.0,79.4,0.67,NE@4.4,10.3,49.3,0.0,0,"Fairfield, Spokane County",330125,Fairfield,2017-12-11 02:48:02.227753
2015-04-27,03:15,34.3,34.1,28.6,79.6,0.62,NE@4.5,10.3,49.3,0.0,0,"Fairfield, Spokane County",330125,Fairfield,2017-12-11 02:48:02.227753
2015-04-27,03:30,34.3,34.1,28.2,78.1,0.67,E@1.7,3.9,49.3,0.0,0,"Fairfield, Spokane County",330125,Fairfield,2017-12-11 02:48:02.227753
2015-04-27,03:45,33.4,32.9,28.1,80.6,0.71,SW@1.7,3.5,49.2,0.0,0,"Fairfield, Spokane County",330125,Fairfield,2017-12-11 02:48:02.227753
2015-04-27,04:00,32.8,32.6,28.4,83.6,0.72,NE@4.3,10.3,49.2,0.0,0,"Fairfield, Spokane County",330125,Fairfield,2017-12-11 02:48:02.227753
2015-04-27,04:15,33.7,33.6,29.0,82.7,0.67,E@9.8,12.1,49.2,0.0,0,"Fairfield, Spokane County",330125,Fairfield,2017-12-11 02:48:02.227753
2015-04-27,04:30,33.9,33.8,29.2,82.5,0.66,E@9.7,12.1,49.1,0.0,1,"Fairfield, Spokane County",330125,Fairfield,2017-12-11 02:48:02.227753
2015-04-27,04:45,34.1,34.0,29.0,81.3,0.63,E@11.4,14.2,49.1,0.0,4,"Fairfield, Spokane County",330125,Fairfield,2017-12-11 02:48:02.227753
2015-04-27,05:00,34.2,34.1,28.7,80.0,0.6,E@10.5,13.5,49.1,0.0,20,"Fairfield, Spokane County",330125,Fairfield,2017-12-11 02:48:02.227753
2015-04-27,05:15,34.4,34.3,28.9,80.0,0.58,NE@6.2,11.0,49.0,0.0,53,"Fairfield, Spokane County",330125,Fairfield,2017-12-11 02:48:02.227753
2015-04-27,05:30,35.2,35.1,28.9,77.6,0.52,N@2.8,9.2,49.0,0.0,88,"Fairfield, Spokane County",330125,Fairfield,2017-12-11 02:48:02.227753
2015-04-27,05:45,36.8,36.7,29.7,75.2,0.42,E@8.8,11.7,48.9,0.0,127,"Fairfield, Spokane County",330125,Fairfield,2017-12-11 02:48:02.227753
2015-04-27,06:00,38.1,37.9,30.2,73.0,0.34,NE@8.6,12.8,48.9,0.0,164,"Fairfield, Spokane County",330125,Fairfield,2017-12-11 02:48:02.227753
2015-04-27,06:15,39.5,39.1,31.0,71.4,0.26,NE@8.2,11.7,48.8,0.0,210,"Fairfield, Spokane County",330125,Fairfield,2017-12-11 02:48:02.227753
2015-04-27,06:30,41.0,40.6,32.0,70.1,0.2,NE@8.0,11.4,48.8,0.0,253,"Fairfield, Spokane County",330125,Fairfield,2017-12-11 02:48:02.227753
2015-04-27,06:45,42.7,42.5,32.8,67.7,0.13,NE@7.8,11.4,48.7,0.0,300,"Fairfield, Spokane County",330125,Fairfield,2017-12-11 02:48:02.227753
2015-04-27,07:00,44.3,44.1,32.9,64.0,0.06,NE@8.3,11.0,48.7,0.0,340,"Fairfield, Spokane County",330125,Fairfield,2017-12-11 02:48:02.227753
2015-04-27,07:15,46.2,46.1,32.8,59.3,0.0,NE@7.7,11.0,48.6,0.0,380,"Fairfield, Spokane County",330125,Fairfield,2017-12-11 02:48:02.227753
2015-04-27,07:30,47.7,47.6,32.6,55.5,0.0,NE@7.9,12.1,48.6,0.0,424,"Fairfield, Spokane County",330125,Fairfield,2017-12-11 02:48:02.227753
2015-04-27,07:45,49.3,49.2,33.4,54.1,0.0,NE@7.7,11.4,48.5,0.0,464,"Fairfield, Spokane County",330125,Fairfield,2017-12-11 02:48:02.227753
2015-04-27,08:00,50.6,50.5,33.8,52.3,0.0,E@7.2,10.3,48.5,0.0,483,"Fairfield, Spokane County",330125,Fairfield,2017-12-11 02:48:02.227753
2015-04-27,08:15,51.9,51.8,33.6,49.4,0.0,E@7.4,9.9,48.4,0.0,537,"Fairfield, Spokane County",330125,Fairfield,2017-12-11 02:48:02.227753
2015-04-27,08:30,53.1,53.0,33.8,47.7,0.0,E@7.4,11.4,48.4,0.0,569,"Fairfield, Spokane County",330125,Fairfield,2017-12-11 02:48:02.227753
2015-04-27,08:45,54.7,54.5,33.0,43.7,0.0,E@6.1,10.7,48.3,0.0,604,"Fairfield, Spokane County",330125,Fairfield,2017-12-11 02:48:02.227753
2015-04-27,09:00,55.1,54.9,32.5,42.1,0.0,E@4.9,9.2,48.3,0.0,606,"Fairfield, Spokane County",330125,Fairfield,2017-12-11 02:48:02.227753
2015-04-27,09:15,56.2,56.1,32.0,39.6,0.0,E@4.8,9.2,48.2,0.0,660,"Fairfield, Spokane County",330125,Fairfield,2017-12-11 02:48:02.227753
2015-04-27,09:30,56.9,56.7,31.8,38.4,0.0,NE@5.1,8.2,48.1,0.0,683,"Fairfield, Spokane County",330125,Fairfield,2017-12-11 02:48:02.227753
2015-04-27,09:45,58.1,57.9,31.5,36.3,0.0,NE@3.0,6.7,48.1,0.0,708,"Fairfield, Spokane County",330125,Fairfield,2017-12-11 02:48:02.227753
2015-04-27,10:00,58.4,58.1,30.8,34.9,0.0,SW@3.5,7.1,48.1,0.0,737,"Fairfield, Spokane County",330125,Fairfield,2017-12-11 02:48:02.227753
2015-04-27,10:15,59.0,58.8,30.6,33.9,0.0,SE@4.6,8.9,48.0,0.0,756,"Fairfield, Spokane County",330125,Fairfield,2017-12-11 02:48:02.227753
2015-04-27,10:30,59.4,59.3,30.3,33.0,0.0,E@4.2,7.4,47.9,0.0,765,"Fairfield, Spokane County",330125,Fairfield,2017-12-11 02:48:02.227753
2015-04-27,10:45,59.9,59.6,30.5,32.8,0.0,E@5.2,9.6,47.9,0.0,695,"Fairfield, Spokane County",330125,Fairfield,2017-12-11 02:48:02.227753
2015-04-27,11:00,60.3,60.1,30.1,31.6,0.0,NE@4.1,7.1,47.9,0.0,836,"Fairfield, Spokane County",330125,Fairfield,2017-12-11 02:48:02.227753
2015-04-27,11:15,60.9,60.6,30.0,30.9,0.0,SE@4.9,8.5,47.8,0.0,719,"Fairfield, Spokane County",330125,Fairfield,2017-12-11 02:48:02.227753
2015-04-27,11:30,61.6,61.6,31.5,32.0,0.0,S@3.1,6.4,47.8,0.0,737,"Fairfield, Spokane County",330125,Fairfield,2017-12-11 02:48:02.227753
2015-04-27,11:45,62.3,62.2,31.0,30.7,0.0,N@5.8,8.9,47.8,0.0,895,"Fairfield, Spokane County",330125,Fairfield,2017-12-11 02:48:02.227753
2015-04-27,12:00,62.3,61.9,31.2,30.9,0.0,N@4.8,9.6,47.8,0.0,822,"Fairfield, Spokane County",330125,Fairfield,2017-12-11 02:48:02.227753
2015-04-27,12:15,61.8,61.5,30.6,30.6,0.0,NW@5.5,10.3,47.8,0.0,793,"Fairfield, Spokane County",330125,Fairfield,2017-12-11 02:48:02.227753
2015-04-27,12:30,62.6,62.2,31.5,31.0,0.0,N@4.0,7.4,47.8,0.0,777,"Fairfield, Spokane County",330125,Fairfield,2017-12-11 02:48:02.227753
2015-04-27,12:45,63.7,63.5,32.7,31.1,0.0,S@3.1,7.1,47.8,0.0,775,"Fairfield, Spokane County",330125,Fairfield,2017-12-11 02:48:02.227753
2015-04-27,13:00,63.8,63.5,32.4,30.7,0.0,W@4.2,7.8,47.8,0.0,786,"Fairfield, Spokane County",330125,Fairfield,2017-12-11 02:48:02.227753
2015-04-27,13:15,63.9,63.4,32.8,31.2,0.0,N@6.0,8.5,47.8,0.0,756,"Fairfield, Spokane County",330125,Fairfield,2017-12-11 02:48:02.227753
2015-04-27,13:30,63.3,63.0,31.7,30.5,0.0,SE@3.7,6.7,47.8,0.0,732,"Fairfield, Spokane County",330125,Fairfield,2017-12-11 02:48:02.227753
2015-04-27,13:45,64.4,64.1,32.7,30.5,0.0,NE@3.6,8.2,47.8,0.0,727,"Fairfield, Spokane County",330125,Fairfield,2017-12-11 02:48:02.227753
2015-04-27,14:00,64.6,64.4,31.9,29.4,0.0,N@2.6,6.7,47.9,0.0,711,"Fairfield, Spokane County",330125,Fairfield,2017-12-11 02:48:02.227753
2015-04-27,14:15,64.7,64.2,32.7,30.1,0.0,NW@3.8,8.2,47.9,0.0,677,"Fairfield, Spokane County",330125,Fairfield,2017-12-11 02:48:02.227753
2015-04-27,14:30,65.4,65.1,34.3,31.3,0.0,N@6.1,10.3,48.0,0.0,656,"Fairfield, Spokane County",330125,Fairfield,2017-12-11 02:48:02.227753
2015-04-27,14:45,65.4,65.2,33.8,30.7,0.0,N@3.9,7.8,48.0,0.0,646,"Fairfield, Spokane County",330125,Fairfield,2017-12-11 02:48:02.227753
2015-04-27,15:00,65.3,65.0,33.6,30.5,0.0,NE@4.9,9.6,48.1,0.0,595,"Fairfield, Spokane County",330125,Fairfield,2017-12-11 02:48:02.227753
2015-04-27,15:15,65.4,65.2,33.9,30.9,0.0,E@4.1,8.2,48.2,0.0,572,"Fairfield, Spokane County",330125,Fairfield,2017-12-11 02:48:02.227753
2015-04-27,15:30,65.5,65.2,34.2,31.1,0.0,NE@6.3,11.0,48.2,0.0,528,"Fairfield, Spokane County",330125,Fairfield,2017-12-11 02:48:02.227753
2015-04-27,15:45,65.3,65.1,34.3,31.4,0.0,N@5.6,10.3,48.3,0.0,423,"Fairfield, Spokane County",330125,Fairfield,2017-12-11 02:48:02.227753
2015-04-27,16:00,65.4,65.1,35.0,32.3,0.0,NE@5.3,8.5,48.4,0.0,373,"Fairfield, Spokane County",330125,Fairfield,2017-12-11 02:48:02.227753
2015-04-27,16:15,65.7,65.5,34.8,31.6,0.0,NE@4.7,7.8,48.5,0.0,454,"Fairfield, Spokane County",330125,Fairfield,2017-12-11 02:48:02.227753
2015-04-27,16:30,65.4,65.3,34.6,31.7,0.0,NE@5.6,9.6,48.6,0.0,383,"Fairfield, Spokane County",330125,Fairfield,2017-12-11 02:48:02.227753
2015-04-27,16:45,65.2,65.0,34.8,32.2,0.0,NE@6.1,9.6,48.7,0.0,309,"Fairfield, Spokane County",330125,Fairfield,2017-12-11 02:48:02.227753
2015-04-27,17:00,65.0,64.9,34.9,32.6,0.0,NE@5.6,10.3,48.8,0.0,273,"Fairfield, Spokane County",330125,Fairfield,2017-12-11 02:48:02.227753
2015-04-27,17:15,65.0,64.8,34.5,32.1,0.0,NE@4.5,6.7,48.9,0.0,240,"Fairfield, Spokane County",330125,Fairfield,2017-12-11 02:48:02.227753
2015-04-27,17:30,64.6,64.5,35.1,33.3,0.0,NE@4.3,7.1,49.0,0.0,176,"Fairfield, Spokane County",330125,Fairfield,2017-12-11 02:48:02.227753
2015-04-27,17:45,64.3,64.1,36.1,34.9,0.0,NE@4.9,8.2,49.1,0.0,164,"Fairfield, Spokane County",330125,Fairfield,2017-12-11 02:48:02.227753
2015-04-27,18:00,62.6,62.2,36.6,37.9,0.0,NE@7.0,9.9,49.2,0.0,110,"Fairfield, Spokane County",330125,Fairfield,2017-12-11 02:48:02.227753
2015-04-27,18:15,60.8,60.6,35.8,39.1,0.0,NE@6.3,9.2,49.3,0.0,69,"Fairfield, Spokane County",330125,Fairfield,2017-12-11 02:48:02.227753
2015-04-27,18:30,58.5,58.2,35.5,41.9,0.0,NE@5.3,7.1,49.4,0.0,32,"Fairfield, Spokane County",330125,Fairfield,2017-12-11 02:48:02.227753
2015-04-27,18:45,55.1,54.7,35.5,47.5,0.0,NE@5.7,6.4,49.5,0.0,26,"Fairfield, Spokane County",330125,Fairfield,2017-12-11 02:48:02.227753
2015-04-27,19:00,53.2,53.0,35.3,50.6,0.0,NE@5.6,6.4,49.7,0.0,8,"Fairfield, Spokane County",330125,Fairfield,2017-12-11 02:48:02.227753
2015-04-27,19:15,51.5,51.4,35.3,53.8,0.0,NE@5.8,6.4,49.8,0.0,1,"Fairfield, Spokane County",330125,Fairfield,2017-12-11 02:48:02.227753
2015-04-27,19:30,51.4,51.4,35.3,54.0,0.0,E@6.0,6.7,49.9,0.0,0,"Fairfield, Spokane County",330125,Fairfield,2017-12-11 02:48:02.227753
2015-04-27,19:45,51.0,50.9,34.8,53.8,0.0,E@5.7,6.4,50.0,0.0,0,"Fairfield, Spokane County",330125,Fairfield,2017-12-11 02:48:02.227753
2015-04-27,20:00,50.3,50.2,34.7,54.7,0.0,E@5.2,5.7,50.1,0.0,0,"Fairfield, Spokane County",330125,Fairfield,2017-12-11 02:48:02.227753
2015-04-27,20:15,50.1,50.0,34.9,55.8,0.0,NE@4.8,6.0,50.2,0.0,0,"Fairfield, Spokane County",330125,Fairfield,2017-12-11 02:48:02.227753
2015-04-27,20:30,50.3,50.2,35.1,55.7,0.0,NW@1.5,3.5,50.3,0.0,0,"Fairfield, Spokane County",330125,Fairfield,2017-12-11 02:48:02.227753
2015-04-27,20:45,51.2,51.2,34.9,53.5,0.0,E@0.5,2.1,50.4,0.0,0,"Fairfield, Spokane County",330125,Fairfield,2017-12-11 02:48:02.227753
2015-04-27,21:00,51.7,51.3,34.8,52.4,0.0,NE@0.6,3.1,50.5,0.0,0,"Fairfield, Spokane County",330125,Fairfield,2017-12-11 02:48:02.227753
2015-04-27,21:15,50.9,50.6,34.4,53.1,0.0,NE@2.3,3.1,50.5,0.0,0,"Fairfield, Spokane County",330125,Fairfield,2017-12-11 02:48:02.227753
2015-04-27,21:30,49.5,49.2,35.3,57.7,0.0,NE@1.4,2.8,50.6,0.0,0,"Fairfield, Spokane County",330125,Fairfield,2017-12-11 02:48:02.227753
2015-04-27,21:45,50.1,50.0,34.4,54.7,0.0,E@0.5,2.8,50.7,0.0,0,"Fairfield, Spokane County",330125,Fairfield,2017-12-11 02:48:02.227753
2015-04-27,22:00,48.4,47.9,34.3,57.9,0.0,S@2.3,3.9,50.8,0.0,0,"Fairfield, Spokane County",330125,Fairfield,2017-12-11 02:48:02.227753
2015-04-27,22:15,47.6,47.6,34.3,59.5,0.0,NE@1.8,5.3,50.8,0.0,0,"Fairfield, Spokane County",330125,Fairfield,2017-12-11 02:48:02.227753
2015-04-27,22:30,48.6,48.7,35.0,59.2,0.0,NE@5.9,7.8,50.9,0.0,0,"Fairfield, Spokane County",330125,Fairfield,2017-12-11 02:48:02.227753
2015-04-27,22:45,49.2,49.1,35.0,57.8,0.0,NE@7.2,8.2,50.9,0.0,0,"Fairfield, Spokane County",330125,Fairfield,2017-12-11 02:48:02.227753
2015-04-27,23:00,49.5,49.6,35.1,57.3,0.0,NE@7.4,8.5,51.0,0.0,0,"Fairfield, Spokane County",330125,Fairfield,2017-12-11 02:48:02.227753
2015-04-28,23:15,49.5,49.4,34.9,56.9,0.0,NE@6.2,8.2,51.0,0.0,0,"Fairfield, Spokane County",330125,Fairfield,2017-12-11 02:48:02.227753
2015-04-28,23:30,47.1,46.9,35.2,63.1,0.0,NE@5.6,7.8,51.1,0.0,0,"Fairfield, Spokane County",330125,Fairfield,2017-12-11 02:48:02.227753
2015-04-28,23:45,46.8,46.7,35.4,64.2,0.0,NE@5.1,8.5,51.1,0.0,0,"Fairfield, Spokane County",330125,Fairfield,2017-12-11 02:48:02.227753
2015-04-28,24:00,45.8,45.6,35.9,68.1,0.03,NE@8.9,11.4,51.1,0.0,0,"Fairfield, Spokane County",330125,Fairfield,2017-12-11 02:48:02.227753
2015-04-28,00:15,45.8,45.8,36.8,70.7,0.08,E@10.0,12.4,51.1,0.0,0,"Fairfield, Spokane County",330125,Fairfield,2017-12-11 02:48:02.227753
2015-04-28,00:30,47.3,47.3,37.1,67.4,0.02,E@10.0,14.2,51.2,0.0,0,"Fairfield, Spokane County",330125,Fairfield,2017-12-11 02:48:02.227753
2015-04-28,00:45,46.1,46.0,37.1,70.6,0.08,NE@10.8,13.9,51.2,0.0,0,"Fairfield, Spokane County",330125,Fairfield,2017-12-11 02:48:02.227753
2015-04-28,01:00,45.2,45.1,37.1,73.0,0.12,E@12.2,15.3,51.2,0.0,0,"Fairfield, Spokane County",330125,Fairfield,2017-12-11 02:48:02.227753
2015-04-28,01:15,45.6,45.7,36.7,70.7,0.09,E@11.1,13.5,51.2,0.0,0,"Fairfield, Spokane County",330125,Fairfield,2017-12-11 02:48:02.227753
2015-04-28,01:30,46.1,46.0,36.4,68.8,0.06,E@11.1,13.9,51.2,0.0,0,"Fairfield, Spokane County",330125,Fairfield,2017-12-11 02:48:02.227753
2015-04-28,01:45,46.0,46.0,36.3,68.5,0.06,E@10.8,13.9,51.2,0.0,0,"Fairfield, Spokane County",330125,Fairfield,2017-12-11 02:48:02.227753
2015-04-28,02:00,46.1,46.1,36.2,68.2,0.03,E@11.3,14.6,51.2,0.0,0,"Fairfield, Spokane County",330125,Fairfield,2017-12-11 02:48:02.227753
2015-04-28,02:15,46.4,46.4,36.1,67.1,0.02,E@10.0,13.2,51.2,0.0,0,"Fairfield, Spokane County",330125,Fairfield,2017-12-11 02:48:02.227753
2015-04-28,02:30,46.9,46.8,36.0,65.6,0.0,E@10.7,15.0,51.2,0.0,0,"Fairfield, Spokane County",330125,Fairfield,2017-12-11 02:48:02.227753
2015-04-28,02:45,47.5,47.6,35.8,63.6,0.0,E@12.1,15.7,51.2,0.0,0,"Fairfield, Spokane County",330125,Fairfield,2017-12-11 02:48:02.227753
2015-04-28,03:00,47.6,47.5,35.8,63.4,0.0,E@11.6,15.0,51.2,0.0,0,"Fairfield, Spokane County",330125,Fairfield,2017-12-11 02:48:02.227753
2015-04-28,03:15,47.6,47.7,35.7,63.1,0.0,E@12.0,16.4,51.2,0.0,0,"Fairfield, Spokane County",330125,Fairfield,2017-12-11 02:48:02.227753
2015-04-28,03:30,46.9,46.8,35.8,65.0,0.0,E@9.8,15.0,51.1,0.0,0,"Fairfield, Spokane County",330125,Fairfield,2017-12-11 02:48:02.227753
2015-04-28,03:45,45.6,45.4,35.6,68.0,0.03,NE@7.6,10.3,51.1,0.0,0,"Fairfield, Spokane County",330125,Fairfield,2017-12-11 02:48:02.227753
2015-04-28,04:00,45.0,44.9,35.4,68.8,0.05,NE@8.4,11.0,51.1,0.0,0,"Fairfield, Spokane County",330125,Fairfield,2017-12-11 02:48:02.227753
2015-04-28,04:15,44.7,44.7,35.3,69.4,0.06,NE@9.2,12.4,51.1,0.0,0,"Fairfield, Spokane County",330125,Fairfield,2017-12-11 02:48:02.227753
2015-04-28,04:30,44.6,44.5,35.6,70.4,0.08,NE@9.6,12.1,51.1,0.0,1,"Fairfield, Spokane County",330125,Fairfield,2017-12-11 02:48:02.227753
2015-04-28,04:45,43.9,43.9,35.6,72.4,0.11,NE@8.8,13.2,51.0,0.0,4,"Fairfield, Spokane County",330125,Fairfield,2017-12-11 02:48:02.227753
2015-04-28,05:00,44.8,44.8,35.7,70.2,0.07,E@10.2,15.3,51.0,0.0,15,"Fairfield, Spokane County",330125,Fairfield,2017-12-11 02:48:02.227753
2015-04-28,05:15,45.1,45.0,35.7,69.4,0.05,E@11.1,14.6,51.0,0.0,43,"Fairfield, Spokane County",330125,Fairfield,2017-12-11 02:48:02.227753
2015-04-28,05:30,45.8,45.7,36.1,68.7,0.0,E@11.2,15.0,51.0,0.0,92,"Fairfield, Spokane County",330125,Fairfield,2017-12-11 02:48:02.227753
2015-04-28,05:45,47.3,47.2,36.2,65.3,0.0,E@11.7,16.4,50.9,0.0,130,"Fairfield, Spokane County",330125,Fairfield,2017-12-11 02:48:02.227753
2015-04-28,06:00,48.7,48.6,36.5,62.5,0.0,E@12.3,17.5,50.9,0.0,167,"Fairfield, Spokane County",330125,Fairfield,2017-12-11 02:48:02.227753
2015-04-28,06:15,50.1,49.8,36.8,60.3,0.0,E@12.2,17.5,50.9,0.0,213,"Fairfield, Spokane County",330125,Fairfield,2017-12-11 02:48:02.227753
2015-04-28,06:30,50.7,50.5,37.5,60.2,0.0,E@12.0,17.1,50.8,0.0,225,"Fairfield, Spokane County",330125,Fairfield,2017-12-11 02:48:02.227753
2015-04-28,06:45,51.8,51.6,38.2,59.6,0.0,NE@12.5,16.7,50.8,0.0,303,"Fairfield, Spokane County",330125,Fairfield,2017-12-11 02:48:02.227753
2015-04-28,07:00,53.0,52.9,38.7,58.1,0.0,NE@12.0,16.0,50.8,0.0,332,"Fairfield, Spokane County",330125,Fairfield,2017-12-11 02:48:02.227753
2015-04-28,07:15,53.9,53.7,39.1,57.2,0.0,E@12.2,16.4,50.7,0.0,360,"Fairfield, Spokane County",330125,Fairfield,2017-12-11 02:48:02.227753
2015-04-28,07:30,55.1,54.9,39.4,55.3,0.0,E@12.2,15.7,50.7,0.0,415,"Fairfield, Spokane County",330125,Fairfield,2017-12-11 02:48:02.227753
2015-04-28,07:45,56.5,56.4,40.3,54.4,0.0,NE@11.2,15.3,50.6,0.0,454,"Fairfield, Spokane County",330125,Fairfield,2017-12-11 02:48:02.227753
2015-04-28,08:00,57.8,57.7,40.4,52.1,0.0,NE@11.2,15.0,50.6,0.0,498,"Fairfield, Spokane County",330125,Fairfield,2017-12-11 02:48:02.227753
2015-04-28,08:15,59.4,59.3,40.4,49.3,0.0,NE@10.7,14.6,50.6,0.0,529,"Fairfield, Spokane County",330125,Fairfield,2017-12-11 02:48:02.227753
2015-04-28,08:30,60.7,60.6,40.7,47.4,0.0,E@10.3,14.2,50.5,0.0,564,"Fairfield, Spokane County",330125,Fairfield,2017-12-11 02:48:02.227753
2015-04-28,08:45,61.8,61.7,41.6,47.3,0.0,E@9.1,13.5,50.5,0.0,593,"Fairfield, Spokane County",330125,Fairfield,2017-12-11 02:48:02.227753
2015-04-28,09:00,62.9,62.7,41.9,46.2,0.0,NE@8.7,12.4,50.4,0.0,619,"Fairfield, Spokane County",330125,Fairfield,2017-12-11 02:48:02.227753
2015-04-28,09:15,64.3,64.1,42.3,44.6,0.0,NE@7.7,11.7,50.4,0.0,656,"Fairfield, Spokane County",330125,Fairfield,2017-12-11 02:48:02.227753
2015-04-28,09:30,65.5,65.4,42.9,43.6,0.0,NE@8.3,12.4,50.3,0.0,680,"Fairfield, Spokane County",330125,Fairfield,2017-12-11 02:48:02.227753
2015-04-28,09:45,66.7,66.6,43.0,42.0,0.0,NE@8.0,11.4,50.3,0.0,700,"Fairfield, Spokane County",330125,Fairfield,2017-12-11 02:48:02.227753
2015-04-28,10:00,68.1,67.9,42.7,39.7,0.0,NE@7.3,10.7,50.3,0.0,726,"Fairfield, Spokane County",330125,Fairfield,2017-12-11 02:48:02.227753
2015-04-28,10:15,69.0,68.8,42.6,38.4,0.0,NE@7.1,12.1,50.2,0.0,737,"Fairfield, Spokane County",330125,Fairfield,2017-12-11 02:48:02.227753
2015-04-28,10:30,70.8,70.7,43.4,37.3,0.0,E@6.6,9.9,50.2,0.0,753,"Fairfield, Spokane County",330125,Fairfield,2017-12-11 02:48:02.227753
2015-04-28,10:45,71.8,71.6,42.6,34.8,0.0,E@6.7,12.1,50.2,0.0,775,"Fairfield, Spokane County",330125,Fairfield,2017-12-11 02:48:02.227753
2015-04-28,11:00,72.9,72.7,41.0,31.6,0.0,SE@6.7,12.1,50.1,0.0,785,"Fairfield, Spokane County",330125,Fairfield,2017-12-11 02:48:02.227753
2015-04-28,11:15,73.9,73.7,39.5,28.8,0.0,S@7.1,13.5,50.1,0.0,802,"Fairfield, Spokane County",330125,Fairfield,2017-12-11 02:48:02.227753
2015-04-28,11:30,74.1,73.9,39.5,28.6,0.0,S@6.8,12.8,50.1,0.0,806,"Fairfield, Spokane County",330125,Fairfield,2017-12-11 02:48:02.227753
2015-04-28,11:45,74.7,74.3,39.9,28.5,0.0,S@8.0,12.8,50.1,0.0,813,"Fairfield, Spokane County",330125,Fairfield,2017-12-11 02:48:02.227753
2015-04-28,12:00,74.5,74.3,39.5,28.2,0.0,S@7.6,14.2,50.1,0.0,806,"Fairfield, Spokane County",330125,Fairfield,2017-12-11 02:48:02.227753
2015-04-28,12:15,75.4,75.2,40.6,28.6,0.0,S@8.6,16.4,50.1,0.0,808,"Fairfield, Spokane County",330125,Fairfield,2017-12-11 02:48:02.227753
2015-04-28,12:30,76.2,75.8,40.7,28.0,0.0,S@9.2,13.9,50.1,0.0,790,"Fairfield, Spokane County",330125,Fairfield,2017-12-11 02:48:02.227753
2015-04-28,12:45,76.0,75.7,39.7,27.1,0.0,S@8.9,14.6,50.1,0.0,786,"Fairfield, Spokane County",330125,Fairfield,2017-12-11 02:48:02.227753
2015-04-28,13:00,76.6,76.4,39.2,26.0,0.0,S@9.8,17.1,50.1,0.0,780,"Fairfield, Spokane County",330125,Fairfield,2017-12-11 02:48:02.227753
2015-04-28,13:15,76.8,76.4,38.6,25.3,0.0,S@10.1,15.3,50.1,0.0,767,"Fairfield, Spokane County",330125,Fairfield,2017-12-11 02:48:02.227753
2015-04-28,13:30,76.9,76.6,39.4,26.0,0.0,S@8.4,17.8,50.1,0.0,715,"Fairfield, Spokane County",330125,Fairfield,2017-12-11 02:48:02.227753
2015-04-28,13:45,77.1,76.8,39.9,26.3,0.0,S@8.1,15.7,50.2,0.0,714,"Fairfield, Spokane County",330125,Fairfield,2017-12-11 02:48:02.227753
2015-04-28,14:00,77.4,77.1,38.6,24.7,0.0,S@9.7,14.6,50.2,0.0,721,"Fairfield, Spokane County",330125,Fairfield,2017-12-11 02:48:02.227753
2015-04-28,14:15,77.5,77.1,38.3,24.4,0.0,SW@9.1,16.0,50.2,0.0,652,"Fairfield, Spokane County",330125,Fairfield,2017-12-11 02:48:02.227753
2015-04-28,14:30,77.1,76.8,37.6,24.1,0.0,SW@9.4,13.9,50.3,0.0,616,"Fairfield, Spokane County",330125,Fairfield,2017-12-11 02:48:02.227753
2015-04-28,14:45,76.9,76.6,37.2,23.9,0.0,SW@9.7,14.6,50.3,0.0,578,"Fairfield, Spokane County",330125,Fairfield,2017-12-11 02:48:02.227753
2015-04-28,15:00,76.6,76.3,36.8,23.6,0.0,SW@9.4,14.2,50.4,0.0,541,"Fairfield, Spokane County",330125,Fairfield,2017-12-11 02:48:02.227753
2015-04-28,15:15,76.5,76.2,38.0,24.8,0.0,SW@8.1,17.1,50.4,0.0,481,"Fairfield, Spokane County",330125,Fairfield,2017-12-11 02:48:02.227753
2015-04-28,15:30,76.6,76.3,38.2,25.1,0.0,SW@7.9,11.7,50.5,0.0,459,"Fairfield, Spokane County",330125,Fairfield,2017-12-11 02:48:02.227753
2015-04-28,15:45,76.5,76.2,37.1,24.1,0.0,W@7.2,11.0,50.6,0.0,467,"Fairfield, Spokane County",330125,Fairfield,2017-12-11 02:48:02.227753
2015-04-28,16:00,76.5,76.2,38.0,24.9,0.0,SW@9.4,13.5,50.7,0.0,452,"Fairfield, Spokane County",330125,Fairfield,2017-12-11 02:48:02.227753
2015-04-28,16:15,76.5,76.3,37.5,24.4,0.0,SW@6.4,12.1,50.8,0.0,417,"Fairfield, Spokane County",330125,Fairfield,2017-12-11 02:48:02.227753
2015-04-28,16:30,76.2,75.9,38.1,25.2,0.0,SW@7.0,11.0,50.8,0.0,350,"Fairfield, Spokane County",330125,Fairfield,2017-12-11 02:48:02.227753
2015-04-28,16:45,75.8,75.5,38.9,26.5,0.0,SW@6.9,9.9,50.9,0.0,304,"Fairfield, Spokane County",330125,Fairfield,2017-12-11 02:48:02.227753
2015-04-28,17:00,75.2,74.9,39.1,27.1,0.0,SW@7.7,11.4,51.0,0.0,260,"Fairfield, Spokane County",330125,Fairfield,2017-12-11 02:48:02.227753
2015-04-28,17:15,74.1,73.8,38.6,27.6,0.0,SW@7.7,11.7,51.1,0.0,177,"Fairfield, Spokane County",330125,Fairfield,2017-12-11 02:48:02.227753
2015-04-28,17:30,72.2,71.9,38.1,28.9,0.0,SW@7.9,11.7,51.2,0.0,110,"Fairfield, Spokane County",330125,Fairfield,2017-12-11 02:48:02.227753
2015-04-28,17:45,71.9,71.7,39.0,30.2,0.0,SW@6.1,9.9,51.3,0.0,146,"Fairfield, Spokane County",330125,Fairfield,2017-12-11 02:48:02.227753
2015-04-28,18:00,71.2,71.0,39.9,32.0,0.0,SW@4.4,7.4,51.4,0.0,97,"Fairfield, Spokane County",330125,Fairfield,2017-12-11 02:48:02.227753
2015-04-28,18:15,69.7,69.5,39.5,33.2,0.0,SW@2.9,4.2,51.5,0.0,61,"Fairfield, Spokane County",330125,Fairfield,2017-12-11 02:48:02.227753
2015-04-28,18:30,69.6,69.5,38.5,32.0,0.0,SW@2.4,3.5,51.6,0.0,39,"Fairfield, Spokane County",330125,Fairfield,2017-12-11 02:48:02.227753
2015-04-28,18:45,68.2,67.9,37.9,32.9,0.0,SW@2.6,4.2,51.7,0.0,18,"Fairfield, Spokane County",330125,Fairfield,2017-12-11 02:48:02.227753
2015-04-28,19:00,67.0,66.7,37.7,33.9,0.0,SW@2.3,3.1,51.8,0.0,6,"Fairfield, Spokane County",330125,Fairfield,2017-12-11 02:48:02.227753
2015-04-28,19:15,65.8,65.5,37.7,35.4,0.0,SW@2.4,3.1,51.9,0.0,2,"Fairfield, Spokane County",330125,Fairfield,2017-12-11 02:48:02.227753
2015-04-28,19:30,64.6,64.2,37.0,35.9,0.0,SW@1.0,3.1,52.0,0.0,0,"Fairfield, Spokane County",330125,Fairfield,2017-12-11 02:48:02.227753
2015-04-28,19:45,63.1,62.7,36.7,37.4,0.0,SE@0.2,2.1,52.1,0.0,0,"Fairfield, Spokane County",330125,Fairfield,2017-12-11 02:48:02.227753
2015-04-28,20:00,63.4,63.4,36.6,36.8,0.0,SE@4.0,5.7,52.1,0.0,0,"Fairfield, Spokane County",330125,Fairfield,2017-12-11 02:48:02.227753
2015-04-28,20:15,62.4,62.3,36.6,38.2,0.0,S@3.6,5.7,52.2,0.0,0,"Fairfield, Spokane County",330125,Fairfield,2017-12-11 02:48:02.227753
2015-04-28,20:30,62.4,62.2,36.0,37.3,0.0,SE@3.9,4.9,52.3,0.0,0,"Fairfield, Spokane County",330125,Fairfield,2017-12-11 02:48:02.227753
2015-04-28,20:45,60.2,59.9,36.1,40.5,0.0,SE@4.4,6.4,52.4,0.0,0,"Fairfield, Spokane County",330125,Fairfield,2017-12-11 02:48:02.227753
2015-04-28,21:00,57.5,57.4,36.6,45.5,0.0,SE@6.0,7.1,52.5,0.0,0,"Fairfield, Spokane County",330125,Fairfield,2017-12-11 02:48:02.227753
2015-04-28,21:15,57.0,57.0,36.7,46.5,0.0,S@3.8,6.7,52.5,0.0,0,"Fairfield, Spokane County",330125,Fairfield,2017-12-11 02:48:02.227753
2015-04-28,21:30,55.9,55.5,37.2,49.4,0.0,S@5.5,7.4,52.6,0.0,0,"Fairfield, Spokane County",330125,Fairfield,2017-12-11 02:48:02.227753
2015-04-28,21:45,54.3,54.2,37.7,53.3,0.0,S@5.6,8.5,52.7,0.0,0,"Fairfield, Spokane County",330125,Fairfield,2017-12-11 02:48:02.227753
2015-04-28,22:00,55.7,55.9,39.6,54.5,0.0,S@8.3,14.2,52.7,0.0,0,"Fairfield, Spokane County",330125,Fairfield,2017-12-11 02:48:02.227753
2015-04-28,22:15,56.5,56.5,41.9,58.0,0.0,S@9.7,14.2,52.8,0.0,0,"Fairfield, Spokane County",330125,Fairfield,2017-12-11 02:48:02.227753
2015-04-28,22:30,56.2,56.2,42.9,60.7,0.0,S@9.5,15.3,52.8,0.0,0,"Fairfield, Spokane County",330125,Fairfield,2017-12-11 02:48:02.227753
2015-04-28,22:45,55.5,55.5,43.5,63.9,0.0,S@9.1,15.0,52.9,0.0,0,"Fairfield, Spokane County",330125,Fairfield,2017-12-11 02:48:02.227753
2015-04-28,23:00,55.6,55.5,43.8,64.6,0.0,S@10.9,15.0,52.9,0.0,0,"Fairfield, Spokane County",330125,Fairfield,2017-12-11 02:48:02.227753
2015-04-29,23:15,55.0,54.9,43.9,66.0,0.0,S@9.5,15.0,53.0,0.0,0,"Fairfield, Spokane County",330125,Fairfield,2017-12-11 02:48:02.227753
2015-04-29,23:30,54.5,54.4,43.8,67.0,0.0,S@10.2,16.4,53.0,0.0,0,"Fairfield, Spokane County",330125,Fairfield,2017-12-11 02:48:02.227753
2015-04-29,23:45,54.3,54.3,43.7,67.2,0.0,S@9.9,15.0,53.0,0.0,0,"Fairfield, Spokane County",330125,Fairfield,2017-12-11 02:48:02.227753
2015-04-29,24:00,54.3,54.2,43.5,66.8,0.0,S@10.6,18.9,53.0,0.0,0,"Fairfield, Spokane County",330125,Fairfield,2017-12-11 02:48:02.227753
2015-04-29,00:15,53.8,53.7,42.7,65.9,0.0,S@11.6,18.5,53.1,0.0,0,"Fairfield, Spokane County",330125,Fairfield,2017-12-11 02:48:02.227753
2015-04-29,00:30,53.0,53.0,41.8,65.5,0.0,SW@9.8,15.7,53.1,0.0,0,"Fairfield, Spokane County",330125,Fairfield,2017-12-11 02:48:02.227753
2015-04-29,00:45,52.6,52.6,41.6,65.8,0.0,S@11.5,20.0,53.1,0.0,0,"Fairfield, Spokane County",330125,Fairfield,2017-12-11 02:48:02.227753
2015-04-29,01:00,53.0,53.0,41.8,65.6,0.0,S@12.4,18.5,53.1,0.0,0,"Fairfield, Spokane County",330125,Fairfield,2017-12-11 02:48:02.227753
2015-04-29,01:15,53.0,52.9,42.2,66.7,0.0,SW@12.1,20.7,53.1,0.0,0,"Fairfield, Spokane County",330125,Fairfield,2017-12-11 02:48:02.227753
2015-04-29,01:30,52.3,52.2,40.8,64.7,0.0,SW@13.1,20.0,53.1,0.0,0,"Fairfield, Spokane County",330125,Fairfield,2017-12-11 02:48:02.227753
2015-04-29,01:45,50.4,50.2,40.9,69.5,0.0,SW@13.2,21.4,53.1,0.0,0,"Fairfield, Spokane County",330125,Fairfield,2017-12-11 02:48:02.227753
2015-04-29,02:00,47.9,47.7,41.3,77.6,0.21,S@11.4,17.5,53.1,0.0,0,"Fairfield, Spokane County",330125,Fairfield,2017-12-11 02:48:02.227753
2015-04-29,02:15,46.8,46.6,43.0,86.7,0.75,S@10.3,16.7,53.1,0.0,0,"Fairfield, Spokane County",330125,Fairfield,2017-12-11 02:48:02.227753
2015-04-29,02:30,46.4,46.3,44.0,91.1,0.84,SW@9.2,15.0,53.1,0.03,0,"Fairfield, Spokane County",330125,Fairfield,2017-12-11 02:48:02.227753
2015-04-29,02:45,46.4,46.4,44.6,93.4,0.88,SW@9.8,16.0,53.1,0.03,0,"Fairfield, Spokane County",330125,Fairfield,2017-12-11 02:48:02.227753
2015-04-29,03:00,46.6,46.5,44.8,93.4,0.89,SW@9.7,16.7,53.1,0.0,0,"Fairfield, Spokane County",330125,Fairfield,2017-12-11 02:48:02.227753
2015-04-29,03:15,46.4,46.3,44.6,93.5,0.91,S@10.2,16.7,53.1,0.0,0,"Fairfield, Spokane County",330125,Fairfield,2017-12-11 02:48:02.227753
2015-04-29,03:30,46.0,45.9,44.1,93.0,0.92,S@11.1,18.5,53.1,0.0,0,"Fairfield, Spokane County",330125,Fairfield,2017-12-11 02:48:02.227753
2015-04-29,03:45,45.7,45.6,43.7,92.6,0.93,S@12.0,19.2,53.0,0.0,0,"Fairfield, Spokane County",330125,Fairfield,2017-12-11 02:48:02.227753
2015-04-29,04:00,45.3,45.2,43.5,93.2,0.94,S@10.4,17.1,53.0,0.0,0,"Fairfield, Spokane County",330125,Fairfield,2017-12-11 02:48:02.227753
2015-04-29,04:15,45.1,45.0,43.3,93.6,0.94,S@9.9,15.7,53.0,0.0,0,"Fairfield, Spokane County",330125,Fairfield,2017-12-11 02:48:02.227753
2015-04-29,04:30,45.0,44.9,43.4,94.2,0.94,S@9.2,15.7,53.0,0.0,0,"Fairfield, Spokane County",330125,Fairfield,2017-12-11 02:48:02.227753
2015-04-29,04:45,44.9,44.8,43.2,93.8,0.94,S@10.2,18.5,53.0,0.0,2,"Fairfield, Spokane County",330125,Fairfield,2017-12-11 02:48:02.227753
2015-04-29,05:00,44.5,44.4,42.6,92.9,0.94,SW@10.4,16.0,52.9,0.0,3,"Fairfield, Spokane County",330125,Fairfield,2017-12-11 02:48:02.227753
2015-04-29,05:15,43.9,43.8,41.7,91.7,0.94,S@12.6,20.7,52.9,0.0,9,"Fairfield, Spokane County",330125,Fairfield,2017-12-11 02:48:02.227753
2015-04-29,05:30,43.5,43.4,41.2,91.6,0.94,S@11.7,18.5,52.9,0.0,14,"Fairfield, Spokane County",330125,Fairfield,2017-12-11 02:48:02.227753
2015-04-29,05:45,43.2,43.0,40.6,90.7,0.93,S@12.1,17.8,52.9,0.0,66,"Fairfield, Spokane County",330125,Fairfield,2017-12-11 02:48:02.227753
2015-04-29,06:00,43.2,42.9,40.6,90.5,0.93,S@10.4,15.0,52.9,0.0,95,"Fairfield, Spokane County",330125,Fairfield,2017-12-11 02:48:02.227753
2015-04-29,06:15,42.6,42.4,40.2,91.0,0.94,S@11.9,17.5,52.8,0.0,118,"Fairfield, Spokane County",330125,Fairfield,2017-12-11 02:48:02.227753
2015-04-29,06:30,43.1,42.9,40.1,89.1,0.92,S@12.6,21.4,52.8,0.0,186,"Fairfield, Spokane County",330125,Fairfield,2017-12-11 02:48:02.227753
2015-04-29,06:45,44.0,43.7,39.6,84.3,0.89,SW@12.0,19.2,52.8,0.0,302,"Fairfield, Spokane County",330125,Fairfield,2017-12-11 02:48:02.227753
2015-04-29,07:00,44.3,44.0,39.4,83.0,0.88,SW@13.5,21.8,52.7,0.0,348,"Fairfield, Spokane County",330125,Fairfield,2017-12-11 02:48:02.227753
2015-04-29,07:15,45.0,44.8,39.2,79.9,0.87,SW@11.6,18.9,52.7,0.0,398,"Fairfield, Spokane County",330125,Fairfield,2017-12-11 02:48:02.227753
2015-04-29,07:30,45.7,45.4,39.6,79.1,0.86,S@12.4,22.1,52.7,0.0,449,"Fairfield, Spokane County",330125,Fairfield,2017-12-11 02:48:02.227753
2015-04-29,07:45,46.5,46.2,40.0,77.8,0.86,SW@13.0,18.5,52.6,0.0,527,"Fairfield, Spokane County",330125,Fairfield,2017-12-11 02:48:02.227753
2015-04-29,08:00,46.9,46.6,39.7,76.0,0.84,SW@12.6,19.2,52.6,0.0,478,"Fairfield, Spokane County",330125,Fairfield,2017-12-11 02:48:02.227753
2015-04-29,08:15,48.0,47.9,39.9,73.3,0.81,SW@12.7,19.6,52.6,0.0,652,"Fairfield, Spokane County",330125,Fairfield,2017-12-11 02:48:02.227753
2015-04-29,08:30,49.4,49.1,39.9,69.5,0.76,S@13.0,20.0,52.5,0.0,682,"Fairfield, Spokane County",330125,Fairfield,2017-12-11 02:48:02.227753
2015-04-29,08:45,49.8,49.5,39.6,67.6,0.69,SW@13.3,19.2,52.5,0.0,709,"Fairfield, Spokane County",330125,Fairfield,2017-12-11 02:48:02.227753
2015-04-29,09:00,49.9,49.5,39.8,68.1,0.55,SW@13.9,19.6,52.4,0.0,635,"Fairfield, Spokane County",330125,Fairfield,2017-12-11 02:48:02.227753
2015-04-29,09:15,49.2,48.9,39.3,68.7,0.29,SW@13.1,20.7,52.4,0.0,469,"Fairfield, Spokane County",330125,Fairfield,2017-12-11 02:48:02.227753
2015-04-29,09:30,48.3,48.0,38.2,68.0,0.17,SW@13.4,21.0,52.4,0.0,475,"Fairfield, Spokane County",330125,Fairfield,2017-12-11 02:48:02.227753
2015-04-29,09:45,48.5,48.2,37.5,65.7,0.11,SW@14.2,22.1,52.3,0.0,498,"Fairfield, Spokane County",330125,Fairfield,2017-12-11 02:48:02.227753
2015-04-29,10:00,47.9,47.7,37.4,66.7,0.11,S@12.8,18.9,52.3,0.0,418,"Fairfield, Spokane County",330125,Fairfield,2017-12-11 02:48:02.227753
2015-04-29,10:15,48.3,48.0,37.9,67.1,0.13,SW@12.3,17.8,52.2,0.0,402,"Fairfield, Spokane County",330125,Fairfield,2017-12-11 02:48:02.227753
2015-04-29,10:30,47.8,47.6,38.0,68.4,0.15,S@13.1,20.0,52.2,0.0,395,"Fairfield, Spokane County",330125,Fairfield,2017-12-11 02:48:02.227753
2015-04-29,10:45,48.3,48.2,37.6,66.1,0.09,S@10.9,16.0,52.2,0.0,474,"Fairfield, Spokane County",330125,Fairfield,2017-12-11 02:48:02.227753
2015-04-29,11:00,50.5,50.3,38.8,64.0,0.03,SW@11.2,18.9,52.1,0.0,726,"Fairfield, Spokane County",330125,Fairfield,2017-12-11 02:48:02.227753
2015-04-29,11:15,50.8,50.5,38.6,62.6,0.01,S@11.5,16.4,52.1,0.0,539,"Fairfield, Spokane County",330125,Fairfield,2017-12-11 02:48:02.227753
2015-04-29,11:30,50.5,50.3,38.0,62.0,0.0,S@11.8,21.8,52.1,0.0,447,"Fairfield, Spokane County",330125,Fairfield,2017-12-11 02:48:02.227753
2015-04-29,11:45,51.1,50.9,38.2,61.1,0.0,S@11.9,17.5,52.1,0.0,526,"Fairfield, Spokane County",330125,Fairfield,2017-12-11 02:48:02.227753
2015-04-29,12:00,52.3,52.1,37.4,56.8,0.0,S@13.3,19.6,52.0,0.0,641,"Fairfield, Spokane County",330125,Fairfield,2017-12-11 02:48:02.227753
2015-04-29,12:15,53.3,53.0,37.5,54.9,0.0,S@13.1,18.5,52.0,0.0,666,"Fairfield, Spokane County",330125,Fairfield,2017-12-11 02:48:02.227753
2015-04-29,12:30,53.3,53.1,36.9,53.7,0.0,S@11.9,18.2,52.0,0.0,574,"Fairfield, Spokane County",330125,Fairfield,2017-12-11 02:48:02.227753
2015-04-29,12:45,53.1,52.7,35.8,51.7,0.0,S@12.8,21.8,52.0,0.0,445,"Fairfield, Spokane County",330125,Fairfield,2017-12-11 02:48:02.227753
2015-04-29,13:00,52.8,52.6,35.9,52.4,0.0,S@13.0,23.9,52.0,0.0,439,"Fairfield, Spokane County",330125,Fairfield,2017-12-11 02:48:02.227753
2015-04-29,13:15,53.5,53.4,35.9,51.1,0.0,SW@12.1,18.9,51.9,0.0,561,"Fairfield, Spokane County",330125,Fairfield,2017-12-11 02:48:02.227753
2015-04-29,13:30,54.9,54.5,35.9,48.6,0.0,S@12.9,19.6,51.9,0.0,661,"Fairfield, Spokane County",330125,Fairfield,2017-12-11 02:48:02.227753
2015-04-29,13:45,54.9,54.6,35.4,47.6,0.0,S@12.0,22.5,51.9,0.0,595,"Fairfield, Spokane County",330125,Fairfield,2017-12-11 02:48:02.227753
2015-04-29,14:00,55.0,54.7,35.0,46.6,0.0,SW@12.6,20.0,51.9,0.0,545,"Fairfield, Spokane County",330125,Fairfield,2017-12-11 02:48:02.227753
2015-04-29,14:15,55.0,54.8,34.1,45.1,0.0,SW@11.4,19.2,51.9,0.0,485,"Fairfield, Spokane County",330125,Fairfield,2017-12-11 02:48:02.227753
2015-04-29,14:30,55.6,55.5,33.7,43.4,0.0,SW@10.6,15.3,51.9,0.0,534,"Fairfield, Spokane County",330125,Fairfield,2017-12-11 02:48:02.227753
2015-04-29,14:45,56.7,56.4,33.5,41.3,0.0,SW@11.6,18.5,51.9,0.0,614,"Fairfield, Spokane County",330125,Fairfield,2017-12-11 02:48:02.227753
2015-04-29,15:00,56.7,56.4,33.3,41.1,0.0,SW@12.0,17.8,51.9,0.0,589,"Fairfield, Spokane County",330125,Fairfield,2017-12-11 02:48:02.227753
2015-04-29,15:15,56.9,56.6,33.1,40.4,0.0,SW@12.1,19.2,51.9,0.0,612,"Fairfield, Spokane County",330125,Fairfield,2017-12-11 02:48:02.227753
2015-04-29,15:30,57.2,56.9,32.8,39.4,0.0,SW@12.7,19.6,51.9,0.0,597,"Fairfield, Spokane County",330125,Fairfield,2017-12-11 02:48:02.227753
2015-04-29,15:45,57.5,57.2,32.4,38.3,0.0,SW@12.5,22.5,51.9,0.0,518,"Fairfield, Spokane County",330125,Fairfield,2017-12-11 02:48:02.227753
2015-04-29,16:00,56.4,56.1,31.7,38.9,0.0,SW@10.5,19.2,51.9,0.0,317,"Fairfield, Spokane County",330125,Fairfield,2017-12-11 02:48:02.227753
2015-04-29,16:15,56.4,56.2,31.7,38.8,0.0,SW@10.2,15.3,51.9,0.0,281,"Fairfield, Spokane County",330125,Fairfield,2017-12-11 02:48:02.227753
2015-04-29,16:30,55.2,55.0,29.9,37.7,0.0,SW@11.1,16.4,51.9,0.0,210,"Fairfield, Spokane County",330125,Fairfield,2017-12-11 02:48:02.227753
2015-04-29,16:45,55.9,55.8,29.4,36.0,0.0,SW@11.4,16.7,51.9,0.0,360,"Fairfield, Spokane County",330125,Fairfield,2017-12-11 02:48:02.227753
2015-04-29,17:00,56.9,56.6,29.5,35.0,0.0,SW@10.5,16.7,51.9,0.0,350,"Fairfield, Spokane County",330125,Fairfield,2017-12-11 02:48:02.227753
2015-04-29,17:15,56.5,56.2,29.8,35.8,0.0,SW@10.0,14.6,51.9,0.0,264,"Fairfield, Spokane County",330125,Fairfield,2017-12-11 02:48:02.227753
2015-04-29,17:30,56.2,55.9,28.6,34.5,0.0,SW@10.1,16.0,51.9,0.0,214,"Fairfield, Spokane County",330125,Fairfield,2017-12-11 02:48:02.227753
2015-04-29,17:45,56.0,55.7,29.1,35.5,0.0,SW@8.6,13.5,51.9,0.0,172,"Fairfield, Spokane County",330125,Fairfield,2017-12-11 02:48:02.227753
2015-04-29,18:00,55.6,55.4,29.0,35.8,0.0,SW@9.0,13.9,51.9,0.0,133,"Fairfield, Spokane County",330125,Fairfield,2017-12-11 02:48:02.227753
2015-04-29,18:15,55.0,54.8,29.5,37.4,0.0,SW@6.4,12.4,51.9,0.0,96,"Fairfield, Spokane County",330125,Fairfield,2017-12-11 02:48:02.227753
2015-04-29,18:30,53.7,53.5,30.0,40.0,0.0,SW@5.2,7.8,52.0,0.0,59,"Fairfield, Spokane County",330125,Fairfield,2017-12-11 02:48:02.227753
2015-04-29,18:45,52.5,52.3,29.5,41.1,0.0,S@6.9,12.8,52.0,0.0,30,"Fairfield, Spokane County",330125,Fairfield,2017-12-11 02:48:02.227753
2015-04-29,19:00,51.3,51.1,29.8,43.2,0.0,S@7.7,12.4,52.0,0.0,10,"Fairfield, Spokane County",330125,Fairfield,2017-12-11 02:48:02.227753
2015-04-29,19:15,49.9,49.8,30.0,46.0,0.0,S@6.7,13.2,52.0,0.0,2,"Fairfield, Spokane County",330125,Fairfield,2017-12-11 02:48:02.227753
2015-04-29,19:30,49.7,49.6,30.3,47.1,0.0,S@9.0,13.5,52.1,0.0,0,"Fairfield, Spokane County",330125,Fairfield,2017-12-11 02:48:02.227753
2015-04-29,19:45,48.2,48.0,31.1,51.3,0.0,S@7.7,12.1,52.1,0.0,0,"Fairfield, Spokane County",330125,Fairfield,2017-12-11 02:48:02.227753
2015-04-29,20:00,47.4,47.2,31.4,53.7,0.0,S@8.6,12.4,52.1,0.0,0,"Fairfield, Spokane County",330125,Fairfield,2017-12-11 02:48:02.227753
2015-04-29,20:15,47.0,46.8,31.1,53.8,0.0,S@8.3,12.8,52.1,0.0,0,"Fairfield, Spokane County",330125,Fairfield,2017-12-11 02:48:02.227753
2015-04-29,20:30,46.4,46.3,30.7,54.1,0.0,S@8.0,11.7,52.1,0.0,0,"Fairfield, Spokane County",330125,Fairfield,2017-12-11 02:48:02.227753
2015-04-29,20:45,46.1,45.9,30.5,54.2,0.0,S@8.3,12.4,52.1,0.0,0,"Fairfield, Spokane County",330125,Fairfield,2017-12-11 02:48:02.227753
2015-04-29,21:00,45.8,45.6,30.3,54.6,0.0,S@8.3,12.4,52.1,0.0,0,"Fairfield, Spokane County",330125,Fairfield,2017-12-11 02:48:02.227753
2015-04-29,21:15,44.9,44.8,30.3,56.3,0.0,S@7.6,12.4,52.1,0.0,0,"Fairfield, Spokane County",330125,Fairfield,2017-12-11 02:48:02.227753
2015-04-29,21:30,44.5,44.3,30.3,57.2,0.0,S@7.9,11.7,52.1,0.0,0,"Fairfield, Spokane County",330125,Fairfield,2017-12-11 02:48:02.227753
2015-04-29,21:45,42.6,42.3,30.1,61.0,0.03,S@7.5,9.6,52.1,0.0,0,"Fairfield, Spokane County",330125,Fairfield,2017-12-11 02:48:02.227753
2015-04-29,22:00,41.2,41.0,29.9,63.8,0.08,SE@7.4,9.9,52.2,0.0,0,"Fairfield, Spokane County",330125,Fairfield,2017-12-11 02:48:02.227753
2015-04-29,22:15,40.8,40.7,29.8,64.5,0.09,SE@7.2,9.9,52.2,0.0,0,"Fairfield, Spokane County",330125,Fairfield,2017-12-11 02:48:02.227753
2015-04-29,22:30,40.4,40.3,29.7,65.2,0.11,SE@6.9,8.9,52.2,0.0,0,"Fairfield, Spokane County",330125,Fairfield,2017-12-11 02:48:02.227753
2015-04-29,22:45,39.9,39.8,29.6,66.3,0.14,SE@6.9,8.9,52.2,0.0,0,"Fairfield, Spokane County",330125,Fairfield,2017-12-11 02:48:02.227753
2015-04-29,23:00,39.5,39.4,29.5,67.2,0.17,SE@6.9,8.9,52.2,0.0,0,"Fairfield, Spokane County",330125,Fairfield,2017-12-11 02:48:02.227753
2015-04-30,23:15,39.3,39.3,29.4,67.2,0.17,SE@6.9,8.9,52.1,0.0,0,"Fairfield, Spokane County",330125,Fairfield,2017-12-11 02:48:02.227753
2015-04-30,23:30,39.0,38.8,29.3,67.7,0.2,SE@6.7,8.9,52.1,0.0,0,"Fairfield, Spokane County",330125,Fairfield,2017-12-11 02:48:02.227753
2015-04-30,23:45,38.6,38.5,29.3,68.8,0.25,SE@6.7,8.9,52.1,0.0,0,"Fairfield, Spokane County",330125,Fairfield,2017-12-11 02:48:02.227753
2015-04-30,24:00,38.2,38.1,29.1,69.6,0.28,SE@6.7,9.2,52.1,0.0,0,"Fairfield, Spokane County",330125,Fairfield,2017-12-11 02:48:02.227753
2015-04-30,00:15,38.1,38.0,29.0,69.4,0.29,SE@6.1,8.5,52.1,0.0,0,"Fairfield, Spokane County",330125,Fairfield,2017-12-11 02:48:02.227753
2015-04-30,00:30,37.5,37.3,28.7,70.2,0.36,SE@6.4,7.8,52.1,0.0,0,"Fairfield, Spokane County",330125,Fairfield,2017-12-11 02:48:02.227753
2015-04-30,00:45,36.8,36.8,28.5,71.6,0.39,SE@7.1,9.6,52.0,0.0,0,"Fairfield, Spokane County",330125,Fairfield,2017-12-11 02:48:02.227753
2015-04-30,01:00,37.3,37.2,28.4,69.9,0.32,SE@6.7,9.6,52.0,0.0,0,"Fairfield, Spokane County",330125,Fairfield,2017-12-11 02:48:02.227753
2015-04-30,01:15,37.2,37.2,28.1,69.3,0.31,SE@6.1,8.5,52.0,0.0,0,"Fairfield, Spokane County",330125,Fairfield,2017-12-11 02:48:02.227753
2015-04-30,01:30,36.8,36.7,28.0,70.0,0.35,SE@5.6,7.8,52.0,0.0,0,"Fairfield, Spokane County",330125,Fairfield,2017-12-11 02:48:02.227753
2015-04-30,01:45,36.4,36.2,27.6,70.2,0.42,SE@5.2,7.4,51.9,0.0,0,"Fairfield, Spokane County",330125,Fairfield,2017-12-11 02:48:02.227753
2015-04-30,02:00,35.9,35.8,27.3,70.7,0.41,SE@5.0,8.2,51.9,0.0,0,"Fairfield, Spokane County",330125,Fairfield,2017-12-11 02:48:02.227753
2015-04-30,02:15,36.2,36.0,27.2,69.7,0.35,SE@5.6,7.1,51.8,0.0,0,"Fairfield, Spokane County",330125,Fairfield,2017-12-11 02:48:02.227753
2015-04-30,02:30,35.5,35.4,27.1,71.2,0.42,SE@5.8,7.8,51.8,0.0,0,"Fairfield, Spokane County",330125,Fairfield,2017-12-11 02:48:02.227753
2015-04-30,02:45,35.3,35.2,27.1,71.8,0.41,SE@6.3,8.2,51.8,0.0,0,"Fairfield, Spokane County",330125,Fairfield,2017-12-11 02:48:02.227753
2015-04-30,03:00,35.2,35.1,27.2,72.2,0.45,SE@5.7,8.5,51.7,0.0,0,"Fairfield, Spokane County",330125,Fairfield,2017-12-11 02:48:02.227753
2015-04-30,03:15,34.7,34.7,27.2,73.6,0.57,SE@5.7,9.6,51.7,0.0,0,"Fairfield, Spokane County",330125,Fairfield,2017-12-11 02:48:02.227753
2015-04-30,03:30,34.6,34.5,27.4,74.6,0.58,SE@6.6,9.2,51.6,0.0,0,"Fairfield, Spokane County",330125,Fairfield,2017-12-11 02:48:02.227753
2015-04-30,03:45,33.7,33.6,27.4,77.4,0.72,S@6.1,8.5,51.6,0.0,0,"Fairfield, Spokane County",330125,Fairfield,2017-12-11 02:48:02.227753
2015-04-30,04:00,34.2,34.1,27.9,77.4,0.7,S@7.5,10.7,51.5,0.0,0,"Fairfield, Spokane County",330125,Fairfield,2017-12-11 02:48:02.227753
2015-04-30,04:15,34.2,34.1,28.0,77.9,0.72,SE@7.1,11.4,51.5,0.0,0,"Fairfield, Spokane County",330125,Fairfield,2017-12-11 02:48:02.227753
2015-04-30,04:30,33.8,33.6,28.0,79.1,0.76,SE@6.5,8.5,51.4,0.0,2,"Fairfield, Spokane County",330125,Fairfield,2017-12-11 02:48:02.227753
2015-04-30,04:45,34.0,33.9,28.4,79.8,0.77,S@6.8,8.5,51.4,0.0,7,"Fairfield, Spokane County",330125,Fairfield,2017-12-11 02:48:02.227753
2015-04-30,05:00,34.5,34.4,28.9,79.6,0.73,S@7.6,9.6,51.3,0.0,22,"Fairfield, Spokane County",330125,Fairfield,2017-12-11 02:48:02.227753
2015-04-30,05:15,34.9,34.8,29.0,78.8,0.64,SE@7.4,9.9,51.3,0.0,48,"Fairfield, Spokane County",330125,Fairfield,2017-12-11 02:48:02.227753
2015-04-30,05:30,35.3,35.1,29.3,78.6,0.56,SE@8.1,10.3,51.2,0.0,79,"Fairfield, Spokane County",330125,Fairfield,2017-12-11 02:48:02.227753
2015-04-30,05:45,36.3,36.2,30.1,77.9,0.45,S@6.1,8.2,51.2,0.0,116,"Fairfield, Spokane County",330125,Fairfield,2017-12-11 02:48:02.227753
2015-04-30,06:00,37.6,37.5,30.6,75.6,0.31,S@7.0,9.9,51.1,0.0,156,"Fairfield, Spokane County",330125,Fairfield,2017-12-11 02:48:02.227753
2015-04-30,06:15,39.2,39.0,31.6,74.0,0.21,S@7.9,11.4,51.0,0.0,197,"Fairfield, Spokane County",330125,Fairfield,2017-12-11 02:48:02.227753
2015-04-30,06:30,40.6,40.4,32.6,72.9,0.14,S@7.3,10.3,51.0,0.0,239,"Fairfield, Spokane County",330125,Fairfield,2017-12-11 02:48:02.227753
2015-04-30,06:45,42.4,42.3,33.5,70.6,0.1,S@9.5,14.6,50.9,0.0,280,"Fairfield, Spokane County",330125,Fairfield,2017-12-11 02:48:02.227753
2015-04-30,07:00,43.4,43.2,33.9,68.8,0.08,S@11.3,15.7,50.8,0.0,324,"Fairfield, Spokane County",330125,Fairfield,2017-12-11 02:48:02.227753
2015-04-30,07:15,44.2,44.0,34.4,68.2,0.07,S@11.6,16.0,50.8,0.0,366,"Fairfield, Spokane County",330125,Fairfield,2017-12-11 02:48:02.227753
2015-04-30,07:30,45.4,45.2,35.1,67.1,0.03,S@10.9,15.3,50.7,0.0,415,"Fairfield, Spokane County",330125,Fairfield,2017-12-11 02:48:02.227753
2015-04-30,07:45,46.7,46.5,35.6,65.1,0.0,S@10.3,14.6,50.6,0.0,461,"Fairfield, Spokane County",330125,Fairfield,2017-12-11 02:48:02.227753
2015-04-30,08:00,48.0,47.8,36.1,63.1,0.0,S@9.4,13.9,50.6,0.0,500,"Fairfield, Spokane County",330125,Fairfield,2017-12-11 02:48:02.227753
2015-04-30,08:15,48.4,48.1,35.6,60.9,0.0,SW@11.3,15.7,50.5,0.0,540,"Fairfield, Spokane County",330125,Fairfield,2017-12-11 02:48:02.227753
2015-04-30,08:30,49.3,49.0,36.0,59.8,0.0,SW@10.9,17.1,50.4,0.0,580,"Fairfield, Spokane County",330125,Fairfield,2017-12-11 02:48:02.227753
2015-04-30,08:45,50.0,49.8,36.5,59.4,0.0,SW@9.5,13.9,50.4,0.0,618,"Fairfield, Spokane County",330125,Fairfield,2017-12-11 02:48:02.227753
2015-04-30,09:00,50.9,50.6,36.0,56.6,0.0,SW@9.9,13.5,50.3,0.0,650,"Fairfield, Spokane County",330125,Fairfield,2017-12-11 02:48:02.227753
2015-04-30,09:15,51.0,50.7,35.7,55.5,0.0,SW@8.9,13.5,50.3,0.0,685,"Fairfield, Spokane County",330125,Fairfield,2017-12-11 02:48:02.227753
2015-04-30,09:30,52.0,51.8,35.2,52.5,0.0,SW@10.1,15.3,50.2,0.0,714,"Fairfield, Spokane County",330125,Fairfield,2017-12-11 02:48:02.227753
2015-04-30,09:45,52.8,52.5,35.1,51.0,0.0,SW@11.0,16.7,50.1,0.0,734,"Fairfield, Spokane County",330125,Fairfield,2017-12-11 02:48:02.227753
2015-04-30,10:00,53.1,52.8,35.3,50.5,0.0,SW@11.9,18.2,50.1,0.0,766,"Fairfield, Spokane County",330125,Fairfield,2017-12-11 02:48:02.227753
2015-04-30,10:15,52.9,52.7,35.6,51.5,0.0,SW@11.9,19.2,50.0,0.0,764,"Fairfield, Spokane County",330125,Fairfield,2017-12-11 02:48:02.227753
2015-04-30,10:30,53.2,52.9,35.7,51.3,0.0,SW@10.9,17.8,50.0,0.0,660,"Fairfield, Spokane County",330125,Fairfield,2017-12-11 02:48:02.227753
2015-04-30,10:45,54.2,53.9,36.5,51.0,0.0,SW@10.7,17.8,49.9,0.0,645,"Fairfield, Spokane County",330125,Fairfield,2017-12-11 02:48:02.227753
2015-04-30,11:00,53.8,53.6,36.2,51.2,0.0,SW@11.7,16.7,49.9,0.0,639,"Fairfield, Spokane County",330125,Fairfield,2017-12-11 02:48:02.227753
2015-04-30,11:15,54.7,54.5,36.5,49.9,0.0,SW@10.5,17.8,49.8,0.0,522,"Fairfield, Spokane County",330125,Fairfield,2017-12-11 02:48:02.227753
2015-04-30,11:30,55.2,55.0,36.5,49.2,0.0,S@11.8,19.6,49.8,0.0,820,"Fairfield, Spokane County",330125,Fairfield,2017-12-11 02:48:02.227753
2015-04-30,11:45,56.5,56.3,37.6,48.9,0.0,S@11.5,17.1,49.7,0.0,873,"Fairfield, Spokane County",330125,Fairfield,2017-12-11 02:48:02.227753
2015-04-30,12:00,55.6,55.2,36.4,48.2,0.0,SW@11.3,18.2,49.7,0.0,490,"Fairfield, Spokane County",330125,Fairfield,2017-12-11 02:48:02.227753
2015-04-30,12:15,56.3,56.2,36.1,46.6,0.0,SW@10.2,16.0,49.7,0.0,790,"Fairfield, Spokane County",330125,Fairfield,2017-12-11 02:48:02.227753
2015-04-30,12:30,56.9,56.7,36.4,46.0,0.0,SW@9.9,15.3,49.7,0.0,774,"Fairfield, Spokane County",330125,Fairfield,2017-12-11 02:48:02.227753
2015-04-30,12:45,57.3,57.1,36.3,45.2,0.0,SW@10.0,16.7,49.6,0.0,642,"Fairfield, Spokane County",330125,Fairfield,2017-12-11 02:48:02.227753
2015-04-30,13:00,57.1,56.8,35.8,44.7,0.0,SW@11.1,16.0,49.6,0.0,554,"Fairfield, Spokane County",330125,Fairfield,2017-12-11 02:48:02.227753
2015-04-30,13:15,58.8,58.6,36.8,43.7,0.0,SW@10.2,17.8,49.6,0.0,829,"Fairfield, Spokane County",330125,Fairfield,2017-12-11 02:48:02.227753
2015-04-30,13:30,59.0,58.7,36.8,43.3,0.0,SW@11.2,17.1,49.6,0.0,786,"Fairfield, Spokane County",330125,Fairfield,2017-12-11 02:48:02.227753
2015-04-30,13:45,59.0,58.7,36.9,43.6,0.0,SW@10.1,16.7,49.6,0.0,754,"Fairfield, Spokane County",330125,Fairfield,2017-12-11 02:48:02.227753
2015-04-30,14:00,59.2,59.0,36.9,43.2,0.0,SW@9.7,17.1,49.6,0.0,708,"Fairfield, Spokane County",330125,Fairfield,2017-12-11 02:48:02.227753
2015-04-30,14:15,59.6,59.4,36.6,42.2,0.0,SW@9.3,16.0,49.6,0.0,690,"Fairfield, Spokane County",330125,Fairfield,2017-12-11 02:48:02.227753
2015-04-30,14:30,59.8,59.4,36.3,41.5,0.0,SW@8.8,16.7,49.6,0.0,663,"Fairfield, Spokane County",330125,Fairfield,2017-12-11 02:48:02.227753
2015-04-30,14:45,60.3,60.0,36.2,40.5,0.0,SW@9.7,17.1,49.7,0.0,635,"Fairfield, Spokane County",330125,Fairfield,2017-12-11 02:48:02.227753
2015-04-30,15:00,60.4,60.1,35.6,39.4,0.0,SW@9.9,15.0,49.7,0.0,602,"Fairfield, Spokane County",330125,Fairfield,2017-12-11 02:48:02.227753
2015-04-30,15:15,60.5,60.2,35.2,38.6,0.0,SW@9.8,14.6,49.7,0.0,567,"Fairfield, Spokane County",330125,Fairfield,2017-12-11 02:48:02.227753
2015-04-30,15:30,60.5,60.2,36.0,39.9,0.0,SW@9.5,15.7,49.7,0.0,527,"Fairfield, Spokane County",330125,Fairfield,2017-12-11 02:48:02.227753
2015-04-30,15:45,61.0,60.7,36.4,39.8,0.0,SW@9.5,15.3,49.8,0.0,487,"Fairfield, Spokane County",330125,Fairfield,2017-12-11 02:48:02.227753
2015-04-30,16:00,60.8,60.5,35.3,38.4,0.0,SW@9.6,13.9,49.8,0.0,445,"Fairfield, Spokane County",330125,Fairfield,2017-12-11 02:48:02.227753
2015-04-30,16:15,60.8,60.6,36.1,39.5,0.0,SW@9.2,13.2,49.9,0.0,401,"Fairfield, Spokane County",330125,Fairfield,2017-12-11 02:48:02.227753
2015-04-30,16:30,60.8,60.5,36.0,39.4,0.0,SW@8.1,13.2,49.9,0.0,356,"Fairfield, Spokane County",330125,Fairfield,2017-12-11 02:48:02.227753
2015-04-30,16:45,60.5,60.2,35.4,39.0,0.0,SW@8.4,12.4,49.9,0.0,315,"Fairfield, Spokane County",330125,Fairfield,2017-12-11 02:48:02.227753
2015-04-30,17:00,60.6,60.4,35.3,38.5,0.0,SW@7.8,12.1,50.0,0.0,275,"Fairfield, Spokane County",330125,Fairfield,2017-12-11 02:48:02.227753
2015-04-30,17:15,60.3,60.1,34.7,38.1,0.0,SW@7.3,11.7,50.0,0.0,232,"Fairfield, Spokane County",330125,Fairfield,2017-12-11 02:48:02.227753
2015-04-30,17:30,60.1,59.8,34.9,38.7,0.0,SW@7.0,9.9,50.1,0.0,191,"Fairfield, Spokane County",330125,Fairfield,2017-12-11 02:48:02.227753
2015-04-30,17:45,59.5,59.3,34.4,38.7,0.0,SW@6.8,10.3,50.1,0.0,154,"Fairfield, Spokane County",330125,Fairfield,2017-12-11 02:48:02.227753
2015-04-30,18:00,59.0,58.7,33.8,38.6,0.0,SW@7.1,10.3,50.2,0.0,114,"Fairfield, Spokane County",330125,Fairfield,2017-12-11 02:48:02.227753
2015-04-30,18:15,57.5,57.2,34.0,40.9,0.0,SW@4.8,9.2,50.3,0.0,59,"Fairfield, Spokane County",330125,Fairfield,2017-12-11 02:48:02.227753
2015-04-30,18:30,56.1,55.9,32.9,41.3,0.0,SW@4.8,7.4,50.3,0.0,28,"Fairfield, Spokane County",330125,Fairfield,2017-12-11 02:48:02.227753
2015-04-30,18:45,54.3,53.9,32.4,43.2,0.0,S@3.6,4.6,50.4,0.0,12,"Fairfield, Spokane County",330125,Fairfield,2017-12-11 02:48:02.227753
2015-04-30,19:00,53.3,53.2,31.5,43.2,0.0,S@3.9,4.6,50.5,0.0,5,"Fairfield, Spokane County",330125,Fairfield,2017-12-11 02:48:02.227753
2015-04-30,19:15,52.6,52.4,31.1,43.6,0.0,SE@4.5,5.3,50.5,0.0,2,"Fairfield, Spokane County",330125,Fairfield,2017-12-11 02:48:02.227753
2015-04-30,19:30,50.9,50.9,31.4,46.9,0.0,SE@4.4,5.3,50.6,0.0,0,"Fairfield, Spokane County",330125,Fairfield,2017-12-11 02:48:02.227753
2015-04-30,19:45,49.8,49.6,31.3,48.9,0.0,SE@4.9,5.7,50.7,0.0,0,"Fairfield, Spokane County",330125,Fairfield,2017-12-11 02:48:02.227753
2015-04-30,20:00,49.1,49.0,31.0,49.5,0.0,SE@4.8,6.0,50.7,0.0,0,"Fairfield, Spokane County",330125,Fairfield,2017-12-11 02:48:02.227753
2015-04-30,20:15,48.4,48.4,30.6,50.0,0.0,SE@4.6,5.3,50.8,0.0,0,"Fairfield, Spokane County",330125,Fairfield,2017-12-11 02:48:02.227753
2015-04-30,20:30,47.6,47.6,30.3,50.7,0.0,SE@4.6,5.3,50.8,0.0,0,"Fairfield, Spokane County",330125,Fairfield,2017-12-11 02:48:02.227753
2015-04-30,20:45,47.6,47.4,30.2,50.7,0.0,E@4.9,5.7,50.9,0.0,0,"Fairfield, Spokane County",330125,Fairfield,2017-12-11 02:48:02.227753
2015-04-30,21:00,46.9,47.0,30.2,51.9,0.0,SE@5.0,5.7,50.9,0.0,0,"Fairfield, Spokane County",330125,Fairfield,2017-12-11 02:48:02.227753
2015-04-30,21:15,46.7,46.6,30.4,52.9,0.0,SE@5.1,6.4,51.0,0.0,0,"Fairfield, Spokane County",330125,Fairfield,2017-12-11 02:48:02.227753
2015-04-30,21:30,46.6,46.4,30.6,53.4,0.0,SE@5.0,6.4,51.0,0.0,0,"Fairfield, Spokane County",330125,Fairfield,2017-12-11 02:48:02.227753
2015-04-30,21:45,45.0,44.9,30.4,56.1,0.0,SE@4.1,5.3,51.1,0.0,0,"Fairfield, Spokane County",330125,Fairfield,2017-12-11 02:48:02.227753
2015-04-30,22:00,46.3,46.3,30.3,53.4,0.0,SE@3.7,5.3,51.1,0.0,0,"Fairfield, Spokane County",330125,Fairfield,2017-12-11 02:48:02.227753
2015-04-30,22:15,45.8,45.7,30.3,54.5,0.0,SE@4.8,6.4,51.1,0.0,0,"Fairfield, Spokane County",330125,Fairfield,2017-12-11 02:48:02.227753
2015-04-30,22:30,45.4,45.4,30.5,55.7,0.0,SE@4.7,5.7,51.2,0.0,0,"Fairfield, Spokane County",330125,Fairfield,2017-12-11 02:48:02.227753
2015-04-30,22:45,45.7,45.5,30.6,55.2,0.0,SE@3.5,5.7,51.2,0.0,0,"Fairfield, Spokane County",330125,Fairfield,2017-12-11 02:48:02.227753
2015-04-30,23:00,44.2,43.7,30.8,59.0,0.05,SE@1.7,3.5,51.2,0.0,0,"Fairfield, Spokane County",330125,Fairfield,2017-12-11 02:48:02.227753
2015-05-01,23:15,44.9,44.9,31.0,58.1,0.01,SE@3.1,4.6,51.2,0.0,0,"Fairfield, Spokane County",330125,Fairfield,2017-12-11 02:48:02.227753
2015-05-01,23:30,44.9,44.5,31.0,58.0,0.03,SE@0.6,4.2,51.3,0.0,0,"Fairfield, Spokane County",330125,Fairfield,2017-12-11 02:48:02.227753
2015-05-01,23:45,43.8,43.5,30.9,60.1,0.08,SE@2.0,3.5,51.3,0.0,0,"Fairfield, Spokane County",330125,Fairfield,2017-12-11 02:48:02.227753
2015-05-01,24:00,41.8,41.3,30.6,64.2,0.27,E@0.4,3.9,51.3,0.0,0,"Fairfield, Spokane County",330125,Fairfield,2017-12-11 02:48:02.227753
2015-05-01,00:15,40.6,40.1,30.8,67.7,0.46,N@0.0,0.0,51.3,0.0,0,"Fairfield, Spokane County",330125,Fairfield,2017-12-11 02:48:02.227753
2015-05-01,00:30,40.0,39.7,30.8,69.4,0.34,E@3.8,6.0,51.3,0.0,0,"Fairfield, Spokane County",330125,Fairfield,2017-12-11 02:48:02.227753
2015-05-01,00:45,38.4,38.5,31.3,75.3,0.49,E@4.3,5.7,51.3,0.0,0,"Fairfield, Spokane County",330125,Fairfield,2017-12-11 02:48:02.227753
2015-05-01,01:00,41.2,41.2,31.8,68.9,0.25,SE@3.4,5.3,51.3,0.0,0,"Fairfield, Spokane County",330125,Fairfield,2017-12-11 02:48:02.227753
2015-05-01,01:15,39.6,39.0,31.5,72.6,0.57,N@1.8,4.2,51.3,0.0,0,"Fairfield, Spokane County",330125,Fairfield,2017-12-11 02:48:02.227753
2015-05-01,01:30,39.6,39.5,33.7,79.2,0.67,NE@3.1,5.7,51.3,0.0,0,"Fairfield, Spokane County",330125,Fairfield,2017-12-11 02:48:02.227753
2015-05-01,01:45,40.5,40.4,34.9,80.0,0.7,E@3.6,8.5,51.3,0.0,0,"Fairfield, Spokane County",330125,Fairfield,2017-12-11 02:48:02.227753
2015-05-01,02:00,41.0,40.9,35.7,81.1,0.69,NE@7.4,10.7,51.3,0.0,0,"Fairfield, Spokane County",330125,Fairfield,2017-12-11 02:48:02.227753
2015-05-01,02:15,41.3,41.3,35.6,79.9,0.59,E@9.1,12.4,51.2,0.0,0,"Fairfield, Spokane County",330125,Fairfield,2017-12-11 02:48:02.227753
2015-05-01,02:30,41.6,41.6,35.7,79.4,0.55,E@9.2,12.1,51.2,0.0,0,"Fairfield, Spokane County",330125,Fairfield,2017-12-11 02:48:02.227753
2015-05-01,02:45,41.8,41.8,35.7,78.8,0.5,NE@9.3,12.4,51.2,0.0,0,"Fairfield, Spokane County",330125,Fairfield,2017-12-11 02:48:02.227753
2015-05-01,03:00,42.0,41.9,36.1,79.4,0.56,NE@5.3,8.2,51.2,0.0,0,"Fairfield, Spokane County",330125,Fairfield,2017-12-11 02:48:02.227753
2015-05-01,03:15,42.4,42.3,36.1,78.4,0.49,E@8.6,12.4,51.1,0.0,0,"Fairfield, Spokane County",330125,Fairfield,2017-12-11 02:48:02.227753
2015-05-01,03:30,42.5,42.4,36.3,78.4,0.46,E@8.2,11.7,51.1,0.0,0,"Fairfield, Spokane County",330125,Fairfield,2017-12-11 02:48:02.227753
2015-05-01,03:45,42.8,42.7,36.6,78.5,0.45,E@8.4,11.7,51.1,0.0,0,"Fairfield, Spokane County",330125,Fairfield,2017-12-11 02:48:02.227753
2015-05-01,04:00,43.0,42.9,36.8,78.5,0.45,E@8.9,12.8,51.0,0.0,0,"Fairfield, Spokane County",330125,Fairfield,2017-12-11 02:48:02.227753
2015-05-01,04:15,43.2,43.1,36.9,78.2,0.46,SW@3.8,8.9,51.0,0.0,0,"Fairfield, Spokane County",330125,Fairfield,2017-12-11 02:48:02.227753
2015-05-01,04:30,43.6,43.4,36.6,76.2,0.41,NW@3.2,6.7,51.0,0.0,1,"Fairfield, Spokane County",330125,Fairfield,2017-12-11 02:48:02.227753
2015-05-01,04:45,43.6,43.3,36.7,76.5,0.44,E@3.0,7.4,50.9,0.0,2,"Fairfield, Spokane County",330125,Fairfield,2017-12-11 02:48:02.227753
2015-05-01,05:00,43.3,43.2,37.0,78.3,0.46,E@4.6,9.9,50.9,0.0,8,"Fairfield, Spokane County",330125,Fairfield,2017-12-11 02:48:02.227753
2015-05-01,05:15,44.1,44.1,36.3,73.9,0.25,E@10.9,14.6,50.8,0.0,11,"Fairfield, Spokane County",330125,Fairfield,2017-12-11 02:48:02.227753
2015-05-01,05:30,45.5,45.5,36.0,69.1,0.12,E@8.1,13.5,50.8,0.0,18,"Fairfield, Spokane County",330125,Fairfield,2017-12-11 02:48:02.227753
2015-05-01,05:45,46.0,45.9,36.2,68.4,0.11,NE@3.9,7.8,50.8,0.0,27,"Fairfield, Spokane County",330125,Fairfield,2017-12-11 02:48:02.227753
2015-05-01,06:00,46.1,45.8,36.7,69.6,0.12,NE@4.3,7.4,50.7,0.0,36,"Fairfield, Spokane County",330125,Fairfield,2017-12-11 02:48:02.227753
2015-05-01,06:15,45.8,45.7,37.3,72.0,0.15,E@3.6,6.0,50.7,0.0,39,"Fairfield, Spokane County",330125,Fairfield,2017-12-11 02:48:02.227753
2015-05-01,06:30,46.6,46.5,37.7,70.9,0.12,SE@4.8,8.9,50.6,0.0,47,"Fairfield, Spokane County",330125,Fairfield,2017-12-11 02:48:02.227753
2015-05-01,06:45,47.8,47.8,37.6,67.5,0.05,SE@10.7,14.6,50.6,0.0,91,"Fairfield, Spokane County",330125,Fairfield,2017-12-11 02:48:02.227753
2015-05-01,07:00,49.2,49.3,38.3,65.9,0.02,SE@10.2,14.2,50.6,0.0,118,"Fairfield, Spokane County",330125,Fairfield,2017-12-11 02:48:02.227753
2015-05-01,07:15,53.1,53.2,38.0,56.4,0.0,SE@9.7,15.7,50.5,0.0,192,"Fairfield, Spokane County",330125,Fairfield,2017-12-11 02:48:02.227753
2015-05-01,07:30,53.9,53.7,38.4,55.7,0.0,NW@6.9,11.7,50.5,0.0,344,"Fairfield, Spokane County",330125,Fairfield,2017-12-11 02:48:02.227753
2015-05-01,07:45,55.9,55.9,36.9,48.8,0.0,S@4.7,10.7,50.4,0.0,327,"Fairfield, Spokane County",330125,Fairfield,2017-12-11 02:48:02.227753
2015-05-01,08:00,54.4,54.1,39.3,56.5,0.0,N@4.6,8.5,50.4,0.0,270,"Fairfield, Spokane County",330125,Fairfield,2017-12-11 02:48:02.227753
2015-05-01,08:15,54.2,54.2,40.3,59.2,0.0,N@4.7,8.5,50.4,0.0,295,"Fairfield, Spokane County",330125,Fairfield,2017-12-11 02:48:02.227753
2015-05-01,08:30,56.9,57.1,40.1,53.2,0.0,N@1.8,6.0,50.3,0.0,424,"Fairfield, Spokane County",330125,Fairfield,2017-12-11 02:48:02.227753
2015-05-01,08:45,59.4,59.4,39.7,48.0,0.0,S@7.0,14.2,50.3,0.0,580,"Fairfield, Spokane County",330125,Fairfield,2017-12-11 02:48:02.227753
2015-05-01,09:00,60.8,60.6,39.3,44.9,0.0,S@8.4,15.3,50.2,0.0,572,"Fairfield, Spokane County",330125,Fairfield,2017-12-11 02:48:02.227753
2015-05-01,09:15,61.1,60.9,38.3,42.7,0.0,S@9.1,14.2,50.2,0.0,525,"Fairfield, Spokane County",330125,Fairfield,2017-12-11 02:48:02.227753
2015-05-01,09:30,61.8,61.7,38.4,41.7,0.0,S@9.8,15.0,50.1,0.0,660,"Fairfield, Spokane County",330125,Fairfield,2017-12-11 02:48:02.227753
2015-05-01,09:45,63.0,62.9,38.7,40.7,0.0,S@9.2,15.3,50.1,0.0,703,"Fairfield, Spokane County",330125,Fairfield,2017-12-11 02:48:02.227753
2015-05-01,10:00,63.7,63.4,38.3,38.9,0.0,S@11.1,16.4,50.1,0.0,724,"Fairfield, Spokane County",330125,Fairfield,2017-12-11 02:48:02.227753
2015-05-01,10:15,64.4,64.2,39.2,39.3,0.0,SW@9.1,14.2,50.0,0.0,742,"Fairfield, Spokane County",330125,Fairfield,2017-12-11 02:48:02.227753
2015-05-01,10:30,65.0,64.7,39.2,38.7,0.0,SW@9.6,13.9,50.0,0.0,758,"Fairfield, Spokane County",330125,Fairfield,2017-12-11 02:48:02.227753
2015-05-01,10:45,65.6,65.3,39.1,37.7,0.0,SW@9.6,15.3,50.0,0.0,769,"Fairfield, Spokane County",330125,Fairfield,2017-12-11 02:48:02.227753
2015-05-01,11:00,66.5,66.3,39.8,37.6,0.0,SW@10.0,15.7,49.9,0.0,760,"Fairfield, Spokane County",330125,Fairfield,2017-12-11 02:48:02.227753
2015-05-01,11:15,66.9,66.7,39.7,36.8,0.0,SW@10.6,17.8,49.9,0.0,811,"Fairfield, Spokane County",330125,Fairfield,2017-12-11 02:48:02.227753
2015-05-01,11:30,67.7,67.3,39.4,35.5,0.0,SW@10.9,16.7,49.9,0.0,794,"Fairfield, Spokane County",330125,Fairfield,2017-12-11 02:48:02.227753
2015-05-01,11:45,67.5,67.3,39.4,35.7,0.0,SW@10.3,17.1,49.9,0.0,726,"Fairfield, Spokane County",330125,Fairfield,2017-12-11 02:48:02.227753
2015-05-01,12:00,68.8,68.4,39.8,34.7,0.0,SW@11.0,18.9,49.9,0.0,839,"Fairfield, Spokane County",330125,Fairfield,2017-12-11 02:48:02.227753
2015-05-01,12:15,68.1,67.8,39.6,35.2,0.0,SW@11.0,15.7,49.9,0.0,760,"Fairfield, Spokane County",330125,Fairfield,2017-12-11 02:48:02.227753
2015-05-01,12:30,68.3,68.1,40.0,35.5,0.0,SW@11.0,16.0,49.9,0.0,745,"Fairfield, Spokane County",330125,Fairfield,2017-12-11 02:48:02.227753
2015-05-01,12:45,69.5,69.3,40.8,35.1,0.0,SW@11.2,17.5,49.9,0.0,821,"Fairfield, Spokane County",330125,Fairfield,2017-12-11 02:48:02.227753
2015-05-01,13:00,69.1,68.7,39.1,33.4,0.0,SW@12.6,18.2,49.9,0.0,764,"Fairfield, Spokane County",330125,Fairfield,2017-12-11 02:48:02.227753
2015-05-01,13:15,69.5,69.2,39.8,33.8,0.0,SW@12.0,18.2,49.9,0.0,733,"Fairfield, Spokane County",330125,Fairfield,2017-12-11 02:48:02.227753
2015-05-01,13:30,70.5,70.3,39.8,32.7,0.0,SW@10.8,17.5,49.9,0.0,746,"Fairfield, Spokane County",330125,Fairfield,2017-12-11 02:48:02.227753
2015-05-01,13:45,70.5,70.1,39.2,31.8,0.0,SW@11.5,18.2,50.0,0.0,704,"Fairfield, Spokane County",330125,Fairfield,2017-12-11 02:48:02.227753
2015-05-01,14:00,70.3,70.0,38.4,31.2,0.0,SW@11.9,18.2,50.0,0.0,690,"Fairfield, Spokane County",330125,Fairfield,2017-12-11 02:48:02.227753
2015-05-01,14:15,70.2,69.8,36.6,29.1,0.0,SW@12.6,21.0,50.0,0.0,639,"Fairfield, Spokane County",330125,Fairfield,2017-12-11 02:48:02.227753
2015-05-01,14:30,70.8,70.6,37.9,30.0,0.0,SW@11.7,17.5,50.1,0.0,619,"Fairfield, Spokane County",330125,Fairfield,2017-12-11 02:48:02.227753
2015-05-01,14:45,70.4,70.1,37.8,30.3,0.0,SW@12.1,18.5,50.1,0.0,548,"Fairfield, Spokane County",330125,Fairfield,2017-12-11 02:48:02.227753
2015-05-01,15:00,70.3,70.1,38.6,31.4,0.0,SW@11.6,17.1,50.1,0.0,532,"Fairfield, Spokane County",330125,Fairfield,2017-12-11 02:48:02.227753
2015-05-01,15:15,70.3,70.0,37.9,30.6,0.0,SW@12.3,18.5,50.2,0.0,465,"Fairfield, Spokane County",330125,Fairfield,2017-12-11 02:48:02.227753
2015-05-01,15:30,69.8,69.5,37.9,31.1,0.0,SW@12.3,19.2,50.2,0.0,371,"Fairfield, Spokane County",330125,Fairfield,2017-12-11 02:48:02.227753
2015-05-01,15:45,70.6,70.4,38.2,30.6,0.0,SW@13.1,21.4,50.3,0.0,471,"Fairfield, Spokane County",330125,Fairfield,2017-12-11 02:48:02.227753
2015-05-01,16:00,70.6,70.3,37.5,29.8,0.0,SW@13.1,21.8,50.4,0.0,428,"Fairfield, Spokane County",330125,Fairfield,2017-12-11 02:48:02.227753
2015-05-01,16:15,71.0,70.7,37.2,29.0,0.0,SW@12.9,19.6,50.4,0.0,405,"Fairfield, Spokane County",330125,Fairfield,2017-12-11 02:48:02.227753
2015-05-01,16:30,70.5,70.2,36.8,29.1,0.0,SW@12.3,21.0,50.5,0.0,316,"Fairfield, Spokane County",330125,Fairfield,2017-12-11 02:48:02.227753
2015-05-01,16:45,69.8,69.6,36.7,29.6,0.0,SW@12.3,17.1,50.6,0.0,241,"Fairfield, Spokane County",330125,Fairfield,2017-12-11 02:48:02.227753
2015-05-01,17:00,68.7,68.5,36.0,30.0,0.0,SW@12.5,17.1,50.7,0.0,149,"Fairfield, Spokane County",330125,Fairfield,2017-12-11 02:48:02.227753
2015-05-01,17:15,68.2,68.1,36.2,30.6,0.0,SW@10.6,15.3,50.7,0.0,133,"Fairfield, Spokane County",330125,Fairfield,2017-12-11 02:48:02.227753
2015-05-01,17:30,67.5,67.3,35.8,30.9,0.0,SW@10.3,16.0,50.8,0.0,97,"Fairfield, Spokane County",330125,Fairfield,2017-12-11 02:48:02.227753
2015-05-01,17:45,66.8,66.7,35.6,31.5,0.0,SW@9.4,15.0,50.9,0.0,72,"Fairfield, Spokane County",330125,Fairfield,2017-12-11 02:48:02.227753
2015-05-01,18:00,65.9,65.8,35.8,32.7,0.0,SW@7.3,11.0,51.0,0.0,47,"Fairfield, Spokane County",330125,Fairfield,2017-12-11 02:48:02.227753
2015-05-01,18:15,65.0,64.8,36.3,34.4,0.0,SW@6.0,9.6,51.0,0.0,28,"Fairfield, Spokane County",330125,Fairfield,2017-12-11 02:48:02.227753
2015-05-01,18:30,63.6,63.4,37.4,37.7,0.0,SW@4.7,6.7,51.1,0.0,19,"Fairfield, Spokane County",330125,Fairfield,2017-12-11 02:48:02.227753
2015-05-01,18:45,62.2,62.0,37.7,40.0,0.0,S@4.2,5.7,51.2,0.0,9,"Fairfield, Spokane County",330125,Fairfield,2017-12-11 02:48:02.227753
2015-05-01,19:00,61.1,60.9,37.3,41.1,0.0,S@4.3,5.7,51.3,0.0,4,"Fairfield, Spokane County",330125,Fairfield,2017-12-11 02:48:02.227753
2015-05-01,19:15,60.2,60.1,37.1,42.1,0.0,S@4.6,5.7,51.4,0.0,2,"Fairfield, Spokane County",330125,Fairfield,2017-12-11 02:48:02.227753
2015-05-01,19:30,59.0,58.9,36.8,43.3,0.0,S@4.8,6.7,51.4,0.0,0,"Fairfield, Spokane County",330125,Fairfield,2017-12-11 02:48:02.227753
2015-05-01,19:45,58.9,58.8,36.6,43.2,0.0,S@4.2,6.0,51.5,0.0,0,"Fairfield, Spokane County",330125,Fairfield,2017-12-11 02:48:02.227753
2015-05-01,20:00,59.4,59.3,36.3,42.0,0.0,SE@2.3,3.9,51.6,0.0,0,"Fairfield, Spokane County",330125,Fairfield,2017-12-11 02:48:02.227753
2015-05-01,20:15,58.8,58.5,36.2,42.8,0.0,SE@4.0,6.7,51.6,0.0,0,"Fairfield, Spokane County",330125,Fairfield,2017-12-11 02:48:02.227753
2015-05-01,20:30,58.2,58.5,35.8,43.1,0.0,SE@4.5,5.3,51.7,0.0,0,"Fairfield, Spokane County",330125,Fairfield,2017-12-11 02:48:02.227753
2015-05-01,20:45,58.8,58.6,35.8,42.1,0.0,SE@4.7,5.7,51.7,0.0,0,"Fairfield, Spokane County",330125,Fairfield,2017-12-11 02:48:02.227753
2015-05-01,21:00,57.7,57.5,36.2,44.3,0.0,S@4.7,6.7,51.8,0.0,0,"Fairfield, Spokane County",330125,Fairfield,2017-12-11 02:48:02.227753
2015-05-01,21:15,56.4,56.1,37.2,48.4,0.0,S@4.7,11.7,51.9,0.0,0,"Fairfield, Spokane County",330125,Fairfield,2017-12-11 02:48:02.227753
2015-05-01,21:30,55.4,55.3,37.1,50.2,0.0,SW@3.5,6.4,51.9,0.0,0,"Fairfield, Spokane County",330125,Fairfield,2017-12-11 02:48:02.227753
2015-05-01,21:45,57.4,57.6,33.3,40.0,0.0,W@6.2,10.3,51.9,0.0,0,"Fairfield, Spokane County",330125,Fairfield,2017-12-11 02:48:02.227753
2015-05-01,22:00,58.1,58.0,31.0,35.6,0.0,W@6.6,10.3,52.0,0.0,0,"Fairfield, Spokane County",330125,Fairfield,2017-12-11 02:48:02.227753
2015-05-01,22:15,57.1,56.8,30.7,36.4,0.0,SW@4.4,8.5,52.0,0.0,0,"Fairfield, Spokane County",330125,Fairfield,2017-12-11 02:48:02.227753
2015-05-01,22:30,54.7,54.3,31.8,41.5,0.0,SE@3.0,4.6,52.1,0.0,0,"Fairfield, Spokane County",330125,Fairfield,2017-12-11 02:48:02.227753
2015-05-01,22:45,54.3,54.2,31.6,41.7,0.0,S@2.9,4.6,52.1,0.0,0,"Fairfield, Spokane County",330125,Fairfield,2017-12-11 02:48:02.227753
2015-05-01,23:00,53.4,53.1,31.5,43.1,0.0,S@2.7,4.9,52.1,0.0,0,"Fairfield, Spokane County",330125,Fairfield,2017-12-11 02:48:02.227753
2015-05-02,23:15,51.6,51.2,31.2,45.4,0.0,S@3.2,6.0,52.2,0.0,0,"Fairfield, Spokane County",330125,Fairfield,2017-12-11 02:48:02.227753
2015-05-02,23:30,50.0,49.9,31.2,48.2,0.0,SE@6.6,9.2,52.2,0.0,0,"Fairfield, Spokane County",330125,Fairfield,2017-12-11 02:48:02.227753
2015-05-02,23:45,50.7,50.6,30.2,45.2,0.0,S@5.6,9.2,52.2,0.0,0,"Fairfield, Spokane County",330125,Fairfield,2017-12-11 02:48:02.227753
2015-05-02,24:00,49.4,49.1,30.3,47.5,0.0,SE@6.7,8.9,52.2,0.0,0,"Fairfield, Spokane County",330125,Fairfield,2017-12-11 02:48:02.227753
2015-05-02,00:15,48.3,48.1,30.5,49.9,0.0,SE@6.1,8.5,52.2,0.0,0,"Fairfield, Spokane County",330125,Fairfield,2017-12-11 02:48:02.227753
2015-05-02,00:30,46.7,46.7,30.9,53.7,0.0,S@6.4,9.6,52.3,0.0,0,"Fairfield, Spokane County",330125,Fairfield,2017-12-11 02:48:02.227753
2015-05-02,00:45,47.0,46.7,30.7,53.0,0.0,S@6.1,8.9,52.3,0.0,0,"Fairfield, Spokane County",330125,Fairfield,2017-12-11 02:48:02.227753
2015-05-02,01:00,44.7,44.6,30.7,57.7,0.0,SE@6.4,8.5,52.3,0.0,0,"Fairfield, Spokane County",330125,Fairfield,2017-12-11 02:48:02.227753
2015-05-02,01:15,44.4,44.3,30.8,58.6,0.0,S@6.0,8.9,52.3,0.0,0,"Fairfield, Spokane County",330125,Fairfield,2017-12-11 02:48:02.227753
2015-05-02,01:30,45.1,45.0,31.1,57.7,0.0,S@6.2,10.3,52.3,0.0,0,"Fairfield, Spokane County",330125,Fairfield,2017-12-11 02:48:02.227753
2015-05-02,01:45,44.3,44.2,30.9,59.1,0.0,SE@6.6,10.7,52.3,0.0,0,"Fairfield, Spokane County",330125,Fairfield,2017-12-11 02:48:02.227753
2015-05-02,02:00,44.0,43.6,30.9,59.8,0.0,S@6.4,8.9,52.3,0.0,0,"Fairfield, Spokane County",330125,Fairfield,2017-12-11 02:48:02.227753
2015-05-02,02:15,42.0,41.9,30.7,63.9,0.0,SE@6.3,8.2,52.3,0.0,0,"Fairfield, Spokane County",330125,Fairfield,2017-12-11 02:48:02.227753
2015-05-02,02:30,41.3,41.1,30.7,65.6,0.06,S@6.5,8.5,52.3,0.0,0,"Fairfield, Spokane County",330125,Fairfield,2017-12-11 02:48:02.227753
2015-05-02,02:45,40.1,40.1,30.6,68.6,0.12,SE@6.6,7.8,52.3,0.0,0,"Fairfield, Spokane County",330125,Fairfield,2017-12-11 02:48:02.227753
2015-05-02,03:00,39.7,39.5,30.6,69.5,0.19,SE@5.4,6.7,52.2,0.0,0,"Fairfield, Spokane County",330125,Fairfield,2017-12-11 02:48:02.227753
2015-05-02,03:15,39.1,39.2,30.6,71.1,0.25,SE@5.0,6.0,52.2,0.0,0,"Fairfield, Spokane County",330125,Fairfield,2017-12-11 02:48:02.227753
2015-05-02,03:30,39.6,39.5,30.5,69.6,0.24,SE@5.0,6.0,52.2,0.0,0,"Fairfield, Spokane County",330125,Fairfield,2017-12-11 02:48:02.227753
2015-05-02,03:45,38.7,38.6,30.4,72.0,0.34,SE@5.3,6.4,52.2,0.0,0,"Fairfield, Spokane County",330125,Fairfield,2017-12-11 02:48:02.227753
2015-05-02,04:00,38.6,38.5,30.4,72.2,0.36,SE@5.3,6.4,52.2,0.0,0,"Fairfield, Spokane County",330125,Fairfield,2017-12-11 02:48:02.227753
2015-05-02,04:15,37.3,37.2,30.1,74.7,0.52,SE@5.1,6.0,52.2,0.0,0,"Fairfield, Spokane County",330125,Fairfield,2017-12-11 02:48:02.227753
2015-05-02,04:30,36.4,36.3,29.9,77.1,0.63,SE@5.0,6.4,52.1,0.0,3,"Fairfield, Spokane County",330125,Fairfield,2017-12-11 02:48:02.227753
2015-05-02,04:45,37.4,37.3,30.2,75.1,0.56,S@4.9,6.7,52.1,0.0,9,"Fairfield, Spokane County",330125,Fairfield,2017-12-11 02:48:02.227753
2015-05-02,05:00,37.2,37.1,30.0,75.0,0.45,SE@5.0,6.4,52.1,0.0,33,"Fairfield, Spokane County",330125,Fairfield,2017-12-11 02:48:02.227753
2015-05-02,05:15,36.5,36.3,29.9,76.8,0.43,SE@5.2,6.0,52.1,0.0,50,"Fairfield, Spokane County",330125,Fairfield,2017-12-11 02:48:02.227753
2015-05-02,05:30,36.9,36.7,30.4,77.2,0.32,SE@4.9,5.7,52.0,0.0,95,"Fairfield, Spokane County",330125,Fairfield,2017-12-11 02:48:02.227753
2015-05-02,05:45,38.3,38.2,31.4,76.1,0.19,SE@4.7,6.0,52.0,0.0,133,"Fairfield, Spokane County",330125,Fairfield,2017-12-11 02:48:02.227753
2015-05-02,06:00,39.6,39.5,32.2,74.4,0.1,SE@4.1,5.7,51.9,0.0,170,"Fairfield, Spokane County",330125,Fairfield,2017-12-11 02:48:02.227753
2015-05-02,06:15,41.3,41.0,32.7,71.2,0.02,S@4.6,6.4,51.9,0.0,216,"Fairfield, Spokane County",330125,Fairfield,2017-12-11 02:48:02.227753
2015-05-02,06:30,43.2,43.0,33.5,68.3,0.0,S@5.5,7.4,51.8,0.0,267,"Fairfield, Spokane County",330125,Fairfield,2017-12-11 02:48:02.227753
2015-05-02,06:45,44.9,44.7,33.9,65.1,0.0,S@5.3,7.1,51.8,0.0,314,"Fairfield, Spokane County",330125,Fairfield,2017-12-11 02:48:02.227753
2015-05-02,07:00,46.9,46.8,34.2,61.2,0.0,S@4.6,6.4,51.7,0.0,358,"Fairfield, Spokane County",330125,Fairfield,2017-12-11 02:48:02.227753
2015-05-02,07:15,48.8,48.7,33.6,55.5,0.0,S@3.8,6.0,51.7,0.0,400,"Fairfield, Spokane County",330125,Fairfield,2017-12-11 02:48:02.227753
2015-05-02,07:30,50.4,50.3,32.6,50.1,0.0,SW@3.3,6.7,51.6,0.0,440,"Fairfield, Spokane County",330125,Fairfield,2017-12-11 02:48:02.227753
2015-05-02,07:45,51.4,51.1,31.6,46.5,0.0,W@4.3,7.4,51.6,0.0,479,"Fairfield, Spokane County",330125,Fairfield,2017-12-11 02:48:02.227753
2015-05-02,08:00,52.9,52.6,30.7,42.4,0.0,NW@6.4,8.9,51.5,0.0,521,"Fairfield, Spokane County",330125,Fairfield,2017-12-11 02:48:02.227753
2015-05-02,08:15,53.6,53.2,30.3,40.8,0.0,NW@7.5,11.0,51.5,0.0,562,"Fairfield, Spokane County",330125,Fairfield,2017-12-11 02:48:02.227753
2015-05-02,08:30,54.1,53.7,30.1,39.6,0.0,NW@8.4,12.1,51.4,0.0,601,"Fairfield, Spokane County",330125,Fairfield,2017-12-11 02:48:02.227753
2015-05-02,08:45,55.1,54.8,30.4,38.7,0.0,NW@7.7,12.8,51.4,0.0,636,"Fairfield, Spokane County",330125,Fairfield,2017-12-11 02:48:02.227753
2015-05-02,09:00,55.9,55.4,29.9,36.9,0.0,NW@6.3,9.6,51.3,0.0,667,"Fairfield, Spokane County",330125,Fairfield,2017-12-11 02:48:02.227753
2015-05-02,09:15,56.6,56.4,29.5,35.2,0.0,NW@6.5,12.4,51.3,0.0,696,"Fairfield, Spokane County",330125,Fairfield,2017-12-11 02:48:02.227753
2015-05-02,09:30,57.0,56.7,28.2,33.0,0.0,W@7.0,10.3,51.2,0.0,727,"Fairfield, Spokane County",330125,Fairfield,2017-12-11 02:48:02.227753
2015-05-02,09:45,57.4,57.1,28.3,32.7,0.0,W@6.6,12.1,51.2,0.0,754,"Fairfield, Spokane County",330125,Fairfield,2017-12-11 02:48:02.227753
2015-05-02,10:00,57.7,57.4,25.8,29.1,0.0,W@7.7,12.4,51.1,0.0,778,"Fairfield, Spokane County",330125,Fairfield,2017-12-11 02:48:02.227753
2015-05-02,10:15,58.3,58.0,26.8,29.8,0.0,NW@6.1,12.8,51.1,0.0,795,"Fairfield, Spokane County",330125,Fairfield,2017-12-11 02:48:02.227753
2015-05-02,10:30,58.8,58.3,26.3,28.6,0.0,W@7.1,13.2,51.0,0.0,814,"Fairfield, Spokane County",330125,Fairfield,2017-12-11 02:48:02.227753
2015-05-02,10:45,59.3,59.2,27.7,29.8,0.0,W@7.5,13.5,51.0,0.0,825,"Fairfield, Spokane County",330125,Fairfield,2017-12-11 02:48:02.227753
2015-05-02,11:00,59.9,59.6,27.2,28.6,0.0,W@7.6,15.3,51.0,0.0,840,"Fairfield, Spokane County",330125,Fairfield,2017-12-11 02:48:02.227753
2015-05-02,11:15,60.1,59.8,28.4,29.8,0.0,W@7.1,13.2,50.9,0.0,847,"Fairfield, Spokane County",330125,Fairfield,2017-12-11 02:48:02.227753
2015-05-02,11:30,60.8,60.4,27.2,27.6,0.0,W@6.8,13.2,50.9,0.0,854,"Fairfield, Spokane County",330125,Fairfield,2017-12-11 02:48:02.227753
2015-05-02,11:45,60.6,60.2,27.9,28.6,0.0,NW@6.0,13.5,50.9,0.0,857,"Fairfield, Spokane County",330125,Fairfield,2017-12-11 02:48:02.227753
2015-05-02,12:00,61.3,60.9,28.0,28.1,0.0,W@7.4,16.0,50.9,0.0,857,"Fairfield, Spokane County",330125,Fairfield,2017-12-11 02:48:02.227753
2015-05-02,12:15,62.0,61.7,28.0,27.4,0.0,W@8.6,16.7,50.8,0.0,854,"Fairfield, Spokane County",330125,Fairfield,2017-12-11 02:48:02.227753
2015-05-02,12:30,61.8,61.5,27.5,27.0,0.0,NW@9.5,15.0,50.8,0.0,847,"Fairfield, Spokane County",330125,Fairfield,2017-12-11 02:48:02.227753
2015-05-02,12:45,62.3,62.2,27.1,26.1,0.0,NW@5.3,10.3,50.8,0.0,834,"Fairfield, Spokane County",330125,Fairfield,2017-12-11 02:48:02.227753
2015-05-02,13:00,63.1,62.8,28.1,26.5,0.0,SW@9.3,15.3,50.8,0.0,818,"Fairfield, Spokane County",330125,Fairfield,2017-12-11 02:48:02.227753
2015-05-02,13:15,63.1,62.8,28.3,26.6,0.0,SW@6.1,11.7,50.9,0.0,800,"Fairfield, Spokane County",330125,Fairfield,2017-12-11 02:48:02.227753
2015-05-02,13:30,63.6,63.2,27.0,24.9,0.0,W@6.8,15.3,50.9,0.0,780,"Fairfield, Spokane County",330125,Fairfield,2017-12-11 02:48:02.227753
2015-05-02,13:45,63.3,63.0,26.6,24.6,0.0,SW@5.1,16.0,50.9,0.0,759,"Fairfield, Spokane County",330125,Fairfield,2017-12-11 02:48:02.227753
2015-05-02,14:00,64.0,63.7,26.8,24.3,0.0,W@7.2,13.9,50.9,0.0,735,"Fairfield, Spokane County",330125,Fairfield,2017-12-11 02:48:02.227753
2015-05-02,14:15,64.6,64.2,26.5,23.5,0.0,W@8.9,18.5,50.9,0.0,711,"Fairfield, Spokane County",330125,Fairfield,2017-12-11 02:48:02.227753
2015-05-02,14:30,64.5,64.2,25.5,22.6,0.0,SW@8.5,13.9,51.0,0.0,685,"Fairfield, Spokane County",330125,Fairfield,2017-12-11 02:48:02.227753
2015-05-02,14:45,64.9,64.5,22.7,19.9,0.0,W@6.9,10.3,51.0,0.0,653,"Fairfield, Spokane County",330125,Fairfield,2017-12-11 02:48:02.227753
2015-05-02,15:00,64.8,64.6,23.4,20.5,0.0,W@7.9,15.7,51.1,0.0,619,"Fairfield, Spokane County",330125,Fairfield,2017-12-11 02:48:02.227753
2015-05-02,15:15,65.1,64.7,22.0,19.1,0.0,W@7.2,12.8,51.1,0.0,582,"Fairfield, Spokane County",330125,Fairfield,2017-12-11 02:48:02.227753
2015-05-02,15:30,65.1,64.8,22.0,19.1,0.0,W@8.2,16.7,51.2,0.0,546,"Fairfield, Spokane County",330125,Fairfield,2017-12-11 02:48:02.227753
2015-05-02,15:45,64.9,64.5,23.2,20.2,0.0,SW@8.0,12.8,51.3,0.0,506,"Fairfield, Spokane County",330125,Fairfield,2017-12-11 02:48:02.227753
2015-05-02,16:00,64.4,63.9,23.5,20.8,0.0,NW@7.0,12.8,51.3,0.0,465,"Fairfield, Spokane County",330125,Fairfield,2017-12-11 02:48:02.227753
2015-05-02,16:15,64.7,64.3,24.0,21.1,0.0,W@7.4,12.8,51.4,0.0,426,"Fairfield, Spokane County",330125,Fairfield,2017-12-11 02:48:02.227753
2015-05-02,16:30,64.5,64.2,23.1,20.5,0.0,W@8.0,12.1,51.5,0.0,386,"Fairfield, Spokane County",330125,Fairfield,2017-12-11 02:48:02.227753
2015-05-02,16:45,64.4,64.1,23.0,20.4,0.0,W@8.4,13.9,51.6,0.0,332,"Fairfield, Spokane County",330125,Fairfield,2017-12-11 02:48:02.227753
2015-05-02,17:00,63.8,63.5,20.7,18.9,0.0,W@8.5,13.5,51.6,0.0,303,"Fairfield, Spokane County",330125,Fairfield,2017-12-11 02:48:02.227753
2015-05-02,17:15,63.5,63.2,19.4,18.0,0.0,W@7.6,10.7,51.7,0.0,262,"Fairfield, Spokane County",330125,Fairfield,2017-12-11 02:48:02.227753
2015-05-02,17:30,63.0,62.6,19.7,18.7,0.0,W@7.8,11.7,51.8,0.0,217,"Fairfield, Spokane County",330125,Fairfield,2017-12-11 02:48:02.227753
2015-05-02,17:45,62.4,62.1,20.2,19.5,0.0,W@7.0,10.3,51.9,0.0,173,"Fairfield, Spokane County",330125,Fairfield,2017-12-11 02:48:02.227753
2015-05-02,18:00,61.9,61.6,20.4,20.0,0.0,W@5.6,8.2,52.0,0.0,134,"Fairfield, Spokane County",330125,Fairfield,2017-12-11 02:48:02.227753
2015-05-02,18:15,61.0,60.8,21.3,21.5,0.0,W@5.9,8.9,52.1,0.0,98,"Fairfield, Spokane County",330125,Fairfield,2017-12-11 02:48:02.227753
2015-05-02,18:30,59.9,59.7,22.1,23.0,0.0,W@4.8,7.1,52.2,0.0,65,"Fairfield, Spokane County",330125,Fairfield,2017-12-11 02:48:02.227753
2015-05-02,18:45,58.7,58.3,22.0,24.0,0.0,W@3.7,5.7,52.3,0.0,35,"Fairfield, Spokane County",330125,Fairfield,2017-12-11 02:48:02.227753
2015-05-02,19:00,57.4,57.1,21.5,24.6,0.0,W@2.7,4.2,52.4,0.0,14,"Fairfield, Spokane County",330125,Fairfield,2017-12-11 02:48:02.227753
2015-05-02,19:15,55.8,55.4,21.2,25.7,0.0,NW@0.1,1.7,52.4,0.0,3,"Fairfield, Spokane County",330125,Fairfield,2017-12-11 02:48:02.227753
2015-05-02,19:30,55.1,54.8,20.2,25.3,0.0,S@0.1,2.1,52.5,0.0,1,"Fairfield, Spokane County",330125,Fairfield,2017-12-11 02:48:02.227753
2015-05-02,19:45,54.9,54.7,20.6,25.9,0.0,SE@3.0,3.9,52.6,0.0,0,"Fairfield, Spokane County",330125,Fairfield,2017-12-11 02:48:02.227753
2015-05-02,20:00,53.0,52.8,21.9,29.3,0.0,SE@3.5,4.2,52.7,0.0,0,"Fairfield, Spokane County",330125,Fairfield,2017-12-11 02:48:02.227753
2015-05-02,20:15,53.0,52.9,22.2,29.7,0.0,SE@3.1,3.5,52.8,0.0,0,"Fairfield, Spokane County",330125,Fairfield,2017-12-11 02:48:02.227753
2015-05-02,20:30,52.6,52.4,22.4,30.5,0.0,SE@3.0,3.5,52.8,0.0,0,"Fairfield, Spokane County",330125,Fairfield,2017-12-11 02:48:02.227753
2015-05-02,20:45,52.3,52.1,22.5,31.0,0.0,SE@2.6,3.5,52.9,0.0,0,"Fairfield, Spokane County",330125,Fairfield,2017-12-11 02:48:02.227753
2015-05-02,21:00,52.6,52.5,22.0,29.9,0.0,SE@2.3,2.8,53.0,0.0,0,"Fairfield, Spokane County",330125,Fairfield,2017-12-11 02:48:02.227753
2015-05-02,21:15,51.1,50.1,23.0,33.1,0.0,E@1.3,3.1,53.0,0.0,0,"Fairfield, Spokane County",330125,Fairfield,2017-12-11 02:48:02.227753
2015-05-02,21:30,46.7,46.3,23.6,39.9,0.0,NE@2.2,3.1,53.1,0.0,0,"Fairfield, Spokane County",330125,Fairfield,2017-12-11 02:48:02.227753
2015-05-02,21:45,44.5,44.3,23.3,42.7,0.0,E@0.4,2.8,53.1,0.0,0,"Fairfield, Spokane County",330125,Fairfield,2017-12-11 02:48:02.227753
2015-05-02,22:00,44.8,44.6,23.4,42.5,0.0,N@0.2,2.1,53.2,0.0,0,"Fairfield, Spokane County",330125,Fairfield,2017-12-11 02:48:02.227753
2015-05-02,22:15,43.1,42.8,24.3,47.0,0.0,N@1.5,3.5,53.2,0.0,0,"Fairfield, Spokane County",330125,Fairfield,2017-12-11 02:48:02.227753
2015-05-02,22:30,41.2,40.9,26.6,55.8,0.0,N@0.7,2.8,53.3,0.0,0,"Fairfield, Spokane County",330125,Fairfield,2017-12-11 02:48:02.227753
2015-05-02,22:45,41.6,41.5,25.5,52.3,0.0,NE@2.9,4.2,53.3,0.0,0,"Fairfield, Spokane County",330125,Fairfield,2017-12-11 02:48:02.227753
2015-05-02,23:00,39.6,39.2,25.3,56.4,0.0,NE@4.1,5.3,53.3,0.0,0,"Fairfield, Spokane County",330125,Fairfield,2017-12-11 02:48:02.227753
2015-05-03,23:15,39.5,39.4,25.2,56.2,0.0,NE@3.9,5.7,53.3,0.0,0,"Fairfield, Spokane County",330125,Fairfield,2017-12-11 02:48:02.227753
2015-05-03,23:30,38.2,37.7,26.4,62.1,0.08,W@0.2,2.1,53.4,0.0,0,"Fairfield, Spokane County",330125,Fairfield,2017-12-11 02:48:02.227753
2015-05-03,23:45,38.1,37.8,26.2,61.8,0.1,N@0.0,0.0,53.4,0.0,0,"Fairfield, Spokane County",330125,Fairfield,2017-12-11 02:48:02.227753
2015-05-03,24:00,37.2,36.9,26.1,63.6,0.12,NE@2.0,3.9,53.4,0.0,0,"Fairfield, Spokane County",330125,Fairfield,2017-12-11 02:48:02.227753
2015-05-03,00:15,38.5,38.1,25.0,57.8,0.04,SE@2.3,4.6,53.4,0.0,0,"Fairfield, Spokane County",330125,Fairfield,2017-12-11 02:48:02.227753
2015-05-03,00:30,36.1,35.9,25.9,66.1,0.2,N@0.2,2.4,53.4,0.0,0,"Fairfield, Spokane County",330125,Fairfield,2017-12-11 02:48:02.227753
2015-05-03,00:45,36.8,36.4,25.4,62.9,0.16,N@1.5,3.9,53.4,0.0,0,"Fairfield, Spokane County",330125,Fairfield,2017-12-11 02:48:02.227753
2015-05-03,01:00,37.2,37.3,26.9,65.9,0.08,NE@5.4,6.7,53.4,0.0,0,"Fairfield, Spokane County",330125,Fairfield,2017-12-11 02:48:02.227753
2015-05-03,01:15,38.3,38.2,26.5,62.2,0.01,NE@4.3,6.7,53.4,0.0,0,"Fairfield, Spokane County",330125,Fairfield,2017-12-11 02:48:02.227753
2015-05-03,01:30,36.3,35.7,26.5,67.1,0.22,N@3.4,5.7,53.4,0.0,0,"Fairfield, Spokane County",330125,Fairfield,2017-12-11 02:48:02.227753
2015-05-03,01:45,33.8,33.3,26.5,74.3,0.55,N@3.3,5.3,53.3,0.0,0,"Fairfield, Spokane County",330125,Fairfield,2017-12-11 02:48:02.227753
2015-05-03,02:00,33.0,32.7,26.7,77.3,0.75,N@2.1,3.1,53.3,0.0,0,"Fairfield, Spokane County",330125,Fairfield,2017-12-11 02:48:02.227753
2015-05-03,02:15,33.5,33.1,26.9,76.6,0.75,N@0.9,2.8,53.3,0.0,0,"Fairfield, Spokane County",330125,Fairfield,2017-12-11 02:48:02.227753
2015-05-03,02:30,33.6,33.4,27.0,76.3,0.74,NW@2.0,3.1,53.3,0.0,0,"Fairfield, Spokane County",330125,Fairfield,2017-12-11 02:48:02.227753
2015-05-03,02:45,33.2,32.7,26.9,77.6,0.75,N@2.5,3.9,53.2,0.0,0,"Fairfield, Spokane County",330125,Fairfield,2017-12-11 02:48:02.227753
2015-05-03,03:00,32.5,32.1,27.4,81.4,0.79,N@4.1,6.0,53.2,0.0,0,"Fairfield, Spokane County",330125,Fairfield,2017-12-11 02:48:02.227753
2015-05-03,03:15,32.5,32.2,27.8,82.6,0.78,N@5.2,6.4,53.2,0.0,0,"Fairfield, Spokane County",330125,Fairfield,2017-12-11 02:48:02.227753
2015-05-03,03:30,31.7,31.4,27.4,84.3,0.84,NW@3.9,5.7,53.1,0.0,0,"Fairfield, Spokane County",330125,Fairfield,2017-12-11 02:48:02.227753
2015-05-03,03:45,32.3,32.2,27.9,83.9,0.83,N@3.9,6.4,53.1,0.0,0,"Fairfield, Spokane County",330125,Fairfield,2017-12-11 02:48:02.227753
2015-05-03,04:00,32.6,32.3,28.0,82.9,0.81,N@5.2,6.0,53.0,0.0,0,"Fairfield, Spokane County",330125,Fairfield,2017-12-11 02:48:02.227753
2015-05-03,04:15,36.0,36.5,28.8,74.8,0.54,NE@3.9,7.1,53.0,0.0,0,"Fairfield, Spokane County",330125,Fairfield,2017-12-11 02:48:02.227753
2015-05-03,04:30,39.8,39.7,27.9,62.1,0.17,NE@4.1,5.7,52.9,0.0,3,"Fairfield, Spokane County",330125,Fairfield,2017-12-11 02:48:02.227753
2015-05-03,04:45,35.7,34.7,27.1,70.7,0.5,N@3.4,4.6,52.9,0.0,11,"Fairfield, Spokane County",330125,Fairfield,2017-12-11 02:48:02.227753
2015-05-03,05:00,34.7,34.9,28.0,76.3,0.49,N@3.5,5.3,52.8,0.0,34,"Fairfield, Spokane County",330125,Fairfield,2017-12-11 02:48:02.227753
2015-05-03,05:15,40.7,40.8,28.4,61.2,0.08,NE@4.7,7.4,52.8,0.0,62,"Fairfield, Spokane County",330125,Fairfield,2017-12-11 02:48:02.227753
2015-05-03,05:30,42.2,42.1,28.6,58.4,0.0,NE@5.3,7.8,52.7,0.0,97,"Fairfield, Spokane County",330125,Fairfield,2017-12-11 02:48:02.227753
2015-05-03,05:45,43.1,43.0,29.1,57.4,0.0,NE@6.1,9.6,52.6,0.0,136,"Fairfield, Spokane County",330125,Fairfield,2017-12-11 02:48:02.227753
2015-05-03,06:00,44.6,44.4,29.3,54.8,0.0,NE@6.6,10.7,52.6,0.0,178,"Fairfield, Spokane County",330125,Fairfield,2017-12-11 02:48:02.227753
2015-05-03,06:15,45.6,45.2,29.6,53.3,0.0,NE@7.1,10.7,52.5,0.0,221,"Fairfield, Spokane County",330125,Fairfield,2017-12-11 02:48:02.227753
2015-05-03,06:30,46.5,46.2,30.2,52.7,0.0,NE@7.1,11.0,52.5,0.0,266,"Fairfield, Spokane County",330125,Fairfield,2017-12-11 02:48:02.227753
2015-05-03,06:45,47.5,47.2,30.5,51.6,0.0,NE@7.7,11.0,52.4,0.0,310,"Fairfield, Spokane County",330125,Fairfield,2017-12-11 02:48:02.227753
2015-05-03,07:00,48.8,48.7,31.0,50.1,0.0,NE@6.8,9.2,52.3,0.0,353,"Fairfield, Spokane County",330125,Fairfield,2017-12-11 02:48:02.227753
2015-05-03,07:15,49.9,49.7,30.9,47.8,0.0,NE@6.8,9.9,52.3,0.0,395,"Fairfield, Spokane County",330125,Fairfield,2017-12-11 02:48:02.227753
2015-05-03,07:30,51.0,50.8,30.9,45.9,0.0,NE@6.8,9.9,52.2,0.0,438,"Fairfield, Spokane County",330125,Fairfield,2017-12-11 02:48:02.227753
2015-05-03,07:45,51.6,51.4,31.0,44.9,0.0,NE@6.2,9.2,52.1,0.0,480,"Fairfield, Spokane County",330125,Fairfield,2017-12-11 02:48:02.227753
2015-05-03,08:00,52.1,52.0,30.8,43.9,0.0,NE@6.2,10.3,52.0,0.0,522,"Fairfield, Spokane County",330125,Fairfield,2017-12-11 02:48:02.227753
2015-05-03,08:15,52.9,52.7,31.4,43.6,0.0,NE@6.3,9.6,52.0,0.0,560,"Fairfield, Spokane County",330125,Fairfield,2017-12-11 02:48:02.227753
2015-05-03,08:30,54.4,54.3,32.6,43.2,0.0,NE@5.7,8.5,51.9,0.0,594,"Fairfield, Spokane County",330125,Fairfield,2017-12-11 02:48:02.227753
2015-05-03,08:45,55.3,55.1,32.7,42.2,0.0,NE@5.5,8.9,51.9,0.0,628,"Fairfield, Spokane County",330125,Fairfield,2017-12-11 02:48:02.227753
2015-05-03,09:00,56.3,56.1,32.8,40.9,0.0,NE@5.5,8.2,51.8,0.0,662,"Fairfield, Spokane County",330125,Fairfield,2017-12-11 02:48:02.227753
2015-05-03,09:15,57.6,57.5,33.1,39.4,0.0,NE@5.0,9.2,51.7,0.0,689,"Fairfield, Spokane County",330125,Fairfield,2017-12-11 02:48:02.227753
2015-05-03,09:30,59.3,59.2,33.4,37.5,0.0,NE@5.3,8.9,51.7,0.0,709,"Fairfield, Spokane County",330125,Fairfield,2017-12-11 02:48:02.227753
2015-05-03,09:45,59.7,59.5,31.6,34.4,0.0,NE@6.5,12.1,51.6,0.0,735,"Fairfield, Spokane County",330125,Fairfield,2017-12-11 02:48:02.227753
2015-05-03,10:00,60.8,60.6,30.6,31.8,0.0,NE@6.9,12.8,51.5,0.0,760,"Fairfield, Spokane County",330125,Fairfield,2017-12-11 02:48:02.227753
2015-05-03,10:15,61.5,61.4,29.1,29.2,0.0,NE@6.6,11.4,51.5,0.0,784,"Fairfield, Spokane County",330125,Fairfield,2017-12-11 02:48:02.227753
2015-05-03,10:30,62.2,62.0,28.1,27.4,0.0,NE@6.1,11.4,51.4,0.0,804,"Fairfield, Spokane County",330125,Fairfield,2017-12-11 02:48:02.227753
2015-05-03,10:45,62.6,62.6,28.8,27.7,0.0,NE@4.2,8.9,51.4,0.0,815,"Fairfield, Spokane County",330125,Fairfield,2017-12-11 02:48:02.227753
2015-05-03,11:00,63.0,62.6,28.9,27.4,0.0,N@4.8,8.5,51.3,0.0,824,"Fairfield, Spokane County",330125,Fairfield,2017-12-11 02:48:02.227753
2015-05-03,11:15,63.2,63.0,29.8,28.3,0.0,E@5.1,9.6,51.3,0.0,831,"Fairfield, Spokane County",330125,Fairfield,2017-12-11 02:48:02.227753
2015-05-03,11:30,64.2,63.8,30.6,28.2,0.0,N@5.4,10.3,51.3,0.0,835,"Fairfield, Spokane County",330125,Fairfield,2017-12-11 02:48:02.227753
2015-05-03,11:45,63.3,63.0,29.0,27.3,0.0,NE@4.5,10.3,51.2,0.0,837,"Fairfield, Spokane County",330125,Fairfield,2017-12-11 02:48:02.227753
2015-05-03,12:00,64.1,63.9,30.8,28.5,0.0,NE@6.2,12.1,51.2,0.0,837,"Fairfield, Spokane County",330125,Fairfield,2017-12-11 02:48:02.227753
2015-05-03,12:15,65.3,65.0,30.9,27.5,0.0,NW@6.8,10.7,51.2,0.0,832,"Fairfield, Spokane County",330125,Fairfield,2017-12-11 02:48:02.227753
2015-05-03,12:30,65.3,64.8,30.8,27.4,0.0,NW@6.1,11.7,51.2,0.0,829,"Fairfield, Spokane County",330125,Fairfield,2017-12-11 02:48:02.227753
2015-05-03,12:45,65.6,65.4,30.5,26.8,0.0,NE@7.1,12.4,51.2,0.0,822,"Fairfield, Spokane County",330125,Fairfield,2017-12-11 02:48:02.227753
2015-05-03,13:00,65.7,65.3,29.6,25.6,0.0,NW@6.0,12.4,51.2,0.0,810,"Fairfield, Spokane County",330125,Fairfield,2017-12-11 02:48:02.227753
2015-05-03,13:15,66.3,66.0,29.9,25.4,0.0,N@6.2,10.3,51.2,0.0,791,"Fairfield, Spokane County",330125,Fairfield,2017-12-11 02:48:02.227753
2015-05-03,13:30,66.3,66.0,30.1,25.6,0.0,N@6.9,10.7,51.2,0.0,773,"Fairfield, Spokane County",330125,Fairfield,2017-12-11 02:48:02.227753
2015-05-03,13:45,66.7,66.1,29.4,24.6,0.0,NW@7.6,11.0,51.2,0.0,752,"Fairfield, Spokane County",330125,Fairfield,2017-12-11 02:48:02.227753
2015-05-03,14:00,66.3,66.2,28.2,23.7,0.0,N@5.1,9.6,51.2,0.0,729,"Fairfield, Spokane County",330125,Fairfield,2017-12-11 02:48:02.227753
2015-05-03,14:15,66.5,66.3,27.9,23.3,0.0,NE@4.4,10.7,51.3,0.0,702,"Fairfield, Spokane County",330125,Fairfield,2017-12-11 02:48:02.227753
2015-05-03,14:30,67.1,66.7,28.6,23.5,0.0,NE@4.2,8.5,51.3,0.0,669,"Fairfield, Spokane County",330125,Fairfield,2017-12-11 02:48:02.227753
2015-05-03,14:45,67.3,67.0,29.0,23.8,0.0,NE@4.8,10.3,51.4,0.0,636,"Fairfield, Spokane County",330125,Fairfield,2017-12-11 02:48:02.227753
2015-05-03,15:00,67.1,66.9,28.0,22.9,0.0,N@4.3,6.7,51.4,0.0,603,"Fairfield, Spokane County",330125,Fairfield,2017-12-11 02:48:02.227753
2015-05-03,15:15,67.6,67.3,28.2,22.7,0.0,NW@4.1,8.2,51.5,0.0,567,"Fairfield, Spokane County",330125,Fairfield,2017-12-11 02:48:02.227753
2015-05-03,15:30,68.0,67.6,29.2,23.3,0.0,W@4.5,9.2,51.6,0.0,530,"Fairfield, Spokane County",330125,Fairfield,2017-12-11 02:48:02.227753
2015-05-03,15:45,67.5,67.0,28.6,23.2,0.0,NW@5.9,9.6,51.6,0.0,494,"Fairfield, Spokane County",330125,Fairfield,2017-12-11 02:48:02.227753
2015-05-03,16:00,67.7,67.3,28.7,23.0,0.0,N@5.8,10.3,51.7,0.0,454,"Fairfield, Spokane County",330125,Fairfield,2017-12-11 02:48:02.227753
2015-05-03,16:15,67.4,67.1,28.2,22.9,0.0,E@3.0,6.4,51.8,0.0,413,"Fairfield, Spokane County",330125,Fairfield,2017-12-11 02:48:02.227753
2015-05-03,16:30,67.4,67.2,28.0,22.6,0.0,NE@3.9,7.8,51.9,0.0,371,"Fairfield, Spokane County",330125,Fairfield,2017-12-11 02:48:02.227753
2015-05-03,16:45,67.6,67.3,29.1,23.5,0.0,N@4.5,14.2,52.0,0.0,329,"Fairfield, Spokane County",330125,Fairfield,2017-12-11 02:48:02.227753
2015-05-03,17:00,67.9,67.3,28.9,23.1,0.0,N@4.1,7.8,52.1,0.0,286,"Fairfield, Spokane County",330125,Fairfield,2017-12-11 02:48:02.227753
2015-05-03,17:15,67.4,66.9,29.2,23.8,0.0,N@3.9,7.4,52.1,0.0,245,"Fairfield, Spokane County",330125,Fairfield,2017-12-11 02:48:02.227753
2015-05-03,17:30,66.9,66.4,29.3,24.3,0.0,NW@4.4,7.4,52.2,0.0,204,"Fairfield, Spokane County",330125,Fairfield,2017-12-11 02:48:02.227753
2015-05-03,17:45,66.2,65.6,29.7,25.4,0.0,NW@4.7,8.5,52.4,0.0,166,"Fairfield, Spokane County",330125,Fairfield,2017-12-11 02:48:02.227753
2015-05-03,18:00,65.1,64.8,28.7,25.3,0.0,NW@5.6,8.2,52.5,0.0,127,"Fairfield, Spokane County",330125,Fairfield,2017-12-11 02:48:02.227753
2015-05-03,18:15,63.9,63.7,29.0,26.7,0.0,NW@4.8,7.1,52.5,0.0,91,"Fairfield, Spokane County",330125,Fairfield,2017-12-11 02:48:02.227753
2015-05-03,18:30,62.7,62.3,29.7,28.6,0.0,NW@4.1,5.3,52.7,0.0,58,"Fairfield, Spokane County",330125,Fairfield,2017-12-11 02:48:02.227753
2015-05-03,18:45,61.2,60.9,28.8,29.0,0.0,NW@4.1,5.7,52.8,0.0,30,"Fairfield, Spokane County",330125,Fairfield,2017-12-11 02:48:02.227753
2015-05-03,19:00,59.6,59.4,28.6,30.6,0.0,N@3.6,4.6,52.9,0.0,12,"Fairfield, Spokane County",330125,Fairfield,2017-12-11 02:48:02.227753
2015-05-03,19:15,58.2,57.9,28.8,32.4,0.0,NE@3.3,4.2,53.0,0.0,3,"Fairfield, Spokane County",330125,Fairfield,2017-12-11 02:48:02.227753
2015-05-03,19:30,57.0,56.9,27.7,32.4,0.0,NE@3.6,4.2,53.1,0.0,1,"Fairfield, Spokane County",330125,Fairfield,2017-12-11 02:48:02.227753
2015-05-03,19:45,56.2,56.2,27.1,32.4,0.0,NE@3.8,4.6,53.2,0.0,0,"Fairfield, Spokane County",330125,Fairfield,2017-12-11 02:48:02.227753
2015-05-03,20:00,55.9,55.9,26.5,32.0,0.0,NE@4.1,4.9,53.3,0.0,0,"Fairfield, Spokane County",330125,Fairfield,2017-12-11 02:48:02.227753
2015-05-03,20:15,55.9,55.8,26.2,31.6,0.0,NE@4.2,4.9,53.3,0.0,0,"Fairfield, Spokane County",330125,Fairfield,2017-12-11 02:48:02.227753
2015-05-03,20:30,55.1,55.1,25.9,32.1,0.0,NE@4.0,5.3,53.4,0.0,0,"Fairfield, Spokane County",330125,Fairfield,2017-12-11 02:48:02.227753
2015-05-03,20:45,55.9,55.8,25.8,31.1,0.0,NE@4.6,6.4,53.5,0.0,0,"Fairfield, Spokane County",330125,Fairfield,2017-12-11 02:48:02.227753
2015-05-03,21:00,53.9,53.5,26.7,34.7,0.0,N@2.5,4.6,53.6,0.0,0,"Fairfield, Spokane County",330125,Fairfield,2017-12-11 02:48:02.227753
2015-05-03,21:15,51.4,50.9,27.1,38.8,0.0,N@1.5,2.8,53.7,0.0,0,"Fairfield, Spokane County",330125,Fairfield,2017-12-11 02:48:02.227753
2015-05-03,21:30,49.9,49.4,27.8,42.1,0.0,N@0.5,2.1,53.8,0.0,0,"Fairfield, Spokane County",330125,Fairfield,2017-12-11 02:48:02.227753
2015-05-03,21:45,48.9,48.5,27.7,43.4,0.0,N@0.0,0.0,53.8,0.0,0,"Fairfield, Spokane County",330125,Fairfield,2017-12-11 02:48:02.227753
2015-05-03,22:00,49.7,49.4,27.5,41.9,0.0,N@0.0,0.0,53.9,0.0,0,"Fairfield, Spokane County",330125,Fairfield,2017-12-11 02:48:02.227753
2015-05-03,22:15,49.8,49.7,27.2,41.2,0.0,NE@0.2,2.4,53.9,0.0,0,"Fairfield, Spokane County",330125,Fairfield,2017-12-11 02:48:02.227753
2015-05-03,22:30,47.6,46.7,27.2,44.7,0.0,NE@0.1,1.7,54.0,0.0,0,"Fairfield, Spokane County",330125,Fairfield,2017-12-11 02:48:02.227753
2015-05-03,22:45,45.5,45.2,27.3,48.7,0.0,N@0.0,0.0,54.0,0.0,0,"Fairfield, Spokane County",330125,Fairfield,2017-12-11 02:48:02.227753
2015-05-03,23:00,45.5,45.0,27.6,49.3,0.0,N@0.0,0.0,54.1,0.0,0,"Fairfield, Spokane County",330125,Fairfield,2017-12-11 02:48:02.227753
2015-05-04,23:15,44.7,44.4,28.1,51.7,0.0,N@0.0,0.0,54.1,0.0,0,"Fairfield, Spokane County",330125,Fairfield,2017-12-11 02:48:02.227753
2015-05-04,23:30,43.5,43.1,28.0,54.2,0.0,N@0.0,0.0,54.1,0.0,0,"Fairfield, Spokane County",330125,Fairfield,2017-12-11 02:48:02.227753
2015-05-04,23:45,42.4,41.9,28.0,56.5,0.0,N@2.7,3.9,54.2,0.0,0,"Fairfield, Spokane County",330125,Fairfield,2017-12-11 02:48:02.227753
2015-05-04,24:00,40.7,40.2,28.2,60.8,0.05,N@2.4,3.5,54.2,0.0,0,"Fairfield, Spokane County",330125,Fairfield,2017-12-11 02:48:02.227753
