Date,Time PST,Air Temp °F, 2<sup>nd</sup> Air Temp °F, Dew Point °F, Rel Hum %, Leaf Wet u., Wind Dir @ Speed mph, Wind Gust mph, 8 in. Soil Tmp °F, Tot Prec in, Solar Rad W/m²,Location,Station ID,Station Name,Download Timestamp
2009-04-21,00:15,47.7,,40.8,76.8,0.0,E@1.8,3.5,50.6,0.0,0,"Fairfield, Spokane County",330125,Fairfield,2017-12-02 07:58:04.619457
2009-04-21,00:30,47.1,,40.4,77.3,0.01,E@1.4,3.1,50.6,0.0,0,"Fairfield, Spokane County",330125,Fairfield,2017-12-02 07:58:04.619457
2009-04-21,00:45,47.0,,40.6,78.2,0.0,NE@4.2,6.4,50.6,0.0,0,"Fairfield, Spokane County",330125,Fairfield,2017-12-02 07:58:04.619457
2009-04-21,01:00,47.5,,40.4,76.3,0.0,NE@3.8,7.4,50.5,0.0,0,"Fairfield, Spokane County",330125,Fairfield,2017-12-02 07:58:04.619457
2009-04-21,01:15,45.9,,40.4,81.0,0.0,E@7.5,12.4,50.5,0.0,0,"Fairfield, Spokane County",330125,Fairfield,2017-12-02 07:58:04.619457
2009-04-21,01:30,45.8,,40.2,80.4,0.0,E@10.3,12.1,50.4,0.0,0,"Fairfield, Spokane County",330125,Fairfield,2017-12-02 07:58:04.619457
2009-04-21,01:45,45.6,,39.8,80.2,0.0,E@10.2,12.4,50.4,0.0,0,"Fairfield, Spokane County",330125,Fairfield,2017-12-02 07:58:04.619457
2009-04-21,02:00,45.5,,39.4,79.2,0.0,E@10.4,12.8,50.3,0.0,0,"Fairfield, Spokane County",330125,Fairfield,2017-12-02 07:58:04.619457
2009-04-21,02:15,45.2,,39.2,79.3,0.0,NE@6.1,11.4,50.3,0.0,0,"Fairfield, Spokane County",330125,Fairfield,2017-12-02 07:58:04.619457
2009-04-21,02:30,44.7,,39.1,80.5,0.0,E@7.2,11.4,50.3,0.0,0,"Fairfield, Spokane County",330125,Fairfield,2017-12-02 07:58:04.619457
2009-04-21,02:45,44.0,,38.8,81.8,0.0,E@6.1,9.2,50.2,0.0,0,"Fairfield, Spokane County",330125,Fairfield,2017-12-02 07:58:04.619457
2009-04-21,03:00,45.1,,38.6,77.6,0.0,NE@2.5,6.7,50.1,0.0,0,"Fairfield, Spokane County",330125,Fairfield,2017-12-02 07:58:04.619457
2009-04-21,03:15,44.7,,38.3,78.0,0.0,NE@2.8,7.4,50.1,0.0,0,"Fairfield, Spokane County",330125,Fairfield,2017-12-02 07:58:04.619457
2009-04-21,03:30,43.4,,38.2,81.6,0.0,NE@6.5,12.8,50.0,0.0,0,"Fairfield, Spokane County",330125,Fairfield,2017-12-02 07:58:04.619457
2009-04-21,03:45,43.6,,37.9,80.2,0.0,N@4.5,12.1,50.0,0.0,0,"Fairfield, Spokane County",330125,Fairfield,2017-12-02 07:58:04.619457
2009-04-21,04:00,43.4,,37.5,79.5,0.0,SW@3.1,5.7,49.9,0.0,0,"Fairfield, Spokane County",330125,Fairfield,2017-12-02 07:58:04.619457
2009-04-21,04:15,43.4,,37.4,79.1,0.0,SW@3.0,5.7,49.8,0.0,0,"Fairfield, Spokane County",330125,Fairfield,2017-12-02 07:58:04.619457
2009-04-21,04:30,42.2,,37.7,84.2,0.0,NE@5.1,8.5,49.8,0.0,0,"Fairfield, Spokane County",330125,Fairfield,2017-12-02 07:58:04.619457
2009-04-21,04:45,42.1,,37.6,84.1,0.0,NE@4.7,10.7,49.7,0.0,1,"Fairfield, Spokane County",330125,Fairfield,2017-12-02 07:58:04.619457
2009-04-21,05:00,42.2,,37.4,82.9,0.01,E@3.6,9.9,49.7,0.0,4,"Fairfield, Spokane County",330125,Fairfield,2017-12-02 07:58:04.619457
2009-04-21,05:15,42.6,,37.4,81.7,0.0,E@9.8,12.4,49.6,0.0,21,"Fairfield, Spokane County",330125,Fairfield,2017-12-02 07:58:04.619457
2009-04-21,05:30,43.0,,37.5,81.0,0.0,E@10.7,12.8,49.5,0.0,40,"Fairfield, Spokane County",330125,Fairfield,2017-12-02 07:58:04.619457
2009-04-21,05:45,43.8,,38.0,79.8,0.0,E@10.6,13.2,49.5,0.0,56,"Fairfield, Spokane County",330125,Fairfield,2017-12-02 07:58:04.619457
2009-04-21,06:00,45.0,,38.4,77.6,0.0,E@10.4,13.5,49.4,0.0,71,"Fairfield, Spokane County",330125,Fairfield,2017-12-02 07:58:04.619457
2009-04-21,06:15,46.3,,39.0,75.3,0.0,E@10.1,12.8,49.4,0.0,85,"Fairfield, Spokane County",330125,Fairfield,2017-12-02 07:58:04.619457
2009-04-21,06:30,47.6,,39.3,72.8,0.0,E@9.7,12.4,49.3,0.0,98,"Fairfield, Spokane County",330125,Fairfield,2017-12-02 07:58:04.619457
2009-04-21,06:45,48.4,,39.6,71.5,0.0,E@11.3,13.9,49.2,0.0,112,"Fairfield, Spokane County",330125,Fairfield,2017-12-02 07:58:04.619457
2009-04-21,07:00,49.7,,40.3,69.9,0.0,E@11.6,14.6,49.2,0.0,126,"Fairfield, Spokane County",330125,Fairfield,2017-12-02 07:58:04.619457
2009-04-21,07:15,51.5,,41.0,67.3,0.0,E@10.6,13.5,49.1,0.0,142,"Fairfield, Spokane County",330125,Fairfield,2017-12-02 07:58:04.619457
2009-04-21,07:30,53.2,,42.0,65.7,0.0,E@10.0,12.8,49.0,0.0,157,"Fairfield, Spokane County",330125,Fairfield,2017-12-02 07:58:04.619457
2009-04-21,07:45,54.5,,42.6,64.2,0.0,E@9.9,12.4,49.0,0.0,172,"Fairfield, Spokane County",330125,Fairfield,2017-12-02 07:58:04.619457
2009-04-21,08:00,55.9,,42.9,61.6,0.0,E@9.9,12.1,48.9,0.0,187,"Fairfield, Spokane County",330125,Fairfield,2017-12-02 07:58:04.619457
2009-04-21,08:15,57.9,,43.3,58.2,0.0,E@8.6,11.7,48.8,0.0,202,"Fairfield, Spokane County",330125,Fairfield,2017-12-02 07:58:04.619457
2009-04-21,08:30,59.6,,43.3,54.6,0.0,NE@7.3,9.6,48.8,0.0,217,"Fairfield, Spokane County",330125,Fairfield,2017-12-02 07:58:04.619457
2009-04-21,08:45,61.1,,43.0,51.3,0.0,NE@6.2,9.6,48.7,0.0,232,"Fairfield, Spokane County",330125,Fairfield,2017-12-02 07:58:04.619457
2009-04-21,09:00,62.4,,43.7,50.4,0.0,E@5.8,7.8,48.7,0.0,247,"Fairfield, Spokane County",330125,Fairfield,2017-12-02 07:58:04.619457
2009-04-21,09:15,64.2,,44.0,47.8,0.0,E@5.1,9.2,48.6,0.0,260,"Fairfield, Spokane County",330125,Fairfield,2017-12-02 07:58:04.619457
2009-04-21,09:30,65.8,,44.9,46.6,0.0,SE@4.8,8.9,48.6,0.0,273,"Fairfield, Spokane County",330125,Fairfield,2017-12-02 07:58:04.619457
2009-04-21,09:45,66.5,,44.7,45.4,0.0,E@3.2,7.8,48.5,0.0,286,"Fairfield, Spokane County",330125,Fairfield,2017-12-02 07:58:04.619457
2009-04-21,10:00,67.9,,45.8,45.1,0.0,E@3.2,8.2,48.5,0.0,297,"Fairfield, Spokane County",330125,Fairfield,2017-12-02 07:58:04.619457
2009-04-21,10:15,68.9,,45.9,43.7,0.0,SW@5.7,11.0,48.5,0.0,308,"Fairfield, Spokane County",330125,Fairfield,2017-12-02 07:58:04.619457
2009-04-21,10:30,69.5,,46.3,43.4,0.0,S@6.7,11.4,48.5,0.0,319,"Fairfield, Spokane County",330125,Fairfield,2017-12-02 07:58:04.619457
2009-04-21,10:45,70.6,,45.3,40.1,0.0,S@5.9,11.4,48.5,0.0,329,"Fairfield, Spokane County",330125,Fairfield,2017-12-02 07:58:04.619457
2009-04-21,11:00,71.6,,43.2,35.9,0.0,S@7.3,13.9,48.5,0.0,338,"Fairfield, Spokane County",330125,Fairfield,2017-12-02 07:58:04.619457
2009-04-21,11:15,72.0,,41.1,32.7,0.0,SW@6.8,13.2,48.5,0.0,346,"Fairfield, Spokane County",330125,Fairfield,2017-12-02 07:58:04.619457
2009-04-21,11:30,73.1,,41.3,31.7,0.0,SW@8.1,19.2,48.5,0.0,354,"Fairfield, Spokane County",330125,Fairfield,2017-12-02 07:58:04.619457
2009-04-21,11:45,73.4,,40.3,30.3,0.0,SW@6.7,11.7,48.5,0.0,360,"Fairfield, Spokane County",330125,Fairfield,2017-12-02 07:58:04.619457
2009-04-21,12:00,74.0,,39.7,28.8,0.0,W@10.4,16.7,48.6,0.0,368,"Fairfield, Spokane County",330125,Fairfield,2017-12-02 07:58:04.619457
2009-04-21,12:15,73.8,,39.0,28.3,0.0,SW@9.2,15.7,48.6,0.0,376,"Fairfield, Spokane County",330125,Fairfield,2017-12-02 07:58:04.619457
2009-04-21,12:30,74.2,,37.1,26.0,0.0,SW@10.9,15.7,48.7,0.0,382,"Fairfield, Spokane County",330125,Fairfield,2017-12-02 07:58:04.619457
2009-04-21,12:45,74.5,,39.4,28.1,0.0,SW@10.6,17.5,48.7,0.0,384,"Fairfield, Spokane County",330125,Fairfield,2017-12-02 07:58:04.619457
2009-04-21,13:00,74.6,,41.0,29.8,0.0,SW@10.5,17.1,48.8,0.0,384,"Fairfield, Spokane County",330125,Fairfield,2017-12-02 07:58:04.619457
2009-04-21,13:15,74.3,,42.0,31.3,0.0,SW@10.3,17.8,48.9,0.0,383,"Fairfield, Spokane County",330125,Fairfield,2017-12-02 07:58:04.619457
2009-04-21,13:30,74.7,,42.6,31.5,0.0,SW@9.3,16.7,49.0,0.0,381,"Fairfield, Spokane County",330125,Fairfield,2017-12-02 07:58:04.619457
2009-04-21,13:45,74.6,,42.1,31.1,0.0,SW@10.2,17.8,49.1,0.0,378,"Fairfield, Spokane County",330125,Fairfield,2017-12-02 07:58:04.619457
2009-04-21,14:00,75.2,,41.7,30.0,0.0,SW@10.4,15.0,49.3,0.0,373,"Fairfield, Spokane County",330125,Fairfield,2017-12-02 07:58:04.619457
2009-04-21,14:15,75.4,,42.3,30.5,0.0,SW@9.7,18.5,49.4,0.0,366,"Fairfield, Spokane County",330125,Fairfield,2017-12-02 07:58:04.619457
2009-04-21,14:30,75.0,,42.2,30.8,0.0,SW@11.0,16.7,49.5,0.0,358,"Fairfield, Spokane County",330125,Fairfield,2017-12-02 07:58:04.619457
2009-04-21,14:45,75.4,,41.7,29.8,0.0,SW@10.6,15.3,49.6,0.0,346,"Fairfield, Spokane County",330125,Fairfield,2017-12-02 07:58:04.619457
2009-04-21,15:00,75.5,,41.6,29.6,0.0,SW@10.6,18.9,49.8,0.0,334,"Fairfield, Spokane County",330125,Fairfield,2017-12-02 07:58:04.619457
2009-04-21,15:15,75.3,,39.1,27.0,0.0,SW@10.8,18.2,49.9,0.0,322,"Fairfield, Spokane County",330125,Fairfield,2017-12-02 07:58:04.619457
2009-04-21,15:30,75.9,,38.4,25.8,0.0,SW@11.1,23.9,50.0,0.0,310,"Fairfield, Spokane County",330125,Fairfield,2017-12-02 07:58:04.619457
2009-04-21,15:45,75.7,,35.8,23.5,0.0,SW@13.0,20.0,50.2,0.0,294,"Fairfield, Spokane County",330125,Fairfield,2017-12-02 07:58:04.619457
2009-04-21,16:00,75.2,,32.5,20.8,0.0,SW@13.8,21.8,50.3,0.0,275,"Fairfield, Spokane County",330125,Fairfield,2017-12-02 07:58:04.619457
2009-04-21,16:15,75.1,,33.5,21.8,0.0,SW@13.1,19.6,50.4,0.0,250,"Fairfield, Spokane County",330125,Fairfield,2017-12-02 07:58:04.619457
2009-04-21,16:30,74.6,,33.1,21.8,0.0,SW@12.5,18.2,50.6,0.0,226,"Fairfield, Spokane County",330125,Fairfield,2017-12-02 07:58:04.619457
2009-04-21,16:45,74.2,,30.3,19.7,0.0,SW@14.1,20.3,50.7,0.0,215,"Fairfield, Spokane County",330125,Fairfield,2017-12-02 07:58:04.619457
2009-04-21,17:00,73.5,,27.6,18.1,0.0,SW@13.1,19.2,50.9,0.0,183,"Fairfield, Spokane County",330125,Fairfield,2017-12-02 07:58:04.619457
2009-04-21,17:15,73.1,,27.6,18.4,0.0,SW@12.9,17.5,51.0,0.0,170,"Fairfield, Spokane County",330125,Fairfield,2017-12-02 07:58:04.619457
2009-04-21,17:30,72.3,,27.5,18.8,0.0,SW@11.9,16.7,51.1,0.0,143,"Fairfield, Spokane County",330125,Fairfield,2017-12-02 07:58:04.619457
2009-04-21,17:45,71.4,,27.9,19.7,0.0,SW@12.0,15.3,51.2,0.0,116,"Fairfield, Spokane County",330125,Fairfield,2017-12-02 07:58:04.619457
2009-04-21,18:00,70.2,,27.1,19.8,0.0,SW@10.5,14.2,51.4,0.0,87,"Fairfield, Spokane County",330125,Fairfield,2017-12-02 07:58:04.619457
2009-04-21,18:15,68.4,,30.1,23.9,0.0,SW@8.8,15.7,51.5,0.0,59,"Fairfield, Spokane County",330125,Fairfield,2017-12-02 07:58:04.619457
2009-04-21,18:30,67.0,,29.8,24.7,0.0,SW@8.1,11.4,51.6,0.0,30,"Fairfield, Spokane County",330125,Fairfield,2017-12-02 07:58:04.619457
2009-04-21,18:45,65.6,,30.3,26.5,0.0,SW@7.1,11.0,51.7,0.0,6,"Fairfield, Spokane County",330125,Fairfield,2017-12-02 07:58:04.619457
2009-04-21,19:00,63.2,,32.2,31.1,0.0,S@5.6,7.8,51.8,0.0,1,"Fairfield, Spokane County",330125,Fairfield,2017-12-02 07:58:04.619457
2009-04-21,19:15,61.8,,32.8,33.6,0.0,S@5.8,7.4,51.8,0.0,0,"Fairfield, Spokane County",330125,Fairfield,2017-12-02 07:58:04.619457
2009-04-21,19:30,59.8,,33.5,37.0,0.0,S@5.8,7.1,51.9,0.0,0,"Fairfield, Spokane County",330125,Fairfield,2017-12-02 07:58:04.619457
2009-04-21,19:45,58.4,,34.1,39.9,0.0,S@6.1,6.7,52.0,0.0,0,"Fairfield, Spokane County",330125,Fairfield,2017-12-02 07:58:04.619457
2009-04-21,20:00,58.0,,34.2,40.4,0.0,S@6.3,7.8,52.0,0.0,0,"Fairfield, Spokane County",330125,Fairfield,2017-12-02 07:58:04.619457
2009-04-21,20:15,56.8,,34.5,42.9,0.0,S@5.8,6.7,52.1,0.0,0,"Fairfield, Spokane County",330125,Fairfield,2017-12-02 07:58:04.619457
2009-04-21,20:30,55.8,,34.9,45.1,0.0,S@6.0,9.2,52.1,0.0,0,"Fairfield, Spokane County",330125,Fairfield,2017-12-02 07:58:04.619457
2009-04-21,20:45,55.6,,34.5,44.8,0.0,S@5.7,7.4,52.2,0.0,0,"Fairfield, Spokane County",330125,Fairfield,2017-12-02 07:58:04.619457
2009-04-21,21:00,56.0,,34.9,44.7,0.0,SW@4.9,8.2,52.2,0.0,0,"Fairfield, Spokane County",330125,Fairfield,2017-12-02 07:58:04.619457
2009-04-21,21:15,55.1,,34.5,45.6,0.0,SE@4.7,5.7,52.2,0.0,0,"Fairfield, Spokane County",330125,Fairfield,2017-12-02 07:58:04.619457
2009-04-21,21:30,55.6,,34.5,44.8,0.0,SE@5.6,8.5,52.2,0.0,0,"Fairfield, Spokane County",330125,Fairfield,2017-12-02 07:58:04.619457
2009-04-21,21:45,54.2,,34.5,47.2,0.0,SE@6.3,7.4,52.2,0.0,0,"Fairfield, Spokane County",330125,Fairfield,2017-12-02 07:58:04.619457
2009-04-21,22:00,53.0,,34.9,50.1,0.0,SE@6.8,8.5,52.2,0.0,0,"Fairfield, Spokane County",330125,Fairfield,2017-12-02 07:58:04.619457
2009-04-21,22:15,52.4,,35.2,51.6,0.0,SE@6.4,7.4,52.2,0.0,0,"Fairfield, Spokane County",330125,Fairfield,2017-12-02 07:58:04.619457
2009-04-21,22:30,53.8,,34.8,48.4,0.0,SE@6.2,7.4,52.2,0.0,0,"Fairfield, Spokane County",330125,Fairfield,2017-12-02 07:58:04.619457
2009-04-21,22:45,52.6,,35.1,51.1,0.0,SE@6.0,7.4,52.2,0.0,0,"Fairfield, Spokane County",330125,Fairfield,2017-12-02 07:58:04.619457
2009-04-21,23:00,51.3,,35.5,54.5,0.0,S@5.2,7.1,52.2,0.0,0,"Fairfield, Spokane County",330125,Fairfield,2017-12-02 07:58:04.619457
2009-04-22,23:15,49.2,,35.9,59.9,0.0,SE@6.0,7.1,52.2,0.0,0,"Fairfield, Spokane County",330125,Fairfield,2017-12-02 07:58:04.619457
2009-04-22,23:30,48.6,,36.1,61.8,0.0,SE@6.4,7.4,52.1,0.0,0,"Fairfield, Spokane County",330125,Fairfield,2017-12-02 07:58:04.619457
2009-04-22,23:45,49.4,,36.5,60.8,0.0,SE@6.5,8.5,52.1,0.0,0,"Fairfield, Spokane County",330125,Fairfield,2017-12-02 07:58:04.619457
2009-04-22,24:00,49.0,,36.3,61.4,0.0,SE@7.1,9.2,52.1,0.0,0,"Fairfield, Spokane County",330125,Fairfield,2017-12-02 07:58:04.619457
2009-04-22,00:15,48.5,,36.0,61.7,0.0,SE@7.0,8.5,52.0,0.0,0,"Fairfield, Spokane County",330125,Fairfield,2017-12-02 07:58:04.619457
2009-04-22,00:30,47.8,,36.0,63.4,0.0,SE@6.8,8.5,52.0,0.0,0,"Fairfield, Spokane County",330125,Fairfield,2017-12-02 07:58:04.619457
2009-04-22,00:45,48.2,,35.8,62.1,0.0,SE@7.3,9.2,52.0,0.0,0,"Fairfield, Spokane County",330125,Fairfield,2017-12-02 07:58:04.619457
2009-04-22,01:00,48.2,,35.6,61.6,0.0,SE@7.2,9.2,51.9,0.0,0,"Fairfield, Spokane County",330125,Fairfield,2017-12-02 07:58:04.619457
2009-04-22,01:15,47.4,,35.8,63.7,0.0,S@6.8,8.5,51.9,0.0,0,"Fairfield, Spokane County",330125,Fairfield,2017-12-02 07:58:04.619457
2009-04-22,01:30,45.5,,36.0,69.2,0.0,SE@6.6,8.5,51.8,0.0,0,"Fairfield, Spokane County",330125,Fairfield,2017-12-02 07:58:04.619457
2009-04-22,01:45,46.6,,36.0,66.4,0.0,SE@7.7,10.7,51.7,0.0,0,"Fairfield, Spokane County",330125,Fairfield,2017-12-02 07:58:04.619457
2009-04-22,02:00,45.7,,36.0,68.6,0.0,S@7.0,9.6,51.7,0.0,0,"Fairfield, Spokane County",330125,Fairfield,2017-12-02 07:58:04.619457
2009-04-22,02:15,45.7,,35.9,68.4,0.0,S@7.2,9.2,51.6,0.0,0,"Fairfield, Spokane County",330125,Fairfield,2017-12-02 07:58:04.619457
2009-04-22,02:30,45.1,,35.4,68.5,0.0,S@6.9,8.5,51.6,0.0,0,"Fairfield, Spokane County",330125,Fairfield,2017-12-02 07:58:04.619457
2009-04-22,02:45,44.9,,35.4,69.2,0.0,S@5.7,10.3,51.5,0.0,0,"Fairfield, Spokane County",330125,Fairfield,2017-12-02 07:58:04.619457
2009-04-22,03:00,44.7,,35.9,70.9,0.0,S@7.3,9.6,51.4,0.0,0,"Fairfield, Spokane County",330125,Fairfield,2017-12-02 07:58:04.619457
2009-04-22,03:15,45.3,,35.9,69.5,0.0,S@8.0,9.9,51.4,0.0,0,"Fairfield, Spokane County",330125,Fairfield,2017-12-02 07:58:04.619457
2009-04-22,03:30,45.2,,36.1,70.0,0.0,S@8.2,10.7,51.3,0.0,0,"Fairfield, Spokane County",330125,Fairfield,2017-12-02 07:58:04.619457
2009-04-22,03:45,44.9,,36.0,70.8,0.0,S@8.7,11.7,51.2,0.0,0,"Fairfield, Spokane County",330125,Fairfield,2017-12-02 07:58:04.619457
2009-04-22,04:00,45.0,,35.8,70.0,0.0,S@8.5,11.0,51.2,0.0,0,"Fairfield, Spokane County",330125,Fairfield,2017-12-02 07:58:04.619457
2009-04-22,04:15,44.6,,35.6,70.6,0.0,S@8.5,12.1,51.1,0.0,0,"Fairfield, Spokane County",330125,Fairfield,2017-12-02 07:58:04.619457
2009-04-22,04:30,44.0,,35.4,71.7,0.0,S@8.7,11.4,51.0,0.0,0,"Fairfield, Spokane County",330125,Fairfield,2017-12-02 07:58:04.619457
2009-04-22,04:45,43.8,,35.2,71.3,0.0,S@9.0,12.1,51.0,0.0,1,"Fairfield, Spokane County",330125,Fairfield,2017-12-02 07:58:04.619457
2009-04-22,05:00,43.7,,35.1,71.3,0.0,S@8.0,11.0,50.9,0.0,3,"Fairfield, Spokane County",330125,Fairfield,2017-12-02 07:58:04.619457
2009-04-22,05:15,43.9,,35.1,71.1,0.0,S@7.1,10.3,50.8,0.0,16,"Fairfield, Spokane County",330125,Fairfield,2017-12-02 07:58:04.619457
2009-04-22,05:30,43.4,,35.2,72.6,0.0,S@7.2,9.2,50.7,0.0,17,"Fairfield, Spokane County",330125,Fairfield,2017-12-02 07:58:04.619457
2009-04-22,05:45,44.2,,35.7,71.7,0.0,S@7.2,9.6,50.7,0.0,41,"Fairfield, Spokane County",330125,Fairfield,2017-12-02 07:58:04.619457
2009-04-22,06:00,46.0,,36.5,69.2,0.0,S@7.5,9.6,50.6,0.0,66,"Fairfield, Spokane County",330125,Fairfield,2017-12-02 07:58:04.619457
2009-04-22,06:15,47.9,,36.9,65.5,0.0,S@7.5,10.7,50.5,0.0,78,"Fairfield, Spokane County",330125,Fairfield,2017-12-02 07:58:04.619457
2009-04-22,06:30,49.7,,37.3,62.2,0.0,S@8.1,10.7,50.5,0.0,63,"Fairfield, Spokane County",330125,Fairfield,2017-12-02 07:58:04.619457
2009-04-22,06:45,50.3,,37.2,60.7,0.0,S@7.7,11.4,50.4,0.0,96,"Fairfield, Spokane County",330125,Fairfield,2017-12-02 07:58:04.619457
2009-04-22,07:00,50.9,,37.8,60.6,0.0,S@8.5,12.1,50.3,0.0,99,"Fairfield, Spokane County",330125,Fairfield,2017-12-02 07:58:04.619457
2009-04-22,07:15,51.8,,38.0,59.0,0.0,S@9.7,13.2,50.3,0.0,109,"Fairfield, Spokane County",330125,Fairfield,2017-12-02 07:58:04.619457
2009-04-22,07:30,52.5,,38.3,58.1,0.0,S@9.8,13.5,50.2,0.0,112,"Fairfield, Spokane County",330125,Fairfield,2017-12-02 07:58:04.619457
2009-04-22,07:45,53.5,,38.7,57.3,0.0,S@8.3,13.2,50.1,0.0,143,"Fairfield, Spokane County",330125,Fairfield,2017-12-02 07:58:04.619457
2009-04-22,08:00,54.8,,39.5,56.1,0.0,SW@9.0,14.2,50.1,0.0,148,"Fairfield, Spokane County",330125,Fairfield,2017-12-02 07:58:04.619457
2009-04-22,08:15,56.2,,39.2,52.7,0.0,SW@11.7,17.5,50.0,0.0,147,"Fairfield, Spokane County",330125,Fairfield,2017-12-02 07:58:04.619457
2009-04-22,08:30,56.2,,38.7,51.7,0.0,SW@12.9,18.9,49.9,0.0,127,"Fairfield, Spokane County",330125,Fairfield,2017-12-02 07:58:04.619457
2009-04-22,08:45,57.6,,39.1,49.9,0.0,SW@11.0,20.3,49.9,0.0,190,"Fairfield, Spokane County",330125,Fairfield,2017-12-02 07:58:04.619457
2009-04-22,09:00,58.8,,39.4,48.3,0.0,SW@11.4,17.5,49.8,0.0,221,"Fairfield, Spokane County",330125,Fairfield,2017-12-02 07:58:04.619457
2009-04-22,09:15,60.9,,40.2,46.3,0.0,SW@12.9,18.9,49.7,0.0,304,"Fairfield, Spokane County",330125,Fairfield,2017-12-02 07:58:04.619457
2009-04-22,09:30,61.7,,39.9,44.5,0.0,SW@13.4,21.0,49.7,0.0,306,"Fairfield, Spokane County",330125,Fairfield,2017-12-02 07:58:04.619457
2009-04-22,09:45,61.4,,38.7,43.0,0.0,SW@14.3,21.8,49.7,0.0,246,"Fairfield, Spokane County",330125,Fairfield,2017-12-02 07:58:04.619457
2009-04-22,10:00,62.2,,38.1,40.6,0.0,SW@14.3,24.3,49.6,0.0,279,"Fairfield, Spokane County",330125,Fairfield,2017-12-02 07:58:04.619457
2009-04-22,10:15,63.1,,37.6,38.7,0.0,SW@13.7,21.4,49.6,0.0,337,"Fairfield, Spokane County",330125,Fairfield,2017-12-02 07:58:04.619457
2009-04-22,10:30,63.7,,38.2,38.9,0.0,SW@14.2,20.7,49.6,0.0,360,"Fairfield, Spokane County",330125,Fairfield,2017-12-02 07:58:04.619457
2009-04-22,10:45,63.6,,38.4,39.3,0.0,SW@14.6,22.5,49.5,0.0,334,"Fairfield, Spokane County",330125,Fairfield,2017-12-02 07:58:04.619457
2009-04-22,11:00,63.0,,38.9,40.9,0.0,SW@14.1,22.8,49.5,0.0,277,"Fairfield, Spokane County",330125,Fairfield,2017-12-02 07:58:04.619457
2009-04-22,11:15,63.2,,38.6,40.2,0.0,SW@14.9,23.5,49.5,0.0,260,"Fairfield, Spokane County",330125,Fairfield,2017-12-02 07:58:04.619457
2009-04-22,11:30,63.2,,38.1,39.5,0.0,SW@14.8,22.5,49.5,0.0,247,"Fairfield, Spokane County",330125,Fairfield,2017-12-02 07:58:04.619457
2009-04-22,11:45,63.0,,37.4,38.6,0.0,SW@15.0,22.1,49.5,0.0,218,"Fairfield, Spokane County",330125,Fairfield,2017-12-02 07:58:04.619457
2009-04-22,12:00,62.5,,37.3,39.0,0.0,SW@15.4,21.4,49.5,0.0,202,"Fairfield, Spokane County",330125,Fairfield,2017-12-02 07:58:04.619457
2009-04-22,12:15,62.5,,37.2,39.0,0.0,SW@15.2,21.8,49.6,0.0,227,"Fairfield, Spokane County",330125,Fairfield,2017-12-02 07:58:04.619457
2009-04-22,12:30,62.4,,36.4,37.8,0.0,SW@16.8,21.8,49.6,0.0,250,"Fairfield, Spokane County",330125,Fairfield,2017-12-02 07:58:04.619457
2009-04-22,12:45,62.5,,36.1,37.3,0.0,SW@15.7,22.5,49.6,0.0,217,"Fairfield, Spokane County",330125,Fairfield,2017-12-02 07:58:04.619457
2009-04-22,13:00,62.4,,35.9,37.1,0.0,SW@16.3,23.2,49.7,0.0,226,"Fairfield, Spokane County",330125,Fairfield,2017-12-02 07:58:04.619457
2009-04-22,13:15,62.2,,36.4,38.1,0.0,SW@17.0,23.9,49.7,0.0,232,"Fairfield, Spokane County",330125,Fairfield,2017-12-02 07:58:04.619457
2009-04-22,13:30,62.9,,37.4,38.6,0.0,SW@16.3,23.2,49.7,0.0,299,"Fairfield, Spokane County",330125,Fairfield,2017-12-02 07:58:04.619457
2009-04-22,13:45,63.1,,37.2,38.1,0.0,SW@17.7,23.9,49.8,0.0,286,"Fairfield, Spokane County",330125,Fairfield,2017-12-02 07:58:04.619457
2009-04-22,14:00,62.5,,37.0,38.7,0.0,SW@16.7,24.3,49.8,0.0,233,"Fairfield, Spokane County",330125,Fairfield,2017-12-02 07:58:04.619457
2009-04-22,14:15,62.4,,36.4,37.8,0.0,SW@17.0,25.3,49.9,0.0,244,"Fairfield, Spokane County",330125,Fairfield,2017-12-02 07:58:04.619457
2009-04-22,14:30,61.3,,36.2,39.0,0.0,W@16.3,22.8,49.9,0.0,180,"Fairfield, Spokane County",330125,Fairfield,2017-12-02 07:58:04.619457
2009-04-22,14:45,60.7,,36.5,40.4,0.0,SW@16.6,25.7,50.0,0.0,155,"Fairfield, Spokane County",330125,Fairfield,2017-12-02 07:58:04.619457
2009-04-22,15:00,60.8,,36.4,40.0,0.0,SW@15.8,23.2,50.1,0.0,178,"Fairfield, Spokane County",330125,Fairfield,2017-12-02 07:58:04.619457
2009-04-22,15:15,61.0,,37.4,41.4,0.0,SW@14.5,20.7,50.1,0.0,162,"Fairfield, Spokane County",330125,Fairfield,2017-12-02 07:58:04.619457
2009-04-22,15:30,60.1,,37.5,42.8,0.0,SW@14.3,21.4,50.2,0.0,136,"Fairfield, Spokane County",330125,Fairfield,2017-12-02 07:58:04.619457
2009-04-22,15:45,60.2,,38.0,43.6,0.0,SW@14.6,22.1,50.2,0.0,156,"Fairfield, Spokane County",330125,Fairfield,2017-12-02 07:58:04.619457
2009-04-22,16:00,60.0,,38.3,44.3,0.0,SW@14.0,20.3,50.3,0.0,143,"Fairfield, Spokane County",330125,Fairfield,2017-12-02 07:58:04.619457
2009-04-22,16:15,59.2,,38.6,46.1,0.0,SW@13.4,19.6,50.3,0.0,115,"Fairfield, Spokane County",330125,Fairfield,2017-12-02 07:58:04.619457
2009-04-22,16:30,58.5,,38.5,47.2,0.0,SW@13.6,19.6,50.4,0.0,99,"Fairfield, Spokane County",330125,Fairfield,2017-12-02 07:58:04.619457
2009-04-22,16:45,58.4,,38.8,48.1,0.0,SW@11.1,17.5,50.4,0.0,90,"Fairfield, Spokane County",330125,Fairfield,2017-12-02 07:58:04.619457
2009-04-22,17:00,57.6,,38.3,48.4,0.0,SW@11.3,17.5,50.5,0.0,63,"Fairfield, Spokane County",330125,Fairfield,2017-12-02 07:58:04.619457
2009-04-22,17:15,57.0,,38.2,49.3,0.0,SW@9.2,13.2,50.5,0.0,40,"Fairfield, Spokane County",330125,Fairfield,2017-12-02 07:58:04.619457
2009-04-22,17:30,56.5,,37.3,48.5,0.0,SW@10.4,14.2,50.6,0.0,34,"Fairfield, Spokane County",330125,Fairfield,2017-12-02 07:58:04.619457
2009-04-22,17:45,56.2,,33.8,42.6,0.0,W@10.6,14.6,50.6,0.0,26,"Fairfield, Spokane County",330125,Fairfield,2017-12-02 07:58:04.619457
2009-04-22,18:00,55.6,,32.8,42.0,0.0,W@9.3,13.9,50.7,0.0,20,"Fairfield, Spokane County",330125,Fairfield,2017-12-02 07:58:04.619457
2009-04-22,18:15,55.1,,32.9,42.8,0.0,W@8.9,12.4,50.7,0.0,13,"Fairfield, Spokane County",330125,Fairfield,2017-12-02 07:58:04.619457
2009-04-22,18:30,54.3,,29.7,38.7,0.0,W@10.7,15.0,50.8,0.0,8,"Fairfield, Spokane County",330125,Fairfield,2017-12-02 07:58:04.619457
2009-04-22,18:45,53.3,,29.7,40.0,0.0,W@7.8,11.7,50.8,0.0,3,"Fairfield, Spokane County",330125,Fairfield,2017-12-02 07:58:04.619457
2009-04-22,19:00,52.5,,28.9,39.9,0.0,W@8.5,12.1,50.8,0.0,1,"Fairfield, Spokane County",330125,Fairfield,2017-12-02 07:58:04.619457
2009-04-22,19:15,51.8,,27.5,38.8,0.0,W@8.1,12.4,50.8,0.0,0,"Fairfield, Spokane County",330125,Fairfield,2017-12-02 07:58:04.619457
2009-04-22,19:30,50.8,,27.7,40.5,0.0,W@7.8,11.0,50.9,0.0,0,"Fairfield, Spokane County",330125,Fairfield,2017-12-02 07:58:04.619457
2009-04-22,19:45,50.0,,27.0,40.6,0.0,W@6.5,8.9,50.9,0.0,0,"Fairfield, Spokane County",330125,Fairfield,2017-12-02 07:58:04.619457
2009-04-22,20:00,48.7,,28.2,44.7,0.0,S@5.1,7.1,50.9,0.0,0,"Fairfield, Spokane County",330125,Fairfield,2017-12-02 07:58:04.619457
2009-04-22,20:15,47.0,,29.3,49.9,0.0,SW@5.3,7.4,50.9,0.0,0,"Fairfield, Spokane County",330125,Fairfield,2017-12-02 07:58:04.619457
2009-04-22,20:30,47.5,,25.6,42.1,0.0,W@7.7,11.0,50.9,0.0,0,"Fairfield, Spokane County",330125,Fairfield,2017-12-02 07:58:04.619457
2009-04-22,20:45,46.9,,24.0,40.4,0.0,SW@7.9,11.4,50.9,0.0,0,"Fairfield, Spokane County",330125,Fairfield,2017-12-02 07:58:04.619457
2009-04-22,21:00,46.7,,21.7,36.8,0.0,W@8.1,12.4,50.9,0.0,0,"Fairfield, Spokane County",330125,Fairfield,2017-12-02 07:58:04.619457
2009-04-22,21:15,46.2,,21.5,37.2,0.0,W@7.9,11.0,50.9,0.0,0,"Fairfield, Spokane County",330125,Fairfield,2017-12-02 07:58:04.619457
2009-04-22,21:30,45.7,,21.4,37.7,0.0,SW@6.6,10.3,50.9,0.0,0,"Fairfield, Spokane County",330125,Fairfield,2017-12-02 07:58:04.619457
2009-04-22,21:45,45.4,,20.6,36.9,0.0,SW@6.8,9.9,50.9,0.0,0,"Fairfield, Spokane County",330125,Fairfield,2017-12-02 07:58:04.619457
2009-04-22,22:00,45.2,,21.3,38.2,0.0,SW@7.7,11.4,50.9,0.0,0,"Fairfield, Spokane County",330125,Fairfield,2017-12-02 07:58:04.619457
2009-04-22,22:15,44.7,,21.5,39.3,0.0,SW@7.9,13.2,50.8,0.0,0,"Fairfield, Spokane County",330125,Fairfield,2017-12-02 07:58:04.619457
2009-04-22,22:30,44.6,,21.7,39.8,0.0,SW@7.0,10.7,50.8,0.0,0,"Fairfield, Spokane County",330125,Fairfield,2017-12-02 07:58:04.619457
2009-04-22,22:45,44.3,,21.2,39.4,0.0,SW@9.2,12.1,50.8,0.0,0,"Fairfield, Spokane County",330125,Fairfield,2017-12-02 07:58:04.619457
2009-04-22,23:00,43.7,,23.2,44.0,0.0,SW@9.0,14.2,50.7,0.0,0,"Fairfield, Spokane County",330125,Fairfield,2017-12-02 07:58:04.619457
2009-04-23,23:15,42.9,,24.2,47.2,0.0,SW@8.2,13.2,50.7,0.0,0,"Fairfield, Spokane County",330125,Fairfield,2017-12-02 07:58:04.619457
2009-04-23,23:30,42.8,,24.7,48.4,0.0,SW@7.7,12.8,50.7,0.0,0,"Fairfield, Spokane County",330125,Fairfield,2017-12-02 07:58:04.619457
2009-04-23,23:45,42.4,,24.9,49.8,0.0,SW@8.9,14.2,50.6,0.0,0,"Fairfield, Spokane County",330125,Fairfield,2017-12-02 07:58:04.619457
2009-04-23,24:00,42.1,,25.3,51.1,0.0,S@9.4,13.5,50.5,0.0,0,"Fairfield, Spokane County",330125,Fairfield,2017-12-02 07:58:04.619457
2009-04-23,00:15,41.7,,24.9,50.8,0.0,S@9.8,13.2,50.5,0.0,0,"Fairfield, Spokane County",330125,Fairfield,2017-12-02 07:58:04.619457
2009-04-23,00:30,41.7,,24.9,50.9,0.0,S@9.7,15.3,50.5,0.0,0,"Fairfield, Spokane County",330125,Fairfield,2017-12-02 07:58:04.619457
2009-04-23,00:45,41.2,,25.3,52.8,0.0,S@10.6,16.0,50.4,0.0,0,"Fairfield, Spokane County",330125,Fairfield,2017-12-02 07:58:04.619457
2009-04-23,01:00,40.8,,25.1,53.3,0.0,SW@9.8,15.7,50.4,0.0,0,"Fairfield, Spokane County",330125,Fairfield,2017-12-02 07:58:04.619457
2009-04-23,01:15,40.3,,24.3,52.4,0.0,SW@10.2,14.6,50.3,0.0,0,"Fairfield, Spokane County",330125,Fairfield,2017-12-02 07:58:04.619457
2009-04-23,01:30,39.8,,24.5,53.9,0.0,SW@10.5,15.7,50.3,0.0,0,"Fairfield, Spokane County",330125,Fairfield,2017-12-02 07:58:04.619457
2009-04-23,01:45,39.4,,23.7,53.1,0.0,SW@11.2,17.5,50.2,0.0,0,"Fairfield, Spokane County",330125,Fairfield,2017-12-02 07:58:04.619457
2009-04-23,02:00,39.1,,23.6,53.5,0.0,SW@10.5,15.0,50.1,0.0,0,"Fairfield, Spokane County",330125,Fairfield,2017-12-02 07:58:04.619457
2009-04-23,02:15,38.5,,23.7,55.0,0.0,SW@10.3,15.7,50.1,0.0,0,"Fairfield, Spokane County",330125,Fairfield,2017-12-02 07:58:04.619457
2009-04-23,02:30,38.2,,24.2,56.7,0.0,SW@9.8,16.4,50.0,0.0,0,"Fairfield, Spokane County",330125,Fairfield,2017-12-02 07:58:04.619457
2009-04-23,02:45,38.1,,24.4,57.5,0.0,SW@9.8,17.1,50.0,0.0,0,"Fairfield, Spokane County",330125,Fairfield,2017-12-02 07:58:04.619457
2009-04-23,03:00,37.9,,24.6,58.4,0.0,SW@10.0,15.7,49.9,0.0,0,"Fairfield, Spokane County",330125,Fairfield,2017-12-02 07:58:04.619457
2009-04-23,03:15,37.5,,24.7,59.6,0.0,SW@9.7,13.9,49.9,0.0,0,"Fairfield, Spokane County",330125,Fairfield,2017-12-02 07:58:04.619457
2009-04-23,03:30,36.8,,24.8,61.4,0.0,SW@10.9,16.0,49.8,0.0,0,"Fairfield, Spokane County",330125,Fairfield,2017-12-02 07:58:04.619457
2009-04-23,03:45,36.4,,25.2,63.5,0.0,SW@11.2,15.7,49.8,0.0,0,"Fairfield, Spokane County",330125,Fairfield,2017-12-02 07:58:04.619457
2009-04-23,04:00,35.9,,25.3,65.2,0.0,S@12.4,17.5,49.7,0.0,0,"Fairfield, Spokane County",330125,Fairfield,2017-12-02 07:58:04.619457
2009-04-23,04:15,35.4,,25.3,66.5,0.0,S@11.9,16.4,49.6,0.0,0,"Fairfield, Spokane County",330125,Fairfield,2017-12-02 07:58:04.619457
2009-04-23,04:30,34.9,,25.1,67.1,0.0,SW@10.3,15.0,49.6,0.0,0,"Fairfield, Spokane County",330125,Fairfield,2017-12-02 07:58:04.619457
2009-04-23,04:45,34.5,,25.6,69.6,0.0,SW@9.3,15.0,49.5,0.0,1,"Fairfield, Spokane County",330125,Fairfield,2017-12-02 07:58:04.619457
2009-04-23,05:00,33.9,,25.9,72.1,0.0,S@9.3,13.9,49.4,0.0,3,"Fairfield, Spokane County",330125,Fairfield,2017-12-02 07:58:04.619457
2009-04-23,05:15,33.4,,26.1,74.3,0.0,S@9.7,15.3,49.3,0.0,6,"Fairfield, Spokane County",330125,Fairfield,2017-12-02 07:58:04.619457
2009-04-23,05:30,33.0,,25.9,75.0,0.0,S@8.5,13.2,49.3,0.0,11,"Fairfield, Spokane County",330125,Fairfield,2017-12-02 07:58:04.619457
2009-04-23,05:45,32.9,,26.1,75.6,0.0,S@7.8,12.8,49.2,0.0,16,"Fairfield, Spokane County",330125,Fairfield,2017-12-02 07:58:04.619457
2009-04-23,06:00,32.4,,26.1,77.3,0.0,S@8.2,11.7,49.1,0.0,19,"Fairfield, Spokane County",330125,Fairfield,2017-12-02 07:58:04.619457
2009-04-23,06:15,32.5,,26.2,77.4,0.0,S@8.5,12.8,49.1,0.0,20,"Fairfield, Spokane County",330125,Fairfield,2017-12-02 07:58:04.619457
2009-04-23,06:30,33.3,,26.1,74.5,0.0,S@13.7,20.0,49.0,0.0,46,"Fairfield, Spokane County",330125,Fairfield,2017-12-02 07:58:04.619457
2009-04-23,06:45,34.4,,26.1,71.3,0.0,S@15.6,21.0,48.9,0.0,93,"Fairfield, Spokane County",330125,Fairfield,2017-12-02 07:58:04.619457
2009-04-23,07:00,35.0,,25.8,68.6,0.0,S@16.5,25.0,48.8,0.0,107,"Fairfield, Spokane County",330125,Fairfield,2017-12-02 07:58:04.619457
2009-04-23,07:15,36.0,,25.3,64.8,0.0,S@15.1,22.5,48.7,0.0,136,"Fairfield, Spokane County",330125,Fairfield,2017-12-02 07:58:04.619457
2009-04-23,07:30,37.3,,25.2,61.3,0.0,S@13.4,21.0,48.7,0.0,164,"Fairfield, Spokane County",330125,Fairfield,2017-12-02 07:58:04.619457
2009-04-23,07:45,38.8,,25.4,58.2,0.0,SW@13.2,23.5,48.6,0.0,187,"Fairfield, Spokane County",330125,Fairfield,2017-12-02 07:58:04.619457
2009-04-23,08:00,39.3,,24.9,56.0,0.0,SW@15.0,23.9,48.5,0.0,205,"Fairfield, Spokane County",330125,Fairfield,2017-12-02 07:58:04.619457
2009-04-23,08:15,40.5,,24.6,52.8,0.0,SW@15.1,23.5,48.4,0.0,230,"Fairfield, Spokane County",330125,Fairfield,2017-12-02 07:58:04.619457
2009-04-23,08:30,41.0,,24.4,51.3,0.0,SW@14.3,21.0,48.4,0.0,226,"Fairfield, Spokane County",330125,Fairfield,2017-12-02 07:58:04.619457
2009-04-23,08:45,42.2,,25.5,51.3,0.0,SW@12.6,21.4,48.3,0.0,245,"Fairfield, Spokane County",330125,Fairfield,2017-12-02 07:58:04.619457
2009-04-23,09:00,42.4,,24.7,49.3,0.0,SW@14.5,20.0,48.2,0.0,253,"Fairfield, Spokane County",330125,Fairfield,2017-12-02 07:58:04.619457
2009-04-23,09:15,42.8,,24.6,48.3,0.0,SW@12.7,22.5,48.1,0.0,267,"Fairfield, Spokane County",330125,Fairfield,2017-12-02 07:58:04.619457
2009-04-23,09:30,42.9,,23.9,46.7,0.0,SW@13.2,20.0,48.1,0.0,281,"Fairfield, Spokane County",330125,Fairfield,2017-12-02 07:58:04.619457
2009-04-23,09:45,43.6,,25.3,48.2,0.0,SW@13.5,20.0,48.0,0.0,270,"Fairfield, Spokane County",330125,Fairfield,2017-12-02 07:58:04.619457
2009-04-23,10:00,43.3,,24.7,47.5,0.0,SW@13.2,19.6,47.9,0.0,269,"Fairfield, Spokane County",330125,Fairfield,2017-12-02 07:58:04.619457
2009-04-23,10:15,44.7,,25.3,46.3,0.0,SW@11.4,18.2,47.9,0.0,356,"Fairfield, Spokane County",330125,Fairfield,2017-12-02 07:58:04.619457
2009-04-23,10:30,46.1,,25.8,44.7,0.0,SW@12.0,20.3,47.8,0.0,394,"Fairfield, Spokane County",330125,Fairfield,2017-12-02 07:58:04.619457
2009-04-23,10:45,44.8,,25.4,46.2,0.0,SW@12.0,18.5,47.8,0.0,225,"Fairfield, Spokane County",330125,Fairfield,2017-12-02 07:58:04.619457
2009-04-23,11:00,45.4,,25.3,45.0,0.0,SW@13.0,22.5,47.8,0.0,298,"Fairfield, Spokane County",330125,Fairfield,2017-12-02 07:58:04.619457
2009-04-23,11:15,43.9,,23.9,44.9,0.0,SW@11.4,19.6,47.7,0.0,92,"Fairfield, Spokane County",330125,Fairfield,2017-12-02 07:58:04.619457
2009-04-23,11:30,43.7,,22.7,43.1,0.0,SW@10.8,17.5,47.7,0.0,102,"Fairfield, Spokane County",330125,Fairfield,2017-12-02 07:58:04.619457
2009-04-23,11:45,44.7,,23.4,42.7,0.0,SW@12.2,20.3,47.7,0.0,123,"Fairfield, Spokane County",330125,Fairfield,2017-12-02 07:58:04.619457
2009-04-23,12:00,44.1,,26.2,49.1,0.0,NW@6.0,11.7,47.7,0.0,136,"Fairfield, Spokane County",330125,Fairfield,2017-12-02 07:58:04.619457
2009-04-23,12:15,44.2,,26.2,48.8,0.0,NW@6.6,12.4,47.7,0.0,147,"Fairfield, Spokane County",330125,Fairfield,2017-12-02 07:58:04.619457
2009-04-23,12:30,43.2,,27.1,52.7,0.0,N@7.6,12.1,47.7,0.0,100,"Fairfield, Spokane County",330125,Fairfield,2017-12-02 07:58:04.619457
2009-04-23,12:45,43.9,,27.2,51.5,0.0,NW@7.0,11.0,47.7,0.0,137,"Fairfield, Spokane County",330125,Fairfield,2017-12-02 07:58:04.619457
2009-04-23,13:00,43.7,,25.9,49.2,0.0,NW@4.7,10.3,47.7,0.0,63,"Fairfield, Spokane County",330125,Fairfield,2017-12-02 07:58:04.619457
2009-04-23,13:15,43.2,,24.1,46.6,0.0,SW@9.0,17.1,47.7,0.0,77,"Fairfield, Spokane County",330125,Fairfield,2017-12-02 07:58:04.619457
2009-04-23,13:30,42.3,,24.9,49.8,0.0,SW@11.0,22.5,47.7,0.0,74,"Fairfield, Spokane County",330125,Fairfield,2017-12-02 07:58:04.619457
2009-04-23,13:45,42.7,,24.7,48.5,0.0,W@9.5,19.2,47.7,0.0,65,"Fairfield, Spokane County",330125,Fairfield,2017-12-02 07:58:04.619457
2009-04-23,14:00,40.3,,28.9,63.5,0.02,NW@12.3,20.0,47.8,0.0,108,"Fairfield, Spokane County",330125,Fairfield,2017-12-02 07:58:04.619457
2009-04-23,14:15,41.3,,29.7,63.1,0.0,NW@9.5,15.3,47.8,0.0,190,"Fairfield, Spokane County",330125,Fairfield,2017-12-02 07:58:04.619457
2009-04-23,14:30,41.0,,29.6,63.5,0.0,NW@7.3,12.4,47.8,0.0,88,"Fairfield, Spokane County",330125,Fairfield,2017-12-02 07:58:04.619457
2009-04-23,14:45,40.1,,29.7,65.9,0.0,NW@5.9,9.9,47.8,0.0,62,"Fairfield, Spokane County",330125,Fairfield,2017-12-02 07:58:04.619457
2009-04-23,15:00,39.1,,30.4,70.7,0.0,W@5.9,12.4,47.8,0.0,36,"Fairfield, Spokane County",330125,Fairfield,2017-12-02 07:58:04.619457
2009-04-23,15:15,38.6,,30.7,72.7,0.19,E@2.9,7.1,47.9,0.0,135,"Fairfield, Spokane County",330125,Fairfield,2017-12-02 07:58:04.619457
2009-04-23,15:30,39.4,,32.5,76.0,0.53,N@3.9,7.8,47.9,0.0,73,"Fairfield, Spokane County",330125,Fairfield,2017-12-02 07:58:04.619457
2009-04-23,15:45,38.0,,33.4,83.4,0.71,NE@5.0,8.9,47.9,0.0,72,"Fairfield, Spokane County",330125,Fairfield,2017-12-02 07:58:04.619457
2009-04-23,16:00,38.2,,33.7,83.6,0.64,NE@3.9,5.7,47.9,0.0,45,"Fairfield, Spokane County",330125,Fairfield,2017-12-02 07:58:04.619457
2009-04-23,16:15,38.3,,33.5,82.7,0.88,NE@3.7,6.0,47.9,0.0,70,"Fairfield, Spokane County",330125,Fairfield,2017-12-02 07:58:04.619457
2009-04-23,16:30,39.0,,32.4,77.0,0.89,W@3.9,7.8,47.9,0.0,70,"Fairfield, Spokane County",330125,Fairfield,2017-12-02 07:58:04.619457
2009-04-23,16:45,39.0,,32.0,75.6,0.7,SW@6.6,9.6,48.0,0.0,66,"Fairfield, Spokane County",330125,Fairfield,2017-12-02 07:58:04.619457
2009-04-23,17:00,39.7,,31.0,70.8,0.32,SW@7.9,11.4,48.0,0.0,117,"Fairfield, Spokane County",330125,Fairfield,2017-12-02 07:58:04.619457
2009-04-23,17:15,41.8,,30.0,62.7,0.0,SW@10.7,20.7,48.0,0.0,166,"Fairfield, Spokane County",330125,Fairfield,2017-12-02 07:58:04.619457
2009-04-23,17:30,40.4,,30.6,67.7,0.0,SW@12.6,20.0,48.0,0.0,124,"Fairfield, Spokane County",330125,Fairfield,2017-12-02 07:58:04.619457
2009-04-23,17:45,39.4,,30.8,71.1,0.0,SW@9.8,15.3,48.0,0.0,98,"Fairfield, Spokane County",330125,Fairfield,2017-12-02 07:58:04.619457
2009-04-23,18:00,39.6,,30.2,68.7,0.0,SW@8.4,12.8,48.0,0.0,93,"Fairfield, Spokane County",330125,Fairfield,2017-12-02 07:58:04.619457
2009-04-23,18:15,40.0,,29.4,65.4,0.0,SW@6.8,12.4,48.0,0.0,69,"Fairfield, Spokane County",330125,Fairfield,2017-12-02 07:58:04.619457
2009-04-23,18:30,40.0,,28.5,63.2,0.0,SW@7.3,11.0,48.1,0.0,43,"Fairfield, Spokane County",330125,Fairfield,2017-12-02 07:58:04.619457
2009-04-23,18:45,39.4,,28.1,63.5,0.0,SW@8.4,11.7,48.1,0.0,19,"Fairfield, Spokane County",330125,Fairfield,2017-12-02 07:58:04.619457
2009-04-23,19:00,38.4,,27.5,64.5,0.0,SW@7.0,11.0,48.1,0.0,3,"Fairfield, Spokane County",330125,Fairfield,2017-12-02 07:58:04.619457
2009-04-23,19:15,37.6,,27.2,65.7,0.0,SW@7.2,10.7,48.1,0.0,1,"Fairfield, Spokane County",330125,Fairfield,2017-12-02 07:58:04.619457
2009-04-23,19:30,36.6,,27.2,68.4,0.0,SW@6.4,9.9,48.1,0.0,0,"Fairfield, Spokane County",330125,Fairfield,2017-12-02 07:58:04.619457
2009-04-23,19:45,35.7,,27.3,71.4,0.0,S@5.4,7.8,48.1,0.0,0,"Fairfield, Spokane County",330125,Fairfield,2017-12-02 07:58:04.619457
2009-04-23,20:00,34.7,,26.8,72.5,0.0,S@5.3,7.1,48.1,0.0,0,"Fairfield, Spokane County",330125,Fairfield,2017-12-02 07:58:04.619457
2009-04-23,20:15,33.5,,26.3,74.5,0.0,S@5.0,6.4,48.1,0.0,0,"Fairfield, Spokane County",330125,Fairfield,2017-12-02 07:58:04.619457
2009-04-23,20:30,33.8,,26.7,74.7,0.0,S@4.9,7.1,48.1,0.0,0,"Fairfield, Spokane County",330125,Fairfield,2017-12-02 07:58:04.619457
2009-04-23,20:45,34.1,,26.6,73.8,0.0,S@4.4,6.7,48.2,0.0,0,"Fairfield, Spokane County",330125,Fairfield,2017-12-02 07:58:04.619457
2009-04-23,21:00,34.0,,26.5,73.8,0.0,S@3.0,4.9,48.2,0.0,0,"Fairfield, Spokane County",330125,Fairfield,2017-12-02 07:58:04.619457
2009-04-23,21:15,33.5,,26.0,73.7,0.0,SE@3.3,4.2,48.2,0.0,0,"Fairfield, Spokane County",330125,Fairfield,2017-12-02 07:58:04.619457
2009-04-23,21:30,33.7,,25.3,70.9,0.0,SE@3.9,4.6,48.1,0.0,0,"Fairfield, Spokane County",330125,Fairfield,2017-12-02 07:58:04.619457
2009-04-23,21:45,34.0,,24.7,68.3,0.0,SE@4.0,4.6,48.1,0.0,0,"Fairfield, Spokane County",330125,Fairfield,2017-12-02 07:58:04.619457
2009-04-23,22:00,32.7,,24.4,71.1,0.0,SE@5.2,6.4,48.1,0.0,0,"Fairfield, Spokane County",330125,Fairfield,2017-12-02 07:58:04.619457
2009-04-23,22:15,31.6,,24.1,73.8,0.0,SE@5.5,6.4,48.0,0.0,0,"Fairfield, Spokane County",330125,Fairfield,2017-12-02 07:58:04.619457
2009-04-23,22:30,31.0,,23.7,74.7,0.0,SE@5.6,6.4,48.0,0.0,0,"Fairfield, Spokane County",330125,Fairfield,2017-12-02 07:58:04.619457
2009-04-23,22:45,29.9,,23.1,77.0,0.0,SE@5.5,7.1,47.9,0.0,0,"Fairfield, Spokane County",330125,Fairfield,2017-12-02 07:58:04.619457
2009-04-23,23:00,30.7,,23.2,74.4,0.0,SE@4.8,8.5,47.9,0.0,0,"Fairfield, Spokane County",330125,Fairfield,2017-12-02 07:58:04.619457
2009-04-24,23:15,30.7,,23.3,74.4,0.0,SE@4.9,6.0,47.9,0.0,0,"Fairfield, Spokane County",330125,Fairfield,2017-12-02 07:58:04.619457
2009-04-24,23:30,29.8,,23.1,77.3,0.0,SE@5.4,6.4,47.9,0.0,0,"Fairfield, Spokane County",330125,Fairfield,2017-12-02 07:58:04.619457
2009-04-24,23:45,29.3,,22.5,77.3,0.0,SE@5.9,7.4,47.9,0.0,0,"Fairfield, Spokane County",330125,Fairfield,2017-12-02 07:58:04.619457
2009-04-24,24:00,29.0,,22.1,76.5,0.0,SE@4.8,6.7,48.0,0.0,0,"Fairfield, Spokane County",330125,Fairfield,2017-12-02 07:58:04.619457
2009-04-24,00:15,29.7,,23.2,77.9,0.0,S@2.3,5.7,48.0,0.0,0,"Fairfield, Spokane County",330125,Fairfield,2017-12-02 07:58:04.619457
2009-04-24,00:30,30.4,,23.0,74.8,0.0,SE@3.6,5.3,48.0,0.0,0,"Fairfield, Spokane County",330125,Fairfield,2017-12-02 07:58:04.619457
2009-04-24,00:45,28.7,,21.9,77.2,0.0,SE@3.5,5.7,48.0,0.0,0,"Fairfield, Spokane County",330125,Fairfield,2017-12-02 07:58:04.619457
2009-04-24,01:00,27.3,,21.2,79.9,0.0,SE@3.3,4.6,47.9,0.0,0,"Fairfield, Spokane County",330125,Fairfield,2017-12-02 07:58:04.619457
2009-04-24,01:15,26.8,,21.1,81.6,0.0,SE@3.0,4.6,48.0,0.0,0,"Fairfield, Spokane County",330125,Fairfield,2017-12-02 07:58:04.619457
2009-04-24,01:30,27.9,,21.9,80.2,0.01,S@3.1,4.2,47.9,0.0,0,"Fairfield, Spokane County",330125,Fairfield,2017-12-02 07:58:04.619457
2009-04-24,01:45,28.7,,22.5,79.1,0.01,SE@3.6,4.6,47.9,0.0,0,"Fairfield, Spokane County",330125,Fairfield,2017-12-02 07:58:04.619457
2009-04-24,02:00,28.1,,22.3,80.8,0.01,SE@4.4,5.3,47.7,0.0,0,"Fairfield, Spokane County",330125,Fairfield,2017-12-02 07:58:04.619457
2009-04-24,02:15,26.7,,21.2,82.1,0.0,SE@4.7,6.0,47.6,0.0,0,"Fairfield, Spokane County",330125,Fairfield,2017-12-02 07:58:04.619457
2009-04-24,02:30,25.0,,20.3,86.0,0.01,E@5.3,6.4,47.7,0.0,0,"Fairfield, Spokane County",330125,Fairfield,2017-12-02 07:58:04.619457
2009-04-24,02:45,25.2,,20.8,86.7,0.01,E@5.4,6.4,47.7,0.0,0,"Fairfield, Spokane County",330125,Fairfield,2017-12-02 07:58:04.619457
2009-04-24,03:00,25.1,,20.7,86.9,0.01,SE@4.8,6.0,47.6,0.0,0,"Fairfield, Spokane County",330125,Fairfield,2017-12-02 07:58:04.619457
2009-04-24,03:15,25.8,,21.3,86.3,0.01,S@3.2,4.6,47.6,0.0,0,"Fairfield, Spokane County",330125,Fairfield,2017-12-02 07:58:04.619457
2009-04-24,03:30,25.5,,21.1,86.8,0.02,SW@2.0,4.2,47.5,0.0,0,"Fairfield, Spokane County",330125,Fairfield,2017-12-02 07:58:04.619457
2009-04-24,03:45,25.5,,21.6,88.7,0.04,E@3.0,3.9,47.5,0.0,0,"Fairfield, Spokane County",330125,Fairfield,2017-12-02 07:58:04.619457
2009-04-24,04:00,26.4,,22.1,86.6,0.04,SE@4.6,6.7,47.4,0.0,0,"Fairfield, Spokane County",330125,Fairfield,2017-12-02 07:58:04.619457
2009-04-24,04:15,25.2,,21.1,88.1,0.03,SE@5.3,6.4,47.3,0.0,0,"Fairfield, Spokane County",330125,Fairfield,2017-12-02 07:58:04.619457
2009-04-24,04:30,24.0,,20.1,89.5,0.03,SE@4.7,5.7,47.2,0.0,1,"Fairfield, Spokane County",330125,Fairfield,2017-12-02 07:58:04.619457
2009-04-24,04:45,23.6,,19.9,90.1,0.04,S@1.8,4.2,47.1,0.0,2,"Fairfield, Spokane County",330125,Fairfield,2017-12-02 07:58:04.619457
2009-04-24,05:00,24.9,,21.0,88.5,0.05,SE@1.4,3.9,47.1,0.0,7,"Fairfield, Spokane County",330125,Fairfield,2017-12-02 07:58:04.619457
2009-04-24,05:15,25.3,,21.6,89.1,0.03,NE@1.2,3.1,47.1,0.0,23,"Fairfield, Spokane County",330125,Fairfield,2017-12-02 07:58:04.619457
2009-04-24,05:30,26.3,,21.9,86.4,0.03,SE@2.6,3.9,47.0,0.0,41,"Fairfield, Spokane County",330125,Fairfield,2017-12-02 07:58:04.619457
2009-04-24,05:45,27.0,,22.9,87.3,0.03,SE@3.6,4.6,47.0,0.0,61,"Fairfield, Spokane County",330125,Fairfield,2017-12-02 07:58:04.619457
2009-04-24,06:00,28.1,,24.3,88.0,0.04,SE@4.2,6.4,46.9,0.0,78,"Fairfield, Spokane County",330125,Fairfield,2017-12-02 07:58:04.619457
2009-04-24,06:15,29.9,,25.9,86.3,0.02,SE@5.0,7.1,46.8,0.0,94,"Fairfield, Spokane County",330125,Fairfield,2017-12-02 07:58:04.619457
2009-04-24,06:30,31.1,,26.8,84.6,0.0,SE@6.3,8.9,46.8,0.0,108,"Fairfield, Spokane County",330125,Fairfield,2017-12-02 07:58:04.619457
2009-04-24,06:45,32.2,,27.5,82.6,0.0,S@6.5,9.6,46.7,0.0,121,"Fairfield, Spokane County",330125,Fairfield,2017-12-02 07:58:04.619457
2009-04-24,07:00,33.1,,27.4,79.3,0.0,S@5.9,9.2,46.7,0.0,131,"Fairfield, Spokane County",330125,Fairfield,2017-12-02 07:58:04.619457
2009-04-24,07:15,33.5,,27.4,78.3,0.0,S@8.1,10.7,46.7,0.0,145,"Fairfield, Spokane County",330125,Fairfield,2017-12-02 07:58:04.619457
2009-04-24,07:30,34.4,,27.5,75.5,0.0,S@7.8,11.0,46.6,0.0,162,"Fairfield, Spokane County",330125,Fairfield,2017-12-02 07:58:04.619457
2009-04-24,07:45,35.6,,27.7,72.6,0.0,S@7.2,11.0,46.6,0.0,179,"Fairfield, Spokane County",330125,Fairfield,2017-12-02 07:58:04.619457
2009-04-24,08:00,37.2,,27.9,68.8,0.0,S@6.6,10.3,46.5,0.0,195,"Fairfield, Spokane County",330125,Fairfield,2017-12-02 07:58:04.619457
2009-04-24,08:15,38.2,,28.3,67.3,0.0,S@7.2,10.3,46.5,0.0,211,"Fairfield, Spokane County",330125,Fairfield,2017-12-02 07:58:04.619457
2009-04-24,08:30,38.9,,28.2,65.3,0.0,S@7.5,11.4,46.5,0.0,228,"Fairfield, Spokane County",330125,Fairfield,2017-12-02 07:58:04.619457
2009-04-24,08:45,39.8,,28.2,62.7,0.0,SW@7.2,11.4,46.5,0.0,243,"Fairfield, Spokane County",330125,Fairfield,2017-12-02 07:58:04.619457
2009-04-24,09:00,40.9,,27.6,58.8,0.0,S@7.0,11.7,46.4,0.0,258,"Fairfield, Spokane County",330125,Fairfield,2017-12-02 07:58:04.619457
2009-04-24,09:15,42.1,,26.2,52.8,0.0,S@4.5,10.3,46.4,0.0,271,"Fairfield, Spokane County",330125,Fairfield,2017-12-02 07:58:04.619457
2009-04-24,09:30,43.4,,24.7,47.3,0.0,SW@5.7,11.4,46.4,0.0,284,"Fairfield, Spokane County",330125,Fairfield,2017-12-02 07:58:04.619457
2009-04-24,09:45,44.5,,24.2,44.4,0.0,S@4.1,8.5,46.4,0.0,298,"Fairfield, Spokane County",330125,Fairfield,2017-12-02 07:58:04.619457
2009-04-24,10:00,45.2,,21.9,39.4,0.0,S@5.8,10.3,46.3,0.0,310,"Fairfield, Spokane County",330125,Fairfield,2017-12-02 07:58:04.619457
2009-04-24,10:15,45.6,,21.0,37.2,0.0,NW@6.7,14.6,46.3,0.0,324,"Fairfield, Spokane County",330125,Fairfield,2017-12-02 07:58:04.619457
2009-04-24,10:30,45.8,,20.9,36.9,0.0,W@7.0,13.2,46.2,0.0,341,"Fairfield, Spokane County",330125,Fairfield,2017-12-02 07:58:04.619457
2009-04-24,10:45,46.1,,20.1,35.1,0.0,NW@6.4,11.7,46.3,0.0,352,"Fairfield, Spokane County",330125,Fairfield,2017-12-02 07:58:04.619457
2009-04-24,11:00,47.4,,20.2,33.7,0.0,SW@4.2,9.6,46.2,0.0,374,"Fairfield, Spokane County",330125,Fairfield,2017-12-02 07:58:04.619457
2009-04-24,11:15,47.0,,18.9,32.3,0.0,NW@4.9,12.1,46.2,0.0,204,"Fairfield, Spokane County",330125,Fairfield,2017-12-02 07:58:04.619457
2009-04-24,11:30,47.6,,20.3,33.6,0.0,N@4.3,11.0,46.2,0.0,299,"Fairfield, Spokane County",330125,Fairfield,2017-12-02 07:58:04.619457
2009-04-24,11:45,48.2,,20.4,32.9,0.0,NW@5.8,13.2,46.2,0.0,351,"Fairfield, Spokane County",330125,Fairfield,2017-12-02 07:58:04.619457
2009-04-24,12:00,49.5,,21.8,33.4,0.0,NW@5.1,12.8,46.2,0.0,442,"Fairfield, Spokane County",330125,Fairfield,2017-12-02 07:58:04.619457
2009-04-24,12:15,50.3,,21.4,31.8,0.0,SW@8.4,13.9,46.2,0.0,421,"Fairfield, Spokane County",330125,Fairfield,2017-12-02 07:58:04.619457
2009-04-24,12:30,49.6,,19.7,30.4,0.0,W@8.6,13.2,46.3,0.0,280,"Fairfield, Spokane County",330125,Fairfield,2017-12-02 07:58:04.619457
2009-04-24,12:45,48.1,,18.3,30.2,0.0,W@5.3,12.4,46.4,0.0,260,"Fairfield, Spokane County",330125,Fairfield,2017-12-02 07:58:04.619457
2009-04-24,13:00,49.8,,17.8,27.6,0.0,NW@5.6,11.0,46.4,0.0,352,"Fairfield, Spokane County",330125,Fairfield,2017-12-02 07:58:04.619457
2009-04-24,13:15,49.6,,16.9,26.9,0.0,W@5.8,12.4,46.5,0.0,303,"Fairfield, Spokane County",330125,Fairfield,2017-12-02 07:58:04.619457
2009-04-24,13:30,50.7,,17.1,26.1,0.0,W@8.4,14.6,46.6,0.0,355,"Fairfield, Spokane County",330125,Fairfield,2017-12-02 07:58:04.619457
2009-04-24,13:45,52.0,,18.1,26.0,0.0,SW@7.2,15.0,46.7,0.0,400,"Fairfield, Spokane County",330125,Fairfield,2017-12-02 07:58:04.619457
2009-04-24,14:00,50.0,,16.4,25.9,0.0,SW@8.0,12.8,46.7,0.0,143,"Fairfield, Spokane County",330125,Fairfield,2017-12-02 07:58:04.619457
2009-04-24,14:15,51.5,,16.7,24.8,0.0,W@5.9,15.3,46.8,0.0,314,"Fairfield, Spokane County",330125,Fairfield,2017-12-02 07:58:04.619457
2009-04-24,14:30,52.8,,16.4,23.3,0.0,SW@11.0,18.9,46.9,0.0,349,"Fairfield, Spokane County",330125,Fairfield,2017-12-02 07:58:04.619457
2009-04-24,14:45,53.8,,16.4,22.5,0.0,SW@10.4,16.4,47.0,0.0,401,"Fairfield, Spokane County",330125,Fairfield,2017-12-02 07:58:04.619457
2009-04-24,15:00,52.8,,15.2,22.1,0.0,W@7.4,19.2,47.1,0.0,285,"Fairfield, Spokane County",330125,Fairfield,2017-12-02 07:58:04.619457
2009-04-24,15:15,53.6,,15.7,22.1,0.0,SW@11.3,21.4,47.2,0.0,317,"Fairfield, Spokane County",330125,Fairfield,2017-12-02 07:58:04.619457
2009-04-24,15:30,52.8,,15.5,22.5,0.0,W@10.1,17.1,47.3,0.0,287,"Fairfield, Spokane County",330125,Fairfield,2017-12-02 07:58:04.619457
2009-04-24,15:45,52.9,,15.4,22.2,0.0,SW@8.4,13.5,47.4,0.0,258,"Fairfield, Spokane County",330125,Fairfield,2017-12-02 07:58:04.619457
2009-04-24,16:00,53.6,,15.4,21.7,0.0,W@12.3,17.8,47.6,0.0,290,"Fairfield, Spokane County",330125,Fairfield,2017-12-02 07:58:04.619457
2009-04-24,16:15,52.6,,14.5,21.7,0.0,W@10.1,16.0,47.7,0.0,156,"Fairfield, Spokane County",330125,Fairfield,2017-12-02 07:58:04.619457
2009-04-24,16:30,53.2,,15.4,22.0,0.0,W@10.0,17.8,47.8,0.0,249,"Fairfield, Spokane County",330125,Fairfield,2017-12-02 07:58:04.619457
2009-04-24,16:45,52.7,,15.0,22.1,0.0,W@10.0,15.7,47.9,0.0,165,"Fairfield, Spokane County",330125,Fairfield,2017-12-02 07:58:04.619457
2009-04-24,17:00,52.8,,16.1,23.0,0.0,SW@11.0,17.5,48.1,0.0,189,"Fairfield, Spokane County",330125,Fairfield,2017-12-02 07:58:04.619457
2009-04-24,17:15,52.5,,15.7,22.9,0.0,W@10.1,16.4,48.2,0.0,160,"Fairfield, Spokane County",330125,Fairfield,2017-12-02 07:58:04.619457
2009-04-24,17:30,51.8,,16.0,23.8,0.0,SW@11.2,17.8,48.3,0.0,136,"Fairfield, Spokane County",330125,Fairfield,2017-12-02 07:58:04.619457
2009-04-24,17:45,51.4,,16.9,25.1,0.0,SW@10.9,17.1,48.4,0.0,106,"Fairfield, Spokane County",330125,Fairfield,2017-12-02 07:58:04.619457
2009-04-24,18:00,50.4,,16.7,25.9,0.0,SW@12.7,17.8,48.6,0.0,84,"Fairfield, Spokane County",330125,Fairfield,2017-12-02 07:58:04.619457
2009-04-24,18:15,49.5,,17.2,27.3,0.0,SW@11.8,16.0,48.6,0.0,57,"Fairfield, Spokane County",330125,Fairfield,2017-12-02 07:58:04.619457
2009-04-24,18:30,48.3,,18.4,30.2,0.0,SW@10.9,17.1,48.7,0.0,33,"Fairfield, Spokane County",330125,Fairfield,2017-12-02 07:58:04.619457
2009-04-24,18:45,47.0,,19.4,33.0,0.0,SW@9.1,12.4,48.8,0.0,15,"Fairfield, Spokane County",330125,Fairfield,2017-12-02 07:58:04.619457
2009-04-24,19:00,45.5,,20.8,37.0,0.0,SW@8.1,11.4,48.9,0.0,3,"Fairfield, Spokane County",330125,Fairfield,2017-12-02 07:58:04.619457
2009-04-24,19:15,44.3,,22.0,40.7,0.0,SW@8.3,11.4,49.0,0.0,0,"Fairfield, Spokane County",330125,Fairfield,2017-12-02 07:58:04.619457
2009-04-24,19:30,43.2,,22.4,43.2,0.0,SW@7.2,11.4,49.1,0.0,0,"Fairfield, Spokane County",330125,Fairfield,2017-12-02 07:58:04.619457
2009-04-24,19:45,42.7,,22.3,43.9,0.0,SW@8.3,12.4,49.1,0.0,0,"Fairfield, Spokane County",330125,Fairfield,2017-12-02 07:58:04.619457
2009-04-24,20:00,42.0,,22.1,44.8,0.0,SW@8.4,11.7,49.2,0.0,0,"Fairfield, Spokane County",330125,Fairfield,2017-12-02 07:58:04.619457
2009-04-24,20:15,41.2,,21.9,45.7,0.0,SW@8.1,11.0,49.2,0.0,0,"Fairfield, Spokane County",330125,Fairfield,2017-12-02 07:58:04.619457
2009-04-24,20:30,40.9,,21.6,45.8,0.0,SW@8.5,13.2,49.3,0.0,0,"Fairfield, Spokane County",330125,Fairfield,2017-12-02 07:58:04.619457
2009-04-24,20:45,40.1,,21.6,47.3,0.0,S@7.0,9.9,49.3,0.0,0,"Fairfield, Spokane County",330125,Fairfield,2017-12-02 07:58:04.619457
2009-04-24,21:00,38.9,,21.5,49.2,0.0,S@6.6,9.6,49.1,0.0,0,"Fairfield, Spokane County",330125,Fairfield,2017-12-02 07:58:04.619457
2009-04-24,21:15,37.8,,21.6,51.7,0.0,S@6.5,9.2,49.0,0.0,0,"Fairfield, Spokane County",330125,Fairfield,2017-12-02 07:58:04.619457
2009-04-24,21:30,37.6,,21.4,51.6,0.0,S@6.3,9.2,49.1,0.0,0,"Fairfield, Spokane County",330125,Fairfield,2017-12-02 07:58:04.619457
2009-04-24,21:45,35.9,,21.6,55.9,0.0,SE@7.1,9.2,49.1,0.0,0,"Fairfield, Spokane County",330125,Fairfield,2017-12-02 07:58:04.619457
2009-04-24,22:00,35.6,,21.2,55.4,0.0,SE@6.9,8.9,48.9,0.0,0,"Fairfield, Spokane County",330125,Fairfield,2017-12-02 07:58:04.619457
2009-04-24,22:15,35.4,,20.9,55.2,0.0,S@6.5,8.9,49.1,0.0,0,"Fairfield, Spokane County",330125,Fairfield,2017-12-02 07:58:04.619457
2009-04-24,22:30,34.9,,20.7,55.8,0.0,S@5.5,7.4,49.1,0.0,0,"Fairfield, Spokane County",330125,Fairfield,2017-12-02 07:58:04.619457
2009-04-24,22:45,34.9,,20.5,55.3,0.0,SE@5.7,7.1,49.2,0.0,0,"Fairfield, Spokane County",330125,Fairfield,2017-12-02 07:58:04.619457
2009-04-24,23:00,34.5,,20.6,56.4,0.0,SE@6.4,7.8,49.2,0.0,0,"Fairfield, Spokane County",330125,Fairfield,2017-12-02 07:58:04.619457
2009-04-25,23:15,34.3,,21.2,58.3,0.0,SE@6.6,8.9,49.2,0.0,0,"Fairfield, Spokane County",330125,Fairfield,2017-12-02 07:58:04.619457
2009-04-25,23:30,34.2,,21.3,58.7,0.0,S@5.8,7.1,49.3,0.0,0,"Fairfield, Spokane County",330125,Fairfield,2017-12-02 07:58:04.619457
2009-04-25,23:45,34.1,,21.4,59.1,0.0,S@5.6,7.4,49.2,0.0,0,"Fairfield, Spokane County",330125,Fairfield,2017-12-02 07:58:04.619457
2009-04-25,24:00,34.4,,21.3,58.5,0.0,S@5.8,7.8,49.2,0.0,0,"Fairfield, Spokane County",330125,Fairfield,2017-12-02 07:58:04.619457
2009-04-25,00:15,34.5,,21.6,58.9,0.0,S@5.9,7.8,49.2,0.0,0,"Fairfield, Spokane County",330125,Fairfield,2017-12-02 07:58:04.619457
2009-04-25,00:30,34.7,,21.6,58.4,0.0,S@6.4,8.9,49.2,0.0,0,"Fairfield, Spokane County",330125,Fairfield,2017-12-02 07:58:04.619457
2009-04-25,00:45,34.8,,21.7,58.2,0.0,SE@6.9,8.9,49.2,0.0,0,"Fairfield, Spokane County",330125,Fairfield,2017-12-02 07:58:04.619457
2009-04-25,01:00,35.0,,21.9,58.3,0.0,S@6.1,8.2,49.1,0.0,0,"Fairfield, Spokane County",330125,Fairfield,2017-12-02 07:58:04.619457
2009-04-25,01:15,35.2,,22.1,58.5,0.0,S@6.8,8.5,49.0,0.0,0,"Fairfield, Spokane County",330125,Fairfield,2017-12-02 07:58:04.619457
2009-04-25,01:30,35.3,,22.1,58.4,0.0,S@8.0,9.9,48.9,0.0,0,"Fairfield, Spokane County",330125,Fairfield,2017-12-02 07:58:04.619457
2009-04-25,01:45,35.2,,22.1,58.4,0.0,S@8.5,11.7,48.8,0.0,0,"Fairfield, Spokane County",330125,Fairfield,2017-12-02 07:58:04.619457
2009-04-25,02:00,35.7,,22.1,57.2,0.0,S@7.4,12.1,48.8,0.0,0,"Fairfield, Spokane County",330125,Fairfield,2017-12-02 07:58:04.619457
2009-04-25,02:15,35.9,,22.0,56.6,0.0,S@7.5,11.0,48.9,0.0,0,"Fairfield, Spokane County",330125,Fairfield,2017-12-02 07:58:04.619457
2009-04-25,02:30,36.2,,22.3,56.6,0.0,S@7.8,11.0,48.8,0.0,0,"Fairfield, Spokane County",330125,Fairfield,2017-12-02 07:58:04.619457
2009-04-25,02:45,35.9,,22.4,57.5,0.0,S@9.5,12.4,48.7,0.0,0,"Fairfield, Spokane County",330125,Fairfield,2017-12-02 07:58:04.619457
2009-04-25,03:00,36.3,,22.4,56.9,0.0,SE@9.3,12.4,48.8,0.0,0,"Fairfield, Spokane County",330125,Fairfield,2017-12-02 07:58:04.619457
2009-04-25,03:15,36.2,,22.7,57.6,0.0,SE@9.8,12.8,48.7,0.0,0,"Fairfield, Spokane County",330125,Fairfield,2017-12-02 07:58:04.619457
2009-04-25,03:30,36.2,,22.7,57.7,0.0,SE@10.0,12.8,48.5,0.0,0,"Fairfield, Spokane County",330125,Fairfield,2017-12-02 07:58:04.619457
2009-04-25,03:45,36.2,,22.8,58.0,0.0,S@9.7,14.2,48.0,0.0,0,"Fairfield, Spokane County",330125,Fairfield,2017-12-02 07:58:04.619457
2009-04-25,04:00,35.8,,22.9,59.0,0.0,S@9.6,13.2,47.9,0.0,0,"Fairfield, Spokane County",330125,Fairfield,2017-12-02 07:58:04.619457
2009-04-25,04:15,35.3,,22.8,60.1,0.0,SE@9.6,14.6,48.0,0.0,0,"Fairfield, Spokane County",330125,Fairfield,2017-12-02 07:58:04.619457
2009-04-25,04:30,34.8,,22.8,61.2,0.0,SE@9.6,13.2,48.0,0.0,0,"Fairfield, Spokane County",330125,Fairfield,2017-12-02 07:58:04.619457
2009-04-25,04:45,34.2,,22.7,62.3,0.0,SE@10.2,13.9,48.1,0.0,2,"Fairfield, Spokane County",330125,Fairfield,2017-12-02 07:58:04.619457
2009-04-25,05:00,34.4,,22.6,61.6,0.0,SE@10.5,14.6,48.1,0.0,3,"Fairfield, Spokane County",330125,Fairfield,2017-12-02 07:58:04.619457
2009-04-25,05:15,34.0,,22.7,63.1,0.0,S@9.4,13.2,48.0,0.0,14,"Fairfield, Spokane County",330125,Fairfield,2017-12-02 07:58:04.619457
2009-04-25,05:30,35.0,,23.4,62.3,0.0,S@7.7,11.4,48.0,0.0,42,"Fairfield, Spokane County",330125,Fairfield,2017-12-02 07:58:04.619457
2009-04-25,05:45,35.0,,23.7,62.9,0.0,S@8.1,10.3,48.0,0.0,30,"Fairfield, Spokane County",330125,Fairfield,2017-12-02 07:58:04.619457
2009-04-25,06:00,35.5,,24.7,64.4,0.0,S@7.4,11.0,48.0,0.0,64,"Fairfield, Spokane County",330125,Fairfield,2017-12-02 07:58:04.619457
2009-04-25,06:15,37.4,,25.6,61.9,0.0,S@10.0,15.7,48.1,0.0,56,"Fairfield, Spokane County",330125,Fairfield,2017-12-02 07:58:04.619457
2009-04-25,06:30,37.0,,25.7,63.3,0.0,S@10.7,13.9,48.0,0.0,35,"Fairfield, Spokane County",330125,Fairfield,2017-12-02 07:58:04.619457
2009-04-25,06:45,37.6,,26.5,63.9,0.0,S@10.9,15.7,47.9,0.0,71,"Fairfield, Spokane County",330125,Fairfield,2017-12-02 07:58:04.619457
2009-04-25,07:00,39.4,,27.2,61.4,0.0,S@12.5,18.9,47.8,0.0,120,"Fairfield, Spokane County",330125,Fairfield,2017-12-02 07:58:04.619457
2009-04-25,07:15,40.0,,27.9,61.5,0.0,S@14.2,20.3,47.9,0.0,136,"Fairfield, Spokane County",330125,Fairfield,2017-12-02 07:58:04.619457
2009-04-25,07:30,41.1,,28.4,60.1,0.0,S@13.8,18.2,47.8,0.0,152,"Fairfield, Spokane County",330125,Fairfield,2017-12-02 07:58:04.619457
2009-04-25,07:45,41.9,,28.7,59.2,0.0,S@14.3,19.6,47.8,0.0,149,"Fairfield, Spokane County",330125,Fairfield,2017-12-02 07:58:04.619457
2009-04-25,08:00,42.8,,29.1,57.9,0.0,S@13.1,20.3,47.7,0.0,181,"Fairfield, Spokane County",330125,Fairfield,2017-12-02 07:58:04.619457
2009-04-25,08:15,43.9,,28.8,55.1,0.0,SW@10.9,16.0,47.7,0.0,192,"Fairfield, Spokane County",330125,Fairfield,2017-12-02 07:58:04.619457
2009-04-25,08:30,44.8,,29.1,53.8,0.0,S@12.0,18.9,47.7,0.0,219,"Fairfield, Spokane County",330125,Fairfield,2017-12-02 07:58:04.619457
2009-04-25,08:45,45.4,,28.7,51.7,0.0,SW@13.2,19.6,47.5,0.0,243,"Fairfield, Spokane County",330125,Fairfield,2017-12-02 07:58:04.619457
2009-04-25,09:00,46.2,,28.5,49.9,0.0,SW@12.5,18.2,47.5,0.0,261,"Fairfield, Spokane County",330125,Fairfield,2017-12-02 07:58:04.619457
2009-04-25,09:15,46.3,,28.2,48.9,0.0,SW@12.9,19.6,47.6,0.0,288,"Fairfield, Spokane County",330125,Fairfield,2017-12-02 07:58:04.619457
2009-04-25,09:30,47.1,,29.2,49.6,0.0,SW@11.6,16.4,47.5,0.0,286,"Fairfield, Spokane County",330125,Fairfield,2017-12-02 07:58:04.619457
2009-04-25,09:45,48.1,,27.5,44.4,0.0,SW@11.7,18.2,47.5,0.0,281,"Fairfield, Spokane County",330125,Fairfield,2017-12-02 07:58:04.619457
2009-04-25,10:00,47.7,,26.7,43.8,0.0,SW@11.7,17.8,47.5,0.0,214,"Fairfield, Spokane County",330125,Fairfield,2017-12-02 07:58:04.619457
2009-04-25,10:15,48.3,,25.0,39.9,0.0,SW@11.1,16.7,47.5,0.0,220,"Fairfield, Spokane County",330125,Fairfield,2017-12-02 07:58:04.619457
2009-04-25,10:30,50.5,,25.9,38.1,0.0,W@12.0,21.0,47.5,0.0,348,"Fairfield, Spokane County",330125,Fairfield,2017-12-02 07:58:04.619457
2009-04-25,10:45,50.4,,25.3,37.3,0.0,W@11.4,17.5,47.5,0.0,353,"Fairfield, Spokane County",330125,Fairfield,2017-12-02 07:58:04.619457
2009-04-25,11:00,50.0,,24.1,36.0,0.0,W@9.9,17.5,47.6,0.0,198,"Fairfield, Spokane County",330125,Fairfield,2017-12-02 07:58:04.619457
2009-04-25,11:15,48.9,,23.6,36.6,0.0,SW@10.7,16.4,47.6,0.0,148,"Fairfield, Spokane County",330125,Fairfield,2017-12-02 07:58:04.619457
2009-04-25,11:30,48.6,,23.0,36.3,0.0,W@10.8,21.4,47.5,0.0,145,"Fairfield, Spokane County",330125,Fairfield,2017-12-02 07:58:04.619457
2009-04-25,11:45,48.6,,23.2,36.4,0.0,W@10.6,19.6,47.5,0.0,166,"Fairfield, Spokane County",330125,Fairfield,2017-12-02 07:58:04.619457
2009-04-25,12:00,48.6,,24.9,39.2,0.0,SW@14.2,23.2,47.6,0.0,182,"Fairfield, Spokane County",330125,Fairfield,2017-12-02 07:58:04.619457
2009-04-25,12:15,49.5,,25.8,39.4,0.0,SW@10.9,18.9,47.6,0.0,308,"Fairfield, Spokane County",330125,Fairfield,2017-12-02 07:58:04.619457
2009-04-25,12:30,50.7,,26.7,39.0,0.0,SW@12.0,20.3,47.7,0.0,271,"Fairfield, Spokane County",330125,Fairfield,2017-12-02 07:58:04.619457
2009-04-25,12:45,49.1,,25.9,40.2,0.0,SW@9.4,16.0,47.7,0.0,120,"Fairfield, Spokane County",330125,Fairfield,2017-12-02 07:58:04.619457
2009-04-25,13:00,47.6,,26.4,43.4,0.03,NW@10.6,18.5,47.8,0.0,92,"Fairfield, Spokane County",330125,Fairfield,2017-12-02 07:58:04.619457
2009-04-25,13:15,47.6,,27.8,46.0,0.0,NW@7.0,12.4,47.9,0.0,244,"Fairfield, Spokane County",330125,Fairfield,2017-12-02 07:58:04.619457
2009-04-25,13:30,51.0,,25.8,37.2,0.0,SW@7.2,12.8,47.9,0.0,292,"Fairfield, Spokane County",330125,Fairfield,2017-12-02 07:58:04.619457
2009-04-25,13:45,47.1,,27.5,46.1,0.17,W@11.5,22.5,48.0,0.0,48,"Fairfield, Spokane County",330125,Fairfield,2017-12-02 07:58:04.619457
2009-04-25,14:00,44.4,,31.0,59.0,0.72,NW@9.9,16.4,48.0,0.0,99,"Fairfield, Spokane County",330125,Fairfield,2017-12-02 07:58:04.619457
2009-04-25,14:15,46.6,,31.1,54.6,0.09,NW@8.1,12.1,48.1,0.0,243,"Fairfield, Spokane County",330125,Fairfield,2017-12-02 07:58:04.619457
2009-04-25,14:30,46.9,,30.6,52.8,0.0,W@13.7,21.8,48.1,0.0,218,"Fairfield, Spokane County",330125,Fairfield,2017-12-02 07:58:04.619457
2009-04-25,14:45,46.2,,30.9,54.9,0.0,W@12.0,19.2,48.1,0.0,210,"Fairfield, Spokane County",330125,Fairfield,2017-12-02 07:58:04.619457
2009-04-25,15:00,49.7,,30.4,47.2,0.0,W@13.1,18.9,48.2,0.0,412,"Fairfield, Spokane County",330125,Fairfield,2017-12-02 07:58:04.619457
2009-04-25,15:15,49.4,,29.8,46.6,0.0,W@11.7,18.2,48.3,0.0,258,"Fairfield, Spokane County",330125,Fairfield,2017-12-02 07:58:04.619457
2009-04-25,15:30,49.3,,29.6,46.2,0.0,W@9.9,14.6,48.3,0.0,209,"Fairfield, Spokane County",330125,Fairfield,2017-12-02 07:58:04.619457
2009-04-25,15:45,49.3,,29.3,45.8,0.0,W@6.9,12.8,48.4,0.0,97,"Fairfield, Spokane County",330125,Fairfield,2017-12-02 07:58:04.619457
2009-04-25,16:00,47.8,,29.5,48.8,0.0,W@6.8,13.5,48.5,0.0,69,"Fairfield, Spokane County",330125,Fairfield,2017-12-02 07:58:04.619457
2009-04-25,16:15,48.2,,28.7,46.6,0.0,W@9.0,20.3,48.5,0.0,113,"Fairfield, Spokane County",330125,Fairfield,2017-12-02 07:58:04.619457
2009-04-25,16:30,48.2,,30.7,50.5,0.0,NW@13.9,22.1,48.5,0.0,243,"Fairfield, Spokane County",330125,Fairfield,2017-12-02 07:58:04.619457
2009-04-25,16:45,47.4,,30.8,52.3,0.0,NW@13.4,22.1,48.6,0.0,226,"Fairfield, Spokane County",330125,Fairfield,2017-12-02 07:58:04.619457
2009-04-25,17:00,46.3,,30.4,53.6,0.0,NW@11.5,21.4,48.3,0.0,160,"Fairfield, Spokane County",330125,Fairfield,2017-12-02 07:58:04.619457
2009-04-25,17:15,45.9,,29.8,53.1,0.0,NW@9.3,14.6,48.5,0.0,126,"Fairfield, Spokane County",330125,Fairfield,2017-12-02 07:58:04.619457
2009-04-25,17:30,46.0,,30.1,53.5,0.0,W@9.0,12.1,48.3,0.0,104,"Fairfield, Spokane County",330125,Fairfield,2017-12-02 07:58:04.619457
2009-04-25,17:45,44.8,,29.9,55.5,0.0,W@6.6,9.9,48.2,0.0,44,"Fairfield, Spokane County",330125,Fairfield,2017-12-02 07:58:04.619457
2009-04-25,18:00,44.7,,29.7,55.4,0.0,NW@3.7,5.3,48.3,0.0,26,"Fairfield, Spokane County",330125,Fairfield,2017-12-02 07:58:04.619457
2009-04-25,18:15,44.6,,30.4,57.1,0.0,N@2.7,4.2,48.5,0.0,31,"Fairfield, Spokane County",330125,Fairfield,2017-12-02 07:58:04.619457
2009-04-25,18:30,45.2,,29.8,54.5,0.0,N@2.3,3.9,48.6,0.0,42,"Fairfield, Spokane County",330125,Fairfield,2017-12-02 07:58:04.619457
2009-04-25,18:45,44.4,,29.0,54.5,0.0,W@2.5,3.9,48.7,0.0,19,"Fairfield, Spokane County",330125,Fairfield,2017-12-02 07:58:04.619457
2009-04-25,19:00,42.9,,29.7,59.2,0.0,S@1.3,3.1,48.8,0.0,4,"Fairfield, Spokane County",330125,Fairfield,2017-12-02 07:58:04.619457
2009-04-25,19:15,43.3,,28.8,56.4,0.0,E@2.3,2.8,48.9,0.0,1,"Fairfield, Spokane County",330125,Fairfield,2017-12-02 07:58:04.619457
2009-04-25,19:30,43.0,,28.5,56.2,0.0,SE@1.9,3.1,48.9,0.0,0,"Fairfield, Spokane County",330125,Fairfield,2017-12-02 07:58:04.619457
2009-04-25,19:45,42.5,,28.6,57.6,0.0,S@2.3,5.7,49.1,0.0,0,"Fairfield, Spokane County",330125,Fairfield,2017-12-02 07:58:04.619457
2009-04-25,20:00,38.9,,28.4,65.9,0.0,SE@4.7,5.7,49.1,0.0,0,"Fairfield, Spokane County",330125,Fairfield,2017-12-02 07:58:04.619457
2009-04-25,20:15,37.6,,28.6,69.6,0.0,E@4.8,6.0,49.2,0.0,0,"Fairfield, Spokane County",330125,Fairfield,2017-12-02 07:58:04.619457
2009-04-25,20:30,37.4,,28.9,70.9,0.0,E@5.2,6.7,49.1,0.0,0,"Fairfield, Spokane County",330125,Fairfield,2017-12-02 07:58:04.619457
2009-04-25,20:45,36.6,,29.3,74.7,0.0,E@4.9,6.0,49.2,0.0,0,"Fairfield, Spokane County",330125,Fairfield,2017-12-02 07:58:04.619457
2009-04-25,21:00,36.2,,29.4,76.2,0.0,SE@5.1,7.1,49.2,0.0,0,"Fairfield, Spokane County",330125,Fairfield,2017-12-02 07:58:04.619457
2009-04-25,21:15,35.5,,29.2,77.7,0.0,SE@5.1,6.0,49.2,0.0,0,"Fairfield, Spokane County",330125,Fairfield,2017-12-02 07:58:04.619457
2009-04-25,21:30,34.4,,29.4,81.9,0.0,SE@5.3,7.1,49.3,0.0,0,"Fairfield, Spokane County",330125,Fairfield,2017-12-02 07:58:04.619457
2009-04-25,21:45,34.3,,29.4,82.1,0.0,SE@5.9,6.7,49.3,0.0,0,"Fairfield, Spokane County",330125,Fairfield,2017-12-02 07:58:04.619457
2009-04-25,22:00,33.8,,29.3,83.3,0.0,SE@5.6,7.1,49.2,0.0,0,"Fairfield, Spokane County",330125,Fairfield,2017-12-02 07:58:04.619457
2009-04-25,22:15,34.0,,29.4,83.0,0.0,SE@5.8,6.7,49.3,0.0,0,"Fairfield, Spokane County",330125,Fairfield,2017-12-02 07:58:04.619457
2009-04-25,22:30,33.3,,29.1,84.5,0.0,SE@4.8,6.0,49.3,0.0,0,"Fairfield, Spokane County",330125,Fairfield,2017-12-02 07:58:04.619457
2009-04-25,22:45,34.0,,29.5,83.3,0.01,SE@3.9,6.0,49.1,0.0,0,"Fairfield, Spokane County",330125,Fairfield,2017-12-02 07:58:04.619457
2009-04-25,23:00,33.9,,29.7,84.4,0.01,S@2.5,3.9,49.1,0.0,0,"Fairfield, Spokane County",330125,Fairfield,2017-12-02 07:58:04.619457
2009-04-26,23:15,33.8,,29.9,85.6,0.03,NE@1.1,3.1,49.3,0.0,0,"Fairfield, Spokane County",330125,Fairfield,2017-12-02 07:58:04.619457
2009-04-26,23:30,32.7,,29.2,86.8,0.05,E@3.8,4.9,49.4,0.0,0,"Fairfield, Spokane County",330125,Fairfield,2017-12-02 07:58:04.619457
2009-04-26,23:45,31.9,,29.2,90.0,0.06,E@5.0,6.7,49.4,0.0,0,"Fairfield, Spokane County",330125,Fairfield,2017-12-02 07:58:04.619457
2009-04-26,24:00,30.6,,28.0,91.1,0.06,E@5.8,7.4,49.4,0.0,0,"Fairfield, Spokane County",330125,Fairfield,2017-12-02 07:58:04.619457
2009-04-26,00:15,30.9,,28.5,91.6,0.06,E@5.3,6.7,49.4,0.0,0,"Fairfield, Spokane County",330125,Fairfield,2017-12-02 07:58:04.619457
2009-04-26,00:30,32.0,,29.7,91.0,0.07,E@4.8,6.4,49.3,0.0,0,"Fairfield, Spokane County",330125,Fairfield,2017-12-02 07:58:04.619457
2009-04-26,00:45,32.0,,29.4,90.0,0.07,E@5.2,6.4,49.1,0.0,0,"Fairfield, Spokane County",330125,Fairfield,2017-12-02 07:58:04.619457
2009-04-26,01:00,31.3,,29.1,92.3,0.09,E@5.0,6.0,49.1,0.0,0,"Fairfield, Spokane County",330125,Fairfield,2017-12-02 07:58:04.619457
2009-04-26,01:15,31.5,,29.4,92.4,0.11,E@5.4,6.4,49.1,0.0,0,"Fairfield, Spokane County",330125,Fairfield,2017-12-02 07:58:04.619457
2009-04-26,01:30,31.4,,29.2,92.0,0.12,E@5.1,6.7,49.0,0.0,0,"Fairfield, Spokane County",330125,Fairfield,2017-12-02 07:58:04.619457
2009-04-26,01:45,30.8,,28.9,93.5,0.13,E@6.0,7.1,49.0,0.0,0,"Fairfield, Spokane County",330125,Fairfield,2017-12-02 07:58:04.619457
2009-04-26,02:00,31.2,,29.3,93.3,0.16,E@5.1,7.1,48.8,0.0,0,"Fairfield, Spokane County",330125,Fairfield,2017-12-02 07:58:04.619457
2009-04-26,02:15,31.0,,28.9,93.0,0.17,E@5.1,6.0,48.8,0.0,0,"Fairfield, Spokane County",330125,Fairfield,2017-12-02 07:58:04.619457
2009-04-26,02:30,30.1,,28.4,94.7,0.22,E@5.2,6.0,48.9,0.0,0,"Fairfield, Spokane County",330125,Fairfield,2017-12-02 07:58:04.619457
2009-04-26,02:45,29.5,,27.8,95.1,0.26,E@5.5,6.7,48.9,0.0,0,"Fairfield, Spokane County",330125,Fairfield,2017-12-02 07:58:04.619457
2009-04-26,03:00,29.4,,27.7,95.4,0.32,E@4.5,6.0,48.8,0.0,0,"Fairfield, Spokane County",330125,Fairfield,2017-12-02 07:58:04.619457
2009-04-26,03:15,29.8,,28.2,95.4,0.38,E@5.3,6.4,48.8,0.0,0,"Fairfield, Spokane County",330125,Fairfield,2017-12-02 07:58:04.619457
2009-04-26,03:30,29.8,,27.9,94.3,0.41,E@4.9,5.7,48.3,0.0,0,"Fairfield, Spokane County",330125,Fairfield,2017-12-02 07:58:04.619457
2009-04-26,03:45,29.7,,27.6,93.3,0.44,E@3.5,4.9,48.5,0.0,0,"Fairfield, Spokane County",330125,Fairfield,2017-12-02 07:58:04.619457
2009-04-26,04:00,28.8,,26.6,93.6,0.48,E@5.0,6.4,48.5,0.0,0,"Fairfield, Spokane County",330125,Fairfield,2017-12-02 07:58:04.619457
2009-04-26,04:15,28.5,,26.4,94.0,0.49,SE@5.5,6.4,48.7,0.0,1,"Fairfield, Spokane County",330125,Fairfield,2017-12-02 07:58:04.619457
2009-04-26,04:30,27.8,,25.8,95.2,0.51,SE@5.0,6.0,48.6,0.0,2,"Fairfield, Spokane County",330125,Fairfield,2017-12-02 07:58:04.619457
2009-04-26,04:45,27.7,,26.0,95.8,0.55,SE@5.5,6.7,48.5,0.0,2,"Fairfield, Spokane County",330125,Fairfield,2017-12-02 07:58:04.619457
2009-04-26,05:00,28.6,,26.9,95.9,0.38,SE@5.5,6.7,48.4,0.0,6,"Fairfield, Spokane County",330125,Fairfield,2017-12-02 07:58:04.619457
2009-04-26,05:15,29.2,,27.6,95.8,0.25,SE@5.9,7.8,48.2,0.0,10,"Fairfield, Spokane County",330125,Fairfield,2017-12-02 07:58:04.619457
2009-04-26,05:30,29.8,,28.2,95.3,0.29,SE@5.5,8.2,48.1,0.0,34,"Fairfield, Spokane County",330125,Fairfield,2017-12-02 07:58:04.619457
2009-04-26,05:45,30.9,,29.0,93.5,0.32,S@3.3,7.4,48.1,0.0,37,"Fairfield, Spokane County",330125,Fairfield,2017-12-02 07:58:04.619457
2009-04-26,06:00,30.8,,29.1,94.1,0.3,S@2.2,3.1,48.1,0.0,36,"Fairfield, Spokane County",330125,Fairfield,2017-12-02 07:58:04.619457
2009-04-26,06:15,33.0,,31.0,92.3,0.62,S@4.0,7.1,48.1,0.0,95,"Fairfield, Spokane County",330125,Fairfield,2017-12-02 07:58:04.619457
2009-04-26,06:30,34.5,,32.1,90.9,0.58,S@6.8,10.7,48.0,0.0,107,"Fairfield, Spokane County",330125,Fairfield,2017-12-02 07:58:04.619457
2009-04-26,06:45,34.7,,32.2,90.5,0.31,S@8.4,11.4,48.0,0.0,91,"Fairfield, Spokane County",330125,Fairfield,2017-12-02 07:58:04.619457
2009-04-26,07:00,34.8,,32.4,90.6,0.08,S@8.6,11.7,48.0,0.0,91,"Fairfield, Spokane County",330125,Fairfield,2017-12-02 07:58:04.619457
2009-04-26,07:15,35.5,,32.6,89.1,0.01,S@8.2,10.7,48.1,0.0,110,"Fairfield, Spokane County",330125,Fairfield,2017-12-02 07:58:04.619457
2009-04-26,07:30,36.1,,32.8,87.5,0.0,SE@8.4,10.7,48.4,0.0,135,"Fairfield, Spokane County",330125,Fairfield,2017-12-02 07:58:04.619457
2009-04-26,07:45,37.3,,32.9,83.7,0.0,SE@8.1,11.0,48.4,0.0,216,"Fairfield, Spokane County",330125,Fairfield,2017-12-02 07:58:04.619457
2009-04-26,08:00,37.7,,32.6,81.6,0.0,S@7.6,10.7,49.3,0.0,206,"Fairfield, Spokane County",330125,Fairfield,2017-12-02 07:58:04.619457
2009-04-26,08:15,39.5,,32.9,76.9,0.0,S@7.7,10.3,50.1,0.0,344,"Fairfield, Spokane County",330125,Fairfield,2017-12-02 07:58:04.619457
2009-04-26,08:30,40.5,,32.8,73.8,0.0,S@6.8,9.9,50.8,0.0,320,"Fairfield, Spokane County",330125,Fairfield,2017-12-02 07:58:04.619457
2009-04-26,08:45,41.2,,32.8,71.9,0.0,S@5.8,9.6,52.1,0.0,284,"Fairfield, Spokane County",330125,Fairfield,2017-12-02 07:58:04.619457
2009-04-26,09:00,42.1,,33.2,70.6,0.0,S@5.3,9.6,52.9,0.0,376,"Fairfield, Spokane County",330125,Fairfield,2017-12-02 07:58:04.619457
2009-04-26,09:15,42.5,,32.8,68.2,0.0,S@4.6,8.9,54.1,0.0,345,"Fairfield, Spokane County",330125,Fairfield,2017-12-02 07:58:04.619457
2009-04-26,09:30,43.7,,33.0,65.7,0.0,S@5.4,10.3,55.3,0.0,430,"Fairfield, Spokane County",330125,Fairfield,2017-12-02 07:58:04.619457
2009-04-26,09:45,44.9,,33.2,63.2,0.0,SE@6.0,11.0,56.0,0.0,392,"Fairfield, Spokane County",330125,Fairfield,2017-12-02 07:58:04.619457
2009-04-26,10:00,45.1,,33.3,63.2,0.0,S@6.5,11.7,56.9,0.0,404,"Fairfield, Spokane County",330125,Fairfield,2017-12-02 07:58:04.619457
2009-04-26,10:15,45.5,,33.5,62.7,0.0,S@6.5,12.4,57.4,0.0,366,"Fairfield, Spokane County",330125,Fairfield,2017-12-02 07:58:04.619457
2009-04-26,10:30,47.0,,34.3,60.9,0.0,S@6.6,12.1,57.7,0.0,430,"Fairfield, Spokane County",330125,Fairfield,2017-12-02 07:58:04.619457
2009-04-26,10:45,47.3,,33.6,58.9,0.0,SE@5.7,10.3,58.1,0.0,461,"Fairfield, Spokane County",330125,Fairfield,2017-12-02 07:58:04.619457
2009-04-26,11:00,48.8,,33.8,56.0,0.0,SE@4.0,9.6,58.7,0.0,407,"Fairfield, Spokane County",330125,Fairfield,2017-12-02 07:58:04.619457
2009-04-26,11:15,47.8,,34.0,58.5,0.0,S@7.1,12.8,59.5,0.0,376,"Fairfield, Spokane County",330125,Fairfield,2017-12-02 07:58:04.619457
2009-04-26,11:30,47.7,,33.5,57.6,0.0,S@6.4,11.0,59.9,0.0,226,"Fairfield, Spokane County",330125,Fairfield,2017-12-02 07:58:04.619457
2009-04-26,11:45,48.3,,33.6,56.5,0.0,S@7.2,13.2,60.9,0.0,285,"Fairfield, Spokane County",330125,Fairfield,2017-12-02 07:58:04.619457
2009-04-26,12:00,48.3,,33.3,55.9,0.0,S@8.3,13.9,61.2,0.0,305,"Fairfield, Spokane County",330125,Fairfield,2017-12-02 07:58:04.619457
2009-04-26,12:15,50.2,,33.8,53.0,0.0,S@9.2,15.3,61.7,0.0,561,"Fairfield, Spokane County",330125,Fairfield,2017-12-02 07:58:04.619457
2009-04-26,12:30,50.1,,33.4,52.4,0.0,S@7.3,13.9,62.0,0.0,416,"Fairfield, Spokane County",330125,Fairfield,2017-12-02 07:58:04.619457
2009-04-26,12:45,50.7,,33.0,50.4,0.0,SW@7.9,13.2,62.7,0.0,418,"Fairfield, Spokane County",330125,Fairfield,2017-12-02 07:58:04.619457
2009-04-26,13:00,51.0,,32.0,48.0,0.0,S@6.2,11.4,63.6,0.0,387,"Fairfield, Spokane County",330125,Fairfield,2017-12-02 07:58:04.619457
2009-04-26,13:15,50.5,,31.8,48.4,0.0,S@6.1,12.1,64.1,0.0,287,"Fairfield, Spokane County",330125,Fairfield,2017-12-02 07:58:04.619457
2009-04-26,13:30,51.3,,30.8,45.0,0.0,SW@6.6,11.7,64.6,0.0,266,"Fairfield, Spokane County",330125,Fairfield,2017-12-02 07:58:04.619457
2009-04-26,13:45,50.8,,28.8,42.5,0.0,W@3.4,7.8,64.8,0.0,145,"Fairfield, Spokane County",330125,Fairfield,2017-12-02 07:58:04.619457
2009-04-26,14:00,50.9,,28.4,41.6,0.0,S@3.5,9.6,65.0,0.0,148,"Fairfield, Spokane County",330125,Fairfield,2017-12-02 07:58:04.619457
2009-04-26,14:15,51.7,,29.7,42.5,0.0,SE@6.5,11.0,65.0,0.0,314,"Fairfield, Spokane County",330125,Fairfield,2017-12-02 07:58:04.619457
2009-04-26,14:30,51.8,,29.3,41.8,0.0,SE@8.0,12.4,65.6,0.0,240,"Fairfield, Spokane County",330125,Fairfield,2017-12-02 07:58:04.619457
2009-04-26,14:45,53.4,,29.3,39.4,0.0,S@6.5,11.4,66.2,0.0,410,"Fairfield, Spokane County",330125,Fairfield,2017-12-02 07:58:04.619457
2009-04-26,15:00,51.8,,28.8,41.0,0.0,SW@8.9,21.4,66.5,0.0,122,"Fairfield, Spokane County",330125,Fairfield,2017-12-02 07:58:04.619457
2009-04-26,15:15,51.8,,31.7,46.0,0.0,W@10.3,16.0,66.6,0.0,272,"Fairfield, Spokane County",330125,Fairfield,2017-12-02 07:58:04.619457
2009-04-26,15:30,50.9,,33.0,50.2,0.0,W@11.9,17.8,66.6,0.0,281,"Fairfield, Spokane County",330125,Fairfield,2017-12-02 07:58:04.619457
2009-04-26,15:45,50.7,,32.1,48.6,0.0,W@12.3,16.7,67.0,0.0,313,"Fairfield, Spokane County",330125,Fairfield,2017-12-02 07:58:04.619457
2009-04-26,16:00,49.7,,32.0,50.3,0.0,NW@10.3,16.0,67.3,0.0,138,"Fairfield, Spokane County",330125,Fairfield,2017-12-02 07:58:04.619457
2009-04-26,16:15,48.2,,35.4,61.0,0.0,N@9.4,13.5,67.4,0.0,117,"Fairfield, Spokane County",330125,Fairfield,2017-12-02 07:58:04.619457
2009-04-26,16:30,48.2,,35.5,61.3,0.0,N@10.4,13.5,67.6,0.0,140,"Fairfield, Spokane County",330125,Fairfield,2017-12-02 07:58:04.619457
2009-04-26,16:45,49.1,,34.5,56.9,0.0,NE@7.9,12.1,67.8,0.0,249,"Fairfield, Spokane County",330125,Fairfield,2017-12-02 07:58:04.619457
2009-04-26,17:00,50.9,,32.9,49.9,0.0,N@4.4,8.2,67.8,0.0,200,"Fairfield, Spokane County",330125,Fairfield,2017-12-02 07:58:04.619457
2009-04-26,17:15,50.4,,32.4,49.9,0.0,N@3.8,6.7,67.6,0.0,159,"Fairfield, Spokane County",330125,Fairfield,2017-12-02 07:58:04.619457
2009-04-26,17:30,50.3,,31.5,48.2,0.0,N@3.6,6.0,65.9,0.0,97,"Fairfield, Spokane County",330125,Fairfield,2017-12-02 07:58:04.619457
2009-04-26,17:45,50.0,,31.5,48.9,0.0,NW@3.8,6.0,66.6,0.0,86,"Fairfield, Spokane County",330125,Fairfield,2017-12-02 07:58:04.619457
2009-04-26,18:00,49.4,,31.8,50.6,0.0,N@2.5,4.2,67.0,0.0,38,"Fairfield, Spokane County",330125,Fairfield,2017-12-02 07:58:04.619457
2009-04-26,18:15,48.4,,32.2,53.2,0.0,N@2.2,3.5,67.5,0.0,24,"Fairfield, Spokane County",330125,Fairfield,2017-12-02 07:58:04.619457
2009-04-26,18:30,47.3,,32.8,56.9,0.0,NW@2.4,6.4,67.8,0.0,15,"Fairfield, Spokane County",330125,Fairfield,2017-12-02 07:58:04.619457
2009-04-26,18:45,46.5,,33.0,59.1,0.0,SE@3.4,6.7,68.0,0.0,8,"Fairfield, Spokane County",330125,Fairfield,2017-12-02 07:58:04.619457
2009-04-26,19:00,45.4,,32.6,60.6,0.0,E@4.7,7.4,67.7,0.0,2,"Fairfield, Spokane County",330125,Fairfield,2017-12-02 07:58:04.619457
2009-04-26,19:15,45.2,,33.0,62.0,0.0,SE@1.9,3.1,67.9,0.0,1,"Fairfield, Spokane County",330125,Fairfield,2017-12-02 07:58:04.619457
2009-04-26,19:30,44.5,,32.7,63.0,0.0,SE@3.7,4.6,67.8,0.0,0,"Fairfield, Spokane County",330125,Fairfield,2017-12-02 07:58:04.619457
2009-04-26,19:45,43.4,,33.8,68.6,0.0,E@3.8,4.9,67.2,0.0,0,"Fairfield, Spokane County",330125,Fairfield,2017-12-02 07:58:04.619457
2009-04-26,20:00,43.1,,33.1,67.7,0.0,SE@4.1,4.9,66.3,0.0,0,"Fairfield, Spokane County",330125,Fairfield,2017-12-02 07:58:04.619457
2009-04-26,20:15,42.3,,32.8,68.7,0.0,E@4.0,4.9,67.1,0.0,0,"Fairfield, Spokane County",330125,Fairfield,2017-12-02 07:58:04.619457
2009-04-26,20:30,42.7,,33.4,69.5,0.0,E@4.2,5.7,67.7,0.0,0,"Fairfield, Spokane County",330125,Fairfield,2017-12-02 07:58:04.619457
2009-04-26,20:45,42.5,,34.5,73.0,0.0,NE@5.4,7.1,67.8,0.0,0,"Fairfield, Spokane County",330125,Fairfield,2017-12-02 07:58:04.619457
2009-04-26,21:00,41.4,,34.8,77.3,0.0,E@6.4,7.8,68.1,0.0,0,"Fairfield, Spokane County",330125,Fairfield,2017-12-02 07:58:04.619457
2009-04-26,21:15,41.8,,35.1,77.0,0.0,E@6.3,7.8,67.4,0.0,0,"Fairfield, Spokane County",330125,Fairfield,2017-12-02 07:58:04.619457
2009-04-26,21:30,41.0,,35.4,80.2,0.0,E@5.7,7.1,66.1,0.0,0,"Fairfield, Spokane County",330125,Fairfield,2017-12-02 07:58:04.619457
2009-04-26,21:45,40.1,,35.3,82.7,0.0,E@6.8,8.2,66.7,0.0,0,"Fairfield, Spokane County",330125,Fairfield,2017-12-02 07:58:04.619457
2009-04-26,22:00,39.6,,35.2,84.0,0.0,E@7.9,11.7,67.2,0.0,0,"Fairfield, Spokane County",330125,Fairfield,2017-12-02 07:58:04.619457
2009-04-26,22:15,41.1,,35.8,81.2,0.0,E@9.6,12.4,67.3,0.0,0,"Fairfield, Spokane County",330125,Fairfield,2017-12-02 07:58:04.619457
2009-04-26,22:30,41.7,,36.4,81.3,0.0,E@9.6,12.4,67.2,0.0,0,"Fairfield, Spokane County",330125,Fairfield,2017-12-02 07:58:04.619457
2009-04-26,22:45,41.7,,36.5,81.6,0.0,NE@9.0,12.4,66.2,0.0,0,"Fairfield, Spokane County",330125,Fairfield,2017-12-02 07:58:04.619457
2009-04-26,23:00,41.5,,36.5,82.1,0.0,NE@9.8,13.9,65.8,0.0,0,"Fairfield, Spokane County",330125,Fairfield,2017-12-02 07:58:04.619457
2009-04-27,23:15,41.2,,36.5,83.2,0.0,NE@9.7,12.4,66.6,0.0,0,"Fairfield, Spokane County",330125,Fairfield,2017-12-02 07:58:04.619457
2009-04-27,23:30,41.2,,36.1,81.9,0.0,NE@10.4,13.9,66.8,0.0,0,"Fairfield, Spokane County",330125,Fairfield,2017-12-02 07:58:04.619457
2009-04-27,23:45,40.7,,36.0,83.1,0.0,E@8.2,11.4,67.8,0.0,0,"Fairfield, Spokane County",330125,Fairfield,2017-12-02 07:58:04.619457
2009-04-27,24:00,40.3,,36.1,84.6,0.0,E@8.6,11.0,66.8,0.0,0,"Fairfield, Spokane County",330125,Fairfield,2017-12-02 07:58:04.619457
2009-04-27,00:15,40.3,,36.3,85.3,0.0,E@9.6,12.4,67.0,0.0,0,"Fairfield, Spokane County",330125,Fairfield,2017-12-02 07:58:04.619457
2009-04-27,00:30,40.6,,36.1,83.8,0.0,E@9.5,12.8,67.1,0.0,0,"Fairfield, Spokane County",330125,Fairfield,2017-12-02 07:58:04.619457
2009-04-27,00:45,40.8,,36.0,82.9,0.0,E@8.8,12.1,66.7,0.0,0,"Fairfield, Spokane County",330125,Fairfield,2017-12-02 07:58:04.619457
2009-04-27,01:00,40.8,,35.9,82.6,0.0,E@8.9,12.4,66.8,0.0,0,"Fairfield, Spokane County",330125,Fairfield,2017-12-02 07:58:04.619457
2009-04-27,01:15,40.8,,36.1,83.1,0.0,E@10.0,13.5,68.1,0.0,0,"Fairfield, Spokane County",330125,Fairfield,2017-12-02 07:58:04.619457
2009-04-27,01:30,40.8,,36.2,83.4,0.0,E@9.8,13.2,68.1,0.0,0,"Fairfield, Spokane County",330125,Fairfield,2017-12-02 07:58:04.619457
2009-04-27,01:45,40.4,,36.2,85.1,0.0,E@10.4,12.8,68.0,0.0,0,"Fairfield, Spokane County",330125,Fairfield,2017-12-02 07:58:04.619457
2009-04-27,02:00,40.3,,36.3,85.5,0.0,E@9.5,12.4,68.1,0.0,0,"Fairfield, Spokane County",330125,Fairfield,2017-12-02 07:58:04.619457
2009-04-27,02:15,40.3,,36.4,85.8,0.0,E@8.4,11.0,67.4,0.0,0,"Fairfield, Spokane County",330125,Fairfield,2017-12-02 07:58:04.619457
2009-04-27,02:30,40.3,,35.9,84.1,0.0,E@8.6,11.7,67.2,0.0,0,"Fairfield, Spokane County",330125,Fairfield,2017-12-02 07:58:04.619457
2009-04-27,02:45,40.7,,35.4,80.9,0.0,E@9.5,13.2,67.8,0.0,0,"Fairfield, Spokane County",330125,Fairfield,2017-12-02 07:58:04.619457
2009-04-27,03:00,39.8,,35.7,85.2,0.0,E@9.7,14.6,68.0,0.0,0,"Fairfield, Spokane County",330125,Fairfield,2017-12-02 07:58:04.619457
2009-04-27,03:15,39.4,,35.4,85.6,0.0,E@9.4,11.7,67.5,0.0,0,"Fairfield, Spokane County",330125,Fairfield,2017-12-02 07:58:04.619457
2009-04-27,03:30,39.4,,35.1,84.4,0.0,E@7.9,11.0,67.6,0.0,0,"Fairfield, Spokane County",330125,Fairfield,2017-12-02 07:58:04.619457
2009-04-27,03:45,39.0,,35.1,85.7,0.0,E@8.4,11.7,67.9,0.0,0,"Fairfield, Spokane County",330125,Fairfield,2017-12-02 07:58:04.619457
2009-04-27,04:00,38.8,,35.6,88.3,0.0,NE@5.6,8.5,67.9,0.0,0,"Fairfield, Spokane County",330125,Fairfield,2017-12-02 07:58:04.619457
2009-04-27,04:15,38.5,,35.9,90.0,0.01,E@9.2,13.5,67.7,0.0,1,"Fairfield, Spokane County",330125,Fairfield,2017-12-02 07:58:04.619457
2009-04-27,04:30,38.2,,35.8,90.8,0.01,NE@9.3,12.4,67.9,0.0,2,"Fairfield, Spokane County",330125,Fairfield,2017-12-02 07:58:04.619457
2009-04-27,04:45,38.0,,35.8,91.7,0.01,NE@9.1,13.5,67.8,0.0,2,"Fairfield, Spokane County",330125,Fairfield,2017-12-02 07:58:04.619457
2009-04-27,05:00,38.3,,36.3,92.2,0.01,E@9.6,12.8,67.6,0.0,5,"Fairfield, Spokane County",330125,Fairfield,2017-12-02 07:58:04.619457
2009-04-27,05:15,38.5,,36.6,92.9,0.01,E@10.7,14.2,67.9,0.0,11,"Fairfield, Spokane County",330125,Fairfield,2017-12-02 07:58:04.619457
2009-04-27,05:30,38.5,,36.5,92.4,0.01,E@11.5,15.3,68.4,0.0,22,"Fairfield, Spokane County",330125,Fairfield,2017-12-02 07:58:04.619457
2009-04-27,05:45,39.1,,36.8,91.6,0.01,E@12.3,15.7,68.4,0.0,40,"Fairfield, Spokane County",330125,Fairfield,2017-12-02 07:58:04.619457
2009-04-27,06:00,39.7,,37.2,90.6,0.01,NE@11.0,15.3,68.5,0.0,80,"Fairfield, Spokane County",330125,Fairfield,2017-12-02 07:58:04.619457
2009-04-27,06:15,40.2,,37.3,89.4,0.01,NE@11.9,16.4,68.5,0.0,105,"Fairfield, Spokane County",330125,Fairfield,2017-12-02 07:58:04.619457
2009-04-27,06:30,40.7,,37.4,87.7,0.0,NE@11.8,17.1,68.4,0.0,123,"Fairfield, Spokane County",330125,Fairfield,2017-12-02 07:58:04.619457
2009-04-27,06:45,40.3,,36.8,87.2,0.0,NE@11.4,16.0,68.5,0.0,76,"Fairfield, Spokane County",330125,Fairfield,2017-12-02 07:58:04.619457
2009-04-27,07:00,40.6,,36.9,86.6,0.0,NE@10.9,13.2,68.5,0.0,99,"Fairfield, Spokane County",330125,Fairfield,2017-12-02 07:58:04.619457
2009-04-27,07:15,41.5,,36.6,82.5,0.0,NE@10.7,13.9,68.5,0.0,122,"Fairfield, Spokane County",330125,Fairfield,2017-12-02 07:58:04.619457
2009-04-27,07:30,43.3,,36.7,77.4,0.0,NE@11.4,14.6,68.7,0.0,242,"Fairfield, Spokane County",330125,Fairfield,2017-12-02 07:58:04.619457
2009-04-27,07:45,43.7,,36.4,75.3,0.0,NE@11.7,15.3,68.7,0.0,237,"Fairfield, Spokane County",330125,Fairfield,2017-12-02 07:58:04.619457
2009-04-27,08:00,43.2,,35.7,74.7,0.0,NE@11.5,15.7,68.7,0.0,153,"Fairfield, Spokane County",330125,Fairfield,2017-12-02 07:58:04.619457
2009-04-27,08:15,44.5,,37.0,74.8,0.0,NE@8.5,14.2,68.7,0.0,219,"Fairfield, Spokane County",330125,Fairfield,2017-12-02 07:58:04.619457
2009-04-27,08:30,44.4,,37.4,76.2,0.0,NE@7.1,11.7,68.7,0.0,168,"Fairfield, Spokane County",330125,Fairfield,2017-12-02 07:58:04.619457
2009-04-27,08:45,45.5,,37.6,73.8,0.0,N@7.4,11.0,68.9,0.0,282,"Fairfield, Spokane County",330125,Fairfield,2017-12-02 07:58:04.619457
2009-04-27,09:00,47.2,,38.1,70.5,0.0,N@7.6,10.7,68.9,0.0,375,"Fairfield, Spokane County",330125,Fairfield,2017-12-02 07:58:04.619457
2009-04-27,09:15,48.2,,38.5,69.0,0.0,N@7.0,11.4,68.9,0.0,374,"Fairfield, Spokane County",330125,Fairfield,2017-12-02 07:58:04.619457
2009-04-27,09:30,49.4,,36.8,61.6,0.0,E@8.1,12.4,69.0,0.0,367,"Fairfield, Spokane County",330125,Fairfield,2017-12-02 07:58:04.619457
2009-04-27,09:45,49.4,,36.2,60.1,0.0,NE@7.5,11.7,69.2,0.0,368,"Fairfield, Spokane County",330125,Fairfield,2017-12-02 07:58:04.619457
2009-04-27,10:00,49.3,,36.2,60.4,0.0,NE@6.2,10.7,69.4,0.0,351,"Fairfield, Spokane County",330125,Fairfield,2017-12-02 07:58:04.619457
2009-04-27,10:15,50.1,,37.8,62.7,0.0,N@9.1,12.8,69.3,0.0,361,"Fairfield, Spokane County",330125,Fairfield,2017-12-02 07:58:04.619457
2009-04-27,10:30,49.6,,37.7,63.4,0.0,N@10.2,15.3,69.4,0.0,422,"Fairfield, Spokane County",330125,Fairfield,2017-12-02 07:58:04.619457
2009-04-27,10:45,49.7,,37.2,61.9,0.0,N@11.9,16.7,69.4,0.0,424,"Fairfield, Spokane County",330125,Fairfield,2017-12-02 07:58:04.619457
2009-04-27,11:00,50.1,,36.0,58.0,0.0,N@11.2,15.0,69.2,0.0,452,"Fairfield, Spokane County",330125,Fairfield,2017-12-02 07:58:04.619457
2009-04-27,11:15,50.6,,36.0,57.0,0.0,N@9.6,15.3,69.0,0.0,448,"Fairfield, Spokane County",330125,Fairfield,2017-12-02 07:58:04.619457
2009-04-27,11:30,50.5,,34.2,53.3,0.0,NE@8.5,12.4,69.1,0.0,350,"Fairfield, Spokane County",330125,Fairfield,2017-12-02 07:58:04.619457
2009-04-27,11:45,49.9,,33.2,52.6,0.0,N@7.2,12.1,69.5,0.0,241,"Fairfield, Spokane County",330125,Fairfield,2017-12-02 07:58:04.619457
2009-04-27,12:00,50.7,,32.7,49.9,0.0,NE@6.1,12.8,69.7,0.0,412,"Fairfield, Spokane County",330125,Fairfield,2017-12-02 07:58:04.619457
2009-04-27,12:15,50.6,,32.1,48.9,0.0,NE@7.7,12.4,69.6,0.0,235,"Fairfield, Spokane County",330125,Fairfield,2017-12-02 07:58:04.619457
2009-04-27,12:30,49.9,,31.3,48.6,0.0,NE@8.6,13.5,69.7,0.0,191,"Fairfield, Spokane County",330125,Fairfield,2017-12-02 07:58:04.619457
2009-04-27,12:45,50.3,,30.8,46.9,0.0,NE@7.1,12.4,69.5,0.0,173,"Fairfield, Spokane County",330125,Fairfield,2017-12-02 07:58:04.619457
2009-04-27,13:00,50.7,,31.4,47.5,0.0,NE@7.1,11.0,69.5,0.0,166,"Fairfield, Spokane County",330125,Fairfield,2017-12-02 07:58:04.619457
2009-04-27,13:15,50.4,,32.9,51.0,0.0,E@7.5,13.9,65.3,0.0,105,"Fairfield, Spokane County",330125,Fairfield,2017-12-02 07:58:04.619457
2009-04-27,13:30,47.8,,34.3,59.3,0.0,E@14.8,19.6,63.9,0.0,78,"Fairfield, Spokane County",330125,Fairfield,2017-12-02 07:58:04.619457
2009-04-27,13:45,47.0,,34.2,61.0,0.0,E@12.1,17.8,67.2,0.0,70,"Fairfield, Spokane County",330125,Fairfield,2017-12-02 07:58:04.619457
2009-04-27,14:00,47.8,,35.9,63.2,0.23,NE@8.0,12.4,67.9,0.0,109,"Fairfield, Spokane County",330125,Fairfield,2017-12-02 07:58:04.619457
2009-04-27,14:15,45.7,,37.8,73.8,0.6,NW@6.5,8.9,67.5,0.0,135,"Fairfield, Spokane County",330125,Fairfield,2017-12-02 07:58:04.619457
2009-04-27,14:30,46.9,,37.9,70.5,0.08,N@8.1,12.4,67.5,0.0,197,"Fairfield, Spokane County",330125,Fairfield,2017-12-02 07:58:04.619457
2009-04-27,14:45,48.9,,36.8,62.8,0.0,NE@10.3,16.0,67.7,0.0,218,"Fairfield, Spokane County",330125,Fairfield,2017-12-02 07:58:04.619457
2009-04-27,15:00,48.6,,36.3,62.3,0.0,NE@12.3,18.5,68.1,0.0,194,"Fairfield, Spokane County",330125,Fairfield,2017-12-02 07:58:04.619457
2009-04-27,15:15,47.9,,35.4,61.8,0.0,NE@16.0,22.8,67.2,0.0,260,"Fairfield, Spokane County",330125,Fairfield,2017-12-02 07:58:04.619457
2009-04-27,15:30,47.7,,35.3,61.9,0.0,NE@15.9,20.7,67.9,0.0,262,"Fairfield, Spokane County",330125,Fairfield,2017-12-02 07:58:04.619457
2009-04-27,15:45,48.1,,35.2,60.9,0.0,NE@14.9,19.2,66.2,0.0,196,"Fairfield, Spokane County",330125,Fairfield,2017-12-02 07:58:04.619457
2009-04-27,16:00,47.5,,34.1,59.3,0.0,NE@15.4,20.7,64.5,0.0,151,"Fairfield, Spokane County",330125,Fairfield,2017-12-02 07:58:04.619457
2009-04-27,16:15,48.0,,33.8,57.7,0.0,NE@12.8,18.2,64.4,0.0,142,"Fairfield, Spokane County",330125,Fairfield,2017-12-02 07:58:04.619457
2009-04-27,16:30,48.1,,34.3,58.8,0.0,NE@12.7,16.7,60.7,0.0,146,"Fairfield, Spokane County",330125,Fairfield,2017-12-02 07:58:04.619457
2009-04-27,16:45,47.9,,34.6,59.8,0.0,NE@12.4,17.1,53.1,0.0,138,"Fairfield, Spokane County",330125,Fairfield,2017-12-02 07:58:04.619457
2009-04-27,17:00,47.5,,33.6,58.2,0.0,NE@13.3,18.2,52.7,0.0,110,"Fairfield, Spokane County",330125,Fairfield,2017-12-02 07:58:04.619457
2009-04-27,17:15,47.2,,33.6,59.1,0.0,NE@12.6,16.7,52.6,0.0,77,"Fairfield, Spokane County",330125,Fairfield,2017-12-02 07:58:04.619457
2009-04-27,17:30,46.6,,33.7,60.6,0.0,NE@12.7,18.2,52.5,0.0,60,"Fairfield, Spokane County",330125,Fairfield,2017-12-02 07:58:04.619457
2009-04-27,17:45,46.2,,33.6,61.2,0.0,NE@11.6,17.8,52.6,0.0,45,"Fairfield, Spokane County",330125,Fairfield,2017-12-02 07:58:04.619457
2009-04-27,18:00,45.5,,32.9,61.1,0.0,N@11.5,17.1,52.5,0.0,35,"Fairfield, Spokane County",330125,Fairfield,2017-12-02 07:58:04.619457
2009-04-27,18:15,44.6,,32.3,61.6,0.0,N@11.0,16.0,52.3,0.0,23,"Fairfield, Spokane County",330125,Fairfield,2017-12-02 07:58:04.619457
2009-04-27,18:30,44.0,,32.0,62.4,0.0,N@10.3,14.6,52.6,0.0,13,"Fairfield, Spokane County",330125,Fairfield,2017-12-02 07:58:04.619457
2009-04-27,18:45,44.1,,30.8,59.2,0.0,NE@10.9,16.0,52.7,0.0,5,"Fairfield, Spokane County",330125,Fairfield,2017-12-02 07:58:04.619457
2009-04-27,19:00,44.1,,30.0,57.3,0.0,NE@13.3,18.2,52.5,0.0,2,"Fairfield, Spokane County",330125,Fairfield,2017-12-02 07:58:04.619457
2009-04-27,19:15,43.9,,29.8,57.3,0.0,NE@13.5,18.9,52.5,0.0,1,"Fairfield, Spokane County",330125,Fairfield,2017-12-02 07:58:04.619457
2009-04-27,19:30,43.5,,29.5,57.5,0.0,NE@13.7,17.8,52.6,0.0,0,"Fairfield, Spokane County",330125,Fairfield,2017-12-02 07:58:04.619457
2009-04-27,19:45,43.4,,29.2,57.0,0.0,NE@15.7,21.8,52.7,0.0,0,"Fairfield, Spokane County",330125,Fairfield,2017-12-02 07:58:04.619457
2009-04-27,20:00,43.0,,29.2,57.9,0.0,NE@15.0,21.8,52.8,0.0,0,"Fairfield, Spokane County",330125,Fairfield,2017-12-02 07:58:04.619457
2009-04-27,20:15,42.6,,29.5,59.7,0.0,NE@13.3,17.8,52.4,0.0,0,"Fairfield, Spokane County",330125,Fairfield,2017-12-02 07:58:04.619457
2009-04-27,20:30,42.2,,29.4,60.2,0.0,NE@12.8,18.9,52.2,0.0,0,"Fairfield, Spokane County",330125,Fairfield,2017-12-02 07:58:04.619457
2009-04-27,20:45,42.2,,29.4,60.3,0.0,NE@13.0,18.5,52.2,0.0,0,"Fairfield, Spokane County",330125,Fairfield,2017-12-02 07:58:04.619457
2009-04-27,21:00,42.0,,29.4,60.6,0.0,NE@12.7,16.4,51.9,0.0,0,"Fairfield, Spokane County",330125,Fairfield,2017-12-02 07:58:04.619457
2009-04-27,21:15,41.7,,29.0,60.5,0.0,NE@13.0,17.1,52.1,0.0,0,"Fairfield, Spokane County",330125,Fairfield,2017-12-02 07:58:04.619457
2009-04-27,21:30,41.4,,28.9,60.8,0.0,NE@13.0,18.2,52.3,0.0,0,"Fairfield, Spokane County",330125,Fairfield,2017-12-02 07:58:04.619457
2009-04-27,21:45,41.3,,28.5,60.2,0.0,NE@13.2,17.8,52.3,0.0,0,"Fairfield, Spokane County",330125,Fairfield,2017-12-02 07:58:04.619457
2009-04-27,22:00,41.4,,28.3,59.4,0.0,NE@14.7,21.0,52.5,0.0,0,"Fairfield, Spokane County",330125,Fairfield,2017-12-02 07:58:04.619457
2009-04-27,22:15,41.4,,28.1,58.7,0.0,NE@16.4,22.8,52.6,0.0,0,"Fairfield, Spokane County",330125,Fairfield,2017-12-02 07:58:04.619457
2009-04-27,22:30,41.2,,27.9,58.9,0.0,NE@17.2,24.3,52.8,0.0,0,"Fairfield, Spokane County",330125,Fairfield,2017-12-02 07:58:04.619457
2009-04-27,22:45,41.2,,28.0,59.0,0.0,NE@17.6,22.5,52.9,0.0,0,"Fairfield, Spokane County",330125,Fairfield,2017-12-02 07:58:04.619457
2009-04-27,23:00,40.9,,27.7,59.2,0.0,NE@17.4,23.5,52.8,0.0,0,"Fairfield, Spokane County",330125,Fairfield,2017-12-02 07:58:04.619457
2009-04-28,23:15,40.8,,27.7,59.4,0.0,NE@16.7,20.3,52.2,0.0,0,"Fairfield, Spokane County",330125,Fairfield,2017-12-02 07:58:04.619457
2009-04-28,23:30,40.8,,27.6,59.1,0.0,NE@15.9,22.1,52.5,0.0,0,"Fairfield, Spokane County",330125,Fairfield,2017-12-02 07:58:04.619457
2009-04-28,23:45,40.5,,27.2,58.7,0.0,NE@15.9,22.5,52.3,0.0,0,"Fairfield, Spokane County",330125,Fairfield,2017-12-02 07:58:04.619457
2009-04-28,24:00,40.4,,26.9,58.2,0.0,NE@16.3,24.3,52.3,0.0,0,"Fairfield, Spokane County",330125,Fairfield,2017-12-02 07:58:04.619457
