Date,Time PDT,Air Temp °F, 2<sup>nd</sup> Air Temp °F, Dew Point °F, Rel Hum %, Leaf Wet u., Wind Dir @ Speed mph, Wind Gust mph, 8 in. Soil Tmp °F, Tot Prec in, Solar Rad W/m²,Location,Station ID,Station Name,Download Timestamp
2018-05-27,00:15,52.2,52.1,46.7,81.4,0.16,N@0.0,0.0,73.5,0.0,0,"Chucker, Benton County",300068,Chucker,2018-09-17 10:58:37.529749
2018-05-27,00:30,52.5,52.4,46.5,79.9,0.14,W@0.4,2.8,73.4,0.0,0,"Chucker, Benton County",300068,Chucker,2018-09-17 10:58:37.529749
2018-05-27,00:45,52.3,52.3,46.1,79.3,0.13,SW@1.0,3.5,73.4,0.0,0,"Chucker, Benton County",300068,Chucker,2018-09-17 10:58:37.529749
2018-05-27,01:00,52.0,52.0,45.8,79.3,0.12,W@1.8,3.9,73.4,0.0,0,"Chucker, Benton County",300068,Chucker,2018-09-17 10:58:37.529749
2018-05-27,01:15,51.6,51.6,45.8,80.3,0.12,SW@2.1,3.1,73.3,0.0,0,"Chucker, Benton County",300068,Chucker,2018-09-17 10:58:37.529749
2018-05-27,01:30,51.7,51.6,45.3,78.8,0.1,SW@2.9,4.2,73.2,0.0,0,"Chucker, Benton County",300068,Chucker,2018-09-17 10:58:37.529749
2018-05-27,01:45,51.8,51.8,45.1,77.7,0.08,SW@2.7,4.2,73.2,0.0,0,"Chucker, Benton County",300068,Chucker,2018-09-17 10:58:37.529749
2018-05-27,02:00,51.9,51.9,44.7,76.2,0.07,SW@3.0,5.7,73.1,0.0,0,"Chucker, Benton County",300068,Chucker,2018-09-17 10:58:37.529749
2018-05-27,02:15,50.7,50.6,44.9,80.4,0.12,S@1.0,4.2,73.0,0.0,0,"Chucker, Benton County",300068,Chucker,2018-09-17 10:58:37.529749
2018-05-27,02:30,50.0,49.8,45.7,85.1,0.29,E@0.7,3.1,73.0,0.0,0,"Chucker, Benton County",300068,Chucker,2018-09-17 10:58:37.529749
2018-05-27,02:45,49.9,49.8,45.7,85.3,0.29,SE@0.4,3.5,72.9,0.0,0,"Chucker, Benton County",300068,Chucker,2018-09-17 10:58:37.529749
2018-05-27,03:00,49.6,49.5,46.5,89.0,0.57,N@0.0,0.0,72.8,0.0,0,"Chucker, Benton County",300068,Chucker,2018-09-17 10:58:37.529749
2018-05-27,03:15,49.7,49.8,46.2,87.7,0.67,S@0.0,1.7,72.7,0.0,0,"Chucker, Benton County",300068,Chucker,2018-09-17 10:58:37.529749
2018-05-27,03:30,50.7,50.7,45.8,83.1,0.38,N@0.0,0.0,72.6,0.0,0,"Chucker, Benton County",300068,Chucker,2018-09-17 10:58:37.529749
2018-05-27,03:45,50.3,50.2,45.6,83.8,0.21,N@0.0,0.0,72.6,0.0,0,"Chucker, Benton County",300068,Chucker,2018-09-17 10:58:37.529749
2018-05-27,04:00,48.4,48.2,45.6,89.9,0.5,N@0.0,0.0,72.5,0.0,0,"Chucker, Benton County",300068,Chucker,2018-09-17 10:58:37.529749
2018-05-27,04:15,48.7,48.6,45.9,89.9,0.66,SE@0.0,1.4,72.4,0.0,0,"Chucker, Benton County",300068,Chucker,2018-09-17 10:58:37.529749
2018-05-27,04:30,49.6,49.6,45.4,85.5,0.55,N@0.0,0.0,72.3,0.0,0,"Chucker, Benton County",300068,Chucker,2018-09-17 10:58:37.529749
2018-05-27,04:45,50.8,50.7,44.8,80.0,0.18,SW@0.0,1.4,72.2,0.0,0,"Chucker, Benton County",300068,Chucker,2018-09-17 10:58:37.529749
2018-05-27,05:00,50.2,50.1,44.7,81.2,0.15,W@0.8,3.1,72.1,0.0,1,"Chucker, Benton County",300068,Chucker,2018-09-17 10:58:37.529749
2018-05-27,05:15,50.8,50.7,44.6,79.3,0.08,W@1.0,2.8,72.0,0.0,2,"Chucker, Benton County",300068,Chucker,2018-09-17 10:58:37.529749
2018-05-27,05:30,50.5,50.5,44.3,79.0,0.07,SW@2.3,3.5,71.9,0.0,8,"Chucker, Benton County",300068,Chucker,2018-09-17 10:58:37.529749
2018-05-27,05:45,50.6,50.5,44.2,78.6,0.06,SW@2.2,3.1,71.8,0.0,21,"Chucker, Benton County",300068,Chucker,2018-09-17 10:58:37.529749
2018-05-27,06:00,51.1,50.9,44.3,77.6,0.04,SW@2.2,3.9,71.7,0.0,44,"Chucker, Benton County",300068,Chucker,2018-09-17 10:58:37.529749
2018-05-27,06:15,51.9,51.7,44.6,76.1,0.03,W@0.5,2.1,71.6,0.0,73,"Chucker, Benton County",300068,Chucker,2018-09-17 10:58:37.529749
2018-05-27,06:30,53.2,53.0,44.9,73.4,0.02,W@0.8,3.1,71.5,0.0,102,"Chucker, Benton County",300068,Chucker,2018-09-17 10:58:37.529749
2018-05-27,06:45,54.1,54.0,45.4,72.2,0.01,SW@1.5,3.1,71.4,0.0,139,"Chucker, Benton County",300068,Chucker,2018-09-17 10:58:37.529749
2018-05-27,07:00,54.6,54.6,45.2,70.4,0.01,SW@2.3,3.9,71.3,0.0,176,"Chucker, Benton County",300068,Chucker,2018-09-17 10:58:37.529749
2018-05-27,07:15,55.7,55.4,45.2,67.9,0.01,SW@3.1,5.3,71.2,0.0,215,"Chucker, Benton County",300068,Chucker,2018-09-17 10:58:37.529749
2018-05-27,07:30,56.4,56.2,45.5,66.5,0.01,SW@3.7,6.0,71.0,0.0,251,"Chucker, Benton County",300068,Chucker,2018-09-17 10:58:37.529749
2018-05-27,07:45,57.2,56.9,45.5,64.8,0.0,SW@4.0,7.8,70.9,0.0,307,"Chucker, Benton County",300068,Chucker,2018-09-17 10:58:37.529749
2018-05-27,08:00,57.7,57.3,45.8,64.3,0.01,SW@4.4,7.4,70.8,0.0,340,"Chucker, Benton County",300068,Chucker,2018-09-17 10:58:37.529749
2018-05-27,08:15,57.9,57.6,45.5,63.1,0.01,SW@4.7,8.5,70.7,0.0,390,"Chucker, Benton County",300068,Chucker,2018-09-17 10:58:37.529749
2018-05-27,08:30,59.1,58.6,46.0,61.8,0.0,W@4.3,6.7,70.6,0.0,441,"Chucker, Benton County",300068,Chucker,2018-09-17 10:58:37.529749
2018-05-27,08:45,59.9,59.5,46.3,60.9,0.0,W@4.5,7.1,70.5,0.0,484,"Chucker, Benton County",300068,Chucker,2018-09-17 10:58:37.529749
2018-05-27,09:00,60.6,60.3,46.4,59.3,0.0,W@3.5,6.0,70.4,0.0,521,"Chucker, Benton County",300068,Chucker,2018-09-17 10:58:37.529749
2018-05-27,09:15,61.8,61.5,46.5,57.2,0.0,SW@4.8,8.2,70.3,0.0,547,"Chucker, Benton County",300068,Chucker,2018-09-17 10:58:37.529749
2018-05-27,09:30,62.7,62.5,46.4,55.1,0.0,SW@4.7,7.4,70.3,0.0,568,"Chucker, Benton County",300068,Chucker,2018-09-17 10:58:37.529749
2018-05-27,09:45,63.6,63.2,46.6,53.8,0.0,SW@4.7,8.9,70.2,0.0,608,"Chucker, Benton County",300068,Chucker,2018-09-17 10:58:37.529749
2018-05-27,10:00,64.4,63.9,46.8,52.8,0.0,SW@4.7,8.2,70.1,0.0,640,"Chucker, Benton County",300068,Chucker,2018-09-17 10:58:37.529749
2018-05-27,10:15,65.4,65.2,47.1,51.5,0.0,SW@4.4,7.4,70.0,0.0,683,"Chucker, Benton County",300068,Chucker,2018-09-17 10:58:37.529749
2018-05-27,10:30,66.2,65.8,47.3,50.5,0.0,SW@5.1,9.2,70.0,0.0,734,"Chucker, Benton County",300068,Chucker,2018-09-17 10:58:37.529749
2018-05-27,10:45,67.2,66.8,47.3,48.8,0.0,SW@4.9,9.6,69.9,0.0,770,"Chucker, Benton County",300068,Chucker,2018-09-17 10:58:37.529749
2018-05-27,11:00,67.7,67.3,47.9,48.9,0.0,SW@5.3,10.7,69.8,0.0,796,"Chucker, Benton County",300068,Chucker,2018-09-17 10:58:37.529749
2018-05-27,11:15,68.8,68.4,47.4,46.3,0.0,SW@4.4,8.5,69.8,0.0,803,"Chucker, Benton County",300068,Chucker,2018-09-17 10:58:37.529749
2018-05-27,11:30,69.2,68.8,47.1,45.1,0.0,SW@4.2,8.5,69.7,0.0,832,"Chucker, Benton County",300068,Chucker,2018-09-17 10:58:37.529749
2018-05-27,11:45,70.5,70.2,47.0,43.1,0.0,S@6.0,9.6,69.7,0.0,850,"Chucker, Benton County",300068,Chucker,2018-09-17 10:58:37.529749
2018-05-27,12:00,71.0,70.8,46.1,40.9,0.0,S@5.4,8.2,69.6,0.0,863,"Chucker, Benton County",300068,Chucker,2018-09-17 10:58:37.529749
2018-05-27,12:15,72.1,72.0,46.5,39.9,0.0,S@6.0,9.6,69.6,0.0,894,"Chucker, Benton County",300068,Chucker,2018-09-17 10:58:37.529749
2018-05-27,12:30,72.5,72.2,45.7,38.2,0.0,SW@4.9,7.8,69.6,0.0,903,"Chucker, Benton County",300068,Chucker,2018-09-17 10:58:37.529749
2018-05-27,12:45,72.9,72.8,45.7,37.8,0.0,S@4.5,11.0,69.6,0.0,909,"Chucker, Benton County",300068,Chucker,2018-09-17 10:58:37.529749
2018-05-27,13:00,73.7,73.5,45.4,36.4,0.0,S@5.8,9.2,69.6,0.0,913,"Chucker, Benton County",300068,Chucker,2018-09-17 10:58:37.529749
2018-05-27,13:15,75.2,74.9,45.7,34.9,0.0,S@5.1,8.5,69.6,0.0,914,"Chucker, Benton County",300068,Chucker,2018-09-17 10:58:37.529749
2018-05-27,13:30,75.6,75.4,45.6,34.4,0.0,S@5.5,8.9,69.6,0.0,912,"Chucker, Benton County",300068,Chucker,2018-09-17 10:58:37.529749
2018-05-27,13:45,75.8,75.4,45.1,33.6,0.0,S@5.2,8.2,69.7,0.0,906,"Chucker, Benton County",300068,Chucker,2018-09-17 10:58:37.529749
2018-05-27,14:00,76.3,76.0,46.1,34.3,0.0,S@5.7,9.9,69.7,0.0,896,"Chucker, Benton County",300068,Chucker,2018-09-17 10:58:37.529749
2018-05-27,14:15,76.6,76.5,44.9,32.3,0.0,S@5.3,8.5,69.7,0.0,884,"Chucker, Benton County",300068,Chucker,2018-09-17 10:58:37.529749
2018-05-27,14:30,76.8,76.7,45.3,32.7,0.0,S@5.7,8.2,69.8,0.0,858,"Chucker, Benton County",300068,Chucker,2018-09-17 10:58:37.529749
2018-05-27,14:45,77.1,76.9,46.0,33.2,0.0,S@5.9,8.2,69.9,0.0,840,"Chucker, Benton County",300068,Chucker,2018-09-17 10:58:37.529749
2018-05-27,15:00,77.3,77.1,45.1,31.9,0.0,S@4.4,7.4,69.9,0.0,822,"Chucker, Benton County",300068,Chucker,2018-09-17 10:58:37.529749
2018-05-27,15:15,77.8,77.5,45.3,31.6,0.0,SE@4.4,8.2,70.0,0.0,793,"Chucker, Benton County",300068,Chucker,2018-09-17 10:58:37.529749
2018-05-27,15:30,78.5,78.3,45.6,31.2,0.0,S@3.7,7.1,70.1,0.0,769,"Chucker, Benton County",300068,Chucker,2018-09-17 10:58:37.529749
2018-05-27,15:45,79.3,79.0,46.5,31.4,0.0,S@3.7,6.4,70.2,0.0,740,"Chucker, Benton County",300068,Chucker,2018-09-17 10:58:37.529749
2018-05-27,16:00,79.8,79.6,42.1,26.2,0.0,S@3.5,6.0,70.3,0.0,710,"Chucker, Benton County",300068,Chucker,2018-09-17 10:58:37.529749
2018-05-27,16:15,80.0,79.9,42.4,26.3,0.0,S@3.6,5.7,70.5,0.0,675,"Chucker, Benton County",300068,Chucker,2018-09-17 10:58:37.529749
2018-05-27,16:30,80.0,79.7,46.0,30.3,0.0,S@3.8,5.7,70.6,0.0,638,"Chucker, Benton County",300068,Chucker,2018-09-17 10:58:37.529749
2018-05-27,16:45,79.9,79.6,45.5,29.7,0.0,S@3.9,6.7,70.7,0.0,599,"Chucker, Benton County",300068,Chucker,2018-09-17 10:58:37.529749
2018-05-27,17:00,79.5,79.2,45.7,30.4,0.0,S@4.2,6.4,70.9,0.0,560,"Chucker, Benton County",300068,Chucker,2018-09-17 10:58:37.529749
2018-05-27,17:15,79.7,79.4,46.3,30.9,0.0,S@3.3,6.4,71.0,0.0,519,"Chucker, Benton County",300068,Chucker,2018-09-17 10:58:37.529749
2018-05-27,17:30,79.4,79.1,47.6,32.7,0.0,S@4.1,6.4,71.2,0.0,477,"Chucker, Benton County",300068,Chucker,2018-09-17 10:58:37.529749
2018-05-27,17:45,78.7,78.4,49.9,36.5,0.0,SE@4.6,6.7,71.3,0.0,433,"Chucker, Benton County",300068,Chucker,2018-09-17 10:58:37.529749
2018-05-27,18:00,77.6,77.4,49.5,37.3,0.0,SE@4.2,6.0,71.5,0.0,390,"Chucker, Benton County",300068,Chucker,2018-09-17 10:58:37.529749
2018-05-27,18:15,77.7,77.5,49.6,37.3,0.0,SE@3.4,4.6,71.6,0.0,346,"Chucker, Benton County",300068,Chucker,2018-09-17 10:58:37.529749
2018-05-27,18:30,77.3,76.9,51.0,39.7,0.0,SE@3.5,4.9,71.8,0.0,302,"Chucker, Benton County",300068,Chucker,2018-09-17 10:58:37.529749
2018-05-27,18:45,77.4,77.1,48.3,35.8,0.0,SE@3.1,4.6,71.9,0.0,259,"Chucker, Benton County",300068,Chucker,2018-09-17 10:58:37.529749
2018-05-27,19:00,77.5,77.3,48.5,36.0,0.0,SE@2.4,3.1,72.1,0.0,216,"Chucker, Benton County",300068,Chucker,2018-09-17 10:58:37.529749
2018-05-27,19:15,76.9,76.7,50.8,40.0,0.0,SE@2.5,3.5,72.2,0.0,175,"Chucker, Benton County",300068,Chucker,2018-09-17 10:58:37.529749
2018-05-27,19:30,76.8,76.6,51.4,41.1,0.0,E@0.9,2.1,72.3,0.0,139,"Chucker, Benton County",300068,Chucker,2018-09-17 10:58:37.529749
2018-05-27,19:45,75.4,75.1,52.6,45.1,0.0,NE@2.0,2.8,72.4,0.0,103,"Chucker, Benton County",300068,Chucker,2018-09-17 10:58:37.529749
2018-05-27,20:00,72.9,72.6,55.6,54.7,0.01,NE@2.8,3.1,72.6,0.0,72,"Chucker, Benton County",300068,Chucker,2018-09-17 10:58:37.529749
2018-05-27,20:15,69.8,69.5,54.0,57.2,0.01,NE@3.0,3.9,72.7,0.0,33,"Chucker, Benton County",300068,Chucker,2018-09-17 10:58:37.529749
2018-05-27,20:30,67.9,67.7,52.7,58.0,0.02,NE@3.3,3.9,72.8,0.0,11,"Chucker, Benton County",300068,Chucker,2018-09-17 10:58:37.529749
2018-05-27,20:45,67.2,66.9,51.7,57.5,0.02,NE@3.1,3.9,72.9,0.0,4,"Chucker, Benton County",300068,Chucker,2018-09-17 10:58:37.529749
2018-05-27,21:00,67.3,67.0,50.5,54.8,0.01,NE@3.4,3.9,73.0,0.0,2,"Chucker, Benton County",300068,Chucker,2018-09-17 10:58:37.529749
2018-05-27,21:15,67.4,67.1,49.8,53.1,0.01,NE@3.3,3.9,73.1,0.0,0,"Chucker, Benton County",300068,Chucker,2018-09-17 10:58:37.529749
2018-05-27,21:30,66.1,65.8,50.2,56.3,0.01,NE@2.7,3.1,73.2,0.0,0,"Chucker, Benton County",300068,Chucker,2018-09-17 10:58:37.529749
2018-05-27,21:45,66.6,66.5,49.1,53.3,0.01,E@2.5,3.1,73.3,0.0,0,"Chucker, Benton County",300068,Chucker,2018-09-17 10:58:37.529749
2018-05-27,22:00,65.4,65.2,49.9,57.1,0.02,NE@2.1,3.5,73.3,0.0,0,"Chucker, Benton County",300068,Chucker,2018-09-17 10:58:37.529749
2018-05-27,22:15,61.8,61.9,51.7,69.5,0.05,N@2.0,3.5,73.4,0.0,0,"Chucker, Benton County",300068,Chucker,2018-09-17 10:58:37.529749
2018-05-27,22:30,64.1,64.1,47.5,54.8,0.02,SE@0.1,1.7,73.4,0.0,0,"Chucker, Benton County",300068,Chucker,2018-09-17 10:58:37.529749
2018-05-27,22:45,63.4,63.3,47.7,56.5,0.02,SE@2.2,4.6,73.4,0.0,0,"Chucker, Benton County",300068,Chucker,2018-09-17 10:58:37.529749
2018-05-27,23:00,64.3,64.2,47.5,54.3,0.01,E@3.8,5.7,73.5,0.0,0,"Chucker, Benton County",300068,Chucker,2018-09-17 10:58:37.529749
2018-05-27,23:15,64.3,64.2,47.3,54.0,0.01,E@3.6,5.3,73.5,0.0,0,"Chucker, Benton County",300068,Chucker,2018-09-17 10:58:37.529749
2018-05-27,23:30,64.8,64.7,46.9,52.2,0.01,NE@2.0,3.9,73.5,0.0,0,"Chucker, Benton County",300068,Chucker,2018-09-17 10:58:37.529749
2018-05-27,23:45,62.4,62.3,48.2,59.7,0.02,N@2.8,4.2,73.4,0.0,0,"Chucker, Benton County",300068,Chucker,2018-09-17 10:58:37.529749
2018-05-27,24:00,62.6,62.5,47.5,57.6,0.02,NW@2.6,4.9,73.4,0.0,0,"Chucker, Benton County",300068,Chucker,2018-09-17 10:58:37.529749
2018-05-28,00:15,62.7,62.7,47.1,56.5,0.01,SW@2.8,6.7,73.4,0.0,0,"Chucker, Benton County",300068,Chucker,2018-09-17 10:58:37.529749
2018-05-28,00:30,60.3,60.1,48.4,64.8,0.03,NE@2.4,3.5,73.4,0.0,0,"Chucker, Benton County",300068,Chucker,2018-09-17 10:58:37.529749
2018-05-28,00:45,57.9,57.9,49.4,73.1,0.06,NE@2.4,3.5,73.4,0.0,0,"Chucker, Benton County",300068,Chucker,2018-09-17 10:58:37.529749
2018-05-28,01:00,59.1,59.0,48.3,67.3,0.04,SE@2.8,3.5,73.3,0.0,0,"Chucker, Benton County",300068,Chucker,2018-09-17 10:58:37.529749
2018-05-28,01:15,57.8,57.7,48.8,71.7,0.06,E@1.6,2.8,73.3,0.0,0,"Chucker, Benton County",300068,Chucker,2018-09-17 10:58:37.529749
2018-05-28,01:30,58.5,58.3,48.0,67.8,0.05,SE@0.4,2.1,73.2,0.0,0,"Chucker, Benton County",300068,Chucker,2018-09-17 10:58:37.529749
2018-05-28,01:45,59.0,58.9,47.5,65.5,0.05,SE@0.0,1.4,73.2,0.0,0,"Chucker, Benton County",300068,Chucker,2018-09-17 10:58:37.529749
2018-05-28,02:00,59.4,59.3,47.7,65.0,0.04,SW@0.5,2.1,73.2,0.0,0,"Chucker, Benton County",300068,Chucker,2018-09-17 10:58:37.529749
2018-05-28,02:15,60.1,60.1,47.8,63.7,0.04,W@0.5,2.4,73.1,0.0,0,"Chucker, Benton County",300068,Chucker,2018-09-17 10:58:37.529749
2018-05-28,02:30,60.7,60.7,47.8,62.3,0.03,N@0.0,0.0,73.0,0.0,0,"Chucker, Benton County",300068,Chucker,2018-09-17 10:58:37.529749
2018-05-28,02:45,60.1,60.1,47.9,64.0,0.06,N@0.0,0.0,73.0,0.0,0,"Chucker, Benton County",300068,Chucker,2018-09-17 10:58:37.529749
2018-05-28,03:00,59.6,59.5,48.1,65.4,0.05,N@0.0,0.0,72.9,0.0,0,"Chucker, Benton County",300068,Chucker,2018-09-17 10:58:37.529749
2018-05-28,03:15,59.7,59.6,48.1,65.3,0.05,N@0.0,0.0,72.8,0.0,0,"Chucker, Benton County",300068,Chucker,2018-09-17 10:58:37.529749
2018-05-28,03:30,59.3,59.2,48.3,66.7,0.05,S@0.5,3.1,72.7,0.0,0,"Chucker, Benton County",300068,Chucker,2018-09-17 10:58:37.529749
2018-05-28,03:45,58.9,58.7,48.4,68.0,0.06,SE@0.0,1.7,72.7,0.0,0,"Chucker, Benton County",300068,Chucker,2018-09-17 10:58:37.529749
2018-05-28,04:00,58.1,58.0,48.8,71.2,0.07,N@0.0,0.0,72.6,0.0,0,"Chucker, Benton County",300068,Chucker,2018-09-17 10:58:37.529749
2018-05-28,04:15,56.4,56.3,49.3,76.8,0.09,N@0.0,0.0,72.5,0.0,0,"Chucker, Benton County",300068,Chucker,2018-09-17 10:58:37.529749
2018-05-28,04:30,56.7,56.7,49.4,76.4,0.09,N@0.0,0.0,72.4,0.0,0,"Chucker, Benton County",300068,Chucker,2018-09-17 10:58:37.529749
2018-05-28,04:45,56.5,56.4,49.6,77.5,0.11,N@0.0,0.0,72.4,0.0,0,"Chucker, Benton County",300068,Chucker,2018-09-17 10:58:37.529749
2018-05-28,05:00,56.0,55.9,49.4,78.6,0.12,N@0.0,0.0,72.3,0.0,1,"Chucker, Benton County",300068,Chucker,2018-09-17 10:58:37.529749
2018-05-28,05:15,55.8,55.6,49.5,79.3,0.12,N@0.0,0.0,72.2,0.0,3,"Chucker, Benton County",300068,Chucker,2018-09-17 10:58:37.529749
2018-05-28,05:30,55.4,55.3,49.5,80.4,0.13,N@0.0,0.0,72.1,0.0,11,"Chucker, Benton County",300068,Chucker,2018-09-17 10:58:37.529749
2018-05-28,05:45,55.8,55.6,49.6,79.8,0.08,SW@0.6,3.9,72.0,0.0,33,"Chucker, Benton County",300068,Chucker,2018-09-17 10:58:37.529749
2018-05-28,06:00,57.1,56.9,50.2,77.7,0.05,SW@2.8,3.9,71.9,0.0,58,"Chucker, Benton County",300068,Chucker,2018-09-17 10:58:37.529749
2018-05-28,06:15,58.0,57.8,50.6,76.2,0.03,SW@2.8,3.5,71.9,0.0,86,"Chucker, Benton County",300068,Chucker,2018-09-17 10:58:37.529749
2018-05-28,06:30,59.4,59.2,50.7,72.8,0.02,SW@2.3,3.5,71.8,0.0,118,"Chucker, Benton County",300068,Chucker,2018-09-17 10:58:37.529749
2018-05-28,06:45,60.4,60.2,51.2,71.6,0.02,S@2.3,3.1,71.7,0.0,153,"Chucker, Benton County",300068,Chucker,2018-09-17 10:58:37.529749
2018-05-28,07:00,60.7,60.9,52.2,73.5,0.02,S@2.8,6.0,71.6,0.0,191,"Chucker, Benton County",300068,Chucker,2018-09-17 10:58:37.529749
2018-05-28,07:15,61.9,61.7,51.4,68.4,0.01,S@3.9,6.4,71.5,0.0,233,"Chucker, Benton County",300068,Chucker,2018-09-17 10:58:37.529749
2018-05-28,07:30,62.9,62.6,51.0,65.1,0.01,SW@4.3,6.7,71.4,0.0,279,"Chucker, Benton County",300068,Chucker,2018-09-17 10:58:37.529749
2018-05-28,07:45,63.6,63.3,50.6,62.6,0.01,SW@4.2,7.1,71.3,0.0,326,"Chucker, Benton County",300068,Chucker,2018-09-17 10:58:37.529749
2018-05-28,08:00,64.3,63.9,51.0,61.9,0.01,SW@4.2,7.4,71.2,0.0,366,"Chucker, Benton County",300068,Chucker,2018-09-17 10:58:37.529749
2018-05-28,08:15,64.7,64.3,51.0,61.2,0.01,W@4.2,6.7,71.1,0.0,409,"Chucker, Benton County",300068,Chucker,2018-09-17 10:58:37.529749
2018-05-28,08:30,65.3,64.9,51.3,60.4,0.01,SW@4.2,7.1,71.0,0.0,451,"Chucker, Benton County",300068,Chucker,2018-09-17 10:58:37.529749
2018-05-28,08:45,66.2,65.8,51.6,59.3,0.01,W@4.1,6.7,71.0,0.0,475,"Chucker, Benton County",300068,Chucker,2018-09-17 10:58:37.529749
2018-05-28,09:00,67.5,67.0,52.0,57.6,0.0,W@4.0,7.1,70.9,0.0,527,"Chucker, Benton County",300068,Chucker,2018-09-17 10:58:37.529749
2018-05-28,09:15,68.7,68.3,52.5,56.2,0.0,W@4.2,7.8,70.8,0.0,567,"Chucker, Benton County",300068,Chucker,2018-09-17 10:58:37.529749
2018-05-28,09:30,70.3,69.9,52.6,53.4,0.0,W@3.9,6.7,70.7,0.0,601,"Chucker, Benton County",300068,Chucker,2018-09-17 10:58:37.529749
2018-05-28,09:45,71.1,70.7,52.7,52.1,0.0,W@4.6,7.8,70.7,0.0,634,"Chucker, Benton County",300068,Chucker,2018-09-17 10:58:37.529749
2018-05-28,10:00,72.3,71.9,52.2,49.2,0.0,SW@5.5,11.0,70.6,0.0,674,"Chucker, Benton County",300068,Chucker,2018-09-17 10:58:37.529749
2018-05-28,10:15,72.8,72.5,51.4,47.0,0.0,SW@6.1,10.3,70.5,0.0,710,"Chucker, Benton County",300068,Chucker,2018-09-17 10:58:37.529749
2018-05-28,10:30,73.8,73.5,50.7,44.1,0.0,SW@6.6,10.3,70.5,0.0,742,"Chucker, Benton County",300068,Chucker,2018-09-17 10:58:37.529749
2018-05-28,10:45,74.4,74.0,50.4,42.9,0.0,SW@6.1,9.2,70.4,0.0,770,"Chucker, Benton County",300068,Chucker,2018-09-17 10:58:37.529749
2018-05-28,11:00,76.3,75.8,51.0,41.2,0.0,SW@6.0,10.3,70.4,0.0,798,"Chucker, Benton County",300068,Chucker,2018-09-17 10:58:37.529749
2018-05-28,11:15,76.3,75.9,50.0,39.6,0.0,SW@6.4,11.4,70.4,0.0,823,"Chucker, Benton County",300068,Chucker,2018-09-17 10:58:37.529749
2018-05-28,11:30,77.4,77.1,49.6,37.7,0.0,SW@5.5,11.0,70.3,0.0,844,"Chucker, Benton County",300068,Chucker,2018-09-17 10:58:37.529749
2018-05-28,11:45,78.0,77.7,49.4,36.5,0.0,SW@6.7,10.3,70.3,0.0,863,"Chucker, Benton County",300068,Chucker,2018-09-17 10:58:37.529749
2018-05-28,12:00,79.5,79.3,49.6,35.2,0.0,SW@6.1,9.6,70.3,0.0,878,"Chucker, Benton County",300068,Chucker,2018-09-17 10:58:37.529749
2018-05-28,12:15,79.7,79.4,49.1,34.3,0.0,SW@7.1,12.1,70.3,0.0,892,"Chucker, Benton County",300068,Chucker,2018-09-17 10:58:37.529749
2018-05-28,12:30,81.0,80.7,49.3,33.1,0.01,SW@6.3,9.9,70.3,0.0,904,"Chucker, Benton County",300068,Chucker,2018-09-17 10:58:37.529749
2018-05-28,12:45,81.7,81.4,48.8,31.7,0.0,SW@6.3,11.4,70.3,0.0,912,"Chucker, Benton County",300068,Chucker,2018-09-17 10:58:37.529749
2018-05-28,13:00,82.6,82.3,48.4,30.4,0.0,SW@6.8,10.3,70.3,0.0,916,"Chucker, Benton County",300068,Chucker,2018-09-17 10:58:37.529749
2018-05-28,13:15,82.9,82.7,47.9,29.5,0.0,SW@7.1,13.5,70.3,0.0,917,"Chucker, Benton County",300068,Chucker,2018-09-17 10:58:37.529749
2018-05-28,13:30,83.8,83.7,48.3,29.1,0.0,SW@7.1,11.0,70.3,0.0,915,"Chucker, Benton County",300068,Chucker,2018-09-17 10:58:37.529749
2018-05-28,13:45,83.6,83.4,47.4,28.3,0.0,SW@6.6,10.7,70.4,0.0,910,"Chucker, Benton County",300068,Chucker,2018-09-17 10:58:37.529749
2018-05-28,14:00,84.9,84.5,47.8,27.5,0.0,SW@6.0,11.0,70.4,0.0,900,"Chucker, Benton County",300068,Chucker,2018-09-17 10:58:37.529749
2018-05-28,14:15,84.8,84.4,47.8,27.6,0.0,W@6.5,10.7,70.5,0.0,888,"Chucker, Benton County",300068,Chucker,2018-09-17 10:58:37.529749
2018-05-28,14:30,84.9,84.6,48.0,27.8,0.0,SW@6.2,9.9,70.5,0.0,872,"Chucker, Benton County",300068,Chucker,2018-09-17 10:58:37.529749
2018-05-28,14:45,85.2,84.9,48.4,27.9,0.0,W@6.5,11.7,70.6,0.0,853,"Chucker, Benton County",300068,Chucker,2018-09-17 10:58:37.529749
2018-05-28,15:00,85.1,84.7,50.0,29.8,0.0,W@5.8,10.7,70.7,0.0,830,"Chucker, Benton County",300068,Chucker,2018-09-17 10:58:37.529749
2018-05-28,15:15,85.6,85.2,50.3,29.6,0.0,W@5.9,9.9,70.8,0.0,805,"Chucker, Benton County",300068,Chucker,2018-09-17 10:58:37.529749
2018-05-28,15:30,85.5,85.2,50.7,30.1,0.0,W@6.3,10.7,70.9,0.0,778,"Chucker, Benton County",300068,Chucker,2018-09-17 10:58:37.529749
2018-05-28,15:45,85.4,85.1,50.0,29.5,0.0,W@6.7,12.1,71.0,0.0,749,"Chucker, Benton County",300068,Chucker,2018-09-17 10:58:37.529749
2018-05-28,16:00,85.5,85.2,49.7,29.0,0.0,W@7.2,12.4,71.1,0.0,717,"Chucker, Benton County",300068,Chucker,2018-09-17 10:58:37.529749
2018-05-28,16:15,85.8,85.5,49.2,28.2,0.0,W@6.6,9.6,71.3,0.0,684,"Chucker, Benton County",300068,Chucker,2018-09-17 10:58:37.529749
2018-05-28,16:30,85.5,85.2,48.8,28.0,0.0,W@7.0,10.7,71.4,0.0,649,"Chucker, Benton County",300068,Chucker,2018-09-17 10:58:37.529749
2018-05-28,16:45,85.4,85.1,48.6,28.0,0.0,W@6.7,11.7,71.5,0.0,611,"Chucker, Benton County",300068,Chucker,2018-09-17 10:58:37.529749
2018-05-28,17:00,84.8,84.5,48.6,28.5,0.0,W@7.0,9.9,71.7,0.0,570,"Chucker, Benton County",300068,Chucker,2018-09-17 10:58:37.529749
2018-05-28,17:15,84.7,84.4,48.9,28.9,0.0,W@6.3,11.0,71.8,0.0,527,"Chucker, Benton County",300068,Chucker,2018-09-17 10:58:37.529749
2018-05-28,17:30,83.9,83.6,48.4,29.2,0.0,W@6.9,10.7,72.0,0.0,485,"Chucker, Benton County",300068,Chucker,2018-09-17 10:58:37.529749
2018-05-28,17:45,83.4,83.1,47.8,28.9,0.0,W@6.8,9.9,72.1,0.0,442,"Chucker, Benton County",300068,Chucker,2018-09-17 10:58:37.529749
2018-05-28,18:00,82.6,82.3,50.4,32.7,0.0,W@7.3,10.7,72.3,0.0,395,"Chucker, Benton County",300068,Chucker,2018-09-17 10:58:37.529749
2018-05-28,18:15,81.1,80.8,51.3,35.5,0.0,W@7.6,12.8,72.4,0.0,348,"Chucker, Benton County",300068,Chucker,2018-09-17 10:58:37.529749
2018-05-28,18:30,79.5,79.1,50.6,36.5,0.0,W@7.9,12.8,72.6,0.0,305,"Chucker, Benton County",300068,Chucker,2018-09-17 10:58:37.529749
2018-05-28,18:45,78.3,77.9,50.3,37.6,0.0,W@6.9,12.4,72.7,0.0,262,"Chucker, Benton County",300068,Chucker,2018-09-17 10:58:37.529749
2018-05-28,19:00,77.8,77.6,49.8,37.5,0.0,W@6.1,10.3,72.9,0.0,219,"Chucker, Benton County",300068,Chucker,2018-09-17 10:58:37.529749
2018-05-28,19:15,77.0,76.7,50.4,39.4,0.0,W@5.4,8.9,73.0,0.0,177,"Chucker, Benton County",300068,Chucker,2018-09-17 10:58:37.529749
2018-05-28,19:30,75.3,75.2,50.4,41.5,0.0,W@5.8,9.9,73.1,0.0,134,"Chucker, Benton County",300068,Chucker,2018-09-17 10:58:37.529749
2018-05-28,19:45,74.0,73.8,50.7,44.1,0.0,W@4.3,7.4,73.2,0.0,97,"Chucker, Benton County",300068,Chucker,2018-09-17 10:58:37.529749
2018-05-28,20:00,72.4,72.3,50.8,46.5,0.0,W@3.3,6.4,73.4,0.0,63,"Chucker, Benton County",300068,Chucker,2018-09-17 10:58:37.529749
2018-05-28,20:15,71.1,71.1,50.1,47.3,0.01,W@3.0,7.4,73.5,0.0,34,"Chucker, Benton County",300068,Chucker,2018-09-17 10:58:37.529749
2018-05-28,20:30,69.4,69.4,49.3,48.7,0.01,SW@2.2,6.7,73.6,0.0,13,"Chucker, Benton County",300068,Chucker,2018-09-17 10:58:37.529749
2018-05-28,20:45,67.4,67.3,48.5,50.8,0.01,S@4.7,8.2,73.7,0.0,5,"Chucker, Benton County",300068,Chucker,2018-09-17 10:58:37.529749
2018-05-28,21:00,66.8,66.8,48.6,51.8,0.01,S@5.3,8.5,73.8,0.0,2,"Chucker, Benton County",300068,Chucker,2018-09-17 10:58:37.529749
2018-05-28,21:15,66.2,66.1,48.5,52.9,0.01,S@5.9,9.6,73.9,0.0,0,"Chucker, Benton County",300068,Chucker,2018-09-17 10:58:37.529749
2018-05-28,21:30,64.1,64.0,49.6,59.2,0.02,S@3.3,5.7,73.9,0.0,0,"Chucker, Benton County",300068,Chucker,2018-09-17 10:58:37.529749
2018-05-28,21:45,62.3,62.2,50.5,65.1,0.03,SE@2.1,3.5,74.0,0.0,0,"Chucker, Benton County",300068,Chucker,2018-09-17 10:58:37.529749
2018-05-28,22:00,61.1,61.0,50.9,68.9,0.05,NE@1.8,3.9,74.1,0.0,0,"Chucker, Benton County",300068,Chucker,2018-09-17 10:58:37.529749
2018-05-28,22:15,59.4,59.2,51.7,75.6,0.07,NE@2.4,3.9,74.1,0.0,0,"Chucker, Benton County",300068,Chucker,2018-09-17 10:58:37.529749
2018-05-28,22:30,59.2,59.1,51.4,75.4,0.08,E@2.3,3.9,74.1,0.0,0,"Chucker, Benton County",300068,Chucker,2018-09-17 10:58:37.529749
2018-05-28,22:45,60.2,60.2,50.7,71.0,0.05,SW@4.1,9.6,74.2,0.0,0,"Chucker, Benton County",300068,Chucker,2018-09-17 10:58:37.529749
2018-05-28,23:00,60.1,60.1,50.5,70.3,0.03,W@4.8,8.9,74.2,0.0,0,"Chucker, Benton County",300068,Chucker,2018-09-17 10:58:37.529749
2018-05-28,23:15,59.1,59.1,50.6,73.2,0.05,W@2.6,4.6,74.2,0.0,0,"Chucker, Benton County",300068,Chucker,2018-09-17 10:58:37.529749
2018-05-28,23:30,59.0,59.0,50.2,72.5,0.05,SW@3.6,7.1,74.2,0.0,0,"Chucker, Benton County",300068,Chucker,2018-09-17 10:58:37.529749
2018-05-28,23:45,58.9,58.9,49.4,70.7,0.04,SW@4.2,7.1,74.2,0.0,0,"Chucker, Benton County",300068,Chucker,2018-09-17 10:58:37.529749
2018-05-28,24:00,58.3,58.3,49.0,71.0,0.04,SW@2.7,6.0,74.2,0.0,0,"Chucker, Benton County",300068,Chucker,2018-09-17 10:58:37.529749
2018-05-29,00:15,57.5,57.5,48.9,72.8,0.05,SW@2.9,4.6,74.1,0.0,0,"Chucker, Benton County",300068,Chucker,2018-09-17 10:58:37.529749
2018-05-29,00:30,56.5,56.5,49.0,75.7,0.07,SW@1.9,4.2,74.1,0.0,0,"Chucker, Benton County",300068,Chucker,2018-09-17 10:58:37.529749
2018-05-29,00:45,56.0,55.9,48.7,76.2,0.08,SW@1.1,4.9,74.1,0.0,0,"Chucker, Benton County",300068,Chucker,2018-09-17 10:58:37.529749
2018-05-29,01:00,55.2,55.2,48.2,77.1,0.08,SW@2.5,5.7,74.1,0.0,0,"Chucker, Benton County",300068,Chucker,2018-09-17 10:58:37.529749
2018-05-29,01:15,55.0,55.0,47.7,76.3,0.07,W@2.5,4.9,74.0,0.0,0,"Chucker, Benton County",300068,Chucker,2018-09-17 10:58:37.529749
2018-05-29,01:30,54.3,54.2,47.7,78.2,0.08,W@2.5,4.9,74.0,0.0,0,"Chucker, Benton County",300068,Chucker,2018-09-17 10:58:37.529749
2018-05-29,01:45,54.5,54.5,47.1,76.0,0.06,SW@3.6,6.7,73.9,0.0,0,"Chucker, Benton County",300068,Chucker,2018-09-17 10:58:37.529749
2018-05-29,02:00,55.2,55.2,46.5,72.5,0.04,W@4.2,7.4,73.9,0.0,0,"Chucker, Benton County",300068,Chucker,2018-09-17 10:58:37.529749
2018-05-29,02:15,54.5,54.5,46.3,73.7,0.05,W@2.8,5.3,73.8,0.0,0,"Chucker, Benton County",300068,Chucker,2018-09-17 10:58:37.529749
2018-05-29,02:30,53.6,53.5,46.1,75.6,0.07,W@1.9,3.9,73.7,0.0,0,"Chucker, Benton County",300068,Chucker,2018-09-17 10:58:37.529749
2018-05-29,02:45,53.1,53.0,45.9,76.3,0.07,SW@2.8,4.9,73.7,0.0,0,"Chucker, Benton County",300068,Chucker,2018-09-17 10:58:37.529749
2018-05-29,03:00,53.2,53.2,45.5,75.0,0.06,SW@3.3,6.0,73.6,0.0,0,"Chucker, Benton County",300068,Chucker,2018-09-17 10:58:37.529749
2018-05-29,03:15,53.1,53.0,45.5,75.4,0.06,SW@2.2,5.7,73.5,0.0,0,"Chucker, Benton County",300068,Chucker,2018-09-17 10:58:37.529749
2018-05-29,03:30,52.1,52.0,45.4,77.8,0.09,SW@2.2,5.3,73.5,0.0,0,"Chucker, Benton County",300068,Chucker,2018-09-17 10:58:37.529749
2018-05-29,03:45,52.3,52.3,45.6,77.8,0.07,SW@3.5,5.7,73.4,0.0,0,"Chucker, Benton County",300068,Chucker,2018-09-17 10:58:37.529749
2018-05-29,04:00,52.3,52.3,45.7,78.1,0.08,SW@3.2,5.7,73.3,0.0,0,"Chucker, Benton County",300068,Chucker,2018-09-17 10:58:37.529749
2018-05-29,04:15,52.2,52.2,45.9,79.0,0.08,SW@3.5,6.0,73.3,0.0,0,"Chucker, Benton County",300068,Chucker,2018-09-17 10:58:37.529749
2018-05-29,04:30,51.6,51.6,45.9,80.9,0.1,SW@3.0,5.3,73.2,0.0,0,"Chucker, Benton County",300068,Chucker,2018-09-17 10:58:37.529749
2018-05-29,04:45,50.8,50.8,46.5,84.9,0.15,W@1.4,3.9,73.1,0.0,0,"Chucker, Benton County",300068,Chucker,2018-09-17 10:58:37.529749
2018-05-29,05:00,50.1,50.1,47.4,90.1,0.25,SW@0.9,2.8,73.0,0.0,1,"Chucker, Benton County",300068,Chucker,2018-09-17 10:58:37.529749
2018-05-29,05:15,50.0,50.0,47.7,91.5,0.3,SW@0.6,2.8,72.9,0.0,4,"Chucker, Benton County",300068,Chucker,2018-09-17 10:58:37.529749
2018-05-29,05:30,49.9,49.8,48.2,93.8,0.44,N@0.0,0.0,72.9,0.0,11,"Chucker, Benton County",300068,Chucker,2018-09-17 10:58:37.529749
2018-05-29,05:45,50.2,50.0,48.5,94.1,0.44,S@0.0,1.4,72.8,0.0,35,"Chucker, Benton County",300068,Chucker,2018-09-17 10:58:37.529749
2018-05-29,06:00,50.3,50.0,48.4,93.4,0.11,N@0.0,0.0,72.7,0.0,61,"Chucker, Benton County",300068,Chucker,2018-09-17 10:58:37.529749
2018-05-29,06:15,51.7,51.4,48.9,89.9,0.07,N@0.0,0.0,72.6,0.0,90,"Chucker, Benton County",300068,Chucker,2018-09-17 10:58:37.529749
2018-05-29,06:30,53.0,52.7,49.1,86.6,0.04,N@0.0,0.0,72.5,0.0,124,"Chucker, Benton County",300068,Chucker,2018-09-17 10:58:37.529749
2018-05-29,06:45,54.3,54.1,48.2,79.7,0.02,SW@2.9,4.6,72.4,0.0,157,"Chucker, Benton County",300068,Chucker,2018-09-17 10:58:37.529749
2018-05-29,07:00,55.0,55.0,48.5,78.8,0.02,S@1.8,5.3,72.3,0.0,197,"Chucker, Benton County",300068,Chucker,2018-09-17 10:58:37.529749
2018-05-29,07:15,56.2,56.0,47.4,72.4,0.01,SW@4.9,7.8,72.2,0.0,241,"Chucker, Benton County",300068,Chucker,2018-09-17 10:58:37.529749
2018-05-29,07:30,57.1,56.7,47.2,69.4,0.01,SW@4.7,8.2,72.1,0.0,283,"Chucker, Benton County",300068,Chucker,2018-09-17 10:58:37.529749
2018-05-29,07:45,57.6,57.3,47.0,67.7,0.01,SW@5.1,8.2,72.1,0.0,323,"Chucker, Benton County",300068,Chucker,2018-09-17 10:58:37.529749
2018-05-29,08:00,58.8,58.4,47.4,65.9,0.01,W@4.6,7.1,71.9,0.0,367,"Chucker, Benton County",300068,Chucker,2018-09-17 10:58:37.529749
2018-05-29,08:15,59.6,59.2,47.6,64.4,0.01,SW@5.4,8.5,71.8,0.0,407,"Chucker, Benton County",300068,Chucker,2018-09-17 10:58:37.529749
2018-05-29,08:30,60.4,60.0,47.7,62.8,0.01,W@5.6,9.2,71.8,0.0,446,"Chucker, Benton County",300068,Chucker,2018-09-17 10:58:37.529749
2018-05-29,08:45,61.0,60.7,47.5,61.0,0.01,W@5.0,9.9,71.7,0.0,493,"Chucker, Benton County",300068,Chucker,2018-09-17 10:58:37.529749
2018-05-29,09:00,61.9,61.6,47.3,58.7,0.0,W@6.0,10.7,71.6,0.0,532,"Chucker, Benton County",300068,Chucker,2018-09-17 10:58:37.529749
2018-05-29,09:15,62.3,61.9,47.0,57.3,0.0,W@6.2,9.9,71.5,0.0,571,"Chucker, Benton County",300068,Chucker,2018-09-17 10:58:37.529749
2018-05-29,09:30,63.0,62.7,46.8,55.5,0.0,W@6.3,9.9,71.4,0.0,609,"Chucker, Benton County",300068,Chucker,2018-09-17 10:58:37.529749
2018-05-29,09:45,64.2,63.8,46.8,53.0,0.0,W@6.0,9.9,71.3,0.0,651,"Chucker, Benton County",300068,Chucker,2018-09-17 10:58:37.529749
2018-05-29,10:00,64.7,64.3,44.9,48.5,0.0,W@6.0,11.0,71.3,0.0,683,"Chucker, Benton County",300068,Chucker,2018-09-17 10:58:37.529749
2018-05-29,10:15,65.2,64.8,44.0,46.1,0.0,W@6.3,9.9,71.2,0.0,716,"Chucker, Benton County",300068,Chucker,2018-09-17 10:58:37.529749
2018-05-29,10:30,66.0,65.7,43.4,43.9,0.0,W@5.9,10.3,71.1,0.0,747,"Chucker, Benton County",300068,Chucker,2018-09-17 10:58:37.529749
2018-05-29,10:45,67.1,66.7,44.3,43.7,0.0,W@6.2,10.7,71.1,0.0,775,"Chucker, Benton County",300068,Chucker,2018-09-17 10:58:37.529749
2018-05-29,11:00,66.8,66.5,43.5,42.7,0.0,W@6.8,12.8,71.0,0.0,804,"Chucker, Benton County",300068,Chucker,2018-09-17 10:58:37.529749
2018-05-29,11:15,67.8,67.5,44.6,43.2,0.0,W@6.1,11.0,70.9,0.0,828,"Chucker, Benton County",300068,Chucker,2018-09-17 10:58:37.529749
2018-05-29,11:30,68.3,67.9,44.9,42.8,0.0,W@5.9,11.0,70.9,0.0,816,"Chucker, Benton County",300068,Chucker,2018-09-17 10:58:37.529749
2018-05-29,11:45,68.7,68.3,44.8,42.2,0.0,W@5.9,9.9,70.8,0.0,874,"Chucker, Benton County",300068,Chucker,2018-09-17 10:58:37.529749
2018-05-29,12:00,69.7,69.4,43.7,39.0,0.0,SW@7.5,18.9,70.8,0.0,888,"Chucker, Benton County",300068,Chucker,2018-09-17 10:58:37.529749
2018-05-29,12:15,70.0,69.8,42.7,37.2,0.0,SW@6.9,12.4,70.8,0.0,903,"Chucker, Benton County",300068,Chucker,2018-09-17 10:58:37.529749
2018-05-29,12:30,70.6,70.3,42.3,35.9,0.0,SW@6.8,11.0,70.7,0.0,916,"Chucker, Benton County",300068,Chucker,2018-09-17 10:58:37.529749
2018-05-29,12:45,70.6,70.2,41.8,35.2,0.0,SW@6.0,11.7,70.7,0.0,927,"Chucker, Benton County",300068,Chucker,2018-09-17 10:58:37.529749
2018-05-29,13:00,71.4,71.1,42.7,35.4,0.0,SW@6.6,13.2,70.7,0.0,928,"Chucker, Benton County",300068,Chucker,2018-09-17 10:58:37.529749
2018-05-29,13:15,71.6,71.3,42.9,35.5,0.0,W@5.9,11.4,70.7,0.0,927,"Chucker, Benton County",300068,Chucker,2018-09-17 10:58:37.529749
2018-05-29,13:30,72.9,72.5,43.1,34.2,0.0,SW@5.7,10.3,70.7,0.0,934,"Chucker, Benton County",300068,Chucker,2018-09-17 10:58:37.529749
2018-05-29,13:45,72.5,72.3,42.3,33.6,0.0,SW@6.4,11.7,70.7,0.0,929,"Chucker, Benton County",300068,Chucker,2018-09-17 10:58:37.529749
2018-05-29,14:00,73.5,73.2,41.0,30.9,0.0,SW@6.4,11.4,70.8,0.0,946,"Chucker, Benton County",300068,Chucker,2018-09-17 10:58:37.529749
2018-05-29,14:15,74.0,73.5,38.9,28.0,0.0,SW@6.3,12.4,70.8,0.0,937,"Chucker, Benton County",300068,Chucker,2018-09-17 10:58:37.529749
2018-05-29,14:30,73.5,73.2,40.5,30.3,0.0,W@6.1,9.6,70.9,0.0,798,"Chucker, Benton County",300068,Chucker,2018-09-17 10:58:37.529749
2018-05-29,14:45,73.2,72.9,41.3,31.6,0.0,W@6.1,11.0,70.9,0.0,744,"Chucker, Benton County",300068,Chucker,2018-09-17 10:58:37.529749
2018-05-29,15:00,73.5,73.1,40.1,30.0,0.0,W@6.7,12.8,71.0,0.0,753,"Chucker, Benton County",300068,Chucker,2018-09-17 10:58:37.529749
2018-05-29,15:15,74.7,74.3,37.3,25.7,0.0,W@7.0,12.1,71.0,0.0,870,"Chucker, Benton County",300068,Chucker,2018-09-17 10:58:37.529749
2018-05-29,15:30,74.8,74.5,38.5,26.8,0.0,W@6.9,11.7,71.1,0.0,818,"Chucker, Benton County",300068,Chucker,2018-09-17 10:58:37.529749
2018-05-29,15:45,74.2,73.8,39.7,28.7,0.0,SW@6.9,11.0,71.2,0.0,662,"Chucker, Benton County",300068,Chucker,2018-09-17 10:58:37.529749
2018-05-29,16:00,74.1,73.7,41.6,31.0,0.0,W@6.7,12.1,71.3,0.0,700,"Chucker, Benton County",300068,Chucker,2018-09-17 10:58:37.529749
2018-05-29,16:15,73.5,73.1,41.2,31.2,0.0,W@7.0,11.0,71.4,0.0,545,"Chucker, Benton County",300068,Chucker,2018-09-17 10:58:37.529749
2018-05-29,16:30,72.7,72.4,41.0,31.8,0.0,W@7.7,11.7,71.5,0.0,486,"Chucker, Benton County",300068,Chucker,2018-09-17 10:58:37.529749
2018-05-29,16:45,72.9,72.6,41.7,32.5,0.0,W@6.4,11.7,71.6,0.0,454,"Chucker, Benton County",300068,Chucker,2018-09-17 10:58:37.529749
2018-05-29,17:00,72.5,72.2,42.9,34.5,0.0,W@6.5,11.4,71.8,0.0,356,"Chucker, Benton County",300068,Chucker,2018-09-17 10:58:37.529749
2018-05-29,17:15,72.7,72.5,43.6,35.1,0.0,W@7.2,12.1,71.9,0.0,369,"Chucker, Benton County",300068,Chucker,2018-09-17 10:58:37.529749
2018-05-29,17:30,71.0,70.9,42.5,35.6,0.0,W@7.9,13.5,72.0,0.0,305,"Chucker, Benton County",300068,Chucker,2018-09-17 10:58:37.529749
2018-05-29,17:45,70.1,70.0,40.9,34.6,0.0,W@6.7,11.4,72.1,0.0,255,"Chucker, Benton County",300068,Chucker,2018-09-17 10:58:37.529749
2018-05-29,18:00,69.1,68.9,42.0,37.3,0.0,W@6.4,11.7,72.2,0.0,212,"Chucker, Benton County",300068,Chucker,2018-09-17 10:58:37.529749
2018-05-29,18:15,67.9,67.8,42.2,39.2,0.0,W@6.6,10.3,72.4,0.0,173,"Chucker, Benton County",300068,Chucker,2018-09-17 10:58:37.529749
2018-05-29,18:30,66.7,66.5,43.2,42.4,0.0,W@6.3,11.7,72.5,0.0,124,"Chucker, Benton County",300068,Chucker,2018-09-17 10:58:37.529749
2018-05-29,18:45,65.5,65.4,42.9,43.8,0.0,W@5.8,12.1,72.6,0.0,147,"Chucker, Benton County",300068,Chucker,2018-09-17 10:58:37.529749
2018-05-29,19:00,64.4,64.3,43.1,45.7,0.0,SW@4.8,8.9,72.7,0.0,78,"Chucker, Benton County",300068,Chucker,2018-09-17 10:58:37.529749
2018-05-29,19:15,63.1,63.1,42.9,47.5,0.0,SW@5.5,10.7,72.8,0.0,42,"Chucker, Benton County",300068,Chucker,2018-09-17 10:58:37.529749
2018-05-29,19:30,62.1,62.1,42.6,48.7,0.0,SW@6.4,11.7,72.9,0.0,20,"Chucker, Benton County",300068,Chucker,2018-09-17 10:58:37.529749
2018-05-29,19:45,60.8,60.7,42.5,50.9,0.0,SW@6.7,11.0,73.0,0.0,11,"Chucker, Benton County",300068,Chucker,2018-09-17 10:58:37.529749
2018-05-29,20:00,59.7,59.6,42.5,53.0,0.01,SW@5.7,11.0,73.1,0.0,6,"Chucker, Benton County",300068,Chucker,2018-09-17 10:58:37.529749
2018-05-29,20:15,59.2,59.1,42.6,54.2,0.01,SW@5.7,10.7,73.1,0.0,5,"Chucker, Benton County",300068,Chucker,2018-09-17 10:58:37.529749
2018-05-29,20:30,58.6,58.6,43.0,55.9,0.01,SW@4.3,11.4,73.2,0.0,8,"Chucker, Benton County",300068,Chucker,2018-09-17 10:58:37.529749
2018-05-29,20:45,58.2,58.1,43.0,57.0,0.01,SW@5.3,9.2,73.3,0.0,5,"Chucker, Benton County",300068,Chucker,2018-09-17 10:58:37.529749
2018-05-29,21:00,57.7,57.7,42.4,56.6,0.01,S@4.3,8.5,73.3,0.0,1,"Chucker, Benton County",300068,Chucker,2018-09-17 10:58:37.529749
2018-05-29,21:15,57.1,57.1,42.7,58.3,0.01,SW@4.8,7.8,73.3,0.0,0,"Chucker, Benton County",300068,Chucker,2018-09-17 10:58:37.529749
2018-05-29,21:30,56.9,56.9,42.3,57.9,0.01,SW@4.2,6.7,73.4,0.0,0,"Chucker, Benton County",300068,Chucker,2018-09-17 10:58:37.529749
2018-05-29,21:45,56.1,56.0,42.5,60.3,0.01,S@3.5,5.7,73.4,0.0,0,"Chucker, Benton County",300068,Chucker,2018-09-17 10:58:37.529749
2018-05-29,22:00,55.2,55.1,42.9,63.1,0.02,SW@2.4,5.7,73.4,0.0,0,"Chucker, Benton County",300068,Chucker,2018-09-17 10:58:37.529749
2018-05-29,22:15,56.0,56.0,41.5,58.2,0.01,SW@3.4,5.7,73.4,0.0,0,"Chucker, Benton County",300068,Chucker,2018-09-17 10:58:37.529749
2018-05-29,22:30,56.1,56.0,40.7,56.2,0.01,W@2.5,6.0,73.4,0.0,0,"Chucker, Benton County",300068,Chucker,2018-09-17 10:58:37.529749
2018-05-29,22:45,54.8,54.6,40.8,59.2,0.02,NE@1.2,3.9,73.4,0.0,0,"Chucker, Benton County",300068,Chucker,2018-09-17 10:58:37.529749
2018-05-29,23:00,54.8,54.8,40.4,58.3,0.02,SW@2.3,5.3,73.4,0.0,0,"Chucker, Benton County",300068,Chucker,2018-09-17 10:58:37.529749
2018-05-29,23:15,53.2,53.1,42.0,65.6,0.03,E@1.6,3.5,73.4,0.0,0,"Chucker, Benton County",300068,Chucker,2018-09-17 10:58:37.529749
2018-05-29,23:30,52.3,52.2,42.2,68.2,0.05,SE@1.0,2.8,73.4,0.0,0,"Chucker, Benton County",300068,Chucker,2018-09-17 10:58:37.529749
2018-05-29,23:45,51.9,51.9,42.2,69.3,0.05,S@1.7,2.8,73.3,0.0,0,"Chucker, Benton County",300068,Chucker,2018-09-17 10:58:37.529749
2018-05-29,24:00,50.1,50.0,42.8,75.8,0.08,SE@2.8,3.9,73.3,0.0,0,"Chucker, Benton County",300068,Chucker,2018-09-17 10:58:37.529749
2018-05-30,00:15,51.0,51.0,42.8,73.6,0.06,SW@3.9,6.4,73.3,0.0,0,"Chucker, Benton County",300068,Chucker,2018-09-17 10:58:37.529749
2018-05-30,00:30,51.7,51.7,42.9,71.9,0.04,SW@4.7,8.2,73.2,0.0,0,"Chucker, Benton County",300068,Chucker,2018-09-17 10:58:37.529749
2018-05-30,00:45,51.8,51.8,42.0,69.1,0.03,SW@5.2,8.2,73.2,0.0,0,"Chucker, Benton County",300068,Chucker,2018-09-17 10:58:37.529749
2018-05-30,01:00,51.0,50.9,41.7,70.4,0.04,W@3.7,7.1,73.1,0.0,0,"Chucker, Benton County",300068,Chucker,2018-09-17 10:58:37.529749
2018-05-30,01:15,49.2,49.2,41.9,75.6,0.06,W@2.9,4.9,73.1,0.0,0,"Chucker, Benton County",300068,Chucker,2018-09-17 10:58:37.529749
2018-05-30,01:30,48.1,48.1,42.0,79.1,0.1,NW@0.4,3.1,73.0,0.0,0,"Chucker, Benton County",300068,Chucker,2018-09-17 10:58:37.529749
2018-05-30,01:45,47.1,47.1,42.7,84.7,0.12,NW@2.2,4.6,72.9,0.0,0,"Chucker, Benton County",300068,Chucker,2018-09-17 10:58:37.529749
2018-05-30,02:00,46.6,46.5,43.3,88.3,0.15,W@0.8,2.8,72.9,0.0,0,"Chucker, Benton County",300068,Chucker,2018-09-17 10:58:37.529749
2018-05-30,02:15,46.1,46.0,43.3,89.7,0.18,NW@0.6,4.2,72.8,0.0,0,"Chucker, Benton County",300068,Chucker,2018-09-17 10:58:37.529749
2018-05-30,02:30,46.0,45.9,43.4,90.5,0.23,NW@0.8,3.5,72.7,0.0,0,"Chucker, Benton County",300068,Chucker,2018-09-17 10:58:37.529749
2018-05-30,02:45,45.4,45.4,43.7,93.6,0.24,W@1.4,3.1,72.7,0.0,0,"Chucker, Benton County",300068,Chucker,2018-09-17 10:58:37.529749
2018-05-30,03:00,45.6,45.5,43.7,93.0,0.19,W@1.7,3.5,72.6,0.0,0,"Chucker, Benton County",300068,Chucker,2018-09-17 10:58:37.529749
2018-05-30,03:15,45.3,45.2,43.3,92.8,0.19,W@1.5,3.5,72.5,0.0,0,"Chucker, Benton County",300068,Chucker,2018-09-17 10:58:37.529749
2018-05-30,03:30,45.2,45.1,43.3,92.9,0.22,W@1.4,3.1,72.5,0.0,0,"Chucker, Benton County",300068,Chucker,2018-09-17 10:58:37.529749
2018-05-30,03:45,44.2,44.0,42.8,94.7,0.31,SE@0.9,3.5,72.4,0.0,0,"Chucker, Benton County",300068,Chucker,2018-09-17 10:58:37.529749
2018-05-30,04:00,43.0,42.7,42.8,99.2,0.56,S@0.7,3.1,72.3,0.0,0,"Chucker, Benton County",300068,Chucker,2018-09-17 10:58:37.529749
2018-05-30,04:15,43.6,43.6,43.3,98.6,0.66,S@1.4,3.1,72.2,0.0,0,"Chucker, Benton County",300068,Chucker,2018-09-17 10:58:37.529749
2018-05-30,04:30,42.9,42.8,42.6,98.8,0.78,SE@0.4,2.4,72.1,0.0,0,"Chucker, Benton County",300068,Chucker,2018-09-17 10:58:37.529749
2018-05-30,04:45,42.0,41.8,41.8,99.3,0.92,S@1.1,3.1,72.0,0.0,0,"Chucker, Benton County",300068,Chucker,2018-09-17 10:58:37.529749
2018-05-30,05:00,42.9,42.9,42.8,99.3,1.0,SW@1.9,3.9,71.9,0.0,1,"Chucker, Benton County",300068,Chucker,2018-09-17 10:58:37.529749
2018-05-30,05:15,42.7,42.6,42.5,99.2,1.0,SW@1.7,3.1,71.9,0.0,4,"Chucker, Benton County",300068,Chucker,2018-09-17 10:58:37.529749
2018-05-30,05:30,43.7,43.7,43.1,97.6,1.0,SW@2.5,3.5,71.8,0.0,13,"Chucker, Benton County",300068,Chucker,2018-09-17 10:58:37.529749
2018-05-30,05:45,44.0,43.9,43.2,96.9,0.93,SW@2.4,3.5,71.7,0.0,33,"Chucker, Benton County",300068,Chucker,2018-09-17 10:58:37.529749
2018-05-30,06:00,44.4,44.3,43.3,95.9,0.47,SW@2.4,3.1,71.5,0.0,59,"Chucker, Benton County",300068,Chucker,2018-09-17 10:58:37.529749
2018-05-30,06:15,45.1,44.9,43.7,94.8,0.06,SW@2.3,3.5,71.5,0.0,88,"Chucker, Benton County",300068,Chucker,2018-09-17 10:58:37.529749
2018-05-30,06:30,46.3,46.1,43.4,89.4,0.03,SW@2.4,3.9,71.3,0.0,123,"Chucker, Benton County",300068,Chucker,2018-09-17 10:58:37.529749
2018-05-30,06:45,47.3,47.1,42.7,83.9,0.02,SW@2.5,4.2,71.2,0.0,161,"Chucker, Benton County",300068,Chucker,2018-09-17 10:58:37.529749
2018-05-30,07:00,48.2,48.3,41.6,77.9,0.01,SW@2.8,5.3,71.1,0.0,203,"Chucker, Benton County",300068,Chucker,2018-09-17 10:58:37.529749
2018-05-30,07:15,49.0,48.8,40.7,72.7,0.01,SW@3.4,5.7,71.0,0.0,246,"Chucker, Benton County",300068,Chucker,2018-09-17 10:58:37.529749
2018-05-30,07:30,50.2,49.9,40.3,68.6,0.01,SW@3.4,7.1,70.9,0.0,287,"Chucker, Benton County",300068,Chucker,2018-09-17 10:58:37.529749
2018-05-30,07:45,50.9,50.6,39.9,65.8,0.0,SW@3.3,6.7,70.8,0.0,329,"Chucker, Benton County",300068,Chucker,2018-09-17 10:58:37.529749
2018-05-30,08:00,51.7,51.3,39.7,63.4,0.0,SW@3.9,7.4,70.7,0.0,373,"Chucker, Benton County",300068,Chucker,2018-09-17 10:58:37.529749
2018-05-30,08:15,52.1,51.6,39.6,62.3,0.01,W@4.5,7.8,70.6,0.0,416,"Chucker, Benton County",300068,Chucker,2018-09-17 10:58:37.529749
2018-05-30,08:30,53.1,52.7,40.1,61.0,0.0,W@4.1,7.1,70.5,0.0,458,"Chucker, Benton County",300068,Chucker,2018-09-17 10:58:37.529749
2018-05-30,08:45,54.1,53.7,40.0,58.9,0.0,SW@4.9,9.2,70.4,0.0,500,"Chucker, Benton County",300068,Chucker,2018-09-17 10:58:37.529749
2018-05-30,09:00,54.7,54.3,39.7,56.9,0.0,SW@4.8,8.5,70.3,0.0,540,"Chucker, Benton County",300068,Chucker,2018-09-17 10:58:37.529749
2018-05-30,09:15,55.7,55.4,39.9,55.2,0.0,SW@5.2,8.9,70.2,0.0,581,"Chucker, Benton County",300068,Chucker,2018-09-17 10:58:37.529749
2018-05-30,09:30,56.9,56.6,39.7,52.5,0.0,SW@5.2,8.5,70.1,0.0,620,"Chucker, Benton County",300068,Chucker,2018-09-17 10:58:37.529749
2018-05-30,09:45,57.7,57.3,39.7,51.1,0.0,SW@4.6,8.5,70.0,0.0,658,"Chucker, Benton County",300068,Chucker,2018-09-17 10:58:37.529749
2018-05-30,10:00,58.0,57.5,39.4,49.9,0.0,SW@5.2,8.5,69.9,0.0,685,"Chucker, Benton County",300068,Chucker,2018-09-17 10:58:37.529749
2018-05-30,10:15,59.0,58.8,39.8,48.7,0.0,SW@4.5,8.2,69.8,0.0,724,"Chucker, Benton County",300068,Chucker,2018-09-17 10:58:37.529749
2018-05-30,10:30,60.3,60.0,39.8,46.7,0.0,S@5.2,8.9,69.8,0.0,753,"Chucker, Benton County",300068,Chucker,2018-09-17 10:58:37.529749
2018-05-30,10:45,60.3,59.9,39.3,45.7,0.0,S@5.4,9.2,69.7,0.0,786,"Chucker, Benton County",300068,Chucker,2018-09-17 10:58:37.529749
2018-05-30,11:00,61.6,61.2,40.0,44.8,0.0,S@4.9,7.8,69.6,0.0,798,"Chucker, Benton County",300068,Chucker,2018-09-17 10:58:37.529749
2018-05-30,11:15,62.1,61.9,39.3,42.8,0.0,S@5.2,7.8,69.6,0.0,827,"Chucker, Benton County",300068,Chucker,2018-09-17 10:58:37.529749
2018-05-30,11:30,62.1,61.8,38.8,42.2,0.0,SE@4.8,8.5,69.5,0.0,849,"Chucker, Benton County",300068,Chucker,2018-09-17 10:58:37.529749
2018-05-30,11:45,62.8,62.5,38.1,40.0,0.0,SE@4.5,8.2,69.5,0.0,897,"Chucker, Benton County",300068,Chucker,2018-09-17 10:58:37.529749
2018-05-30,12:00,63.3,62.9,37.3,38.1,0.0,SE@4.5,6.7,69.5,0.0,872,"Chucker, Benton County",300068,Chucker,2018-09-17 10:58:37.529749
2018-05-30,12:15,63.7,63.5,36.4,36.1,0.13,SE@3.8,6.4,69.4,0.0,899,"Chucker, Benton County",300068,Chucker,2018-09-17 10:58:37.529749
2018-05-30,12:30,65.1,64.7,37.4,35.8,0.0,SE@3.3,6.7,69.4,0.0,888,"Chucker, Benton County",300068,Chucker,2018-09-17 10:58:37.529749
2018-05-30,12:45,66.2,65.7,36.6,33.4,0.0,SW@3.8,6.4,69.4,0.0,924,"Chucker, Benton County",300068,Chucker,2018-09-17 10:58:37.529749
2018-05-30,13:00,65.9,65.7,37.0,34.3,0.0,S@5.9,10.3,69.4,0.0,929,"Chucker, Benton County",300068,Chucker,2018-09-17 10:58:37.529749
2018-05-30,13:15,66.1,66.0,36.8,33.8,0.0,S@5.8,8.2,69.4,0.0,941,"Chucker, Benton County",300068,Chucker,2018-09-17 10:58:37.529749
2018-05-30,13:30,65.6,65.3,36.2,33.5,0.0,SE@4.1,7.1,69.4,0.0,904,"Chucker, Benton County",300068,Chucker,2018-09-17 10:58:37.529749
2018-05-30,13:45,66.9,66.6,35.9,31.7,0.0,NW@4.2,11.7,69.4,0.0,934,"Chucker, Benton County",300068,Chucker,2018-09-17 10:58:37.529749
2018-05-30,14:00,67.2,67.0,35.3,30.7,0.0,SE@3.9,8.2,69.4,0.0,926,"Chucker, Benton County",300068,Chucker,2018-09-17 10:58:37.529749
2018-05-30,14:15,68.7,68.5,36.8,30.9,0.0,SE@4.7,7.8,69.5,0.0,915,"Chucker, Benton County",300068,Chucker,2018-09-17 10:58:37.529749
2018-05-30,14:30,69.1,68.9,37.1,30.8,0.0,SE@4.6,7.8,69.5,0.0,905,"Chucker, Benton County",300068,Chucker,2018-09-17 10:58:37.529749
2018-05-30,14:45,69.7,69.6,37.1,30.3,0.0,SE@4.7,8.9,69.6,0.0,888,"Chucker, Benton County",300068,Chucker,2018-09-17 10:58:37.529749
2018-05-30,15:00,69.8,69.6,35.5,28.2,0.0,SE@5.4,8.5,69.7,0.0,864,"Chucker, Benton County",300068,Chucker,2018-09-17 10:58:37.529749
2018-05-30,15:15,69.5,69.5,36.1,29.2,0.0,SE@6.3,9.2,69.7,0.0,830,"Chucker, Benton County",300068,Chucker,2018-09-17 10:58:37.529749
2018-05-30,15:30,70.9,70.7,38.1,30.2,0.0,SE@5.7,10.3,69.8,0.0,804,"Chucker, Benton County",300068,Chucker,2018-09-17 10:58:37.529749
2018-05-30,15:45,70.0,69.7,34.8,27.2,0.0,E@5.3,14.6,69.9,0.0,761,"Chucker, Benton County",300068,Chucker,2018-09-17 10:58:37.529749
2018-05-30,16:00,71.3,70.9,33.3,24.6,0.0,NE@4.5,8.9,70.0,0.0,733,"Chucker, Benton County",300068,Chucker,2018-09-17 10:58:37.529749
2018-05-30,16:15,71.5,71.1,34.2,25.3,0.0,NE@4.8,8.9,70.1,0.0,718,"Chucker, Benton County",300068,Chucker,2018-09-17 10:58:37.529749
2018-05-30,16:30,72.2,71.8,35.5,26.1,0.0,NE@4.9,8.2,70.3,0.0,675,"Chucker, Benton County",300068,Chucker,2018-09-17 10:58:37.529749
2018-05-30,16:45,71.0,70.5,33.8,25.3,0.0,NE@5.6,9.9,70.4,0.0,552,"Chucker, Benton County",300068,Chucker,2018-09-17 10:58:37.529749
2018-05-30,17:00,71.1,70.7,34.1,25.6,0.0,NE@6.4,9.2,70.5,0.0,575,"Chucker, Benton County",300068,Chucker,2018-09-17 10:58:37.529749
2018-05-30,17:15,70.8,70.4,32.7,24.5,0.0,NE@5.9,9.2,70.7,0.0,536,"Chucker, Benton County",300068,Chucker,2018-09-17 10:58:37.529749
2018-05-30,17:30,70.4,70.0,32.8,24.9,0.0,NE@5.4,9.2,70.8,0.0,433,"Chucker, Benton County",300068,Chucker,2018-09-17 10:58:37.529749
2018-05-30,17:45,68.8,68.4,33.6,27.1,0.0,NE@4.5,8.5,71.0,0.0,274,"Chucker, Benton County",300068,Chucker,2018-09-17 10:58:37.529749
2018-05-30,18:00,67.8,67.5,35.2,29.9,0.0,NE@4.7,6.7,71.1,0.0,292,"Chucker, Benton County",300068,Chucker,2018-09-17 10:58:37.529749
2018-05-30,18:15,69.2,68.7,33.7,26.9,0.0,N@4.8,7.1,71.3,0.0,322,"Chucker, Benton County",300068,Chucker,2018-09-17 10:58:37.529749
2018-05-30,18:30,68.7,68.4,33.6,27.2,0.0,N@4.8,7.1,71.4,0.0,231,"Chucker, Benton County",300068,Chucker,2018-09-17 10:58:37.529749
2018-05-30,18:45,67.7,67.6,35.4,30.2,0.0,N@3.8,6.7,71.6,0.0,185,"Chucker, Benton County",300068,Chucker,2018-09-17 10:58:37.529749
2018-05-30,19:00,66.9,66.9,36.1,32.0,0.0,N@3.4,4.9,71.7,0.0,138,"Chucker, Benton County",300068,Chucker,2018-09-17 10:58:37.529749
2018-05-30,19:15,65.1,64.9,39.5,38.9,0.0,N@1.0,3.1,71.8,0.0,101,"Chucker, Benton County",300068,Chucker,2018-09-17 10:58:37.529749
2018-05-30,19:30,62.2,61.9,41.7,46.9,0.0,NE@2.4,3.9,72.0,0.0,75,"Chucker, Benton County",300068,Chucker,2018-09-17 10:58:37.529749
2018-05-30,19:45,59.3,59.3,42.2,52.9,0.01,N@2.6,3.1,72.1,0.0,57,"Chucker, Benton County",300068,Chucker,2018-09-17 10:58:37.529749
2018-05-30,20:00,57.2,57.2,42.9,58.7,0.01,N@2.8,4.2,72.2,0.0,45,"Chucker, Benton County",300068,Chucker,2018-09-17 10:58:37.529749
2018-05-30,20:15,56.8,56.7,41.3,56.1,0.01,N@3.4,4.6,72.3,0.0,28,"Chucker, Benton County",300068,Chucker,2018-09-17 10:58:37.529749
2018-05-30,20:30,55.4,55.2,42.1,60.8,0.01,NE@3.6,4.2,72.4,0.0,10,"Chucker, Benton County",300068,Chucker,2018-09-17 10:58:37.529749
2018-05-30,20:45,53.6,53.6,42.9,66.9,0.03,N@2.9,3.9,72.5,0.0,3,"Chucker, Benton County",300068,Chucker,2018-09-17 10:58:37.529749
2018-05-30,21:00,52.7,52.7,40.8,63.8,0.02,N@3.3,4.6,72.6,0.0,1,"Chucker, Benton County",300068,Chucker,2018-09-17 10:58:37.529749
2018-05-30,21:15,53.0,52.8,38.9,58.8,0.01,N@3.6,4.2,72.7,0.0,0,"Chucker, Benton County",300068,Chucker,2018-09-17 10:58:37.529749
2018-05-30,21:30,52.3,52.2,38.8,59.8,0.01,N@3.8,4.9,72.8,0.0,0,"Chucker, Benton County",300068,Chucker,2018-09-17 10:58:37.529749
2018-05-30,21:45,53.0,52.9,39.0,58.8,0.01,N@3.2,4.2,72.8,0.0,0,"Chucker, Benton County",300068,Chucker,2018-09-17 10:58:37.529749
2018-05-30,22:00,51.3,51.2,40.6,66.7,0.03,N@3.4,4.2,72.8,0.0,0,"Chucker, Benton County",300068,Chucker,2018-09-17 10:58:37.529749
2018-05-30,22:15,51.3,51.3,40.7,66.8,0.03,N@3.1,3.9,72.9,0.0,0,"Chucker, Benton County",300068,Chucker,2018-09-17 10:58:37.529749
2018-05-30,22:30,52.3,52.3,41.0,65.3,0.02,NE@3.0,4.2,72.9,0.0,0,"Chucker, Benton County",300068,Chucker,2018-09-17 10:58:37.529749
2018-05-30,22:45,52.8,52.7,40.5,62.7,0.02,NE@2.6,3.9,72.9,0.0,0,"Chucker, Benton County",300068,Chucker,2018-09-17 10:58:37.529749
2018-05-30,23:00,51.6,51.5,40.6,65.8,0.03,N@1.8,3.1,72.9,0.0,0,"Chucker, Benton County",300068,Chucker,2018-09-17 10:58:37.529749
2018-05-30,23:15,51.5,51.4,37.8,59.3,0.02,E@2.8,4.2,72.9,0.0,0,"Chucker, Benton County",300068,Chucker,2018-09-17 10:58:37.529749
2018-05-30,23:30,50.1,50.1,37.4,61.3,0.02,SE@2.1,3.5,72.9,0.0,0,"Chucker, Benton County",300068,Chucker,2018-09-17 10:58:37.529749
2018-05-30,23:45,50.3,50.3,38.3,63.1,0.02,SE@2.8,4.9,72.9,0.0,0,"Chucker, Benton County",300068,Chucker,2018-09-17 10:58:37.529749
2018-05-30,24:00,51.2,51.1,39.7,64.5,0.03,E@1.5,3.9,72.8,0.0,0,"Chucker, Benton County",300068,Chucker,2018-09-17 10:58:37.529749
2018-05-31,00:15,48.5,48.5,40.1,72.6,0.06,N@3.2,4.2,72.8,0.0,0,"Chucker, Benton County",300068,Chucker,2018-09-17 10:58:37.529749
2018-05-31,00:30,46.5,46.5,43.6,89.5,0.13,N@3.6,4.6,72.8,0.0,0,"Chucker, Benton County",300068,Chucker,2018-09-17 10:58:37.529749
2018-05-31,00:45,45.8,45.8,44.3,94.3,0.14,N@3.5,4.6,72.7,0.0,0,"Chucker, Benton County",300068,Chucker,2018-09-17 10:58:37.529749
2018-05-31,01:00,47.5,47.7,45.9,94.0,0.18,NE@1.0,2.8,72.7,0.0,0,"Chucker, Benton County",300068,Chucker,2018-09-17 10:58:37.529749
2018-05-31,01:15,47.4,47.7,46.5,96.5,0.27,N@2.7,4.6,72.6,0.0,0,"Chucker, Benton County",300068,Chucker,2018-09-17 10:58:37.529749
2018-05-31,01:30,46.8,46.7,46.5,98.8,0.25,N@3.0,4.2,72.5,0.0,0,"Chucker, Benton County",300068,Chucker,2018-09-17 10:58:37.529749
2018-05-31,01:45,47.7,47.6,46.0,94.0,0.19,N@2.6,3.1,72.5,0.0,0,"Chucker, Benton County",300068,Chucker,2018-09-17 10:58:37.529749
2018-05-31,02:00,48.0,48.1,44.8,88.8,0.12,NW@2.1,3.5,72.4,0.0,0,"Chucker, Benton County",300068,Chucker,2018-09-17 10:58:37.529749
2018-05-31,02:15,50.3,50.3,44.2,79.4,0.06,SW@2.1,3.9,72.3,0.0,0,"Chucker, Benton County",300068,Chucker,2018-09-17 10:58:37.529749
2018-05-31,02:30,50.4,50.3,45.3,82.6,0.06,N@0.0,0.0,72.3,0.0,0,"Chucker, Benton County",300068,Chucker,2018-09-17 10:58:37.529749
2018-05-31,02:45,50.4,50.3,45.3,82.4,0.06,N@0.0,0.0,72.2,0.0,0,"Chucker, Benton County",300068,Chucker,2018-09-17 10:58:37.529749
2018-05-31,03:00,50.3,50.2,44.6,80.8,0.05,N@0.0,0.0,72.1,0.0,0,"Chucker, Benton County",300068,Chucker,2018-09-17 10:58:37.529749
2018-05-31,03:15,50.2,50.1,43.5,77.5,0.05,N@0.0,0.0,72.0,0.0,0,"Chucker, Benton County",300068,Chucker,2018-09-17 10:58:37.529749
2018-05-31,03:30,50.0,49.9,42.1,74.1,0.03,N@0.0,0.0,71.9,0.0,0,"Chucker, Benton County",300068,Chucker,2018-09-17 10:58:37.529749
2018-05-31,03:45,48.9,48.7,43.0,79.9,0.05,N@0.0,0.0,71.8,0.0,0,"Chucker, Benton County",300068,Chucker,2018-09-17 10:58:37.529749
2018-05-31,04:00,48.5,48.3,43.5,82.7,0.06,N@0.0,0.0,71.7,0.0,0,"Chucker, Benton County",300068,Chucker,2018-09-17 10:58:37.529749
2018-05-31,04:15,48.4,48.2,43.2,82.3,0.06,N@0.0,0.0,71.6,0.0,0,"Chucker, Benton County",300068,Chucker,2018-09-17 10:58:37.529749
2018-05-31,04:30,49.2,49.1,41.8,75.6,0.04,N@0.0,0.0,71.6,0.0,0,"Chucker, Benton County",300068,Chucker,2018-09-17 10:58:37.529749
2018-05-31,04:45,49.4,49.4,41.4,73.8,0.03,N@0.0,0.0,71.5,0.0,0,"Chucker, Benton County",300068,Chucker,2018-09-17 10:58:37.529749
2018-05-31,05:00,49.5,49.4,42.1,75.5,0.04,N@0.0,0.0,71.4,0.0,1,"Chucker, Benton County",300068,Chucker,2018-09-17 10:58:37.529749
2018-05-31,05:15,49.7,49.5,42.5,76.3,0.04,N@0.0,0.0,71.3,0.0,2,"Chucker, Benton County",300068,Chucker,2018-09-17 10:58:37.529749
2018-05-31,05:30,48.4,48.2,44.4,85.9,0.07,N@0.0,0.0,71.2,0.0,5,"Chucker, Benton County",300068,Chucker,2018-09-17 10:58:37.529749
2018-05-31,05:45,49.4,49.2,42.8,77.9,0.05,N@0.0,0.0,71.1,0.0,17,"Chucker, Benton County",300068,Chucker,2018-09-17 10:58:37.529749
2018-05-31,06:00,50.4,50.3,41.8,72.1,0.03,N@0.0,0.0,71.0,0.0,28,"Chucker, Benton County",300068,Chucker,2018-09-17 10:58:37.529749
2018-05-31,06:15,51.1,51.0,43.1,73.7,0.03,N@0.0,0.0,70.9,0.0,36,"Chucker, Benton County",300068,Chucker,2018-09-17 10:58:37.529749
2018-05-31,06:30,51.5,51.3,45.0,78.6,0.03,N@0.0,0.0,70.8,0.0,60,"Chucker, Benton County",300068,Chucker,2018-09-17 10:58:37.529749
2018-05-31,06:45,52.4,52.2,45.9,78.6,0.03,SE@0.6,2.8,70.8,0.0,86,"Chucker, Benton County",300068,Chucker,2018-09-17 10:58:37.529749
2018-05-31,07:00,53.2,53.1,46.9,79.1,0.02,S@0.6,3.1,70.7,0.0,114,"Chucker, Benton County",300068,Chucker,2018-09-17 10:58:37.529749
2018-05-31,07:15,54.1,54.0,45.2,71.5,0.01,S@1.5,3.5,70.6,0.0,115,"Chucker, Benton County",300068,Chucker,2018-09-17 10:58:37.529749
2018-05-31,07:30,54.5,54.4,44.8,69.6,0.01,SW@1.7,3.9,70.5,0.0,121,"Chucker, Benton County",300068,Chucker,2018-09-17 10:58:37.529749
2018-05-31,07:45,54.9,54.7,44.5,67.9,0.01,SW@2.6,5.7,70.4,0.0,145,"Chucker, Benton County",300068,Chucker,2018-09-17 10:58:37.529749
2018-05-31,08:00,55.6,55.4,44.6,66.4,0.01,SW@3.4,6.4,70.3,0.0,219,"Chucker, Benton County",300068,Chucker,2018-09-17 10:58:37.529749
2018-05-31,08:15,58.4,58.1,44.3,59.4,0.0,SW@5.4,8.9,70.3,0.0,490,"Chucker, Benton County",300068,Chucker,2018-09-17 10:58:37.529749
2018-05-31,08:30,59.0,58.8,44.4,58.1,0.0,SW@5.8,12.1,70.2,0.0,446,"Chucker, Benton County",300068,Chucker,2018-09-17 10:58:37.529749
2018-05-31,08:45,58.0,57.8,44.2,59.9,0.0,SW@5.7,8.9,70.1,0.0,305,"Chucker, Benton County",300068,Chucker,2018-09-17 10:58:37.529749
2018-05-31,09:00,58.0,57.8,45.0,61.9,0.0,W@5.1,8.9,70.0,0.0,281,"Chucker, Benton County",300068,Chucker,2018-09-17 10:58:37.529749
2018-05-31,09:15,57.8,57.7,44.8,61.7,0.0,W@5.8,9.6,70.0,0.0,297,"Chucker, Benton County",300068,Chucker,2018-09-17 10:58:37.529749
2018-05-31,09:30,58.5,58.3,44.9,60.4,0.0,W@6.1,10.7,69.9,0.0,365,"Chucker, Benton County",300068,Chucker,2018-09-17 10:58:37.529749
2018-05-31,09:45,58.8,58.6,45.4,61.0,0.0,W@6.0,10.3,69.8,0.0,342,"Chucker, Benton County",300068,Chucker,2018-09-17 10:58:37.529749
2018-05-31,10:00,58.6,58.4,45.9,62.6,0.0,SW@6.0,9.6,69.8,0.0,284,"Chucker, Benton County",300068,Chucker,2018-09-17 10:58:37.529749
2018-05-31,10:15,57.7,57.5,46.1,65.3,0.01,W@5.0,8.9,69.7,0.0,188,"Chucker, Benton County",300068,Chucker,2018-09-17 10:58:37.529749
2018-05-31,10:30,57.3,57.2,46.2,66.3,0.01,W@5.1,8.5,69.7,0.0,193,"Chucker, Benton County",300068,Chucker,2018-09-17 10:58:37.529749
2018-05-31,10:45,58.1,58.0,46.1,64.1,0.01,W@5.1,8.5,69.6,0.0,277,"Chucker, Benton County",300068,Chucker,2018-09-17 10:58:37.529749
2018-05-31,11:00,58.9,58.7,45.7,61.4,0.0,W@5.6,10.7,69.6,0.0,295,"Chucker, Benton County",300068,Chucker,2018-09-17 10:58:37.529749
2018-05-31,11:15,59.3,59.1,45.4,59.9,0.0,SW@5.1,8.5,69.6,0.0,261,"Chucker, Benton County",300068,Chucker,2018-09-17 10:58:37.529749
2018-05-31,11:30,59.7,59.5,45.9,60.2,0.0,W@4.7,7.1,69.5,0.0,300,"Chucker, Benton County",300068,Chucker,2018-09-17 10:58:37.529749
2018-05-31,11:45,60.1,59.9,45.4,58.1,0.0,W@4.8,8.2,69.5,0.0,297,"Chucker, Benton County",300068,Chucker,2018-09-17 10:58:37.529749
2018-05-31,12:00,60.3,60.1,45.1,57.2,0.0,W@5.2,9.6,69.5,0.0,342,"Chucker, Benton County",300068,Chucker,2018-09-17 10:58:37.529749
2018-05-31,12:15,61.1,60.9,44.9,55.1,0.0,W@4.8,7.8,69.5,0.0,403,"Chucker, Benton County",300068,Chucker,2018-09-17 10:58:37.529749
2018-05-31,12:30,61.8,61.6,44.5,53.1,0.0,W@4.7,7.8,69.4,0.0,349,"Chucker, Benton County",300068,Chucker,2018-09-17 10:58:37.529749
2018-05-31,12:45,62.6,62.4,43.9,50.3,0.0,SW@5.2,8.2,69.4,0.0,353,"Chucker, Benton County",300068,Chucker,2018-09-17 10:58:37.529749
2018-05-31,13:00,63.0,62.8,43.7,49.4,0.0,SW@6.0,9.9,69.4,0.0,353,"Chucker, Benton County",300068,Chucker,2018-09-17 10:58:37.529749
2018-05-31,13:15,63.3,63.1,43.5,48.3,0.0,SW@6.3,10.3,69.4,0.0,406,"Chucker, Benton County",300068,Chucker,2018-09-17 10:58:37.529749
2018-05-31,13:30,64.5,64.3,44.4,48.0,0.0,W@5.1,9.2,69.4,0.0,548,"Chucker, Benton County",300068,Chucker,2018-09-17 10:58:37.529749
2018-05-31,13:45,65.9,65.6,42.3,42.2,0.0,SW@5.9,9.9,69.4,0.0,572,"Chucker, Benton County",300068,Chucker,2018-09-17 10:58:37.529749
2018-05-31,14:00,66.3,65.9,42.9,42.6,0.0,SW@5.5,9.9,69.4,0.0,585,"Chucker, Benton County",300068,Chucker,2018-09-17 10:58:37.529749
2018-05-31,14:15,66.9,66.6,42.7,41.5,0.0,SW@5.9,8.9,69.3,0.0,605,"Chucker, Benton County",300068,Chucker,2018-09-17 10:58:37.529749
2018-05-31,14:30,67.1,66.8,42.0,40.0,0.0,SW@5.0,8.9,69.3,0.0,580,"Chucker, Benton County",300068,Chucker,2018-09-17 10:58:37.529749
2018-05-31,14:45,68.1,67.9,42.1,38.7,0.0,S@5.3,8.2,69.3,0.0,687,"Chucker, Benton County",300068,Chucker,2018-09-17 10:58:37.529749
2018-05-31,15:00,69.0,68.6,41.0,36.1,0.0,S@5.3,8.9,69.3,0.0,778,"Chucker, Benton County",300068,Chucker,2018-09-17 10:58:37.529749
2018-05-31,15:15,69.5,69.2,40.3,34.5,0.0,SW@5.9,10.3,69.4,0.0,654,"Chucker, Benton County",300068,Chucker,2018-09-17 10:58:37.529749
2018-05-31,15:30,68.9,68.6,40.4,35.4,0.0,S@5.5,9.2,69.4,0.0,560,"Chucker, Benton County",300068,Chucker,2018-09-17 10:58:37.529749
2018-05-31,15:45,69.0,68.8,40.0,34.6,0.0,SW@4.9,8.5,69.4,0.0,539,"Chucker, Benton County",300068,Chucker,2018-09-17 10:58:37.529749
2018-05-31,16:00,70.4,70.2,39.1,31.9,0.0,SW@5.4,8.9,69.4,0.0,565,"Chucker, Benton County",300068,Chucker,2018-09-17 10:58:37.529749
2018-05-31,16:15,68.2,68.0,38.2,33.2,0.0,W@6.5,12.4,69.4,0.0,318,"Chucker, Benton County",300068,Chucker,2018-09-17 10:58:37.529749
2018-05-31,16:30,67.6,67.5,38.8,34.7,0.0,W@6.2,10.3,69.5,0.0,287,"Chucker, Benton County",300068,Chucker,2018-09-17 10:58:37.529749
2018-05-31,16:45,68.5,68.3,38.6,33.4,0.0,W@8.7,15.7,69.5,0.0,398,"Chucker, Benton County",300068,Chucker,2018-09-17 10:58:37.529749
2018-05-31,17:00,66.9,66.8,38.1,34.5,0.0,W@8.5,14.6,69.6,0.0,304,"Chucker, Benton County",300068,Chucker,2018-09-17 10:58:37.529749
2018-05-31,17:15,66.9,66.7,35.3,31.0,0.0,W@9.0,15.3,69.6,0.0,337,"Chucker, Benton County",300068,Chucker,2018-09-17 10:58:37.529749
2018-05-31,17:30,68.1,67.9,37.5,32.4,0.0,W@7.0,15.7,69.7,0.0,404,"Chucker, Benton County",300068,Chucker,2018-09-17 10:58:37.529749
2018-05-31,17:45,68.6,68.4,38.4,33.0,0.0,W@9.0,15.3,69.8,0.0,413,"Chucker, Benton County",300068,Chucker,2018-09-17 10:58:37.529749
2018-05-31,18:00,67.8,67.6,40.6,37.1,0.0,W@8.5,15.7,69.8,0.0,323,"Chucker, Benton County",300068,Chucker,2018-09-17 10:58:37.529749
2018-05-31,18:15,66.0,65.9,41.2,40.3,0.0,NW@7.1,13.2,69.9,0.0,167,"Chucker, Benton County",300068,Chucker,2018-09-17 10:58:37.529749
2018-05-31,18:30,65.2,65.1,42.5,43.6,0.0,NW@5.9,11.0,69.9,0.0,126,"Chucker, Benton County",300068,Chucker,2018-09-17 10:58:37.529749
2018-05-31,18:45,63.5,63.5,43.2,47.3,0.24,NW@6.9,14.6,70.0,0.0,50,"Chucker, Benton County",300068,Chucker,2018-09-17 10:58:37.529749
2018-05-31,19:00,62.5,62.5,40.9,44.9,0.07,W@7.3,13.9,70.1,0.0,105,"Chucker, Benton County",300068,Chucker,2018-09-17 10:58:37.529749
2018-05-31,19:15,63.8,63.7,39.6,40.9,0.08,W@4.3,6.4,70.1,0.0,152,"Chucker, Benton County",300068,Chucker,2018-09-17 10:58:37.529749
2018-05-31,19:30,64.3,64.2,40.0,40.8,0.0,W@5.6,9.2,70.2,0.0,119,"Chucker, Benton County",300068,Chucker,2018-09-17 10:58:37.529749
2018-05-31,19:45,62.3,62.2,41.5,46.4,0.0,W@5.8,9.6,70.2,0.0,35,"Chucker, Benton County",300068,Chucker,2018-09-17 10:58:37.529749
2018-05-31,20:00,60.9,60.9,40.9,47.5,0.0,W@6.6,11.7,70.3,0.0,21,"Chucker, Benton County",300068,Chucker,2018-09-17 10:58:37.529749
2018-05-31,20:15,59.8,59.8,41.5,50.6,0.0,W@6.2,13.2,70.3,0.0,14,"Chucker, Benton County",300068,Chucker,2018-09-17 10:58:37.529749
2018-05-31,20:30,59.0,59.0,41.5,52.2,0.0,W@8.0,12.8,70.4,0.0,9,"Chucker, Benton County",300068,Chucker,2018-09-17 10:58:37.529749
2018-05-31,20:45,57.9,57.9,41.3,53.7,0.0,W@7.0,13.2,70.4,0.0,4,"Chucker, Benton County",300068,Chucker,2018-09-17 10:58:37.529749
2018-05-31,21:00,57.0,57.0,41.3,55.4,0.0,W@6.5,11.4,70.5,0.0,2,"Chucker, Benton County",300068,Chucker,2018-09-17 10:58:37.529749
2018-05-31,21:15,56.3,56.2,41.4,57.4,0.01,W@5.2,9.9,70.5,0.0,0,"Chucker, Benton County",300068,Chucker,2018-09-17 10:58:37.529749
2018-05-31,21:30,55.8,55.8,41.2,57.8,0.01,W@6.0,10.3,70.5,0.0,0,"Chucker, Benton County",300068,Chucker,2018-09-17 10:58:37.529749
2018-05-31,21:45,55.5,55.5,41.2,58.3,0.01,W@5.9,9.6,70.5,0.0,0,"Chucker, Benton County",300068,Chucker,2018-09-17 10:58:37.529749
2018-05-31,22:00,55.2,55.2,41.2,59.2,0.01,W@6.5,12.4,70.5,0.0,0,"Chucker, Benton County",300068,Chucker,2018-09-17 10:58:37.529749
2018-05-31,22:15,55.1,55.1,41.4,59.8,0.01,W@6.6,12.4,70.6,0.0,0,"Chucker, Benton County",300068,Chucker,2018-09-17 10:58:37.529749
2018-05-31,22:30,55.3,55.3,41.7,60.0,0.01,SW@6.9,15.0,70.6,0.0,0,"Chucker, Benton County",300068,Chucker,2018-09-17 10:58:37.529749
2018-05-31,22:45,55.0,55.0,41.6,60.4,0.01,W@7.0,12.4,70.6,0.0,0,"Chucker, Benton County",300068,Chucker,2018-09-17 10:58:37.529749
2018-05-31,23:00,54.7,54.7,41.4,60.6,0.01,SW@7.7,13.2,70.6,0.0,0,"Chucker, Benton County",300068,Chucker,2018-09-17 10:58:37.529749
2018-05-31,23:15,54.2,54.2,41.9,62.9,0.01,W@6.6,13.2,70.5,0.0,0,"Chucker, Benton County",300068,Chucker,2018-09-17 10:58:37.529749
2018-05-31,23:30,53.7,53.6,42.1,64.6,0.01,W@5.7,8.9,70.5,0.0,0,"Chucker, Benton County",300068,Chucker,2018-09-17 10:58:37.529749
2018-05-31,23:45,53.0,53.0,41.9,65.9,0.01,W@6.3,11.7,70.5,0.0,0,"Chucker, Benton County",300068,Chucker,2018-09-17 10:58:37.529749
2018-05-31,24:00,52.4,52.4,41.6,66.5,0.01,W@6.1,10.7,70.5,0.0,0,"Chucker, Benton County",300068,Chucker,2018-09-17 10:58:37.529749
2018-06-01,00:15,51.7,51.7,41.5,67.9,0.02,W@5.4,9.6,70.5,0.0,0,"Chucker, Benton County",300068,Chucker,2018-09-17 10:58:37.529749
2018-06-01,00:30,51.0,51.0,41.7,70.2,0.02,W@4.7,10.3,70.4,0.0,0,"Chucker, Benton County",300068,Chucker,2018-09-17 10:58:37.529749
2018-06-01,00:45,50.6,50.6,42.1,72.3,0.02,W@4.8,8.9,70.4,0.0,0,"Chucker, Benton County",300068,Chucker,2018-09-17 10:58:37.529749
2018-06-01,01:00,50.4,50.3,42.4,73.9,0.03,W@4.9,8.5,70.3,0.0,0,"Chucker, Benton County",300068,Chucker,2018-09-17 10:58:37.529749
2018-06-01,01:15,50.2,50.2,42.5,74.8,0.03,SW@5.0,8.9,70.3,0.0,0,"Chucker, Benton County",300068,Chucker,2018-09-17 10:58:37.529749
2018-06-01,01:30,50.2,50.2,42.5,74.8,0.03,SW@4.9,8.2,70.3,0.0,0,"Chucker, Benton County",300068,Chucker,2018-09-17 10:58:37.529749
2018-06-01,01:45,50.4,50.4,42.5,74.1,0.02,SW@5.6,9.2,70.2,0.0,0,"Chucker, Benton County",300068,Chucker,2018-09-17 10:58:37.529749
2018-06-01,02:00,50.6,50.6,42.4,73.3,0.02,W@5.2,9.6,70.2,0.0,0,"Chucker, Benton County",300068,Chucker,2018-09-17 10:58:37.529749
2018-06-01,02:15,50.8,50.8,41.9,71.5,0.02,W@6.2,10.3,70.1,0.0,0,"Chucker, Benton County",300068,Chucker,2018-09-17 10:58:37.529749
2018-06-01,02:30,50.2,50.1,41.5,72.0,0.02,W@5.9,10.3,70.1,0.0,0,"Chucker, Benton County",300068,Chucker,2018-09-17 10:58:37.529749
2018-06-01,02:45,49.8,49.8,41.4,72.7,0.03,SW@6.4,9.9,70.0,0.0,0,"Chucker, Benton County",300068,Chucker,2018-09-17 10:58:37.529749
2018-06-01,03:00,49.8,49.8,41.2,72.2,0.02,SW@7.1,12.1,70.0,0.0,0,"Chucker, Benton County",300068,Chucker,2018-09-17 10:58:37.529749
2018-06-01,03:15,49.3,49.3,41.3,73.7,0.03,W@4.6,7.8,69.9,0.0,0,"Chucker, Benton County",300068,Chucker,2018-09-17 10:58:37.529749
2018-06-01,03:30,48.6,48.5,41.5,76.3,0.04,W@3.1,8.2,69.9,0.0,0,"Chucker, Benton County",300068,Chucker,2018-09-17 10:58:37.529749
2018-06-01,03:45,47.8,47.8,41.7,79.2,0.06,W@2.9,5.3,69.8,0.0,0,"Chucker, Benton County",300068,Chucker,2018-09-17 10:58:37.529749
2018-06-01,04:00,47.4,47.3,41.7,80.5,0.06,SW@3.0,5.3,69.8,0.0,0,"Chucker, Benton County",300068,Chucker,2018-09-17 10:58:37.529749
2018-06-01,04:15,46.9,46.8,42.0,83.0,0.08,W@1.4,4.6,69.7,0.0,0,"Chucker, Benton County",300068,Chucker,2018-09-17 10:58:37.529749
2018-06-01,04:30,46.8,46.8,41.7,82.2,0.09,SW@1.3,4.9,69.7,0.0,0,"Chucker, Benton County",300068,Chucker,2018-09-17 10:58:37.529749
2018-06-01,04:45,46.2,46.1,41.3,82.8,0.1,SW@1.4,5.3,69.6,0.0,0,"Chucker, Benton County",300068,Chucker,2018-09-17 10:58:37.529749
2018-06-01,05:00,45.7,45.6,41.1,83.6,0.14,SW@0.3,5.3,69.5,0.0,1,"Chucker, Benton County",300068,Chucker,2018-09-17 10:58:37.529749
2018-06-01,05:15,45.9,45.9,41.3,83.8,0.1,W@2.3,4.2,69.5,0.0,4,"Chucker, Benton County",300068,Chucker,2018-09-17 10:58:37.529749
2018-06-01,05:30,45.9,45.8,41.6,84.7,0.11,W@2.2,3.1,69.4,0.0,12,"Chucker, Benton County",300068,Chucker,2018-09-17 10:58:37.529749
2018-06-01,05:45,46.4,46.3,41.3,82.4,0.07,SW@2.4,3.9,69.3,0.0,32,"Chucker, Benton County",300068,Chucker,2018-09-17 10:58:37.529749
2018-06-01,06:00,47.9,47.6,40.9,76.3,0.04,NW@0.7,2.4,69.3,0.0,65,"Chucker, Benton County",300068,Chucker,2018-09-17 10:58:37.529749
2018-06-01,06:15,48.1,47.8,40.9,75.9,0.03,N@1.5,3.1,69.2,0.0,95,"Chucker, Benton County",300068,Chucker,2018-09-17 10:58:37.529749
2018-06-01,06:30,48.8,48.6,41.0,74.1,0.02,W@2.1,4.6,69.1,0.0,127,"Chucker, Benton County",300068,Chucker,2018-09-17 10:58:37.529749
2018-06-01,06:45,49.9,49.7,41.2,71.8,0.01,SW@2.9,6.0,69.1,0.0,161,"Chucker, Benton County",300068,Chucker,2018-09-17 10:58:37.529749
2018-06-01,07:00,51.0,51.0,41.1,68.8,0.01,SW@4.7,9.9,69.0,0.0,200,"Chucker, Benton County",300068,Chucker,2018-09-17 10:58:37.529749
2018-06-01,07:15,52.4,52.2,40.8,64.4,0.01,SW@7.0,11.0,68.9,0.0,241,"Chucker, Benton County",300068,Chucker,2018-09-17 10:58:37.529749
2018-06-01,07:30,53.3,53.0,40.9,62.6,0.01,W@7.3,12.1,68.8,0.0,283,"Chucker, Benton County",300068,Chucker,2018-09-17 10:58:37.529749
2018-06-01,07:45,54.2,53.9,41.0,60.9,0.0,W@7.6,14.2,68.7,0.0,324,"Chucker, Benton County",300068,Chucker,2018-09-17 10:58:37.529749
2018-06-01,08:00,55.3,55.0,41.2,58.9,0.0,W@7.1,12.8,68.7,0.0,367,"Chucker, Benton County",300068,Chucker,2018-09-17 10:58:37.529749
2018-06-01,08:15,55.9,55.6,40.8,56.7,0.0,W@7.5,12.4,68.6,0.0,379,"Chucker, Benton County",300068,Chucker,2018-09-17 10:58:37.529749
2018-06-01,08:30,56.3,56.1,40.0,54.2,0.0,W@8.6,14.2,68.5,0.0,379,"Chucker, Benton County",300068,Chucker,2018-09-17 10:58:37.529749
2018-06-01,08:45,57.6,57.3,39.1,49.9,0.0,SW@9.8,15.3,68.4,0.0,493,"Chucker, Benton County",300068,Chucker,2018-09-17 10:58:37.529749
2018-06-01,09:00,57.5,57.2,39.2,50.2,0.0,W@9.6,14.6,68.4,0.0,490,"Chucker, Benton County",300068,Chucker,2018-09-17 10:58:37.529749
2018-06-01,09:15,58.7,58.4,39.1,48.0,0.0,SW@10.0,17.1,68.3,0.0,583,"Chucker, Benton County",300068,Chucker,2018-09-17 10:58:37.529749
2018-06-01,09:30,58.8,58.5,38.8,47.3,0.0,W@9.7,15.0,68.2,0.0,591,"Chucker, Benton County",300068,Chucker,2018-09-17 10:58:37.529749
2018-06-01,09:45,59.3,59.0,38.7,46.3,0.0,W@9.6,17.8,68.2,0.0,657,"Chucker, Benton County",300068,Chucker,2018-09-17 10:58:37.529749
2018-06-01,10:00,60.3,60.0,38.9,45.0,0.0,SW@9.2,16.7,68.1,0.0,684,"Chucker, Benton County",300068,Chucker,2018-09-17 10:58:37.529749
2018-06-01,10:15,60.6,60.4,38.2,43.3,0.0,W@9.9,16.4,68.0,0.0,718,"Chucker, Benton County",300068,Chucker,2018-09-17 10:58:37.529749
2018-06-01,10:30,61.3,61.0,37.9,41.8,0.0,SW@10.1,16.7,68.0,0.0,751,"Chucker, Benton County",300068,Chucker,2018-09-17 10:58:37.529749
2018-06-01,10:45,61.7,61.5,37.7,40.9,0.0,W@9.8,16.0,67.9,0.0,780,"Chucker, Benton County",300068,Chucker,2018-09-17 10:58:37.529749
2018-06-01,11:00,63.2,63.0,38.1,39.3,0.0,SW@8.9,16.0,67.9,0.0,809,"Chucker, Benton County",300068,Chucker,2018-09-17 10:58:37.529749
2018-06-01,11:15,63.6,63.3,38.8,39.9,0.0,SW@9.7,14.6,67.8,0.0,831,"Chucker, Benton County",300068,Chucker,2018-09-17 10:58:37.529749
2018-06-01,11:30,64.2,63.9,39.3,39.9,0.0,SW@9.7,18.2,67.8,0.0,852,"Chucker, Benton County",300068,Chucker,2018-09-17 10:58:37.529749
2018-06-01,11:45,64.7,64.5,39.5,39.4,0.0,SW@10.1,16.4,67.8,0.0,872,"Chucker, Benton County",300068,Chucker,2018-09-17 10:58:37.529749
2018-06-01,12:00,64.7,64.5,38.9,38.5,0.0,SW@10.1,16.7,67.7,0.0,889,"Chucker, Benton County",300068,Chucker,2018-09-17 10:58:37.529749
2018-06-01,12:15,65.5,65.3,38.9,37.5,0.0,SW@9.3,16.0,67.7,0.0,903,"Chucker, Benton County",300068,Chucker,2018-09-17 10:58:37.529749
2018-06-01,12:30,65.7,65.6,38.5,36.5,0.0,SW@9.4,20.3,67.7,0.0,915,"Chucker, Benton County",300068,Chucker,2018-09-17 10:58:37.529749
2018-06-01,12:45,66.6,66.4,38.0,34.9,0.0,SW@9.3,14.6,67.7,0.0,924,"Chucker, Benton County",300068,Chucker,2018-09-17 10:58:37.529749
2018-06-01,13:00,67.3,67.1,38.4,34.5,0.0,SW@8.5,14.6,67.7,0.0,928,"Chucker, Benton County",300068,Chucker,2018-09-17 10:58:37.529749
2018-06-01,13:15,67.9,67.6,38.7,34.3,0.0,SW@8.2,12.8,67.7,0.0,928,"Chucker, Benton County",300068,Chucker,2018-09-17 10:58:37.529749
2018-06-01,13:30,68.4,68.1,38.3,33.2,0.0,SW@8.7,14.2,67.7,0.0,926,"Chucker, Benton County",300068,Chucker,2018-09-17 10:58:37.529749
2018-06-01,13:45,69.0,68.8,38.5,32.6,0.0,SW@7.8,13.9,67.7,0.0,919,"Chucker, Benton County",300068,Chucker,2018-09-17 10:58:37.529749
2018-06-01,14:00,69.8,69.5,38.2,31.4,0.0,SW@8.3,14.6,67.7,0.0,912,"Chucker, Benton County",300068,Chucker,2018-09-17 10:58:37.529749
2018-06-01,14:15,69.6,69.3,37.8,31.1,0.0,W@8.0,13.5,67.8,0.0,899,"Chucker, Benton County",300068,Chucker,2018-09-17 10:58:37.529749
2018-06-01,14:30,70.1,69.8,36.9,29.6,0.0,SW@8.7,16.4,67.8,0.0,886,"Chucker, Benton County",300068,Chucker,2018-09-17 10:58:37.529749
2018-06-01,14:45,70.4,70.0,37.3,29.8,0.0,W@7.6,12.4,67.9,0.0,849,"Chucker, Benton County",300068,Chucker,2018-09-17 10:58:37.529749
2018-06-01,15:00,70.8,70.4,36.5,28.5,0.0,W@7.6,13.9,68.0,0.0,841,"Chucker, Benton County",300068,Chucker,2018-09-17 10:58:37.529749
2018-06-01,15:15,71.2,70.9,36.2,27.7,0.0,W@7.7,12.1,68.0,0.0,822,"Chucker, Benton County",300068,Chucker,2018-09-17 10:58:37.529749
2018-06-01,15:30,71.3,71.0,37.1,28.7,0.0,W@7.9,12.8,68.1,0.0,791,"Chucker, Benton County",300068,Chucker,2018-09-17 10:58:37.529749
2018-06-01,15:45,72.0,71.7,37.1,28.0,0.0,W@6.9,13.9,68.2,0.0,762,"Chucker, Benton County",300068,Chucker,2018-09-17 10:58:37.529749
2018-06-01,16:00,72.4,72.1,37.4,27.9,0.0,W@7.1,12.8,68.3,0.0,728,"Chucker, Benton County",300068,Chucker,2018-09-17 10:58:37.529749
2018-06-01,16:15,72.9,72.6,36.3,26.3,0.0,W@6.9,11.7,68.4,0.0,697,"Chucker, Benton County",300068,Chucker,2018-09-17 10:58:37.529749
2018-06-01,16:30,72.4,72.1,36.1,26.5,0.0,W@7.0,13.2,68.6,0.0,662,"Chucker, Benton County",300068,Chucker,2018-09-17 10:58:37.529749
2018-06-01,16:45,72.8,72.5,36.0,26.0,0.0,W@6.2,9.9,68.7,0.0,625,"Chucker, Benton County",300068,Chucker,2018-09-17 10:58:37.529749
2018-06-01,17:00,73.4,73.1,35.3,24.8,0.0,W@4.8,9.2,68.8,0.0,584,"Chucker, Benton County",300068,Chucker,2018-09-17 10:58:37.529749
2018-06-01,17:15,74.1,73.8,33.7,22.8,0.0,W@5.0,11.0,69.0,0.0,544,"Chucker, Benton County",300068,Chucker,2018-09-17 10:58:37.529749
2018-06-01,17:30,73.6,73.3,34.0,23.4,0.0,W@6.0,12.8,69.1,0.0,499,"Chucker, Benton County",300068,Chucker,2018-09-17 10:58:37.529749
2018-06-01,17:45,73.5,73.2,33.8,23.3,0.0,W@7.1,12.8,69.2,0.0,453,"Chucker, Benton County",300068,Chucker,2018-09-17 10:58:37.529749
2018-06-01,18:00,73.3,73.1,33.9,23.6,0.0,W@6.9,11.7,69.4,0.0,412,"Chucker, Benton County",300068,Chucker,2018-09-17 10:58:37.529749
2018-06-01,18:15,72.9,72.6,34.0,24.0,0.0,W@6.9,11.7,69.5,0.0,368,"Chucker, Benton County",300068,Chucker,2018-09-17 10:58:37.529749
2018-06-01,18:30,72.8,72.4,33.7,23.8,0.0,W@5.9,9.6,69.6,0.0,323,"Chucker, Benton County",300068,Chucker,2018-09-17 10:58:37.529749
2018-06-01,18:45,72.7,72.2,34.3,24.5,0.0,W@5.5,9.6,69.8,0.0,279,"Chucker, Benton County",300068,Chucker,2018-09-17 10:58:37.529749
2018-06-01,19:00,72.1,71.8,37.2,27.9,0.0,W@5.1,8.5,69.9,0.0,232,"Chucker, Benton County",300068,Chucker,2018-09-17 10:58:37.529749
2018-06-01,19:15,71.4,71.2,37.9,29.3,0.0,W@4.6,7.4,70.0,0.0,191,"Chucker, Benton County",300068,Chucker,2018-09-17 10:58:37.529749
2018-06-01,19:30,70.5,70.3,38.4,31.0,0.0,W@4.5,6.4,70.1,0.0,149,"Chucker, Benton County",300068,Chucker,2018-09-17 10:58:37.529749
2018-06-01,19:45,69.9,69.7,38.4,31.6,0.0,W@3.7,5.7,70.3,0.0,116,"Chucker, Benton County",300068,Chucker,2018-09-17 10:58:37.529749
2018-06-01,20:00,68.9,68.8,40.0,34.9,0.0,W@3.1,4.9,70.4,0.0,86,"Chucker, Benton County",300068,Chucker,2018-09-17 10:58:37.529749
2018-06-01,20:15,67.3,67.3,39.5,36.0,0.0,W@2.8,5.3,70.5,0.0,49,"Chucker, Benton County",300068,Chucker,2018-09-17 10:58:37.529749
2018-06-01,20:30,66.2,66.2,38.2,35.6,0.0,W@2.3,3.5,70.6,0.0,15,"Chucker, Benton County",300068,Chucker,2018-09-17 10:58:37.529749
2018-06-01,20:45,65.3,65.2,38.0,36.5,0.0,W@2.4,3.5,70.7,0.0,5,"Chucker, Benton County",300068,Chucker,2018-09-17 10:58:37.529749
2018-06-01,21:00,64.4,64.4,38.7,38.7,0.0,NW@2.7,3.5,70.8,0.0,2,"Chucker, Benton County",300068,Chucker,2018-09-17 10:58:37.529749
2018-06-01,21:15,62.0,62.0,40.2,44.6,0.0,N@1.1,2.8,70.9,0.0,0,"Chucker, Benton County",300068,Chucker,2018-09-17 10:58:37.529749
2018-06-01,21:30,62.5,62.4,38.9,41.7,0.0,S@0.0,1.4,71.0,0.0,0,"Chucker, Benton County",300068,Chucker,2018-09-17 10:58:37.529749
2018-06-01,21:45,62.4,62.4,39.1,42.1,0.0,W@2.6,4.2,71.0,0.0,0,"Chucker, Benton County",300068,Chucker,2018-09-17 10:58:37.529749
2018-06-01,22:00,60.3,60.3,40.4,47.8,0.0,SW@2.5,3.9,71.1,0.0,0,"Chucker, Benton County",300068,Chucker,2018-09-17 10:58:37.529749
2018-06-01,22:15,60.0,60.0,39.9,47.2,0.0,SW@3.2,4.6,71.1,0.0,0,"Chucker, Benton County",300068,Chucker,2018-09-17 10:58:37.529749
2018-06-01,22:30,61.3,61.3,39.2,44.0,0.0,SW@3.0,3.9,71.2,0.0,0,"Chucker, Benton County",300068,Chucker,2018-09-17 10:58:37.529749
2018-06-01,22:45,61.0,61.0,38.7,43.5,0.0,SW@3.3,4.9,71.2,0.0,0,"Chucker, Benton County",300068,Chucker,2018-09-17 10:58:37.529749
2018-06-01,23:00,60.2,60.2,38.4,44.3,0.0,SW@3.6,5.3,71.2,0.0,0,"Chucker, Benton County",300068,Chucker,2018-09-17 10:58:37.529749
2018-06-01,23:15,59.5,59.5,37.6,44.0,0.0,SW@3.9,6.0,71.2,0.0,0,"Chucker, Benton County",300068,Chucker,2018-09-17 10:58:37.529749
2018-06-01,23:30,58.9,58.9,38.1,45.8,0.0,SW@4.1,5.7,71.2,0.0,0,"Chucker, Benton County",300068,Chucker,2018-09-17 10:58:37.529749
2018-06-01,23:45,57.2,57.2,38.2,48.9,0.0,SW@2.2,3.9,71.3,0.0,0,"Chucker, Benton County",300068,Chucker,2018-09-17 10:58:37.529749
2018-06-01,24:00,56.6,56.5,38.2,50.0,0.01,S@0.9,3.1,71.2,0.0,0,"Chucker, Benton County",300068,Chucker,2018-09-17 10:58:37.529749
2018-06-02,00:15,54.6,54.5,38.6,54.7,0.01,SE@1.5,3.1,71.2,0.0,0,"Chucker, Benton County",300068,Chucker,2018-09-17 10:58:37.529749
2018-06-02,00:30,54.3,54.1,39.0,56.2,0.01,S@1.9,3.1,71.2,0.0,0,"Chucker, Benton County",300068,Chucker,2018-09-17 10:58:37.529749
2018-06-02,00:45,54.2,54.1,38.3,54.6,0.01,SW@0.7,2.4,71.2,0.0,0,"Chucker, Benton County",300068,Chucker,2018-09-17 10:58:37.529749
2018-06-02,01:00,54.1,54.0,37.9,54.2,0.01,S@0.2,2.1,71.2,0.0,0,"Chucker, Benton County",300068,Chucker,2018-09-17 10:58:37.529749
2018-06-02,01:15,53.9,53.9,37.8,54.4,0.01,SE@1.5,3.5,71.1,0.0,0,"Chucker, Benton County",300068,Chucker,2018-09-17 10:58:37.529749
2018-06-02,01:30,53.5,53.5,38.1,55.8,0.01,SE@2.4,3.1,71.1,0.0,0,"Chucker, Benton County",300068,Chucker,2018-09-17 10:58:37.529749
2018-06-02,01:45,52.4,52.3,38.0,57.7,0.02,N@0.0,0.0,71.1,0.0,0,"Chucker, Benton County",300068,Chucker,2018-09-17 10:58:37.529749
2018-06-02,02:00,53.2,53.1,37.5,55.2,0.01,S@0.1,2.4,71.0,0.0,0,"Chucker, Benton County",300068,Chucker,2018-09-17 10:58:37.529749
2018-06-02,02:15,53.8,53.7,37.5,53.9,0.01,S@1.4,2.8,71.0,0.0,0,"Chucker, Benton County",300068,Chucker,2018-09-17 10:58:37.529749
2018-06-02,02:30,54.4,54.4,36.8,51.3,0.01,W@1.2,2.1,70.9,0.0,0,"Chucker, Benton County",300068,Chucker,2018-09-17 10:58:37.529749
2018-06-02,02:45,52.8,52.6,37.6,56.3,0.01,N@1.1,2.8,70.9,0.0,0,"Chucker, Benton County",300068,Chucker,2018-09-17 10:58:37.529749
2018-06-02,03:00,50.9,50.9,37.7,60.3,0.02,N@2.2,3.5,70.8,0.0,0,"Chucker, Benton County",300068,Chucker,2018-09-17 10:58:37.529749
2018-06-02,03:15,52.6,52.4,37.5,56.4,0.01,NW@1.9,2.8,70.7,0.0,0,"Chucker, Benton County",300068,Chucker,2018-09-17 10:58:37.529749
2018-06-02,03:30,53.1,52.9,37.3,54.9,0.01,W@0.6,2.4,70.7,0.0,0,"Chucker, Benton County",300068,Chucker,2018-09-17 10:58:37.529749
2018-06-02,03:45,54.9,54.9,36.7,50.2,0.01,W@1.2,2.4,70.6,0.0,0,"Chucker, Benton County",300068,Chucker,2018-09-17 10:58:37.529749
2018-06-02,04:00,53.1,53.0,37.3,54.9,0.01,N@0.9,3.5,70.5,0.0,0,"Chucker, Benton County",300068,Chucker,2018-09-17 10:58:37.529749
2018-06-02,04:15,50.2,50.2,38.1,63.0,0.02,N@2.5,3.1,70.4,0.0,0,"Chucker, Benton County",300068,Chucker,2018-09-17 10:58:37.529749
2018-06-02,04:30,50.8,51.0,37.6,60.3,0.02,NE@2.5,3.5,70.4,0.0,0,"Chucker, Benton County",300068,Chucker,2018-09-17 10:58:37.529749
2018-06-02,04:45,51.1,50.7,37.6,59.7,0.02,NE@3.5,3.9,70.3,0.0,0,"Chucker, Benton County",300068,Chucker,2018-09-17 10:58:37.529749
2018-06-02,05:00,49.5,49.6,37.7,63.4,0.02,N@2.3,3.1,70.2,0.0,2,"Chucker, Benton County",300068,Chucker,2018-09-17 10:58:37.529749
2018-06-02,05:15,47.4,47.2,39.0,72.5,0.04,N@4.1,5.3,70.1,0.0,4,"Chucker, Benton County",300068,Chucker,2018-09-17 10:58:37.529749
2018-06-02,05:30,47.6,47.6,39.6,73.5,0.04,NE@2.9,4.9,70.0,0.0,12,"Chucker, Benton County",300068,Chucker,2018-09-17 10:58:37.529749
2018-06-02,05:45,50.3,50.1,39.2,65.4,0.02,E@2.3,2.8,70.0,0.0,38,"Chucker, Benton County",300068,Chucker,2018-09-17 10:58:37.529749
2018-06-02,06:00,52.5,52.3,39.6,61.3,0.01,NE@1.4,2.4,69.9,0.0,65,"Chucker, Benton County",300068,Chucker,2018-09-17 10:58:37.529749
2018-06-02,06:15,54.1,53.8,40.5,60.0,0.01,E@0.8,2.8,69.8,0.0,73,"Chucker, Benton County",300068,Chucker,2018-09-17 10:58:37.529749
2018-06-02,06:30,52.6,52.4,41.2,65.0,0.01,E@2.4,3.5,69.7,0.0,91,"Chucker, Benton County",300068,Chucker,2018-09-17 10:58:37.529749
2018-06-02,06:45,57.6,57.5,41.1,54.0,0.0,E@0.3,2.4,69.6,0.0,163,"Chucker, Benton County",300068,Chucker,2018-09-17 10:58:37.529749
2018-06-02,07:00,59.2,59.9,40.2,49.3,0.0,S@1.3,3.5,69.5,0.0,199,"Chucker, Benton County",300068,Chucker,2018-09-17 10:58:37.529749
2018-06-02,07:15,59.4,59.2,41.0,50.4,0.0,S@2.7,4.2,69.4,0.0,243,"Chucker, Benton County",300068,Chucker,2018-09-17 10:58:37.529749
2018-06-02,07:30,60.2,59.9,40.8,48.6,0.0,S@3.3,4.6,69.3,0.0,290,"Chucker, Benton County",300068,Chucker,2018-09-17 10:58:37.529749
2018-06-02,07:45,60.9,60.5,40.3,46.6,0.0,SW@3.7,6.0,69.2,0.0,328,"Chucker, Benton County",300068,Chucker,2018-09-17 10:58:37.529749
2018-06-02,08:00,61.9,61.6,40.7,45.7,0.0,S@3.4,6.0,69.1,0.0,365,"Chucker, Benton County",300068,Chucker,2018-09-17 10:58:37.529749
2018-06-02,08:15,62.7,62.3,41.2,45.2,0.0,S@3.4,5.7,69.0,0.0,405,"Chucker, Benton County",300068,Chucker,2018-09-17 10:58:37.529749
2018-06-02,08:30,62.8,62.5,41.0,44.6,0.0,SW@3.7,7.1,68.9,0.0,446,"Chucker, Benton County",300068,Chucker,2018-09-17 10:58:37.529749
2018-06-02,08:45,63.5,63.0,41.2,44.0,0.0,SW@4.1,6.4,68.9,0.0,489,"Chucker, Benton County",300068,Chucker,2018-09-17 10:58:37.529749
2018-06-02,09:00,64.0,63.6,41.7,44.1,0.0,SW@3.7,6.0,68.8,0.0,474,"Chucker, Benton County",300068,Chucker,2018-09-17 10:58:37.529749
2018-06-02,09:15,63.5,63.2,42.4,45.9,0.0,SW@3.8,8.2,68.7,0.0,392,"Chucker, Benton County",300068,Chucker,2018-09-17 10:58:37.529749
2018-06-02,09:30,64.5,64.0,42.7,45.0,0.0,W@4.0,5.7,68.6,0.0,570,"Chucker, Benton County",300068,Chucker,2018-09-17 10:58:37.529749
2018-06-02,09:45,65.5,65.1,42.6,43.2,0.0,W@3.7,6.7,68.6,0.0,656,"Chucker, Benton County",300068,Chucker,2018-09-17 10:58:37.529749
2018-06-02,10:00,66.5,66.2,43.4,43.0,0.0,W@3.4,6.0,68.5,0.0,675,"Chucker, Benton County",300068,Chucker,2018-09-17 10:58:37.529749
2018-06-02,10:15,68.1,67.7,43.4,40.7,0.0,SW@3.4,6.0,68.4,0.0,714,"Chucker, Benton County",300068,Chucker,2018-09-17 10:58:37.529749
2018-06-02,10:30,68.8,68.4,44.0,40.7,0.0,SW@3.8,7.4,68.4,0.0,742,"Chucker, Benton County",300068,Chucker,2018-09-17 10:58:37.529749
2018-06-02,10:45,70.1,69.8,44.1,39.1,0.0,SW@3.8,7.8,68.3,0.0,745,"Chucker, Benton County",300068,Chucker,2018-09-17 10:58:37.529749
2018-06-02,11:00,69.4,69.2,44.5,40.7,0.0,S@4.4,7.1,68.3,0.0,661,"Chucker, Benton County",300068,Chucker,2018-09-17 10:58:37.529749
2018-06-02,11:15,70.0,69.8,44.6,39.9,0.0,SE@4.3,6.0,68.3,0.0,726,"Chucker, Benton County",300068,Chucker,2018-09-17 10:58:37.529749
2018-06-02,11:30,72.0,71.7,45.8,39.1,0.0,S@3.6,6.0,68.2,0.0,816,"Chucker, Benton County",300068,Chucker,2018-09-17 10:58:37.529749
2018-06-02,11:45,74.3,73.8,45.1,35.2,0.0,NE@3.0,5.3,68.2,0.0,871,"Chucker, Benton County",300068,Chucker,2018-09-17 10:58:37.529749
2018-06-02,12:00,75.7,75.1,45.0,33.6,0.0,NE@3.1,5.7,68.2,0.0,879,"Chucker, Benton County",300068,Chucker,2018-09-17 10:58:37.529749
2018-06-02,12:15,76.9,76.5,46.2,33.6,0.0,E@4.1,8.2,68.2,0.0,892,"Chucker, Benton County",300068,Chucker,2018-09-17 10:58:37.529749
2018-06-02,12:30,75.4,75.1,46.8,36.3,0.0,SE@5.8,8.2,68.2,0.0,901,"Chucker, Benton County",300068,Chucker,2018-09-17 10:58:37.529749
2018-06-02,12:45,75.6,75.5,46.4,35.4,0.0,SE@5.2,8.2,68.2,0.0,910,"Chucker, Benton County",300068,Chucker,2018-09-17 10:58:37.529749
2018-06-02,13:00,76.7,76.5,46.7,34.6,0.0,SE@5.6,8.9,68.2,0.0,914,"Chucker, Benton County",300068,Chucker,2018-09-17 10:58:37.529749
2018-06-02,13:15,77.2,77.1,47.3,34.8,0.0,SE@6.9,9.6,68.2,0.0,914,"Chucker, Benton County",300068,Chucker,2018-09-17 10:58:37.529749
2018-06-02,13:30,78.0,77.9,47.5,34.1,0.0,SE@6.1,9.6,68.3,0.0,912,"Chucker, Benton County",300068,Chucker,2018-09-17 10:58:37.529749
2018-06-02,13:45,79.7,79.5,47.3,32.0,0.0,E@6.1,9.6,68.3,0.0,906,"Chucker, Benton County",300068,Chucker,2018-09-17 10:58:37.529749
2018-06-02,14:00,80.5,80.3,46.9,30.8,0.0,SE@5.7,9.2,68.4,0.0,881,"Chucker, Benton County",300068,Chucker,2018-09-17 10:58:37.529749
2018-06-02,14:15,81.0,80.5,45.8,29.0,0.0,NE@4.2,7.8,68.4,0.0,825,"Chucker, Benton County",300068,Chucker,2018-09-17 10:58:37.529749
2018-06-02,14:30,81.1,80.7,47.3,30.6,0.0,E@5.8,9.9,68.5,0.0,718,"Chucker, Benton County",300068,Chucker,2018-09-17 10:58:37.529749
2018-06-02,14:45,81.3,81.0,46.9,30.0,0.0,NE@5.3,8.2,68.6,0.0,751,"Chucker, Benton County",300068,Chucker,2018-09-17 10:58:37.529749
2018-06-02,15:00,80.9,80.6,45.6,28.9,0.0,NE@4.6,8.5,68.7,0.0,607,"Chucker, Benton County",300068,Chucker,2018-09-17 10:58:37.529749
2018-06-02,15:15,81.8,81.6,47.1,29.6,0.0,NE@5.0,8.2,68.8,0.0,724,"Chucker, Benton County",300068,Chucker,2018-09-17 10:58:37.529749
2018-06-02,15:30,82.1,81.8,43.7,25.8,0.0,NE@4.8,7.8,68.9,0.0,776,"Chucker, Benton County",300068,Chucker,2018-09-17 10:58:37.529749
2018-06-02,15:45,82.5,82.0,44.0,25.8,0.0,NE@4.1,7.8,69.0,0.0,749,"Chucker, Benton County",300068,Chucker,2018-09-17 10:58:37.529749
2018-06-02,16:00,82.8,82.4,44.3,25.9,0.0,NE@5.2,8.5,69.2,0.0,716,"Chucker, Benton County",300068,Chucker,2018-09-17 10:58:37.529749
2018-06-02,16:15,82.7,82.2,43.5,25.2,0.0,NE@4.8,7.8,69.3,0.0,681,"Chucker, Benton County",300068,Chucker,2018-09-17 10:58:37.529749
2018-06-02,16:30,82.5,82.2,44.6,26.3,0.0,E@5.0,8.5,69.4,0.0,644,"Chucker, Benton County",300068,Chucker,2018-09-17 10:58:37.529749
2018-06-02,16:45,82.3,82.0,46.7,28.7,0.0,NE@5.5,8.5,69.6,0.0,607,"Chucker, Benton County",300068,Chucker,2018-09-17 10:58:37.529749
2018-06-02,17:00,82.0,81.5,46.3,28.6,0.0,NE@5.5,8.5,69.7,0.0,567,"Chucker, Benton County",300068,Chucker,2018-09-17 10:58:37.529749
2018-06-02,17:15,81.9,81.4,46.1,28.6,0.0,NE@5.6,9.2,69.9,0.0,528,"Chucker, Benton County",300068,Chucker,2018-09-17 10:58:37.529749
2018-06-02,17:30,81.7,81.2,46.1,28.6,0.0,NE@5.4,8.5,70.1,0.0,483,"Chucker, Benton County",300068,Chucker,2018-09-17 10:58:37.529749
2018-06-02,17:45,82.0,81.5,45.0,27.3,0.0,NE@4.8,7.4,70.2,0.0,446,"Chucker, Benton County",300068,Chucker,2018-09-17 10:58:37.529749
2018-06-02,18:00,82.1,81.5,47.1,29.4,0.0,NE@4.6,7.8,70.4,0.0,402,"Chucker, Benton County",300068,Chucker,2018-09-17 10:58:37.529749
2018-06-02,18:15,81.0,80.5,48.0,31.5,0.0,NE@4.2,6.7,70.6,0.0,358,"Chucker, Benton County",300068,Chucker,2018-09-17 10:58:37.529749
2018-06-02,18:30,80.3,79.7,48.5,32.8,0.0,NE@4.5,6.7,70.8,0.0,282,"Chucker, Benton County",300068,Chucker,2018-09-17 10:58:37.529749
2018-06-02,18:45,78.2,77.7,49.2,36.2,0.0,NE@4.4,6.7,70.9,0.0,229,"Chucker, Benton County",300068,Chucker,2018-09-17 10:58:37.529749
2018-06-02,19:00,78.4,77.9,48.2,34.6,0.0,NE@4.9,6.7,71.1,0.0,228,"Chucker, Benton County",300068,Chucker,2018-09-17 10:58:37.529749
2018-06-02,19:15,77.4,76.9,49.2,37.1,0.0,NE@4.3,6.4,71.3,0.0,190,"Chucker, Benton County",300068,Chucker,2018-09-17 10:58:37.529749
2018-06-02,19:30,75.6,75.1,50.4,41.2,0.0,N@3.5,5.7,71.4,0.0,104,"Chucker, Benton County",300068,Chucker,2018-09-17 10:58:37.529749
2018-06-02,19:45,71.6,71.2,52.3,50.4,0.01,NE@3.5,4.6,71.6,0.0,73,"Chucker, Benton County",300068,Chucker,2018-09-17 10:58:37.529749
2018-06-02,20:00,70.6,70.2,52.2,52.1,0.01,NE@3.5,4.2,71.7,0.0,89,"Chucker, Benton County",300068,Chucker,2018-09-17 10:58:37.529749
2018-06-02,20:15,69.4,69.2,51.6,53.1,0.01,NE@3.7,4.6,71.9,0.0,67,"Chucker, Benton County",300068,Chucker,2018-09-17 10:58:37.529749
2018-06-02,20:30,67.9,67.6,51.0,54.7,0.01,NE@3.6,4.6,72.0,0.0,21,"Chucker, Benton County",300068,Chucker,2018-09-17 10:58:37.529749
2018-06-02,20:45,66.1,66.0,50.5,57.0,0.01,NE@3.6,4.6,72.1,0.0,9,"Chucker, Benton County",300068,Chucker,2018-09-17 10:58:37.529749
2018-06-02,21:00,65.5,65.5,49.0,55.1,0.01,NE@4.1,4.9,72.3,0.0,3,"Chucker, Benton County",300068,Chucker,2018-09-17 10:58:37.529749
2018-06-02,21:15,64.5,64.4,48.6,56.3,0.01,N@3.6,4.6,72.4,0.0,0,"Chucker, Benton County",300068,Chucker,2018-09-17 10:58:37.529749
2018-06-02,21:30,62.9,62.8,47.8,57.7,0.01,N@3.5,4.9,72.5,0.0,0,"Chucker, Benton County",300068,Chucker,2018-09-17 10:58:37.529749
2018-06-02,21:45,62.3,62.2,47.9,59.3,0.02,N@3.4,4.9,72.6,0.0,0,"Chucker, Benton County",300068,Chucker,2018-09-17 10:58:37.529749
2018-06-02,22:00,62.3,62.1,47.7,58.5,0.01,N@3.0,3.9,72.6,0.0,0,"Chucker, Benton County",300068,Chucker,2018-09-17 10:58:37.529749
2018-06-02,22:15,63.0,62.7,46.8,55.5,0.01,N@3.2,4.2,72.7,0.0,0,"Chucker, Benton County",300068,Chucker,2018-09-17 10:58:37.529749
2018-06-02,22:30,64.0,64.0,46.7,53.2,0.01,N@3.7,5.3,72.8,0.0,0,"Chucker, Benton County",300068,Chucker,2018-09-17 10:58:37.529749
2018-06-02,22:45,62.6,62.6,48.5,60.0,0.02,NE@2.3,4.9,72.8,0.0,0,"Chucker, Benton County",300068,Chucker,2018-09-17 10:58:37.529749
2018-06-02,23:00,62.8,63.0,47.6,57.4,0.02,N@1.8,3.9,72.9,0.0,0,"Chucker, Benton County",300068,Chucker,2018-09-17 10:58:37.529749
2018-06-02,23:15,64.8,64.9,47.1,52.6,0.01,NE@3.5,4.6,72.9,0.0,0,"Chucker, Benton County",300068,Chucker,2018-09-17 10:58:37.529749
2018-06-02,23:30,63.9,63.9,47.7,55.5,0.02,N@3.6,4.6,72.9,0.0,0,"Chucker, Benton County",300068,Chucker,2018-09-17 10:58:37.529749
2018-06-02,23:45,65.1,64.9,46.9,51.7,0.01,NE@3.5,4.6,72.9,0.0,0,"Chucker, Benton County",300068,Chucker,2018-09-17 10:58:37.529749
2018-06-02,24:00,63.1,63.1,46.5,54.5,0.01,N@2.0,3.5,72.9,0.0,0,"Chucker, Benton County",300068,Chucker,2018-09-17 10:58:37.529749
