Date,Time PST,Air Temp °F, 2<sup>nd</sup> Air Temp °F, Dew Point °F, Rel Hum %, Leaf Wet u., Wind Dir @ Speed mph, Wind Gust mph, 8 in. Soil Tmp °F, Tot Prec in, Solar Rad W/m²,Location,Station ID,Station Name,Download Timestamp
2017-08-30,00:15,61.9,61.5,59.2,90.7,0.03,SE@0.0,1.4,69.4,0.0,0,"Ten Mile, Whatcom County",330025,Ten Mile,2017-12-05 23:44:44.183082
2017-08-30,00:30,61.7,61.2,59.1,91.3,0.03,S@0.2,2.4,69.4,0.0,0,"Ten Mile, Whatcom County",330025,Ten Mile,2017-12-05 23:44:44.183082
2017-08-30,00:45,61.2,60.8,58.9,92.1,0.05,N@0.0,0.0,69.4,0.0,0,"Ten Mile, Whatcom County",330025,Ten Mile,2017-12-05 23:44:44.183082
2017-08-30,01:00,61.9,61.5,59.3,91.0,0.03,S@0.1,1.4,69.3,0.0,0,"Ten Mile, Whatcom County",330025,Ten Mile,2017-12-05 23:44:44.183082
2017-08-30,01:15,61.6,61.3,59.2,91.6,0.03,S@0.5,3.1,69.3,0.0,0,"Ten Mile, Whatcom County",330025,Ten Mile,2017-12-05 23:44:44.183082
2017-08-30,01:30,61.0,60.7,59.1,93.4,0.05,N@0.0,0.0,69.2,0.0,0,"Ten Mile, Whatcom County",330025,Ten Mile,2017-12-05 23:44:44.183082
2017-08-30,01:45,61.6,61.3,59.3,92.1,0.03,S@0.7,2.4,69.2,0.0,0,"Ten Mile, Whatcom County",330025,Ten Mile,2017-12-05 23:44:44.183082
2017-08-30,02:00,61.7,61.5,59.4,92.0,0.02,S@0.9,3.5,69.2,0.0,0,"Ten Mile, Whatcom County",330025,Ten Mile,2017-12-05 23:44:44.183082
2017-08-30,02:15,61.3,61.0,59.3,93.3,0.03,S@0.8,3.5,69.1,0.0,0,"Ten Mile, Whatcom County",330025,Ten Mile,2017-12-05 23:44:44.183082
2017-08-30,02:30,60.8,60.6,59.3,94.6,0.04,S@0.1,2.1,69.1,0.0,0,"Ten Mile, Whatcom County",330025,Ten Mile,2017-12-05 23:44:44.183082
2017-08-30,02:45,60.1,59.9,59.2,96.7,0.09,S@0.2,2.8,69.0,0.0,0,"Ten Mile, Whatcom County",330025,Ten Mile,2017-12-05 23:44:44.183082
2017-08-30,03:00,60.1,59.8,59.5,97.5,0.1,S@0.6,3.1,69.0,0.0,0,"Ten Mile, Whatcom County",330025,Ten Mile,2017-12-05 23:44:44.183082
2017-08-30,03:15,59.8,59.5,59.4,98.5,0.12,S@0.1,2.1,68.9,0.0,0,"Ten Mile, Whatcom County",330025,Ten Mile,2017-12-05 23:44:44.183082
2017-08-30,03:30,59.2,58.9,59.1,99.3,0.25,S@0.1,2.4,68.9,0.0,0,"Ten Mile, Whatcom County",330025,Ten Mile,2017-12-05 23:44:44.183082
2017-08-30,03:45,58.2,57.9,58.0,99.3,0.48,N@0.0,0.0,68.8,0.0,0,"Ten Mile, Whatcom County",330025,Ten Mile,2017-12-05 23:44:44.183082
2017-08-30,04:00,57.7,57.3,57.5,99.3,0.71,N@0.0,0.0,68.8,0.0,0,"Ten Mile, Whatcom County",330025,Ten Mile,2017-12-05 23:44:44.183082
2017-08-30,04:15,57.7,57.4,57.5,99.3,0.83,S@0.0,2.1,68.7,0.0,0,"Ten Mile, Whatcom County",330025,Ten Mile,2017-12-05 23:44:44.183082
2017-08-30,04:30,57.8,57.4,57.6,99.3,0.87,N@0.0,0.0,68.7,0.0,0,"Ten Mile, Whatcom County",330025,Ten Mile,2017-12-05 23:44:44.183082
2017-08-30,04:45,57.2,56.8,57.0,99.3,0.89,N@0.0,0.0,68.6,0.0,0,"Ten Mile, Whatcom County",330025,Ten Mile,2017-12-05 23:44:44.183082
2017-08-30,05:00,57.8,57.5,57.6,99.3,0.89,N@0.0,0.0,68.6,0.0,0,"Ten Mile, Whatcom County",330025,Ten Mile,2017-12-05 23:44:44.183082
2017-08-30,05:15,59.4,59.0,59.2,99.3,0.86,S@0.2,2.4,68.5,0.0,0,"Ten Mile, Whatcom County",330025,Ten Mile,2017-12-05 23:44:44.183082
2017-08-30,05:30,60.4,60.2,60.3,99.3,0.65,S@0.3,2.8,68.5,0.0,3,"Ten Mile, Whatcom County",330025,Ten Mile,2017-12-05 23:44:44.183082
2017-08-30,05:45,60.8,60.6,60.6,99.3,0.12,S@0.0,1.7,68.4,0.0,8,"Ten Mile, Whatcom County",330025,Ten Mile,2017-12-05 23:44:44.183082
2017-08-30,06:00,61.0,60.8,60.8,99.1,0.02,S@0.0,1.4,68.4,0.0,17,"Ten Mile, Whatcom County",330025,Ten Mile,2017-12-05 23:44:44.183082
2017-08-30,06:15,61.3,61.0,60.7,98.0,0.01,N@0.0,0.0,68.3,0.0,32,"Ten Mile, Whatcom County",330025,Ten Mile,2017-12-05 23:44:44.183082
2017-08-30,06:30,61.5,61.4,60.3,95.5,0.01,S@0.5,2.8,68.2,0.0,28,"Ten Mile, Whatcom County",330025,Ten Mile,2017-12-05 23:44:44.183082
2017-08-30,06:45,62.0,61.8,60.0,93.1,0.01,S@0.8,4.2,68.2,0.0,91,"Ten Mile, Whatcom County",330025,Ten Mile,2017-12-05 23:44:44.183082
2017-08-30,07:00,62.5,62.4,60.2,92.0,0.0,S@0.6,4.6,68.1,0.0,75,"Ten Mile, Whatcom County",330025,Ten Mile,2017-12-05 23:44:44.183082
2017-08-30,07:15,62.8,62.6,60.0,90.6,0.0,S@0.3,2.4,68.1,0.0,77,"Ten Mile, Whatcom County",330025,Ten Mile,2017-12-05 23:44:44.183082
2017-08-30,07:30,62.9,62.7,60.1,90.7,0.0,S@0.1,2.4,68.0,0.0,79,"Ten Mile, Whatcom County",330025,Ten Mile,2017-12-05 23:44:44.183082
2017-08-30,07:45,63.1,62.9,60.1,89.9,0.0,S@0.0,1.4,68.0,0.0,68,"Ten Mile, Whatcom County",330025,Ten Mile,2017-12-05 23:44:44.183082
2017-08-30,08:00,63.3,63.2,60.2,89.7,0.0,S@0.0,1.4,67.9,0.0,99,"Ten Mile, Whatcom County",330025,Ten Mile,2017-12-05 23:44:44.183082
2017-08-30,08:15,63.4,63.3,60.2,89.3,0.0,S@0.1,2.8,67.9,0.0,115,"Ten Mile, Whatcom County",330025,Ten Mile,2017-12-05 23:44:44.183082
2017-08-30,08:30,63.6,63.4,60.3,89.0,0.0,S@0.7,2.8,67.8,0.0,140,"Ten Mile, Whatcom County",330025,Ten Mile,2017-12-05 23:44:44.183082
2017-08-30,08:45,63.8,63.7,60.4,88.6,0.0,S@1.1,3.1,67.8,0.0,162,"Ten Mile, Whatcom County",330025,Ten Mile,2017-12-05 23:44:44.183082
2017-08-30,09:00,64.2,64.0,60.3,87.2,0.0,S@1.3,3.5,67.7,0.0,154,"Ten Mile, Whatcom County",330025,Ten Mile,2017-12-05 23:44:44.183082
2017-08-30,09:15,64.1,63.9,60.3,87.6,0.0,S@1.6,3.1,67.7,0.0,160,"Ten Mile, Whatcom County",330025,Ten Mile,2017-12-05 23:44:44.183082
2017-08-30,09:30,64.3,64.2,60.5,87.2,0.0,S@1.4,3.9,67.6,0.0,124,"Ten Mile, Whatcom County",330025,Ten Mile,2017-12-05 23:44:44.183082
2017-08-30,09:45,64.4,64.2,60.3,86.3,0.0,S@1.5,3.5,67.6,0.0,118,"Ten Mile, Whatcom County",330025,Ten Mile,2017-12-05 23:44:44.183082
2017-08-30,10:00,64.5,64.3,60.2,85.9,0.0,S@2.0,4.2,67.6,0.0,123,"Ten Mile, Whatcom County",330025,Ten Mile,2017-12-05 23:44:44.183082
2017-08-30,10:15,64.7,64.5,60.3,85.6,0.0,S@2.2,3.9,67.5,0.0,126,"Ten Mile, Whatcom County",330025,Ten Mile,2017-12-05 23:44:44.183082
2017-08-30,10:30,65.5,65.3,60.7,84.5,0.0,S@1.8,3.9,67.5,0.0,167,"Ten Mile, Whatcom County",330025,Ten Mile,2017-12-05 23:44:44.183082
2017-08-30,10:45,66.3,66.2,61.2,83.5,0.0,S@0.6,2.4,67.5,0.0,244,"Ten Mile, Whatcom County",330025,Ten Mile,2017-12-05 23:44:44.183082
2017-08-30,11:00,66.6,66.4,61.0,82.1,0.0,S@1.4,3.5,67.5,0.0,291,"Ten Mile, Whatcom County",330025,Ten Mile,2017-12-05 23:44:44.183082
2017-08-30,11:15,66.1,65.9,60.9,83.0,0.0,S@1.8,3.5,67.4,0.0,327,"Ten Mile, Whatcom County",330025,Ten Mile,2017-12-05 23:44:44.183082
2017-08-30,11:30,67.2,67.0,61.2,81.1,0.0,S@1.7,3.5,67.4,0.0,297,"Ten Mile, Whatcom County",330025,Ten Mile,2017-12-05 23:44:44.183082
2017-08-30,11:45,68.9,68.7,61.1,75.9,0.0,S@2.3,3.9,67.4,0.0,353,"Ten Mile, Whatcom County",330025,Ten Mile,2017-12-05 23:44:44.183082
2017-08-30,12:00,69.4,69.1,60.5,73.3,0.0,SW@2.6,4.2,67.4,0.0,725,"Ten Mile, Whatcom County",330025,Ten Mile,2017-12-05 23:44:44.183082
2017-08-30,12:15,71.8,71.7,60.8,68.3,0.0,S@1.9,4.2,67.4,0.0,717,"Ten Mile, Whatcom County",330025,Ten Mile,2017-12-05 23:44:44.183082
2017-08-30,12:30,71.7,71.5,60.6,68.1,0.0,S@2.2,4.6,67.4,0.0,690,"Ten Mile, Whatcom County",330025,Ten Mile,2017-12-05 23:44:44.183082
2017-08-30,12:45,72.2,71.9,60.4,66.4,0.0,S@2.5,4.9,67.4,0.0,601,"Ten Mile, Whatcom County",330025,Ten Mile,2017-12-05 23:44:44.183082
2017-08-30,13:00,72.4,72.2,60.3,65.7,0.0,SW@2.4,3.9,67.4,0.0,758,"Ten Mile, Whatcom County",330025,Ten Mile,2017-12-05 23:44:44.183082
2017-08-30,13:15,72.8,72.6,60.2,64.5,0.0,S@2.6,4.9,67.4,0.0,544,"Ten Mile, Whatcom County",330025,Ten Mile,2017-12-05 23:44:44.183082
2017-08-30,13:30,72.6,72.4,60.1,64.8,0.0,S@2.3,3.9,67.4,0.0,703,"Ten Mile, Whatcom County",330025,Ten Mile,2017-12-05 23:44:44.183082
2017-08-30,13:45,73.1,72.8,59.5,62.5,0.26,S@2.9,4.6,67.4,0.0,630,"Ten Mile, Whatcom County",330025,Ten Mile,2017-12-05 23:44:44.183082
2017-08-30,14:00,73.4,73.1,59.4,61.5,0.08,SW@2.9,6.0,67.4,0.0,478,"Ten Mile, Whatcom County",330025,Ten Mile,2017-12-05 23:44:44.183082
2017-08-30,14:15,72.2,71.9,59.2,63.6,0.01,S@3.1,5.3,67.5,0.0,479,"Ten Mile, Whatcom County",330025,Ten Mile,2017-12-05 23:44:44.183082
2017-08-30,14:30,72.6,72.3,59.5,63.4,0.01,S@3.1,4.9,67.5,0.0,557,"Ten Mile, Whatcom County",330025,Ten Mile,2017-12-05 23:44:44.183082
2017-08-30,14:45,73.5,73.3,59.4,61.1,0.01,S@2.7,4.6,67.6,0.0,551,"Ten Mile, Whatcom County",330025,Ten Mile,2017-12-05 23:44:44.183082
2017-08-30,15:00,73.3,73.1,59.1,61.2,0.01,S@3.0,4.9,67.6,0.0,498,"Ten Mile, Whatcom County",330025,Ten Mile,2017-12-05 23:44:44.183082
2017-08-30,15:15,74.2,74.0,58.9,58.8,0.0,S@2.9,5.7,67.7,0.0,334,"Ten Mile, Whatcom County",330025,Ten Mile,2017-12-05 23:44:44.183082
2017-08-30,15:30,74.0,73.8,58.5,58.4,0.0,S@3.0,4.9,67.8,0.0,475,"Ten Mile, Whatcom County",330025,Ten Mile,2017-12-05 23:44:44.183082
2017-08-30,15:45,71.4,71.3,57.7,61.8,0.01,S@3.0,4.6,67.9,0.0,496,"Ten Mile, Whatcom County",330025,Ten Mile,2017-12-05 23:44:44.183082
2017-08-30,16:00,70.8,70.7,57.6,62.9,0.01,S@3.0,4.2,67.9,0.0,293,"Ten Mile, Whatcom County",330025,Ten Mile,2017-12-05 23:44:44.183082
2017-08-30,16:15,70.4,70.3,57.9,64.6,0.01,S@2.2,3.5,68.0,0.0,168,"Ten Mile, Whatcom County",330025,Ten Mile,2017-12-05 23:44:44.183082
2017-08-30,16:30,70.8,70.7,58.3,64.7,0.01,S@2.2,3.1,68.1,0.0,145,"Ten Mile, Whatcom County",330025,Ten Mile,2017-12-05 23:44:44.183082
2017-08-30,16:45,71.2,71.0,58.2,63.5,0.01,S@2.5,3.5,68.2,0.0,182,"Ten Mile, Whatcom County",330025,Ten Mile,2017-12-05 23:44:44.183082
2017-08-30,17:00,70.5,70.5,58.2,65.0,0.02,S@2.4,3.5,68.3,0.0,346,"Ten Mile, Whatcom County",330025,Ten Mile,2017-12-05 23:44:44.183082
2017-08-30,17:15,70.4,70.4,58.3,65.4,0.02,S@2.2,3.5,68.4,0.0,219,"Ten Mile, Whatcom County",330025,Ten Mile,2017-12-05 23:44:44.183082
2017-08-30,17:30,69.3,69.3,58.2,67.7,0.03,S@2.5,3.9,68.4,0.0,203,"Ten Mile, Whatcom County",330025,Ten Mile,2017-12-05 23:44:44.183082
2017-08-30,17:45,68.8,68.8,58.3,69.1,0.03,S@1.5,3.1,68.5,0.0,92,"Ten Mile, Whatcom County",330025,Ten Mile,2017-12-05 23:44:44.183082
2017-08-30,18:00,67.9,67.9,58.2,70.9,0.05,S@1.9,3.1,68.6,0.0,30,"Ten Mile, Whatcom County",330025,Ten Mile,2017-12-05 23:44:44.183082
2017-08-30,18:15,68.0,67.9,58.5,71.5,0.04,S@1.6,2.8,68.6,0.0,27,"Ten Mile, Whatcom County",330025,Ten Mile,2017-12-05 23:44:44.183082
2017-08-30,18:30,67.9,67.9,58.6,72.1,0.04,S@1.1,2.8,68.7,0.0,41,"Ten Mile, Whatcom County",330025,Ten Mile,2017-12-05 23:44:44.183082
2017-08-30,18:45,67.4,67.3,58.9,74.1,0.07,S@0.2,2.1,68.8,0.0,14,"Ten Mile, Whatcom County",330025,Ten Mile,2017-12-05 23:44:44.183082
2017-08-30,19:00,66.9,66.7,58.9,75.6,0.11,SW@0.2,2.1,68.8,0.0,6,"Ten Mile, Whatcom County",330025,Ten Mile,2017-12-05 23:44:44.183082
2017-08-30,19:15,66.1,66.0,59.2,78.5,0.15,N@0.0,0.0,68.9,0.0,1,"Ten Mile, Whatcom County",330025,Ten Mile,2017-12-05 23:44:44.183082
2017-08-30,19:30,65.3,65.2,59.5,81.5,0.23,N@0.0,0.0,68.9,0.0,0,"Ten Mile, Whatcom County",330025,Ten Mile,2017-12-05 23:44:44.183082
2017-08-30,19:45,65.3,65.0,59.6,81.8,0.18,W@0.5,2.4,69.0,0.0,0,"Ten Mile, Whatcom County",330025,Ten Mile,2017-12-05 23:44:44.183082
2017-08-30,20:00,65.5,65.2,59.9,82.1,0.19,N@0.0,0.0,69.0,0.0,0,"Ten Mile, Whatcom County",330025,Ten Mile,2017-12-05 23:44:44.183082
2017-08-30,20:15,65.1,64.7,60.4,84.8,0.26,N@0.0,0.0,69.0,0.0,0,"Ten Mile, Whatcom County",330025,Ten Mile,2017-12-05 23:44:44.183082
2017-08-30,20:30,64.5,64.2,60.7,87.5,0.38,N@0.0,0.0,69.0,0.0,0,"Ten Mile, Whatcom County",330025,Ten Mile,2017-12-05 23:44:44.183082
2017-08-30,20:45,63.7,63.4,60.8,90.2,0.54,N@0.0,0.0,69.1,0.0,0,"Ten Mile, Whatcom County",330025,Ten Mile,2017-12-05 23:44:44.183082
2017-08-30,21:00,63.6,63.4,61.3,92.2,0.61,N@0.0,0.0,69.1,0.0,0,"Ten Mile, Whatcom County",330025,Ten Mile,2017-12-05 23:44:44.183082
2017-08-30,21:15,63.5,63.2,61.5,93.0,0.68,N@0.0,0.0,69.1,0.0,0,"Ten Mile, Whatcom County",330025,Ten Mile,2017-12-05 23:44:44.183082
2017-08-30,21:30,63.1,62.8,61.4,94.1,0.7,N@0.0,0.0,69.1,0.0,0,"Ten Mile, Whatcom County",330025,Ten Mile,2017-12-05 23:44:44.183082
2017-08-30,21:45,62.6,62.2,61.3,95.6,0.76,N@0.0,0.0,69.1,0.0,0,"Ten Mile, Whatcom County",330025,Ten Mile,2017-12-05 23:44:44.183082
2017-08-30,22:00,61.5,61.1,60.9,98.0,0.82,N@0.0,0.0,69.1,0.0,0,"Ten Mile, Whatcom County",330025,Ten Mile,2017-12-05 23:44:44.183082
2017-08-30,22:15,60.5,60.2,59.9,97.7,0.85,N@0.0,0.0,69.1,0.0,0,"Ten Mile, Whatcom County",330025,Ten Mile,2017-12-05 23:44:44.183082
2017-08-30,22:30,59.0,58.7,58.7,99.1,0.87,N@0.0,0.0,69.1,0.0,0,"Ten Mile, Whatcom County",330025,Ten Mile,2017-12-05 23:44:44.183082
2017-08-30,22:45,58.8,58.5,58.6,99.3,0.9,N@0.0,0.0,69.1,0.0,0,"Ten Mile, Whatcom County",330025,Ten Mile,2017-12-05 23:44:44.183082
2017-08-30,23:00,58.4,58.1,58.2,99.3,0.92,N@0.0,0.0,69.1,0.0,0,"Ten Mile, Whatcom County",330025,Ten Mile,2017-12-05 23:44:44.183082
2017-08-31,23:15,56.7,56.4,56.5,99.3,0.94,N@0.0,0.0,69.1,0.0,0,"Ten Mile, Whatcom County",330025,Ten Mile,2017-12-05 23:44:44.183082
2017-08-31,23:30,56.6,56.4,56.5,99.3,0.94,N@0.0,0.0,69.1,0.0,0,"Ten Mile, Whatcom County",330025,Ten Mile,2017-12-05 23:44:44.183082
2017-08-31,23:45,57.0,56.8,56.9,99.4,0.96,N@0.0,0.0,69.1,0.0,0,"Ten Mile, Whatcom County",330025,Ten Mile,2017-12-05 23:44:44.183082
2017-08-31,24:00,56.4,56.1,56.3,99.4,1.0,N@0.0,0.0,69.1,0.0,0,"Ten Mile, Whatcom County",330025,Ten Mile,2017-12-05 23:44:44.183082
2017-08-31,00:15,56.3,56.1,56.2,99.4,1.0,SW@0.0,1.4,69.0,0.0,0,"Ten Mile, Whatcom County",330025,Ten Mile,2017-12-05 23:44:44.183082
2017-08-31,00:30,55.5,55.3,55.4,99.4,1.0,E@0.2,2.1,69.0,0.0,0,"Ten Mile, Whatcom County",330025,Ten Mile,2017-12-05 23:44:44.183082
2017-08-31,00:45,55.5,55.3,55.4,99.4,1.0,E@0.1,1.7,69.0,0.0,0,"Ten Mile, Whatcom County",330025,Ten Mile,2017-12-05 23:44:44.183082
2017-08-31,01:00,56.7,56.4,56.6,99.4,1.0,N@0.0,0.0,69.0,0.0,0,"Ten Mile, Whatcom County",330025,Ten Mile,2017-12-05 23:44:44.183082
2017-08-31,01:15,57.3,57.0,57.2,99.4,1.0,N@0.0,0.0,68.9,0.0,0,"Ten Mile, Whatcom County",330025,Ten Mile,2017-12-05 23:44:44.183082
2017-08-31,01:30,57.5,57.2,57.4,99.4,1.0,N@0.0,0.0,68.9,0.0,0,"Ten Mile, Whatcom County",330025,Ten Mile,2017-12-05 23:44:44.183082
2017-08-31,01:45,57.5,57.2,57.3,99.4,1.0,N@0.0,0.0,68.9,0.0,0,"Ten Mile, Whatcom County",330025,Ten Mile,2017-12-05 23:44:44.183082
2017-08-31,02:00,57.5,57.2,57.4,99.4,1.0,N@0.0,0.0,68.8,0.0,0,"Ten Mile, Whatcom County",330025,Ten Mile,2017-12-05 23:44:44.183082
2017-08-31,02:15,57.2,56.8,57.0,99.4,1.0,N@0.0,0.0,68.8,0.0,0,"Ten Mile, Whatcom County",330025,Ten Mile,2017-12-05 23:44:44.183082
2017-08-31,02:30,57.7,57.4,57.6,99.4,1.0,N@0.0,0.0,68.7,0.0,0,"Ten Mile, Whatcom County",330025,Ten Mile,2017-12-05 23:44:44.183082
2017-08-31,02:45,57.4,57.1,57.2,99.4,1.0,NE@0.0,1.4,68.7,0.0,0,"Ten Mile, Whatcom County",330025,Ten Mile,2017-12-05 23:44:44.183082
2017-08-31,03:00,57.2,56.9,57.1,99.4,1.0,N@0.0,0.0,68.6,0.0,0,"Ten Mile, Whatcom County",330025,Ten Mile,2017-12-05 23:44:44.183082
2017-08-31,03:15,57.3,57.0,57.1,99.4,1.0,N@0.0,0.0,68.6,0.0,0,"Ten Mile, Whatcom County",330025,Ten Mile,2017-12-05 23:44:44.183082
2017-08-31,03:30,57.3,57.0,57.1,99.4,1.0,N@0.0,0.0,68.6,0.0,0,"Ten Mile, Whatcom County",330025,Ten Mile,2017-12-05 23:44:44.183082
2017-08-31,03:45,57.0,56.8,56.9,99.4,1.0,N@0.0,0.0,68.5,0.0,0,"Ten Mile, Whatcom County",330025,Ten Mile,2017-12-05 23:44:44.183082
2017-08-31,04:00,56.8,56.5,56.6,99.4,1.0,N@0.0,0.0,68.5,0.0,0,"Ten Mile, Whatcom County",330025,Ten Mile,2017-12-05 23:44:44.183082
2017-08-31,04:15,57.5,57.3,57.4,99.4,1.0,N@0.0,0.0,68.4,0.0,0,"Ten Mile, Whatcom County",330025,Ten Mile,2017-12-05 23:44:44.183082
2017-08-31,04:30,56.9,56.7,56.8,99.4,1.0,N@0.0,0.0,68.4,0.0,0,"Ten Mile, Whatcom County",330025,Ten Mile,2017-12-05 23:44:44.183082
2017-08-31,04:45,55.2,55.0,55.0,99.4,1.0,N@0.0,0.0,68.3,0.0,0,"Ten Mile, Whatcom County",330025,Ten Mile,2017-12-05 23:44:44.183082
2017-08-31,05:00,55.2,54.9,55.0,99.4,1.0,N@0.0,0.0,68.3,0.0,0,"Ten Mile, Whatcom County",330025,Ten Mile,2017-12-05 23:44:44.183082
2017-08-31,05:15,55.8,55.5,55.6,99.4,1.0,N@0.0,0.0,68.2,0.0,0,"Ten Mile, Whatcom County",330025,Ten Mile,2017-12-05 23:44:44.183082
2017-08-31,05:30,59.6,59.4,59.5,99.4,1.0,S@0.0,1.4,68.2,0.0,1,"Ten Mile, Whatcom County",330025,Ten Mile,2017-12-05 23:44:44.183082
2017-08-31,05:45,60.1,59.8,59.9,99.4,1.0,N@0.0,0.0,68.2,0.0,7,"Ten Mile, Whatcom County",330025,Ten Mile,2017-12-05 23:44:44.183082
2017-08-31,06:00,60.2,60.0,60.0,99.4,1.0,N@0.0,0.0,68.1,0.0,23,"Ten Mile, Whatcom County",330025,Ten Mile,2017-12-05 23:44:44.183082
2017-08-31,06:15,60.3,60.1,60.1,99.4,1.0,S@0.0,1.4,68.1,0.0,36,"Ten Mile, Whatcom County",330025,Ten Mile,2017-12-05 23:44:44.183082
2017-08-31,06:30,60.3,60.1,60.2,99.3,1.0,N@0.0,0.0,68.0,0.0,102,"Ten Mile, Whatcom County",330025,Ten Mile,2017-12-05 23:44:44.183082
2017-08-31,06:45,61.4,61.1,61.2,99.3,1.0,S@0.2,2.4,68.0,0.0,102,"Ten Mile, Whatcom County",330025,Ten Mile,2017-12-05 23:44:44.183082
2017-08-31,07:00,61.7,61.5,61.5,99.3,1.0,S@0.1,2.4,67.9,0.0,164,"Ten Mile, Whatcom County",330025,Ten Mile,2017-12-05 23:44:44.183082
2017-08-31,07:15,63.0,62.9,62.8,99.3,1.0,S@0.1,2.1,67.9,0.0,218,"Ten Mile, Whatcom County",330025,Ten Mile,2017-12-05 23:44:44.183082
2017-08-31,07:30,63.3,63.2,63.0,99.0,0.84,S@0.2,2.8,67.9,0.0,153,"Ten Mile, Whatcom County",330025,Ten Mile,2017-12-05 23:44:44.183082
2017-08-31,07:45,63.1,63.0,62.9,99.0,0.11,S@0.4,2.8,67.8,0.0,191,"Ten Mile, Whatcom County",330025,Ten Mile,2017-12-05 23:44:44.183082
2017-08-31,08:00,64.3,64.1,63.4,96.9,0.01,S@0.3,2.8,67.7,0.0,330,"Ten Mile, Whatcom County",330025,Ten Mile,2017-12-05 23:44:44.183082
2017-08-31,08:15,64.8,64.5,63.2,94.7,0.0,S@1.9,3.5,67.7,0.0,399,"Ten Mile, Whatcom County",330025,Ten Mile,2017-12-05 23:44:44.183082
2017-08-31,08:30,64.9,64.7,63.2,94.0,0.0,S@1.7,3.5,67.6,0.0,220,"Ten Mile, Whatcom County",330025,Ten Mile,2017-12-05 23:44:44.183082
2017-08-31,08:45,65.1,64.9,63.4,94.3,0.0,S@0.6,4.9,67.6,0.0,134,"Ten Mile, Whatcom County",330025,Ten Mile,2017-12-05 23:44:44.183082
2017-08-31,09:00,65.1,64.9,63.4,94.2,0.0,S@1.0,3.5,67.5,0.0,160,"Ten Mile, Whatcom County",330025,Ten Mile,2017-12-05 23:44:44.183082
2017-08-31,09:15,64.6,64.4,63.3,95.6,0.0,S@0.7,3.1,67.5,0.0,221,"Ten Mile, Whatcom County",330025,Ten Mile,2017-12-05 23:44:44.183082
2017-08-31,09:30,64.7,64.5,63.4,95.4,0.0,S@0.6,3.9,67.5,0.0,240,"Ten Mile, Whatcom County",330025,Ten Mile,2017-12-05 23:44:44.183082
2017-08-31,09:45,65.7,65.6,63.8,93.6,0.0,N@0.0,0.0,67.4,0.0,258,"Ten Mile, Whatcom County",330025,Ten Mile,2017-12-05 23:44:44.183082
2017-08-31,10:00,66.4,66.4,63.9,91.4,0.0,S@0.0,1.4,67.4,0.0,342,"Ten Mile, Whatcom County",330025,Ten Mile,2017-12-05 23:44:44.183082
2017-08-31,10:15,67.9,67.9,64.0,87.2,0.0,S@0.2,2.4,67.4,0.0,357,"Ten Mile, Whatcom County",330025,Ten Mile,2017-12-05 23:44:44.183082
2017-08-31,10:30,68.3,68.5,63.9,85.6,0.0,S@0.7,2.4,67.4,0.0,703,"Ten Mile, Whatcom County",330025,Ten Mile,2017-12-05 23:44:44.183082
2017-08-31,10:45,70.1,70.0,63.9,80.7,0.0,S@1.8,4.2,67.4,0.0,421,"Ten Mile, Whatcom County",330025,Ten Mile,2017-12-05 23:44:44.183082
2017-08-31,11:00,70.7,70.7,63.3,77.3,0.0,SW@1.2,3.1,67.3,0.0,361,"Ten Mile, Whatcom County",330025,Ten Mile,2017-12-05 23:44:44.183082
2017-08-31,11:15,71.7,71.6,63.3,74.7,0.0,S@1.6,3.1,67.3,0.0,492,"Ten Mile, Whatcom County",330025,Ten Mile,2017-12-05 23:44:44.183082
2017-08-31,11:30,72.3,72.2,62.7,71.8,0.0,W@2.5,7.4,67.3,0.0,514,"Ten Mile, Whatcom County",330025,Ten Mile,2017-12-05 23:44:44.183082
2017-08-31,11:45,72.8,72.6,62.4,69.8,0.0,W@2.7,7.8,67.3,0.0,620,"Ten Mile, Whatcom County",330025,Ten Mile,2017-12-05 23:44:44.183082
2017-08-31,12:00,73.7,73.5,62.4,67.8,0.0,SW@2.1,4.2,67.3,0.0,756,"Ten Mile, Whatcom County",330025,Ten Mile,2017-12-05 23:44:44.183082
2017-08-31,12:15,74.2,74.1,61.7,64.9,0.0,SW@2.9,6.7,67.3,0.0,646,"Ten Mile, Whatcom County",330025,Ten Mile,2017-12-05 23:44:44.183082
2017-08-31,12:30,75.0,74.9,60.7,60.9,0.0,SW@2.8,7.1,67.3,0.0,868,"Ten Mile, Whatcom County",330025,Ten Mile,2017-12-05 23:44:44.183082
2017-08-31,12:45,75.7,75.6,60.1,58.3,0.0,SW@2.5,8.5,67.4,0.0,427,"Ten Mile, Whatcom County",330025,Ten Mile,2017-12-05 23:44:44.183082
2017-08-31,13:00,75.3,74.9,58.1,55.1,0.0,W@4.5,10.3,67.4,0.0,405,"Ten Mile, Whatcom County",330025,Ten Mile,2017-12-05 23:44:44.183082
2017-08-31,13:15,75.6,75.4,59.0,56.3,0.0,SW@3.0,9.2,67.4,0.0,768,"Ten Mile, Whatcom County",330025,Ten Mile,2017-12-05 23:44:44.183082
2017-08-31,13:30,76.2,75.9,58.2,53.6,0.0,SW@2.5,5.3,67.5,0.0,727,"Ten Mile, Whatcom County",330025,Ten Mile,2017-12-05 23:44:44.183082
2017-08-31,13:45,76.3,76.1,57.5,52.3,0.0,S@2.4,4.2,67.5,0.0,698,"Ten Mile, Whatcom County",330025,Ten Mile,2017-12-05 23:44:44.183082
2017-08-31,14:00,77.4,77.2,57.6,50.5,0.0,SW@2.4,7.8,67.6,0.0,632,"Ten Mile, Whatcom County",330025,Ten Mile,2017-12-05 23:44:44.183082
2017-08-31,14:15,77.1,76.9,57.0,49.9,0.0,SW@2.9,8.5,67.7,0.0,651,"Ten Mile, Whatcom County",330025,Ten Mile,2017-12-05 23:44:44.183082
2017-08-31,14:30,76.9,76.5,56.0,48.6,0.0,W@4.1,9.2,67.7,0.0,626,"Ten Mile, Whatcom County",330025,Ten Mile,2017-12-05 23:44:44.183082
2017-08-31,14:45,76.3,76.0,55.6,48.6,0.0,W@4.5,9.2,67.8,0.0,605,"Ten Mile, Whatcom County",330025,Ten Mile,2017-12-05 23:44:44.183082
2017-08-31,15:00,76.8,76.4,55.9,48.4,0.0,W@3.5,7.8,67.9,0.0,577,"Ten Mile, Whatcom County",330025,Ten Mile,2017-12-05 23:44:44.183082
2017-08-31,15:15,77.1,76.8,55.5,47.3,0.0,W@3.5,8.2,68.0,0.0,534,"Ten Mile, Whatcom County",330025,Ten Mile,2017-12-05 23:44:44.183082
2017-08-31,15:30,76.8,76.6,55.9,48.4,0.01,SW@2.3,6.0,68.1,0.0,500,"Ten Mile, Whatcom County",330025,Ten Mile,2017-12-05 23:44:44.183082
2017-08-31,15:45,76.9,76.8,56.3,48.9,0.0,SW@2.4,6.7,68.3,0.0,464,"Ten Mile, Whatcom County",330025,Ten Mile,2017-12-05 23:44:44.183082
2017-08-31,16:00,76.9,76.7,56.9,50.1,0.0,SW@2.2,6.0,68.4,0.0,428,"Ten Mile, Whatcom County",330025,Ten Mile,2017-12-05 23:44:44.183082
2017-08-31,16:15,75.1,75.0,56.7,52.8,0.0,S@2.5,3.9,68.5,0.0,389,"Ten Mile, Whatcom County",330025,Ten Mile,2017-12-05 23:44:44.183082
2017-08-31,16:30,74.9,74.6,56.9,53.4,0.0,S@2.0,3.1,68.6,0.0,351,"Ten Mile, Whatcom County",330025,Ten Mile,2017-12-05 23:44:44.183082
2017-08-31,16:45,73.6,73.3,57.0,55.9,0.0,S@2.4,4.6,68.7,0.0,311,"Ten Mile, Whatcom County",330025,Ten Mile,2017-12-05 23:44:44.183082
2017-08-31,17:00,73.0,72.9,57.3,57.8,0.0,S@2.1,6.0,68.8,0.0,272,"Ten Mile, Whatcom County",330025,Ten Mile,2017-12-05 23:44:44.183082
2017-08-31,17:15,72.6,72.5,56.6,57.2,0.0,SW@1.8,2.8,68.9,0.0,232,"Ten Mile, Whatcom County",330025,Ten Mile,2017-12-05 23:44:44.183082
2017-08-31,17:30,71.8,71.7,56.4,58.3,0.0,S@1.7,2.8,69.0,0.0,193,"Ten Mile, Whatcom County",330025,Ten Mile,2017-12-05 23:44:44.183082
2017-08-31,17:45,71.2,71.2,57.6,62.0,0.0,S@1.7,3.1,69.1,0.0,155,"Ten Mile, Whatcom County",330025,Ten Mile,2017-12-05 23:44:44.183082
2017-08-31,18:00,70.4,70.3,58.2,65.2,0.0,S@1.9,3.1,69.2,0.0,120,"Ten Mile, Whatcom County",330025,Ten Mile,2017-12-05 23:44:44.183082
2017-08-31,18:15,69.7,69.7,58.1,66.5,0.0,S@1.2,2.8,69.3,0.0,86,"Ten Mile, Whatcom County",330025,Ten Mile,2017-12-05 23:44:44.183082
2017-08-31,18:30,68.4,68.6,58.3,70.2,0.0,N@0.0,0.0,69.4,0.0,53,"Ten Mile, Whatcom County",330025,Ten Mile,2017-12-05 23:44:44.183082
2017-08-31,18:45,67.3,67.4,58.5,73.4,0.0,N@0.0,0.0,69.4,0.0,13,"Ten Mile, Whatcom County",330025,Ten Mile,2017-12-05 23:44:44.183082
2017-08-31,19:00,65.5,65.5,58.6,78.3,0.01,N@0.0,0.0,69.5,0.0,5,"Ten Mile, Whatcom County",330025,Ten Mile,2017-12-05 23:44:44.183082
2017-08-31,19:15,63.7,63.5,59.1,85.1,0.01,N@0.0,0.0,69.6,0.0,0,"Ten Mile, Whatcom County",330025,Ten Mile,2017-12-05 23:44:44.183082
2017-08-31,19:30,62.5,62.6,59.4,89.5,0.03,N@0.0,0.0,69.6,0.0,0,"Ten Mile, Whatcom County",330025,Ten Mile,2017-12-05 23:44:44.183082
2017-08-31,19:45,61.2,61.1,58.7,91.1,0.08,N@0.0,0.0,69.7,0.0,0,"Ten Mile, Whatcom County",330025,Ten Mile,2017-12-05 23:44:44.183082
2017-08-31,20:00,60.1,59.9,58.2,93.3,0.18,N@0.0,0.0,69.7,0.0,0,"Ten Mile, Whatcom County",330025,Ten Mile,2017-12-05 23:44:44.183082
2017-08-31,20:15,59.1,58.8,57.4,94.1,0.24,N@0.0,0.0,69.7,0.0,0,"Ten Mile, Whatcom County",330025,Ten Mile,2017-12-05 23:44:44.183082
2017-08-31,20:30,58.9,58.7,57.1,93.5,0.2,N@0.0,0.0,69.8,0.0,0,"Ten Mile, Whatcom County",330025,Ten Mile,2017-12-05 23:44:44.183082
2017-08-31,20:45,57.9,57.6,56.7,95.7,0.27,N@0.0,0.0,69.8,0.0,0,"Ten Mile, Whatcom County",330025,Ten Mile,2017-12-05 23:44:44.183082
2017-08-31,21:00,57.6,57.3,56.7,96.7,0.36,N@0.0,0.0,69.8,0.0,0,"Ten Mile, Whatcom County",330025,Ten Mile,2017-12-05 23:44:44.183082
2017-08-31,21:15,57.7,57.4,56.6,96.1,0.42,N@0.0,0.0,69.8,0.0,0,"Ten Mile, Whatcom County",330025,Ten Mile,2017-12-05 23:44:44.183082
2017-08-31,21:30,56.6,56.3,56.1,98.2,0.54,N@0.0,0.0,69.8,0.0,0,"Ten Mile, Whatcom County",330025,Ten Mile,2017-12-05 23:44:44.183082
2017-08-31,21:45,55.5,55.2,55.3,99.2,0.66,N@0.0,0.0,69.8,0.0,0,"Ten Mile, Whatcom County",330025,Ten Mile,2017-12-05 23:44:44.183082
2017-08-31,22:00,54.9,54.5,54.7,99.3,0.76,N@0.0,0.0,69.8,0.0,0,"Ten Mile, Whatcom County",330025,Ten Mile,2017-12-05 23:44:44.183082
2017-08-31,22:15,54.2,53.9,54.0,99.3,0.84,N@0.0,0.0,69.8,0.0,0,"Ten Mile, Whatcom County",330025,Ten Mile,2017-12-05 23:44:44.183082
2017-08-31,22:30,53.2,52.9,53.0,99.3,0.88,N@0.0,0.0,69.8,0.0,0,"Ten Mile, Whatcom County",330025,Ten Mile,2017-12-05 23:44:44.183082
2017-08-31,22:45,53.0,52.7,52.8,99.3,0.91,N@0.0,0.0,69.8,0.0,0,"Ten Mile, Whatcom County",330025,Ten Mile,2017-12-05 23:44:44.183082
2017-08-31,23:00,52.5,52.2,52.3,99.3,0.93,N@0.0,0.0,69.7,0.0,0,"Ten Mile, Whatcom County",330025,Ten Mile,2017-12-05 23:44:44.183082
2017-09-01,23:15,52.4,52.1,52.3,99.4,0.94,N@0.0,0.0,69.7,0.0,0,"Ten Mile, Whatcom County",330025,Ten Mile,2017-12-05 23:44:44.183082
2017-09-01,23:30,51.7,51.3,51.5,99.4,0.97,N@0.0,0.0,69.7,0.0,0,"Ten Mile, Whatcom County",330025,Ten Mile,2017-12-05 23:44:44.183082
2017-09-01,23:45,51.8,51.4,51.6,99.4,1.0,N@0.0,0.0,69.6,0.0,0,"Ten Mile, Whatcom County",330025,Ten Mile,2017-12-05 23:44:44.183082
2017-09-01,24:00,51.4,51.0,51.2,99.4,1.0,N@0.0,0.0,69.6,0.0,0,"Ten Mile, Whatcom County",330025,Ten Mile,2017-12-05 23:44:44.183082
2017-09-01,00:15,50.4,50.1,50.2,99.4,1.0,N@0.0,0.0,69.5,0.0,0,"Ten Mile, Whatcom County",330025,Ten Mile,2017-12-05 23:44:44.183082
2017-09-01,00:30,50.9,50.6,50.7,99.4,1.0,N@0.0,0.0,69.5,0.0,0,"Ten Mile, Whatcom County",330025,Ten Mile,2017-12-05 23:44:44.183082
2017-09-01,00:45,49.9,49.7,49.8,99.4,1.0,N@0.0,0.0,69.4,0.0,0,"Ten Mile, Whatcom County",330025,Ten Mile,2017-12-05 23:44:44.183082
2017-09-01,01:00,50.3,49.9,50.1,99.4,1.0,N@0.0,0.0,69.4,0.0,0,"Ten Mile, Whatcom County",330025,Ten Mile,2017-12-05 23:44:44.183082
2017-09-01,01:15,49.6,49.3,49.4,99.4,1.0,N@0.0,0.0,69.3,0.0,0,"Ten Mile, Whatcom County",330025,Ten Mile,2017-12-05 23:44:44.183082
2017-09-01,01:30,49.2,48.9,49.0,99.4,1.0,N@0.0,0.0,69.3,0.0,0,"Ten Mile, Whatcom County",330025,Ten Mile,2017-12-05 23:44:44.183082
2017-09-01,01:45,48.8,48.5,48.6,99.4,1.0,E@0.2,3.5,69.2,0.0,0,"Ten Mile, Whatcom County",330025,Ten Mile,2017-12-05 23:44:44.183082
2017-09-01,02:00,48.8,48.5,48.6,99.4,1.0,N@0.0,0.0,69.2,0.0,0,"Ten Mile, Whatcom County",330025,Ten Mile,2017-12-05 23:44:44.183082
2017-09-01,02:15,48.7,48.5,48.6,99.4,1.0,N@0.0,0.0,69.1,0.0,0,"Ten Mile, Whatcom County",330025,Ten Mile,2017-12-05 23:44:44.183082
2017-09-01,02:30,48.2,47.9,48.0,99.4,1.0,N@0.0,0.0,69.0,0.0,0,"Ten Mile, Whatcom County",330025,Ten Mile,2017-12-05 23:44:44.183082
2017-09-01,02:45,47.9,47.6,47.8,99.4,1.0,N@0.0,0.0,69.0,0.0,0,"Ten Mile, Whatcom County",330025,Ten Mile,2017-12-05 23:44:44.183082
2017-09-01,03:00,47.9,47.5,47.7,99.4,1.0,N@0.0,0.0,68.9,0.0,0,"Ten Mile, Whatcom County",330025,Ten Mile,2017-12-05 23:44:44.183082
2017-09-01,03:15,47.7,47.4,47.6,99.4,1.0,N@0.0,0.0,68.9,0.0,0,"Ten Mile, Whatcom County",330025,Ten Mile,2017-12-05 23:44:44.183082
2017-09-01,03:30,47.1,46.8,46.9,99.4,1.0,N@0.0,0.0,68.8,0.0,0,"Ten Mile, Whatcom County",330025,Ten Mile,2017-12-05 23:44:44.183082
2017-09-01,03:45,47.5,47.2,47.4,99.4,1.0,N@0.0,0.0,68.7,0.0,0,"Ten Mile, Whatcom County",330025,Ten Mile,2017-12-05 23:44:44.183082
2017-09-01,04:00,46.8,46.4,46.6,99.4,1.0,N@0.0,0.0,68.7,0.0,0,"Ten Mile, Whatcom County",330025,Ten Mile,2017-12-05 23:44:44.183082
2017-09-01,04:15,46.8,46.5,46.6,99.4,1.0,N@0.0,0.0,68.6,0.0,0,"Ten Mile, Whatcom County",330025,Ten Mile,2017-12-05 23:44:44.183082
2017-09-01,04:30,46.0,45.7,45.8,99.4,1.0,N@0.0,0.0,68.5,0.0,0,"Ten Mile, Whatcom County",330025,Ten Mile,2017-12-05 23:44:44.183082
2017-09-01,04:45,46.1,45.9,46.0,99.4,1.0,N@0.0,0.0,68.4,0.0,0,"Ten Mile, Whatcom County",330025,Ten Mile,2017-12-05 23:44:44.183082
2017-09-01,05:00,46.3,46.0,46.2,99.4,1.0,N@0.0,0.0,68.4,0.0,0,"Ten Mile, Whatcom County",330025,Ten Mile,2017-12-05 23:44:44.183082
2017-09-01,05:15,45.8,45.6,45.7,99.4,1.0,N@0.0,0.0,68.3,0.0,0,"Ten Mile, Whatcom County",330025,Ten Mile,2017-12-05 23:44:44.183082
2017-09-01,05:30,46.3,46.1,46.1,99.4,1.0,N@0.0,0.0,68.2,0.0,3,"Ten Mile, Whatcom County",330025,Ten Mile,2017-12-05 23:44:44.183082
2017-09-01,05:45,46.1,45.7,46.0,99.4,1.0,N@0.0,0.0,68.1,0.0,8,"Ten Mile, Whatcom County",330025,Ten Mile,2017-12-05 23:44:44.183082
2017-09-01,06:00,46.9,46.4,46.8,99.4,1.0,N@0.0,0.0,68.1,0.0,13,"Ten Mile, Whatcom County",330025,Ten Mile,2017-12-05 23:44:44.183082
2017-09-01,06:15,48.2,47.8,48.1,99.4,1.0,N@0.0,0.0,68.0,0.0,21,"Ten Mile, Whatcom County",330025,Ten Mile,2017-12-05 23:44:44.183082
2017-09-01,06:30,50.6,50.2,50.5,99.4,1.0,N@0.0,0.0,67.9,0.0,114,"Ten Mile, Whatcom County",330025,Ten Mile,2017-12-05 23:44:44.183082
2017-09-01,06:45,52.4,51.6,52.2,99.4,1.0,N@0.0,0.0,67.8,0.0,149,"Ten Mile, Whatcom County",330025,Ten Mile,2017-12-05 23:44:44.183082
2017-09-01,07:00,54.1,53.8,53.9,99.4,1.0,NE@0.0,1.4,67.8,0.0,183,"Ten Mile, Whatcom County",330025,Ten Mile,2017-12-05 23:44:44.183082
2017-09-01,07:15,55.2,55.1,55.0,99.3,1.0,N@0.0,1.7,67.7,0.0,214,"Ten Mile, Whatcom County",330025,Ten Mile,2017-12-05 23:44:44.183082
2017-09-01,07:30,56.8,56.7,56.6,99.3,1.0,NW@0.2,2.4,67.6,0.0,248,"Ten Mile, Whatcom County",330025,Ten Mile,2017-12-05 23:44:44.183082
2017-09-01,07:45,58.5,58.2,58.2,98.9,1.0,NW@0.6,2.8,67.5,0.0,287,"Ten Mile, Whatcom County",330025,Ten Mile,2017-12-05 23:44:44.183082
2017-09-01,08:00,59.4,59.1,58.6,97.2,1.0,W@0.0,1.4,67.4,0.0,325,"Ten Mile, Whatcom County",330025,Ten Mile,2017-12-05 23:44:44.183082
2017-09-01,08:15,60.4,60.0,58.8,94.5,1.0,NW@0.1,1.7,67.4,0.0,363,"Ten Mile, Whatcom County",330025,Ten Mile,2017-12-05 23:44:44.183082
2017-09-01,08:30,61.8,61.6,58.5,88.7,0.97,N@0.9,3.5,67.3,0.0,399,"Ten Mile, Whatcom County",330025,Ten Mile,2017-12-05 23:44:44.183082
2017-09-01,08:45,62.9,62.8,59.0,87.0,0.8,NE@0.5,3.5,67.3,0.0,434,"Ten Mile, Whatcom County",330025,Ten Mile,2017-12-05 23:44:44.183082
2017-09-01,09:00,63.9,63.7,58.6,82.9,0.08,NW@1.3,4.2,67.2,0.0,470,"Ten Mile, Whatcom County",330025,Ten Mile,2017-12-05 23:44:44.183082
2017-09-01,09:15,65.1,64.9,59.1,80.9,0.01,NW@0.9,3.9,67.1,0.0,503,"Ten Mile, Whatcom County",330025,Ten Mile,2017-12-05 23:44:44.183082
2017-09-01,09:30,66.1,65.9,58.0,75.1,0.0,NE@1.0,3.5,67.0,0.0,534,"Ten Mile, Whatcom County",330025,Ten Mile,2017-12-05 23:44:44.183082
2017-09-01,09:45,67.3,67.2,58.3,72.7,0.0,NE@0.9,4.2,67.0,0.0,563,"Ten Mile, Whatcom County",330025,Ten Mile,2017-12-05 23:44:44.183082
2017-09-01,10:00,68.4,68.4,58.4,70.5,0.0,NE@2.1,4.9,66.9,0.0,590,"Ten Mile, Whatcom County",330025,Ten Mile,2017-12-05 23:44:44.183082
2017-09-01,10:15,69.1,69.8,57.9,67.6,0.0,NE@1.8,4.6,66.9,0.0,615,"Ten Mile, Whatcom County",330025,Ten Mile,2017-12-05 23:44:44.183082
2017-09-01,10:30,71.2,72.1,58.6,64.3,0.0,NW@1.7,5.3,66.8,0.0,638,"Ten Mile, Whatcom County",330025,Ten Mile,2017-12-05 23:44:44.183082
2017-09-01,10:45,72.8,72.9,58.2,60.1,0.0,NE@2.9,5.3,66.8,0.0,659,"Ten Mile, Whatcom County",330025,Ten Mile,2017-12-05 23:44:44.183082
2017-09-01,11:00,72.8,72.9,57.9,59.5,0.0,NE@2.6,5.7,66.7,0.0,676,"Ten Mile, Whatcom County",330025,Ten Mile,2017-12-05 23:44:44.183082
2017-09-01,11:15,74.3,74.8,57.3,55.2,0.0,N@2.3,4.9,66.7,0.0,690,"Ten Mile, Whatcom County",330025,Ten Mile,2017-12-05 23:44:44.183082
2017-09-01,11:30,76.3,76.4,57.0,51.2,0.0,SW@1.2,5.3,66.6,0.0,704,"Ten Mile, Whatcom County",330025,Ten Mile,2017-12-05 23:44:44.183082
2017-09-01,11:45,77.4,77.3,56.0,47.7,0.0,NW@3.9,6.7,66.6,0.0,712,"Ten Mile, Whatcom County",330025,Ten Mile,2017-12-05 23:44:44.183082
2017-09-01,12:00,78.1,77.9,56.3,46.9,0.0,W@3.1,8.5,66.5,0.0,715,"Ten Mile, Whatcom County",330025,Ten Mile,2017-12-05 23:44:44.183082
2017-09-01,12:15,78.4,78.4,56.3,46.5,0.0,SW@1.9,6.4,66.5,0.0,717,"Ten Mile, Whatcom County",330025,Ten Mile,2017-12-05 23:44:44.183082
2017-09-01,12:30,78.5,78.5,58.1,49.6,0.0,SW@2.3,7.8,66.5,0.0,715,"Ten Mile, Whatcom County",330025,Ten Mile,2017-12-05 23:44:44.183082
2017-09-01,12:45,78.5,78.3,59.4,52.0,0.0,SW@2.9,8.2,66.5,0.0,712,"Ten Mile, Whatcom County",330025,Ten Mile,2017-12-05 23:44:44.183082
2017-09-01,13:00,79.7,79.4,59.3,49.8,0.0,SW@2.7,7.8,66.5,0.0,704,"Ten Mile, Whatcom County",330025,Ten Mile,2017-12-05 23:44:44.183082
2017-09-01,13:15,79.5,79.4,59.5,50.3,0.0,SW@2.4,7.1,66.5,0.0,694,"Ten Mile, Whatcom County",330025,Ten Mile,2017-12-05 23:44:44.183082
2017-09-01,13:30,80.1,79.8,58.1,46.9,0.0,W@2.9,7.8,66.5,0.0,682,"Ten Mile, Whatcom County",330025,Ten Mile,2017-12-05 23:44:44.183082
2017-09-01,13:45,80.9,80.6,58.1,45.8,0.0,SW@2.3,5.7,66.6,0.0,665,"Ten Mile, Whatcom County",330025,Ten Mile,2017-12-05 23:44:44.183082
2017-09-01,14:00,80.8,80.3,57.3,44.8,0.0,W@2.9,8.2,66.6,0.0,647,"Ten Mile, Whatcom County",330025,Ten Mile,2017-12-05 23:44:44.183082
2017-09-01,14:15,80.7,80.2,56.8,44.0,0.0,W@3.8,8.9,66.7,0.0,626,"Ten Mile, Whatcom County",330025,Ten Mile,2017-12-05 23:44:44.183082
2017-09-01,14:30,80.6,80.2,55.5,42.0,0.0,W@3.9,9.2,66.7,0.0,602,"Ten Mile, Whatcom County",330025,Ten Mile,2017-12-05 23:44:44.183082
2017-09-01,14:45,81.4,81.1,54.5,39.7,0.0,W@3.5,7.4,66.8,0.0,575,"Ten Mile, Whatcom County",330025,Ten Mile,2017-12-05 23:44:44.183082
2017-09-01,15:00,82.0,81.7,53.3,37.1,0.0,NW@3.4,7.8,66.9,0.0,550,"Ten Mile, Whatcom County",330025,Ten Mile,2017-12-05 23:44:44.183082
2017-09-01,15:15,81.8,81.5,53.3,37.4,0.0,W@3.0,6.4,67.0,0.0,520,"Ten Mile, Whatcom County",330025,Ten Mile,2017-12-05 23:44:44.183082
2017-09-01,15:30,82.5,82.1,54.1,37.7,0.0,W@2.6,6.7,67.1,0.0,489,"Ten Mile, Whatcom County",330025,Ten Mile,2017-12-05 23:44:44.183082
2017-09-01,15:45,81.8,81.4,53.1,37.2,0.0,NW@3.5,8.2,67.2,0.0,455,"Ten Mile, Whatcom County",330025,Ten Mile,2017-12-05 23:44:44.183082
2017-09-01,16:00,82.0,81.5,53.2,37.0,0.0,W@2.7,5.7,67.3,0.0,420,"Ten Mile, Whatcom County",330025,Ten Mile,2017-12-05 23:44:44.183082
2017-09-01,16:15,81.7,81.4,51.6,35.1,0.0,NW@3.5,6.7,67.4,0.0,383,"Ten Mile, Whatcom County",330025,Ten Mile,2017-12-05 23:44:44.183082
2017-09-01,16:30,81.9,81.2,50.9,34.1,0.0,W@2.6,5.7,67.5,0.0,344,"Ten Mile, Whatcom County",330025,Ten Mile,2017-12-05 23:44:44.183082
2017-09-01,16:45,80.5,80.0,49.4,33.7,0.0,W@2.1,4.9,67.6,0.0,305,"Ten Mile, Whatcom County",330025,Ten Mile,2017-12-05 23:44:44.183082
2017-09-01,17:00,79.5,79.3,48.9,34.2,0.0,W@2.0,5.3,67.8,0.0,266,"Ten Mile, Whatcom County",330025,Ten Mile,2017-12-05 23:44:44.183082
2017-09-01,17:15,80.1,79.7,47.3,31.7,0.0,NW@2.7,5.7,67.9,0.0,227,"Ten Mile, Whatcom County",330025,Ten Mile,2017-12-05 23:44:44.183082
2017-09-01,17:30,79.1,78.9,51.5,38.2,0.0,W@1.7,3.5,68.0,0.0,188,"Ten Mile, Whatcom County",330025,Ten Mile,2017-12-05 23:44:44.183082
2017-09-01,17:45,76.5,76.3,57.7,52.3,0.0,SW@2.1,6.4,68.1,0.0,151,"Ten Mile, Whatcom County",330025,Ten Mile,2017-12-05 23:44:44.183082
2017-09-01,18:00,76.1,75.9,55.3,48.5,0.0,W@2.7,6.4,68.2,0.0,114,"Ten Mile, Whatcom County",330025,Ten Mile,2017-12-05 23:44:44.183082
2017-09-01,18:15,75.6,75.4,53.4,46.0,0.0,W@3.1,6.0,68.3,0.0,79,"Ten Mile, Whatcom County",330025,Ten Mile,2017-12-05 23:44:44.183082
2017-09-01,18:30,74.5,74.5,55.2,51.0,0.0,W@2.8,5.3,68.4,0.0,45,"Ten Mile, Whatcom County",330025,Ten Mile,2017-12-05 23:44:44.183082
2017-09-01,18:45,72.9,72.9,56.2,55.7,0.0,W@1.5,3.5,68.5,0.0,12,"Ten Mile, Whatcom County",330025,Ten Mile,2017-12-05 23:44:44.183082
2017-09-01,19:00,70.7,70.5,56.7,61.3,0.0,SW@1.3,3.1,68.5,0.0,5,"Ten Mile, Whatcom County",330025,Ten Mile,2017-12-05 23:44:44.183082
2017-09-01,19:15,69.0,68.8,56.8,65.2,0.0,SW@1.1,3.1,68.6,0.0,1,"Ten Mile, Whatcom County",330025,Ten Mile,2017-12-05 23:44:44.183082
2017-09-01,19:30,66.8,66.5,58.4,74.6,0.0,SW@0.1,2.1,68.7,0.0,0,"Ten Mile, Whatcom County",330025,Ten Mile,2017-12-05 23:44:44.183082
2017-09-01,19:45,64.9,64.6,59.6,83.1,0.01,S@0.0,1.4,68.7,0.0,0,"Ten Mile, Whatcom County",330025,Ten Mile,2017-12-05 23:44:44.183082
2017-09-01,20:00,64.1,63.8,59.8,86.0,0.01,N@0.0,0.0,68.8,0.0,0,"Ten Mile, Whatcom County",330025,Ten Mile,2017-12-05 23:44:44.183082
2017-09-01,20:15,62.0,61.7,59.4,91.3,0.02,N@0.0,0.0,68.8,0.0,0,"Ten Mile, Whatcom County",330025,Ten Mile,2017-12-05 23:44:44.183082
2017-09-01,20:30,61.4,61.1,59.2,92.7,0.03,N@0.0,0.0,68.9,0.0,0,"Ten Mile, Whatcom County",330025,Ten Mile,2017-12-05 23:44:44.183082
2017-09-01,20:45,61.0,60.7,59.2,93.7,0.04,N@0.0,0.0,68.9,0.0,0,"Ten Mile, Whatcom County",330025,Ten Mile,2017-12-05 23:44:44.183082
2017-09-01,21:00,60.5,60.2,59.2,95.2,0.07,N@0.0,0.0,68.9,0.0,0,"Ten Mile, Whatcom County",330025,Ten Mile,2017-12-05 23:44:44.183082
2017-09-01,21:15,60.0,59.7,59.0,96.4,0.1,N@0.0,0.0,68.9,0.0,0,"Ten Mile, Whatcom County",330025,Ten Mile,2017-12-05 23:44:44.183082
2017-09-01,21:30,59.0,58.8,58.7,98.8,0.15,N@0.0,0.0,69.0,0.0,0,"Ten Mile, Whatcom County",330025,Ten Mile,2017-12-05 23:44:44.183082
2017-09-01,21:45,58.3,58.1,58.1,99.2,0.27,N@0.0,0.0,69.0,0.0,0,"Ten Mile, Whatcom County",330025,Ten Mile,2017-12-05 23:44:44.183082
2017-09-01,22:00,58.0,57.7,57.8,99.3,0.39,N@0.0,0.0,69.0,0.0,0,"Ten Mile, Whatcom County",330025,Ten Mile,2017-12-05 23:44:44.183082
2017-09-01,22:15,57.5,57.2,57.3,99.3,0.5,N@0.0,0.0,69.0,0.0,0,"Ten Mile, Whatcom County",330025,Ten Mile,2017-12-05 23:44:44.183082
2017-09-01,22:30,56.4,56.2,56.3,99.3,0.6,N@0.0,0.0,69.0,0.0,0,"Ten Mile, Whatcom County",330025,Ten Mile,2017-12-05 23:44:44.183082
2017-09-01,22:45,56.1,55.8,56.0,99.3,0.69,N@0.0,0.0,69.0,0.0,0,"Ten Mile, Whatcom County",330025,Ten Mile,2017-12-05 23:44:44.183082
2017-09-01,23:00,55.7,55.5,55.5,99.3,0.74,N@0.0,0.0,69.0,0.0,0,"Ten Mile, Whatcom County",330025,Ten Mile,2017-12-05 23:44:44.183082
2017-09-02,23:15,55.6,55.2,55.5,99.3,0.79,N@0.0,0.0,69.0,0.0,0,"Ten Mile, Whatcom County",330025,Ten Mile,2017-12-05 23:44:44.183082
2017-09-02,23:30,55.2,55.0,55.1,99.3,0.84,N@0.0,0.0,69.0,0.0,0,"Ten Mile, Whatcom County",330025,Ten Mile,2017-12-05 23:44:44.183082
2017-09-02,23:45,55.1,54.7,54.9,99.3,0.87,N@0.0,0.0,68.9,0.0,0,"Ten Mile, Whatcom County",330025,Ten Mile,2017-12-05 23:44:44.183082
2017-09-02,24:00,54.7,54.4,54.5,99.3,0.9,N@0.0,0.0,68.9,0.0,0,"Ten Mile, Whatcom County",330025,Ten Mile,2017-12-05 23:44:44.183082
2017-09-02,00:15,54.4,54.1,54.2,99.3,0.92,N@0.0,0.0,68.9,0.0,0,"Ten Mile, Whatcom County",330025,Ten Mile,2017-12-05 23:44:44.183082
2017-09-02,00:30,53.8,53.7,53.7,99.3,0.93,N@0.0,0.0,68.9,0.0,0,"Ten Mile, Whatcom County",330025,Ten Mile,2017-12-05 23:44:44.183082
2017-09-02,00:45,53.8,53.6,53.6,99.4,0.94,N@0.0,0.0,68.8,0.0,0,"Ten Mile, Whatcom County",330025,Ten Mile,2017-12-05 23:44:44.183082
2017-09-02,01:00,53.1,52.8,52.9,99.3,0.95,N@0.0,0.0,68.8,0.0,0,"Ten Mile, Whatcom County",330025,Ten Mile,2017-12-05 23:44:44.183082
2017-09-02,01:15,52.4,52.1,52.2,99.4,0.99,N@0.0,0.0,68.7,0.0,0,"Ten Mile, Whatcom County",330025,Ten Mile,2017-12-05 23:44:44.183082
2017-09-02,01:30,52.6,52.2,52.4,99.4,1.0,N@0.0,0.0,68.7,0.0,0,"Ten Mile, Whatcom County",330025,Ten Mile,2017-12-05 23:44:44.183082
2017-09-02,01:45,52.1,51.8,51.9,99.4,1.0,N@0.0,0.0,68.6,0.0,0,"Ten Mile, Whatcom County",330025,Ten Mile,2017-12-05 23:44:44.183082
2017-09-02,02:00,51.6,51.4,51.5,99.4,1.0,N@0.0,0.0,68.6,0.0,0,"Ten Mile, Whatcom County",330025,Ten Mile,2017-12-05 23:44:44.183082
2017-09-02,02:15,51.8,51.5,51.6,99.4,1.0,N@0.0,0.0,68.5,0.0,0,"Ten Mile, Whatcom County",330025,Ten Mile,2017-12-05 23:44:44.183082
2017-09-02,02:30,51.6,51.4,51.5,99.4,1.0,N@0.0,0.0,68.5,0.0,0,"Ten Mile, Whatcom County",330025,Ten Mile,2017-12-05 23:44:44.183082
2017-09-02,02:45,51.3,51.1,51.2,99.4,1.0,N@0.0,0.0,68.5,0.0,0,"Ten Mile, Whatcom County",330025,Ten Mile,2017-12-05 23:44:44.183082
2017-09-02,03:00,51.7,51.4,51.5,99.4,1.0,N@0.0,0.0,68.4,0.0,0,"Ten Mile, Whatcom County",330025,Ten Mile,2017-12-05 23:44:44.183082
2017-09-02,03:15,51.3,51.0,51.2,99.4,1.0,N@0.0,0.0,68.3,0.0,0,"Ten Mile, Whatcom County",330025,Ten Mile,2017-12-05 23:44:44.183082
2017-09-02,03:30,50.7,50.4,50.6,99.4,1.0,E@0.1,2.1,68.3,0.0,0,"Ten Mile, Whatcom County",330025,Ten Mile,2017-12-05 23:44:44.183082
2017-09-02,03:45,50.6,50.3,50.4,99.4,1.0,N@0.0,0.0,68.2,0.0,0,"Ten Mile, Whatcom County",330025,Ten Mile,2017-12-05 23:44:44.183082
2017-09-02,04:00,50.8,50.5,50.6,99.4,1.0,N@0.0,0.0,68.2,0.0,0,"Ten Mile, Whatcom County",330025,Ten Mile,2017-12-05 23:44:44.183082
2017-09-02,04:15,50.6,50.3,50.4,99.4,1.0,W@0.0,1.4,68.1,0.0,0,"Ten Mile, Whatcom County",330025,Ten Mile,2017-12-05 23:44:44.183082
2017-09-02,04:30,50.3,50.0,50.1,99.4,1.0,N@0.0,0.0,68.1,0.0,0,"Ten Mile, Whatcom County",330025,Ten Mile,2017-12-05 23:44:44.183082
2017-09-02,04:45,50.2,49.9,50.1,99.4,1.0,N@0.0,0.0,68.0,0.0,0,"Ten Mile, Whatcom County",330025,Ten Mile,2017-12-05 23:44:44.183082
2017-09-02,05:00,50.5,50.2,50.3,99.4,1.0,N@0.0,0.0,67.9,0.0,0,"Ten Mile, Whatcom County",330025,Ten Mile,2017-12-05 23:44:44.183082
2017-09-02,05:15,50.0,49.8,49.9,99.4,1.0,N@0.0,0.0,67.9,0.0,0,"Ten Mile, Whatcom County",330025,Ten Mile,2017-12-05 23:44:44.183082
2017-09-02,05:30,49.8,49.5,49.6,99.4,1.0,N@0.0,0.0,67.8,0.0,3,"Ten Mile, Whatcom County",330025,Ten Mile,2017-12-05 23:44:44.183082
2017-09-02,05:45,49.9,49.6,49.8,99.4,1.0,N@0.0,0.0,67.8,0.0,8,"Ten Mile, Whatcom County",330025,Ten Mile,2017-12-05 23:44:44.183082
2017-09-02,06:00,50.1,49.7,49.9,99.4,1.0,N@0.0,0.0,67.7,0.0,13,"Ten Mile, Whatcom County",330025,Ten Mile,2017-12-05 23:44:44.183082
2017-09-02,06:15,52.1,51.5,52.0,99.4,1.0,N@0.0,0.0,67.6,0.0,18,"Ten Mile, Whatcom County",330025,Ten Mile,2017-12-05 23:44:44.183082
2017-09-02,06:30,55.2,54.8,55.0,99.3,1.0,N@0.0,0.0,67.6,0.0,101,"Ten Mile, Whatcom County",330025,Ten Mile,2017-12-05 23:44:44.183082
2017-09-02,06:45,56.1,56.2,55.9,99.1,1.0,N@0.0,0.0,67.5,0.0,132,"Ten Mile, Whatcom County",330025,Ten Mile,2017-12-05 23:44:44.183082
2017-09-02,07:00,57.0,56.9,56.8,99.3,1.0,N@0.0,0.0,67.4,0.0,168,"Ten Mile, Whatcom County",330025,Ten Mile,2017-12-05 23:44:44.183082
2017-09-02,07:15,58.7,58.5,58.0,97.4,1.0,N@0.0,0.0,67.4,0.0,206,"Ten Mile, Whatcom County",330025,Ten Mile,2017-12-05 23:44:44.183082
2017-09-02,07:30,61.1,60.8,58.7,91.8,0.98,NW@0.3,3.1,67.3,0.0,245,"Ten Mile, Whatcom County",330025,Ten Mile,2017-12-05 23:44:44.183082
2017-09-02,07:45,62.5,62.3,59.2,88.8,0.76,W@2.2,3.9,67.3,0.0,284,"Ten Mile, Whatcom County",330025,Ten Mile,2017-12-05 23:44:44.183082
2017-09-02,08:00,64.3,64.1,58.9,82.4,0.05,NE@0.7,2.4,67.2,0.0,322,"Ten Mile, Whatcom County",330025,Ten Mile,2017-12-05 23:44:44.183082
2017-09-02,08:15,65.6,65.4,58.7,78.3,0.01,NE@0.9,3.5,67.1,0.0,360,"Ten Mile, Whatcom County",330025,Ten Mile,2017-12-05 23:44:44.183082
2017-09-02,08:30,66.7,66.5,58.6,75.1,0.0,N@0.6,3.1,67.1,0.0,397,"Ten Mile, Whatcom County",330025,Ten Mile,2017-12-05 23:44:44.183082
2017-09-02,08:45,67.8,67.7,58.6,72.4,0.0,NE@1.8,4.2,67.0,0.0,433,"Ten Mile, Whatcom County",330025,Ten Mile,2017-12-05 23:44:44.183082
2017-09-02,09:00,68.9,68.7,58.7,69.9,0.0,NE@1.6,3.9,67.0,0.0,468,"Ten Mile, Whatcom County",330025,Ten Mile,2017-12-05 23:44:44.183082
2017-09-02,09:15,70.2,69.9,57.8,64.7,0.0,N@1.4,3.1,66.9,0.0,501,"Ten Mile, Whatcom County",330025,Ten Mile,2017-12-05 23:44:44.183082
2017-09-02,09:30,71.2,71.1,57.4,61.7,0.0,NW@1.1,3.1,66.8,0.0,532,"Ten Mile, Whatcom County",330025,Ten Mile,2017-12-05 23:44:44.183082
2017-09-02,09:45,72.5,72.4,57.7,59.5,0.0,NE@1.4,3.9,66.8,0.0,561,"Ten Mile, Whatcom County",330025,Ten Mile,2017-12-05 23:44:44.183082
2017-09-02,10:00,73.7,74.0,58.2,58.2,0.0,E@0.6,3.9,66.7,0.0,588,"Ten Mile, Whatcom County",330025,Ten Mile,2017-12-05 23:44:44.183082
2017-09-02,10:15,75.5,76.5,57.3,53.1,0.0,N@1.9,4.6,66.7,0.0,613,"Ten Mile, Whatcom County",330025,Ten Mile,2017-12-05 23:44:44.183082
2017-09-02,10:30,78.0,78.7,55.7,46.2,0.0,NW@2.3,6.7,66.7,0.0,634,"Ten Mile, Whatcom County",330025,Ten Mile,2017-12-05 23:44:44.183082
2017-09-02,10:45,79.7,79.8,57.1,46.0,0.0,NW@1.9,6.0,66.6,0.0,655,"Ten Mile, Whatcom County",330025,Ten Mile,2017-12-05 23:44:44.183082
2017-09-02,11:00,80.5,80.7,56.0,43.0,0.0,W@2.0,5.7,66.6,0.0,672,"Ten Mile, Whatcom County",330025,Ten Mile,2017-12-05 23:44:44.183082
2017-09-02,11:15,82.4,82.5,55.5,39.8,0.0,NW@2.6,4.6,66.6,0.0,686,"Ten Mile, Whatcom County",330025,Ten Mile,2017-12-05 23:44:44.183082
2017-09-02,11:30,82.6,83.1,54.7,38.3,0.0,N@2.4,3.9,66.5,0.0,697,"Ten Mile, Whatcom County",330025,Ten Mile,2017-12-05 23:44:44.183082
2017-09-02,11:45,83.2,83.2,55.6,38.8,0.0,W@3.1,6.7,66.5,0.0,706,"Ten Mile, Whatcom County",330025,Ten Mile,2017-12-05 23:44:44.183082
2017-09-02,12:00,84.8,84.5,55.2,36.4,0.0,W@3.0,7.8,66.5,0.0,711,"Ten Mile, Whatcom County",330025,Ten Mile,2017-12-05 23:44:44.183082
2017-09-02,12:15,85.8,85.7,54.3,34.1,0.0,W@2.6,5.3,66.5,0.0,713,"Ten Mile, Whatcom County",330025,Ten Mile,2017-12-05 23:44:44.183082
2017-09-02,12:30,85.8,85.8,56.4,36.8,0.0,SW@2.4,6.7,66.5,0.0,714,"Ten Mile, Whatcom County",330025,Ten Mile,2017-12-05 23:44:44.183082
2017-09-02,12:45,86.7,86.4,57.3,36.9,0.0,W@2.8,7.1,66.5,0.0,710,"Ten Mile, Whatcom County",330025,Ten Mile,2017-12-05 23:44:44.183082
2017-09-02,13:00,86.7,86.5,59.2,39.5,0.0,W@2.5,6.7,66.5,0.0,703,"Ten Mile, Whatcom County",330025,Ten Mile,2017-12-05 23:44:44.183082
2017-09-02,13:15,87.8,87.8,60.5,40.1,0.0,SW@2.0,6.4,66.5,0.0,692,"Ten Mile, Whatcom County",330025,Ten Mile,2017-12-05 23:44:44.183082
2017-09-02,13:30,88.4,88.1,59.5,37.9,0.0,W@2.6,5.7,66.6,0.0,679,"Ten Mile, Whatcom County",330025,Ten Mile,2017-12-05 23:44:44.183082
2017-09-02,13:45,88.2,88.0,58.6,36.9,0.0,SW@3.0,8.2,66.6,0.0,666,"Ten Mile, Whatcom County",330025,Ten Mile,2017-12-05 23:44:44.183082
2017-09-02,14:00,87.8,87.4,57.3,35.7,0.0,W@3.3,8.9,66.7,0.0,647,"Ten Mile, Whatcom County",330025,Ten Mile,2017-12-05 23:44:44.183082
2017-09-02,14:15,89.0,88.6,56.7,33.6,0.0,W@3.1,8.2,66.8,0.0,623,"Ten Mile, Whatcom County",330025,Ten Mile,2017-12-05 23:44:44.183082
2017-09-02,14:30,88.6,88.2,56.9,34.3,0.0,W@3.4,6.7,66.8,0.0,600,"Ten Mile, Whatcom County",330025,Ten Mile,2017-12-05 23:44:44.183082
2017-09-02,14:45,88.6,88.5,57.3,34.8,0.0,SW@1.9,3.9,66.9,0.0,576,"Ten Mile, Whatcom County",330025,Ten Mile,2017-12-05 23:44:44.183082
2017-09-02,15:00,88.5,88.5,57.7,35.4,0.0,S@1.6,4.2,67.0,0.0,549,"Ten Mile, Whatcom County",330025,Ten Mile,2017-12-05 23:44:44.183082
2017-09-02,15:15,89.1,89.0,57.8,34.9,0.0,SW@1.8,3.9,67.1,0.0,520,"Ten Mile, Whatcom County",330025,Ten Mile,2017-12-05 23:44:44.183082
2017-09-02,15:30,88.1,88.4,57.9,36.1,0.0,S@1.6,2.8,67.3,0.0,488,"Ten Mile, Whatcom County",330025,Ten Mile,2017-12-05 23:44:44.183082
2017-09-02,15:45,89.3,89.2,57.5,34.3,0.0,SW@1.8,2.8,67.4,0.0,454,"Ten Mile, Whatcom County",330025,Ten Mile,2017-12-05 23:44:44.183082
2017-09-02,16:00,88.1,88.1,57.9,36.1,0.0,S@1.8,2.8,67.5,0.0,419,"Ten Mile, Whatcom County",330025,Ten Mile,2017-12-05 23:44:44.183082
2017-09-02,16:15,87.3,87.3,57.4,36.4,0.0,S@1.9,2.8,67.6,0.0,381,"Ten Mile, Whatcom County",330025,Ten Mile,2017-12-05 23:44:44.183082
2017-09-02,16:30,87.1,87.0,57.1,36.2,0.0,S@1.8,2.4,67.8,0.0,343,"Ten Mile, Whatcom County",330025,Ten Mile,2017-12-05 23:44:44.183082
2017-09-02,16:45,84.5,84.6,56.7,38.7,0.0,S@1.9,2.8,67.9,0.0,303,"Ten Mile, Whatcom County",330025,Ten Mile,2017-12-05 23:44:44.183082
2017-09-02,17:00,83.2,83.2,56.3,39.8,0.0,S@1.9,3.1,68.0,0.0,263,"Ten Mile, Whatcom County",330025,Ten Mile,2017-12-05 23:44:44.183082
2017-09-02,17:15,82.2,82.2,56.3,41.1,0.0,S@1.5,2.4,68.1,0.0,222,"Ten Mile, Whatcom County",330025,Ten Mile,2017-12-05 23:44:44.183082
2017-09-02,17:30,81.4,81.5,56.9,43.0,0.0,S@1.3,2.8,68.2,0.0,182,"Ten Mile, Whatcom County",330025,Ten Mile,2017-12-05 23:44:44.183082
2017-09-02,17:45,80.5,80.5,56.4,43.7,0.0,S@1.9,3.1,68.4,0.0,141,"Ten Mile, Whatcom County",330025,Ten Mile,2017-12-05 23:44:44.183082
2017-09-02,18:00,78.4,78.4,56.0,46.1,0.0,S@1.0,2.1,68.5,0.0,106,"Ten Mile, Whatcom County",330025,Ten Mile,2017-12-05 23:44:44.183082
2017-09-02,18:15,76.7,76.8,55.2,47.4,0.0,S@0.0,1.4,68.6,0.0,75,"Ten Mile, Whatcom County",330025,Ten Mile,2017-12-05 23:44:44.183082
2017-09-02,18:30,76.2,76.3,55.4,48.5,0.0,N@0.0,0.0,68.7,0.0,45,"Ten Mile, Whatcom County",330025,Ten Mile,2017-12-05 23:44:44.183082
2017-09-02,18:45,74.9,74.8,55.6,50.9,0.0,N@0.0,0.0,68.8,0.0,11,"Ten Mile, Whatcom County",330025,Ten Mile,2017-12-05 23:44:44.183082
2017-09-02,19:00,72.8,72.6,55.7,54.8,0.0,N@0.0,0.0,68.9,0.0,4,"Ten Mile, Whatcom County",330025,Ten Mile,2017-12-05 23:44:44.183082
2017-09-02,19:15,70.6,70.3,56.0,59.7,0.0,N@0.0,0.0,68.9,0.0,0,"Ten Mile, Whatcom County",330025,Ten Mile,2017-12-05 23:44:44.183082
2017-09-02,19:30,69.3,69.0,57.0,64.8,0.0,N@0.0,0.0,69.0,0.0,0,"Ten Mile, Whatcom County",330025,Ten Mile,2017-12-05 23:44:44.183082
2017-09-02,19:45,67.6,67.3,57.3,69.6,0.0,N@0.0,0.0,69.1,0.0,0,"Ten Mile, Whatcom County",330025,Ten Mile,2017-12-05 23:44:44.183082
2017-09-02,20:00,66.5,66.3,57.9,73.8,0.0,N@0.0,0.0,69.1,0.0,0,"Ten Mile, Whatcom County",330025,Ten Mile,2017-12-05 23:44:44.183082
2017-09-02,20:15,64.9,64.7,58.2,78.8,0.01,N@0.0,0.0,69.2,0.0,0,"Ten Mile, Whatcom County",330025,Ten Mile,2017-12-05 23:44:44.183082
2017-09-02,20:30,63.6,63.3,59.2,85.5,0.01,N@0.0,0.0,69.2,0.0,0,"Ten Mile, Whatcom County",330025,Ten Mile,2017-12-05 23:44:44.183082
2017-09-02,20:45,63.0,62.7,59.3,87.6,0.02,N@0.0,0.0,69.3,0.0,0,"Ten Mile, Whatcom County",330025,Ten Mile,2017-12-05 23:44:44.183082
2017-09-02,21:00,62.4,62.0,59.5,90.3,0.03,N@0.0,0.0,69.3,0.0,0,"Ten Mile, Whatcom County",330025,Ten Mile,2017-12-05 23:44:44.183082
2017-09-02,21:15,61.8,61.4,59.3,91.5,0.03,N@0.0,0.0,69.4,0.0,0,"Ten Mile, Whatcom County",330025,Ten Mile,2017-12-05 23:44:44.183082
2017-09-02,21:30,60.7,60.4,58.9,93.9,0.04,N@0.0,0.0,69.4,0.0,0,"Ten Mile, Whatcom County",330025,Ten Mile,2017-12-05 23:44:44.183082
2017-09-02,21:45,60.3,59.9,59.2,96.1,0.06,N@0.0,0.0,69.4,0.0,0,"Ten Mile, Whatcom County",330025,Ten Mile,2017-12-05 23:44:44.183082
2017-09-02,22:00,60.3,59.9,59.1,95.7,0.08,N@0.0,0.0,69.4,0.0,0,"Ten Mile, Whatcom County",330025,Ten Mile,2017-12-05 23:44:44.183082
2017-09-02,22:15,59.1,58.8,58.7,98.3,0.11,N@0.0,0.0,69.4,0.0,0,"Ten Mile, Whatcom County",330025,Ten Mile,2017-12-05 23:44:44.183082
2017-09-02,22:30,58.9,58.5,58.6,99.1,0.17,N@0.0,0.0,69.4,0.0,0,"Ten Mile, Whatcom County",330025,Ten Mile,2017-12-05 23:44:44.183082
2017-09-02,22:45,58.3,57.9,58.1,99.3,0.28,N@0.0,0.0,69.4,0.0,0,"Ten Mile, Whatcom County",330025,Ten Mile,2017-12-05 23:44:44.183082
2017-09-02,23:00,58.0,57.6,57.8,99.3,0.4,N@0.0,0.0,69.4,0.0,0,"Ten Mile, Whatcom County",330025,Ten Mile,2017-12-05 23:44:44.183082
2017-09-03,23:15,57.4,57.0,57.2,99.3,0.49,N@0.0,0.0,69.4,0.0,0,"Ten Mile, Whatcom County",330025,Ten Mile,2017-12-05 23:44:44.183082
2017-09-03,23:30,57.0,56.7,56.8,99.3,0.58,N@0.0,0.0,69.4,0.0,0,"Ten Mile, Whatcom County",330025,Ten Mile,2017-12-05 23:44:44.183082
2017-09-03,23:45,56.5,56.1,56.3,99.3,0.67,N@0.0,0.0,69.4,0.0,0,"Ten Mile, Whatcom County",330025,Ten Mile,2017-12-05 23:44:44.183082
2017-09-03,24:00,56.3,55.9,56.2,99.4,0.77,N@0.0,0.0,69.4,0.0,0,"Ten Mile, Whatcom County",330025,Ten Mile,2017-12-05 23:44:44.183082
2017-09-03,00:15,56.0,55.7,55.9,99.3,0.83,N@0.0,0.0,69.4,0.0,0,"Ten Mile, Whatcom County",330025,Ten Mile,2017-12-05 23:44:44.183082
2017-09-03,00:30,56.2,55.8,56.1,99.4,0.86,N@0.0,0.0,69.3,0.0,0,"Ten Mile, Whatcom County",330025,Ten Mile,2017-12-05 23:44:44.183082
2017-09-03,00:45,55.5,55.3,55.4,99.4,0.89,N@0.0,0.0,69.3,0.0,0,"Ten Mile, Whatcom County",330025,Ten Mile,2017-12-05 23:44:44.183082
2017-09-03,01:00,55.2,54.9,55.1,99.4,0.91,N@0.0,0.0,69.3,0.0,0,"Ten Mile, Whatcom County",330025,Ten Mile,2017-12-05 23:44:44.183082
2017-09-03,01:15,54.4,54.1,54.3,99.4,0.93,N@0.0,0.0,69.2,0.0,0,"Ten Mile, Whatcom County",330025,Ten Mile,2017-12-05 23:44:44.183082
2017-09-03,01:30,53.8,53.5,53.6,99.4,0.93,N@0.0,0.0,69.2,0.0,0,"Ten Mile, Whatcom County",330025,Ten Mile,2017-12-05 23:44:44.183082
2017-09-03,01:45,55.0,54.7,54.8,99.4,0.94,N@0.0,0.0,69.2,0.0,0,"Ten Mile, Whatcom County",330025,Ten Mile,2017-12-05 23:44:44.183082
2017-09-03,02:00,54.1,53.9,54.0,99.4,0.97,N@0.0,0.0,69.1,0.0,0,"Ten Mile, Whatcom County",330025,Ten Mile,2017-12-05 23:44:44.183082
2017-09-03,02:15,54.0,53.7,53.9,99.4,1.0,N@0.0,0.0,69.0,0.0,0,"Ten Mile, Whatcom County",330025,Ten Mile,2017-12-05 23:44:44.183082
2017-09-03,02:30,53.6,53.3,53.5,99.4,1.0,N@0.0,0.0,69.0,0.0,0,"Ten Mile, Whatcom County",330025,Ten Mile,2017-12-05 23:44:44.183082
2017-09-03,02:45,53.1,52.8,52.9,99.4,1.0,N@0.0,0.0,68.9,0.0,0,"Ten Mile, Whatcom County",330025,Ten Mile,2017-12-05 23:44:44.183082
2017-09-03,03:00,53.4,53.1,53.3,99.4,1.0,N@0.0,0.0,68.9,0.0,0,"Ten Mile, Whatcom County",330025,Ten Mile,2017-12-05 23:44:44.183082
2017-09-03,03:15,52.5,52.3,52.3,99.4,1.0,N@0.0,0.0,68.9,0.0,0,"Ten Mile, Whatcom County",330025,Ten Mile,2017-12-05 23:44:44.183082
2017-09-03,03:30,52.2,51.9,52.0,99.4,1.0,N@0.0,0.0,68.8,0.0,0,"Ten Mile, Whatcom County",330025,Ten Mile,2017-12-05 23:44:44.183082
2017-09-03,03:45,52.2,51.8,52.1,99.4,1.0,N@0.0,0.0,68.7,0.0,0,"Ten Mile, Whatcom County",330025,Ten Mile,2017-12-05 23:44:44.183082
2017-09-03,04:00,52.1,51.9,51.9,99.3,1.0,N@0.0,0.0,68.7,0.0,0,"Ten Mile, Whatcom County",330025,Ten Mile,2017-12-05 23:44:44.183082
2017-09-03,04:15,52.0,51.7,51.9,99.3,1.0,N@0.0,0.0,68.6,0.0,0,"Ten Mile, Whatcom County",330025,Ten Mile,2017-12-05 23:44:44.183082
2017-09-03,04:30,52.2,51.8,52.0,99.4,1.0,N@0.0,0.0,68.6,0.0,0,"Ten Mile, Whatcom County",330025,Ten Mile,2017-12-05 23:44:44.183082
2017-09-03,04:45,51.8,51.4,51.6,99.4,1.0,N@0.0,0.0,68.5,0.0,0,"Ten Mile, Whatcom County",330025,Ten Mile,2017-12-05 23:44:44.183082
2017-09-03,05:00,51.7,51.4,51.5,99.3,1.0,N@0.0,0.0,68.5,0.0,0,"Ten Mile, Whatcom County",330025,Ten Mile,2017-12-05 23:44:44.183082
2017-09-03,05:15,51.0,50.7,50.9,99.4,1.0,N@0.0,0.0,68.4,0.0,0,"Ten Mile, Whatcom County",330025,Ten Mile,2017-12-05 23:44:44.183082
2017-09-03,05:30,50.7,50.5,50.6,99.4,1.0,N@0.0,0.0,68.3,0.0,3,"Ten Mile, Whatcom County",330025,Ten Mile,2017-12-05 23:44:44.183082
2017-09-03,05:45,50.8,50.5,50.6,99.4,1.0,N@0.0,0.0,68.3,0.0,8,"Ten Mile, Whatcom County",330025,Ten Mile,2017-12-05 23:44:44.183082
2017-09-03,06:00,51.2,50.8,51.0,99.4,1.0,N@0.0,0.0,68.2,0.0,17,"Ten Mile, Whatcom County",330025,Ten Mile,2017-12-05 23:44:44.183082
2017-09-03,06:15,51.8,51.3,51.7,99.4,1.0,N@0.0,0.0,68.2,0.0,24,"Ten Mile, Whatcom County",330025,Ten Mile,2017-12-05 23:44:44.183082
2017-09-03,06:30,53.8,53.3,53.6,99.4,1.0,N@0.0,0.0,68.1,0.0,88,"Ten Mile, Whatcom County",330025,Ten Mile,2017-12-05 23:44:44.183082
2017-09-03,06:45,55.0,54.5,54.9,99.4,1.0,N@0.0,0.0,68.0,0.0,123,"Ten Mile, Whatcom County",330025,Ten Mile,2017-12-05 23:44:44.183082
2017-09-03,07:00,56.2,55.7,56.0,99.4,1.0,N@0.0,0.0,68.0,0.0,150,"Ten Mile, Whatcom County",330025,Ten Mile,2017-12-05 23:44:44.183082
2017-09-03,07:15,58.3,57.8,58.1,99.3,1.0,N@0.0,0.0,67.9,0.0,176,"Ten Mile, Whatcom County",330025,Ten Mile,2017-12-05 23:44:44.183082
2017-09-03,07:30,60.5,60.0,60.3,99.3,1.0,N@0.0,0.0,67.8,0.0,208,"Ten Mile, Whatcom County",330025,Ten Mile,2017-12-05 23:44:44.183082
2017-09-03,07:45,62.2,61.8,61.8,98.5,1.0,N@0.0,0.0,67.8,0.0,238,"Ten Mile, Whatcom County",330025,Ten Mile,2017-12-05 23:44:44.183082
2017-09-03,08:00,64.2,64.0,62.5,94.0,0.99,NE@0.3,2.4,67.7,0.0,287,"Ten Mile, Whatcom County",330025,Ten Mile,2017-12-05 23:44:44.183082
2017-09-03,08:15,66.1,65.9,61.5,85.0,0.83,NE@0.3,2.8,67.7,0.0,326,"Ten Mile, Whatcom County",330025,Ten Mile,2017-12-05 23:44:44.183082
2017-09-03,08:30,67.6,67.3,61.5,80.8,0.09,N@0.1,2.1,67.6,0.0,365,"Ten Mile, Whatcom County",330025,Ten Mile,2017-12-05 23:44:44.183082
2017-09-03,08:45,69.3,69.0,62.3,78.2,0.0,N@0.7,2.8,67.5,0.0,404,"Ten Mile, Whatcom County",330025,Ten Mile,2017-12-05 23:44:44.183082
2017-09-03,09:00,71.0,70.8,61.9,72.8,0.0,NE@1.7,4.9,67.5,0.0,443,"Ten Mile, Whatcom County",330025,Ten Mile,2017-12-05 23:44:44.183082
2017-09-03,09:15,72.8,72.6,61.5,67.5,0.0,NE@1.9,4.6,67.4,0.0,479,"Ten Mile, Whatcom County",330025,Ten Mile,2017-12-05 23:44:44.183082
2017-09-03,09:30,73.9,73.7,61.5,65.0,0.0,NW@1.6,3.5,67.4,0.0,509,"Ten Mile, Whatcom County",330025,Ten Mile,2017-12-05 23:44:44.183082
2017-09-03,09:45,75.5,75.4,61.8,62.3,0.0,NW@1.9,6.4,67.3,0.0,549,"Ten Mile, Whatcom County",330025,Ten Mile,2017-12-05 23:44:44.183082
2017-09-03,10:00,77.6,77.7,60.1,54.9,0.0,NW@2.9,5.3,67.3,0.0,579,"Ten Mile, Whatcom County",330025,Ten Mile,2017-12-05 23:44:44.183082
2017-09-03,10:15,79.1,79.7,59.3,50.7,0.0,NW@2.5,4.9,67.2,0.0,607,"Ten Mile, Whatcom County",330025,Ten Mile,2017-12-05 23:44:44.183082
2017-09-03,10:30,80.4,81.3,58.9,47.9,0.0,N@1.6,4.6,67.2,0.0,635,"Ten Mile, Whatcom County",330025,Ten Mile,2017-12-05 23:44:44.183082
2017-09-03,10:45,81.6,81.8,58.3,45.1,0.0,N@3.3,6.4,67.1,0.0,655,"Ten Mile, Whatcom County",330025,Ten Mile,2017-12-05 23:44:44.183082
2017-09-03,11:00,81.5,81.7,58.3,45.2,0.0,NE@2.8,6.0,67.1,0.0,675,"Ten Mile, Whatcom County",330025,Ten Mile,2017-12-05 23:44:44.183082
2017-09-03,11:15,83.4,83.4,59.3,44.1,0.0,N@1.2,4.6,67.1,0.0,690,"Ten Mile, Whatcom County",330025,Ten Mile,2017-12-05 23:44:44.183082
2017-09-03,11:30,82.6,82.9,59.1,44.9,0.0,E@2.1,5.7,67.0,0.0,702,"Ten Mile, Whatcom County",330025,Ten Mile,2017-12-05 23:44:44.183082
2017-09-03,11:45,84.6,84.9,59.1,42.1,0.0,N@1.0,4.6,67.0,0.0,712,"Ten Mile, Whatcom County",330025,Ten Mile,2017-12-05 23:44:44.183082
2017-09-03,12:00,86.1,86.3,59.1,40.2,0.0,N@1.7,4.6,67.0,0.0,718,"Ten Mile, Whatcom County",330025,Ten Mile,2017-12-05 23:44:44.183082
2017-09-03,12:15,87.3,87.4,59.8,39.6,0.04,NW@1.0,4.6,67.0,0.0,717,"Ten Mile, Whatcom County",330025,Ten Mile,2017-12-05 23:44:44.183082
2017-09-03,12:30,88.3,88.4,59.7,38.2,0.0,NW@2.9,7.1,67.0,0.0,714,"Ten Mile, Whatcom County",330025,Ten Mile,2017-12-05 23:44:44.183082
2017-09-03,12:45,88.6,88.4,60.5,38.9,0.0,W@2.9,5.3,67.0,0.0,713,"Ten Mile, Whatcom County",330025,Ten Mile,2017-12-05 23:44:44.183082
2017-09-03,13:00,88.7,88.3,60.5,39.0,0.0,W@3.6,6.7,67.0,0.0,705,"Ten Mile, Whatcom County",330025,Ten Mile,2017-12-05 23:44:44.183082
2017-09-03,13:15,89.0,88.5,59.8,37.6,0.0,NW@4.1,7.1,67.0,0.0,696,"Ten Mile, Whatcom County",330025,Ten Mile,2017-12-05 23:44:44.183082
2017-09-03,13:30,89.5,89.2,59.6,36.7,0.0,NW@4.2,7.8,67.1,0.0,681,"Ten Mile, Whatcom County",330025,Ten Mile,2017-12-05 23:44:44.183082
2017-09-03,13:45,88.9,88.5,59.4,37.1,0.0,W@3.9,7.1,67.1,0.0,661,"Ten Mile, Whatcom County",330025,Ten Mile,2017-12-05 23:44:44.183082
2017-09-03,14:00,88.9,88.6,59.7,37.5,0.0,W@4.0,8.5,67.2,0.0,650,"Ten Mile, Whatcom County",330025,Ten Mile,2017-12-05 23:44:44.183082
2017-09-03,14:15,89.2,88.7,59.6,37.0,0.0,W@4.5,7.8,67.3,0.0,627,"Ten Mile, Whatcom County",330025,Ten Mile,2017-12-05 23:44:44.183082
2017-09-03,14:30,89.3,88.9,59.6,36.8,0.0,NW@4.2,6.7,67.4,0.0,605,"Ten Mile, Whatcom County",330025,Ten Mile,2017-12-05 23:44:44.183082
2017-09-03,14:45,89.7,89.3,59.5,36.3,0.0,W@3.5,6.0,67.5,0.0,578,"Ten Mile, Whatcom County",330025,Ten Mile,2017-12-05 23:44:44.183082
2017-09-03,15:00,89.4,89.0,59.5,36.7,0.0,W@3.7,9.2,67.5,0.0,553,"Ten Mile, Whatcom County",330025,Ten Mile,2017-12-05 23:44:44.183082
2017-09-03,15:15,88.8,88.4,59.5,37.3,0.0,W@4.7,9.2,67.7,0.0,523,"Ten Mile, Whatcom County",330025,Ten Mile,2017-12-05 23:44:44.183082
2017-09-03,15:30,88.8,88.4,58.7,36.3,0.0,W@4.8,8.5,67.8,0.0,489,"Ten Mile, Whatcom County",330025,Ten Mile,2017-12-05 23:44:44.183082
2017-09-03,15:45,88.9,88.5,58.7,36.2,0.0,W@4.5,8.2,67.9,0.0,453,"Ten Mile, Whatcom County",330025,Ten Mile,2017-12-05 23:44:44.183082
2017-09-03,16:00,88.2,87.7,58.2,36.4,0.0,W@4.7,8.5,68.0,0.0,418,"Ten Mile, Whatcom County",330025,Ten Mile,2017-12-05 23:44:44.183082
2017-09-03,16:15,87.3,86.9,58.8,38.2,0.0,W@4.8,7.8,68.1,0.0,381,"Ten Mile, Whatcom County",330025,Ten Mile,2017-12-05 23:44:44.183082
2017-09-03,16:30,86.8,86.3,59.4,39.7,0.0,W@4.4,8.2,68.3,0.0,341,"Ten Mile, Whatcom County",330025,Ten Mile,2017-12-05 23:44:44.183082
2017-09-03,16:45,84.9,84.6,59.4,42.1,0.0,W@5.1,8.5,68.4,0.0,303,"Ten Mile, Whatcom County",330025,Ten Mile,2017-12-05 23:44:44.183082
2017-09-03,17:00,83.9,83.7,59.1,43.0,0.0,W@4.4,7.1,68.5,0.0,264,"Ten Mile, Whatcom County",330025,Ten Mile,2017-12-05 23:44:44.183082
2017-09-03,17:15,83.8,83.5,60.3,45.1,0.0,W@2.5,5.7,68.6,0.0,225,"Ten Mile, Whatcom County",330025,Ten Mile,2017-12-05 23:44:44.183082
2017-09-03,17:30,82.0,81.5,60.6,48.4,0.0,SW@0.2,3.5,68.7,0.0,185,"Ten Mile, Whatcom County",330025,Ten Mile,2017-12-05 23:44:44.183082
2017-09-03,17:45,81.2,80.9,59.8,48.2,0.0,W@1.6,5.3,68.9,0.0,147,"Ten Mile, Whatcom County",330025,Ten Mile,2017-12-05 23:44:44.183082
2017-09-03,18:00,81.0,80.8,59.7,48.2,0.0,W@2.1,4.9,69.0,0.0,110,"Ten Mile, Whatcom County",330025,Ten Mile,2017-12-05 23:44:44.183082
2017-09-03,18:15,80.1,79.8,59.5,49.5,0.0,W@1.0,3.1,69.1,0.0,73,"Ten Mile, Whatcom County",330025,Ten Mile,2017-12-05 23:44:44.183082
2017-09-03,18:30,79.3,79.1,59.5,50.8,0.0,W@1.1,2.8,69.2,0.0,40,"Ten Mile, Whatcom County",330025,Ten Mile,2017-12-05 23:44:44.183082
2017-09-03,18:45,77.0,76.7,60.1,56.0,0.0,SW@1.5,2.8,69.3,0.0,9,"Ten Mile, Whatcom County",330025,Ten Mile,2017-12-05 23:44:44.183082
2017-09-03,19:00,71.9,71.5,62.4,72.2,0.01,S@0.3,2.1,69.3,0.0,3,"Ten Mile, Whatcom County",330025,Ten Mile,2017-12-05 23:44:44.183082
2017-09-03,19:15,69.6,69.3,63.1,79.6,0.01,N@0.0,0.0,69.4,0.0,0,"Ten Mile, Whatcom County",330025,Ten Mile,2017-12-05 23:44:44.183082
2017-09-03,19:30,67.7,67.3,63.7,86.9,0.04,N@0.0,0.0,69.5,0.0,0,"Ten Mile, Whatcom County",330025,Ten Mile,2017-12-05 23:44:44.183082
2017-09-03,19:45,66.4,66.0,63.7,90.9,0.1,N@0.0,0.0,69.6,0.0,0,"Ten Mile, Whatcom County",330025,Ten Mile,2017-12-05 23:44:44.183082
2017-09-03,20:00,64.9,64.6,63.6,95.2,0.23,N@0.0,0.0,69.6,0.0,0,"Ten Mile, Whatcom County",330025,Ten Mile,2017-12-05 23:44:44.183082
2017-09-03,20:15,64.4,64.1,63.7,97.3,0.43,N@0.0,0.0,69.7,0.0,0,"Ten Mile, Whatcom County",330025,Ten Mile,2017-12-05 23:44:44.183082
2017-09-03,20:30,63.5,63.2,63.1,98.7,0.56,N@0.0,0.0,69.7,0.0,0,"Ten Mile, Whatcom County",330025,Ten Mile,2017-12-05 23:44:44.183082
2017-09-03,20:45,62.9,62.5,62.7,99.2,0.7,W@0.3,4.2,69.8,0.0,0,"Ten Mile, Whatcom County",330025,Ten Mile,2017-12-05 23:44:44.183082
2017-09-03,21:00,61.6,61.2,61.4,99.2,0.76,W@0.0,2.1,69.8,0.0,0,"Ten Mile, Whatcom County",330025,Ten Mile,2017-12-05 23:44:44.183082
2017-09-03,21:15,61.2,60.9,61.0,99.3,0.82,N@0.0,0.0,69.8,0.0,0,"Ten Mile, Whatcom County",330025,Ten Mile,2017-12-05 23:44:44.183082
2017-09-03,21:30,61.0,60.7,60.9,99.3,0.86,SW@0.2,1.7,69.9,0.0,0,"Ten Mile, Whatcom County",330025,Ten Mile,2017-12-05 23:44:44.183082
2017-09-03,21:45,61.1,60.7,60.9,99.3,0.87,W@0.2,3.5,69.9,0.0,0,"Ten Mile, Whatcom County",330025,Ten Mile,2017-12-05 23:44:44.183082
2017-09-03,22:00,60.5,60.2,60.4,99.3,0.9,N@0.0,0.0,69.9,0.0,0,"Ten Mile, Whatcom County",330025,Ten Mile,2017-12-05 23:44:44.183082
2017-09-03,22:15,59.8,59.5,59.7,99.3,0.91,N@0.0,0.0,69.9,0.0,0,"Ten Mile, Whatcom County",330025,Ten Mile,2017-12-05 23:44:44.183082
2017-09-03,22:30,58.5,58.2,58.4,99.3,0.93,N@0.0,0.0,69.9,0.0,0,"Ten Mile, Whatcom County",330025,Ten Mile,2017-12-05 23:44:44.183082
2017-09-03,22:45,58.3,57.8,58.1,99.4,0.94,N@0.0,0.0,69.9,0.0,0,"Ten Mile, Whatcom County",330025,Ten Mile,2017-12-05 23:44:44.183082
2017-09-03,23:00,58.3,57.9,58.1,99.4,0.95,N@0.0,0.0,69.9,0.0,0,"Ten Mile, Whatcom County",330025,Ten Mile,2017-12-05 23:44:44.183082
2017-09-04,23:15,57.5,57.2,57.4,99.4,0.99,N@0.0,0.0,69.9,0.0,0,"Ten Mile, Whatcom County",330025,Ten Mile,2017-12-05 23:44:44.183082
2017-09-04,23:30,56.3,55.9,56.2,99.4,1.0,E@0.0,1.4,69.8,0.0,0,"Ten Mile, Whatcom County",330025,Ten Mile,2017-12-05 23:44:44.183082
2017-09-04,23:45,55.4,55.1,55.2,99.4,1.0,N@0.0,0.0,69.8,0.0,0,"Ten Mile, Whatcom County",330025,Ten Mile,2017-12-05 23:44:44.183082
2017-09-04,24:00,55.3,55.0,55.2,99.4,1.0,N@0.0,0.0,69.8,0.0,0,"Ten Mile, Whatcom County",330025,Ten Mile,2017-12-05 23:44:44.183082
2017-09-04,00:15,55.3,55.0,55.2,99.4,1.0,N@0.0,0.0,69.8,0.0,0,"Ten Mile, Whatcom County",330025,Ten Mile,2017-12-05 23:44:44.183082
2017-09-04,00:30,55.1,54.8,54.9,99.4,1.0,N@0.0,0.0,69.7,0.0,0,"Ten Mile, Whatcom County",330025,Ten Mile,2017-12-05 23:44:44.183082
2017-09-04,00:45,54.5,54.1,54.4,99.4,1.0,N@0.0,0.0,69.7,0.0,0,"Ten Mile, Whatcom County",330025,Ten Mile,2017-12-05 23:44:44.183082
2017-09-04,01:00,54.3,54.0,54.2,99.4,1.0,N@0.0,0.0,69.7,0.0,0,"Ten Mile, Whatcom County",330025,Ten Mile,2017-12-05 23:44:44.183082
2017-09-04,01:15,53.2,52.8,53.0,99.4,1.0,N@0.0,0.0,69.6,0.0,0,"Ten Mile, Whatcom County",330025,Ten Mile,2017-12-05 23:44:44.183082
2017-09-04,01:30,53.4,53.0,53.2,99.4,1.0,N@0.0,0.0,69.6,0.0,0,"Ten Mile, Whatcom County",330025,Ten Mile,2017-12-05 23:44:44.183082
2017-09-04,01:45,53.3,53.0,53.2,99.4,1.0,N@0.0,0.0,69.5,0.0,0,"Ten Mile, Whatcom County",330025,Ten Mile,2017-12-05 23:44:44.183082
2017-09-04,02:00,52.7,52.5,52.5,99.4,1.0,N@0.0,0.0,69.5,0.0,0,"Ten Mile, Whatcom County",330025,Ten Mile,2017-12-05 23:44:44.183082
2017-09-04,02:15,52.5,52.3,52.4,99.4,1.0,NE@0.1,2.4,69.4,0.0,0,"Ten Mile, Whatcom County",330025,Ten Mile,2017-12-05 23:44:44.183082
2017-09-04,02:30,52.4,52.1,52.3,99.4,1.0,N@0.0,0.0,69.4,0.0,0,"Ten Mile, Whatcom County",330025,Ten Mile,2017-12-05 23:44:44.183082
2017-09-04,02:45,52.2,51.8,52.1,99.4,1.0,E@0.0,1.4,69.3,0.0,0,"Ten Mile, Whatcom County",330025,Ten Mile,2017-12-05 23:44:44.183082
2017-09-04,03:00,52.3,52.0,52.2,99.4,1.0,N@0.0,0.0,69.3,0.0,0,"Ten Mile, Whatcom County",330025,Ten Mile,2017-12-05 23:44:44.183082
2017-09-04,03:15,52.3,52.0,52.1,99.4,1.0,N@0.0,0.0,69.2,0.0,0,"Ten Mile, Whatcom County",330025,Ten Mile,2017-12-05 23:44:44.183082
2017-09-04,03:30,51.7,51.3,51.5,99.4,1.0,NE@0.0,1.4,69.2,0.0,0,"Ten Mile, Whatcom County",330025,Ten Mile,2017-12-05 23:44:44.183082
2017-09-04,03:45,51.5,51.1,51.3,99.4,1.0,N@0.0,0.0,69.1,0.0,0,"Ten Mile, Whatcom County",330025,Ten Mile,2017-12-05 23:44:44.183082
2017-09-04,04:00,51.3,51.0,51.1,99.4,1.0,E@0.1,2.4,69.0,0.0,0,"Ten Mile, Whatcom County",330025,Ten Mile,2017-12-05 23:44:44.183082
2017-09-04,04:15,51.2,50.9,51.1,99.4,1.0,N@0.0,0.0,69.0,0.0,0,"Ten Mile, Whatcom County",330025,Ten Mile,2017-12-05 23:44:44.183082
2017-09-04,04:30,51.7,51.3,51.5,99.4,1.0,N@0.0,0.0,68.9,0.0,0,"Ten Mile, Whatcom County",330025,Ten Mile,2017-12-05 23:44:44.183082
2017-09-04,04:45,51.2,50.9,51.1,99.4,1.0,N@0.0,0.0,68.9,0.0,0,"Ten Mile, Whatcom County",330025,Ten Mile,2017-12-05 23:44:44.183082
2017-09-04,05:00,50.5,50.2,50.4,99.4,1.0,N@0.0,0.0,68.8,0.0,0,"Ten Mile, Whatcom County",330025,Ten Mile,2017-12-05 23:44:44.183082
2017-09-04,05:15,50.6,50.3,50.5,99.4,1.0,N@0.0,0.0,68.7,0.0,0,"Ten Mile, Whatcom County",330025,Ten Mile,2017-12-05 23:44:44.183082
2017-09-04,05:30,50.8,50.6,50.7,99.4,1.0,N@0.0,0.0,68.7,0.0,2,"Ten Mile, Whatcom County",330025,Ten Mile,2017-12-05 23:44:44.183082
2017-09-04,05:45,52.2,51.9,52.1,99.4,1.0,N@0.0,0.0,68.6,0.0,7,"Ten Mile, Whatcom County",330025,Ten Mile,2017-12-05 23:44:44.183082
2017-09-04,06:00,51.5,51.3,51.4,99.4,1.0,E@0.0,1.4,68.5,0.0,17,"Ten Mile, Whatcom County",330025,Ten Mile,2017-12-05 23:44:44.183082
2017-09-04,06:15,52.5,52.1,52.3,99.4,1.0,N@0.0,0.0,68.5,0.0,24,"Ten Mile, Whatcom County",330025,Ten Mile,2017-12-05 23:44:44.183082
2017-09-04,06:30,53.2,53.0,53.1,99.4,1.0,N@0.0,0.0,68.4,0.0,80,"Ten Mile, Whatcom County",330025,Ten Mile,2017-12-05 23:44:44.183082
2017-09-04,06:45,54.9,54.7,54.7,99.4,1.0,N@0.0,0.0,68.3,0.0,129,"Ten Mile, Whatcom County",330025,Ten Mile,2017-12-05 23:44:44.183082
2017-09-04,07:00,56.2,56.1,56.1,99.4,1.0,N@0.0,0.0,68.3,0.0,163,"Ten Mile, Whatcom County",330025,Ten Mile,2017-12-05 23:44:44.183082
2017-09-04,07:15,58.2,58.0,58.1,99.4,1.0,N@0.0,0.0,68.2,0.0,200,"Ten Mile, Whatcom County",330025,Ten Mile,2017-12-05 23:44:44.183082
2017-09-04,07:30,60.5,60.3,60.3,99.3,1.0,N@0.0,0.0,68.1,0.0,238,"Ten Mile, Whatcom County",330025,Ten Mile,2017-12-05 23:44:44.183082
2017-09-04,07:45,62.9,62.6,62.7,99.3,1.0,N@0.0,0.0,68.0,0.0,277,"Ten Mile, Whatcom County",330025,Ten Mile,2017-12-05 23:44:44.183082
2017-09-04,08:00,65.3,65.0,64.1,95.9,1.0,NE@0.2,2.4,68.0,0.0,315,"Ten Mile, Whatcom County",330025,Ten Mile,2017-12-05 23:44:44.183082
2017-09-04,08:15,67.6,67.3,64.3,89.1,1.0,NE@1.3,4.2,67.9,0.0,354,"Ten Mile, Whatcom County",330025,Ten Mile,2017-12-05 23:44:44.183082
2017-09-04,08:30,69.3,69.1,64.6,85.1,0.89,NE@2.3,4.2,67.9,0.0,388,"Ten Mile, Whatcom County",330025,Ten Mile,2017-12-05 23:44:44.183082
2017-09-04,08:45,70.5,70.2,64.3,80.7,0.13,N@0.8,3.5,67.8,0.0,423,"Ten Mile, Whatcom County",330025,Ten Mile,2017-12-05 23:44:44.183082
2017-09-04,09:00,72.0,71.7,65.0,78.5,0.01,N@0.4,2.4,67.7,0.0,457,"Ten Mile, Whatcom County",330025,Ten Mile,2017-12-05 23:44:44.183082
2017-09-04,09:15,73.6,73.2,65.6,76.0,0.0,SE@0.0,1.4,67.7,0.0,490,"Ten Mile, Whatcom County",330025,Ten Mile,2017-12-05 23:44:44.183082
2017-09-04,09:30,75.7,75.4,65.4,70.4,0.0,SW@0.7,2.4,67.6,0.0,518,"Ten Mile, Whatcom County",330025,Ten Mile,2017-12-05 23:44:44.183082
2017-09-04,09:45,77.5,77.3,64.4,63.9,0.0,N@1.1,4.2,67.6,0.0,548,"Ten Mile, Whatcom County",330025,Ten Mile,2017-12-05 23:44:44.183082
2017-09-04,10:00,80.3,80.3,62.4,54.5,0.0,NW@2.6,4.9,67.5,0.0,573,"Ten Mile, Whatcom County",330025,Ten Mile,2017-12-05 23:44:44.183082
2017-09-04,10:15,82.1,82.5,61.6,49.7,0.0,N@2.6,4.2,67.5,0.0,596,"Ten Mile, Whatcom County",330025,Ten Mile,2017-12-05 23:44:44.183082
2017-09-04,10:30,83.9,84.0,61.3,46.6,0.0,N@3.4,6.7,67.4,0.0,618,"Ten Mile, Whatcom County",330025,Ten Mile,2017-12-05 23:44:44.183082
2017-09-04,10:45,85.4,85.2,60.8,43.6,0.0,NW@3.4,6.4,67.4,0.0,633,"Ten Mile, Whatcom County",330025,Ten Mile,2017-12-05 23:44:44.183082
2017-09-04,11:00,86.4,86.3,60.2,41.4,0.0,NW@3.6,8.2,67.4,0.0,645,"Ten Mile, Whatcom County",330025,Ten Mile,2017-12-05 23:44:44.183082
2017-09-04,11:15,87.1,87.0,60.5,40.9,0.0,NW@3.5,6.7,67.3,0.0,661,"Ten Mile, Whatcom County",330025,Ten Mile,2017-12-05 23:44:44.183082
2017-09-04,11:30,87.5,87.3,60.1,39.9,0.0,NW@3.7,7.8,67.3,0.0,671,"Ten Mile, Whatcom County",330025,Ten Mile,2017-12-05 23:44:44.183082
2017-09-04,11:45,88.2,87.9,59.6,38.3,0.07,W@3.8,7.1,67.3,0.0,682,"Ten Mile, Whatcom County",330025,Ten Mile,2017-12-05 23:44:44.183082
2017-09-04,12:00,89.2,89.0,59.5,36.9,0.0,NW@3.8,7.1,67.2,0.0,687,"Ten Mile, Whatcom County",330025,Ten Mile,2017-12-05 23:44:44.183082
2017-09-04,12:15,89.8,89.5,59.3,35.9,0.0,W@4.5,8.9,67.2,0.0,706,"Ten Mile, Whatcom County",330025,Ten Mile,2017-12-05 23:44:44.183082
2017-09-04,12:30,90.8,90.5,60.0,35.7,0.0,NW@4.2,7.8,67.2,0.0,699,"Ten Mile, Whatcom County",330025,Ten Mile,2017-12-05 23:44:44.183082
2017-09-04,12:45,90.5,90.2,61.4,38.0,0.0,W@4.6,9.2,67.2,0.0,632,"Ten Mile, Whatcom County",330025,Ten Mile,2017-12-05 23:44:44.183082
2017-09-04,13:00,90.9,90.5,62.9,39.4,0.0,W@4.8,9.9,67.3,0.0,661,"Ten Mile, Whatcom County",330025,Ten Mile,2017-12-05 23:44:44.183082
2017-09-04,13:15,90.0,89.6,61.1,38.0,0.0,W@4.9,9.6,67.3,0.0,668,"Ten Mile, Whatcom County",330025,Ten Mile,2017-12-05 23:44:44.183082
2017-09-04,13:30,91.2,90.8,61.3,36.9,0.0,W@4.5,7.8,67.3,0.0,657,"Ten Mile, Whatcom County",330025,Ten Mile,2017-12-05 23:44:44.183082
2017-09-04,13:45,90.8,90.4,60.7,36.6,0.0,W@5.2,8.5,67.4,0.0,658,"Ten Mile, Whatcom County",330025,Ten Mile,2017-12-05 23:44:44.183082
2017-09-04,14:00,91.4,90.9,62.2,37.9,0.0,W@4.1,7.8,67.5,0.0,636,"Ten Mile, Whatcom County",330025,Ten Mile,2017-12-05 23:44:44.183082
2017-09-04,14:15,91.0,90.6,62.4,38.6,0.0,W@4.2,8.9,67.5,0.0,594,"Ten Mile, Whatcom County",330025,Ten Mile,2017-12-05 23:44:44.183082
2017-09-04,14:30,90.6,90.2,61.3,37.6,0.0,W@5.1,9.2,67.6,0.0,424,"Ten Mile, Whatcom County",330025,Ten Mile,2017-12-05 23:44:44.183082
2017-09-04,14:45,91.2,90.8,60.7,36.2,0.0,W@4.4,8.5,67.7,0.0,582,"Ten Mile, Whatcom County",330025,Ten Mile,2017-12-05 23:44:44.183082
2017-09-04,15:00,90.6,90.2,60.3,36.3,0.0,W@4.9,8.5,67.8,0.0,439,"Ten Mile, Whatcom County",330025,Ten Mile,2017-12-05 23:44:44.183082
2017-09-04,15:15,91.0,90.7,61.9,37.9,0.0,W@3.3,6.7,67.9,0.0,416,"Ten Mile, Whatcom County",330025,Ten Mile,2017-12-05 23:44:44.183082
2017-09-04,15:30,89.4,89.1,61.2,38.9,0.0,W@4.0,7.4,68.0,0.0,413,"Ten Mile, Whatcom County",330025,Ten Mile,2017-12-05 23:44:44.183082
2017-09-04,15:45,89.1,88.8,59.8,37.4,0.0,W@3.9,8.2,68.1,0.0,289,"Ten Mile, Whatcom County",330025,Ten Mile,2017-12-05 23:44:44.183082
2017-09-04,16:00,87.0,86.7,61.5,42.6,0.0,SW@1.9,6.7,68.2,0.0,355,"Ten Mile, Whatcom County",330025,Ten Mile,2017-12-05 23:44:44.183082
2017-09-04,16:15,83.6,83.5,63.2,50.3,0.0,S@1.7,2.8,68.4,0.0,143,"Ten Mile, Whatcom County",330025,Ten Mile,2017-12-05 23:44:44.183082
2017-09-04,16:30,83.2,83.1,64.0,52.4,0.0,S@0.8,2.4,68.5,0.0,202,"Ten Mile, Whatcom County",330025,Ten Mile,2017-12-05 23:44:44.183082
2017-09-04,16:45,82.6,82.6,63.3,52.1,0.0,S@0.6,3.1,68.6,0.0,209,"Ten Mile, Whatcom County",330025,Ten Mile,2017-12-05 23:44:44.183082
2017-09-04,17:00,81.2,81.0,63.9,55.8,0.0,S@0.2,1.7,68.7,0.0,166,"Ten Mile, Whatcom County",330025,Ten Mile,2017-12-05 23:44:44.183082
2017-09-04,17:15,79.8,79.6,64.1,58.8,0.0,SW@0.2,1.7,68.8,0.0,95,"Ten Mile, Whatcom County",330025,Ten Mile,2017-12-05 23:44:44.183082
2017-09-04,17:30,78.5,78.3,64.6,62.4,0.1,N@0.0,0.0,68.9,0.0,74,"Ten Mile, Whatcom County",330025,Ten Mile,2017-12-05 23:44:44.183082
2017-09-04,17:45,77.2,77.0,64.9,65.7,0.02,N@0.0,0.0,69.0,0.0,49,"Ten Mile, Whatcom County",330025,Ten Mile,2017-12-05 23:44:44.183082
2017-09-04,18:00,76.7,76.5,65.3,67.7,0.0,N@0.0,0.0,69.2,0.0,54,"Ten Mile, Whatcom County",330025,Ten Mile,2017-12-05 23:44:44.183082
2017-09-04,18:15,76.2,75.9,64.9,68.1,0.0,N@0.0,0.0,69.3,0.0,40,"Ten Mile, Whatcom County",330025,Ten Mile,2017-12-05 23:44:44.183082
2017-09-04,18:30,74.6,74.2,65.4,73.0,0.01,N@0.0,0.0,69.4,0.0,18,"Ten Mile, Whatcom County",330025,Ten Mile,2017-12-05 23:44:44.183082
2017-09-04,18:45,72.5,72.2,65.4,78.2,0.01,N@0.0,0.0,69.4,0.0,7,"Ten Mile, Whatcom County",330025,Ten Mile,2017-12-05 23:44:44.183082
2017-09-04,19:00,70.9,70.7,65.5,82.9,0.01,N@0.0,0.0,69.5,0.0,2,"Ten Mile, Whatcom County",330025,Ten Mile,2017-12-05 23:44:44.183082
2017-09-04,19:15,69.7,69.5,65.5,86.3,0.02,N@0.0,0.0,69.6,0.0,0,"Ten Mile, Whatcom County",330025,Ten Mile,2017-12-05 23:44:44.183082
2017-09-04,19:30,68.9,68.7,65.7,89.4,0.05,N@0.0,0.0,69.7,0.0,0,"Ten Mile, Whatcom County",330025,Ten Mile,2017-12-05 23:44:44.183082
2017-09-04,19:45,67.8,67.5,65.1,90.7,0.08,N@0.0,0.0,69.7,0.0,0,"Ten Mile, Whatcom County",330025,Ten Mile,2017-12-05 23:44:44.183082
2017-09-04,20:00,67.0,66.7,64.8,92.3,0.13,N@0.0,0.0,69.8,0.0,0,"Ten Mile, Whatcom County",330025,Ten Mile,2017-12-05 23:44:44.183082
2017-09-04,20:15,66.3,66.0,64.4,93.3,0.19,N@0.0,0.0,69.8,0.0,0,"Ten Mile, Whatcom County",330025,Ten Mile,2017-12-05 23:44:44.183082
2017-09-04,20:30,65.7,65.3,64.2,94.8,0.26,N@0.0,0.0,69.9,0.0,0,"Ten Mile, Whatcom County",330025,Ten Mile,2017-12-05 23:44:44.183082
2017-09-04,20:45,64.7,64.3,64.1,97.6,0.36,N@0.0,0.0,69.9,0.0,0,"Ten Mile, Whatcom County",330025,Ten Mile,2017-12-05 23:44:44.183082
2017-09-04,21:00,63.9,63.4,63.7,99.2,0.45,N@0.0,0.0,70.0,0.0,0,"Ten Mile, Whatcom County",330025,Ten Mile,2017-12-05 23:44:44.183082
2017-09-04,21:15,62.9,62.6,62.8,99.3,0.55,N@0.0,0.0,70.0,0.0,0,"Ten Mile, Whatcom County",330025,Ten Mile,2017-12-05 23:44:44.183082
2017-09-04,21:30,61.7,61.4,61.6,99.4,0.65,N@0.0,0.0,70.0,0.0,0,"Ten Mile, Whatcom County",330025,Ten Mile,2017-12-05 23:44:44.183082
2017-09-04,21:45,61.6,61.2,61.5,99.4,0.76,N@0.0,0.0,70.1,0.0,0,"Ten Mile, Whatcom County",330025,Ten Mile,2017-12-05 23:44:44.183082
2017-09-04,22:00,60.5,60.1,60.4,99.4,0.82,N@0.0,0.0,70.1,0.0,0,"Ten Mile, Whatcom County",330025,Ten Mile,2017-12-05 23:44:44.183082
2017-09-04,22:15,60.2,59.9,60.0,99.4,0.86,N@0.0,0.0,70.1,0.0,0,"Ten Mile, Whatcom County",330025,Ten Mile,2017-12-05 23:44:44.183082
2017-09-04,22:30,59.9,59.5,59.7,99.4,0.89,N@0.0,0.0,70.1,0.0,0,"Ten Mile, Whatcom County",330025,Ten Mile,2017-12-05 23:44:44.183082
2017-09-04,22:45,59.3,58.9,59.2,99.4,0.92,N@0.0,0.0,70.1,0.0,0,"Ten Mile, Whatcom County",330025,Ten Mile,2017-12-05 23:44:44.183082
2017-09-04,23:00,59.0,58.6,58.8,99.4,0.93,N@0.0,0.0,70.1,0.0,0,"Ten Mile, Whatcom County",330025,Ten Mile,2017-12-05 23:44:44.183082
2017-09-05,23:15,58.0,57.7,57.8,99.4,0.94,E@0.0,1.4,70.1,0.0,0,"Ten Mile, Whatcom County",330025,Ten Mile,2017-12-05 23:44:44.183082
2017-09-05,23:30,58.0,57.6,57.8,99.4,0.94,N@0.0,0.0,70.1,0.0,0,"Ten Mile, Whatcom County",330025,Ten Mile,2017-12-05 23:44:44.183082
2017-09-05,23:45,58.1,57.7,57.9,99.4,0.96,N@0.0,0.0,70.1,0.0,0,"Ten Mile, Whatcom County",330025,Ten Mile,2017-12-05 23:44:44.183082
2017-09-05,24:00,57.7,57.3,57.5,99.4,1.0,N@0.0,0.0,70.0,0.0,0,"Ten Mile, Whatcom County",330025,Ten Mile,2017-12-05 23:44:44.183082
2017-09-05,00:15,58.4,58.0,58.2,99.4,1.0,N@0.0,0.0,70.0,0.0,0,"Ten Mile, Whatcom County",330025,Ten Mile,2017-12-05 23:44:44.183082
2017-09-05,00:30,58.0,57.6,57.8,99.4,1.0,N@0.0,0.0,70.0,0.0,0,"Ten Mile, Whatcom County",330025,Ten Mile,2017-12-05 23:44:44.183082
2017-09-05,00:45,57.9,57.5,57.7,99.4,1.0,N@0.0,0.0,69.9,0.0,0,"Ten Mile, Whatcom County",330025,Ten Mile,2017-12-05 23:44:44.183082
2017-09-05,01:00,57.4,57.0,57.2,99.4,1.0,N@0.0,0.0,69.9,0.0,0,"Ten Mile, Whatcom County",330025,Ten Mile,2017-12-05 23:44:44.183082
2017-09-05,01:15,57.5,57.1,57.4,99.4,1.0,N@0.0,0.0,69.9,0.0,0,"Ten Mile, Whatcom County",330025,Ten Mile,2017-12-05 23:44:44.183082
2017-09-05,01:30,57.2,56.8,57.1,99.4,1.0,N@0.0,0.0,69.8,0.0,0,"Ten Mile, Whatcom County",330025,Ten Mile,2017-12-05 23:44:44.183082
2017-09-05,01:45,57.3,56.8,57.1,99.4,1.0,N@0.0,0.0,69.8,0.0,0,"Ten Mile, Whatcom County",330025,Ten Mile,2017-12-05 23:44:44.183082
2017-09-05,02:00,57.3,56.9,57.2,99.4,1.0,N@0.0,0.0,69.8,0.0,0,"Ten Mile, Whatcom County",330025,Ten Mile,2017-12-05 23:44:44.183082
2017-09-05,02:15,57.8,57.4,57.7,99.4,1.0,N@0.0,0.0,69.7,0.0,0,"Ten Mile, Whatcom County",330025,Ten Mile,2017-12-05 23:44:44.183082
2017-09-05,02:30,57.4,57.1,57.3,99.4,1.0,N@0.0,0.0,69.7,0.0,0,"Ten Mile, Whatcom County",330025,Ten Mile,2017-12-05 23:44:44.183082
2017-09-05,02:45,56.9,56.5,56.8,99.4,1.0,N@0.0,0.0,69.6,0.0,0,"Ten Mile, Whatcom County",330025,Ten Mile,2017-12-05 23:44:44.183082
2017-09-05,03:00,56.5,56.2,56.4,99.4,1.0,N@0.0,0.0,69.6,0.0,0,"Ten Mile, Whatcom County",330025,Ten Mile,2017-12-05 23:44:44.183082
2017-09-05,03:15,56.5,56.1,56.3,99.4,1.0,N@0.0,0.0,69.5,0.0,0,"Ten Mile, Whatcom County",330025,Ten Mile,2017-12-05 23:44:44.183082
2017-09-05,03:30,56.3,55.9,56.2,99.4,1.0,N@0.0,0.0,69.5,0.0,0,"Ten Mile, Whatcom County",330025,Ten Mile,2017-12-05 23:44:44.183082
2017-09-05,03:45,55.9,55.5,55.8,99.4,1.0,N@0.0,0.0,69.4,0.0,0,"Ten Mile, Whatcom County",330025,Ten Mile,2017-12-05 23:44:44.183082
2017-09-05,04:00,55.9,55.5,55.7,99.4,1.0,N@0.0,0.0,69.4,0.0,0,"Ten Mile, Whatcom County",330025,Ten Mile,2017-12-05 23:44:44.183082
2017-09-05,04:15,55.5,55.1,55.3,99.4,1.0,N@0.0,0.0,69.3,0.0,0,"Ten Mile, Whatcom County",330025,Ten Mile,2017-12-05 23:44:44.183082
2017-09-05,04:30,56.2,55.8,56.1,99.4,1.0,N@0.0,0.0,69.3,0.0,0,"Ten Mile, Whatcom County",330025,Ten Mile,2017-12-05 23:44:44.183082
2017-09-05,04:45,56.0,55.5,55.8,99.4,1.0,N@0.0,0.0,69.2,0.0,0,"Ten Mile, Whatcom County",330025,Ten Mile,2017-12-05 23:44:44.183082
2017-09-05,05:00,55.7,55.3,55.5,99.4,1.0,N@0.0,0.0,69.2,0.0,0,"Ten Mile, Whatcom County",330025,Ten Mile,2017-12-05 23:44:44.183082
2017-09-05,05:15,55.6,55.3,55.4,99.4,1.0,N@0.0,0.0,69.1,0.0,0,"Ten Mile, Whatcom County",330025,Ten Mile,2017-12-05 23:44:44.183082
2017-09-05,05:30,55.7,55.3,55.5,99.4,1.0,N@0.0,0.0,69.1,0.0,0,"Ten Mile, Whatcom County",330025,Ten Mile,2017-12-05 23:44:44.183082
2017-09-05,05:45,55.9,55.5,55.8,99.4,1.0,N@0.0,0.0,69.0,0.0,2,"Ten Mile, Whatcom County",330025,Ten Mile,2017-12-05 23:44:44.183082
2017-09-05,06:00,56.2,55.8,56.0,99.4,1.0,N@0.0,0.0,69.0,0.0,5,"Ten Mile, Whatcom County",330025,Ten Mile,2017-12-05 23:44:44.183082
2017-09-05,06:15,56.2,55.9,56.1,99.4,1.0,N@0.0,0.0,68.9,0.0,16,"Ten Mile, Whatcom County",330025,Ten Mile,2017-12-05 23:44:44.183082
2017-09-05,06:30,57.2,56.9,57.0,99.4,1.0,N@0.0,0.0,68.9,0.0,25,"Ten Mile, Whatcom County",330025,Ten Mile,2017-12-05 23:44:44.183082
2017-09-05,06:45,57.9,57.6,57.8,99.4,1.0,N@0.0,0.0,68.8,0.0,26,"Ten Mile, Whatcom County",330025,Ten Mile,2017-12-05 23:44:44.183082
2017-09-05,07:00,59.2,58.9,59.0,99.4,1.0,W@0.7,4.2,68.7,0.0,41,"Ten Mile, Whatcom County",330025,Ten Mile,2017-12-05 23:44:44.183082
2017-09-05,07:15,60.4,60.1,60.2,99.4,1.0,W@0.5,3.9,68.7,0.0,44,"Ten Mile, Whatcom County",330025,Ten Mile,2017-12-05 23:44:44.183082
2017-09-05,07:30,61.3,61.0,61.2,99.4,1.0,N@0.0,0.0,68.6,0.0,53,"Ten Mile, Whatcom County",330025,Ten Mile,2017-12-05 23:44:44.183082
2017-09-05,07:45,62.6,62.2,62.4,99.4,1.0,N@0.0,0.0,68.6,0.0,91,"Ten Mile, Whatcom County",330025,Ten Mile,2017-12-05 23:44:44.183082
2017-09-05,08:00,64.1,63.8,64.0,99.4,1.0,N@0.0,0.0,68.5,0.0,121,"Ten Mile, Whatcom County",330025,Ten Mile,2017-12-05 23:44:44.183082
2017-09-05,08:15,65.3,65.0,65.1,99.3,1.0,N@0.0,0.0,68.5,0.0,147,"Ten Mile, Whatcom County",330025,Ten Mile,2017-12-05 23:44:44.183082
2017-09-05,08:30,67.8,67.5,66.1,94.0,0.98,E@0.3,2.8,68.4,0.0,146,"Ten Mile, Whatcom County",330025,Ten Mile,2017-12-05 23:44:44.183082
2017-09-05,08:45,70.8,70.4,64.7,80.9,0.38,N@0.1,1.7,68.4,0.0,136,"Ten Mile, Whatcom County",330025,Ten Mile,2017-12-05 23:44:44.183082
2017-09-05,09:00,72.4,72.1,64.5,76.2,0.0,N@0.3,2.8,68.3,0.0,162,"Ten Mile, Whatcom County",330025,Ten Mile,2017-12-05 23:44:44.183082
2017-09-05,09:15,72.9,72.4,64.5,74.8,0.0,N@0.0,0.0,68.2,0.0,175,"Ten Mile, Whatcom County",330025,Ten Mile,2017-12-05 23:44:44.183082
2017-09-05,09:30,73.5,73.1,64.4,73.2,0.0,N@0.0,0.0,68.2,0.0,169,"Ten Mile, Whatcom County",330025,Ten Mile,2017-12-05 23:44:44.183082
2017-09-05,09:45,72.8,72.5,64.4,74.7,0.0,SW@0.0,1.4,68.1,0.0,173,"Ten Mile, Whatcom County",330025,Ten Mile,2017-12-05 23:44:44.183082
2017-09-05,10:00,72.4,72.2,65.0,77.6,0.0,S@0.0,1.4,68.1,0.0,181,"Ten Mile, Whatcom County",330025,Ten Mile,2017-12-05 23:44:44.183082
2017-09-05,10:15,73.1,72.9,64.8,75.1,0.0,N@0.0,0.0,68.1,0.0,217,"Ten Mile, Whatcom County",330025,Ten Mile,2017-12-05 23:44:44.183082
2017-09-05,10:30,73.6,73.5,64.9,74.1,0.0,N@0.0,0.0,68.0,0.0,212,"Ten Mile, Whatcom County",330025,Ten Mile,2017-12-05 23:44:44.183082
2017-09-05,10:45,75.2,75.1,63.7,67.6,0.0,N@0.0,0.0,68.0,0.0,293,"Ten Mile, Whatcom County",330025,Ten Mile,2017-12-05 23:44:44.183082
2017-09-05,11:00,77.4,77.1,64.1,63.7,0.0,N@0.0,0.0,68.0,0.0,313,"Ten Mile, Whatcom County",330025,Ten Mile,2017-12-05 23:44:44.183082
2017-09-05,11:15,78.4,78.1,64.6,62.7,0.42,N@0.0,0.0,68.0,0.0,252,"Ten Mile, Whatcom County",330025,Ten Mile,2017-12-05 23:44:44.183082
2017-09-05,11:30,78.8,78.5,65.0,62.6,0.55,N@0.0,0.0,67.9,0.0,235,"Ten Mile, Whatcom County",330025,Ten Mile,2017-12-05 23:44:44.183082
2017-09-05,11:45,79.0,78.7,65.5,63.1,0.41,N@0.0,0.0,67.9,0.0,240,"Ten Mile, Whatcom County",330025,Ten Mile,2017-12-05 23:44:44.183082
2017-09-05,12:00,78.9,78.6,64.5,61.4,0.28,W@0.4,4.6,67.9,0.0,223,"Ten Mile, Whatcom County",330025,Ten Mile,2017-12-05 23:44:44.183082
2017-09-05,12:15,79.0,78.8,65.3,62.7,0.2,N@0.0,0.0,67.9,0.0,252,"Ten Mile, Whatcom County",330025,Ten Mile,2017-12-05 23:44:44.183082
2017-09-05,12:30,81.0,81.0,65.8,59.9,0.14,N@0.0,0.0,67.9,0.0,352,"Ten Mile, Whatcom County",330025,Ten Mile,2017-12-05 23:44:44.183082
2017-09-05,12:45,82.7,82.6,65.6,56.3,0.09,N@0.0,0.0,67.9,0.0,349,"Ten Mile, Whatcom County",330025,Ten Mile,2017-12-05 23:44:44.183082
2017-09-05,13:00,81.9,81.6,66.1,58.9,0.06,N@0.0,0.0,67.9,0.0,276,"Ten Mile, Whatcom County",330025,Ten Mile,2017-12-05 23:44:44.183082
2017-09-05,13:15,81.1,80.9,66.4,60.9,0.04,SW@0.1,2.1,67.9,0.0,224,"Ten Mile, Whatcom County",330025,Ten Mile,2017-12-05 23:44:44.183082
2017-09-05,13:30,80.6,80.4,67.1,63.6,0.03,N@0.0,0.0,67.9,0.0,181,"Ten Mile, Whatcom County",330025,Ten Mile,2017-12-05 23:44:44.183082
2017-09-05,13:45,81.9,81.6,67.8,62.3,0.02,SW@0.2,2.1,67.9,0.0,231,"Ten Mile, Whatcom County",330025,Ten Mile,2017-12-05 23:44:44.183082
2017-09-05,14:00,80.8,80.6,68.1,65.1,0.02,SW@0.2,1.4,67.9,0.0,149,"Ten Mile, Whatcom County",330025,Ten Mile,2017-12-05 23:44:44.183082
2017-09-05,14:15,80.1,79.9,68.3,67.3,0.02,SW@0.1,1.7,67.9,0.0,138,"Ten Mile, Whatcom County",330025,Ten Mile,2017-12-05 23:44:44.183082
2017-09-05,14:30,78.5,78.4,68.0,70.1,0.02,E@0.1,1.7,68.0,0.0,115,"Ten Mile, Whatcom County",330025,Ten Mile,2017-12-05 23:44:44.183082
2017-09-05,14:45,78.1,77.8,69.8,75.8,0.02,E@2.7,5.7,68.0,0.0,78,"Ten Mile, Whatcom County",330025,Ten Mile,2017-12-05 23:44:44.183082
2017-09-05,15:00,78.1,77.7,69.6,75.3,0.02,NE@0.3,3.9,68.0,0.0,82,"Ten Mile, Whatcom County",330025,Ten Mile,2017-12-05 23:44:44.183082
2017-09-05,15:15,78.9,78.7,69.3,72.3,0.03,E@3.2,5.7,68.1,0.0,77,"Ten Mile, Whatcom County",330025,Ten Mile,2017-12-05 23:44:44.183082
2017-09-05,15:30,80.0,79.6,65.3,60.8,0.02,N@0.2,1.7,68.1,0.0,151,"Ten Mile, Whatcom County",330025,Ten Mile,2017-12-05 23:44:44.183082
2017-09-05,15:45,80.8,80.5,65.8,60.3,0.02,NW@0.8,2.4,68.1,0.0,147,"Ten Mile, Whatcom County",330025,Ten Mile,2017-12-05 23:44:44.183082
2017-09-05,16:00,80.0,79.6,66.7,63.8,0.01,W@1.4,4.2,68.2,0.0,136,"Ten Mile, Whatcom County",330025,Ten Mile,2017-12-05 23:44:44.183082
2017-09-05,16:15,79.8,79.4,65.9,62.6,0.01,W@0.5,3.1,68.2,0.0,118,"Ten Mile, Whatcom County",330025,Ten Mile,2017-12-05 23:44:44.183082
2017-09-05,16:30,79.3,78.9,67.9,68.0,0.01,W@0.8,2.8,68.2,0.0,104,"Ten Mile, Whatcom County",330025,Ten Mile,2017-12-05 23:44:44.183082
2017-09-05,16:45,78.5,78.1,69.4,73.5,0.02,NW@0.5,2.4,68.3,0.0,93,"Ten Mile, Whatcom County",330025,Ten Mile,2017-12-05 23:44:44.183082
2017-09-05,17:00,77.9,77.6,68.8,73.4,0.02,N@0.4,2.1,68.3,0.0,59,"Ten Mile, Whatcom County",330025,Ten Mile,2017-12-05 23:44:44.183082
2017-09-05,17:15,76.9,76.6,68.5,75.2,0.03,NW@1.4,4.6,68.4,0.0,42,"Ten Mile, Whatcom County",330025,Ten Mile,2017-12-05 23:44:44.183082
2017-09-05,17:30,76.4,76.1,64.9,67.6,0.02,SW@1.5,3.9,68.4,0.0,28,"Ten Mile, Whatcom County",330025,Ten Mile,2017-12-05 23:44:44.183082
2017-09-05,17:45,76.6,76.3,63.1,63.0,0.02,W@2.1,3.9,68.4,0.0,22,"Ten Mile, Whatcom County",330025,Ten Mile,2017-12-05 23:44:44.183082
2017-09-05,18:00,76.6,76.4,62.4,61.3,0.01,SW@1.6,3.9,68.5,0.0,19,"Ten Mile, Whatcom County",330025,Ten Mile,2017-12-05 23:44:44.183082
2017-09-05,18:15,74.6,74.4,64.6,70.9,0.02,S@0.2,1.7,68.5,0.0,10,"Ten Mile, Whatcom County",330025,Ten Mile,2017-12-05 23:44:44.183082
2017-09-05,18:30,73.4,73.2,66.7,79.6,0.03,SE@0.9,3.5,68.5,0.0,5,"Ten Mile, Whatcom County",330025,Ten Mile,2017-12-05 23:44:44.183082
2017-09-05,18:45,72.5,72.3,66.9,82.4,0.04,SW@1.1,4.6,68.6,0.0,0,"Ten Mile, Whatcom County",330025,Ten Mile,2017-12-05 23:44:44.183082
2017-09-05,19:00,72.4,72.2,65.9,80.1,0.05,N@0.1,1.7,68.6,0.0,0,"Ten Mile, Whatcom County",330025,Ten Mile,2017-12-05 23:44:44.183082
2017-09-05,19:15,71.0,70.8,66.6,85.9,0.07,E@0.3,3.9,68.6,0.0,0,"Ten Mile, Whatcom County",330025,Ten Mile,2017-12-05 23:44:44.183082
2017-09-05,19:30,70.8,70.5,65.8,84.2,0.09,N@0.0,0.0,68.7,0.0,0,"Ten Mile, Whatcom County",330025,Ten Mile,2017-12-05 23:44:44.183082
2017-09-05,19:45,70.4,70.1,65.4,84.2,0.11,W@0.0,1.4,68.7,0.0,0,"Ten Mile, Whatcom County",330025,Ten Mile,2017-12-05 23:44:44.183082
2017-09-05,20:00,69.4,69.1,65.3,86.8,0.14,N@0.0,0.0,68.7,0.0,0,"Ten Mile, Whatcom County",330025,Ten Mile,2017-12-05 23:44:44.183082
2017-09-05,20:15,67.8,67.4,65.7,92.8,0.21,N@0.0,0.0,68.7,0.0,0,"Ten Mile, Whatcom County",330025,Ten Mile,2017-12-05 23:44:44.183082
2017-09-05,20:30,67.0,66.6,65.8,95.8,0.3,N@0.0,0.0,68.8,0.0,0,"Ten Mile, Whatcom County",330025,Ten Mile,2017-12-05 23:44:44.183082
2017-09-05,20:45,66.5,66.1,65.8,97.5,0.4,N@0.0,0.0,68.8,0.0,0,"Ten Mile, Whatcom County",330025,Ten Mile,2017-12-05 23:44:44.183082
2017-09-05,21:00,65.7,65.4,65.3,98.2,0.47,N@0.0,0.0,68.8,0.0,0,"Ten Mile, Whatcom County",330025,Ten Mile,2017-12-05 23:44:44.183082
2017-09-05,21:15,64.9,64.6,64.8,99.3,0.53,N@0.0,0.0,68.8,0.0,0,"Ten Mile, Whatcom County",330025,Ten Mile,2017-12-05 23:44:44.183082
2017-09-05,21:30,64.7,64.3,64.5,99.4,0.57,N@0.0,0.0,68.8,0.0,0,"Ten Mile, Whatcom County",330025,Ten Mile,2017-12-05 23:44:44.183082
2017-09-05,21:45,64.6,64.1,64.4,99.4,0.61,N@0.0,0.0,68.8,0.0,0,"Ten Mile, Whatcom County",330025,Ten Mile,2017-12-05 23:44:44.183082
2017-09-05,22:00,64.2,63.8,64.0,99.4,0.65,N@0.0,0.0,68.8,0.0,0,"Ten Mile, Whatcom County",330025,Ten Mile,2017-12-05 23:44:44.183082
2017-09-05,22:15,64.2,63.8,64.0,99.4,0.67,N@0.0,0.0,68.8,0.0,0,"Ten Mile, Whatcom County",330025,Ten Mile,2017-12-05 23:44:44.183082
2017-09-05,22:30,64.1,63.7,64.0,99.4,0.68,N@0.0,0.0,68.9,0.0,0,"Ten Mile, Whatcom County",330025,Ten Mile,2017-12-05 23:44:44.183082
2017-09-05,22:45,63.7,63.4,63.6,99.4,0.7,W@0.2,4.2,68.8,0.0,0,"Ten Mile, Whatcom County",330025,Ten Mile,2017-12-05 23:44:44.183082
2017-09-05,23:00,64.0,63.6,63.8,99.4,0.71,N@0.0,0.0,68.8,0.0,0,"Ten Mile, Whatcom County",330025,Ten Mile,2017-12-05 23:44:44.183082
2017-09-06,23:15,64.2,63.8,64.0,99.4,0.72,W@0.0,1.4,68.8,0.0,0,"Ten Mile, Whatcom County",330025,Ten Mile,2017-12-05 23:44:44.183082
2017-09-06,23:30,64.1,63.7,63.9,99.4,0.72,N@0.0,0.0,68.8,0.0,0,"Ten Mile, Whatcom County",330025,Ten Mile,2017-12-05 23:44:44.183082
2017-09-06,23:45,63.5,63.1,63.3,99.4,0.73,N@0.0,0.0,68.8,0.0,0,"Ten Mile, Whatcom County",330025,Ten Mile,2017-12-05 23:44:44.183082
2017-09-06,24:00,63.6,63.2,63.4,99.4,0.75,N@0.0,0.0,68.8,0.0,0,"Ten Mile, Whatcom County",330025,Ten Mile,2017-12-05 23:44:44.183082
