Date,Time PST,Air Temp °F, 2<sup>nd</sup> Air Temp °F, Dew Point °F, Rel Hum %, Leaf Wet u., Wind Dir @ Speed mph, Wind Gust mph, 8 in. Soil Tmp °F, Tot Prec in, Solar Rad W/m²,Location,Station ID,Station Name,Download Timestamp
2016-10-12,00:15,36.0,35.6,35.8,99.3,0.9,N@0.0,0.0,53.8,0.0,0,"Snohomish, Snohomish County",330162,Snohomish,2017-12-07 04:23:27.260976
2016-10-12,00:30,35.7,35.4,35.5,99.3,0.9,N@0.0,0.0,53.7,0.0,0,"Snohomish, Snohomish County",330162,Snohomish,2017-12-07 04:23:27.260976
2016-10-12,00:45,34.9,34.5,34.7,99.3,0.9,N@0.0,0.0,53.7,0.0,0,"Snohomish, Snohomish County",330162,Snohomish,2017-12-07 04:23:27.260976
2016-10-12,01:00,35.7,35.4,35.5,99.3,0.9,N@0.0,0.0,53.7,0.0,0,"Snohomish, Snohomish County",330162,Snohomish,2017-12-07 04:23:27.260976
2016-10-12,01:15,34.2,33.8,34.0,99.3,0.9,N@0.0,0.0,53.7,0.0,0,"Snohomish, Snohomish County",330162,Snohomish,2017-12-07 04:23:27.260976
2016-10-12,01:30,34.2,33.9,34.0,99.3,0.9,N@0.0,0.0,53.6,0.0,0,"Snohomish, Snohomish County",330162,Snohomish,2017-12-07 04:23:27.260976
2016-10-12,01:45,35.2,34.9,35.1,99.3,0.9,N@0.0,0.0,53.6,0.0,0,"Snohomish, Snohomish County",330162,Snohomish,2017-12-07 04:23:27.260976
2016-10-12,02:00,33.9,33.5,33.7,99.3,0.88,N@0.0,0.0,53.6,0.0,0,"Snohomish, Snohomish County",330162,Snohomish,2017-12-07 04:23:27.260976
2016-10-12,02:15,34.3,33.9,34.1,99.3,0.87,N@0.0,0.0,53.5,0.0,0,"Snohomish, Snohomish County",330162,Snohomish,2017-12-07 04:23:27.260976
2016-10-12,02:30,32.4,32.2,32.3,99.2,0.85,N@0.0,0.0,53.5,0.0,0,"Snohomish, Snohomish County",330162,Snohomish,2017-12-07 04:23:27.260976
2016-10-12,02:45,31.8,31.6,31.5,99.3,0.27,N@0.0,0.0,53.4,0.0,0,"Snohomish, Snohomish County",330162,Snohomish,2017-12-07 04:23:27.260976
2016-10-12,03:00,32.2,32.0,32.0,99.3,0.15,N@0.0,0.0,53.4,0.0,0,"Snohomish, Snohomish County",330162,Snohomish,2017-12-07 04:23:27.260976
2016-10-12,03:15,30.9,30.8,30.4,99.3,0.07,N@0.0,0.0,53.3,0.0,0,"Snohomish, Snohomish County",330162,Snohomish,2017-12-07 04:23:27.260976
2016-10-12,03:30,31.3,30.9,30.9,99.3,0.1,N@0.0,0.0,53.3,0.0,0,"Snohomish, Snohomish County",330162,Snohomish,2017-12-07 04:23:27.260976
2016-10-12,03:45,32.2,31.9,32.1,99.3,0.13,N@0.0,0.0,53.3,0.0,0,"Snohomish, Snohomish County",330162,Snohomish,2017-12-07 04:23:27.260976
2016-10-12,04:00,32.2,32.1,32.0,99.3,0.21,N@0.0,0.0,53.2,0.0,0,"Snohomish, Snohomish County",330162,Snohomish,2017-12-07 04:23:27.260976
2016-10-12,04:15,32.7,32.3,32.5,99.3,0.23,N@0.0,0.0,53.2,0.0,0,"Snohomish, Snohomish County",330162,Snohomish,2017-12-07 04:23:27.260976
2016-10-12,04:30,31.8,31.6,31.5,99.3,0.18,N@0.0,0.0,53.1,0.0,0,"Snohomish, Snohomish County",330162,Snohomish,2017-12-07 04:23:27.260976
2016-10-12,04:45,32.2,31.8,32.0,99.3,0.14,N@0.0,0.0,53.1,0.0,0,"Snohomish, Snohomish County",330162,Snohomish,2017-12-07 04:23:27.260976
2016-10-12,05:00,32.6,32.3,32.5,99.3,0.16,N@0.0,0.0,53.0,0.0,0,"Snohomish, Snohomish County",330162,Snohomish,2017-12-07 04:23:27.260976
2016-10-12,05:15,32.2,32.0,32.0,99.3,0.13,N@0.0,0.0,53.0,0.0,0,"Snohomish, Snohomish County",330162,Snohomish,2017-12-07 04:23:27.260976
2016-10-12,05:30,32.4,32.2,32.3,99.3,0.25,E@1.7,9.2,52.9,0.0,0,"Snohomish, Snohomish County",330162,Snohomish,2017-12-07 04:23:27.260976
2016-10-12,05:45,32.7,32.6,32.5,99.3,0.48,E@1.9,9.2,52.9,0.0,0,"Snohomish, Snohomish County",330162,Snohomish,2017-12-07 04:23:27.260976
2016-10-12,06:00,32.7,32.6,32.5,99.3,0.52,SE@0.1,4.6,52.8,0.0,0,"Snohomish, Snohomish County",330162,Snohomish,2017-12-07 04:23:27.260976
2016-10-12,06:15,32.8,32.6,32.6,99.3,0.47,N@0.0,0.0,52.8,0.0,1,"Snohomish, Snohomish County",330162,Snohomish,2017-12-07 04:23:27.260976
2016-10-12,06:30,32.4,32.3,32.2,99.3,0.25,N@0.0,0.0,52.7,0.0,8,"Snohomish, Snohomish County",330162,Snohomish,2017-12-07 04:23:27.260976
2016-10-12,06:45,32.3,32.1,32.1,99.3,0.15,N@0.0,0.0,52.7,0.0,18,"Snohomish, Snohomish County",330162,Snohomish,2017-12-07 04:23:27.260976
2016-10-12,07:00,32.7,32.5,32.6,99.3,0.24,N@0.0,0.0,52.6,0.0,42,"Snohomish, Snohomish County",330162,Snohomish,2017-12-07 04:23:27.260976
2016-10-12,07:15,33.3,32.9,33.1,99.3,0.36,N@0.0,0.0,52.6,0.0,83,"Snohomish, Snohomish County",330162,Snohomish,2017-12-07 04:23:27.260976
2016-10-12,07:30,33.6,33.2,33.4,99.3,0.75,N@0.0,0.0,52.5,0.0,140,"Snohomish, Snohomish County",330162,Snohomish,2017-12-07 04:23:27.260976
2016-10-12,07:45,35.7,35.7,35.5,99.3,0.85,N@0.0,0.0,52.5,0.0,210,"Snohomish, Snohomish County",330162,Snohomish,2017-12-07 04:23:27.260976
2016-10-12,08:00,36.5,36.5,36.3,99.3,0.8,N@0.0,0.0,52.5,0.0,228,"Snohomish, Snohomish County",330162,Snohomish,2017-12-07 04:23:27.260976
2016-10-12,08:15,37.9,38.2,37.7,99.3,0.8,NE@0.9,3.9,52.4,0.0,269,"Snohomish, Snohomish County",330162,Snohomish,2017-12-07 04:23:27.260976
2016-10-12,08:30,39.5,40.2,39.3,99.3,0.8,E@0.2,2.4,52.4,0.0,313,"Snohomish, Snohomish County",330162,Snohomish,2017-12-07 04:23:27.260976
2016-10-12,08:45,40.5,41.6,40.3,99.3,0.82,E@0.2,2.4,52.3,0.0,345,"Snohomish, Snohomish County",330162,Snohomish,2017-12-07 04:23:27.260976
2016-10-12,09:00,41.4,42.8,41.3,99.3,0.83,N@0.0,0.0,52.3,0.0,371,"Snohomish, Snohomish County",330162,Snohomish,2017-12-07 04:23:27.260976
2016-10-12,09:15,43.1,44.8,42.9,99.2,0.83,N@0.0,0.0,52.2,0.0,360,"Snohomish, Snohomish County",330162,Snohomish,2017-12-07 04:23:27.260976
2016-10-12,09:30,45.1,47.1,44.6,98.0,0.79,SW@0.2,2.8,52.2,0.0,403,"Snohomish, Snohomish County",330162,Snohomish,2017-12-07 04:23:27.260976
2016-10-12,09:45,47.8,49.5,45.1,90.1,0.7,N@0.0,0.0,52.1,0.0,410,"Snohomish, Snohomish County",330162,Snohomish,2017-12-07 04:23:27.260976
2016-10-12,10:00,49.3,50.4,43.5,80.4,0.23,SW@0.0,1.4,52.1,0.0,410,"Snohomish, Snohomish County",330162,Snohomish,2017-12-07 04:23:27.260976
2016-10-12,10:15,52.6,53.4,42.7,68.9,0.0,SW@1.8,4.6,52.0,0.0,481,"Snohomish, Snohomish County",330162,Snohomish,2017-12-07 04:23:27.260976
2016-10-12,10:30,54.4,55.1,41.5,61.7,0.0,SW@0.1,2.8,52.0,0.0,488,"Snohomish, Snohomish County",330162,Snohomish,2017-12-07 04:23:27.260976
2016-10-12,10:45,57.0,57.9,40.4,53.7,0.0,N@0.0,0.0,51.9,0.0,524,"Snohomish, Snohomish County",330162,Snohomish,2017-12-07 04:23:27.260976
2016-10-12,11:00,57.8,59.1,38.6,48.5,0.0,N@0.0,0.0,51.9,0.0,534,"Snohomish, Snohomish County",330162,Snohomish,2017-12-07 04:23:27.260976
2016-10-12,11:15,59.3,60.7,38.5,45.9,0.0,NE@0.3,4.6,51.9,0.0,547,"Snohomish, Snohomish County",330162,Snohomish,2017-12-07 04:23:27.260976
2016-10-12,11:30,60.0,60.8,38.3,44.4,0.0,E@1.4,6.0,51.8,0.0,559,"Snohomish, Snohomish County",330162,Snohomish,2017-12-07 04:23:27.260976
2016-10-12,11:45,61.0,62.1,34.8,37.2,0.0,SE@0.0,1.4,51.8,0.0,560,"Snohomish, Snohomish County",330162,Snohomish,2017-12-07 04:23:27.260976
2016-10-12,12:00,62.1,63.1,37.1,39.3,0.0,N@0.0,0.0,51.8,0.0,493,"Snohomish, Snohomish County",330162,Snohomish,2017-12-07 04:23:27.260976
2016-10-12,12:15,62.8,64.3,38.1,39.9,0.0,N@0.0,0.0,51.8,0.0,564,"Snohomish, Snohomish County",330162,Snohomish,2017-12-07 04:23:27.260976
2016-10-12,12:30,63.2,64.5,38.6,40.1,0.0,N@0.0,0.0,51.8,0.0,557,"Snohomish, Snohomish County",330162,Snohomish,2017-12-07 04:23:27.260976
2016-10-12,12:45,64.0,65.0,38.8,39.3,0.0,SE@1.2,6.7,51.7,0.0,546,"Snohomish, Snohomish County",330162,Snohomish,2017-12-07 04:23:27.260976
2016-10-12,13:00,64.8,66.0,38.6,37.9,0.0,E@1.1,4.9,51.7,0.0,531,"Snohomish, Snohomish County",330162,Snohomish,2017-12-07 04:23:27.260976
2016-10-12,13:15,64.9,65.6,38.9,38.3,0.0,NE@3.3,6.0,51.7,0.0,529,"Snohomish, Snohomish County",330162,Snohomish,2017-12-07 04:23:27.260976
2016-10-12,13:30,65.7,66.4,39.3,37.7,0.0,E@3.2,8.9,51.7,0.0,453,"Snohomish, Snohomish County",330162,Snohomish,2017-12-07 04:23:27.260976
2016-10-12,13:45,65.7,66.2,39.4,38.0,0.0,E@3.0,6.4,51.7,0.0,447,"Snohomish, Snohomish County",330162,Snohomish,2017-12-07 04:23:27.260976
2016-10-12,14:00,66.8,67.3,39.1,36.1,0.0,E@3.6,7.1,51.7,0.0,503,"Snohomish, Snohomish County",330162,Snohomish,2017-12-07 04:23:27.260976
2016-10-12,14:15,66.8,67.2,38.4,35.2,0.0,SE@5.7,9.9,51.7,0.0,447,"Snohomish, Snohomish County",330162,Snohomish,2017-12-07 04:23:27.260976
2016-10-12,14:30,67.2,67.5,39.3,35.9,0.0,SE@5.6,9.2,51.8,0.0,415,"Snohomish, Snohomish County",330162,Snohomish,2017-12-07 04:23:27.260976
2016-10-12,14:45,67.4,67.9,38.6,34.6,0.0,E@4.7,7.8,51.8,0.0,388,"Snohomish, Snohomish County",330162,Snohomish,2017-12-07 04:23:27.260976
2016-10-12,15:00,67.3,67.7,38.1,34.1,0.0,SE@5.7,9.6,51.8,0.0,327,"Snohomish, Snohomish County",330162,Snohomish,2017-12-07 04:23:27.260976
2016-10-12,15:15,66.7,66.9,37.1,33.5,0.0,SE@5.6,8.2,51.8,0.0,230,"Snohomish, Snohomish County",330162,Snohomish,2017-12-07 04:23:27.260976
2016-10-12,15:30,65.1,65.2,38.5,37.3,0.0,SE@4.1,6.7,51.8,0.0,119,"Snohomish, Snohomish County",330162,Snohomish,2017-12-07 04:23:27.260976
2016-10-12,15:45,63.2,63.3,41.5,45.0,0.0,E@1.8,5.7,51.9,0.0,86,"Snohomish, Snohomish County",330162,Snohomish,2017-12-07 04:23:27.260976
2016-10-12,16:00,62.2,62.3,41.3,46.2,0.0,N@0.0,0.0,51.9,0.0,77,"Snohomish, Snohomish County",330162,Snohomish,2017-12-07 04:23:27.260976
2016-10-12,16:15,62.1,62.0,39.9,44.0,0.0,N@0.0,0.0,52.0,0.0,59,"Snohomish, Snohomish County",330162,Snohomish,2017-12-07 04:23:27.260976
2016-10-12,16:30,61.0,61.0,42.0,49.5,0.0,N@0.0,0.0,52.0,0.0,37,"Snohomish, Snohomish County",330162,Snohomish,2017-12-07 04:23:27.260976
2016-10-12,16:45,59.7,59.6,44.9,58.0,0.0,N@0.0,0.0,52.1,0.0,24,"Snohomish, Snohomish County",330162,Snohomish,2017-12-07 04:23:27.260976
2016-10-12,17:00,58.6,58.5,47.2,65.7,0.0,N@0.0,0.0,52.1,0.0,17,"Snohomish, Snohomish County",330162,Snohomish,2017-12-07 04:23:27.260976
2016-10-12,17:15,57.6,57.4,48.0,70.4,0.0,N@0.0,0.0,52.1,0.0,5,"Snohomish, Snohomish County",330162,Snohomish,2017-12-07 04:23:27.260976
2016-10-12,17:30,56.8,56.7,46.9,69.3,0.0,N@0.0,0.0,52.2,0.0,1,"Snohomish, Snohomish County",330162,Snohomish,2017-12-07 04:23:27.260976
2016-10-12,17:45,56.6,56.4,46.0,67.5,0.0,N@0.0,0.0,52.2,0.0,0,"Snohomish, Snohomish County",330162,Snohomish,2017-12-07 04:23:27.260976
2016-10-12,18:00,56.1,56.0,46.1,69.1,0.0,N@0.0,0.0,52.2,0.0,0,"Snohomish, Snohomish County",330162,Snohomish,2017-12-07 04:23:27.260976
2016-10-12,18:15,55.5,55.5,46.3,71.1,0.0,N@0.0,0.0,52.3,0.0,0,"Snohomish, Snohomish County",330162,Snohomish,2017-12-07 04:23:27.260976
2016-10-12,18:30,55.2,55.2,46.4,72.1,0.0,N@0.0,0.0,52.3,0.0,0,"Snohomish, Snohomish County",330162,Snohomish,2017-12-07 04:23:27.260976
2016-10-12,18:45,55.1,55.0,46.2,71.9,0.0,E@0.3,3.9,52.3,0.0,0,"Snohomish, Snohomish County",330162,Snohomish,2017-12-07 04:23:27.260976
2016-10-12,19:00,55.2,55.1,45.9,70.9,0.0,E@1.7,4.9,52.3,0.0,0,"Snohomish, Snohomish County",330162,Snohomish,2017-12-07 04:23:27.260976
2016-10-12,19:15,54.2,54.2,47.4,77.4,0.0,SE@1.2,3.9,52.4,0.0,0,"Snohomish, Snohomish County",330162,Snohomish,2017-12-07 04:23:27.260976
2016-10-12,19:30,54.2,54.1,47.3,77.3,0.0,SE@1.4,4.2,52.4,0.0,0,"Snohomish, Snohomish County",330162,Snohomish,2017-12-07 04:23:27.260976
2016-10-12,19:45,54.2,54.1,46.6,75.3,0.0,N@0.0,0.0,52.4,0.0,0,"Snohomish, Snohomish County",330162,Snohomish,2017-12-07 04:23:27.260976
2016-10-12,20:00,53.1,53.0,47.2,80.3,0.0,S@0.6,3.9,52.4,0.0,0,"Snohomish, Snohomish County",330162,Snohomish,2017-12-07 04:23:27.260976
2016-10-12,20:15,52.7,52.6,46.8,80.1,0.0,NE@1.2,3.1,52.5,0.0,0,"Snohomish, Snohomish County",330162,Snohomish,2017-12-07 04:23:27.260976
2016-10-12,20:30,53.1,53.0,46.4,77.8,0.0,N@0.0,0.0,52.5,0.0,0,"Snohomish, Snohomish County",330162,Snohomish,2017-12-07 04:23:27.260976
2016-10-12,20:45,53.0,53.0,46.6,78.6,0.0,NE@0.1,2.8,52.5,0.0,0,"Snohomish, Snohomish County",330162,Snohomish,2017-12-07 04:23:27.260976
2016-10-12,21:00,53.5,53.4,46.1,75.9,0.0,E@2.2,4.2,52.5,0.0,0,"Snohomish, Snohomish County",330162,Snohomish,2017-12-07 04:23:27.260976
2016-10-12,21:15,53.9,53.8,45.9,74.0,0.0,E@0.8,2.8,52.5,0.0,0,"Snohomish, Snohomish County",330162,Snohomish,2017-12-07 04:23:27.260976
2016-10-12,21:30,54.0,53.9,45.2,71.9,0.0,E@1.6,3.9,52.6,0.0,0,"Snohomish, Snohomish County",330162,Snohomish,2017-12-07 04:23:27.260976
2016-10-12,21:45,54.1,54.1,45.1,71.5,0.17,E@3.4,5.3,52.6,0.0,0,"Snohomish, Snohomish County",330162,Snohomish,2017-12-07 04:23:27.260976
2016-10-12,22:00,53.4,53.4,45.9,75.5,0.0,E@3.1,4.6,52.6,0.0,0,"Snohomish, Snohomish County",330162,Snohomish,2017-12-07 04:23:27.260976
2016-10-12,22:15,53.2,53.2,45.9,76.3,0.0,NE@3.2,5.7,52.6,0.0,0,"Snohomish, Snohomish County",330162,Snohomish,2017-12-07 04:23:27.260976
2016-10-12,22:30,53.3,53.3,45.6,74.9,0.07,E@3.0,5.3,52.6,0.0,0,"Snohomish, Snohomish County",330162,Snohomish,2017-12-07 04:23:27.260976
2016-10-12,22:45,53.2,53.2,45.8,75.8,0.07,E@3.4,5.3,52.6,0.0,0,"Snohomish, Snohomish County",330162,Snohomish,2017-12-07 04:23:27.260976
2016-10-12,23:00,53.2,53.1,45.5,75.2,0.0,E@0.5,3.9,52.7,0.0,0,"Snohomish, Snohomish County",330162,Snohomish,2017-12-07 04:23:27.260976
2016-10-13,23:15,53.5,53.4,45.3,73.5,0.0,E@1.3,6.4,52.7,0.0,0,"Snohomish, Snohomish County",330162,Snohomish,2017-12-07 04:23:27.260976
2016-10-13,23:30,55.5,55.3,42.3,61.1,0.0,SE@4.8,7.4,52.7,0.0,0,"Snohomish, Snohomish County",330162,Snohomish,2017-12-07 04:23:27.260976
2016-10-13,23:45,55.7,55.6,42.0,59.9,0.0,SE@5.2,8.5,52.7,0.0,0,"Snohomish, Snohomish County",330162,Snohomish,2017-12-07 04:23:27.260976
2016-10-13,24:00,55.4,55.3,42.6,61.9,0.01,SE@4.9,7.4,52.7,0.0,0,"Snohomish, Snohomish County",330162,Snohomish,2017-12-07 04:23:27.260976
2016-10-13,00:15,54.8,54.7,43.1,64.5,0.01,E@1.4,4.2,52.7,0.0,0,"Snohomish, Snohomish County",330162,Snohomish,2017-12-07 04:23:27.260976
2016-10-13,00:30,54.9,54.7,43.5,65.2,0.51,SE@2.0,4.9,52.7,0.0,0,"Snohomish, Snohomish County",330162,Snohomish,2017-12-07 04:23:27.260976
2016-10-13,00:45,54.0,53.9,45.1,71.7,0.87,E@0.0,2.8,52.7,0.0,0,"Snohomish, Snohomish County",330162,Snohomish,2017-12-07 04:23:27.260976
2016-10-13,01:00,53.6,53.4,45.1,72.9,0.92,E@3.5,8.2,52.7,0.0,0,"Snohomish, Snohomish County",330162,Snohomish,2017-12-07 04:23:27.260976
2016-10-13,01:15,53.2,53.1,45.5,74.9,0.88,E@5.7,10.3,52.7,0.01,0,"Snohomish, Snohomish County",330162,Snohomish,2017-12-07 04:23:27.260976
2016-10-13,01:30,52.6,52.5,46.4,79.3,0.81,E@5.7,9.6,52.8,0.01,0,"Snohomish, Snohomish County",330162,Snohomish,2017-12-07 04:23:27.260976
2016-10-13,01:45,51.9,51.8,46.8,82.5,0.76,SE@7.1,11.0,52.8,0.0,0,"Snohomish, Snohomish County",330162,Snohomish,2017-12-07 04:23:27.260976
2016-10-13,02:00,51.7,51.6,47.2,84.7,0.77,E@6.9,11.4,52.8,0.01,0,"Snohomish, Snohomish County",330162,Snohomish,2017-12-07 04:23:27.260976
2016-10-13,02:15,51.1,51.1,47.6,87.6,0.74,SE@8.9,13.5,52.8,0.02,0,"Snohomish, Snohomish County",330162,Snohomish,2017-12-07 04:23:27.260976
2016-10-13,02:30,50.8,50.8,47.7,89.2,0.73,SE@9.3,15.7,52.8,0.0,0,"Snohomish, Snohomish County",330162,Snohomish,2017-12-07 04:23:27.260976
2016-10-13,02:45,50.4,50.4,47.9,90.9,0.74,SE@7.4,13.2,52.8,0.01,0,"Snohomish, Snohomish County",330162,Snohomish,2017-12-07 04:23:27.260976
2016-10-13,03:00,50.2,50.2,48.2,92.7,0.71,E@6.3,15.7,52.8,0.01,0,"Snohomish, Snohomish County",330162,Snohomish,2017-12-07 04:23:27.260976
2016-10-13,03:15,50.1,50.1,48.6,94.3,0.73,E@5.3,9.6,52.8,0.01,0,"Snohomish, Snohomish County",330162,Snohomish,2017-12-07 04:23:27.260976
2016-10-13,03:30,50.1,50.1,48.8,95.2,0.69,E@4.4,7.4,52.8,0.01,0,"Snohomish, Snohomish County",330162,Snohomish,2017-12-07 04:23:27.260976
2016-10-13,03:45,50.2,50.2,49.0,95.8,0.68,E@4.7,8.5,52.8,0.01,0,"Snohomish, Snohomish County",330162,Snohomish,2017-12-07 04:23:27.260976
2016-10-13,04:00,50.6,50.7,49.3,95.1,0.7,E@7.0,12.8,52.8,0.01,0,"Snohomish, Snohomish County",330162,Snohomish,2017-12-07 04:23:27.260976
2016-10-13,04:15,50.9,50.9,49.3,94.2,0.68,SE@6.8,12.8,52.8,0.01,0,"Snohomish, Snohomish County",330162,Snohomish,2017-12-07 04:23:27.260976
2016-10-13,04:30,50.9,50.8,49.4,94.6,0.67,SE@5.9,8.9,52.8,0.02,0,"Snohomish, Snohomish County",330162,Snohomish,2017-12-07 04:23:27.260976
2016-10-13,04:45,50.9,50.9,49.5,94.9,0.67,E@5.2,8.2,52.8,0.01,0,"Snohomish, Snohomish County",330162,Snohomish,2017-12-07 04:23:27.260976
2016-10-13,05:00,51.0,51.0,49.7,95.1,0.67,SE@4.8,7.8,52.8,0.0,0,"Snohomish, Snohomish County",330162,Snohomish,2017-12-07 04:23:27.260976
2016-10-13,05:15,51.1,51.1,49.9,95.7,0.69,SE@1.9,5.7,52.8,0.0,0,"Snohomish, Snohomish County",330162,Snohomish,2017-12-07 04:23:27.260976
2016-10-13,05:30,51.1,51.0,50.1,96.3,0.68,N@0.0,0.0,52.8,0.01,0,"Snohomish, Snohomish County",330162,Snohomish,2017-12-07 04:23:27.260976
2016-10-13,05:45,51.1,51.0,50.2,96.7,0.68,N@0.0,0.0,52.8,0.01,0,"Snohomish, Snohomish County",330162,Snohomish,2017-12-07 04:23:27.260976
2016-10-13,06:00,51.1,51.1,50.4,97.3,0.67,E@0.1,2.8,52.8,0.01,0,"Snohomish, Snohomish County",330162,Snohomish,2017-12-07 04:23:27.260976
2016-10-13,06:15,51.2,51.1,50.5,97.7,0.66,N@0.0,0.0,52.8,0.0,0,"Snohomish, Snohomish County",330162,Snohomish,2017-12-07 04:23:27.260976
2016-10-13,06:30,51.0,51.0,50.5,98.0,0.65,E@0.4,4.2,52.8,0.02,0,"Snohomish, Snohomish County",330162,Snohomish,2017-12-07 04:23:27.260976
2016-10-13,06:45,51.1,51.1,50.6,98.3,0.65,E@3.3,6.7,52.8,0.01,2,"Snohomish, Snohomish County",330162,Snohomish,2017-12-07 04:23:27.260976
2016-10-13,07:00,51.2,51.2,50.8,98.5,0.65,E@4.4,6.7,52.8,0.0,4,"Snohomish, Snohomish County",330162,Snohomish,2017-12-07 04:23:27.260976
2016-10-13,07:15,51.2,51.3,50.9,98.6,0.65,E@5.1,8.5,52.8,0.01,7,"Snohomish, Snohomish County",330162,Snohomish,2017-12-07 04:23:27.260976
2016-10-13,07:30,51.3,51.4,50.9,98.5,0.66,E@6.0,11.0,52.8,0.0,12,"Snohomish, Snohomish County",330162,Snohomish,2017-12-07 04:23:27.260976
2016-10-13,07:45,51.3,51.4,50.8,98.0,0.66,SE@6.5,10.3,52.8,0.0,14,"Snohomish, Snohomish County",330162,Snohomish,2017-12-07 04:23:27.260976
2016-10-13,08:00,51.3,51.3,50.6,97.6,0.68,E@5.2,8.5,52.8,0.01,20,"Snohomish, Snohomish County",330162,Snohomish,2017-12-07 04:23:27.260976
2016-10-13,08:15,51.1,51.2,50.5,97.5,0.68,E@4.6,8.5,52.8,0.0,22,"Snohomish, Snohomish County",330162,Snohomish,2017-12-07 04:23:27.260976
2016-10-13,08:30,51.1,51.1,50.4,97.5,0.67,E@4.6,7.4,52.8,0.01,26,"Snohomish, Snohomish County",330162,Snohomish,2017-12-07 04:23:27.260976
2016-10-13,08:45,51.1,51.1,50.4,97.5,0.65,E@4.0,7.8,52.8,0.01,23,"Snohomish, Snohomish County",330162,Snohomish,2017-12-07 04:23:27.260976
2016-10-13,09:00,51.1,51.1,50.5,97.8,0.65,E@4.3,7.4,52.8,0.0,35,"Snohomish, Snohomish County",330162,Snohomish,2017-12-07 04:23:27.260976
2016-10-13,09:15,51.2,51.2,50.6,97.8,0.65,E@4.5,6.7,52.8,0.01,51,"Snohomish, Snohomish County",330162,Snohomish,2017-12-07 04:23:27.260976
2016-10-13,09:30,51.3,51.4,50.7,97.8,0.65,E@3.8,6.7,52.8,0.01,42,"Snohomish, Snohomish County",330162,Snohomish,2017-12-07 04:23:27.260976
2016-10-13,09:45,51.3,51.4,50.7,97.7,0.63,E@4.6,7.4,52.8,0.02,40,"Snohomish, Snohomish County",330162,Snohomish,2017-12-07 04:23:27.260976
2016-10-13,10:00,51.6,51.6,50.9,97.6,0.63,E@3.9,6.7,52.8,0.01,55,"Snohomish, Snohomish County",330162,Snohomish,2017-12-07 04:23:27.260976
2016-10-13,10:15,51.7,51.7,51.0,97.5,0.63,E@5.0,9.6,52.8,0.01,68,"Snohomish, Snohomish County",330162,Snohomish,2017-12-07 04:23:27.260976
2016-10-13,10:30,51.8,51.8,51.0,97.3,0.63,E@5.7,9.2,52.8,0.0,80,"Snohomish, Snohomish County",330162,Snohomish,2017-12-07 04:23:27.260976
2016-10-13,10:45,51.9,52.0,51.2,97.2,0.62,E@5.2,8.2,52.8,0.0,60,"Snohomish, Snohomish County",330162,Snohomish,2017-12-07 04:23:27.260976
2016-10-13,11:00,52.1,52.1,51.3,97.1,0.64,E@5.2,10.3,52.8,0.0,71,"Snohomish, Snohomish County",330162,Snohomish,2017-12-07 04:23:27.260976
2016-10-13,11:15,52.3,52.3,51.4,97.0,0.62,E@4.8,9.6,52.8,0.0,58,"Snohomish, Snohomish County",330162,Snohomish,2017-12-07 04:23:27.260976
2016-10-13,11:30,52.3,52.4,51.4,96.6,0.69,E@4.9,8.5,52.8,0.01,46,"Snohomish, Snohomish County",330162,Snohomish,2017-12-07 04:23:27.260976
2016-10-13,11:45,52.4,52.5,51.5,96.6,0.69,E@4.1,7.8,52.9,0.0,50,"Snohomish, Snohomish County",330162,Snohomish,2017-12-07 04:23:27.260976
2016-10-13,12:00,52.4,52.4,51.5,96.6,0.68,E@5.2,8.5,52.9,0.01,60,"Snohomish, Snohomish County",330162,Snohomish,2017-12-07 04:23:27.260976
2016-10-13,12:15,52.4,52.5,51.6,96.9,0.65,E@4.8,8.2,52.9,0.02,55,"Snohomish, Snohomish County",330162,Snohomish,2017-12-07 04:23:27.260976
2016-10-13,12:30,52.3,52.3,51.5,97.0,0.63,E@5.1,8.2,52.9,0.01,46,"Snohomish, Snohomish County",330162,Snohomish,2017-12-07 04:23:27.260976
2016-10-13,12:45,52.2,52.3,51.4,96.9,0.63,E@5.5,9.2,52.8,0.01,60,"Snohomish, Snohomish County",330162,Snohomish,2017-12-07 04:23:27.260976
2016-10-13,13:00,52.2,52.3,51.4,97.0,0.62,E@5.8,10.3,52.9,0.01,54,"Snohomish, Snohomish County",330162,Snohomish,2017-12-07 04:23:27.260976
2016-10-13,13:15,52.2,52.3,51.4,97.0,0.62,E@5.6,9.9,52.9,0.01,39,"Snohomish, Snohomish County",330162,Snohomish,2017-12-07 04:23:27.260976
2016-10-13,13:30,52.3,52.3,51.5,97.0,0.59,E@4.8,7.1,52.9,0.02,39,"Snohomish, Snohomish County",330162,Snohomish,2017-12-07 04:23:27.260976
2016-10-13,13:45,52.3,52.3,51.5,97.1,0.57,E@5.1,9.2,52.9,0.01,39,"Snohomish, Snohomish County",330162,Snohomish,2017-12-07 04:23:27.260976
2016-10-13,14:00,52.2,52.3,51.5,97.2,0.57,SE@5.4,8.9,52.9,0.01,41,"Snohomish, Snohomish County",330162,Snohomish,2017-12-07 04:23:27.260976
2016-10-13,14:15,52.1,52.2,51.3,97.0,0.57,SE@6.8,10.3,52.9,0.02,32,"Snohomish, Snohomish County",330162,Snohomish,2017-12-07 04:23:27.260976
2016-10-13,14:30,52.1,52.1,51.2,96.7,0.56,SE@7.0,11.0,52.9,0.01,26,"Snohomish, Snohomish County",330162,Snohomish,2017-12-07 04:23:27.260976
2016-10-13,14:45,52.2,52.2,51.1,96.2,0.56,SE@7.2,10.3,52.9,0.02,22,"Snohomish, Snohomish County",330162,Snohomish,2017-12-07 04:23:27.260976
2016-10-13,15:00,52.1,52.1,51.0,96.0,0.54,SE@6.8,10.7,52.9,0.03,21,"Snohomish, Snohomish County",330162,Snohomish,2017-12-07 04:23:27.260976
2016-10-13,15:15,52.0,52.0,50.9,95.9,0.52,E@5.4,9.9,52.9,0.02,25,"Snohomish, Snohomish County",330162,Snohomish,2017-12-07 04:23:27.260976
2016-10-13,15:30,52.1,52.1,51.0,95.9,0.52,E@5.6,9.9,52.9,0.01,30,"Snohomish, Snohomish County",330162,Snohomish,2017-12-07 04:23:27.260976
2016-10-13,15:45,52.1,52.1,50.9,95.6,0.53,E@5.4,9.2,52.9,0.01,33,"Snohomish, Snohomish County",330162,Snohomish,2017-12-07 04:23:27.260976
2016-10-13,16:00,52.1,52.1,50.9,95.5,0.54,SE@5.7,9.6,52.9,0.01,28,"Snohomish, Snohomish County",330162,Snohomish,2017-12-07 04:23:27.260976
2016-10-13,16:15,52.2,52.2,50.8,95.0,0.55,SE@5.9,9.6,52.9,0.0,15,"Snohomish, Snohomish County",330162,Snohomish,2017-12-07 04:23:27.260976
2016-10-13,16:30,52.1,52.1,50.7,94.9,0.55,E@5.2,7.8,52.9,0.02,7,"Snohomish, Snohomish County",330162,Snohomish,2017-12-07 04:23:27.260976
2016-10-13,16:45,51.9,51.9,50.7,95.6,0.52,E@4.9,8.5,52.9,0.02,7,"Snohomish, Snohomish County",330162,Snohomish,2017-12-07 04:23:27.260976
2016-10-13,17:00,51.8,51.8,50.8,96.4,0.52,E@5.3,9.2,52.9,0.02,6,"Snohomish, Snohomish County",330162,Snohomish,2017-12-07 04:23:27.260976
2016-10-13,17:15,51.9,51.9,50.9,96.3,0.52,E@5.5,8.9,52.9,0.01,3,"Snohomish, Snohomish County",330162,Snohomish,2017-12-07 04:23:27.260976
2016-10-13,17:30,51.8,51.8,50.8,96.3,0.51,E@5.4,8.2,52.9,0.01,0,"Snohomish, Snohomish County",330162,Snohomish,2017-12-07 04:23:27.260976
2016-10-13,17:45,51.9,51.9,50.7,95.8,0.53,SE@6.9,11.0,52.9,0.0,0,"Snohomish, Snohomish County",330162,Snohomish,2017-12-07 04:23:27.260976
2016-10-13,18:00,52.2,52.2,50.6,94.3,0.57,SE@7.3,10.7,52.9,0.01,0,"Snohomish, Snohomish County",330162,Snohomish,2017-12-07 04:23:27.260976
2016-10-13,18:15,52.1,52.1,50.5,94.3,0.53,SE@5.9,9.6,52.9,0.02,0,"Snohomish, Snohomish County",330162,Snohomish,2017-12-07 04:23:27.260976
2016-10-13,18:30,52.0,52.0,50.5,94.6,0.51,SE@5.5,8.5,52.9,0.01,0,"Snohomish, Snohomish County",330162,Snohomish,2017-12-07 04:23:27.260976
2016-10-13,18:45,52.1,52.1,50.5,94.4,0.51,SE@6.0,10.7,52.9,0.02,0,"Snohomish, Snohomish County",330162,Snohomish,2017-12-07 04:23:27.260976
2016-10-13,19:00,52.4,52.4,50.5,93.0,0.51,E@5.4,9.6,53.0,0.02,0,"Snohomish, Snohomish County",330162,Snohomish,2017-12-07 04:23:27.260976
2016-10-13,19:15,52.5,52.5,50.4,92.4,0.5,E@5.8,10.7,53.0,0.02,0,"Snohomish, Snohomish County",330162,Snohomish,2017-12-07 04:23:27.260976
2016-10-13,19:30,52.5,52.5,50.5,92.9,0.5,SE@7.1,10.7,53.0,0.01,0,"Snohomish, Snohomish County",330162,Snohomish,2017-12-07 04:23:27.260976
2016-10-13,19:45,52.6,52.6,50.9,94.0,0.49,SE@7.3,9.9,53.0,0.04,0,"Snohomish, Snohomish County",330162,Snohomish,2017-12-07 04:23:27.260976
2016-10-13,20:00,52.7,52.7,51.4,95.1,0.49,SE@6.1,9.2,53.0,0.04,0,"Snohomish, Snohomish County",330162,Snohomish,2017-12-07 04:23:27.260976
2016-10-13,20:15,53.0,53.1,51.8,95.3,0.48,SE@6.3,9.2,52.9,0.03,0,"Snohomish, Snohomish County",330162,Snohomish,2017-12-07 04:23:27.260976
2016-10-13,20:30,53.4,53.4,52.0,95.0,0.48,SE@7.5,11.0,52.9,0.05,0,"Snohomish, Snohomish County",330162,Snohomish,2017-12-07 04:23:27.260976
2016-10-13,20:45,53.5,53.5,52.1,95.0,0.47,SE@6.2,10.7,52.9,0.04,0,"Snohomish, Snohomish County",330162,Snohomish,2017-12-07 04:23:27.260976
2016-10-13,21:00,53.6,53.6,52.4,95.7,0.47,SE@5.8,9.6,52.9,0.02,0,"Snohomish, Snohomish County",330162,Snohomish,2017-12-07 04:23:27.260976
2016-10-13,21:15,53.7,53.7,52.6,96.1,0.5,S@5.3,8.2,52.9,0.03,0,"Snohomish, Snohomish County",330162,Snohomish,2017-12-07 04:23:27.260976
2016-10-13,21:30,54.5,54.6,53.1,95.1,0.48,SE@10.3,16.4,52.9,0.03,0,"Snohomish, Snohomish County",330162,Snohomish,2017-12-07 04:23:27.260976
2016-10-13,21:45,56.1,56.2,53.9,92.3,0.49,SE@13.9,19.2,52.9,0.01,0,"Snohomish, Snohomish County",330162,Snohomish,2017-12-07 04:23:27.260976
2016-10-13,22:00,57.4,57.4,55.1,91.9,0.47,SE@14.1,20.0,52.9,0.01,0,"Snohomish, Snohomish County",330162,Snohomish,2017-12-07 04:23:27.260976
2016-10-13,22:15,58.1,58.2,55.8,92.0,0.52,SE@13.6,20.0,52.9,0.01,0,"Snohomish, Snohomish County",330162,Snohomish,2017-12-07 04:23:27.260976
2016-10-13,22:30,58.4,58.5,56.1,91.9,0.53,SE@13.1,17.1,52.9,0.02,0,"Snohomish, Snohomish County",330162,Snohomish,2017-12-07 04:23:27.260976
2016-10-13,22:45,58.3,58.3,56.1,92.4,0.52,SE@11.8,19.6,52.9,0.03,0,"Snohomish, Snohomish County",330162,Snohomish,2017-12-07 04:23:27.260976
2016-10-13,23:00,58.1,58.2,55.9,92.2,0.5,SE@12.6,18.5,52.9,0.03,0,"Snohomish, Snohomish County",330162,Snohomish,2017-12-07 04:23:27.260976
2016-10-14,23:15,58.0,58.1,55.2,90.2,0.48,SE@15.0,21.4,52.9,0.01,0,"Snohomish, Snohomish County",330162,Snohomish,2017-12-07 04:23:27.260976
2016-10-14,23:30,57.7,57.7,54.4,88.5,0.48,SE@16.0,24.6,52.9,0.0,0,"Snohomish, Snohomish County",330162,Snohomish,2017-12-07 04:23:27.260976
2016-10-14,23:45,57.1,57.1,53.9,88.9,0.54,SE@13.5,22.8,52.9,0.01,0,"Snohomish, Snohomish County",330162,Snohomish,2017-12-07 04:23:27.260976
2016-10-14,24:00,56.9,56.8,53.4,87.8,0.53,SE@13.8,25.3,52.9,0.02,0,"Snohomish, Snohomish County",330162,Snohomish,2017-12-07 04:23:27.260976
2016-10-14,00:15,56.5,56.4,53.3,89.0,0.53,SE@17.0,25.7,52.9,0.03,0,"Snohomish, Snohomish County",330162,Snohomish,2017-12-07 04:23:27.260976
2016-10-14,00:30,56.4,56.3,53.1,88.5,0.57,SE@16.3,25.3,52.9,0.0,0,"Snohomish, Snohomish County",330162,Snohomish,2017-12-07 04:23:27.260976
2016-10-14,00:45,56.3,56.3,53.1,88.9,0.62,SE@13.8,20.3,52.9,0.0,0,"Snohomish, Snohomish County",330162,Snohomish,2017-12-07 04:23:27.260976
2016-10-14,01:00,56.4,56.3,52.7,87.6,0.53,SE@14.0,21.0,53.0,0.0,0,"Snohomish, Snohomish County",330162,Snohomish,2017-12-07 04:23:27.260976
2016-10-14,01:15,55.9,55.9,52.3,87.5,0.32,SE@13.7,25.3,53.0,0.0,0,"Snohomish, Snohomish County",330162,Snohomish,2017-12-07 04:23:27.260976
2016-10-14,01:30,55.5,55.5,51.8,87.3,0.13,SE@14.5,22.1,53.0,0.0,0,"Snohomish, Snohomish County",330162,Snohomish,2017-12-07 04:23:27.260976
2016-10-14,01:45,55.3,55.4,51.8,87.9,0.0,SE@8.8,17.8,53.0,0.0,0,"Snohomish, Snohomish County",330162,Snohomish,2017-12-07 04:23:27.260976
2016-10-14,02:00,55.1,55.2,51.6,87.6,0.0,SE@9.7,17.1,53.0,0.0,0,"Snohomish, Snohomish County",330162,Snohomish,2017-12-07 04:23:27.260976
2016-10-14,02:15,54.6,54.7,50.9,87.0,0.0,E@6.6,12.4,53.0,0.0,0,"Snohomish, Snohomish County",330162,Snohomish,2017-12-07 04:23:27.260976
2016-10-14,02:30,54.5,54.6,50.3,85.5,0.0,E@6.7,16.4,53.0,0.0,0,"Snohomish, Snohomish County",330162,Snohomish,2017-12-07 04:23:27.260976
2016-10-14,02:45,54.5,54.5,50.3,85.6,0.0,E@5.4,10.7,53.1,0.0,0,"Snohomish, Snohomish County",330162,Snohomish,2017-12-07 04:23:27.260976
2016-10-14,03:00,54.7,54.8,50.2,84.6,0.01,E@7.1,15.0,53.1,0.0,0,"Snohomish, Snohomish County",330162,Snohomish,2017-12-07 04:23:27.260976
2016-10-14,03:15,55.2,55.3,49.5,81.1,0.05,SE@10.0,17.1,53.1,0.0,0,"Snohomish, Snohomish County",330162,Snohomish,2017-12-07 04:23:27.260976
2016-10-14,03:30,55.2,55.3,49.1,79.8,0.16,SE@10.8,16.0,53.1,0.0,0,"Snohomish, Snohomish County",330162,Snohomish,2017-12-07 04:23:27.260976
2016-10-14,03:45,54.5,54.5,49.5,83.3,0.84,SE@6.7,12.8,53.1,0.01,0,"Snohomish, Snohomish County",330162,Snohomish,2017-12-07 04:23:27.260976
2016-10-14,04:00,54.5,54.4,49.4,83.0,0.83,E@5.4,10.7,53.1,0.01,0,"Snohomish, Snohomish County",330162,Snohomish,2017-12-07 04:23:27.260976
2016-10-14,04:15,54.6,54.6,49.1,81.6,0.82,E@5.6,11.4,53.1,0.0,0,"Snohomish, Snohomish County",330162,Snohomish,2017-12-07 04:23:27.260976
2016-10-14,04:30,54.8,54.8,48.5,79.0,0.7,E@6.7,12.4,53.2,0.0,0,"Snohomish, Snohomish County",330162,Snohomish,2017-12-07 04:23:27.260976
2016-10-14,04:45,55.1,55.1,47.9,76.6,0.09,SE@7.0,12.1,53.2,0.0,0,"Snohomish, Snohomish County",330162,Snohomish,2017-12-07 04:23:27.260976
2016-10-14,05:00,55.6,55.7,47.8,74.7,0.0,SE@7.5,16.4,53.2,0.0,0,"Snohomish, Snohomish County",330162,Snohomish,2017-12-07 04:23:27.260976
2016-10-14,05:15,55.7,55.8,47.6,74.1,0.04,SE@8.2,14.2,53.2,0.0,0,"Snohomish, Snohomish County",330162,Snohomish,2017-12-07 04:23:27.260976
2016-10-14,05:30,55.7,55.7,47.9,74.9,0.46,SE@11.1,18.5,53.2,0.0,0,"Snohomish, Snohomish County",330162,Snohomish,2017-12-07 04:23:27.260976
2016-10-14,05:45,54.7,54.5,49.1,81.6,0.8,SE@12.5,20.3,53.2,0.05,0,"Snohomish, Snohomish County",330162,Snohomish,2017-12-07 04:23:27.260976
2016-10-14,06:00,53.5,53.4,49.8,87.2,0.8,SE@13.2,20.3,53.2,0.09,0,"Snohomish, Snohomish County",330162,Snohomish,2017-12-07 04:23:27.260976
2016-10-14,06:15,52.5,52.4,49.3,88.8,0.75,S@11.1,21.8,53.2,0.08,0,"Snohomish, Snohomish County",330162,Snohomish,2017-12-07 04:23:27.260976
2016-10-14,06:30,51.9,51.9,50.0,93.3,0.69,SE@6.4,10.3,53.2,0.06,0,"Snohomish, Snohomish County",330162,Snohomish,2017-12-07 04:23:27.260976
2016-10-14,06:45,53.1,53.1,49.9,88.5,0.57,SE@14.6,23.9,53.2,0.03,1,"Snohomish, Snohomish County",330162,Snohomish,2017-12-07 04:23:27.260976
2016-10-14,07:00,53.2,53.2,49.3,86.4,0.6,SE@14.4,21.8,53.2,0.0,5,"Snohomish, Snohomish County",330162,Snohomish,2017-12-07 04:23:27.260976
2016-10-14,07:15,53.0,53.0,49.1,86.5,0.69,SE@15.2,21.4,53.2,0.02,4,"Snohomish, Snohomish County",330162,Snohomish,2017-12-07 04:23:27.260976
2016-10-14,07:30,52.9,52.7,48.7,85.5,0.7,SE@14.8,25.3,53.2,0.05,4,"Snohomish, Snohomish County",330162,Snohomish,2017-12-07 04:23:27.260976
2016-10-14,07:45,52.4,52.3,48.7,87.2,0.72,SE@11.0,18.2,53.2,0.01,12,"Snohomish, Snohomish County",330162,Snohomish,2017-12-07 04:23:27.260976
2016-10-14,08:00,51.9,51.8,49.2,90.7,0.8,SE@6.9,11.7,53.2,0.02,24,"Snohomish, Snohomish County",330162,Snohomish,2017-12-07 04:23:27.260976
2016-10-14,08:15,51.3,51.3,49.6,93.7,0.79,E@5.1,8.2,53.2,0.01,20,"Snohomish, Snohomish County",330162,Snohomish,2017-12-07 04:23:27.260976
2016-10-14,08:30,51.2,51.2,49.5,94.0,0.83,E@5.1,10.3,53.2,0.02,14,"Snohomish, Snohomish County",330162,Snohomish,2017-12-07 04:23:27.260976
2016-10-14,08:45,52.0,52.0,49.7,91.7,0.85,E@5.9,17.8,53.2,0.02,58,"Snohomish, Snohomish County",330162,Snohomish,2017-12-07 04:23:27.260976
2016-10-14,09:00,53.4,53.4,49.8,87.3,0.8,SE@9.9,16.7,53.2,0.01,68,"Snohomish, Snohomish County",330162,Snohomish,2017-12-07 04:23:27.260976
2016-10-14,09:15,54.5,54.5,50.1,85.0,0.79,SE@10.3,15.3,53.2,0.0,88,"Snohomish, Snohomish County",330162,Snohomish,2017-12-07 04:23:27.260976
2016-10-14,09:30,55.6,55.6,49.5,80.1,0.7,SE@13.4,23.2,53.2,0.0,37,"Snohomish, Snohomish County",330162,Snohomish,2017-12-07 04:23:27.260976
2016-10-14,09:45,55.8,55.7,49.0,77.8,0.52,SE@14.6,20.3,53.2,0.01,19,"Snohomish, Snohomish County",330162,Snohomish,2017-12-07 04:23:27.260976
2016-10-14,10:00,55.3,55.2,48.9,79.0,0.78,SE@14.9,24.3,53.2,0.02,16,"Snohomish, Snohomish County",330162,Snohomish,2017-12-07 04:23:27.260976
2016-10-14,10:15,54.4,54.3,49.2,82.5,0.79,SE@13.5,19.6,53.2,0.06,31,"Snohomish, Snohomish County",330162,Snohomish,2017-12-07 04:23:27.260976
2016-10-14,10:30,53.3,53.3,49.7,87.5,0.68,SE@12.2,17.8,53.1,0.09,32,"Snohomish, Snohomish County",330162,Snohomish,2017-12-07 04:23:27.260976
2016-10-14,10:45,53.3,53.3,49.8,87.9,0.57,SE@13.9,24.6,53.1,0.03,109,"Snohomish, Snohomish County",330162,Snohomish,2017-12-07 04:23:27.260976
2016-10-14,11:00,53.3,53.2,49.9,88.2,0.61,SE@15.9,23.2,53.1,0.03,119,"Snohomish, Snohomish County",330162,Snohomish,2017-12-07 04:23:27.260976
2016-10-14,11:15,53.2,53.2,49.8,88.3,0.64,SE@16.5,25.3,53.1,0.03,131,"Snohomish, Snohomish County",330162,Snohomish,2017-12-07 04:23:27.260976
2016-10-14,11:30,53.1,53.1,50.2,90.1,0.66,SE@16.5,24.3,53.1,0.03,108,"Snohomish, Snohomish County",330162,Snohomish,2017-12-07 04:23:27.260976
2016-10-14,11:45,53.5,53.6,50.6,89.6,0.63,SE@16.3,23.9,53.1,0.01,184,"Snohomish, Snohomish County",330162,Snohomish,2017-12-07 04:23:27.260976
2016-10-14,12:00,53.5,53.5,50.6,89.9,0.7,SE@17.0,25.0,53.1,0.02,125,"Snohomish, Snohomish County",330162,Snohomish,2017-12-07 04:23:27.260976
2016-10-14,12:15,53.9,53.9,51.0,89.9,0.71,SE@14.6,24.6,53.1,0.01,147,"Snohomish, Snohomish County",330162,Snohomish,2017-12-07 04:23:27.260976
2016-10-14,12:30,54.5,54.5,51.1,88.4,0.78,SE@15.3,23.5,53.1,0.01,160,"Snohomish, Snohomish County",330162,Snohomish,2017-12-07 04:23:27.260976
2016-10-14,12:45,54.8,54.8,50.9,86.5,0.84,SE@17.6,29.6,53.1,0.0,127,"Snohomish, Snohomish County",330162,Snohomish,2017-12-07 04:23:27.260976
2016-10-14,13:00,55.2,55.1,51.1,85.9,0.82,SE@16.1,23.9,53.1,0.0,140,"Snohomish, Snohomish County",330162,Snohomish,2017-12-07 04:23:27.260976
2016-10-14,13:15,55.5,55.5,51.0,84.7,0.68,SE@15.7,25.0,53.1,0.01,187,"Snohomish, Snohomish County",330162,Snohomish,2017-12-07 04:23:27.260976
2016-10-14,13:30,56.3,56.3,50.7,81.6,0.3,SE@18.8,30.3,53.1,0.0,233,"Snohomish, Snohomish County",330162,Snohomish,2017-12-07 04:23:27.260976
2016-10-14,13:45,56.1,56.2,50.9,82.7,0.0,SE@14.2,23.2,53.1,0.0,161,"Snohomish, Snohomish County",330162,Snohomish,2017-12-07 04:23:27.260976
2016-10-14,14:00,55.9,56.0,50.8,83.0,0.0,SE@14.3,22.8,53.1,0.0,84,"Snohomish, Snohomish County",330162,Snohomish,2017-12-07 04:23:27.260976
2016-10-14,14:15,56.5,56.6,50.8,81.2,0.0,SE@15.8,26.4,53.1,0.0,120,"Snohomish, Snohomish County",330162,Snohomish,2017-12-07 04:23:27.260976
2016-10-14,14:30,57.4,57.5,50.7,78.3,0.0,SE@17.7,31.1,53.1,0.0,199,"Snohomish, Snohomish County",330162,Snohomish,2017-12-07 04:23:27.260976
2016-10-14,14:45,58.1,58.2,50.9,76.8,0.0,SE@18.2,32.1,53.1,0.0,276,"Snohomish, Snohomish County",330162,Snohomish,2017-12-07 04:23:27.260976
2016-10-14,15:00,58.1,58.2,50.5,75.8,0.0,SE@19.4,29.3,53.1,0.0,212,"Snohomish, Snohomish County",330162,Snohomish,2017-12-07 04:23:27.260976
2016-10-14,15:15,58.0,58.0,50.3,75.7,0.0,SE@19.5,30.7,53.2,0.0,135,"Snohomish, Snohomish County",330162,Snohomish,2017-12-07 04:23:27.260976
2016-10-14,15:30,58.1,58.2,50.1,74.5,0.0,S@19.7,32.1,53.2,0.0,110,"Snohomish, Snohomish County",330162,Snohomish,2017-12-07 04:23:27.260976
2016-10-14,15:45,57.9,58.0,50.0,74.9,0.0,S@18.3,29.3,53.2,0.0,52,"Snohomish, Snohomish County",330162,Snohomish,2017-12-07 04:23:27.260976
2016-10-14,16:00,57.7,57.7,50.4,76.5,0.0,SE@17.9,29.6,53.2,0.0,33,"Snohomish, Snohomish County",330162,Snohomish,2017-12-07 04:23:27.260976
2016-10-14,16:15,57.8,57.8,50.3,75.8,0.0,SE@17.8,27.5,53.2,0.0,60,"Snohomish, Snohomish County",330162,Snohomish,2017-12-07 04:23:27.260976
2016-10-14,16:30,58.2,58.2,49.6,73.1,0.0,SE@16.8,28.9,53.2,0.0,73,"Snohomish, Snohomish County",330162,Snohomish,2017-12-07 04:23:27.260976
2016-10-14,16:45,58.1,58.1,49.7,73.4,0.0,SE@15.9,25.3,53.2,0.0,59,"Snohomish, Snohomish County",330162,Snohomish,2017-12-07 04:23:27.260976
2016-10-14,17:00,57.9,57.9,50.0,74.8,0.0,SE@17.4,31.8,53.2,0.0,44,"Snohomish, Snohomish County",330162,Snohomish,2017-12-07 04:23:27.260976
2016-10-14,17:15,57.0,56.9,50.6,79.1,0.01,SE@15.4,23.5,53.2,0.0,14,"Snohomish, Snohomish County",330162,Snohomish,2017-12-07 04:23:27.260976
2016-10-14,17:30,56.2,56.2,51.0,82.4,0.02,SE@13.7,24.3,53.2,0.0,6,"Snohomish, Snohomish County",330162,Snohomish,2017-12-07 04:23:27.260976
2016-10-14,17:45,55.6,55.7,50.8,83.7,0.0,SE@12.2,18.2,53.2,0.0,0,"Snohomish, Snohomish County",330162,Snohomish,2017-12-07 04:23:27.260976
2016-10-14,18:00,55.4,55.5,50.5,83.4,0.0,SE@11.7,21.0,53.2,0.0,0,"Snohomish, Snohomish County",330162,Snohomish,2017-12-07 04:23:27.260976
2016-10-14,18:15,55.3,55.4,50.2,82.9,0.0,SE@10.7,17.8,53.2,0.0,0,"Snohomish, Snohomish County",330162,Snohomish,2017-12-07 04:23:27.260976
2016-10-14,18:30,55.1,55.2,50.1,83.1,0.0,SE@10.9,15.3,53.2,0.0,0,"Snohomish, Snohomish County",330162,Snohomish,2017-12-07 04:23:27.260976
2016-10-14,18:45,55.2,55.2,49.9,82.4,0.0,SE@11.0,20.3,53.3,0.0,0,"Snohomish, Snohomish County",330162,Snohomish,2017-12-07 04:23:27.260976
2016-10-14,19:00,55.2,55.2,49.7,81.6,0.0,SE@12.1,17.8,53.3,0.0,0,"Snohomish, Snohomish County",330162,Snohomish,2017-12-07 04:23:27.260976
2016-10-14,19:15,54.9,55.0,49.6,82.2,0.0,SE@10.6,16.4,53.3,0.0,0,"Snohomish, Snohomish County",330162,Snohomish,2017-12-07 04:23:27.260976
2016-10-14,19:30,54.9,55.0,49.4,81.6,0.0,SE@8.6,13.5,53.3,0.0,0,"Snohomish, Snohomish County",330162,Snohomish,2017-12-07 04:23:27.260976
2016-10-14,19:45,54.8,54.9,49.1,81.0,0.0,E@6.1,9.9,53.3,0.0,0,"Snohomish, Snohomish County",330162,Snohomish,2017-12-07 04:23:27.260976
2016-10-14,20:00,54.4,54.5,48.7,80.7,0.0,E@4.6,17.1,53.3,0.0,0,"Snohomish, Snohomish County",330162,Snohomish,2017-12-07 04:23:27.260976
2016-10-14,20:15,53.5,53.6,48.5,82.9,0.0,E@2.1,11.7,53.3,0.0,0,"Snohomish, Snohomish County",330162,Snohomish,2017-12-07 04:23:27.260976
2016-10-14,20:30,53.4,53.5,48.0,81.7,0.0,E@5.5,10.7,53.3,0.0,0,"Snohomish, Snohomish County",330162,Snohomish,2017-12-07 04:23:27.260976
2016-10-14,20:45,53.7,53.7,47.7,80.1,0.0,E@5.8,9.6,53.3,0.0,0,"Snohomish, Snohomish County",330162,Snohomish,2017-12-07 04:23:27.260976
2016-10-14,21:00,53.5,53.6,47.8,80.8,0.0,E@5.5,10.3,53.3,0.0,0,"Snohomish, Snohomish County",330162,Snohomish,2017-12-07 04:23:27.260976
2016-10-14,21:15,53.6,53.7,48.0,81.1,0.0,E@5.8,11.7,53.3,0.0,0,"Snohomish, Snohomish County",330162,Snohomish,2017-12-07 04:23:27.260976
2016-10-14,21:30,53.6,53.6,48.2,82.0,0.0,SE@6.0,10.3,53.3,0.0,0,"Snohomish, Snohomish County",330162,Snohomish,2017-12-07 04:23:27.260976
2016-10-14,21:45,53.4,53.5,48.4,82.9,0.0,SE@6.2,9.2,53.4,0.0,0,"Snohomish, Snohomish County",330162,Snohomish,2017-12-07 04:23:27.260976
2016-10-14,22:00,53.3,53.4,48.3,82.8,0.02,SE@6.5,9.9,53.4,0.0,0,"Snohomish, Snohomish County",330162,Snohomish,2017-12-07 04:23:27.260976
2016-10-14,22:15,53.2,53.2,48.2,83.1,0.07,SE@6.0,9.2,53.4,0.0,0,"Snohomish, Snohomish County",330162,Snohomish,2017-12-07 04:23:27.260976
2016-10-14,22:30,53.1,53.1,48.0,82.9,0.05,SE@5.8,9.9,53.4,0.0,0,"Snohomish, Snohomish County",330162,Snohomish,2017-12-07 04:23:27.260976
2016-10-14,22:45,53.1,53.2,47.8,82.1,0.0,SE@6.8,11.4,53.4,0.0,0,"Snohomish, Snohomish County",330162,Snohomish,2017-12-07 04:23:27.260976
2016-10-14,23:00,53.0,53.0,48.0,82.9,0.5,SE@7.7,12.1,53.4,0.0,0,"Snohomish, Snohomish County",330162,Snohomish,2017-12-07 04:23:27.260976
2016-10-15,23:15,52.5,52.5,48.4,85.9,0.89,SE@6.2,9.2,53.4,0.0,0,"Snohomish, Snohomish County",330162,Snohomish,2017-12-07 04:23:27.260976
2016-10-15,23:30,52.0,52.1,48.7,88.1,0.89,SE@5.8,9.6,53.4,0.01,0,"Snohomish, Snohomish County",330162,Snohomish,2017-12-07 04:23:27.260976
2016-10-15,23:45,51.6,51.6,49.0,90.7,0.85,SE@5.2,8.9,53.4,0.0,0,"Snohomish, Snohomish County",330162,Snohomish,2017-12-07 04:23:27.260976
2016-10-15,24:00,51.3,51.3,49.3,92.9,0.78,SE@3.9,8.2,53.4,0.01,0,"Snohomish, Snohomish County",330162,Snohomish,2017-12-07 04:23:27.260976
2016-10-15,00:15,51.0,51.0,49.5,94.5,0.72,E@2.7,6.4,53.4,0.01,0,"Snohomish, Snohomish County",330162,Snohomish,2017-12-07 04:23:27.260976
2016-10-15,00:30,50.9,50.9,49.6,95.1,0.7,E@0.6,4.2,53.4,0.01,0,"Snohomish, Snohomish County",330162,Snohomish,2017-12-07 04:23:27.260976
2016-10-15,00:45,50.8,50.8,49.7,95.9,0.7,E@0.6,4.2,53.4,0.0,0,"Snohomish, Snohomish County",330162,Snohomish,2017-12-07 04:23:27.260976
2016-10-15,01:00,50.8,50.9,49.7,95.9,0.68,E@3.1,7.4,53.4,0.0,0,"Snohomish, Snohomish County",330162,Snohomish,2017-12-07 04:23:27.260976
2016-10-15,01:15,50.7,50.8,49.5,95.6,0.67,E@3.9,7.4,53.4,0.0,0,"Snohomish, Snohomish County",330162,Snohomish,2017-12-07 04:23:27.260976
2016-10-15,01:30,50.9,51.0,49.6,95.0,0.69,SE@5.3,9.6,53.4,0.0,0,"Snohomish, Snohomish County",330162,Snohomish,2017-12-07 04:23:27.260976
2016-10-15,01:45,50.7,50.7,49.3,95.1,0.7,SE@6.1,11.0,53.4,0.0,0,"Snohomish, Snohomish County",330162,Snohomish,2017-12-07 04:23:27.260976
2016-10-15,02:00,50.5,50.5,49.1,94.9,0.71,E@5.7,9.9,53.4,0.0,0,"Snohomish, Snohomish County",330162,Snohomish,2017-12-07 04:23:27.260976
2016-10-15,02:15,50.5,50.5,49.1,94.9,0.72,SE@3.8,7.8,53.4,0.0,0,"Snohomish, Snohomish County",330162,Snohomish,2017-12-07 04:23:27.260976
2016-10-15,02:30,50.2,50.2,48.8,94.9,0.72,E@1.7,5.7,53.4,0.0,0,"Snohomish, Snohomish County",330162,Snohomish,2017-12-07 04:23:27.260976
2016-10-15,02:45,50.0,50.1,48.6,94.6,0.73,E@2.5,7.8,53.4,0.0,0,"Snohomish, Snohomish County",330162,Snohomish,2017-12-07 04:23:27.260976
2016-10-15,03:00,50.4,50.4,48.4,92.9,0.73,SE@5.1,8.2,53.4,0.0,0,"Snohomish, Snohomish County",330162,Snohomish,2017-12-07 04:23:27.260976
2016-10-15,03:15,50.6,50.6,48.4,91.8,0.73,SE@4.5,7.8,53.4,0.0,0,"Snohomish, Snohomish County",330162,Snohomish,2017-12-07 04:23:27.260976
2016-10-15,03:30,50.6,50.6,48.4,92.2,0.74,E@1.4,6.4,53.4,0.0,0,"Snohomish, Snohomish County",330162,Snohomish,2017-12-07 04:23:27.260976
2016-10-15,03:45,51.2,51.2,48.7,91.0,0.79,SE@4.9,9.6,53.4,0.0,0,"Snohomish, Snohomish County",330162,Snohomish,2017-12-07 04:23:27.260976
2016-10-15,04:00,51.3,51.3,48.7,90.9,0.77,E@4.8,12.4,53.4,0.0,0,"Snohomish, Snohomish County",330162,Snohomish,2017-12-07 04:23:27.260976
2016-10-15,04:15,51.6,51.6,48.9,90.6,0.74,E@6.0,9.9,53.3,0.0,0,"Snohomish, Snohomish County",330162,Snohomish,2017-12-07 04:23:27.260976
2016-10-15,04:30,51.2,51.2,49.0,91.9,0.8,E@2.5,7.1,53.3,0.0,0,"Snohomish, Snohomish County",330162,Snohomish,2017-12-07 04:23:27.260976
2016-10-15,04:45,50.9,50.9,49.1,93.7,0.79,E@3.8,7.4,53.3,0.0,0,"Snohomish, Snohomish County",330162,Snohomish,2017-12-07 04:23:27.260976
2016-10-15,05:00,51.1,51.1,49.0,92.5,0.72,E@4.2,8.5,53.3,0.0,0,"Snohomish, Snohomish County",330162,Snohomish,2017-12-07 04:23:27.260976
2016-10-15,05:15,50.8,50.9,48.8,92.8,0.71,E@4.9,9.2,53.3,0.0,0,"Snohomish, Snohomish County",330162,Snohomish,2017-12-07 04:23:27.260976
2016-10-15,05:30,50.5,50.6,48.7,93.3,0.71,E@5.3,8.9,53.3,0.0,0,"Snohomish, Snohomish County",330162,Snohomish,2017-12-07 04:23:27.260976
2016-10-15,05:45,50.5,50.6,48.5,92.5,0.68,SE@6.7,11.0,53.3,0.0,0,"Snohomish, Snohomish County",330162,Snohomish,2017-12-07 04:23:27.260976
2016-10-15,06:00,50.5,50.5,48.4,92.4,0.65,E@3.9,7.4,53.3,0.0,0,"Snohomish, Snohomish County",330162,Snohomish,2017-12-07 04:23:27.260976
2016-10-15,06:15,50.5,50.5,48.4,92.4,0.57,SE@5.3,9.6,53.3,0.0,0,"Snohomish, Snohomish County",330162,Snohomish,2017-12-07 04:23:27.260976
2016-10-15,06:30,50.8,50.8,48.2,90.7,0.37,SE@7.0,9.9,53.3,0.0,0,"Snohomish, Snohomish County",330162,Snohomish,2017-12-07 04:23:27.260976
2016-10-15,06:45,50.6,50.7,48.1,91.0,0.76,E@6.6,10.7,53.3,0.01,2,"Snohomish, Snohomish County",330162,Snohomish,2017-12-07 04:23:27.260976
2016-10-15,07:00,50.5,50.5,48.3,92.2,0.77,E@5.3,9.9,53.3,0.0,6,"Snohomish, Snohomish County",330162,Snohomish,2017-12-07 04:23:27.260976
2016-10-15,07:15,50.4,50.4,48.7,93.9,0.77,E@0.9,4.6,53.3,0.01,14,"Snohomish, Snohomish County",330162,Snohomish,2017-12-07 04:23:27.260976
2016-10-15,07:30,50.3,50.3,49.0,95.1,0.73,NE@0.5,3.9,53.3,0.0,21,"Snohomish, Snohomish County",330162,Snohomish,2017-12-07 04:23:27.260976
2016-10-15,07:45,50.4,50.4,49.3,96.0,0.7,E@0.9,4.2,53.3,0.01,24,"Snohomish, Snohomish County",330162,Snohomish,2017-12-07 04:23:27.260976
2016-10-15,08:00,50.5,50.6,49.5,96.3,0.68,SE@0.9,5.7,53.3,0.01,26,"Snohomish, Snohomish County",330162,Snohomish,2017-12-07 04:23:27.260976
2016-10-15,08:15,50.5,50.6,49.5,96.3,0.66,SE@0.6,4.6,53.3,0.01,29,"Snohomish, Snohomish County",330162,Snohomish,2017-12-07 04:23:27.260976
2016-10-15,08:30,50.5,50.6,49.4,96.0,0.63,E@2.5,5.3,53.3,0.01,32,"Snohomish, Snohomish County",330162,Snohomish,2017-12-07 04:23:27.260976
2016-10-15,08:45,50.5,50.6,49.3,95.4,0.62,E@3.8,8.2,53.3,0.01,48,"Snohomish, Snohomish County",330162,Snohomish,2017-12-07 04:23:27.260976
2016-10-15,09:00,50.7,50.8,49.2,94.5,0.62,E@4.1,8.2,53.3,0.0,52,"Snohomish, Snohomish County",330162,Snohomish,2017-12-07 04:23:27.260976
2016-10-15,09:15,50.8,50.9,49.2,94.1,0.62,SE@6.2,10.7,53.3,0.01,53,"Snohomish, Snohomish County",330162,Snohomish,2017-12-07 04:23:27.260976
2016-10-15,09:30,50.9,50.9,49.2,93.9,0.64,E@5.8,9.9,53.3,0.01,54,"Snohomish, Snohomish County",330162,Snohomish,2017-12-07 04:23:27.260976
2016-10-15,09:45,50.9,51.0,49.3,94.1,0.59,E@4.5,8.2,53.3,0.01,69,"Snohomish, Snohomish County",330162,Snohomish,2017-12-07 04:23:27.260976
2016-10-15,10:00,51.1,51.1,49.6,94.4,0.56,E@4.2,8.5,53.3,0.01,67,"Snohomish, Snohomish County",330162,Snohomish,2017-12-07 04:23:27.260976
2016-10-15,10:15,51.3,51.4,49.8,94.4,0.57,SE@4.5,7.4,53.2,0.01,56,"Snohomish, Snohomish County",330162,Snohomish,2017-12-07 04:23:27.260976
2016-10-15,10:30,51.6,51.6,49.9,93.9,0.57,SE@0.7,7.1,53.2,0.01,49,"Snohomish, Snohomish County",330162,Snohomish,2017-12-07 04:23:27.260976
2016-10-15,10:45,51.6,51.6,49.8,93.5,0.57,SE@0.0,2.1,53.2,0.01,27,"Snohomish, Snohomish County",330162,Snohomish,2017-12-07 04:23:27.260976
2016-10-15,11:00,51.6,51.6,49.8,93.6,0.56,N@0.0,0.0,53.2,0.02,19,"Snohomish, Snohomish County",330162,Snohomish,2017-12-07 04:23:27.260976
2016-10-15,11:15,51.4,51.4,49.8,94.1,0.53,N@0.0,0.0,53.2,0.02,19,"Snohomish, Snohomish County",330162,Snohomish,2017-12-07 04:23:27.260976
2016-10-15,11:30,51.5,51.5,49.9,94.1,0.52,SE@0.4,4.6,53.2,0.02,41,"Snohomish, Snohomish County",330162,Snohomish,2017-12-07 04:23:27.260976
2016-10-15,11:45,52.0,52.0,49.9,92.3,0.54,SE@0.5,4.2,53.2,0.01,43,"Snohomish, Snohomish County",330162,Snohomish,2017-12-07 04:23:27.260976
2016-10-15,12:00,52.0,51.9,49.7,91.9,0.54,SE@0.1,3.1,53.2,0.02,22,"Snohomish, Snohomish County",330162,Snohomish,2017-12-07 04:23:27.260976
2016-10-15,12:15,52.0,52.0,49.9,92.4,0.52,SE@2.5,6.7,53.2,0.03,16,"Snohomish, Snohomish County",330162,Snohomish,2017-12-07 04:23:27.260976
2016-10-15,12:30,52.1,52.1,50.0,92.6,0.5,SE@5.1,7.8,53.2,0.04,18,"Snohomish, Snohomish County",330162,Snohomish,2017-12-07 04:23:27.260976
2016-10-15,12:45,52.2,52.2,50.3,93.2,0.5,E@4.8,9.6,53.2,0.02,34,"Snohomish, Snohomish County",330162,Snohomish,2017-12-07 04:23:27.260976
2016-10-15,13:00,52.5,52.6,50.7,93.5,0.51,SE@5.8,9.2,53.2,0.01,94,"Snohomish, Snohomish County",330162,Snohomish,2017-12-07 04:23:27.260976
2016-10-15,13:15,53.2,53.2,51.4,93.7,0.54,SE@6.1,9.6,53.2,0.0,159,"Snohomish, Snohomish County",330162,Snohomish,2017-12-07 04:23:27.260976
2016-10-15,13:30,54.1,54.2,51.3,90.0,0.55,E@7.9,14.2,53.2,0.01,137,"Snohomish, Snohomish County",330162,Snohomish,2017-12-07 04:23:27.260976
2016-10-15,13:45,54.1,54.1,50.8,88.6,0.57,SE@8.1,12.1,53.2,0.0,96,"Snohomish, Snohomish County",330162,Snohomish,2017-12-07 04:23:27.260976
2016-10-15,14:00,54.2,54.3,51.3,89.8,0.55,SE@8.3,12.1,53.2,0.01,173,"Snohomish, Snohomish County",330162,Snohomish,2017-12-07 04:23:27.260976
2016-10-15,14:15,54.7,54.8,51.8,89.9,0.56,E@4.9,8.9,53.2,0.0,131,"Snohomish, Snohomish County",330162,Snohomish,2017-12-07 04:23:27.260976
2016-10-15,14:30,55.0,55.2,51.9,89.1,0.57,SE@6.7,11.0,53.2,0.0,137,"Snohomish, Snohomish County",330162,Snohomish,2017-12-07 04:23:27.260976
2016-10-15,14:45,55.6,55.7,51.8,87.0,0.45,SE@7.7,13.2,53.2,0.0,107,"Snohomish, Snohomish County",330162,Snohomish,2017-12-07 04:23:27.260976
2016-10-15,15:00,56.0,56.1,51.6,85.1,0.19,SE@8.1,14.6,53.2,0.0,69,"Snohomish, Snohomish County",330162,Snohomish,2017-12-07 04:23:27.260976
2016-10-15,15:15,56.8,56.8,50.9,80.7,0.06,SE@6.7,12.1,53.2,0.0,100,"Snohomish, Snohomish County",330162,Snohomish,2017-12-07 04:23:27.260976
2016-10-15,15:30,57.3,57.4,51.5,80.9,0.51,E@5.0,9.6,53.2,0.0,148,"Snohomish, Snohomish County",330162,Snohomish,2017-12-07 04:23:27.260976
2016-10-15,15:45,56.9,57.0,51.4,81.8,0.08,E@4.2,8.9,53.2,0.0,73,"Snohomish, Snohomish County",330162,Snohomish,2017-12-07 04:23:27.260976
2016-10-15,16:00,57.1,57.2,50.5,78.5,0.02,SE@5.3,11.0,53.2,0.0,38,"Snohomish, Snohomish County",330162,Snohomish,2017-12-07 04:23:27.260976
2016-10-15,16:15,57.3,57.3,49.9,76.2,0.2,SE@7.5,12.8,53.2,0.0,36,"Snohomish, Snohomish County",330162,Snohomish,2017-12-07 04:23:27.260976
2016-10-15,16:30,57.7,57.7,49.1,72.8,0.11,SE@10.7,19.2,53.2,0.0,17,"Snohomish, Snohomish County",330162,Snohomish,2017-12-07 04:23:27.260976
2016-10-15,16:45,58.5,58.6,48.8,70.1,0.09,SE@9.5,16.4,53.2,0.0,19,"Snohomish, Snohomish County",330162,Snohomish,2017-12-07 04:23:27.260976
2016-10-15,17:00,57.8,57.9,49.6,73.9,0.53,SE@7.4,15.7,53.2,0.0,4,"Snohomish, Snohomish County",330162,Snohomish,2017-12-07 04:23:27.260976
2016-10-15,17:15,57.3,57.3,50.1,76.8,0.64,E@6.1,15.0,53.2,0.01,4,"Snohomish, Snohomish County",330162,Snohomish,2017-12-07 04:23:27.260976
2016-10-15,17:30,59.0,59.1,49.2,69.9,0.11,SE@13.3,23.9,53.2,0.0,1,"Snohomish, Snohomish County",330162,Snohomish,2017-12-07 04:23:27.260976
2016-10-15,17:45,59.5,59.5,49.6,69.8,0.01,SE@14.5,20.7,53.2,0.0,0,"Snohomish, Snohomish County",330162,Snohomish,2017-12-07 04:23:27.260976
2016-10-15,18:00,57.9,58.0,51.0,77.7,0.55,SE@12.6,22.1,53.2,0.08,0,"Snohomish, Snohomish County",330162,Snohomish,2017-12-07 04:23:27.260976
2016-10-15,18:15,54.0,54.1,50.9,89.2,0.65,S@17.7,31.4,53.2,0.06,0,"Snohomish, Snohomish County",330162,Snohomish,2017-12-07 04:23:27.260976
2016-10-15,18:30,54.0,53.9,50.2,87.0,0.79,SE@17.1,25.3,53.2,0.0,0,"Snohomish, Snohomish County",330162,Snohomish,2017-12-07 04:23:27.260976
2016-10-15,18:45,54.3,54.2,50.2,85.9,0.82,SE@14.1,20.7,53.2,0.0,0,"Snohomish, Snohomish County",330162,Snohomish,2017-12-07 04:23:27.260976
2016-10-15,19:00,54.4,54.3,50.2,85.6,0.54,SE@13.7,23.5,53.2,0.0,0,"Snohomish, Snohomish County",330162,Snohomish,2017-12-07 04:23:27.260976
2016-10-15,19:15,54.4,54.4,50.1,85.2,0.09,SE@14.2,20.3,53.2,0.0,0,"Snohomish, Snohomish County",330162,Snohomish,2017-12-07 04:23:27.260976
2016-10-15,19:30,54.3,54.3,50.3,86.1,0.0,SE@13.5,20.0,53.2,0.0,0,"Snohomish, Snohomish County",330162,Snohomish,2017-12-07 04:23:27.260976
2016-10-15,19:45,54.2,54.2,50.3,86.7,0.0,SE@12.8,19.6,53.2,0.0,0,"Snohomish, Snohomish County",330162,Snohomish,2017-12-07 04:23:27.260976
2016-10-15,20:00,54.0,54.1,50.2,86.8,0.0,SE@12.1,20.0,53.3,0.0,0,"Snohomish, Snohomish County",330162,Snohomish,2017-12-07 04:23:27.260976
2016-10-15,20:15,54.0,54.0,50.2,87.1,0.0,SE@11.2,16.0,53.3,0.0,0,"Snohomish, Snohomish County",330162,Snohomish,2017-12-07 04:23:27.260976
2016-10-15,20:30,54.2,54.2,50.1,86.1,0.0,SE@9.9,17.8,53.3,0.0,0,"Snohomish, Snohomish County",330162,Snohomish,2017-12-07 04:23:27.260976
2016-10-15,20:45,54.2,54.2,50.0,85.8,0.0,SE@9.8,17.5,53.3,0.0,0,"Snohomish, Snohomish County",330162,Snohomish,2017-12-07 04:23:27.260976
2016-10-15,21:00,54.3,54.3,49.9,85.1,0.34,SE@10.6,17.5,53.3,0.0,0,"Snohomish, Snohomish County",330162,Snohomish,2017-12-07 04:23:27.260976
2016-10-15,21:15,54.1,54.2,50.0,85.8,0.77,SE@12.0,17.8,53.3,0.01,0,"Snohomish, Snohomish County",330162,Snohomish,2017-12-07 04:23:27.260976
2016-10-15,21:30,53.8,53.8,50.3,87.8,0.79,SE@10.6,17.5,53.3,0.0,0,"Snohomish, Snohomish County",330162,Snohomish,2017-12-07 04:23:27.260976
2016-10-15,21:45,54.1,54.1,50.1,86.4,0.3,SE@9.9,17.1,53.3,0.0,0,"Snohomish, Snohomish County",330162,Snohomish,2017-12-07 04:23:27.260976
2016-10-15,22:00,54.2,54.3,49.9,85.2,0.0,SE@12.0,17.5,53.3,0.0,0,"Snohomish, Snohomish County",330162,Snohomish,2017-12-07 04:23:27.260976
2016-10-15,22:15,53.9,53.9,49.8,86.1,0.0,SE@11.7,18.5,53.3,0.0,0,"Snohomish, Snohomish County",330162,Snohomish,2017-12-07 04:23:27.260976
2016-10-15,22:30,54.0,54.0,49.8,85.5,0.0,SE@12.0,17.5,53.3,0.0,0,"Snohomish, Snohomish County",330162,Snohomish,2017-12-07 04:23:27.260976
2016-10-15,22:45,54.5,54.5,49.4,83.0,0.0,SE@13.6,18.5,53.3,0.0,0,"Snohomish, Snohomish County",330162,Snohomish,2017-12-07 04:23:27.260976
2016-10-15,23:00,54.3,54.3,49.1,82.7,0.0,SE@12.5,17.5,53.3,0.0,0,"Snohomish, Snohomish County",330162,Snohomish,2017-12-07 04:23:27.260976
2016-10-16,23:15,53.8,53.8,48.9,83.5,0.0,SE@11.4,16.0,53.3,0.0,0,"Snohomish, Snohomish County",330162,Snohomish,2017-12-07 04:23:27.260976
2016-10-16,23:30,53.6,53.7,48.9,84.0,0.0,SE@11.5,17.1,53.3,0.0,0,"Snohomish, Snohomish County",330162,Snohomish,2017-12-07 04:23:27.260976
2016-10-16,23:45,53.7,53.8,48.9,83.6,0.0,SE@10.1,15.7,53.3,0.0,0,"Snohomish, Snohomish County",330162,Snohomish,2017-12-07 04:23:27.260976
2016-10-16,24:00,53.3,53.3,48.7,84.4,0.0,SE@7.5,13.2,53.3,0.0,0,"Snohomish, Snohomish County",330162,Snohomish,2017-12-07 04:23:27.260976
2016-10-16,00:15,53.3,53.4,48.7,84.3,0.04,SE@7.7,13.2,53.3,0.0,0,"Snohomish, Snohomish County",330162,Snohomish,2017-12-07 04:23:27.260976
2016-10-16,00:30,53.2,53.2,49.4,86.9,0.71,SE@10.4,15.3,53.3,0.01,0,"Snohomish, Snohomish County",330162,Snohomish,2017-12-07 04:23:27.260976
2016-10-16,00:45,52.8,52.8,49.9,89.9,0.85,E@5.5,12.8,53.3,0.01,0,"Snohomish, Snohomish County",330162,Snohomish,2017-12-07 04:23:27.260976
2016-10-16,01:00,52.4,52.4,49.7,90.7,0.82,E@2.9,8.5,53.3,0.0,0,"Snohomish, Snohomish County",330162,Snohomish,2017-12-07 04:23:27.260976
2016-10-16,01:15,52.5,52.6,49.3,88.6,0.82,E@4.2,8.9,53.3,0.0,0,"Snohomish, Snohomish County",330162,Snohomish,2017-12-07 04:23:27.260976
2016-10-16,01:30,52.7,52.7,48.9,86.8,0.85,E@4.2,9.9,53.3,0.0,0,"Snohomish, Snohomish County",330162,Snohomish,2017-12-07 04:23:27.260976
2016-10-16,01:45,52.1,52.1,48.5,87.5,0.87,E@1.7,7.1,53.3,0.0,0,"Snohomish, Snohomish County",330162,Snohomish,2017-12-07 04:23:27.260976
2016-10-16,02:00,51.5,51.5,48.3,88.7,0.84,E@1.0,4.6,53.3,0.0,0,"Snohomish, Snohomish County",330162,Snohomish,2017-12-07 04:23:27.260976
2016-10-16,02:15,51.2,51.2,48.1,88.9,0.82,E@1.0,4.2,53.3,0.0,0,"Snohomish, Snohomish County",330162,Snohomish,2017-12-07 04:23:27.260976
2016-10-16,02:30,51.4,51.4,48.0,88.1,0.78,E@2.1,7.1,53.3,0.0,0,"Snohomish, Snohomish County",330162,Snohomish,2017-12-07 04:23:27.260976
2016-10-16,02:45,52.0,52.0,48.0,86.2,0.56,E@0.9,5.3,53.3,0.0,0,"Snohomish, Snohomish County",330162,Snohomish,2017-12-07 04:23:27.260976
2016-10-16,03:00,53.6,53.5,47.7,80.3,0.16,SE@10.1,16.4,53.4,0.0,0,"Snohomish, Snohomish County",330162,Snohomish,2017-12-07 04:23:27.260976
2016-10-16,03:15,53.5,53.6,47.7,80.7,0.0,SE@10.5,15.3,53.3,0.0,0,"Snohomish, Snohomish County",330162,Snohomish,2017-12-07 04:23:27.260976
2016-10-16,03:30,53.2,53.2,48.0,82.6,0.23,SE@9.5,13.5,53.3,0.0,0,"Snohomish, Snohomish County",330162,Snohomish,2017-12-07 04:23:27.260976
2016-10-16,03:45,52.5,52.5,48.4,85.8,0.78,SE@8.7,13.2,53.3,0.0,0,"Snohomish, Snohomish County",330162,Snohomish,2017-12-07 04:23:27.260976
2016-10-16,04:00,51.7,51.7,48.8,89.8,0.79,E@4.0,9.9,53.3,0.02,0,"Snohomish, Snohomish County",330162,Snohomish,2017-12-07 04:23:27.260976
2016-10-16,04:15,51.1,51.1,49.1,92.6,0.66,E@2.2,7.1,53.3,0.02,0,"Snohomish, Snohomish County",330162,Snohomish,2017-12-07 04:23:27.260976
2016-10-16,04:30,50.8,50.8,49.2,94.0,0.66,E@1.9,6.4,53.3,0.01,0,"Snohomish, Snohomish County",330162,Snohomish,2017-12-07 04:23:27.260976
2016-10-16,04:45,50.6,50.6,49.3,95.1,0.68,N@0.0,0.0,53.3,0.02,0,"Snohomish, Snohomish County",330162,Snohomish,2017-12-07 04:23:27.260976
2016-10-16,05:00,50.5,50.5,49.4,95.8,0.62,E@2.2,7.1,53.3,0.02,0,"Snohomish, Snohomish County",330162,Snohomish,2017-12-07 04:23:27.260976
2016-10-16,05:15,50.6,50.7,49.4,95.5,0.62,SE@5.2,13.2,53.3,0.0,0,"Snohomish, Snohomish County",330162,Snohomish,2017-12-07 04:23:27.260976
2016-10-16,05:30,51.0,51.0,49.2,93.6,0.6,E@6.5,12.4,53.3,0.0,0,"Snohomish, Snohomish County",330162,Snohomish,2017-12-07 04:23:27.260976
2016-10-16,05:45,51.0,51.1,49.1,93.2,0.62,E@4.9,8.5,53.3,0.0,0,"Snohomish, Snohomish County",330162,Snohomish,2017-12-07 04:23:27.260976
2016-10-16,06:00,51.1,51.1,49.1,92.7,0.69,E@5.0,8.5,53.3,0.0,0,"Snohomish, Snohomish County",330162,Snohomish,2017-12-07 04:23:27.260976
2016-10-16,06:15,51.1,51.1,49.2,93.0,0.66,SE@3.0,7.1,53.3,0.01,0,"Snohomish, Snohomish County",330162,Snohomish,2017-12-07 04:23:27.260976
2016-10-16,06:30,51.1,51.1,49.2,93.3,0.67,SE@5.7,10.7,53.3,0.01,0,"Snohomish, Snohomish County",330162,Snohomish,2017-12-07 04:23:27.260976
2016-10-16,06:45,51.4,51.4,49.3,92.3,0.63,E@5.7,11.0,53.3,0.01,2,"Snohomish, Snohomish County",330162,Snohomish,2017-12-07 04:23:27.260976
2016-10-16,07:00,51.7,51.7,49.2,91.2,0.62,E@6.4,11.0,53.3,0.01,3,"Snohomish, Snohomish County",330162,Snohomish,2017-12-07 04:23:27.260976
2016-10-16,07:15,51.6,51.6,49.0,90.8,0.55,SE@8.0,12.8,53.3,0.03,6,"Snohomish, Snohomish County",330162,Snohomish,2017-12-07 04:23:27.260976
2016-10-16,07:30,51.5,51.5,49.1,91.7,0.53,SE@7.2,12.4,53.3,0.01,20,"Snohomish, Snohomish County",330162,Snohomish,2017-12-07 04:23:27.260976
2016-10-16,07:45,51.6,51.7,49.3,91.5,0.51,SE@7.0,12.4,53.3,0.0,26,"Snohomish, Snohomish County",330162,Snohomish,2017-12-07 04:23:27.260976
2016-10-16,08:00,51.7,51.8,49.5,92.0,0.6,SE@6.0,9.9,53.3,0.0,49,"Snohomish, Snohomish County",330162,Snohomish,2017-12-07 04:23:27.260976
2016-10-16,08:15,51.8,51.8,49.9,93.2,0.62,E@3.4,7.8,53.3,0.0,64,"Snohomish, Snohomish County",330162,Snohomish,2017-12-07 04:23:27.260976
2016-10-16,08:30,51.6,51.7,49.9,93.8,0.65,E@4.6,11.4,53.3,0.0,38,"Snohomish, Snohomish County",330162,Snohomish,2017-12-07 04:23:27.260976
2016-10-16,08:45,51.7,51.8,50.1,94.3,0.72,E@4.1,7.8,53.3,0.0,49,"Snohomish, Snohomish County",330162,Snohomish,2017-12-07 04:23:27.260976
2016-10-16,09:00,51.9,52.0,50.3,94.3,0.74,E@4.3,8.5,53.3,0.0,61,"Snohomish, Snohomish County",330162,Snohomish,2017-12-07 04:23:27.260976
2016-10-16,09:15,52.0,52.1,50.4,94.0,0.71,E@5.1,8.5,53.2,0.0,52,"Snohomish, Snohomish County",330162,Snohomish,2017-12-07 04:23:27.260976
2016-10-16,09:30,52.5,52.5,50.2,91.8,0.76,E@4.3,8.9,53.2,0.0,44,"Snohomish, Snohomish County",330162,Snohomish,2017-12-07 04:23:27.260976
2016-10-16,09:45,52.7,52.7,50.4,91.9,0.75,E@3.2,8.2,53.2,0.0,74,"Snohomish, Snohomish County",330162,Snohomish,2017-12-07 04:23:27.260976
2016-10-16,10:00,52.9,53.0,50.6,91.9,0.73,E@3.0,6.0,53.2,0.0,85,"Snohomish, Snohomish County",330162,Snohomish,2017-12-07 04:23:27.260976
2016-10-16,10:15,53.6,53.7,51.0,90.7,0.71,E@2.6,7.8,53.2,0.01,149,"Snohomish, Snohomish County",330162,Snohomish,2017-12-07 04:23:27.260976
2016-10-16,10:30,54.8,54.9,50.5,85.4,0.69,SE@8.6,17.1,53.2,0.0,177,"Snohomish, Snohomish County",330162,Snohomish,2017-12-07 04:23:27.260976
2016-10-16,10:45,55.5,55.6,50.6,83.2,0.33,SE@8.0,12.4,53.2,0.0,277,"Snohomish, Snohomish County",330162,Snohomish,2017-12-07 04:23:27.260976
2016-10-16,11:00,56.7,56.9,51.0,80.9,0.0,SE@8.5,14.6,53.2,0.0,348,"Snohomish, Snohomish County",330162,Snohomish,2017-12-07 04:23:27.260976
2016-10-16,11:15,56.1,56.3,50.2,80.5,0.02,SE@7.3,11.7,53.2,0.0,151,"Snohomish, Snohomish County",330162,Snohomish,2017-12-07 04:23:27.260976
2016-10-16,11:30,56.0,56.1,50.3,81.0,0.24,SE@7.3,11.0,53.2,0.0,212,"Snohomish, Snohomish County",330162,Snohomish,2017-12-07 04:23:27.260976
2016-10-16,11:45,55.7,55.8,51.0,84.2,0.67,SE@6.8,11.7,53.2,0.0,227,"Snohomish, Snohomish County",330162,Snohomish,2017-12-07 04:23:27.260976
2016-10-16,12:00,55.5,55.6,51.7,87.0,0.74,E@5.7,12.1,53.2,0.0,200,"Snohomish, Snohomish County",330162,Snohomish,2017-12-07 04:23:27.260976
2016-10-16,12:15,55.0,55.2,51.8,88.9,0.36,E@4.3,8.2,53.2,0.0,121,"Snohomish, Snohomish County",330162,Snohomish,2017-12-07 04:23:27.260976
2016-10-16,12:30,54.6,54.7,51.5,89.1,0.46,E@0.7,5.3,53.2,0.0,78,"Snohomish, Snohomish County",330162,Snohomish,2017-12-07 04:23:27.260976
2016-10-16,12:45,54.8,55.0,51.7,89.1,0.67,SE@1.4,4.9,53.2,0.0,175,"Snohomish, Snohomish County",330162,Snohomish,2017-12-07 04:23:27.260976
2016-10-16,13:00,55.0,55.2,51.6,88.5,0.16,SE@2.1,5.3,53.2,0.0,130,"Snohomish, Snohomish County",330162,Snohomish,2017-12-07 04:23:27.260976
2016-10-16,13:15,55.3,55.6,51.5,87.2,0.0,SE@1.0,4.6,53.2,0.0,163,"Snohomish, Snohomish County",330162,Snohomish,2017-12-07 04:23:27.260976
2016-10-16,13:30,55.4,55.6,51.0,85.0,0.01,N@0.0,0.0,53.2,0.0,142,"Snohomish, Snohomish County",330162,Snohomish,2017-12-07 04:23:27.260976
2016-10-16,13:45,56.2,56.5,51.5,84.1,0.07,E@1.6,5.7,53.3,0.0,264,"Snohomish, Snohomish County",330162,Snohomish,2017-12-07 04:23:27.260976
2016-10-16,14:00,56.7,57.0,51.6,83.0,0.0,E@0.7,4.6,53.3,0.0,199,"Snohomish, Snohomish County",330162,Snohomish,2017-12-07 04:23:27.260976
2016-10-16,14:15,56.8,57.2,52.1,83.9,0.0,E@0.6,4.2,53.3,0.0,236,"Snohomish, Snohomish County",330162,Snohomish,2017-12-07 04:23:27.260976
2016-10-16,14:30,58.4,59.1,52.9,81.7,0.0,E@0.7,4.6,53.3,0.0,388,"Snohomish, Snohomish County",330162,Snohomish,2017-12-07 04:23:27.260976
2016-10-16,14:45,57.7,58.3,52.2,81.8,0.0,E@0.6,4.6,53.3,0.0,161,"Snohomish, Snohomish County",330162,Snohomish,2017-12-07 04:23:27.260976
2016-10-16,15:00,57.7,58.0,52.4,82.2,0.0,E@0.6,4.9,53.3,0.0,148,"Snohomish, Snohomish County",330162,Snohomish,2017-12-07 04:23:27.260976
2016-10-16,15:15,58.1,58.3,52.4,81.4,0.0,E@0.1,2.1,53.3,0.0,109,"Snohomish, Snohomish County",330162,Snohomish,2017-12-07 04:23:27.260976
2016-10-16,15:30,57.9,58.1,52.7,82.6,0.0,E@0.3,3.5,53.3,0.0,72,"Snohomish, Snohomish County",330162,Snohomish,2017-12-07 04:23:27.260976
2016-10-16,15:45,57.7,57.8,52.8,83.5,0.0,E@0.5,4.9,53.3,0.0,68,"Snohomish, Snohomish County",330162,Snohomish,2017-12-07 04:23:27.260976
2016-10-16,16:00,57.3,57.4,52.3,83.4,0.0,E@0.6,4.2,53.3,0.0,44,"Snohomish, Snohomish County",330162,Snohomish,2017-12-07 04:23:27.260976
2016-10-16,16:15,56.6,56.7,51.7,83.4,0.01,E@0.2,5.7,53.4,0.0,21,"Snohomish, Snohomish County",330162,Snohomish,2017-12-07 04:23:27.260976
2016-10-16,16:30,56.1,56.1,51.7,85.1,0.0,N@0.0,0.0,53.4,0.0,18,"Snohomish, Snohomish County",330162,Snohomish,2017-12-07 04:23:27.260976
2016-10-16,16:45,55.4,55.4,51.8,87.6,0.05,N@0.0,0.0,53.4,0.0,15,"Snohomish, Snohomish County",330162,Snohomish,2017-12-07 04:23:27.260976
2016-10-16,17:00,55.0,55.0,51.6,88.2,0.03,N@0.0,0.0,53.4,0.0,10,"Snohomish, Snohomish County",330162,Snohomish,2017-12-07 04:23:27.260976
2016-10-16,17:15,54.8,54.7,51.8,89.3,0.0,N@0.0,0.0,53.4,0.0,4,"Snohomish, Snohomish County",330162,Snohomish,2017-12-07 04:23:27.260976
2016-10-16,17:30,54.6,54.5,51.8,90.2,0.01,N@0.0,0.0,53.4,0.0,0,"Snohomish, Snohomish County",330162,Snohomish,2017-12-07 04:23:27.260976
2016-10-16,17:45,54.6,54.6,51.7,89.9,0.48,N@0.0,0.0,53.4,0.0,0,"Snohomish, Snohomish County",330162,Snohomish,2017-12-07 04:23:27.260976
2016-10-16,18:00,54.7,54.6,51.3,88.2,0.83,E@2.5,7.8,53.5,0.01,0,"Snohomish, Snohomish County",330162,Snohomish,2017-12-07 04:23:27.260976
2016-10-16,18:15,54.2,54.2,51.3,90.1,0.76,SE@0.2,3.5,53.5,0.01,0,"Snohomish, Snohomish County",330162,Snohomish,2017-12-07 04:23:27.260976
2016-10-16,18:30,53.8,53.8,51.8,93.0,0.67,SW@1.1,6.4,53.5,0.03,0,"Snohomish, Snohomish County",330162,Snohomish,2017-12-07 04:23:27.260976
2016-10-16,18:45,53.5,53.5,52.1,95.0,0.64,N@0.0,0.0,53.5,0.03,0,"Snohomish, Snohomish County",330162,Snohomish,2017-12-07 04:23:27.260976
2016-10-16,19:00,53.0,53.0,52.0,96.1,0.59,N@0.0,0.0,53.5,0.01,0,"Snohomish, Snohomish County",330162,Snohomish,2017-12-07 04:23:27.260976
2016-10-16,19:15,52.9,52.9,52.0,96.5,0.61,N@0.0,0.0,53.5,0.02,0,"Snohomish, Snohomish County",330162,Snohomish,2017-12-07 04:23:27.260976
2016-10-16,19:30,52.9,52.8,51.9,96.6,0.58,N@0.0,0.0,53.5,0.02,0,"Snohomish, Snohomish County",330162,Snohomish,2017-12-07 04:23:27.260976
2016-10-16,19:45,52.6,52.6,51.8,96.9,0.53,N@0.0,0.0,53.5,0.03,0,"Snohomish, Snohomish County",330162,Snohomish,2017-12-07 04:23:27.260976
2016-10-16,20:00,52.5,52.4,51.7,97.2,0.51,N@0.0,0.0,53.6,0.03,0,"Snohomish, Snohomish County",330162,Snohomish,2017-12-07 04:23:27.260976
2016-10-16,20:15,52.4,52.4,51.7,97.6,0.52,E@0.2,3.1,53.6,0.01,0,"Snohomish, Snohomish County",330162,Snohomish,2017-12-07 04:23:27.260976
2016-10-16,20:30,52.2,52.2,51.6,97.9,0.54,N@0.0,0.0,53.6,0.01,0,"Snohomish, Snohomish County",330162,Snohomish,2017-12-07 04:23:27.260976
2016-10-16,20:45,52.0,52.1,51.5,98.1,0.55,N@0.0,0.0,53.6,0.01,0,"Snohomish, Snohomish County",330162,Snohomish,2017-12-07 04:23:27.260976
2016-10-16,21:00,51.9,51.9,51.4,98.2,0.56,N@0.0,0.0,53.6,0.0,0,"Snohomish, Snohomish County",330162,Snohomish,2017-12-07 04:23:27.260976
2016-10-16,21:15,51.9,51.9,51.4,98.1,0.57,N@0.0,0.0,53.6,0.01,0,"Snohomish, Snohomish County",330162,Snohomish,2017-12-07 04:23:27.260976
2016-10-16,21:30,52.0,52.0,51.5,98.2,0.57,N@0.0,0.0,53.6,0.0,0,"Snohomish, Snohomish County",330162,Snohomish,2017-12-07 04:23:27.260976
2016-10-16,21:45,52.1,52.1,51.6,98.2,0.56,N@0.0,0.0,53.6,0.01,0,"Snohomish, Snohomish County",330162,Snohomish,2017-12-07 04:23:27.260976
2016-10-16,22:00,52.1,52.1,51.7,98.4,0.55,E@0.8,6.4,53.6,0.01,0,"Snohomish, Snohomish County",330162,Snohomish,2017-12-07 04:23:27.260976
2016-10-16,22:15,52.1,52.2,51.7,98.3,0.56,E@3.1,6.0,53.6,0.01,0,"Snohomish, Snohomish County",330162,Snohomish,2017-12-07 04:23:27.260976
2016-10-16,22:30,51.9,51.9,51.4,98.1,0.56,E@2.5,6.4,53.6,0.01,0,"Snohomish, Snohomish County",330162,Snohomish,2017-12-07 04:23:27.260976
2016-10-16,22:45,51.3,51.4,50.7,97.8,0.54,E@0.9,4.2,53.6,0.01,0,"Snohomish, Snohomish County",330162,Snohomish,2017-12-07 04:23:27.260976
2016-10-16,23:00,51.0,51.1,50.3,97.5,0.53,SE@1.1,5.7,53.6,0.0,0,"Snohomish, Snohomish County",330162,Snohomish,2017-12-07 04:23:27.260976
2016-10-17,23:15,51.0,51.0,50.3,97.4,0.54,SE@1.2,4.9,53.6,0.0,0,"Snohomish, Snohomish County",330162,Snohomish,2017-12-07 04:23:27.260976
2016-10-17,23:30,50.9,50.9,50.2,97.4,0.55,E@0.8,5.7,53.6,0.0,0,"Snohomish, Snohomish County",330162,Snohomish,2017-12-07 04:23:27.260976
2016-10-17,23:45,50.8,50.9,50.1,97.1,0.53,SE@1.3,6.0,53.6,0.01,0,"Snohomish, Snohomish County",330162,Snohomish,2017-12-07 04:23:27.260976
2016-10-17,24:00,50.7,50.7,49.7,96.5,0.54,E@3.5,7.1,53.6,0.0,0,"Snohomish, Snohomish County",330162,Snohomish,2017-12-07 04:23:27.260976
2016-10-17,00:15,50.7,50.8,49.5,95.5,0.54,E@5.6,10.3,53.6,0.0,0,"Snohomish, Snohomish County",330162,Snohomish,2017-12-07 04:23:27.260976
2016-10-17,00:30,50.6,50.6,49.2,94.8,0.6,E@4.2,7.1,53.6,0.0,0,"Snohomish, Snohomish County",330162,Snohomish,2017-12-07 04:23:27.260976
2016-10-17,00:45,50.5,50.5,49.2,95.1,0.58,E@3.7,9.2,53.6,0.0,0,"Snohomish, Snohomish County",330162,Snohomish,2017-12-07 04:23:27.260976
2016-10-17,01:00,50.5,50.5,49.3,95.6,0.61,E@4.0,7.1,53.6,0.0,0,"Snohomish, Snohomish County",330162,Snohomish,2017-12-07 04:23:27.260976
2016-10-17,01:15,50.8,50.9,49.6,95.5,0.61,E@4.3,7.8,53.6,0.0,0,"Snohomish, Snohomish County",330162,Snohomish,2017-12-07 04:23:27.260976
2016-10-17,01:30,50.9,50.8,49.6,95.5,0.62,E@3.6,7.1,53.6,0.0,0,"Snohomish, Snohomish County",330162,Snohomish,2017-12-07 04:23:27.260976
2016-10-17,01:45,51.3,51.3,49.6,93.8,0.55,SE@6.7,10.7,53.6,0.0,0,"Snohomish, Snohomish County",330162,Snohomish,2017-12-07 04:23:27.260976
2016-10-17,02:00,51.3,51.3,49.4,93.0,0.57,SE@5.4,8.5,53.6,0.0,0,"Snohomish, Snohomish County",330162,Snohomish,2017-12-07 04:23:27.260976
2016-10-17,02:15,51.1,51.1,49.5,94.1,0.65,E@4.0,8.2,53.6,0.0,0,"Snohomish, Snohomish County",330162,Snohomish,2017-12-07 04:23:27.260976
2016-10-17,02:30,50.8,50.8,49.6,95.4,0.64,E@2.2,4.2,53.6,0.0,0,"Snohomish, Snohomish County",330162,Snohomish,2017-12-07 04:23:27.260976
2016-10-17,02:45,50.7,50.7,49.5,95.8,0.63,E@3.4,6.0,53.6,0.01,0,"Snohomish, Snohomish County",330162,Snohomish,2017-12-07 04:23:27.260976
2016-10-17,03:00,50.8,50.9,49.4,94.7,0.61,E@4.3,7.8,53.6,0.0,0,"Snohomish, Snohomish County",330162,Snohomish,2017-12-07 04:23:27.260976
2016-10-17,03:15,50.9,50.9,49.2,93.9,0.59,SE@5.3,9.2,53.6,0.01,0,"Snohomish, Snohomish County",330162,Snohomish,2017-12-07 04:23:27.260976
2016-10-17,03:30,51.0,51.1,49.1,92.9,0.58,SE@6.4,10.7,53.6,0.01,0,"Snohomish, Snohomish County",330162,Snohomish,2017-12-07 04:23:27.260976
2016-10-17,03:45,51.0,51.0,49.1,93.1,0.56,SE@5.3,8.9,53.6,0.0,0,"Snohomish, Snohomish County",330162,Snohomish,2017-12-07 04:23:27.260976
2016-10-17,04:00,50.9,50.9,49.1,93.5,0.57,SE@4.8,7.8,53.6,0.0,0,"Snohomish, Snohomish County",330162,Snohomish,2017-12-07 04:23:27.260976
2016-10-17,04:15,50.8,50.8,49.2,94.1,0.61,SE@5.6,10.3,53.6,0.0,0,"Snohomish, Snohomish County",330162,Snohomish,2017-12-07 04:23:27.260976
2016-10-17,04:30,50.8,50.8,49.2,94.1,0.61,E@4.2,9.2,53.6,0.01,0,"Snohomish, Snohomish County",330162,Snohomish,2017-12-07 04:23:27.260976
2016-10-17,04:45,50.7,50.7,49.3,94.7,0.58,E@3.8,7.4,53.6,0.0,0,"Snohomish, Snohomish County",330162,Snohomish,2017-12-07 04:23:27.260976
2016-10-17,05:00,50.7,50.7,49.3,94.9,0.59,E@4.0,7.1,53.6,0.0,0,"Snohomish, Snohomish County",330162,Snohomish,2017-12-07 04:23:27.260976
2016-10-17,05:15,50.7,50.8,49.3,94.9,0.62,E@4.0,8.2,53.6,0.01,0,"Snohomish, Snohomish County",330162,Snohomish,2017-12-07 04:23:27.260976
2016-10-17,05:30,50.7,50.7,49.4,95.1,0.6,E@3.9,8.2,53.6,0.0,0,"Snohomish, Snohomish County",330162,Snohomish,2017-12-07 04:23:27.260976
2016-10-17,05:45,50.5,50.6,49.3,95.3,0.58,E@2.7,6.4,53.6,0.0,0,"Snohomish, Snohomish County",330162,Snohomish,2017-12-07 04:23:27.260976
2016-10-17,06:00,50.4,50.4,49.2,95.7,0.55,E@2.9,4.9,53.6,0.0,0,"Snohomish, Snohomish County",330162,Snohomish,2017-12-07 04:23:27.260976
2016-10-17,06:15,50.3,50.3,49.1,95.8,0.55,E@2.6,5.7,53.6,0.0,0,"Snohomish, Snohomish County",330162,Snohomish,2017-12-07 04:23:27.260976
2016-10-17,06:30,50.2,50.3,49.2,96.0,0.55,E@2.8,4.6,53.6,0.0,1,"Snohomish, Snohomish County",330162,Snohomish,2017-12-07 04:23:27.260976
2016-10-17,06:45,50.7,50.8,49.3,94.7,0.55,E@4.1,8.5,53.6,0.0,4,"Snohomish, Snohomish County",330162,Snohomish,2017-12-07 04:23:27.260976
2016-10-17,07:00,51.1,51.1,49.3,93.6,0.56,E@3.6,8.5,53.6,0.0,20,"Snohomish, Snohomish County",330162,Snohomish,2017-12-07 04:23:27.260976
2016-10-17,07:15,51.3,51.3,49.4,93.0,0.58,E@3.7,7.1,53.6,0.0,26,"Snohomish, Snohomish County",330162,Snohomish,2017-12-07 04:23:27.260976
2016-10-17,07:30,51.5,51.5,49.5,92.6,0.6,E@3.0,6.0,53.6,0.0,21,"Snohomish, Snohomish County",330162,Snohomish,2017-12-07 04:23:27.260976
2016-10-17,07:45,51.5,51.5,49.8,93.9,0.61,E@2.9,5.3,53.6,0.0,40,"Snohomish, Snohomish County",330162,Snohomish,2017-12-07 04:23:27.260976
2016-10-17,08:00,52.2,52.3,49.4,90.0,0.61,E@4.8,8.9,53.5,0.0,52,"Snohomish, Snohomish County",330162,Snohomish,2017-12-07 04:23:27.260976
2016-10-17,08:15,52.5,52.5,49.9,90.8,0.6,E@1.8,3.9,53.5,0.0,68,"Snohomish, Snohomish County",330162,Snohomish,2017-12-07 04:23:27.260976
2016-10-17,08:30,52.9,53.0,49.9,89.5,0.52,E@3.1,7.1,53.5,0.0,85,"Snohomish, Snohomish County",330162,Snohomish,2017-12-07 04:23:27.260976
2016-10-17,08:45,53.1,53.2,50.2,89.9,0.26,E@3.9,7.1,53.5,0.0,104,"Snohomish, Snohomish County",330162,Snohomish,2017-12-07 04:23:27.260976
2016-10-17,09:00,53.4,53.5,50.4,89.6,0.02,E@3.9,7.1,53.5,0.0,120,"Snohomish, Snohomish County",330162,Snohomish,2017-12-07 04:23:27.260976
2016-10-17,09:15,53.7,53.7,49.8,86.7,0.0,E@4.5,8.9,53.5,0.0,101,"Snohomish, Snohomish County",330162,Snohomish,2017-12-07 04:23:27.260976
2016-10-17,09:30,53.7,53.8,50.6,89.2,0.0,E@2.6,4.9,53.5,0.0,126,"Snohomish, Snohomish County",330162,Snohomish,2017-12-07 04:23:27.260976
2016-10-17,09:45,53.9,54.1,50.9,89.3,0.04,E@2.8,4.9,53.5,0.0,116,"Snohomish, Snohomish County",330162,Snohomish,2017-12-07 04:23:27.260976
2016-10-17,10:00,54.0,54.1,50.7,88.7,0.07,E@3.2,5.7,53.5,0.0,108,"Snohomish, Snohomish County",330162,Snohomish,2017-12-07 04:23:27.260976
2016-10-17,10:15,54.0,54.1,50.9,89.3,0.65,E@3.0,6.0,53.5,0.0,93,"Snohomish, Snohomish County",330162,Snohomish,2017-12-07 04:23:27.260976
2016-10-17,10:30,53.8,53.9,51.0,90.4,0.72,E@2.9,4.9,53.5,0.0,75,"Snohomish, Snohomish County",330162,Snohomish,2017-12-07 04:23:27.260976
2016-10-17,10:45,54.0,54.1,51.0,89.5,0.72,E@4.8,9.6,53.5,0.0,60,"Snohomish, Snohomish County",330162,Snohomish,2017-12-07 04:23:27.260976
2016-10-17,11:00,54.2,54.3,51.1,89.1,0.76,SE@6.2,9.9,53.5,0.01,46,"Snohomish, Snohomish County",330162,Snohomish,2017-12-07 04:23:27.260976
2016-10-17,11:15,53.9,54.0,51.5,91.3,0.74,SE@4.2,10.7,53.5,0.01,52,"Snohomish, Snohomish County",330162,Snohomish,2017-12-07 04:23:27.260976
2016-10-17,11:30,54.0,54.1,52.1,93.0,0.69,E@4.5,7.4,53.5,0.0,117,"Snohomish, Snohomish County",330162,Snohomish,2017-12-07 04:23:27.260976
2016-10-17,11:45,54.5,54.6,52.4,92.5,0.65,SE@5.6,10.3,53.5,0.0,111,"Snohomish, Snohomish County",330162,Snohomish,2017-12-07 04:23:27.260976
2016-10-17,12:00,54.8,54.9,52.5,92.0,0.7,E@5.2,9.6,53.5,0.0,103,"Snohomish, Snohomish County",330162,Snohomish,2017-12-07 04:23:27.260976
2016-10-17,12:15,55.6,55.8,53.3,91.9,0.7,E@5.1,9.6,53.5,0.0,202,"Snohomish, Snohomish County",330162,Snohomish,2017-12-07 04:23:27.260976
2016-10-17,12:30,55.7,55.8,53.1,91.0,0.72,E@4.5,9.6,53.5,0.01,64,"Snohomish, Snohomish County",330162,Snohomish,2017-12-07 04:23:27.260976
2016-10-17,12:45,55.5,55.6,53.2,91.8,0.72,SE@3.9,7.8,53.5,0.0,65,"Snohomish, Snohomish County",330162,Snohomish,2017-12-07 04:23:27.260976
2016-10-17,13:00,56.5,56.6,53.4,89.3,0.69,SE@5.3,11.0,53.5,0.0,147,"Snohomish, Snohomish County",330162,Snohomish,2017-12-07 04:23:27.260976
2016-10-17,13:15,57.6,57.8,53.6,86.5,0.63,SE@7.4,12.8,53.5,0.0,214,"Snohomish, Snohomish County",330162,Snohomish,2017-12-07 04:23:27.260976
2016-10-17,13:30,57.9,58.0,53.3,84.8,0.31,SE@8.3,14.6,53.5,0.0,176,"Snohomish, Snohomish County",330162,Snohomish,2017-12-07 04:23:27.260976
2016-10-17,13:45,58.5,58.7,53.6,83.5,0.0,SE@7.8,13.9,53.5,0.0,197,"Snohomish, Snohomish County",330162,Snohomish,2017-12-07 04:23:27.260976
2016-10-17,14:00,58.6,58.8,53.1,81.9,0.0,SE@8.7,13.5,53.5,0.0,161,"Snohomish, Snohomish County",330162,Snohomish,2017-12-07 04:23:27.260976
2016-10-17,14:15,58.5,58.6,52.7,80.9,0.0,S@8.7,15.0,53.5,0.0,137,"Snohomish, Snohomish County",330162,Snohomish,2017-12-07 04:23:27.260976
2016-10-17,14:30,58.3,58.4,52.5,81.0,0.02,S@7.3,12.1,53.5,0.0,63,"Snohomish, Snohomish County",330162,Snohomish,2017-12-07 04:23:27.260976
2016-10-17,14:45,57.7,57.7,52.5,82.7,0.56,SE@8.1,13.2,53.5,0.01,100,"Snohomish, Snohomish County",330162,Snohomish,2017-12-07 04:23:27.260976
2016-10-17,15:00,58.2,58.1,52.6,81.7,0.46,SE@8.7,15.0,53.5,0.0,141,"Snohomish, Snohomish County",330162,Snohomish,2017-12-07 04:23:27.260976
2016-10-17,15:15,58.4,58.4,52.6,81.1,0.0,S@8.2,13.2,53.6,0.0,137,"Snohomish, Snohomish County",330162,Snohomish,2017-12-07 04:23:27.260976
2016-10-17,15:30,58.4,58.5,52.3,80.0,0.0,S@8.7,13.9,53.6,0.0,142,"Snohomish, Snohomish County",330162,Snohomish,2017-12-07 04:23:27.260976
2016-10-17,15:45,58.2,58.3,52.0,79.6,0.0,S@8.6,15.0,53.6,0.0,105,"Snohomish, Snohomish County",330162,Snohomish,2017-12-07 04:23:27.260976
2016-10-17,16:00,59.2,59.3,51.9,76.6,0.0,S@8.7,13.9,53.6,0.0,175,"Snohomish, Snohomish County",330162,Snohomish,2017-12-07 04:23:27.260976
2016-10-17,16:15,59.4,59.5,51.7,75.5,0.0,S@7.6,13.5,53.6,0.0,168,"Snohomish, Snohomish County",330162,Snohomish,2017-12-07 04:23:27.260976
2016-10-17,16:30,59.2,59.3,51.6,75.9,0.0,S@7.2,11.0,53.6,0.0,149,"Snohomish, Snohomish County",330162,Snohomish,2017-12-07 04:23:27.260976
2016-10-17,16:45,58.0,58.2,51.1,77.8,0.0,S@8.4,13.2,53.6,0.0,61,"Snohomish, Snohomish County",330162,Snohomish,2017-12-07 04:23:27.260976
2016-10-17,17:00,56.8,56.9,50.5,79.5,0.0,S@7.2,12.1,53.6,0.0,16,"Snohomish, Snohomish County",330162,Snohomish,2017-12-07 04:23:27.260976
2016-10-17,17:15,56.1,56.3,50.1,80.1,0.0,S@6.5,12.8,53.6,0.0,7,"Snohomish, Snohomish County",330162,Snohomish,2017-12-07 04:23:27.260976
2016-10-17,17:30,55.7,55.8,49.9,80.5,0.0,SE@5.0,10.7,53.7,0.0,2,"Snohomish, Snohomish County",330162,Snohomish,2017-12-07 04:23:27.260976
2016-10-17,17:45,55.2,55.1,49.7,81.6,0.0,SE@4.1,7.1,53.7,0.0,0,"Snohomish, Snohomish County",330162,Snohomish,2017-12-07 04:23:27.260976
2016-10-17,18:00,54.1,54.0,49.3,83.7,0.0,SE@1.7,5.7,53.7,0.0,0,"Snohomish, Snohomish County",330162,Snohomish,2017-12-07 04:23:27.260976
2016-10-17,18:15,52.8,52.8,49.0,86.8,0.0,E@0.7,3.5,53.7,0.0,0,"Snohomish, Snohomish County",330162,Snohomish,2017-12-07 04:23:27.260976
2016-10-17,18:30,52.8,52.7,49.0,86.9,0.0,E@0.2,3.1,53.7,0.0,0,"Snohomish, Snohomish County",330162,Snohomish,2017-12-07 04:23:27.260976
2016-10-17,18:45,51.2,51.2,48.2,89.3,0.02,N@0.0,0.0,53.7,0.0,0,"Snohomish, Snohomish County",330162,Snohomish,2017-12-07 04:23:27.260976
2016-10-17,19:00,50.9,50.8,48.5,91.4,0.09,N@0.0,0.0,53.7,0.0,0,"Snohomish, Snohomish County",330162,Snohomish,2017-12-07 04:23:27.260976
2016-10-17,19:15,51.3,51.3,49.0,91.8,0.09,N@0.0,0.0,53.7,0.0,0,"Snohomish, Snohomish County",330162,Snohomish,2017-12-07 04:23:27.260976
2016-10-17,19:30,52.0,51.9,49.7,91.7,0.03,E@0.1,2.4,53.8,0.0,0,"Snohomish, Snohomish County",330162,Snohomish,2017-12-07 04:23:27.260976
2016-10-17,19:45,52.3,52.3,49.7,90.7,0.0,E@0.2,2.8,53.8,0.0,0,"Snohomish, Snohomish County",330162,Snohomish,2017-12-07 04:23:27.260976
2016-10-17,20:00,52.1,52.1,49.6,90.8,0.0,E@0.3,3.5,53.8,0.0,0,"Snohomish, Snohomish County",330162,Snohomish,2017-12-07 04:23:27.260976
2016-10-17,20:15,51.8,51.8,49.3,90.8,0.0,E@0.1,2.4,53.8,0.0,0,"Snohomish, Snohomish County",330162,Snohomish,2017-12-07 04:23:27.260976
2016-10-17,20:30,51.5,51.5,48.9,90.6,0.03,E@0.3,3.1,53.8,0.0,0,"Snohomish, Snohomish County",330162,Snohomish,2017-12-07 04:23:27.260976
2016-10-17,20:45,51.1,51.1,48.4,90.3,0.07,SE@0.0,1.4,53.8,0.0,0,"Snohomish, Snohomish County",330162,Snohomish,2017-12-07 04:23:27.260976
2016-10-17,21:00,50.7,50.6,48.1,90.7,0.09,NE@0.1,2.4,53.8,0.0,0,"Snohomish, Snohomish County",330162,Snohomish,2017-12-07 04:23:27.260976
2016-10-17,21:15,50.5,50.4,48.0,91.0,0.07,N@0.0,0.0,53.8,0.0,0,"Snohomish, Snohomish County",330162,Snohomish,2017-12-07 04:23:27.260976
2016-10-17,21:30,50.1,50.0,47.9,92.2,0.08,N@0.0,0.0,53.8,0.0,0,"Snohomish, Snohomish County",330162,Snohomish,2017-12-07 04:23:27.260976
2016-10-17,21:45,50.4,50.4,48.2,92.0,0.06,E@0.4,4.9,53.8,0.0,0,"Snohomish, Snohomish County",330162,Snohomish,2017-12-07 04:23:27.260976
2016-10-17,22:00,50.1,50.1,47.6,90.9,0.04,E@0.1,1.7,53.8,0.0,0,"Snohomish, Snohomish County",330162,Snohomish,2017-12-07 04:23:27.260976
2016-10-17,22:15,49.4,49.3,47.6,93.2,0.11,E@0.2,2.8,53.8,0.0,0,"Snohomish, Snohomish County",330162,Snohomish,2017-12-07 04:23:27.260976
2016-10-17,22:30,49.9,49.8,47.9,92.8,0.05,E@0.2,2.4,53.8,0.0,0,"Snohomish, Snohomish County",330162,Snohomish,2017-12-07 04:23:27.260976
2016-10-17,22:45,50.0,49.9,47.9,92.6,0.0,N@0.0,0.0,53.8,0.0,0,"Snohomish, Snohomish County",330162,Snohomish,2017-12-07 04:23:27.260976
2016-10-17,23:00,49.9,49.8,47.9,92.9,0.0,N@0.0,0.0,53.8,0.0,0,"Snohomish, Snohomish County",330162,Snohomish,2017-12-07 04:23:27.260976
2016-10-18,23:15,51.3,51.2,48.1,88.8,0.0,E@2.1,7.4,53.8,0.0,0,"Snohomish, Snohomish County",330162,Snohomish,2017-12-07 04:23:27.260976
2016-10-18,23:30,52.3,52.3,47.8,84.5,0.0,E@3.5,8.9,53.8,0.0,0,"Snohomish, Snohomish County",330162,Snohomish,2017-12-07 04:23:27.260976
2016-10-18,23:45,52.7,52.7,47.8,83.3,0.0,SE@2.5,8.9,53.8,0.0,0,"Snohomish, Snohomish County",330162,Snohomish,2017-12-07 04:23:27.260976
2016-10-18,24:00,52.4,52.4,48.2,85.5,0.0,SE@2.7,6.7,53.8,0.0,0,"Snohomish, Snohomish County",330162,Snohomish,2017-12-07 04:23:27.260976
2016-10-18,00:15,52.1,52.1,48.6,87.8,0.21,E@3.2,6.7,53.8,0.0,0,"Snohomish, Snohomish County",330162,Snohomish,2017-12-07 04:23:27.260976
2016-10-18,00:30,51.4,51.4,48.8,90.8,0.83,E@0.1,3.1,53.8,0.0,0,"Snohomish, Snohomish County",330162,Snohomish,2017-12-07 04:23:27.260976
2016-10-18,00:45,51.1,51.2,49.1,92.7,0.83,E@0.4,4.9,53.8,0.0,0,"Snohomish, Snohomish County",330162,Snohomish,2017-12-07 04:23:27.260976
2016-10-18,01:00,51.0,51.0,49.1,93.1,0.8,E@0.2,3.1,53.8,0.0,0,"Snohomish, Snohomish County",330162,Snohomish,2017-12-07 04:23:27.260976
2016-10-18,01:15,50.9,51.0,49.2,93.8,0.79,E@2.5,6.7,53.8,0.0,0,"Snohomish, Snohomish County",330162,Snohomish,2017-12-07 04:23:27.260976
2016-10-18,01:30,51.0,51.1,49.3,93.8,0.82,E@1.4,5.7,53.8,0.01,0,"Snohomish, Snohomish County",330162,Snohomish,2017-12-07 04:23:27.260976
2016-10-18,01:45,51.0,51.1,49.4,93.9,0.74,E@3.3,8.9,53.8,0.01,0,"Snohomish, Snohomish County",330162,Snohomish,2017-12-07 04:23:27.260976
2016-10-18,02:00,51.0,51.0,49.4,94.2,0.68,E@2.0,7.4,53.7,0.0,0,"Snohomish, Snohomish County",330162,Snohomish,2017-12-07 04:23:27.260976
2016-10-18,02:15,50.7,50.7,49.4,95.3,0.66,E@1.2,4.6,53.7,0.01,0,"Snohomish, Snohomish County",330162,Snohomish,2017-12-07 04:23:27.260976
2016-10-18,02:30,50.5,50.5,49.5,96.0,0.65,E@1.0,4.6,53.7,0.01,0,"Snohomish, Snohomish County",330162,Snohomish,2017-12-07 04:23:27.260976
2016-10-18,02:45,50.4,50.4,49.4,96.4,0.63,E@0.7,4.9,53.7,0.0,0,"Snohomish, Snohomish County",330162,Snohomish,2017-12-07 04:23:27.260976
2016-10-18,03:00,50.2,50.2,49.3,97.0,0.62,N@0.0,0.0,53.7,0.01,0,"Snohomish, Snohomish County",330162,Snohomish,2017-12-07 04:23:27.260976
2016-10-18,03:15,50.2,50.2,49.5,97.4,0.63,N@0.0,0.0,53.7,0.0,0,"Snohomish, Snohomish County",330162,Snohomish,2017-12-07 04:23:27.260976
2016-10-18,03:30,50.4,50.4,49.7,97.4,0.63,E@2.6,6.7,53.7,0.0,0,"Snohomish, Snohomish County",330162,Snohomish,2017-12-07 04:23:27.260976
2016-10-18,03:45,50.7,50.8,49.5,95.7,0.62,SE@6.0,10.3,53.7,0.0,0,"Snohomish, Snohomish County",330162,Snohomish,2017-12-07 04:23:27.260976
2016-10-18,04:00,50.8,50.8,49.4,94.9,0.65,E@5.0,9.2,53.7,0.0,0,"Snohomish, Snohomish County",330162,Snohomish,2017-12-07 04:23:27.260976
2016-10-18,04:15,50.7,50.7,49.3,94.8,0.66,E@5.3,11.7,53.7,0.0,0,"Snohomish, Snohomish County",330162,Snohomish,2017-12-07 04:23:27.260976
2016-10-18,04:30,50.6,50.6,49.1,94.5,0.65,E@4.6,8.5,53.7,0.0,0,"Snohomish, Snohomish County",330162,Snohomish,2017-12-07 04:23:27.260976
2016-10-18,04:45,50.5,50.5,49.0,94.5,0.65,E@3.8,8.9,53.7,0.01,0,"Snohomish, Snohomish County",330162,Snohomish,2017-12-07 04:23:27.260976
2016-10-18,05:00,50.4,50.4,48.9,94.6,0.63,E@1.7,6.4,53.7,0.0,0,"Snohomish, Snohomish County",330162,Snohomish,2017-12-07 04:23:27.260976
2016-10-18,05:15,50.3,50.3,48.9,94.7,0.65,E@2.4,9.2,53.7,0.0,0,"Snohomish, Snohomish County",330162,Snohomish,2017-12-07 04:23:27.260976
2016-10-18,05:30,50.2,50.2,48.7,94.5,0.66,E@2.8,7.4,53.7,0.01,0,"Snohomish, Snohomish County",330162,Snohomish,2017-12-07 04:23:27.260976
2016-10-18,05:45,50.1,50.1,48.6,94.7,0.63,E@2.2,7.8,53.7,0.02,0,"Snohomish, Snohomish County",330162,Snohomish,2017-12-07 04:23:27.260976
2016-10-18,06:00,49.8,49.8,48.5,95.3,0.59,E@0.8,4.9,53.7,0.01,0,"Snohomish, Snohomish County",330162,Snohomish,2017-12-07 04:23:27.260976
2016-10-18,06:15,49.6,49.6,48.3,95.4,0.58,E@1.1,5.7,53.6,0.0,0,"Snohomish, Snohomish County",330162,Snohomish,2017-12-07 04:23:27.260976
2016-10-18,06:30,49.6,49.7,48.3,95.1,0.55,E@2.6,8.2,53.6,0.0,0,"Snohomish, Snohomish County",330162,Snohomish,2017-12-07 04:23:27.260976
2016-10-18,06:45,49.6,49.7,48.3,94.9,0.56,E@2.3,7.4,53.6,0.0,3,"Snohomish, Snohomish County",330162,Snohomish,2017-12-07 04:23:27.260976
2016-10-18,07:00,49.8,49.8,48.2,94.3,0.58,E@1.1,4.6,53.6,0.0,9,"Snohomish, Snohomish County",330162,Snohomish,2017-12-07 04:23:27.260976
2016-10-18,07:15,49.7,49.7,48.2,94.7,0.61,N@0.0,0.0,53.6,0.0,18,"Snohomish, Snohomish County",330162,Snohomish,2017-12-07 04:23:27.260976
2016-10-18,07:30,49.7,49.8,48.4,95.0,0.63,N@0.0,0.0,53.6,0.0,26,"Snohomish, Snohomish County",330162,Snohomish,2017-12-07 04:23:27.260976
2016-10-18,07:45,49.9,50.0,48.5,94.9,0.64,N@0.0,0.0,53.6,0.0,33,"Snohomish, Snohomish County",330162,Snohomish,2017-12-07 04:23:27.260976
2016-10-18,08:00,50.1,50.2,48.7,94.7,0.65,N@0.0,0.0,53.6,0.0,44,"Snohomish, Snohomish County",330162,Snohomish,2017-12-07 04:23:27.260976
2016-10-18,08:15,50.4,50.5,48.9,94.3,0.66,N@0.0,0.0,53.6,0.0,42,"Snohomish, Snohomish County",330162,Snohomish,2017-12-07 04:23:27.260976
2016-10-18,08:30,50.7,50.8,48.9,93.5,0.67,N@0.0,0.0,53.6,0.0,62,"Snohomish, Snohomish County",330162,Snohomish,2017-12-07 04:23:27.260976
2016-10-18,08:45,51.2,51.3,48.9,91.7,0.66,E@1.7,6.4,53.6,0.0,80,"Snohomish, Snohomish County",330162,Snohomish,2017-12-07 04:23:27.260976
2016-10-18,09:00,51.5,51.6,48.9,90.8,0.6,SE@3.6,8.2,53.6,0.0,58,"Snohomish, Snohomish County",330162,Snohomish,2017-12-07 04:23:27.260976
2016-10-18,09:15,51.6,51.6,48.5,89.1,0.41,SE@5.5,9.6,53.6,0.0,45,"Snohomish, Snohomish County",330162,Snohomish,2017-12-07 04:23:27.260976
2016-10-18,09:30,51.9,52.0,48.9,89.4,0.08,E@4.3,8.2,53.6,0.0,86,"Snohomish, Snohomish County",330162,Snohomish,2017-12-07 04:23:27.260976
2016-10-18,09:45,52.1,52.2,49.1,89.4,0.0,E@4.7,9.6,53.6,0.0,82,"Snohomish, Snohomish County",330162,Snohomish,2017-12-07 04:23:27.260976
2016-10-18,10:00,52.2,52.3,49.1,88.9,0.0,SE@4.4,8.9,53.6,0.0,67,"Snohomish, Snohomish County",330162,Snohomish,2017-12-07 04:23:27.260976
2016-10-18,10:15,52.4,52.5,49.4,89.3,0.0,E@1.5,6.0,53.5,0.0,88,"Snohomish, Snohomish County",330162,Snohomish,2017-12-07 04:23:27.260976
2016-10-18,10:30,53.0,53.1,49.9,89.2,0.0,E@3.6,7.1,53.5,0.0,169,"Snohomish, Snohomish County",330162,Snohomish,2017-12-07 04:23:27.260976
2016-10-18,10:45,55.1,55.4,51.1,86.3,0.0,E@3.7,8.5,53.5,0.0,451,"Snohomish, Snohomish County",330162,Snohomish,2017-12-07 04:23:27.260976
2016-10-18,11:00,54.8,55.1,50.4,85.1,0.0,E@3.4,8.2,53.5,0.0,212,"Snohomish, Snohomish County",330162,Snohomish,2017-12-07 04:23:27.260976
2016-10-18,11:15,53.8,54.0,50.4,88.1,0.0,E@2.3,7.4,53.5,0.0,122,"Snohomish, Snohomish County",330162,Snohomish,2017-12-07 04:23:27.260976
2016-10-18,11:30,53.8,54.0,50.6,88.9,0.0,E@1.8,7.4,53.5,0.0,139,"Snohomish, Snohomish County",330162,Snohomish,2017-12-07 04:23:27.260976
2016-10-18,11:45,54.2,54.4,50.8,88.4,0.0,E@0.8,4.9,53.5,0.0,187,"Snohomish, Snohomish County",330162,Snohomish,2017-12-07 04:23:27.260976
2016-10-18,12:00,55.4,55.7,51.5,86.6,0.0,E@1.0,4.9,53.5,0.0,217,"Snohomish, Snohomish County",330162,Snohomish,2017-12-07 04:23:27.260976
2016-10-18,12:15,55.6,55.8,50.1,81.6,0.0,S@6.0,13.2,53.5,0.0,75,"Snohomish, Snohomish County",330162,Snohomish,2017-12-07 04:23:27.260976
2016-10-18,12:30,56.1,56.2,50.4,81.2,0.0,S@3.6,7.4,53.5,0.0,125,"Snohomish, Snohomish County",330162,Snohomish,2017-12-07 04:23:27.260976
2016-10-18,12:45,56.9,57.2,50.7,79.8,0.0,SE@4.7,8.2,53.5,0.0,204,"Snohomish, Snohomish County",330162,Snohomish,2017-12-07 04:23:27.260976
2016-10-18,13:00,57.7,58.1,50.7,77.4,0.0,SE@4.8,8.5,53.5,0.0,364,"Snohomish, Snohomish County",330162,Snohomish,2017-12-07 04:23:27.260976
2016-10-18,13:15,57.2,57.5,50.2,77.3,0.0,SE@5.6,10.7,53.5,0.0,104,"Snohomish, Snohomish County",330162,Snohomish,2017-12-07 04:23:27.260976
2016-10-18,13:30,57.5,57.6,50.6,77.7,0.0,S@6.4,13.2,53.5,0.0,223,"Snohomish, Snohomish County",330162,Snohomish,2017-12-07 04:23:27.260976
2016-10-18,13:45,58.9,59.1,51.3,75.8,0.0,S@6.9,10.7,53.5,0.0,357,"Snohomish, Snohomish County",330162,Snohomish,2017-12-07 04:23:27.260976
2016-10-18,14:00,57.8,58.1,50.3,76.0,0.0,S@6.3,10.7,53.5,0.0,149,"Snohomish, Snohomish County",330162,Snohomish,2017-12-07 04:23:27.260976
2016-10-18,14:15,57.0,57.1,49.8,76.8,0.0,S@5.0,8.5,53.5,0.0,51,"Snohomish, Snohomish County",330162,Snohomish,2017-12-07 04:23:27.260976
2016-10-18,14:30,56.9,56.9,49.9,77.5,0.02,SE@5.6,8.5,53.5,0.0,44,"Snohomish, Snohomish County",330162,Snohomish,2017-12-07 04:23:27.260976
2016-10-18,14:45,56.4,56.5,50.1,79.3,0.28,S@5.0,9.9,53.6,0.0,26,"Snohomish, Snohomish County",330162,Snohomish,2017-12-07 04:23:27.260976
2016-10-18,15:00,55.3,55.5,50.4,83.5,0.76,S@4.8,9.9,53.6,0.02,15,"Snohomish, Snohomish County",330162,Snohomish,2017-12-07 04:23:27.260976
2016-10-18,15:15,55.0,55.2,50.4,84.4,0.78,S@4.7,8.2,53.6,0.0,34,"Snohomish, Snohomish County",330162,Snohomish,2017-12-07 04:23:27.260976
2016-10-18,15:30,54.6,54.7,50.9,87.2,0.83,S@5.4,8.5,53.6,0.03,40,"Snohomish, Snohomish County",330162,Snohomish,2017-12-07 04:23:27.260976
2016-10-18,15:45,53.7,53.7,51.1,90.7,0.83,S@4.0,8.5,53.6,0.05,19,"Snohomish, Snohomish County",330162,Snohomish,2017-12-07 04:23:27.260976
2016-10-18,16:00,53.9,53.9,51.3,91.0,0.79,SE@1.5,4.6,53.6,0.0,26,"Snohomish, Snohomish County",330162,Snohomish,2017-12-07 04:23:27.260976
2016-10-18,16:15,54.0,53.9,51.6,91.7,0.78,E@0.2,2.4,53.6,0.0,22,"Snohomish, Snohomish County",330162,Snohomish,2017-12-07 04:23:27.260976
2016-10-18,16:30,53.9,53.8,51.4,91.2,0.78,SE@0.3,4.6,53.6,0.01,18,"Snohomish, Snohomish County",330162,Snohomish,2017-12-07 04:23:27.260976
2016-10-18,16:45,53.6,53.6,51.5,92.5,0.75,SE@0.9,5.3,53.6,0.0,16,"Snohomish, Snohomish County",330162,Snohomish,2017-12-07 04:23:27.260976
2016-10-18,17:00,53.7,53.7,51.2,91.1,0.69,S@4.2,7.4,53.6,0.02,16,"Snohomish, Snohomish County",330162,Snohomish,2017-12-07 04:23:27.260976
2016-10-18,17:15,53.8,53.7,51.1,90.3,0.66,SE@0.1,3.5,53.6,0.0,5,"Snohomish, Snohomish County",330162,Snohomish,2017-12-07 04:23:27.260976
2016-10-18,17:30,53.4,53.3,51.2,91.9,0.73,N@0.0,0.0,53.7,0.0,1,"Snohomish, Snohomish County",330162,Snohomish,2017-12-07 04:23:27.260976
2016-10-18,17:45,52.9,52.8,51.3,94.3,0.74,E@0.1,2.1,53.7,0.0,0,"Snohomish, Snohomish County",330162,Snohomish,2017-12-07 04:23:27.260976
2016-10-18,18:00,52.9,52.9,51.4,94.5,0.71,E@0.0,1.4,53.7,0.01,0,"Snohomish, Snohomish County",330162,Snohomish,2017-12-07 04:23:27.260976
2016-10-18,18:15,52.9,52.9,51.3,94.1,0.67,N@0.0,0.0,53.7,0.0,0,"Snohomish, Snohomish County",330162,Snohomish,2017-12-07 04:23:27.260976
2016-10-18,18:30,52.7,52.6,50.7,92.7,0.66,N@0.0,0.0,53.7,0.0,0,"Snohomish, Snohomish County",330162,Snohomish,2017-12-07 04:23:27.260976
2016-10-18,18:45,52.1,52.0,50.2,93.3,0.66,N@0.0,0.0,53.7,0.0,0,"Snohomish, Snohomish County",330162,Snohomish,2017-12-07 04:23:27.260976
2016-10-18,19:00,51.8,51.7,50.4,95.2,0.67,NE@0.6,3.9,53.7,0.0,0,"Snohomish, Snohomish County",330162,Snohomish,2017-12-07 04:23:27.260976
2016-10-18,19:15,51.5,51.6,50.2,95.0,0.68,N@0.0,0.0,53.7,0.0,0,"Snohomish, Snohomish County",330162,Snohomish,2017-12-07 04:23:27.260976
2016-10-18,19:30,50.8,50.8,49.3,94.3,0.68,N@0.0,0.0,53.7,0.0,0,"Snohomish, Snohomish County",330162,Snohomish,2017-12-07 04:23:27.260976
2016-10-18,19:45,50.0,50.0,48.6,94.8,0.7,N@0.0,0.0,53.7,0.0,0,"Snohomish, Snohomish County",330162,Snohomish,2017-12-07 04:23:27.260976
2016-10-18,20:00,49.7,49.7,48.4,95.4,0.71,N@0.0,0.0,53.7,0.0,0,"Snohomish, Snohomish County",330162,Snohomish,2017-12-07 04:23:27.260976
2016-10-18,20:15,49.5,49.5,48.4,95.8,0.71,N@0.0,0.0,53.7,0.0,0,"Snohomish, Snohomish County",330162,Snohomish,2017-12-07 04:23:27.260976
2016-10-18,20:30,50.3,50.3,49.3,96.1,0.69,N@0.0,0.0,53.7,0.0,0,"Snohomish, Snohomish County",330162,Snohomish,2017-12-07 04:23:27.260976
2016-10-18,20:45,50.8,50.8,49.6,95.8,0.68,N@0.0,0.0,53.7,0.0,0,"Snohomish, Snohomish County",330162,Snohomish,2017-12-07 04:23:27.260976
2016-10-18,21:00,50.9,50.9,49.7,95.7,0.69,N@0.0,0.0,53.7,0.0,0,"Snohomish, Snohomish County",330162,Snohomish,2017-12-07 04:23:27.260976
2016-10-18,21:15,51.1,51.1,49.9,95.4,0.69,E@0.2,2.4,53.7,0.0,0,"Snohomish, Snohomish County",330162,Snohomish,2017-12-07 04:23:27.260976
2016-10-18,21:30,51.0,50.9,49.6,95.1,0.7,N@0.0,0.0,53.7,0.0,0,"Snohomish, Snohomish County",330162,Snohomish,2017-12-07 04:23:27.260976
2016-10-18,21:45,50.9,50.8,49.6,95.4,0.7,N@0.0,0.0,53.7,0.0,0,"Snohomish, Snohomish County",330162,Snohomish,2017-12-07 04:23:27.260976
2016-10-18,22:00,51.3,51.3,49.9,94.9,0.71,NE@0.0,2.4,53.7,0.0,0,"Snohomish, Snohomish County",330162,Snohomish,2017-12-07 04:23:27.260976
2016-10-18,22:15,51.1,51.1,49.3,93.4,0.71,E@0.6,5.3,53.7,0.0,0,"Snohomish, Snohomish County",330162,Snohomish,2017-12-07 04:23:27.260976
2016-10-18,22:30,50.5,50.4,48.8,93.9,0.71,NE@0.1,3.5,53.7,0.0,0,"Snohomish, Snohomish County",330162,Snohomish,2017-12-07 04:23:27.260976
2016-10-18,22:45,50.2,50.1,48.6,94.3,0.72,E@0.3,4.2,53.7,0.0,0,"Snohomish, Snohomish County",330162,Snohomish,2017-12-07 04:23:27.260976
2016-10-18,23:00,50.5,50.4,48.9,94.2,0.72,E@0.1,2.8,53.7,0.0,0,"Snohomish, Snohomish County",330162,Snohomish,2017-12-07 04:23:27.260976
2016-10-19,23:15,50.6,50.6,48.9,94.0,0.72,E@0.0,1.4,53.7,0.0,0,"Snohomish, Snohomish County",330162,Snohomish,2017-12-07 04:23:27.260976
2016-10-19,23:30,50.5,50.5,48.8,93.8,0.73,E@0.3,2.8,53.7,0.0,0,"Snohomish, Snohomish County",330162,Snohomish,2017-12-07 04:23:27.260976
2016-10-19,23:45,50.2,50.2,48.7,94.4,0.73,NE@0.3,4.2,53.7,0.0,0,"Snohomish, Snohomish County",330162,Snohomish,2017-12-07 04:23:27.260976
2016-10-19,24:00,50.5,50.5,49.0,94.6,0.73,E@0.1,2.1,53.7,0.0,0,"Snohomish, Snohomish County",330162,Snohomish,2017-12-07 04:23:27.260976
