Date,Time PST,1.5m Air Temp °F, 1.5m Dew Point °F, 1.5m Rel Hum %, Tot Prec in, Solar Rad W/m², Wind Direction, Wind Speed mph, 2m Wind Gust mph, 1.5m Leaf Wet u., 8 in. Soil Tmp °F,Location,Station ID,Station Name,Download Timestamp
2017-03-09,00:15,38.4,37.2,95.6,0.01,0,SW,3.1,6.0,0.95,43.3,"Coupeville, Coupeville, Island County",330164,Coupeville,2020-12-26 17:27:23.584934
2017-03-09,00:30,38.4,37.4,95.9,0.0,0,SW,4.9,6.4,0.94,43.2,"Coupeville, Coupeville, Island County",330164,Coupeville,2020-12-26 17:27:23.584934
2017-03-09,00:45,38.5,37.5,96.0,0.0,0,SW,3.2,4.9,0.93,43.2,"Coupeville, Coupeville, Island County",330164,Coupeville,2020-12-26 17:27:23.584934
2017-03-09,01:00,38.6,37.7,96.3,0.01,0,N ,0.0,0.0,0.92,43.1,"Coupeville, Coupeville, Island County",330164,Coupeville,2020-12-26 17:27:23.584934
2017-03-09,01:15,38.5,37.6,96.6,0.0,0,N ,0.0,0.0,0.92,43.1,"Coupeville, Coupeville, Island County",330164,Coupeville,2020-12-26 17:27:23.584934
2017-03-09,01:30,38.3,37.5,96.8,0.0,0,N ,0.0,0.0,0.91,43.0,"Coupeville, Coupeville, Island County",330164,Coupeville,2020-12-26 17:27:23.584934
2017-03-09,01:45,38.4,37.7,97.1,0.0,0,N ,0.0,0.0,0.91,43.0,"Coupeville, Coupeville, Island County",330164,Coupeville,2020-12-26 17:27:23.584934
2017-03-09,02:00,38.4,37.8,97.5,0.0,0,N ,0.0,0.0,0.91,42.9,"Coupeville, Coupeville, Island County",330164,Coupeville,2020-12-26 17:27:23.584934
2017-03-09,02:15,38.3,37.7,97.7,0.0,0,N ,0.0,0.0,0.92,42.8,"Coupeville, Coupeville, Island County",330164,Coupeville,2020-12-26 17:27:23.584934
2017-03-09,02:30,38.3,37.8,98.0,0.0,0,N ,0.0,0.0,0.92,42.8,"Coupeville, Coupeville, Island County",330164,Coupeville,2020-12-26 17:27:23.584934
2017-03-09,02:45,38.4,37.9,98.2,0.0,0,N ,0.0,0.0,0.92,42.8,"Coupeville, Coupeville, Island County",330164,Coupeville,2020-12-26 17:27:23.584934
2017-03-09,03:00,38.2,37.8,98.4,0.0,0,N ,0.0,0.0,0.92,42.7,"Coupeville, Coupeville, Island County",330164,Coupeville,2020-12-26 17:27:23.584934
2017-03-09,03:15,38.2,37.8,98.5,0.0,0,N ,0.0,0.0,0.92,42.7,"Coupeville, Coupeville, Island County",330164,Coupeville,2020-12-26 17:27:23.584934
2017-03-09,03:30,38.2,37.8,98.7,0.0,0,N ,0.0,0.0,0.92,42.6,"Coupeville, Coupeville, Island County",330164,Coupeville,2020-12-26 17:27:23.584934
2017-03-09,03:45,38.2,37.9,98.8,0.0,0,N ,0.0,0.0,0.92,42.6,"Coupeville, Coupeville, Island County",330164,Coupeville,2020-12-26 17:27:23.584934
2017-03-09,04:00,38.2,38.0,99.0,0.0,0,N ,0.0,0.0,0.92,42.6,"Coupeville, Coupeville, Island County",330164,Coupeville,2020-12-26 17:27:23.584934
2017-03-09,04:15,38.1,37.9,99.2,0.0,0,N ,0.0,0.0,0.92,42.5,"Coupeville, Coupeville, Island County",330164,Coupeville,2020-12-26 17:27:23.584934
2017-03-09,04:30,38.2,38.0,99.3,0.0,0,N ,0.0,0.0,0.92,42.5,"Coupeville, Coupeville, Island County",330164,Coupeville,2020-12-26 17:27:23.584934
2017-03-09,04:45,38.1,37.9,99.3,0.0,0,N ,0.0,0.0,0.92,42.4,"Coupeville, Coupeville, Island County",330164,Coupeville,2020-12-26 17:27:23.584934
2017-03-09,05:00,37.9,37.7,99.3,0.0,0,N ,0.0,0.0,0.92,42.4,"Coupeville, Coupeville, Island County",330164,Coupeville,2020-12-26 17:27:23.584934
2017-03-09,05:15,37.9,37.7,99.3,0.0,0,N ,0.0,0.0,0.92,42.4,"Coupeville, Coupeville, Island County",330164,Coupeville,2020-12-26 17:27:23.584934
2017-03-09,05:30,38.0,37.8,99.3,0.0,0,N ,0.0,0.0,0.92,42.3,"Coupeville, Coupeville, Island County",330164,Coupeville,2020-12-26 17:27:23.584934
2017-03-09,05:45,38.0,37.8,99.3,0.0,0,N ,0.0,0.0,0.92,42.3,"Coupeville, Coupeville, Island County",330164,Coupeville,2020-12-26 17:27:23.584934
2017-03-09,06:00,38.1,37.9,99.3,0.0,0,N ,0.0,0.0,0.92,42.3,"Coupeville, Coupeville, Island County",330164,Coupeville,2020-12-26 17:27:23.584934
2017-03-09,06:15,38.3,38.1,99.3,0.0,0,N ,0.0,0.0,0.93,42.2,"Coupeville, Coupeville, Island County",330164,Coupeville,2020-12-26 17:27:23.584934
2017-03-09,06:30,38.6,38.4,99.3,0.0,0,N ,0.0,0.0,0.93,42.2,"Coupeville, Coupeville, Island County",330164,Coupeville,2020-12-26 17:27:23.584934
2017-03-09,06:45,38.7,38.5,99.3,0.0,1,N ,0.0,0.0,0.93,42.2,"Coupeville, Coupeville, Island County",330164,Coupeville,2020-12-26 17:27:23.584934
2017-03-09,07:00,38.7,38.5,99.3,0.0,4,N ,0.0,0.0,0.93,42.2,"Coupeville, Coupeville, Island County",330164,Coupeville,2020-12-26 17:27:23.584934
2017-03-09,07:15,38.6,38.4,99.3,0.0,8,N ,0.0,0.0,0.93,42.1,"Coupeville, Coupeville, Island County",330164,Coupeville,2020-12-26 17:27:23.584934
2017-03-09,07:30,38.8,38.6,99.3,0.0,15,N ,0.0,0.0,0.93,42.1,"Coupeville, Coupeville, Island County",330164,Coupeville,2020-12-26 17:27:23.584934
2017-03-09,07:45,38.9,38.7,99.3,0.0,21,N ,0.0,0.0,0.93,42.1,"Coupeville, Coupeville, Island County",330164,Coupeville,2020-12-26 17:27:23.584934
2017-03-09,08:00,38.9,38.7,99.3,0.0,26,N ,0.0,0.0,0.93,42.0,"Coupeville, Coupeville, Island County",330164,Coupeville,2020-12-26 17:27:23.584934
2017-03-09,08:15,38.9,38.7,99.3,0.0,42,N ,0.0,0.0,0.93,42.0,"Coupeville, Coupeville, Island County",330164,Coupeville,2020-12-26 17:27:23.584934
2017-03-09,08:30,39.0,38.8,99.2,0.0,55,N ,0.0,0.0,0.93,42.0,"Coupeville, Coupeville, Island County",330164,Coupeville,2020-12-26 17:27:23.584934
2017-03-09,08:45,39.0,38.9,99.2,0.0,57,NE,0.6,4.2,0.93,42.0,"Coupeville, Coupeville, Island County",330164,Coupeville,2020-12-26 17:27:23.584934
2017-03-09,09:00,39.2,39.0,99.2,0.0,38,NE,2.6,5.3,0.93,42.0,"Coupeville, Coupeville, Island County",330164,Coupeville,2020-12-26 17:27:23.584934
2017-03-09,09:15,39.0,38.8,99.2,0.0,34,E,2.0,5.7,0.93,41.9,"Coupeville, Coupeville, Island County",330164,Coupeville,2020-12-26 17:27:23.584934
2017-03-09,09:30,39.2,39.0,99.2,0.0,66,E,2.9,5.7,0.92,41.9,"Coupeville, Coupeville, Island County",330164,Coupeville,2020-12-26 17:27:23.584934
2017-03-09,09:45,39.4,39.2,99.2,0.0,85,E,4.1,6.0,0.92,41.9,"Coupeville, Coupeville, Island County",330164,Coupeville,2020-12-26 17:27:23.584934
2017-03-09,10:00,39.7,39.4,99.0,0.0,92,E,1.7,5.7,0.93,41.9,"Coupeville, Coupeville, Island County",330164,Coupeville,2020-12-26 17:27:23.584934
2017-03-09,10:15,39.5,39.1,98.4,0.0,107,E,4.6,6.7,0.93,41.9,"Coupeville, Coupeville, Island County",330164,Coupeville,2020-12-26 17:27:23.584934
2017-03-09,10:30,39.9,39.3,97.7,0.0,143,E,4.7,6.7,0.92,41.9,"Coupeville, Coupeville, Island County",330164,Coupeville,2020-12-26 17:27:23.584934
2017-03-09,10:45,39.9,39.1,96.9,0.0,113,E,1.9,6.0,0.91,41.9,"Coupeville, Coupeville, Island County",330164,Coupeville,2020-12-26 17:27:23.584934
2017-03-09,11:00,39.8,38.8,96.1,0.0,61,SE,0.1,3.5,0.89,41.9,"Coupeville, Coupeville, Island County",330164,Coupeville,2020-12-26 17:27:23.584934
2017-03-09,11:15,39.9,38.7,95.4,0.0,35,NE,0.8,4.6,0.86,41.9,"Coupeville, Coupeville, Island County",330164,Coupeville,2020-12-26 17:27:23.584934
2017-03-09,11:30,40.0,38.8,95.4,0.0,44,E,1.7,4.2,0.82,42.0,"Coupeville, Coupeville, Island County",330164,Coupeville,2020-12-26 17:27:23.584934
2017-03-09,11:45,40.2,39.0,95.3,0.0,66,N ,0.0,0.0,0.73,42.0,"Coupeville, Coupeville, Island County",330164,Coupeville,2020-12-26 17:27:23.584934
2017-03-09,12:00,40.3,39.1,95.3,0.0,71,NE,1.8,6.4,0.53,42.0,"Coupeville, Coupeville, Island County",330164,Coupeville,2020-12-26 17:27:23.584934
2017-03-09,12:15,40.4,39.2,95.4,0.0,83,NE,5.2,7.1,0.27,42.1,"Coupeville, Coupeville, Island County",330164,Coupeville,2020-12-26 17:27:23.584934
2017-03-09,12:30,40.5,39.3,95.5,0.0,85,E,5.0,7.1,0.65,42.1,"Coupeville, Coupeville, Island County",330164,Coupeville,2020-12-26 17:27:23.584934
2017-03-09,12:45,40.7,39.5,95.6,0.0,89,NE,5.2,7.8,0.69,42.1,"Coupeville, Coupeville, Island County",330164,Coupeville,2020-12-26 17:27:23.584934
2017-03-09,13:00,40.4,39.3,95.9,0.0,50,E,5.6,8.2,0.91,42.1,"Coupeville, Coupeville, Island County",330164,Coupeville,2020-12-26 17:27:23.584934
2017-03-09,13:15,40.2,39.4,96.8,0.02,59,E,6.0,7.8,0.87,42.2,"Coupeville, Coupeville, Island County",330164,Coupeville,2020-12-26 17:27:23.584934
2017-03-09,13:30,40.2,39.5,97.4,0.02,58,E,6.5,9.6,0.84,42.2,"Coupeville, Coupeville, Island County",330164,Coupeville,2020-12-26 17:27:23.584934
2017-03-09,13:45,40.2,39.6,98.0,0.01,66,E,7.0,8.9,0.83,42.2,"Coupeville, Coupeville, Island County",330164,Coupeville,2020-12-26 17:27:23.584934
2017-03-09,14:00,40.1,39.7,98.3,0.01,59,E,7.5,9.9,0.84,42.2,"Coupeville, Coupeville, Island County",330164,Coupeville,2020-12-26 17:27:23.584934
2017-03-09,14:15,40.1,39.8,98.6,0.01,52,E,6.2,11.0,0.84,42.3,"Coupeville, Coupeville, Island County",330164,Coupeville,2020-12-26 17:27:23.584934
2017-03-09,14:30,40.3,40.0,98.8,0.01,48,E,4.9,7.8,0.84,42.3,"Coupeville, Coupeville, Island County",330164,Coupeville,2020-12-26 17:27:23.584934
2017-03-09,14:45,40.5,40.3,99.0,0.0,52,E,3.9,7.1,0.85,42.3,"Coupeville, Coupeville, Island County",330164,Coupeville,2020-12-26 17:27:23.584934
2017-03-09,15:00,40.6,40.4,99.1,0.01,47,E,5.4,8.9,0.85,42.3,"Coupeville, Coupeville, Island County",330164,Coupeville,2020-12-26 17:27:23.584934
2017-03-09,15:15,40.7,40.5,99.2,0.0,76,E,3.1,5.7,0.86,42.4,"Coupeville, Coupeville, Island County",330164,Coupeville,2020-12-26 17:27:23.584934
2017-03-09,15:30,41.0,40.8,99.2,0.01,80,E,1.4,6.4,0.86,42.4,"Coupeville, Coupeville, Island County",330164,Coupeville,2020-12-26 17:27:23.584934
2017-03-09,15:45,41.2,41.0,99.2,0.0,77,E,3.3,7.8,0.86,42.4,"Coupeville, Coupeville, Island County",330164,Coupeville,2020-12-26 17:27:23.584934
2017-03-09,16:00,41.7,41.5,99.2,0.0,90,E,4.5,8.5,0.87,42.4,"Coupeville, Coupeville, Island County",330164,Coupeville,2020-12-26 17:27:23.584934
2017-03-09,16:15,42.0,41.8,99.1,0.0,110,SE,3.9,6.4,0.87,42.4,"Coupeville, Coupeville, Island County",330164,Coupeville,2020-12-26 17:27:23.584934
2017-03-09,16:30,42.3,42.0,98.9,0.0,55,SE,3.4,5.7,0.88,42.5,"Coupeville, Coupeville, Island County",330164,Coupeville,2020-12-26 17:27:23.584934
2017-03-09,16:45,42.4,42.1,98.7,0.0,47,SE,3.2,6.4,0.89,42.5,"Coupeville, Coupeville, Island County",330164,Coupeville,2020-12-26 17:27:23.584934
2017-03-09,17:00,42.5,42.2,98.7,0.0,28,SE,1.5,4.2,0.89,42.5,"Coupeville, Coupeville, Island County",330164,Coupeville,2020-12-26 17:27:23.584934
2017-03-09,17:15,42.4,42.1,98.7,0.01,15,SE,2.1,4.9,0.89,42.5,"Coupeville, Coupeville, Island County",330164,Coupeville,2020-12-26 17:27:23.584934
2017-03-09,17:30,42.4,42.1,98.9,0.0,16,SE,1.3,4.2,0.9,42.5,"Coupeville, Coupeville, Island County",330164,Coupeville,2020-12-26 17:27:23.584934
2017-03-09,17:45,42.5,42.3,99.1,0.0,13,S,1.0,5.3,0.89,42.6,"Coupeville, Coupeville, Island County",330164,Coupeville,2020-12-26 17:27:23.584934
2017-03-09,18:00,42.4,42.2,99.2,0.0,5,S,0.3,3.9,0.89,42.6,"Coupeville, Coupeville, Island County",330164,Coupeville,2020-12-26 17:27:23.584934
2017-03-09,18:15,42.4,42.2,99.3,0.0,0,SW,2.4,5.7,0.89,42.6,"Coupeville, Coupeville, Island County",330164,Coupeville,2020-12-26 17:27:23.584934
2017-03-09,18:30,42.3,42.1,99.3,0.0,0,SE,3.4,6.4,0.9,42.7,"Coupeville, Coupeville, Island County",330164,Coupeville,2020-12-26 17:27:23.584934
2017-03-09,18:45,42.1,42.0,99.3,0.0,0,S,5.6,8.2,0.9,42.7,"Coupeville, Coupeville, Island County",330164,Coupeville,2020-12-26 17:27:23.584934
2017-03-09,19:00,42.3,42.1,99.3,0.0,0,W,2.3,7.1,0.9,42.7,"Coupeville, Coupeville, Island County",330164,Coupeville,2020-12-26 17:27:23.584934
2017-03-09,19:15,42.4,42.2,99.3,0.0,0,NW,0.7,4.6,0.9,42.7,"Coupeville, Coupeville, Island County",330164,Coupeville,2020-12-26 17:27:23.584934
2017-03-09,19:30,42.5,42.3,99.3,0.0,0,E,0.6,2.8,0.9,42.7,"Coupeville, Coupeville, Island County",330164,Coupeville,2020-12-26 17:27:23.584934
2017-03-09,19:45,42.4,42.3,99.3,0.0,0,NE,3.6,6.0,0.9,42.8,"Coupeville, Coupeville, Island County",330164,Coupeville,2020-12-26 17:27:23.584934
2017-03-09,20:00,42.5,42.3,99.3,0.0,0,SE,2.4,6.0,0.91,42.8,"Coupeville, Coupeville, Island County",330164,Coupeville,2020-12-26 17:27:23.584934
2017-03-09,20:15,43.6,43.4,99.3,0.0,0,S,7.9,14.2,0.91,42.8,"Coupeville, Coupeville, Island County",330164,Coupeville,2020-12-26 17:27:23.584934
2017-03-09,20:30,44.0,43.8,99.3,0.0,0,S,9.7,13.5,0.91,42.8,"Coupeville, Coupeville, Island County",330164,Coupeville,2020-12-26 17:27:23.584934
2017-03-09,20:45,44.4,44.2,99.3,0.0,0,S,8.8,12.4,0.92,42.8,"Coupeville, Coupeville, Island County",330164,Coupeville,2020-12-26 17:27:23.584934
2017-03-09,21:00,44.7,44.5,99.3,0.01,0,S,8.9,13.5,0.93,42.8,"Coupeville, Coupeville, Island County",330164,Coupeville,2020-12-26 17:27:23.584934
2017-03-09,21:15,45.0,44.8,99.3,0.0,0,S,9.6,12.4,0.93,42.8,"Coupeville, Coupeville, Island County",330164,Coupeville,2020-12-26 17:27:23.584934
2017-03-09,21:30,45.3,45.1,99.2,0.0,0,S,8.5,12.8,0.93,42.8,"Coupeville, Coupeville, Island County",330164,Coupeville,2020-12-26 17:27:23.584934
2017-03-09,21:45,45.2,44.9,99.1,0.0,0,SW,7.4,12.4,0.93,42.8,"Coupeville, Coupeville, Island County",330164,Coupeville,2020-12-26 17:27:23.584934
2017-03-09,22:00,43.8,43.5,99.1,0.0,0,SW,3.4,6.0,0.93,42.8,"Coupeville, Coupeville, Island County",330164,Coupeville,2020-12-26 17:27:23.584934
2017-03-09,22:15,43.8,43.6,99.1,0.0,0,W,3.8,6.4,0.93,42.8,"Coupeville, Coupeville, Island County",330164,Coupeville,2020-12-26 17:27:23.584934
2017-03-09,22:30,43.2,43.0,99.1,0.0,0,NW,2.4,6.0,0.93,42.8,"Coupeville, Coupeville, Island County",330164,Coupeville,2020-12-26 17:27:23.584934
2017-03-09,22:45,44.2,44.0,99.2,0.0,0,S,5.0,16.4,0.93,42.8,"Coupeville, Coupeville, Island County",330164,Coupeville,2020-12-26 17:27:23.584934
2017-03-09,23:00,46.7,46.1,97.6,0.0,0,S,10.3,15.7,0.93,42.9,"Coupeville, Coupeville, Island County",330164,Coupeville,2020-12-26 17:27:23.584934
2017-03-09,23:15,44.4,43.3,96.0,0.0,0,SW,6.8,11.7,0.91,42.9,"Coupeville, Coupeville, Island County",330164,Coupeville,2020-12-26 17:27:23.584934
2017-03-09,23:30,45.0,44.2,97.0,0.0,0,SW,8.7,16.4,0.91,42.9,"Coupeville, Coupeville, Island County",330164,Coupeville,2020-12-26 17:27:23.584934
2017-03-09,23:45,43.9,43.0,96.8,0.0,0,SW,8.5,15.7,0.89,42.9,"Coupeville, Coupeville, Island County",330164,Coupeville,2020-12-26 17:27:23.584934
2017-03-09,24:00,42.9,42.4,98.0,0.0,0,SW,7.6,10.7,0.86,42.9,"Coupeville, Coupeville, Island County",330164,Coupeville,2020-12-26 17:27:23.584934
2017-03-10,00:15,43.9,43.4,97.9,0.0,0,SW,9.9,17.8,0.81,42.9,"Coupeville, Coupeville, Island County",330164,Coupeville,2020-12-26 17:27:23.584934
2017-03-10,00:30,42.7,42.2,97.9,0.0,0,W,10.3,13.5,0.67,42.9,"Coupeville, Coupeville, Island County",330164,Coupeville,2020-12-26 17:27:23.584934
2017-03-10,00:45,42.6,42.2,98.5,0.0,0,W,8.0,12.1,0.59,42.9,"Coupeville, Coupeville, Island County",330164,Coupeville,2020-12-26 17:27:23.584934
2017-03-10,01:00,42.6,42.3,98.9,0.0,0,SW,9.4,12.4,0.59,42.9,"Coupeville, Coupeville, Island County",330164,Coupeville,2020-12-26 17:27:23.584934
2017-03-10,01:15,43.2,42.9,98.9,0.0,0,SW,8.9,17.5,0.56,42.9,"Coupeville, Coupeville, Island County",330164,Coupeville,2020-12-26 17:27:23.584934
2017-03-10,01:30,43.8,43.3,98.4,0.0,0,SW,9.1,17.5,0.45,43.0,"Coupeville, Coupeville, Island County",330164,Coupeville,2020-12-26 17:27:23.584934
2017-03-10,01:45,44.2,43.7,98.2,0.0,0,W,5.5,10.3,0.36,43.0,"Coupeville, Coupeville, Island County",330164,Coupeville,2020-12-26 17:27:23.584934
2017-03-10,02:00,44.2,43.6,97.4,0.0,0,SW,6.4,13.5,0.3,43.0,"Coupeville, Coupeville, Island County",330164,Coupeville,2020-12-26 17:27:23.584934
2017-03-10,02:15,43.7,43.0,97.3,0.0,0,SW,6.7,8.9,0.39,43.0,"Coupeville, Coupeville, Island County",330164,Coupeville,2020-12-26 17:27:23.584934
2017-03-10,02:30,42.9,42.4,98.0,0.0,0,W,7.9,10.3,0.53,43.0,"Coupeville, Coupeville, Island County",330164,Coupeville,2020-12-26 17:27:23.584934
2017-03-10,02:45,43.1,42.8,98.8,0.0,0,W,9.3,12.1,0.62,43.0,"Coupeville, Coupeville, Island County",330164,Coupeville,2020-12-26 17:27:23.584934
2017-03-10,03:00,43.0,42.8,99.3,0.0,0,W,9.4,13.2,0.66,43.0,"Coupeville, Coupeville, Island County",330164,Coupeville,2020-12-26 17:27:23.584934
2017-03-10,03:15,42.8,42.6,99.3,0.0,0,W,6.9,9.9,0.73,43.0,"Coupeville, Coupeville, Island County",330164,Coupeville,2020-12-26 17:27:23.584934
2017-03-10,03:30,42.5,42.3,99.3,0.0,0,W,4.8,7.1,0.78,42.9,"Coupeville, Coupeville, Island County",330164,Coupeville,2020-12-26 17:27:23.584934
2017-03-10,03:45,42.4,42.2,99.3,0.0,0,W,2.2,4.2,0.81,42.9,"Coupeville, Coupeville, Island County",330164,Coupeville,2020-12-26 17:27:23.584934
2017-03-10,04:00,42.2,42.0,99.3,0.0,0,NE,2.8,5.3,0.83,42.9,"Coupeville, Coupeville, Island County",330164,Coupeville,2020-12-26 17:27:23.584934
2017-03-10,04:15,42.5,42.4,99.3,0.0,0,N ,0.0,0.0,0.85,42.9,"Coupeville, Coupeville, Island County",330164,Coupeville,2020-12-26 17:27:23.584934
2017-03-10,04:30,42.0,41.8,99.3,0.0,0,NE,0.6,3.9,0.88,42.9,"Coupeville, Coupeville, Island County",330164,Coupeville,2020-12-26 17:27:23.584934
2017-03-10,04:45,42.5,42.3,99.3,0.0,0,NE,1.7,4.6,0.9,42.9,"Coupeville, Coupeville, Island County",330164,Coupeville,2020-12-26 17:27:23.584934
2017-03-10,05:00,42.7,42.5,99.3,0.0,0,NE,4.2,5.7,0.91,42.9,"Coupeville, Coupeville, Island County",330164,Coupeville,2020-12-26 17:27:23.584934
2017-03-10,05:15,42.6,42.4,99.3,0.0,0,NE,4.5,6.4,0.93,42.9,"Coupeville, Coupeville, Island County",330164,Coupeville,2020-12-26 17:27:23.584934
2017-03-10,05:30,41.9,41.7,99.3,0.0,0,NE,1.1,5.3,0.94,42.9,"Coupeville, Coupeville, Island County",330164,Coupeville,2020-12-26 17:27:23.584934
2017-03-10,05:45,40.7,40.5,99.3,0.0,0,N ,0.0,0.0,0.95,42.8,"Coupeville, Coupeville, Island County",330164,Coupeville,2020-12-26 17:27:23.584934
2017-03-10,06:00,39.0,38.8,99.3,0.0,0,N ,0.0,0.0,1.0,42.8,"Coupeville, Coupeville, Island County",330164,Coupeville,2020-12-26 17:27:23.584934
2017-03-10,06:15,37.8,37.6,99.3,0.0,0,NE,1.9,4.2,1.0,42.8,"Coupeville, Coupeville, Island County",330164,Coupeville,2020-12-26 17:27:23.584934
2017-03-10,06:30,38.6,38.4,99.3,0.0,1,E,0.4,2.8,1.0,42.8,"Coupeville, Coupeville, Island County",330164,Coupeville,2020-12-26 17:27:23.584934
2017-03-10,06:45,38.2,38.0,99.3,0.0,5,SE,0.6,3.1,1.0,42.8,"Coupeville, Coupeville, Island County",330164,Coupeville,2020-12-26 17:27:23.584934
2017-03-10,07:00,37.7,37.5,99.3,0.0,12,NE,2.3,4.6,1.0,42.8,"Coupeville, Coupeville, Island County",330164,Coupeville,2020-12-26 17:27:23.584934
2017-03-10,07:15,39.5,39.3,99.3,0.0,23,N ,4.3,7.1,1.0,42.7,"Coupeville, Coupeville, Island County",330164,Coupeville,2020-12-26 17:27:23.584934
2017-03-10,07:30,40.1,39.9,99.3,0.0,46,NE,2.4,4.6,1.0,42.7,"Coupeville, Coupeville, Island County",330164,Coupeville,2020-12-26 17:27:23.584934
2017-03-10,07:45,41.4,41.2,99.3,0.0,71,E,2.3,5.3,1.0,42.7,"Coupeville, Coupeville, Island County",330164,Coupeville,2020-12-26 17:27:23.584934
2017-03-10,08:00,42.7,42.5,99.3,0.0,195,NE,2.0,4.2,1.0,42.6,"Coupeville, Coupeville, Island County",330164,Coupeville,2020-12-26 17:27:23.584934
2017-03-10,08:15,45.7,45.5,99.3,0.0,193,NE,2.1,4.2,1.0,42.6,"Coupeville, Coupeville, Island County",330164,Coupeville,2020-12-26 17:27:23.584934
2017-03-10,08:30,45.9,45.7,99.3,0.0,263,N ,2.9,6.7,1.0,42.5,"Coupeville, Coupeville, Island County",330164,Coupeville,2020-12-26 17:27:23.584934
2017-03-10,08:45,47.2,47.0,99.3,0.0,228,N ,4.6,7.1,1.0,42.5,"Coupeville, Coupeville, Island County",330164,Coupeville,2020-12-26 17:27:23.584934
2017-03-10,09:00,47.1,46.9,99.3,0.0,143,N ,5.3,8.2,1.0,42.4,"Coupeville, Coupeville, Island County",330164,Coupeville,2020-12-26 17:27:23.584934
2017-03-10,09:15,47.1,46.8,99.0,0.0,137,N,6.4,8.9,0.94,42.4,"Coupeville, Coupeville, Island County",330164,Coupeville,2020-12-26 17:27:23.584934
2017-03-10,09:30,47.7,47.2,98.1,0.0,109,N ,6.7,9.2,0.64,42.4,"Coupeville, Coupeville, Island County",330164,Coupeville,2020-12-26 17:27:23.584934
2017-03-10,09:45,46.8,45.8,96.3,0.0,68,NW,9.8,14.6,0.59,42.4,"Coupeville, Coupeville, Island County",330164,Coupeville,2020-12-26 17:27:23.584934
2017-03-10,10:00,45.9,44.7,95.3,0.0,84,NW,10.8,16.7,0.9,42.3,"Coupeville, Coupeville, Island County",330164,Coupeville,2020-12-26 17:27:23.584934
2017-03-10,10:15,45.9,44.5,94.9,0.0,127,NW,11.0,17.1,0.93,42.4,"Coupeville, Coupeville, Island County",330164,Coupeville,2020-12-26 17:27:23.584934
2017-03-10,10:30,45.9,44.3,94.2,0.0,151,NW,10.7,17.1,0.64,42.4,"Coupeville, Coupeville, Island County",330164,Coupeville,2020-12-26 17:27:23.584934
2017-03-10,10:45,45.9,43.9,92.7,0.0,150,NW,9.6,14.6,0.25,42.4,"Coupeville, Coupeville, Island County",330164,Coupeville,2020-12-26 17:27:23.584934
2017-03-10,11:00,45.9,43.0,89.3,0.0,141,NW,10.4,19.6,0.18,42.5,"Coupeville, Coupeville, Island County",330164,Coupeville,2020-12-26 17:27:23.584934
2017-03-10,11:15,45.9,42.0,86.2,0.0,135,NW,9.9,15.0,0.14,42.5,"Coupeville, Coupeville, Island County",330164,Coupeville,2020-12-26 17:27:23.584934
2017-03-10,11:30,45.9,41.7,85.2,0.0,131,NW,10.3,18.2,0.14,42.6,"Coupeville, Coupeville, Island County",330164,Coupeville,2020-12-26 17:27:23.584934
2017-03-10,11:45,45.9,41.4,84.2,0.0,147,NW,10.9,16.7,0.12,42.7,"Coupeville, Coupeville, Island County",330164,Coupeville,2020-12-26 17:27:23.584934
2017-03-10,12:00,46.1,41.5,83.8,0.0,178,NW,10.5,16.4,0.11,42.7,"Coupeville, Coupeville, Island County",330164,Coupeville,2020-12-26 17:27:23.584934
2017-03-10,12:15,46.3,41.0,81.6,0.0,179,NW,11.1,16.0,0.09,42.8,"Coupeville, Coupeville, Island County",330164,Coupeville,2020-12-26 17:27:23.584934
2017-03-10,12:30,46.5,41.1,81.4,0.0,198,NW,10.4,15.3,0.12,42.8,"Coupeville, Coupeville, Island County",330164,Coupeville,2020-12-26 17:27:23.584934
2017-03-10,12:45,46.9,41.3,80.7,0.0,283,NW,10.2,16.7,0.09,42.9,"Coupeville, Coupeville, Island County",330164,Coupeville,2020-12-26 17:27:23.584934
2017-03-10,13:00,47.5,41.6,79.9,0.0,326,W,10.4,14.6,0.08,43.0,"Coupeville, Coupeville, Island County",330164,Coupeville,2020-12-26 17:27:23.584934
2017-03-10,13:15,47.5,41.3,78.9,0.0,338,W,10.4,16.0,0.07,43.0,"Coupeville, Coupeville, Island County",330164,Coupeville,2020-12-26 17:27:23.584934
2017-03-10,13:30,47.6,41.6,79.4,0.0,319,W,10.4,15.0,0.07,43.1,"Coupeville, Coupeville, Island County",330164,Coupeville,2020-12-26 17:27:23.584934
2017-03-10,13:45,47.3,41.5,80.0,0.0,217,W,8.8,13.9,0.08,43.2,"Coupeville, Coupeville, Island County",330164,Coupeville,2020-12-26 17:27:23.584934
2017-03-10,14:00,47.2,41.3,79.8,0.0,216,W,8.0,11.7,0.08,43.3,"Coupeville, Coupeville, Island County",330164,Coupeville,2020-12-26 17:27:23.584934
2017-03-10,14:15,47.1,40.8,78.4,0.0,212,NW,6.7,10.7,0.06,43.4,"Coupeville, Coupeville, Island County",330164,Coupeville,2020-12-26 17:27:23.584934
2017-03-10,14:30,47.3,40.8,78.0,0.0,201,W,5.8,9.2,0.06,43.4,"Coupeville, Coupeville, Island County",330164,Coupeville,2020-12-26 17:27:23.584934
2017-03-10,14:45,47.3,40.5,77.3,0.0,205,W,5.3,8.9,0.06,43.5,"Coupeville, Coupeville, Island County",330164,Coupeville,2020-12-26 17:27:23.584934
2017-03-10,15:00,47.3,40.3,76.6,0.0,196,W,4.9,9.9,0.05,43.7,"Coupeville, Coupeville, Island County",330164,Coupeville,2020-12-26 17:27:23.584934
2017-03-10,15:15,47.2,40.9,78.7,0.0,143,W,6.0,8.9,0.08,43.7,"Coupeville, Coupeville, Island County",330164,Coupeville,2020-12-26 17:27:23.584934
2017-03-10,15:30,46.6,41.4,81.9,0.0,119,W,6.8,8.9,0.1,43.8,"Coupeville, Coupeville, Island County",330164,Coupeville,2020-12-26 17:27:23.584934
2017-03-10,15:45,46.1,41.2,82.9,0.0,120,W,6.0,8.2,0.11,43.9,"Coupeville, Coupeville, Island County",330164,Coupeville,2020-12-26 17:27:23.584934
2017-03-10,16:00,45.9,41.0,83.0,0.0,69,W,3.9,7.8,0.12,44.0,"Coupeville, Coupeville, Island County",330164,Coupeville,2020-12-26 17:27:23.584934
2017-03-10,16:15,45.7,40.2,81.0,0.0,85,N ,2.6,7.4,0.17,44.1,"Coupeville, Coupeville, Island County",330164,Coupeville,2020-12-26 17:27:23.584934
2017-03-10,16:30,45.5,39.7,80.1,0.0,62,N,0.8,4.2,0.09,44.2,"Coupeville, Coupeville, Island County",330164,Coupeville,2020-12-26 17:27:23.584934
2017-03-10,16:45,45.4,39.8,80.5,0.0,54,N ,0.0,0.0,0.09,44.3,"Coupeville, Coupeville, Island County",330164,Coupeville,2020-12-26 17:27:23.584934
2017-03-10,17:00,45.2,40.1,82.1,0.0,27,W,0.8,4.6,0.11,44.4,"Coupeville, Coupeville, Island County",330164,Coupeville,2020-12-26 17:27:23.584934
2017-03-10,17:15,45.1,40.5,83.7,0.0,24,N ,0.0,0.0,0.13,44.5,"Coupeville, Coupeville, Island County",330164,Coupeville,2020-12-26 17:27:23.584934
2017-03-10,17:30,45.0,40.2,82.9,0.0,24,N ,0.0,0.0,0.11,44.5,"Coupeville, Coupeville, Island County",330164,Coupeville,2020-12-26 17:27:23.584934
2017-03-10,17:45,45.0,40.0,82.4,0.0,14,N ,0.0,0.0,0.12,44.6,"Coupeville, Coupeville, Island County",330164,Coupeville,2020-12-26 17:27:23.584934
2017-03-10,18:00,45.0,40.1,82.7,0.0,6,N ,0.0,0.0,0.13,44.6,"Coupeville, Coupeville, Island County",330164,Coupeville,2020-12-26 17:27:23.584934
2017-03-10,18:15,45.1,40.9,85.2,0.0,1,N ,0.0,0.0,0.19,44.7,"Coupeville, Coupeville, Island County",330164,Coupeville,2020-12-26 17:27:23.584934
2017-03-10,18:30,44.7,41.2,87.4,0.0,0,SW,0.9,5.3,0.22,44.7,"Coupeville, Coupeville, Island County",330164,Coupeville,2020-12-26 17:27:23.584934
2017-03-10,18:45,44.6,41.3,88.2,0.0,0,W,4.6,6.0,0.2,44.7,"Coupeville, Coupeville, Island County",330164,Coupeville,2020-12-26 17:27:23.584934
2017-03-10,19:00,44.5,40.8,86.7,0.0,0,W,3.2,6.0,0.17,44.8,"Coupeville, Coupeville, Island County",330164,Coupeville,2020-12-26 17:27:23.584934
2017-03-10,19:15,44.5,40.7,86.4,0.0,0,NW,0.2,2.4,0.18,44.8,"Coupeville, Coupeville, Island County",330164,Coupeville,2020-12-26 17:27:23.584934
2017-03-10,19:30,44.3,40.7,87.3,0.0,0,N ,0.0,0.0,0.22,44.8,"Coupeville, Coupeville, Island County",330164,Coupeville,2020-12-26 17:27:23.584934
2017-03-10,19:45,44.3,41.5,89.7,0.0,0,N ,0.0,0.0,0.32,44.8,"Coupeville, Coupeville, Island County",330164,Coupeville,2020-12-26 17:27:23.584934
2017-03-10,20:00,43.8,41.6,91.7,0.0,0,N ,0.0,0.0,0.37,44.8,"Coupeville, Coupeville, Island County",330164,Coupeville,2020-12-26 17:27:23.584934
2017-03-10,20:15,43.7,41.7,92.6,0.0,0,W,0.7,6.0,0.37,44.8,"Coupeville, Coupeville, Island County",330164,Coupeville,2020-12-26 17:27:23.584934
2017-03-10,20:30,43.8,41.8,92.5,0.0,0,W,3.9,6.0,0.31,44.8,"Coupeville, Coupeville, Island County",330164,Coupeville,2020-12-26 17:27:23.584934
2017-03-10,20:45,43.7,41.6,92.3,0.0,0,W,3.6,5.7,0.3,44.8,"Coupeville, Coupeville, Island County",330164,Coupeville,2020-12-26 17:27:23.584934
2017-03-10,21:00,43.4,41.3,92.1,0.0,0,W,4.6,6.4,0.28,44.8,"Coupeville, Coupeville, Island County",330164,Coupeville,2020-12-26 17:27:23.584934
2017-03-10,21:15,43.4,41.3,92.2,0.0,0,W,3.6,6.4,0.3,44.7,"Coupeville, Coupeville, Island County",330164,Coupeville,2020-12-26 17:27:23.584934
2017-03-10,21:30,43.4,41.3,92.4,0.0,0,N ,0.0,0.0,0.32,44.7,"Coupeville, Coupeville, Island County",330164,Coupeville,2020-12-26 17:27:23.584934
2017-03-10,21:45,43.3,41.3,92.5,0.0,0,N ,0.0,0.0,0.32,44.7,"Coupeville, Coupeville, Island County",330164,Coupeville,2020-12-26 17:27:23.584934
2017-03-10,22:00,43.3,41.4,92.8,0.0,0,N ,0.0,0.0,0.34,44.7,"Coupeville, Coupeville, Island County",330164,Coupeville,2020-12-26 17:27:23.584934
2017-03-10,22:15,43.2,41.3,92.8,0.0,0,N ,0.0,0.0,0.36,44.7,"Coupeville, Coupeville, Island County",330164,Coupeville,2020-12-26 17:27:23.584934
2017-03-10,22:30,43.2,41.4,93.3,0.0,0,N ,0.0,0.0,0.39,44.6,"Coupeville, Coupeville, Island County",330164,Coupeville,2020-12-26 17:27:23.584934
2017-03-10,22:45,43.1,41.3,93.2,0.0,0,N ,0.0,0.0,0.37,44.6,"Coupeville, Coupeville, Island County",330164,Coupeville,2020-12-26 17:27:23.584934
2017-03-10,23:00,42.9,41.2,93.3,0.0,0,N ,0.0,0.0,0.4,44.6,"Coupeville, Coupeville, Island County",330164,Coupeville,2020-12-26 17:27:23.584934
2017-03-10,23:15,42.8,41.1,93.7,0.0,0,N ,0.0,0.0,0.41,44.6,"Coupeville, Coupeville, Island County",330164,Coupeville,2020-12-26 17:27:23.584934
2017-03-10,23:30,42.7,41.1,93.7,0.0,0,N ,0.0,0.0,0.39,44.5,"Coupeville, Coupeville, Island County",330164,Coupeville,2020-12-26 17:27:23.584934
2017-03-10,23:45,42.6,41.0,93.8,0.0,0,N ,0.0,0.0,0.41,44.5,"Coupeville, Coupeville, Island County",330164,Coupeville,2020-12-26 17:27:23.584934
2017-03-10,24:00,42.6,41.1,94.5,0.0,0,N ,0.0,0.0,0.51,44.5,"Coupeville, Coupeville, Island County",330164,Coupeville,2020-12-26 17:27:23.584934
2017-03-11,00:15,42.3,40.9,94.7,0.0,0,N ,0.0,0.0,0.55,44.5,"Coupeville, Coupeville, Island County",330164,Coupeville,2020-12-26 17:27:23.584934
2017-03-11,00:30,42.0,40.6,94.7,0.0,0,N ,0.0,0.0,0.65,44.4,"Coupeville, Coupeville, Island County",330164,Coupeville,2020-12-26 17:27:23.584934
2017-03-11,00:45,40.8,39.5,94.9,0.0,0,N ,0.0,0.0,0.75,44.4,"Coupeville, Coupeville, Island County",330164,Coupeville,2020-12-26 17:27:23.584934
2017-03-11,01:00,40.2,39.0,95.6,0.0,0,N ,0.0,0.0,0.81,44.4,"Coupeville, Coupeville, Island County",330164,Coupeville,2020-12-26 17:27:23.584934
2017-03-11,01:15,39.8,38.8,96.2,0.0,0,N ,0.0,0.0,0.85,44.3,"Coupeville, Coupeville, Island County",330164,Coupeville,2020-12-26 17:27:23.584934
2017-03-11,01:30,39.4,38.5,96.8,0.0,0,N ,0.0,0.0,0.88,44.3,"Coupeville, Coupeville, Island County",330164,Coupeville,2020-12-26 17:27:23.584934
2017-03-11,01:45,39.4,38.6,97.2,0.0,0,N ,0.0,0.0,0.89,44.3,"Coupeville, Coupeville, Island County",330164,Coupeville,2020-12-26 17:27:23.584934
2017-03-11,02:00,39.0,38.5,97.8,0.0,0,N ,0.0,0.0,0.91,44.2,"Coupeville, Coupeville, Island County",330164,Coupeville,2020-12-26 17:27:23.584934
2017-03-11,02:15,39.7,39.3,98.1,0.0,0,N ,0.0,0.0,0.93,44.2,"Coupeville, Coupeville, Island County",330164,Coupeville,2020-12-26 17:27:23.584934
2017-03-11,02:30,39.2,38.7,98.0,0.0,0,N ,0.0,0.0,0.94,44.1,"Coupeville, Coupeville, Island County",330164,Coupeville,2020-12-26 17:27:23.584934
2017-03-11,02:45,38.2,37.8,98.4,0.0,0,N ,0.0,0.0,0.94,44.1,"Coupeville, Coupeville, Island County",330164,Coupeville,2020-12-26 17:27:23.584934
2017-03-11,03:00,39.0,38.7,98.7,0.0,0,N ,0.0,0.0,0.95,44.1,"Coupeville, Coupeville, Island County",330164,Coupeville,2020-12-26 17:27:23.584934
2017-03-11,03:15,37.7,37.4,98.8,0.0,0,N ,0.0,0.0,0.98,44.0,"Coupeville, Coupeville, Island County",330164,Coupeville,2020-12-26 17:27:23.584934
2017-03-11,03:30,38.0,37.8,99.2,0.0,0,N ,0.0,0.0,1.0,44.0,"Coupeville, Coupeville, Island County",330164,Coupeville,2020-12-26 17:27:23.584934
2017-03-11,03:45,38.6,38.4,99.2,0.0,0,N ,0.0,0.0,1.0,43.9,"Coupeville, Coupeville, Island County",330164,Coupeville,2020-12-26 17:27:23.584934
2017-03-11,04:00,40.5,40.3,99.2,0.0,0,SE,0.1,2.8,1.0,43.9,"Coupeville, Coupeville, Island County",330164,Coupeville,2020-12-26 17:27:23.584934
2017-03-11,04:15,40.6,40.4,99.2,0.0,0,N ,0.0,0.0,1.0,43.8,"Coupeville, Coupeville, Island County",330164,Coupeville,2020-12-26 17:27:23.584934
2017-03-11,04:30,40.7,40.5,99.1,0.0,0,N ,0.0,0.0,1.0,43.7,"Coupeville, Coupeville, Island County",330164,Coupeville,2020-12-26 17:27:23.584934
2017-03-11,04:45,40.9,40.6,98.9,0.0,0,E,5.3,7.4,1.0,43.7,"Coupeville, Coupeville, Island County",330164,Coupeville,2020-12-26 17:27:23.584934
2017-03-11,05:00,40.9,40.6,98.9,0.0,0,E,3.5,6.7,1.0,43.6,"Coupeville, Coupeville, Island County",330164,Coupeville,2020-12-26 17:27:23.584934
2017-03-11,05:15,40.8,40.5,98.7,0.0,0,N ,0.0,0.0,1.0,43.6,"Coupeville, Coupeville, Island County",330164,Coupeville,2020-12-26 17:27:23.584934
2017-03-11,05:30,40.5,40.2,98.6,0.0,0,N ,0.0,0.0,1.0,43.5,"Coupeville, Coupeville, Island County",330164,Coupeville,2020-12-26 17:27:23.584934
2017-03-11,05:45,40.2,39.9,98.8,0.0,0,N ,0.0,0.0,1.0,43.4,"Coupeville, Coupeville, Island County",330164,Coupeville,2020-12-26 17:27:23.584934
2017-03-11,06:00,40.2,40.0,99.0,0.0,0,N ,0.0,0.0,1.0,43.4,"Coupeville, Coupeville, Island County",330164,Coupeville,2020-12-26 17:27:23.584934
2017-03-11,06:15,39.5,39.3,99.1,0.0,0,N ,0.0,0.0,1.0,43.4,"Coupeville, Coupeville, Island County",330164,Coupeville,2020-12-26 17:27:23.584934
2017-03-11,06:30,39.6,39.5,99.2,0.0,0,N ,0.0,0.0,1.0,43.3,"Coupeville, Coupeville, Island County",330164,Coupeville,2020-12-26 17:27:23.584934
2017-03-11,06:45,39.1,38.9,99.2,0.0,2,N ,0.0,0.0,1.0,43.2,"Coupeville, Coupeville, Island County",330164,Coupeville,2020-12-26 17:27:23.584934
2017-03-11,07:00,39.3,39.2,99.3,0.0,6,N ,0.0,0.0,1.0,43.2,"Coupeville, Coupeville, Island County",330164,Coupeville,2020-12-26 17:27:23.584934
2017-03-11,07:15,38.8,38.7,99.3,0.0,12,N ,0.0,0.0,1.0,43.2,"Coupeville, Coupeville, Island County",330164,Coupeville,2020-12-26 17:27:23.584934
2017-03-11,07:30,39.2,39.0,99.3,0.0,16,N ,0.0,0.0,1.0,43.1,"Coupeville, Coupeville, Island County",330164,Coupeville,2020-12-26 17:27:23.584934
2017-03-11,07:45,39.5,39.3,99.3,0.0,19,N ,0.0,0.0,1.0,43.1,"Coupeville, Coupeville, Island County",330164,Coupeville,2020-12-26 17:27:23.584934
2017-03-11,08:00,40.0,39.8,99.3,0.0,20,N ,0.0,0.0,1.0,43.0,"Coupeville, Coupeville, Island County",330164,Coupeville,2020-12-26 17:27:23.584934
2017-03-11,08:15,41.1,40.8,99.0,0.0,22,SE,4.5,8.2,0.98,43.0,"Coupeville, Coupeville, Island County",330164,Coupeville,2020-12-26 17:27:23.584934
2017-03-11,08:30,41.9,41.0,96.6,0.0,25,SE,7.5,11.7,0.78,43.0,"Coupeville, Coupeville, Island County",330164,Coupeville,2020-12-26 17:27:23.584934
2017-03-11,08:45,43.1,41.1,92.5,0.0,26,S,10.0,15.0,0.38,42.9,"Coupeville, Coupeville, Island County",330164,Coupeville,2020-12-26 17:27:23.584934
2017-03-11,09:00,44.0,41.3,90.3,0.0,44,SE,8.7,16.0,0.31,42.9,"Coupeville, Coupeville, Island County",330164,Coupeville,2020-12-26 17:27:23.584934
2017-03-11,09:15,45.6,41.5,85.5,0.0,67,S,8.2,12.8,0.2,42.9,"Coupeville, Coupeville, Island County",330164,Coupeville,2020-12-26 17:27:23.584934
2017-03-11,09:30,47.5,41.9,80.7,0.0,73,S,10.5,16.4,0.15,42.9,"Coupeville, Coupeville, Island County",330164,Coupeville,2020-12-26 17:27:23.584934
2017-03-11,09:45,46.4,41.8,84.0,0.0,60,S,12.1,17.8,0.2,42.8,"Coupeville, Coupeville, Island County",330164,Coupeville,2020-12-26 17:27:23.584934
2017-03-11,10:00,46.6,42.8,86.5,0.0,94,S,14.1,23.5,0.24,42.8,"Coupeville, Coupeville, Island County",330164,Coupeville,2020-12-26 17:27:23.584934
2017-03-11,10:15,46.0,43.4,90.5,0.0,99,S,15.4,22.8,0.34,42.8,"Coupeville, Coupeville, Island County",330164,Coupeville,2020-12-26 17:27:23.584934
2017-03-11,10:30,46.2,44.0,91.9,0.0,98,S,15.8,22.1,0.36,42.8,"Coupeville, Coupeville, Island County",330164,Coupeville,2020-12-26 17:27:23.584934
2017-03-11,10:45,46.0,43.9,92.3,0.0,101,S,17.1,27.1,0.36,42.8,"Coupeville, Coupeville, Island County",330164,Coupeville,2020-12-26 17:27:23.584934
2017-03-11,11:00,45.8,43.8,92.6,0.0,128,S,18.2,25.0,0.36,42.8,"Coupeville, Coupeville, Island County",330164,Coupeville,2020-12-26 17:27:23.584934
2017-03-11,11:15,45.9,43.6,91.8,0.0,97,S,18.2,25.3,0.34,42.8,"Coupeville, Coupeville, Island County",330164,Coupeville,2020-12-26 17:27:23.584934
2017-03-11,11:30,45.8,43.7,92.2,0.0,76,S,16.4,22.5,0.36,42.8,"Coupeville, Coupeville, Island County",330164,Coupeville,2020-12-26 17:27:23.584934
2017-03-11,11:45,46.1,44.0,92.3,0.0,72,S,15.9,24.3,0.36,42.9,"Coupeville, Coupeville, Island County",330164,Coupeville,2020-12-26 17:27:23.584934
2017-03-11,12:00,46.1,43.8,91.7,0.0,69,S,16.2,23.2,0.35,42.9,"Coupeville, Coupeville, Island County",330164,Coupeville,2020-12-26 17:27:23.584934
2017-03-11,12:15,45.6,43.8,93.1,0.0,55,S,12.1,19.2,0.39,42.9,"Coupeville, Coupeville, Island County",330164,Coupeville,2020-12-26 17:27:23.584934
2017-03-11,12:30,45.7,43.9,93.3,0.0,74,S,13.0,20.7,0.38,43.0,"Coupeville, Coupeville, Island County",330164,Coupeville,2020-12-26 17:27:23.584934
2017-03-11,12:45,46.0,44.2,93.7,0.0,160,S,13.8,21.0,0.37,43.0,"Coupeville, Coupeville, Island County",330164,Coupeville,2020-12-26 17:27:23.584934
2017-03-11,13:00,46.9,44.6,91.4,0.0,226,S,16.6,22.8,0.28,43.1,"Coupeville, Coupeville, Island County",330164,Coupeville,2020-12-26 17:27:23.584934
2017-03-11,13:15,47.8,45.0,89.9,0.0,432,S,17.8,23.5,0.23,43.1,"Coupeville, Coupeville, Island County",330164,Coupeville,2020-12-26 17:27:23.584934
2017-03-11,13:30,48.7,45.7,89.4,0.0,463,S,16.3,23.9,0.22,43.1,"Coupeville, Coupeville, Island County",330164,Coupeville,2020-12-26 17:27:23.584934
2017-03-11,13:45,49.6,46.4,88.7,0.0,485,S,12.3,22.5,0.21,43.2,"Coupeville, Coupeville, Island County",330164,Coupeville,2020-12-26 17:27:23.584934
2017-03-11,14:00,50.0,46.2,86.9,0.0,449,S,14.1,20.0,0.18,43.2,"Coupeville, Coupeville, Island County",330164,Coupeville,2020-12-26 17:27:23.584934
2017-03-11,14:15,49.8,46.0,86.8,0.0,324,S,14.3,20.7,0.18,43.3,"Coupeville, Coupeville, Island County",330164,Coupeville,2020-12-26 17:27:23.584934
2017-03-11,14:30,49.9,46.3,87.1,0.0,241,S,14.4,22.1,0.18,43.3,"Coupeville, Coupeville, Island County",330164,Coupeville,2020-12-26 17:27:23.584934
2017-03-11,14:45,49.7,46.3,87.8,0.0,199,S,13.8,21.4,0.2,43.4,"Coupeville, Coupeville, Island County",330164,Coupeville,2020-12-26 17:27:23.584934
2017-03-11,15:00,49.6,46.4,88.6,0.0,169,S,11.5,17.1,0.22,43.6,"Coupeville, Coupeville, Island County",330164,Coupeville,2020-12-26 17:27:23.584934
2017-03-11,15:15,49.6,46.5,89.1,0.0,132,S,12.3,19.2,0.23,43.7,"Coupeville, Coupeville, Island County",330164,Coupeville,2020-12-26 17:27:23.584934
2017-03-11,15:30,49.7,46.7,89.1,0.0,143,S,12.5,18.2,0.23,43.8,"Coupeville, Coupeville, Island County",330164,Coupeville,2020-12-26 17:27:23.584934
2017-03-11,15:45,50.0,47.1,89.5,0.0,177,S,11.9,18.5,0.23,43.9,"Coupeville, Coupeville, Island County",330164,Coupeville,2020-12-26 17:27:23.584934
2017-03-11,16:00,50.5,47.6,89.8,0.0,163,S,11.9,16.0,0.24,44.1,"Coupeville, Coupeville, Island County",330164,Coupeville,2020-12-26 17:27:23.584934
2017-03-11,16:15,50.5,47.7,90.2,0.0,136,S,13.0,17.1,0.26,44.2,"Coupeville, Coupeville, Island County",330164,Coupeville,2020-12-26 17:27:23.584934
2017-03-11,16:30,50.6,47.9,90.4,0.0,152,S,11.7,16.4,0.27,44.3,"Coupeville, Coupeville, Island County",330164,Coupeville,2020-12-26 17:27:23.584934
2017-03-11,16:45,51.1,48.2,89.7,0.0,169,S,12.0,17.5,0.24,44.4,"Coupeville, Coupeville, Island County",330164,Coupeville,2020-12-26 17:27:23.584934
2017-03-11,17:00,50.7,47.8,89.7,0.0,73,S,10.2,14.6,0.28,44.5,"Coupeville, Coupeville, Island County",330164,Coupeville,2020-12-26 17:27:23.584934
2017-03-11,17:15,50.8,47.8,89.5,0.0,34,S,8.6,11.7,0.28,44.6,"Coupeville, Coupeville, Island County",330164,Coupeville,2020-12-26 17:27:23.584934
2017-03-11,17:30,50.7,47.8,89.7,0.0,54,SW,8.2,12.8,0.3,44.7,"Coupeville, Coupeville, Island County",330164,Coupeville,2020-12-26 17:27:23.584934
2017-03-11,17:45,50.7,48.0,90.3,0.0,67,SW,6.0,8.9,0.29,44.8,"Coupeville, Coupeville, Island County",330164,Coupeville,2020-12-26 17:27:23.584934
2017-03-11,18:00,50.0,47.3,90.4,0.0,24,SW,4.9,9.6,0.36,44.9,"Coupeville, Coupeville, Island County",330164,Coupeville,2020-12-26 17:27:23.584934
2017-03-11,18:15,48.1,45.8,92.0,0.0,6,NE,0.6,4.9,0.58,44.9,"Coupeville, Coupeville, Island County",330164,Coupeville,2020-12-26 17:27:23.584934
2017-03-11,18:30,46.7,45.0,93.7,0.0,1,N,1.1,6.7,0.78,45.0,"Coupeville, Coupeville, Island County",330164,Coupeville,2020-12-26 17:27:23.584934
2017-03-11,18:45,46.0,44.4,94.2,0.0,0,N,1.4,6.4,0.83,45.1,"Coupeville, Coupeville, Island County",330164,Coupeville,2020-12-26 17:27:23.584934
2017-03-11,19:00,45.2,43.8,94.8,0.0,0,N ,0.0,0.0,0.86,45.1,"Coupeville, Coupeville, Island County",330164,Coupeville,2020-12-26 17:27:23.584934
2017-03-11,19:15,45.9,44.7,95.6,0.0,0,N ,0.0,0.0,0.79,45.2,"Coupeville, Coupeville, Island County",330164,Coupeville,2020-12-26 17:27:23.584934
2017-03-11,19:30,46.1,45.1,96.1,0.0,0,N ,0.0,0.0,0.74,45.2,"Coupeville, Coupeville, Island County",330164,Coupeville,2020-12-26 17:27:23.584934
2017-03-11,19:45,46.1,45.3,96.9,0.0,0,N ,0.0,0.0,0.68,45.3,"Coupeville, Coupeville, Island County",330164,Coupeville,2020-12-26 17:27:23.584934
2017-03-11,20:00,46.3,45.5,96.9,0.0,0,N ,0.0,0.0,0.62,45.3,"Coupeville, Coupeville, Island County",330164,Coupeville,2020-12-26 17:27:23.584934
2017-03-11,20:15,46.7,45.8,96.7,0.0,0,N ,0.0,0.0,0.56,45.3,"Coupeville, Coupeville, Island County",330164,Coupeville,2020-12-26 17:27:23.584934
2017-03-11,20:30,47.5,46.2,95.2,0.0,0,E,3.1,8.9,0.44,45.3,"Coupeville, Coupeville, Island County",330164,Coupeville,2020-12-26 17:27:23.584934
2017-03-11,20:45,48.0,46.1,93.0,0.0,0,NE,6.6,9.6,0.39,45.3,"Coupeville, Coupeville, Island County",330164,Coupeville,2020-12-26 17:27:23.584934
2017-03-11,21:00,48.2,45.5,90.3,0.0,0,E,7.1,10.3,0.35,45.3,"Coupeville, Coupeville, Island County",330164,Coupeville,2020-12-26 17:27:23.584934
2017-03-11,21:15,47.8,45.0,89.8,0.0,0,E,7.4,10.3,0.43,45.3,"Coupeville, Coupeville, Island County",330164,Coupeville,2020-12-26 17:27:23.584934
2017-03-11,21:30,47.8,45.2,90.6,0.0,0,E,5.8,7.8,0.42,45.3,"Coupeville, Coupeville, Island County",330164,Coupeville,2020-12-26 17:27:23.584934
2017-03-11,21:45,48.2,45.7,91.0,0.0,0,E,5.7,7.8,0.36,45.3,"Coupeville, Coupeville, Island County",330164,Coupeville,2020-12-26 17:27:23.584934
2017-03-11,22:00,48.4,45.9,90.8,0.0,0,E,5.7,8.2,0.33,45.3,"Coupeville, Coupeville, Island County",330164,Coupeville,2020-12-26 17:27:23.584934
2017-03-11,22:15,48.5,45.9,90.7,0.0,0,E,5.2,7.1,0.34,45.3,"Coupeville, Coupeville, Island County",330164,Coupeville,2020-12-26 17:27:23.584934
2017-03-11,22:30,48.3,45.9,91.1,0.0,0,NE,5.8,9.2,0.33,45.3,"Coupeville, Coupeville, Island County",330164,Coupeville,2020-12-26 17:27:23.584934
2017-03-11,22:45,48.4,45.8,90.5,0.0,0,NE,6.0,8.9,0.43,45.2,"Coupeville, Coupeville, Island County",330164,Coupeville,2020-12-26 17:27:23.584934
2017-03-11,23:00,48.1,45.5,90.5,0.0,0,NE,5.8,8.5,0.4,45.2,"Coupeville, Coupeville, Island County",330164,Coupeville,2020-12-26 17:27:23.584934
2017-03-11,23:15,48.0,45.8,92.1,0.0,0,NE,5.2,7.4,0.54,45.2,"Coupeville, Coupeville, Island County",330164,Coupeville,2020-12-26 17:27:23.584934
2017-03-11,23:30,47.7,45.7,92.4,0.0,0,NE,5.2,7.4,0.64,45.2,"Coupeville, Coupeville, Island County",330164,Coupeville,2020-12-26 17:27:23.584934
2017-03-11,23:45,47.4,45.3,92.3,0.0,0,E,4.9,7.4,0.44,45.2,"Coupeville, Coupeville, Island County",330164,Coupeville,2020-12-26 17:27:23.584934
2017-03-11,24:00,47.1,45.2,93.0,0.0,0,E,1.8,5.7,0.44,45.2,"Coupeville, Coupeville, Island County",330164,Coupeville,2020-12-26 17:27:23.584934
2017-03-12,00:15,46.7,45.2,94.2,0.0,0,E,0.7,4.6,0.5,45.1,"Coupeville, Coupeville, Island County",330164,Coupeville,2020-12-26 17:27:23.584934
2017-03-12,00:30,46.5,45.2,95.1,0.0,0,E,2.3,5.3,0.52,45.2,"Coupeville, Coupeville, Island County",330164,Coupeville,2020-12-26 17:27:23.584934
2017-03-12,00:45,46.5,45.2,95.3,0.0,0,E,3.0,6.4,0.5,45.1,"Coupeville, Coupeville, Island County",330164,Coupeville,2020-12-26 17:27:23.584934
2017-03-12,01:00,46.5,45.1,94.6,0.0,0,E,2.2,6.4,0.43,45.1,"Coupeville, Coupeville, Island County",330164,Coupeville,2020-12-26 17:27:23.584934
2017-03-12,01:15,46.4,44.9,94.3,0.0,0,SE,0.1,2.8,0.43,45.1,"Coupeville, Coupeville, Island County",330164,Coupeville,2020-12-26 17:27:23.584934
2017-03-12,01:30,46.4,44.7,93.8,0.0,0,E,1.5,6.0,0.4,45.1,"Coupeville, Coupeville, Island County",330164,Coupeville,2020-12-26 17:27:23.584934
2017-03-12,01:45,46.4,44.5,92.8,0.0,0,E,2.5,6.0,0.35,45.1,"Coupeville, Coupeville, Island County",330164,Coupeville,2020-12-26 17:27:23.584934
2017-03-12,03:00,46.6,44.3,91.5,0.0,0,SE,0.6,4.2,0.31,45.1,"Coupeville, Coupeville, Island County",330164,Coupeville,2020-12-26 17:27:23.584934
2017-03-12,03:15,46.7,44.1,90.5,0.0,0,N ,0.0,0.0,0.29,45.1,"Coupeville, Coupeville, Island County",330164,Coupeville,2020-12-26 17:27:23.584934
2017-03-12,03:30,47.0,44.0,89.5,0.0,0,SE,3.9,8.2,0.27,45.1,"Coupeville, Coupeville, Island County",330164,Coupeville,2020-12-26 17:27:23.584934
2017-03-12,03:45,47.1,44.4,90.3,0.0,0,S,5.7,9.6,0.31,45.1,"Coupeville, Coupeville, Island County",330164,Coupeville,2020-12-26 17:27:23.584934
2017-03-12,03:00,47.2,44.6,90.3,0.0,0,S,7.0,12.8,0.29,45.1,"Coupeville, Coupeville, Island County",330164,Coupeville,2020-12-26 17:27:23.584934
2017-03-12,03:15,47.2,44.7,90.9,0.0,0,SE,5.9,10.7,0.32,45.1,"Coupeville, Coupeville, Island County",330164,Coupeville,2020-12-26 17:27:23.584934
2017-03-12,03:30,47.0,44.9,92.5,0.0,0,S,6.5,10.3,0.38,45.1,"Coupeville, Coupeville, Island County",330164,Coupeville,2020-12-26 17:27:23.584934
2017-03-12,03:45,46.8,45.1,93.7,0.0,0,S,6.5,9.9,0.42,45.1,"Coupeville, Coupeville, Island County",330164,Coupeville,2020-12-26 17:27:23.584934
2017-03-12,04:00,46.7,45.2,94.5,0.0,0,S,6.2,8.9,0.44,45.0,"Coupeville, Coupeville, Island County",330164,Coupeville,2020-12-26 17:27:23.584934
2017-03-12,04:15,46.4,45.0,95.0,0.0,0,S,6.5,9.2,0.51,45.0,"Coupeville, Coupeville, Island County",330164,Coupeville,2020-12-26 17:27:23.584934
2017-03-12,04:30,45.8,44.6,95.5,0.0,0,S,5.9,9.9,0.58,45.0,"Coupeville, Coupeville, Island County",330164,Coupeville,2020-12-26 17:27:23.584934
2017-03-12,04:45,45.6,44.4,95.5,0.0,0,S,5.5,7.8,0.55,45.0,"Coupeville, Coupeville, Island County",330164,Coupeville,2020-12-26 17:27:23.584934
2017-03-12,05:00,45.5,44.2,95.1,0.0,0,S,5.5,8.5,0.5,45.0,"Coupeville, Coupeville, Island County",330164,Coupeville,2020-12-26 17:27:23.584934
2017-03-12,05:15,45.4,44.1,94.9,0.0,0,S,4.9,6.7,0.49,45.0,"Coupeville, Coupeville, Island County",330164,Coupeville,2020-12-26 17:27:23.584934
2017-03-12,05:30,45.4,44.0,94.5,0.0,0,SW,6.1,9.2,0.48,45.0,"Coupeville, Coupeville, Island County",330164,Coupeville,2020-12-26 17:27:23.584934
2017-03-12,05:45,45.1,43.9,95.4,0.0,0,SW,5.0,7.1,0.59,45.0,"Coupeville, Coupeville, Island County",330164,Coupeville,2020-12-26 17:27:23.584934
2017-03-12,06:00,45.0,44.0,96.3,0.0,0,SW,5.0,6.4,0.62,45.0,"Coupeville, Coupeville, Island County",330164,Coupeville,2020-12-26 17:27:23.584934
2017-03-12,06:15,45.1,44.3,96.9,0.0,0,SW,5.2,7.8,0.6,45.0,"Coupeville, Coupeville, Island County",330164,Coupeville,2020-12-26 17:27:23.584934
2017-03-12,06:30,45.4,44.5,96.6,0.0,0,SW,7.0,9.9,0.5,44.9,"Coupeville, Coupeville, Island County",330164,Coupeville,2020-12-26 17:27:23.584934
2017-03-12,06:45,45.6,44.5,95.9,0.0,2,SW,6.2,8.5,0.46,44.9,"Coupeville, Coupeville, Island County",330164,Coupeville,2020-12-26 17:27:23.584934
2017-03-12,07:00,45.6,44.4,95.6,0.0,9,SW,6.0,7.8,0.46,44.9,"Coupeville, Coupeville, Island County",330164,Coupeville,2020-12-26 17:27:23.584934
2017-03-12,07:15,45.6,44.4,95.3,0.0,14,S,6.5,8.2,0.42,44.9,"Coupeville, Coupeville, Island County",330164,Coupeville,2020-12-26 17:27:23.584934
2017-03-12,07:30,45.7,44.4,95.2,0.0,17,SW,5.6,8.2,0.44,44.9,"Coupeville, Coupeville, Island County",330164,Coupeville,2020-12-26 17:27:23.584934
2017-03-12,07:45,46.0,44.7,95.1,0.0,30,S,3.6,5.7,0.41,44.9,"Coupeville, Coupeville, Island County",330164,Coupeville,2020-12-26 17:27:23.584934
2017-03-12,08:00,46.4,45.1,94.9,0.0,57,S,0.2,3.1,0.38,44.8,"Coupeville, Coupeville, Island County",330164,Coupeville,2020-12-26 17:27:23.584934
2017-03-12,08:15,46.8,45.3,94.4,0.0,76,SE,0.7,4.6,0.34,44.8,"Coupeville, Coupeville, Island County",330164,Coupeville,2020-12-26 17:27:23.584934
2017-03-12,08:30,47.1,45.3,93.6,0.0,82,N ,0.0,0.0,0.3,44.8,"Coupeville, Coupeville, Island County",330164,Coupeville,2020-12-26 17:27:23.584934
2017-03-12,08:45,47.4,45.6,93.3,0.0,81,S,3.7,7.8,0.31,44.8,"Coupeville, Coupeville, Island County",330164,Coupeville,2020-12-26 17:27:23.584934
2017-03-12,09:00,47.3,45.8,94.4,0.0,77,S,4.7,6.7,0.37,44.8,"Coupeville, Coupeville, Island County",330164,Coupeville,2020-12-26 17:27:23.584934
2017-03-12,09:15,47.6,46.3,95.2,0.0,86,SE,2.7,6.4,0.38,44.8,"Coupeville, Coupeville, Island County",330164,Coupeville,2020-12-26 17:27:23.584934
2017-03-12,09:30,47.7,46.5,95.8,0.0,106,SE,4.7,7.1,0.39,44.8,"Coupeville, Coupeville, Island County",330164,Coupeville,2020-12-26 17:27:23.584934
2017-03-12,09:45,47.4,46.1,94.9,0.0,163,S,6.3,8.9,0.3,44.8,"Coupeville, Coupeville, Island County",330164,Coupeville,2020-12-26 17:27:23.584934
2017-03-12,10:00,47.8,45.7,92.6,0.0,209,S,6.7,13.2,0.24,44.9,"Coupeville, Coupeville, Island County",330164,Coupeville,2020-12-26 17:27:23.584934
2017-03-12,10:15,48.5,46.4,92.3,0.0,198,S,7.2,10.7,0.25,44.9,"Coupeville, Coupeville, Island County",330164,Coupeville,2020-12-26 17:27:23.584934
2017-03-12,10:30,48.8,46.4,91.3,0.0,160,S,6.2,9.6,0.24,44.9,"Coupeville, Coupeville, Island County",330164,Coupeville,2020-12-26 17:27:23.584934
2017-03-12,10:45,48.8,46.3,91.2,0.0,111,S,6.1,9.9,0.26,44.9,"Coupeville, Coupeville, Island County",330164,Coupeville,2020-12-26 17:27:23.584934
2017-03-12,11:00,48.9,46.4,91.2,0.0,137,S,7.9,11.7,0.25,45.0,"Coupeville, Coupeville, Island County",330164,Coupeville,2020-12-26 17:27:23.584934
2017-03-12,11:15,49.2,46.4,90.0,0.0,197,S,9.7,13.2,0.21,45.0,"Coupeville, Coupeville, Island County",330164,Coupeville,2020-12-26 17:27:23.584934
2017-03-12,11:30,49.7,46.5,88.4,0.0,207,S,9.0,13.5,0.19,45.1,"Coupeville, Coupeville, Island County",330164,Coupeville,2020-12-26 17:27:23.584934
2017-03-12,11:45,49.9,46.4,87.6,0.0,187,S,9.1,15.3,0.18,45.1,"Coupeville, Coupeville, Island County",330164,Coupeville,2020-12-26 17:27:23.584934
2017-03-12,12:00,50.2,46.7,87.5,0.0,178,S,9.1,13.9,0.18,45.2,"Coupeville, Coupeville, Island County",330164,Coupeville,2020-12-26 17:27:23.584934
2017-03-12,12:15,49.9,46.4,87.6,0.0,183,S,12.2,16.4,0.18,45.3,"Coupeville, Coupeville, Island County",330164,Coupeville,2020-12-26 17:27:23.584934
2017-03-12,12:30,50.0,46.5,87.5,0.0,217,S,13.2,20.0,0.17,45.3,"Coupeville, Coupeville, Island County",330164,Coupeville,2020-12-26 17:27:23.584934
2017-03-12,12:45,50.3,46.7,87.4,0.0,222,S,12.6,18.5,0.16,45.4,"Coupeville, Coupeville, Island County",330164,Coupeville,2020-12-26 17:27:23.584934
2017-03-12,13:00,50.6,46.8,86.7,0.0,259,S,13.9,20.3,0.15,45.5,"Coupeville, Coupeville, Island County",330164,Coupeville,2020-12-26 17:27:23.584934
2017-03-12,13:15,50.7,46.7,86.1,0.0,236,S,13.2,18.5,0.14,45.6,"Coupeville, Coupeville, Island County",330164,Coupeville,2020-12-26 17:27:23.584934
2017-03-12,13:30,51.0,47.0,86.0,0.0,289,S,10.8,15.7,0.14,45.6,"Coupeville, Coupeville, Island County",330164,Coupeville,2020-12-26 17:27:23.584934
2017-03-12,13:45,51.2,47.1,85.8,0.0,253,S,11.9,16.7,0.14,45.7,"Coupeville, Coupeville, Island County",330164,Coupeville,2020-12-26 17:27:23.584934
2017-03-12,14:00,50.7,46.8,86.6,0.0,150,S,12.3,17.1,0.17,45.8,"Coupeville, Coupeville, Island County",330164,Coupeville,2020-12-26 17:27:23.584934
2017-03-12,14:15,50.1,46.6,87.7,0.0,102,S,11.4,16.0,0.21,45.8,"Coupeville, Coupeville, Island County",330164,Coupeville,2020-12-26 17:27:23.584934
2017-03-12,14:30,50.0,46.7,88.3,0.0,116,S,11.5,16.0,0.21,45.9,"Coupeville, Coupeville, Island County",330164,Coupeville,2020-12-26 17:27:23.584934
2017-03-12,14:45,50.2,46.8,88.2,0.0,117,S,10.2,15.0,0.21,46.0,"Coupeville, Coupeville, Island County",330164,Coupeville,2020-12-26 17:27:23.584934
2017-03-12,15:00,50.4,46.5,86.1,0.0,118,S,11.0,15.3,0.17,46.1,"Coupeville, Coupeville, Island County",330164,Coupeville,2020-12-26 17:27:23.584934
2017-03-12,15:15,50.8,46.2,84.3,0.0,123,S,10.1,16.4,0.15,46.2,"Coupeville, Coupeville, Island County",330164,Coupeville,2020-12-26 17:27:23.584934
2017-03-12,15:30,51.0,46.7,84.9,0.0,156,SE,8.6,12.8,0.15,46.3,"Coupeville, Coupeville, Island County",330164,Coupeville,2020-12-26 17:27:23.584934
2017-03-12,15:45,51.1,46.7,84.7,0.0,142,SE,10.0,15.3,0.15,46.3,"Coupeville, Coupeville, Island County",330164,Coupeville,2020-12-26 17:27:23.584934
2017-03-12,16:00,51.1,46.3,83.7,0.0,89,S,9.6,14.2,0.14,46.4,"Coupeville, Coupeville, Island County",330164,Coupeville,2020-12-26 17:27:23.584934
2017-03-12,16:15,51.0,46.2,83.4,0.0,64,S,9.9,14.2,0.15,46.4,"Coupeville, Coupeville, Island County",330164,Coupeville,2020-12-26 17:27:23.584934
2017-03-12,16:30,50.8,46.2,84.0,0.0,55,SE,8.7,14.6,0.15,46.5,"Coupeville, Coupeville, Island County",330164,Coupeville,2020-12-26 17:27:23.584934
2017-03-12,16:45,51.0,46.0,83.0,0.0,44,S,6.7,12.4,0.14,46.6,"Coupeville, Coupeville, Island County",330164,Coupeville,2020-12-26 17:27:23.584934
2017-03-12,17:00,50.8,46.0,83.5,0.0,38,SE,5.7,10.3,0.15,46.6,"Coupeville, Coupeville, Island County",330164,Coupeville,2020-12-26 17:27:23.584934
2017-03-12,17:15,50.8,45.8,83.0,0.0,29,SE,5.1,9.9,0.15,46.6,"Coupeville, Coupeville, Island County",330164,Coupeville,2020-12-26 17:27:23.584934
2017-03-12,17:30,50.8,45.6,82.5,0.0,21,SE,6.3,11.4,0.14,46.7,"Coupeville, Coupeville, Island County",330164,Coupeville,2020-12-26 17:27:23.584934
2017-03-12,17:45,50.6,45.6,83.0,0.0,13,SE,5.3,8.9,0.15,46.7,"Coupeville, Coupeville, Island County",330164,Coupeville,2020-12-26 17:27:23.584934
2017-03-12,18:00,50.5,45.6,83.1,0.0,6,SE,5.3,9.6,0.16,46.7,"Coupeville, Coupeville, Island County",330164,Coupeville,2020-12-26 17:27:23.584934
2017-03-12,18:15,50.5,45.5,82.8,0.0,1,SE,5.5,9.6,0.15,46.8,"Coupeville, Coupeville, Island County",330164,Coupeville,2020-12-26 17:27:23.584934
2017-03-12,18:30,50.6,45.3,81.9,0.0,0,SE,5.3,10.3,0.14,46.8,"Coupeville, Coupeville, Island County",330164,Coupeville,2020-12-26 17:27:23.584934
2017-03-12,18:45,50.5,45.3,82.0,0.0,0,SE,7.5,11.4,0.14,46.8,"Coupeville, Coupeville, Island County",330164,Coupeville,2020-12-26 17:27:23.584934
2017-03-12,19:00,50.9,45.1,80.4,0.0,0,SE,8.4,12.4,0.12,46.8,"Coupeville, Coupeville, Island County",330164,Coupeville,2020-12-26 17:27:23.584934
2017-03-12,19:15,50.9,44.7,79.3,0.0,0,SE,7.1,12.1,0.1,46.8,"Coupeville, Coupeville, Island County",330164,Coupeville,2020-12-26 17:27:23.584934
2017-03-12,19:30,51.1,44.1,76.8,0.0,0,SE,6.2,9.2,0.08,46.8,"Coupeville, Coupeville, Island County",330164,Coupeville,2020-12-26 17:27:23.584934
2017-03-12,19:45,51.0,43.7,75.9,0.0,0,SE,5.1,8.5,0.08,46.8,"Coupeville, Coupeville, Island County",330164,Coupeville,2020-12-26 17:27:23.584934
2017-03-12,20:00,50.9,43.9,76.8,0.0,0,SE,1.2,6.0,0.1,46.8,"Coupeville, Coupeville, Island County",330164,Coupeville,2020-12-26 17:27:23.584934
2017-03-12,20:15,50.6,44.7,79.9,0.0,0,SE,0.5,5.7,0.14,46.8,"Coupeville, Coupeville, Island County",330164,Coupeville,2020-12-26 17:27:23.584934
2017-03-12,20:30,50.5,45.2,82.2,0.0,0,N ,0.0,0.0,0.16,46.8,"Coupeville, Coupeville, Island County",330164,Coupeville,2020-12-26 17:27:23.584934
2017-03-12,20:45,50.2,45.4,83.5,0.0,0,N ,0.0,0.0,0.18,46.7,"Coupeville, Coupeville, Island County",330164,Coupeville,2020-12-26 17:27:23.584934
2017-03-12,21:00,50.1,45.7,84.7,0.0,0,SE,2.0,5.7,0.19,46.7,"Coupeville, Coupeville, Island County",330164,Coupeville,2020-12-26 17:27:23.584934
2017-03-12,21:15,50.0,45.8,85.3,0.0,0,SE,3.8,6.0,0.2,46.7,"Coupeville, Coupeville, Island County",330164,Coupeville,2020-12-26 17:27:23.584934
2017-03-12,21:30,50.1,45.6,84.4,0.0,0,SE,2.7,8.5,0.24,46.7,"Coupeville, Coupeville, Island County",330164,Coupeville,2020-12-26 17:27:23.584934
2017-03-12,21:45,50.1,45.5,84.0,0.0,0,SE,2.4,6.0,0.17,46.7,"Coupeville, Coupeville, Island County",330164,Coupeville,2020-12-26 17:27:23.584934
2017-03-12,22:00,49.9,45.5,84.5,0.0,0,SE,3.8,6.7,0.17,46.7,"Coupeville, Coupeville, Island County",330164,Coupeville,2020-12-26 17:27:23.584934
2017-03-12,22:15,49.8,45.4,84.5,0.0,0,S,3.5,7.4,0.18,46.7,"Coupeville, Coupeville, Island County",330164,Coupeville,2020-12-26 17:27:23.584934
2017-03-12,22:30,50.1,45.3,83.2,0.0,0,SE,6.3,9.6,0.15,46.6,"Coupeville, Coupeville, Island County",330164,Coupeville,2020-12-26 17:27:23.584934
2017-03-12,22:45,50.0,45.1,83.1,0.0,0,S,6.1,9.6,0.15,46.6,"Coupeville, Coupeville, Island County",330164,Coupeville,2020-12-26 17:27:23.584934
2017-03-12,23:00,50.1,45.1,82.8,0.0,0,SE,5.5,8.5,0.14,46.6,"Coupeville, Coupeville, Island County",330164,Coupeville,2020-12-26 17:27:23.584934
2017-03-13,23:15,50.2,45.0,82.0,0.0,0,SE,4.4,8.2,0.14,46.6,"Coupeville, Coupeville, Island County",330164,Coupeville,2020-12-26 17:27:23.584934
2017-03-13,23:30,50.0,44.8,82.2,0.0,0,SE,1.1,5.7,0.14,46.5,"Coupeville, Coupeville, Island County",330164,Coupeville,2020-12-26 17:27:23.584934
2017-03-13,23:45,50.2,44.9,81.9,0.0,0,SE,1.3,7.4,0.15,46.5,"Coupeville, Coupeville, Island County",330164,Coupeville,2020-12-26 17:27:23.584934
2017-03-13,24:00,49.8,44.7,82.5,0.0,0,N ,0.0,0.0,0.17,46.5,"Coupeville, Coupeville, Island County",330164,Coupeville,2020-12-26 17:27:23.584934
2017-03-13,00:15,49.4,44.8,84.0,0.0,0,N ,0.0,0.0,0.21,46.5,"Coupeville, Coupeville, Island County",330164,Coupeville,2020-12-26 17:27:23.584934
2017-03-13,00:30,48.9,44.7,85.4,0.0,0,N ,0.0,0.0,0.23,46.5,"Coupeville, Coupeville, Island County",330164,Coupeville,2020-12-26 17:27:23.584934
2017-03-13,00:45,48.7,44.8,86.2,0.0,0,N ,0.0,0.0,0.22,46.5,"Coupeville, Coupeville, Island County",330164,Coupeville,2020-12-26 17:27:23.584934
2017-03-13,01:00,48.5,44.8,86.9,0.0,0,N ,0.0,0.0,0.25,46.4,"Coupeville, Coupeville, Island County",330164,Coupeville,2020-12-26 17:27:23.584934
2017-03-13,01:15,48.6,45.2,87.6,0.0,0,N ,0.0,0.0,0.3,46.4,"Coupeville, Coupeville, Island County",330164,Coupeville,2020-12-26 17:27:23.584934
2017-03-13,01:30,48.8,45.3,87.8,0.0,0,N ,0.0,0.0,0.24,46.4,"Coupeville, Coupeville, Island County",330164,Coupeville,2020-12-26 17:27:23.584934
2017-03-13,01:45,48.8,45.5,88.1,0.0,0,SE,1.9,6.7,0.24,46.4,"Coupeville, Coupeville, Island County",330164,Coupeville,2020-12-26 17:27:23.584934
2017-03-13,02:00,48.9,45.6,88.2,0.0,0,SE,5.2,10.3,0.24,46.4,"Coupeville, Coupeville, Island County",330164,Coupeville,2020-12-26 17:27:23.584934
2017-03-13,02:15,49.3,45.5,86.5,0.0,0,SE,5.4,8.2,0.2,46.4,"Coupeville, Coupeville, Island County",330164,Coupeville,2020-12-26 17:27:23.584934
2017-03-13,02:30,49.5,44.6,83.3,0.0,0,SE,6.4,10.3,0.14,46.4,"Coupeville, Coupeville, Island County",330164,Coupeville,2020-12-26 17:27:23.584934
2017-03-13,02:45,50.1,44.3,80.4,0.0,0,SE,7.1,12.8,0.11,46.3,"Coupeville, Coupeville, Island County",330164,Coupeville,2020-12-26 17:27:23.584934
2017-03-13,03:00,51.3,43.4,74.4,0.0,0,SE,9.4,16.0,0.07,46.3,"Coupeville, Coupeville, Island County",330164,Coupeville,2020-12-26 17:27:23.584934
2017-03-13,03:15,51.3,43.4,74.2,0.0,0,SE,8.7,12.8,0.06,46.3,"Coupeville, Coupeville, Island County",330164,Coupeville,2020-12-26 17:27:23.584934
2017-03-13,03:30,51.4,43.4,74.0,0.0,0,S,9.9,15.3,0.06,46.3,"Coupeville, Coupeville, Island County",330164,Coupeville,2020-12-26 17:27:23.584934
2017-03-13,03:45,50.9,44.0,77.0,0.0,0,S,8.7,14.2,0.15,46.3,"Coupeville, Coupeville, Island County",330164,Coupeville,2020-12-26 17:27:23.584934
2017-03-13,04:00,50.3,45.1,82.3,0.01,0,S,9.6,14.2,0.59,46.2,"Coupeville, Coupeville, Island County",330164,Coupeville,2020-12-26 17:27:23.584934
2017-03-13,04:15,50.0,45.7,85.2,0.03,0,S,10.4,16.4,0.88,46.2,"Coupeville, Coupeville, Island County",330164,Coupeville,2020-12-26 17:27:23.584934
2017-03-13,04:30,49.7,46.1,87.3,0.02,0,S,9.1,15.0,0.92,46.2,"Coupeville, Coupeville, Island County",330164,Coupeville,2020-12-26 17:27:23.584934
2017-03-13,04:45,49.4,46.3,88.7,0.01,0,SE,9.9,14.6,0.94,46.2,"Coupeville, Coupeville, Island County",330164,Coupeville,2020-12-26 17:27:23.584934
2017-03-13,05:00,49.4,46.3,88.7,0.01,0,SE,9.9,15.0,0.9,46.2,"Coupeville, Coupeville, Island County",330164,Coupeville,2020-12-26 17:27:23.584934
2017-03-13,05:15,49.1,46.5,90.6,0.01,0,SE,9.2,13.9,0.88,46.2,"Coupeville, Coupeville, Island County",330164,Coupeville,2020-12-26 17:27:23.584934
2017-03-13,05:30,48.8,46.6,92.0,0.01,0,SE,10.3,15.0,0.9,46.2,"Coupeville, Coupeville, Island County",330164,Coupeville,2020-12-26 17:27:23.584934
2017-03-13,05:45,48.4,46.4,92.8,0.04,0,SE,8.7,13.9,0.94,46.2,"Coupeville, Coupeville, Island County",330164,Coupeville,2020-12-26 17:27:23.584934
2017-03-13,06:00,47.8,46.4,94.7,0.03,0,SE,5.5,9.2,1.0,46.2,"Coupeville, Coupeville, Island County",330164,Coupeville,2020-12-26 17:27:23.584934
2017-03-13,06:15,47.4,46.1,95.3,0.03,0,SE,5.4,9.2,1.0,46.2,"Coupeville, Coupeville, Island County",330164,Coupeville,2020-12-26 17:27:23.584934
2017-03-13,06:30,47.4,46.2,95.6,0.01,0,SE,6.3,9.2,1.0,46.2,"Coupeville, Coupeville, Island County",330164,Coupeville,2020-12-26 17:27:23.584934
2017-03-13,06:45,47.4,46.3,96.0,0.02,3,SE,6.3,13.2,1.0,46.1,"Coupeville, Coupeville, Island County",330164,Coupeville,2020-12-26 17:27:23.584934
2017-03-13,07:00,47.7,46.5,95.6,0.0,10,S,12.0,18.5,1.0,46.2,"Coupeville, Coupeville, Island County",330164,Coupeville,2020-12-26 17:27:23.584934
2017-03-13,07:15,48.3,46.5,93.4,0.0,16,SE,11.1,17.1,1.0,46.1,"Coupeville, Coupeville, Island County",330164,Coupeville,2020-12-26 17:27:23.584934
2017-03-13,07:30,48.3,46.5,93.3,0.0,18,S,10.9,15.7,1.0,46.2,"Coupeville, Coupeville, Island County",330164,Coupeville,2020-12-26 17:27:23.584934
2017-03-13,07:45,48.4,46.6,93.3,0.0,25,S,10.9,15.0,1.0,46.1,"Coupeville, Coupeville, Island County",330164,Coupeville,2020-12-26 17:27:23.584934
2017-03-13,08:00,48.4,46.6,93.5,0.0,29,S,9.1,13.5,1.0,46.1,"Coupeville, Coupeville, Island County",330164,Coupeville,2020-12-26 17:27:23.584934
2017-03-13,08:15,48.4,46.9,94.3,0.0,53,S,8.7,16.4,1.0,46.1,"Coupeville, Coupeville, Island County",330164,Coupeville,2020-12-26 17:27:23.584934
2017-03-13,08:30,48.8,47.2,94.4,0.0,63,SE,8.6,12.8,1.0,46.1,"Coupeville, Coupeville, Island County",330164,Coupeville,2020-12-26 17:27:23.584934
2017-03-13,08:45,48.9,47.4,94.5,0.0,66,S,8.4,11.7,0.94,46.1,"Coupeville, Coupeville, Island County",330164,Coupeville,2020-12-26 17:27:23.584934
2017-03-13,09:00,48.9,47.6,95.1,0.0,55,SE,8.9,12.1,0.86,46.1,"Coupeville, Coupeville, Island County",330164,Coupeville,2020-12-26 17:27:23.584934
2017-03-13,09:15,49.0,47.8,95.3,0.0,51,S,8.8,13.2,0.81,46.1,"Coupeville, Coupeville, Island County",330164,Coupeville,2020-12-26 17:27:23.584934
2017-03-13,09:30,49.2,48.0,95.2,0.0,44,S,9.3,13.2,0.79,46.1,"Coupeville, Coupeville, Island County",330164,Coupeville,2020-12-26 17:27:23.584934
2017-03-13,09:45,49.4,48.1,95.2,0.0,48,S,9.6,15.0,0.78,46.1,"Coupeville, Coupeville, Island County",330164,Coupeville,2020-12-26 17:27:23.584934
2017-03-13,10:00,49.6,48.3,95.4,0.0,64,S,10.2,15.0,0.79,46.2,"Coupeville, Coupeville, Island County",330164,Coupeville,2020-12-26 17:27:23.584934
2017-03-13,10:15,49.6,48.5,96.0,0.0,65,SE,9.4,13.9,0.81,46.2,"Coupeville, Coupeville, Island County",330164,Coupeville,2020-12-26 17:27:23.584934
2017-03-13,10:30,49.7,48.7,96.3,0.0,78,SE,8.8,13.5,0.82,46.2,"Coupeville, Coupeville, Island County",330164,Coupeville,2020-12-26 17:27:23.584934
2017-03-13,10:45,49.7,48.8,96.3,0.0,64,SE,7.7,12.8,0.81,46.2,"Coupeville, Coupeville, Island County",330164,Coupeville,2020-12-26 17:27:23.584934
2017-03-13,11:00,49.7,48.8,96.5,0.01,76,SE,8.2,12.4,0.83,46.2,"Coupeville, Coupeville, Island County",330164,Coupeville,2020-12-26 17:27:23.584934
2017-03-13,11:15,49.8,49.0,96.9,0.0,88,SE,8.5,12.4,0.86,46.2,"Coupeville, Coupeville, Island County",330164,Coupeville,2020-12-26 17:27:23.584934
2017-03-13,11:30,49.9,49.1,97.2,0.0,79,SE,8.0,14.2,0.87,46.3,"Coupeville, Coupeville, Island County",330164,Coupeville,2020-12-26 17:27:23.584934
2017-03-13,11:45,50.0,49.3,97.4,0.01,81,SE,7.3,10.7,0.9,46.3,"Coupeville, Coupeville, Island County",330164,Coupeville,2020-12-26 17:27:23.584934
2017-03-13,12:00,50.1,49.5,97.7,0.0,85,SE,7.8,11.7,0.9,46.3,"Coupeville, Coupeville, Island County",330164,Coupeville,2020-12-26 17:27:23.584934
2017-03-13,12:15,50.1,49.6,98.1,0.0,85,SE,7.6,11.7,0.89,46.4,"Coupeville, Coupeville, Island County",330164,Coupeville,2020-12-26 17:27:23.584934
2017-03-13,12:30,50.2,49.7,98.1,0.0,88,SE,7.7,12.1,0.9,46.4,"Coupeville, Coupeville, Island County",330164,Coupeville,2020-12-26 17:27:23.584934
2017-03-13,12:45,50.4,49.9,98.2,0.01,77,SE,6.8,9.6,0.9,46.4,"Coupeville, Coupeville, Island County",330164,Coupeville,2020-12-26 17:27:23.584934
2017-03-13,13:00,50.5,50.0,98.1,0.0,94,SE,7.1,11.0,0.88,46.5,"Coupeville, Coupeville, Island County",330164,Coupeville,2020-12-26 17:27:23.584934
2017-03-13,13:15,50.7,50.2,98.1,0.0,111,SE,7.9,12.1,0.87,46.5,"Coupeville, Coupeville, Island County",330164,Coupeville,2020-12-26 17:27:23.584934
2017-03-13,13:30,50.9,50.4,98.2,0.0,139,SE,8.8,12.8,0.83,46.6,"Coupeville, Coupeville, Island County",330164,Coupeville,2020-12-26 17:27:23.584934
2017-03-13,13:45,51.0,50.6,98.3,0.0,142,S,9.5,15.0,0.83,46.6,"Coupeville, Coupeville, Island County",330164,Coupeville,2020-12-26 17:27:23.584934
2017-03-13,14:00,51.1,50.7,98.2,0.0,132,S,10.0,14.6,0.82,46.7,"Coupeville, Coupeville, Island County",330164,Coupeville,2020-12-26 17:27:23.584934
2017-03-13,14:15,51.2,50.7,98.0,0.0,104,S,9.8,18.5,0.81,46.7,"Coupeville, Coupeville, Island County",330164,Coupeville,2020-12-26 17:27:23.584934
2017-03-13,14:30,51.3,50.7,97.8,0.0,90,S,8.1,13.2,0.79,46.7,"Coupeville, Coupeville, Island County",330164,Coupeville,2020-12-26 17:27:23.584934
2017-03-13,14:45,51.5,50.9,97.8,0.0,82,S,6.2,9.6,0.79,46.8,"Coupeville, Coupeville, Island County",330164,Coupeville,2020-12-26 17:27:23.584934
2017-03-13,15:00,51.8,51.2,97.7,0.0,147,S,6.8,10.3,0.76,46.9,"Coupeville, Coupeville, Island County",330164,Coupeville,2020-12-26 17:27:23.584934
2017-03-13,15:15,52.2,51.5,97.4,0.0,130,S,5.8,8.9,0.7,46.9,"Coupeville, Coupeville, Island County",330164,Coupeville,2020-12-26 17:27:23.584934
2017-03-13,15:30,52.2,51.4,97.0,0.0,109,S,5.2,9.2,0.7,47.0,"Coupeville, Coupeville, Island County",330164,Coupeville,2020-12-26 17:27:23.584934
2017-03-13,15:45,52.4,51.5,96.5,0.0,108,S,5.2,8.2,0.67,47.0,"Coupeville, Coupeville, Island County",330164,Coupeville,2020-12-26 17:27:23.584934
2017-03-13,16:00,52.6,51.4,95.8,0.0,121,S,6.0,9.6,0.64,47.1,"Coupeville, Coupeville, Island County",330164,Coupeville,2020-12-26 17:27:23.584934
2017-03-13,16:15,52.5,51.2,95.4,0.0,73,S,6.7,9.9,0.65,47.1,"Coupeville, Coupeville, Island County",330164,Coupeville,2020-12-26 17:27:23.584934
2017-03-13,16:30,52.2,51.1,96.0,0.0,49,S,5.4,8.2,0.73,47.2,"Coupeville, Coupeville, Island County",330164,Coupeville,2020-12-26 17:27:23.584934
2017-03-13,16:45,51.9,50.9,96.5,0.0,44,S,5.8,8.2,0.76,47.3,"Coupeville, Coupeville, Island County",330164,Coupeville,2020-12-26 17:27:23.584934
2017-03-13,17:00,51.8,50.9,96.9,0.0,55,S,4.7,6.4,0.77,47.3,"Coupeville, Coupeville, Island County",330164,Coupeville,2020-12-26 17:27:23.584934
2017-03-13,17:15,51.8,50.9,96.8,0.0,42,SE,4.0,6.4,0.75,47.4,"Coupeville, Coupeville, Island County",330164,Coupeville,2020-12-26 17:27:23.584934
2017-03-13,17:30,51.8,50.9,96.7,0.0,30,SE,3.0,6.0,0.77,47.5,"Coupeville, Coupeville, Island County",330164,Coupeville,2020-12-26 17:27:23.584934
2017-03-13,17:45,51.8,50.9,96.8,0.0,17,SE,0.8,4.9,0.78,47.5,"Coupeville, Coupeville, Island County",330164,Coupeville,2020-12-26 17:27:23.584934
2017-03-13,18:00,51.7,50.9,96.8,0.0,11,SE,2.2,5.7,0.79,47.6,"Coupeville, Coupeville, Island County",330164,Coupeville,2020-12-26 17:27:23.584934
2017-03-13,18:15,51.7,50.8,97.0,0.0,2,SE,0.3,3.9,0.82,47.6,"Coupeville, Coupeville, Island County",330164,Coupeville,2020-12-26 17:27:23.584934
2017-03-13,18:30,51.6,50.8,97.2,0.0,0,SE,0.2,3.9,0.83,47.7,"Coupeville, Coupeville, Island County",330164,Coupeville,2020-12-26 17:27:23.584934
2017-03-13,18:45,51.5,50.8,97.5,0.0,0,SE,0.6,4.2,0.84,47.7,"Coupeville, Coupeville, Island County",330164,Coupeville,2020-12-26 17:27:23.584934
2017-03-13,19:00,51.5,50.8,97.6,0.0,0,SE,0.8,4.6,0.85,47.8,"Coupeville, Coupeville, Island County",330164,Coupeville,2020-12-26 17:27:23.584934
2017-03-13,19:15,51.3,50.7,97.8,0.0,0,SE,0.1,4.2,0.86,47.8,"Coupeville, Coupeville, Island County",330164,Coupeville,2020-12-26 17:27:23.584934
2017-03-13,19:30,51.3,50.7,97.9,0.0,0,N ,0.0,0.0,0.87,47.8,"Coupeville, Coupeville, Island County",330164,Coupeville,2020-12-26 17:27:23.584934
2017-03-13,19:45,51.2,50.7,98.1,0.0,0,N ,0.0,0.0,0.87,47.9,"Coupeville, Coupeville, Island County",330164,Coupeville,2020-12-26 17:27:23.584934
2017-03-13,20:00,51.2,50.8,98.2,0.0,0,N ,0.0,0.0,0.87,47.9,"Coupeville, Coupeville, Island County",330164,Coupeville,2020-12-26 17:27:23.584934
2017-03-13,20:15,51.3,50.8,98.2,0.0,0,N ,0.0,0.0,0.87,47.9,"Coupeville, Coupeville, Island County",330164,Coupeville,2020-12-26 17:27:23.584934
2017-03-13,20:30,51.3,50.9,98.1,0.0,0,N ,0.0,0.0,0.86,47.9,"Coupeville, Coupeville, Island County",330164,Coupeville,2020-12-26 17:27:23.584934
2017-03-13,20:45,51.4,50.9,98.1,0.0,0,N ,0.0,0.0,0.86,47.9,"Coupeville, Coupeville, Island County",330164,Coupeville,2020-12-26 17:27:23.584934
2017-03-13,21:00,51.4,50.9,98.1,0.0,0,N ,0.0,0.0,0.86,47.9,"Coupeville, Coupeville, Island County",330164,Coupeville,2020-12-26 17:27:23.584934
2017-03-13,21:15,51.4,50.9,98.1,0.0,0,N ,0.0,0.0,0.86,47.9,"Coupeville, Coupeville, Island County",330164,Coupeville,2020-12-26 17:27:23.584934
2017-03-13,21:30,51.4,50.9,98.2,0.0,0,N ,0.0,0.0,0.87,48.0,"Coupeville, Coupeville, Island County",330164,Coupeville,2020-12-26 17:27:23.584934
2017-03-13,21:45,51.3,50.8,98.3,0.0,0,N ,0.0,0.0,0.87,48.0,"Coupeville, Coupeville, Island County",330164,Coupeville,2020-12-26 17:27:23.584934
2017-03-13,22:00,51.2,50.8,98.5,0.0,0,SE,0.7,4.9,0.87,48.0,"Coupeville, Coupeville, Island County",330164,Coupeville,2020-12-26 17:27:23.584934
2017-03-13,22:15,51.0,50.7,98.8,0.0,0,SE,3.0,6.4,0.88,48.0,"Coupeville, Coupeville, Island County",330164,Coupeville,2020-12-26 17:27:23.584934
2017-03-13,22:30,50.8,50.5,99.0,0.0,0,SE,1.9,5.7,0.88,48.0,"Coupeville, Coupeville, Island County",330164,Coupeville,2020-12-26 17:27:23.584934
2017-03-13,22:45,50.6,50.4,99.1,0.0,0,SE,2.0,5.3,0.88,48.0,"Coupeville, Coupeville, Island County",330164,Coupeville,2020-12-26 17:27:23.584934
2017-03-13,23:00,50.4,50.2,99.1,0.0,0,SE,0.9,5.3,0.88,48.0,"Coupeville, Coupeville, Island County",330164,Coupeville,2020-12-26 17:27:23.584934
2017-03-14,23:15,50.3,50.0,98.9,0.0,0,SE,1.7,6.0,0.86,48.0,"Coupeville, Coupeville, Island County",330164,Coupeville,2020-12-26 17:27:23.584934
2017-03-14,23:30,50.2,49.9,98.5,0.0,0,SE,3.1,6.0,0.83,48.0,"Coupeville, Coupeville, Island County",330164,Coupeville,2020-12-26 17:27:23.584934
2017-03-14,23:45,50.2,49.8,98.2,0.0,0,SE,1.5,6.0,0.82,48.0,"Coupeville, Coupeville, Island County",330164,Coupeville,2020-12-26 17:27:23.584934
2017-03-14,24:00,50.2,49.6,97.7,0.0,0,SE,2.9,6.4,0.8,48.0,"Coupeville, Coupeville, Island County",330164,Coupeville,2020-12-26 17:27:23.584934
2017-03-14,00:15,50.1,49.3,97.0,0.0,0,SE,4.8,7.1,0.76,48.0,"Coupeville, Coupeville, Island County",330164,Coupeville,2020-12-26 17:27:23.584934
2017-03-14,00:30,50.0,48.7,95.2,0.0,0,SE,5.8,10.7,0.63,48.0,"Coupeville, Coupeville, Island County",330164,Coupeville,2020-12-26 17:27:23.584934
2017-03-14,00:45,50.1,48.0,92.3,0.0,0,SE,5.9,9.6,0.51,48.0,"Coupeville, Coupeville, Island County",330164,Coupeville,2020-12-26 17:27:23.584934
2017-03-14,01:00,50.0,47.9,92.2,0.0,0,SE,4.4,8.5,0.59,48.0,"Coupeville, Coupeville, Island County",330164,Coupeville,2020-12-26 17:27:23.584934
2017-03-14,01:15,49.8,47.9,93.2,0.0,0,SE,5.4,9.9,0.66,48.0,"Coupeville, Coupeville, Island County",330164,Coupeville,2020-12-26 17:27:23.584934
2017-03-14,01:30,49.6,47.9,94.0,0.0,0,SE,4.4,7.8,0.7,47.9,"Coupeville, Coupeville, Island County",330164,Coupeville,2020-12-26 17:27:23.584934
2017-03-14,01:45,50.0,48.4,94.1,0.0,0,SE,6.0,8.5,0.68,47.9,"Coupeville, Coupeville, Island County",330164,Coupeville,2020-12-26 17:27:23.584934
2017-03-14,02:00,50.0,48.5,94.3,0.0,0,SE,5.6,8.9,0.74,47.9,"Coupeville, Coupeville, Island County",330164,Coupeville,2020-12-26 17:27:23.584934
2017-03-14,02:15,50.1,48.7,94.9,0.0,0,SE,5.8,9.2,0.91,47.9,"Coupeville, Coupeville, Island County",330164,Coupeville,2020-12-26 17:27:23.584934
2017-03-14,02:30,50.0,48.9,95.7,0.0,0,SE,5.6,9.6,1.0,47.9,"Coupeville, Coupeville, Island County",330164,Coupeville,2020-12-26 17:27:23.584934
2017-03-14,02:45,49.8,48.8,96.5,0.01,0,SE,6.3,9.6,1.0,47.9,"Coupeville, Coupeville, Island County",330164,Coupeville,2020-12-26 17:27:23.584934
2017-03-14,03:00,49.4,48.6,96.9,0.0,0,SE,6.3,11.7,1.0,47.9,"Coupeville, Coupeville, Island County",330164,Coupeville,2020-12-26 17:27:23.584934
2017-03-14,03:15,49.1,48.4,97.3,0.0,0,SE,6.0,10.7,1.0,47.9,"Coupeville, Coupeville, Island County",330164,Coupeville,2020-12-26 17:27:23.584934
2017-03-14,03:30,48.9,48.3,97.6,0.0,0,SE,5.4,8.9,1.0,47.9,"Coupeville, Coupeville, Island County",330164,Coupeville,2020-12-26 17:27:23.584934
2017-03-14,03:45,49.0,48.3,97.3,0.0,0,SE,6.0,11.0,1.0,47.8,"Coupeville, Coupeville, Island County",330164,Coupeville,2020-12-26 17:27:23.584934
2017-03-14,04:00,48.9,48.1,96.9,0.0,0,S,5.4,9.2,1.0,47.8,"Coupeville, Coupeville, Island County",330164,Coupeville,2020-12-26 17:27:23.584934
2017-03-14,04:15,48.8,48.0,97.1,0.0,0,SE,6.4,10.7,1.0,47.8,"Coupeville, Coupeville, Island County",330164,Coupeville,2020-12-26 17:27:23.584934
2017-03-14,04:30,48.6,47.9,97.1,0.0,0,SE,7.0,11.4,1.0,47.8,"Coupeville, Coupeville, Island County",330164,Coupeville,2020-12-26 17:27:23.584934
2017-03-14,04:45,49.1,48.3,97.3,0.0,0,S,7.8,13.5,0.97,47.8,"Coupeville, Coupeville, Island County",330164,Coupeville,2020-12-26 17:27:23.584934
2017-03-14,05:00,49.7,48.9,97.0,0.0,0,S,9.5,14.6,0.94,47.8,"Coupeville, Coupeville, Island County",330164,Coupeville,2020-12-26 17:27:23.584934
2017-03-14,05:15,50.1,49.2,96.8,0.01,0,S,11.7,17.5,0.93,47.8,"Coupeville, Coupeville, Island County",330164,Coupeville,2020-12-26 17:27:23.584934
2017-03-14,05:30,49.7,48.9,97.0,0.0,0,SE,11.2,18.5,0.88,47.8,"Coupeville, Coupeville, Island County",330164,Coupeville,2020-12-26 17:27:23.584934
2017-03-14,05:45,49.6,48.8,97.1,0.0,0,S,11.3,18.2,0.64,47.7,"Coupeville, Coupeville, Island County",330164,Coupeville,2020-12-26 17:27:23.584934
2017-03-14,06:00,49.4,48.8,97.4,0.0,0,SE,10.2,15.3,0.37,47.7,"Coupeville, Coupeville, Island County",330164,Coupeville,2020-12-26 17:27:23.584934
2017-03-14,06:15,49.6,48.9,97.5,0.0,0,S,8.5,12.4,0.31,47.7,"Coupeville, Coupeville, Island County",330164,Coupeville,2020-12-26 17:27:23.584934
2017-03-14,06:30,50.0,49.4,97.4,0.0,1,SE,7.5,13.5,0.26,47.7,"Coupeville, Coupeville, Island County",330164,Coupeville,2020-12-26 17:27:23.584934
2017-03-14,06:45,51.0,50.1,96.4,0.0,5,S,9.8,15.0,0.11,47.7,"Coupeville, Coupeville, Island County",330164,Coupeville,2020-12-26 17:27:23.584934
2017-03-14,07:00,51.2,50.1,96.0,0.0,13,S,9.3,14.2,0.09,47.7,"Coupeville, Coupeville, Island County",330164,Coupeville,2020-12-26 17:27:23.584934
2017-03-14,07:15,51.5,50.4,95.8,0.0,25,S,9.0,14.6,0.08,47.6,"Coupeville, Coupeville, Island County",330164,Coupeville,2020-12-26 17:27:23.584934
2017-03-14,07:30,51.8,50.6,95.5,0.0,49,S,9.9,16.7,0.1,47.6,"Coupeville, Coupeville, Island County",330164,Coupeville,2020-12-26 17:27:23.584934
2017-03-14,07:45,52.3,50.9,94.9,0.0,120,S,12.6,18.5,0.08,47.6,"Coupeville, Coupeville, Island County",330164,Coupeville,2020-12-26 17:27:23.584934
2017-03-14,08:00,52.8,51.2,94.4,0.0,77,S,13.7,21.4,0.06,47.6,"Coupeville, Coupeville, Island County",330164,Coupeville,2020-12-26 17:27:23.584934
2017-03-14,08:15,53.0,51.4,94.3,0.0,58,S,12.6,18.9,0.06,47.6,"Coupeville, Coupeville, Island County",330164,Coupeville,2020-12-26 17:27:23.584934
2017-03-14,08:30,53.3,51.3,92.8,0.0,165,S,12.1,18.5,0.05,47.6,"Coupeville, Coupeville, Island County",330164,Coupeville,2020-12-26 17:27:23.584934
2017-03-14,08:45,54.1,51.5,91.0,0.0,263,S,15.4,22.8,0.04,47.6,"Coupeville, Coupeville, Island County",330164,Coupeville,2020-12-26 17:27:23.584934
2017-03-14,09:00,54.4,51.8,90.8,0.0,172,S,14.2,20.3,0.03,47.6,"Coupeville, Coupeville, Island County",330164,Coupeville,2020-12-26 17:27:23.584934
2017-03-14,09:15,54.6,52.1,91.2,0.0,205,S,14.4,20.3,0.03,47.6,"Coupeville, Coupeville, Island County",330164,Coupeville,2020-12-26 17:27:23.584934
2017-03-14,09:30,53.3,51.5,93.3,0.0,157,SW,12.2,17.5,0.04,47.6,"Coupeville, Coupeville, Island County",330164,Coupeville,2020-12-26 17:27:23.584934
2017-03-14,09:45,53.1,51.3,93.8,0.0,154,SW,9.1,13.5,0.04,47.7,"Coupeville, Coupeville, Island County",330164,Coupeville,2020-12-26 17:27:23.584934
2017-03-14,10:00,52.2,50.8,94.7,0.0,122,SW,5.9,12.8,0.04,47.7,"Coupeville, Coupeville, Island County",330164,Coupeville,2020-12-26 17:27:23.584934
2017-03-14,10:15,52.9,51.4,94.5,0.0,150,SW,5.3,9.6,0.04,47.7,"Coupeville, Coupeville, Island County",330164,Coupeville,2020-12-26 17:27:23.584934
2017-03-14,10:30,53.1,51.5,94.4,0.0,153,W,1.3,6.4,0.03,47.8,"Coupeville, Coupeville, Island County",330164,Coupeville,2020-12-26 17:27:23.584934
2017-03-14,10:45,53.5,51.8,93.7,0.0,130,N ,0.0,0.0,0.03,47.8,"Coupeville, Coupeville, Island County",330164,Coupeville,2020-12-26 17:27:23.584934
2017-03-14,11:00,53.6,51.7,93.1,0.0,144,N,0.6,7.1,0.03,47.9,"Coupeville, Coupeville, Island County",330164,Coupeville,2020-12-26 17:27:23.584934
2017-03-14,11:15,52.4,50.5,93.0,0.0,148,N,6.3,7.8,0.03,48.0,"Coupeville, Coupeville, Island County",330164,Coupeville,2020-12-26 17:27:23.584934
2017-03-14,11:30,52.5,50.8,93.8,0.0,230,N,6.3,8.9,0.03,48.0,"Coupeville, Coupeville, Island County",330164,Coupeville,2020-12-26 17:27:23.584934
2017-03-14,11:45,53.2,51.3,93.0,0.0,247,N,5.8,7.4,0.03,48.1,"Coupeville, Coupeville, Island County",330164,Coupeville,2020-12-26 17:27:23.584934
2017-03-14,12:00,54.4,52.0,91.6,0.0,257,N,2.5,6.0,0.02,48.2,"Coupeville, Coupeville, Island County",330164,Coupeville,2020-12-26 17:27:23.584934
2017-03-14,12:15,53.5,51.3,92.2,0.0,317,SW,6.8,11.7,0.04,48.3,"Coupeville, Coupeville, Island County",330164,Coupeville,2020-12-26 17:27:23.584934
2017-03-14,12:30,52.2,51.1,95.9,0.0,332,SW,8.2,10.7,0.06,48.3,"Coupeville, Coupeville, Island County",330164,Coupeville,2020-12-26 17:27:23.584934
2017-03-14,12:45,52.2,51.1,96.0,0.0,272,SW,7.2,9.6,0.05,48.4,"Coupeville, Coupeville, Island County",330164,Coupeville,2020-12-26 17:27:23.584934
2017-03-14,13:00,51.5,50.3,95.5,0.0,262,SW,6.0,8.2,0.04,48.5,"Coupeville, Coupeville, Island County",330164,Coupeville,2020-12-26 17:27:23.584934
2017-03-14,13:15,51.9,50.5,95.0,0.0,249,W,4.3,6.4,0.04,48.6,"Coupeville, Coupeville, Island County",330164,Coupeville,2020-12-26 17:27:23.584934
2017-03-14,13:30,52.7,50.8,93.3,0.0,329,W,5.1,6.4,0.03,48.7,"Coupeville, Coupeville, Island County",330164,Coupeville,2020-12-26 17:27:23.584934
2017-03-14,13:45,53.9,51.3,91.0,0.0,438,W,6.5,9.9,0.02,48.8,"Coupeville, Coupeville, Island County",330164,Coupeville,2020-12-26 17:27:23.584934
2017-03-14,14:00,53.6,51.3,91.8,0.0,253,SW,7.6,9.6,0.03,48.9,"Coupeville, Coupeville, Island County",330164,Coupeville,2020-12-26 17:27:23.584934
2017-03-14,14:15,54.5,51.5,89.4,0.0,197,W,3.8,7.4,0.02,49.0,"Coupeville, Coupeville, Island County",330164,Coupeville,2020-12-26 17:27:23.584934
2017-03-14,14:30,54.7,51.2,87.9,0.0,178,SW,2.7,6.7,0.02,49.1,"Coupeville, Coupeville, Island County",330164,Coupeville,2020-12-26 17:27:23.584934
2017-03-14,14:45,54.4,50.6,86.7,0.0,96,W,4.3,9.6,0.02,49.2,"Coupeville, Coupeville, Island County",330164,Coupeville,2020-12-26 17:27:23.584934
2017-03-14,15:00,53.2,50.3,90.0,0.0,46,SW,6.3,8.5,0.03,49.4,"Coupeville, Coupeville, Island County",330164,Coupeville,2020-12-26 17:27:23.584934
2017-03-14,15:15,52.6,50.0,90.8,0.0,50,SW,3.9,5.7,0.03,49.5,"Coupeville, Coupeville, Island County",330164,Coupeville,2020-12-26 17:27:23.584934
2017-03-14,15:30,52.7,50.2,91.3,0.0,50,SW,4.1,6.0,0.04,49.6,"Coupeville, Coupeville, Island County",330164,Coupeville,2020-12-26 17:27:23.584934
2017-03-14,15:45,52.7,50.4,91.8,0.0,79,SW,1.4,6.7,0.03,49.7,"Coupeville, Coupeville, Island County",330164,Coupeville,2020-12-26 17:27:23.584934
2017-03-14,16:00,53.4,50.9,91.3,0.0,109,S,0.1,3.9,0.02,49.8,"Coupeville, Coupeville, Island County",330164,Coupeville,2020-12-26 17:27:23.584934
2017-03-14,16:15,54.2,51.1,89.3,0.0,184,N ,0.0,0.0,0.02,49.9,"Coupeville, Coupeville, Island County",330164,Coupeville,2020-12-26 17:27:23.584934
2017-03-14,16:30,54.9,51.3,87.4,0.0,199,S,2.1,4.9,0.02,50.0,"Coupeville, Coupeville, Island County",330164,Coupeville,2020-12-26 17:27:23.584934
2017-03-14,16:45,55.6,51.4,85.8,0.0,120,SE,1.8,4.9,0.01,50.0,"Coupeville, Coupeville, Island County",330164,Coupeville,2020-12-26 17:27:23.584934
2017-03-14,17:00,55.9,51.1,83.9,0.0,51,SE,0.8,4.6,0.02,50.1,"Coupeville, Coupeville, Island County",330164,Coupeville,2020-12-26 17:27:23.584934
2017-03-14,17:15,54.4,49.5,83.4,0.0,60,SE,3.9,8.2,0.02,50.1,"Coupeville, Coupeville, Island County",330164,Coupeville,2020-12-26 17:27:23.584934
2017-03-14,17:30,53.2,49.5,87.3,0.0,44,SE,5.4,8.9,0.03,50.2,"Coupeville, Coupeville, Island County",330164,Coupeville,2020-12-26 17:27:23.584934
2017-03-14,17:45,53.0,49.8,88.7,0.0,16,S,7.7,11.0,0.03,50.2,"Coupeville, Coupeville, Island County",330164,Coupeville,2020-12-26 17:27:23.584934
2017-03-14,18:00,52.2,49.7,91.0,0.0,7,S,7.0,9.2,0.23,50.3,"Coupeville, Coupeville, Island County",330164,Coupeville,2020-12-26 17:27:23.584934
2017-03-14,18:15,51.5,49.7,93.3,0.0,3,SW,6.4,8.5,0.68,50.3,"Coupeville, Coupeville, Island County",330164,Coupeville,2020-12-26 17:27:23.584934
2017-03-14,18:30,51.1,49.7,94.9,0.0,0,SW,4.2,5.7,0.94,50.4,"Coupeville, Coupeville, Island County",330164,Coupeville,2020-12-26 17:27:23.584934
2017-03-14,18:45,51.6,50.4,95.5,0.0,0,S,3.4,4.6,0.93,50.4,"Coupeville, Coupeville, Island County",330164,Coupeville,2020-12-26 17:27:23.584934
2017-03-14,19:00,51.7,50.5,95.6,0.0,0,W,1.4,4.6,0.92,50.4,"Coupeville, Coupeville, Island County",330164,Coupeville,2020-12-26 17:27:23.584934
2017-03-14,19:15,51.4,50.3,95.9,0.0,0,SW,2.1,7.8,0.88,50.5,"Coupeville, Coupeville, Island County",330164,Coupeville,2020-12-26 17:27:23.584934
2017-03-14,19:30,51.4,50.0,94.8,0.0,0,W,5.3,8.5,0.38,50.5,"Coupeville, Coupeville, Island County",330164,Coupeville,2020-12-26 17:27:23.584934
2017-03-14,19:45,50.6,49.1,94.5,0.0,0,W,4.8,8.9,0.07,50.5,"Coupeville, Coupeville, Island County",330164,Coupeville,2020-12-26 17:27:23.584934
2017-03-14,20:00,49.8,48.5,95.2,0.0,0,SW,1.2,5.7,0.08,50.5,"Coupeville, Coupeville, Island County",330164,Coupeville,2020-12-26 17:27:23.584934
2017-03-14,20:15,49.4,48.2,95.7,0.0,0,N ,0.0,0.0,0.1,50.5,"Coupeville, Coupeville, Island County",330164,Coupeville,2020-12-26 17:27:23.584934
2017-03-14,20:30,49.2,48.2,96.1,0.0,0,S,0.1,4.6,0.13,50.4,"Coupeville, Coupeville, Island County",330164,Coupeville,2020-12-26 17:27:23.584934
2017-03-14,20:45,49.1,48.2,96.7,0.0,0,S,2.8,6.7,0.31,50.4,"Coupeville, Coupeville, Island County",330164,Coupeville,2020-12-26 17:27:23.584934
2017-03-14,21:00,48.9,48.1,97.0,0.0,0,SW,3.2,6.4,0.77,50.4,"Coupeville, Coupeville, Island County",330164,Coupeville,2020-12-26 17:27:23.584934
2017-03-14,21:15,48.8,48.1,97.3,0.0,0,SW,0.2,3.9,0.86,50.4,"Coupeville, Coupeville, Island County",330164,Coupeville,2020-12-26 17:27:23.584934
2017-03-14,21:30,48.6,48.0,97.7,0.0,0,N ,0.0,0.0,0.85,50.3,"Coupeville, Coupeville, Island County",330164,Coupeville,2020-12-26 17:27:23.584934
2017-03-14,21:45,48.4,47.9,98.1,0.0,0,N ,0.0,0.0,0.82,50.3,"Coupeville, Coupeville, Island County",330164,Coupeville,2020-12-26 17:27:23.584934
2017-03-14,22:00,48.4,47.9,98.2,0.0,0,N ,0.0,0.0,0.8,50.3,"Coupeville, Coupeville, Island County",330164,Coupeville,2020-12-26 17:27:23.584934
2017-03-14,22:15,48.4,47.9,98.3,0.0,0,N ,0.0,0.0,0.78,50.2,"Coupeville, Coupeville, Island County",330164,Coupeville,2020-12-26 17:27:23.584934
2017-03-14,22:30,48.4,47.9,98.3,0.0,0,N ,0.0,0.0,0.79,50.2,"Coupeville, Coupeville, Island County",330164,Coupeville,2020-12-26 17:27:23.584934
2017-03-14,22:45,48.3,47.9,98.3,0.0,0,N ,0.0,0.0,0.79,50.2,"Coupeville, Coupeville, Island County",330164,Coupeville,2020-12-26 17:27:23.584934
2017-03-14,23:00,48.2,47.8,98.3,0.0,0,N ,0.0,0.0,0.76,50.1,"Coupeville, Coupeville, Island County",330164,Coupeville,2020-12-26 17:27:23.584934
2017-03-15,23:15,48.1,47.7,98.1,0.0,0,N ,0.0,0.0,0.61,50.1,"Coupeville, Coupeville, Island County",330164,Coupeville,2020-12-26 17:27:23.584934
2017-03-15,23:30,48.0,47.5,98.1,0.0,0,N ,0.0,0.0,0.54,50.0,"Coupeville, Coupeville, Island County",330164,Coupeville,2020-12-26 17:27:23.584934
2017-03-15,23:45,47.8,47.4,98.4,0.0,0,N ,0.0,0.0,0.55,50.0,"Coupeville, Coupeville, Island County",330164,Coupeville,2020-12-26 17:27:23.584934
2017-03-15,24:00,47.5,47.2,98.9,0.0,0,SW,0.7,6.7,0.5,50.0,"Coupeville, Coupeville, Island County",330164,Coupeville,2020-12-26 17:27:23.584934
2017-03-15,00:15,47.3,47.1,99.2,0.0,0,SW,5.6,7.8,0.58,49.9,"Coupeville, Coupeville, Island County",330164,Coupeville,2020-12-26 17:27:23.584934
2017-03-15,00:30,47.1,46.9,99.3,0.0,0,SW,5.6,7.4,0.64,49.9,"Coupeville, Coupeville, Island County",330164,Coupeville,2020-12-26 17:27:23.584934
2017-03-15,00:45,46.9,46.7,99.3,0.0,0,SW,5.8,7.4,0.71,49.8,"Coupeville, Coupeville, Island County",330164,Coupeville,2020-12-26 17:27:23.584934
2017-03-15,01:00,46.6,46.5,99.3,0.0,0,W,7.8,10.3,0.77,49.8,"Coupeville, Coupeville, Island County",330164,Coupeville,2020-12-26 17:27:23.584934
2017-03-15,01:15,46.5,46.3,99.3,0.0,0,W,7.1,10.3,0.83,49.7,"Coupeville, Coupeville, Island County",330164,Coupeville,2020-12-26 17:27:23.584934
2017-03-15,01:30,46.4,46.2,99.3,0.0,0,W,8.0,10.7,0.86,49.7,"Coupeville, Coupeville, Island County",330164,Coupeville,2020-12-26 17:27:23.584934
2017-03-15,01:45,46.3,46.1,99.3,0.0,0,W,8.0,9.9,0.89,49.7,"Coupeville, Coupeville, Island County",330164,Coupeville,2020-12-26 17:27:23.584934
2017-03-15,02:00,46.2,46.0,99.3,0.0,0,W,7.5,9.9,0.9,49.6,"Coupeville, Coupeville, Island County",330164,Coupeville,2020-12-26 17:27:23.584934
2017-03-15,02:15,46.1,46.0,99.3,0.0,0,W,7.6,9.6,0.93,49.6,"Coupeville, Coupeville, Island County",330164,Coupeville,2020-12-26 17:27:23.584934
2017-03-15,02:30,46.1,45.9,99.3,0.0,0,W,7.1,9.9,0.99,49.5,"Coupeville, Coupeville, Island County",330164,Coupeville,2020-12-26 17:27:23.584934
2017-03-15,02:45,46.1,45.9,99.3,0.0,0,W,6.8,9.2,1.0,49.5,"Coupeville, Coupeville, Island County",330164,Coupeville,2020-12-26 17:27:23.584934
2017-03-15,03:00,46.1,45.9,99.3,0.0,0,W,6.0,9.2,1.0,49.4,"Coupeville, Coupeville, Island County",330164,Coupeville,2020-12-26 17:27:23.584934
2017-03-15,03:15,46.0,45.8,99.3,0.0,0,W,4.7,8.9,1.0,49.4,"Coupeville, Coupeville, Island County",330164,Coupeville,2020-12-26 17:27:23.584934
2017-03-15,03:30,46.0,45.8,99.3,0.0,0,W,4.1,6.0,1.0,49.3,"Coupeville, Coupeville, Island County",330164,Coupeville,2020-12-26 17:27:23.584934
2017-03-15,03:45,46.1,45.9,99.3,0.0,0,NW,3.0,4.6,1.0,49.3,"Coupeville, Coupeville, Island County",330164,Coupeville,2020-12-26 17:27:23.584934
2017-03-15,04:00,46.0,45.8,99.3,0.0,0,W,1.8,4.6,1.0,49.2,"Coupeville, Coupeville, Island County",330164,Coupeville,2020-12-26 17:27:23.584934
2017-03-15,04:15,46.0,45.8,99.3,0.0,0,W,4.0,7.4,1.0,49.2,"Coupeville, Coupeville, Island County",330164,Coupeville,2020-12-26 17:27:23.584934
2017-03-15,04:30,45.9,45.8,99.3,0.01,0,W,4.1,8.2,1.0,49.1,"Coupeville, Coupeville, Island County",330164,Coupeville,2020-12-26 17:27:23.584934
2017-03-15,04:45,46.0,45.8,99.3,0.0,0,W,0.9,6.4,1.0,49.1,"Coupeville, Coupeville, Island County",330164,Coupeville,2020-12-26 17:27:23.584934
2017-03-15,05:00,46.0,45.8,99.3,0.0,0,NW,1.7,6.7,1.0,49.0,"Coupeville, Coupeville, Island County",330164,Coupeville,2020-12-26 17:27:23.584934
2017-03-15,05:15,46.0,45.8,99.3,0.0,0,N ,0.0,0.0,0.96,48.9,"Coupeville, Coupeville, Island County",330164,Coupeville,2020-12-26 17:27:23.584934
2017-03-15,05:30,46.0,45.8,99.3,0.0,0,N ,0.0,0.0,0.95,48.9,"Coupeville, Coupeville, Island County",330164,Coupeville,2020-12-26 17:27:23.584934
2017-03-15,05:45,46.0,45.8,99.3,0.0,0,SW,1.2,4.6,0.95,48.9,"Coupeville, Coupeville, Island County",330164,Coupeville,2020-12-26 17:27:23.584934
2017-03-15,06:00,45.9,45.8,99.3,0.0,0,N ,0.0,0.0,0.95,48.8,"Coupeville, Coupeville, Island County",330164,Coupeville,2020-12-26 17:27:23.584934
2017-03-15,06:15,46.0,45.8,99.3,0.0,0,N ,0.0,0.0,0.95,48.8,"Coupeville, Coupeville, Island County",330164,Coupeville,2020-12-26 17:27:23.584934
2017-03-15,06:30,46.0,45.8,99.3,0.0,0,N ,0.0,0.0,0.95,48.7,"Coupeville, Coupeville, Island County",330164,Coupeville,2020-12-26 17:27:23.584934
2017-03-15,06:45,45.9,45.7,99.3,0.0,2,N ,0.0,0.0,0.95,48.7,"Coupeville, Coupeville, Island County",330164,Coupeville,2020-12-26 17:27:23.584934
2017-03-15,07:00,46.0,45.8,99.3,0.0,7,SE,1.0,5.7,0.95,48.6,"Coupeville, Coupeville, Island County",330164,Coupeville,2020-12-26 17:27:23.584934
2017-03-15,07:15,46.1,45.9,99.3,0.0,14,SE,2.9,4.9,0.95,48.6,"Coupeville, Coupeville, Island County",330164,Coupeville,2020-12-26 17:27:23.584934
2017-03-15,07:30,46.4,46.2,99.3,0.0,18,SE,0.2,4.2,0.95,48.6,"Coupeville, Coupeville, Island County",330164,Coupeville,2020-12-26 17:27:23.584934
2017-03-15,07:45,46.5,46.3,99.3,0.0,16,S,3.6,6.4,0.95,48.5,"Coupeville, Coupeville, Island County",330164,Coupeville,2020-12-26 17:27:23.584934
2017-03-15,08:00,46.7,46.5,99.3,0.0,25,S,4.1,6.4,0.95,48.5,"Coupeville, Coupeville, Island County",330164,Coupeville,2020-12-26 17:27:23.584934
2017-03-15,08:15,46.8,46.6,99.3,0.0,28,SW,5.0,7.1,0.95,48.5,"Coupeville, Coupeville, Island County",330164,Coupeville,2020-12-26 17:27:23.584934
2017-03-15,08:30,46.8,46.6,99.3,0.0,28,SW,5.5,6.7,0.95,48.4,"Coupeville, Coupeville, Island County",330164,Coupeville,2020-12-26 17:27:23.584934
2017-03-15,08:45,46.8,46.6,99.3,0.0,38,S,7.8,10.3,0.95,48.4,"Coupeville, Coupeville, Island County",330164,Coupeville,2020-12-26 17:27:23.584934
2017-03-15,09:00,47.1,46.9,99.3,0.0,70,S,7.8,12.4,0.95,48.4,"Coupeville, Coupeville, Island County",330164,Coupeville,2020-12-26 17:27:23.584934
2017-03-15,09:15,47.7,47.5,99.3,0.0,80,S,5.9,11.4,0.95,48.4,"Coupeville, Coupeville, Island County",330164,Coupeville,2020-12-26 17:27:23.584934
2017-03-15,09:30,48.3,48.1,99.3,0.0,64,S,6.7,11.4,0.95,48.4,"Coupeville, Coupeville, Island County",330164,Coupeville,2020-12-26 17:27:23.584934
2017-03-15,09:45,48.3,48.2,99.3,0.01,61,S,8.5,15.3,0.95,48.3,"Coupeville, Coupeville, Island County",330164,Coupeville,2020-12-26 17:27:23.584934
2017-03-15,10:00,48.6,48.5,99.3,0.0,111,S,9.4,13.5,1.0,48.3,"Coupeville, Coupeville, Island County",330164,Coupeville,2020-12-26 17:27:23.584934
2017-03-15,10:15,48.8,48.6,99.3,0.0,106,S,10.1,15.3,0.97,48.3,"Coupeville, Coupeville, Island County",330164,Coupeville,2020-12-26 17:27:23.584934
2017-03-15,10:30,48.8,48.6,99.3,0.0,91,S,10.1,17.1,0.94,48.3,"Coupeville, Coupeville, Island County",330164,Coupeville,2020-12-26 17:27:23.584934
2017-03-15,10:45,49.0,48.7,98.9,0.0,179,S,10.0,13.5,0.93,48.3,"Coupeville, Coupeville, Island County",330164,Coupeville,2020-12-26 17:27:23.584934
2017-03-15,11:00,49.3,48.3,96.0,0.0,220,S,10.7,13.9,0.66,48.3,"Coupeville, Coupeville, Island County",330164,Coupeville,2020-12-26 17:27:23.584934
2017-03-15,11:15,49.7,47.5,92.3,0.0,237,S,8.8,14.2,0.04,48.3,"Coupeville, Coupeville, Island County",330164,Coupeville,2020-12-26 17:27:23.584934
2017-03-15,11:30,49.9,46.8,89.0,0.0,236,S,8.8,13.9,0.01,48.3,"Coupeville, Coupeville, Island County",330164,Coupeville,2020-12-26 17:27:23.584934
2017-03-15,11:45,49.8,46.7,88.8,0.0,184,S,8.9,13.2,0.01,48.3,"Coupeville, Coupeville, Island County",330164,Coupeville,2020-12-26 17:27:23.584934
2017-03-15,12:00,49.6,46.5,89.1,0.0,191,S,8.4,11.4,0.01,48.3,"Coupeville, Coupeville, Island County",330164,Coupeville,2020-12-26 17:27:23.584934
2017-03-15,12:15,49.5,47.0,91.1,0.0,216,S,8.9,13.5,0.02,48.3,"Coupeville, Coupeville, Island County",330164,Coupeville,2020-12-26 17:27:23.584934
2017-03-15,12:30,49.5,46.9,90.7,0.0,200,S,9.2,12.1,0.02,48.4,"Coupeville, Coupeville, Island County",330164,Coupeville,2020-12-26 17:27:23.584934
2017-03-15,12:45,49.7,47.2,91.2,0.0,211,S,8.2,11.7,0.02,48.4,"Coupeville, Coupeville, Island County",330164,Coupeville,2020-12-26 17:27:23.584934
2017-03-15,13:00,50.4,47.8,90.8,0.0,287,S,7.8,11.4,0.07,48.4,"Coupeville, Coupeville, Island County",330164,Coupeville,2020-12-26 17:27:23.584934
2017-03-15,13:15,50.5,48.1,91.4,0.0,236,S,7.5,11.0,0.02,48.5,"Coupeville, Coupeville, Island County",330164,Coupeville,2020-12-26 17:27:23.584934
2017-03-15,13:30,50.4,47.6,89.9,0.0,291,S,8.3,12.8,0.02,48.5,"Coupeville, Coupeville, Island County",330164,Coupeville,2020-12-26 17:27:23.584934
2017-03-15,13:45,51.0,47.5,87.6,0.0,317,S,8.9,12.8,0.01,48.6,"Coupeville, Coupeville, Island County",330164,Coupeville,2020-12-26 17:27:23.584934
2017-03-15,14:00,51.2,47.7,87.6,0.0,224,S,6.8,10.3,0.01,48.6,"Coupeville, Coupeville, Island County",330164,Coupeville,2020-12-26 17:27:23.584934
2017-03-15,14:15,50.6,46.9,87.2,0.0,91,S,7.8,10.7,0.02,48.7,"Coupeville, Coupeville, Island County",330164,Coupeville,2020-12-26 17:27:23.584934
2017-03-15,14:30,49.9,46.7,88.4,0.0,129,S,7.8,11.4,0.31,48.7,"Coupeville, Coupeville, Island County",330164,Coupeville,2020-12-26 17:27:23.584934
2017-03-15,14:45,50.1,48.3,93.2,0.01,211,S,7.8,12.4,0.81,48.8,"Coupeville, Coupeville, Island County",330164,Coupeville,2020-12-26 17:27:23.584934
2017-03-15,15:00,51.1,49.5,94.3,0.0,510,S,8.4,12.4,0.7,48.9,"Coupeville, Coupeville, Island County",330164,Coupeville,2020-12-26 17:27:23.584934
2017-03-15,15:15,51.6,49.2,91.4,0.0,367,S,8.2,12.4,0.16,49.0,"Coupeville, Coupeville, Island County",330164,Coupeville,2020-12-26 17:27:23.584934
2017-03-15,15:30,52.1,48.9,88.7,0.0,399,S,8.2,11.7,0.02,49.0,"Coupeville, Coupeville, Island County",330164,Coupeville,2020-12-26 17:27:23.584934
2017-03-15,15:45,52.0,48.8,88.6,0.0,351,S,8.2,12.1,0.02,49.1,"Coupeville, Coupeville, Island County",330164,Coupeville,2020-12-26 17:27:23.584934
2017-03-15,16:00,52.1,48.4,87.1,0.0,264,S,10.1,15.0,0.02,49.2,"Coupeville, Coupeville, Island County",330164,Coupeville,2020-12-26 17:27:23.584934
2017-03-15,16:15,51.2,46.3,83.4,0.0,72,S,11.5,19.2,0.01,49.3,"Coupeville, Coupeville, Island County",330164,Coupeville,2020-12-26 17:27:23.584934
2017-03-15,16:30,50.7,46.3,84.8,0.0,72,S,9.3,15.3,0.02,49.3,"Coupeville, Coupeville, Island County",330164,Coupeville,2020-12-26 17:27:23.584934
2017-03-15,16:45,50.7,46.8,86.5,0.0,56,S,8.7,12.8,0.02,49.4,"Coupeville, Coupeville, Island County",330164,Coupeville,2020-12-26 17:27:23.584934
2017-03-15,17:00,50.7,46.8,86.5,0.0,31,S,8.0,12.1,0.02,49.5,"Coupeville, Coupeville, Island County",330164,Coupeville,2020-12-26 17:27:23.584934
2017-03-15,17:15,50.8,47.2,87.6,0.0,65,S,10.0,13.5,0.02,49.6,"Coupeville, Coupeville, Island County",330164,Coupeville,2020-12-26 17:27:23.584934
2017-03-15,17:30,50.6,47.6,89.4,0.0,37,S,9.9,13.5,0.03,49.7,"Coupeville, Coupeville, Island County",330164,Coupeville,2020-12-26 17:27:23.584934
2017-03-15,17:45,50.5,47.6,89.7,0.0,31,S,10.1,14.2,0.03,49.8,"Coupeville, Coupeville, Island County",330164,Coupeville,2020-12-26 17:27:23.584934
2017-03-15,18:00,50.2,47.6,90.6,0.0,14,S,10.8,15.7,0.04,49.8,"Coupeville, Coupeville, Island County",330164,Coupeville,2020-12-26 17:27:23.584934
2017-03-15,18:15,49.7,47.5,92.1,0.0,6,S,9.3,14.6,0.05,49.9,"Coupeville, Coupeville, Island County",330164,Coupeville,2020-12-26 17:27:23.584934
2017-03-15,18:30,49.7,47.6,92.3,0.0,1,S,9.3,12.8,0.05,49.9,"Coupeville, Coupeville, Island County",330164,Coupeville,2020-12-26 17:27:23.584934
2017-03-15,18:45,49.3,47.5,93.2,0.0,0,S,10.1,14.2,0.07,49.9,"Coupeville, Coupeville, Island County",330164,Coupeville,2020-12-26 17:27:23.584934
2017-03-15,19:00,49.0,47.3,93.9,0.0,0,S,8.8,12.4,0.08,49.9,"Coupeville, Coupeville, Island County",330164,Coupeville,2020-12-26 17:27:23.584934
2017-03-15,19:15,48.7,47.2,94.6,0.0,0,S,7.5,10.7,0.1,49.9,"Coupeville, Coupeville, Island County",330164,Coupeville,2020-12-26 17:27:23.584934
2017-03-15,19:30,48.5,47.2,95.1,0.0,0,S,7.2,9.6,0.13,49.9,"Coupeville, Coupeville, Island County",330164,Coupeville,2020-12-26 17:27:23.584934
2017-03-15,19:45,48.5,47.2,95.1,0.0,0,S,7.4,12.4,0.12,49.9,"Coupeville, Coupeville, Island County",330164,Coupeville,2020-12-26 17:27:23.584934
2017-03-15,20:00,48.4,46.9,94.7,0.0,0,S,9.4,15.3,0.13,49.9,"Coupeville, Coupeville, Island County",330164,Coupeville,2020-12-26 17:27:23.584934
2017-03-15,20:15,48.3,46.8,94.4,0.0,0,S,9.6,16.4,0.12,49.9,"Coupeville, Coupeville, Island County",330164,Coupeville,2020-12-26 17:27:23.584934
2017-03-15,20:30,48.3,46.6,93.4,0.0,0,S,11.1,15.0,0.09,49.8,"Coupeville, Coupeville, Island County",330164,Coupeville,2020-12-26 17:27:23.584934
2017-03-15,20:45,48.3,45.8,91.1,0.0,0,S,10.7,16.4,0.06,49.8,"Coupeville, Coupeville, Island County",330164,Coupeville,2020-12-26 17:27:23.584934
2017-03-15,21:00,48.2,44.5,86.8,0.0,0,S,11.7,18.9,0.03,49.8,"Coupeville, Coupeville, Island County",330164,Coupeville,2020-12-26 17:27:23.584934
2017-03-15,21:15,47.9,43.4,84.0,0.0,0,S,11.6,18.5,0.02,49.7,"Coupeville, Coupeville, Island County",330164,Coupeville,2020-12-26 17:27:23.584934
2017-03-15,21:30,47.6,43.0,83.9,0.0,0,S,11.3,18.2,0.02,49.7,"Coupeville, Coupeville, Island County",330164,Coupeville,2020-12-26 17:27:23.584934
2017-03-15,21:45,47.4,43.8,87.2,0.0,0,SW,9.4,13.2,0.02,49.6,"Coupeville, Coupeville, Island County",330164,Coupeville,2020-12-26 17:27:23.584934
2017-03-15,22:00,47.9,44.1,86.6,0.0,0,NW,5.2,10.7,0.02,49.5,"Coupeville, Coupeville, Island County",330164,Coupeville,2020-12-26 17:27:23.584934
2017-03-15,22:15,47.8,43.8,85.8,0.0,0,NW,5.0,10.7,0.02,49.5,"Coupeville, Coupeville, Island County",330164,Coupeville,2020-12-26 17:27:23.584934
2017-03-15,22:30,47.2,43.3,86.3,0.0,0,NW,5.1,8.9,0.03,49.4,"Coupeville, Coupeville, Island County",330164,Coupeville,2020-12-26 17:27:23.584934
2017-03-15,22:45,46.6,42.9,86.7,0.0,0,W,6.4,9.2,0.02,49.3,"Coupeville, Coupeville, Island County",330164,Coupeville,2020-12-26 17:27:23.584934
2017-03-15,23:00,46.4,43.0,87.7,0.0,0,W,7.4,11.0,0.03,49.2,"Coupeville, Coupeville, Island County",330164,Coupeville,2020-12-26 17:27:23.584934
2017-03-16,23:15,46.3,43.0,87.9,0.0,0,W,8.5,15.7,0.02,49.2,"Coupeville, Coupeville, Island County",330164,Coupeville,2020-12-26 17:27:23.584934
2017-03-16,23:30,46.1,42.5,87.2,0.0,0,W,9.4,13.2,0.02,49.1,"Coupeville, Coupeville, Island County",330164,Coupeville,2020-12-26 17:27:23.584934
2017-03-16,23:45,46.0,42.3,86.7,0.0,0,W,9.0,13.5,0.02,49.0,"Coupeville, Coupeville, Island County",330164,Coupeville,2020-12-26 17:27:23.584934
2017-03-16,24:00,45.5,42.3,88.4,0.0,0,NW,12.2,19.6,0.57,49.0,"Coupeville, Coupeville, Island County",330164,Coupeville,2020-12-26 17:27:23.584934
