Date,Time PST,Air Temp °F, 2<sup>nd</sup> Air Temp °F, Dew Point °F, Rel Hum %, Leaf Wet u., Wind Dir @ Speed mph, Wind Gust mph, 8 in. Soil Tmp °F, Tot Prec in, Solar Rad W/m², Atm. Press. inHg,Location,Station ID,Station Name,Download Timestamp
2007-05-21,00:15,42.6,,42.5,99.7,0.22,N@0.0,0.0,119.9,0.0,0,,"WSU Prosser (WSU HQ), Prosser, Benton County",300033,WSU Prosser (WSU HQ),2017-11-26 17:02:52.382503
2007-05-21,00:30,42.0,,42.0,100.0,0.28,N@0.0,0.0,118.5,0.0,0,,"WSU Prosser (WSU HQ), Prosser, Benton County",300033,WSU Prosser (WSU HQ),2017-11-26 17:02:52.382503
2007-05-21,00:45,41.4,,41.4,100.0,0.39,N@1.8,3.6,116.9,0.0,0,,"WSU Prosser (WSU HQ), Prosser, Benton County",300033,WSU Prosser (WSU HQ),2017-11-26 17:02:52.382503
2007-05-21,01:00,41.2,,41.2,100.0,0.5,N@2.0,4.0,114.2,0.0,0,,"WSU Prosser (WSU HQ), Prosser, Benton County",300033,WSU Prosser (WSU HQ),2017-11-26 17:02:52.382503
2007-05-21,01:15,40.0,,40.0,100.0,0.62,N@3.2,4.1,114.1,0.0,0,,"WSU Prosser (WSU HQ), Prosser, Benton County",300033,WSU Prosser (WSU HQ),2017-11-26 17:02:52.382503
2007-05-21,01:30,38.9,,38.9,100.0,0.69,NW@2.6,4.1,114.5,0.0,0,,"WSU Prosser (WSU HQ), Prosser, Benton County",300033,WSU Prosser (WSU HQ),2017-11-26 17:02:52.382503
2007-05-21,01:45,38.5,,38.5,100.0,0.75,NW@1.9,2.8,115.5,0.0,0,,"WSU Prosser (WSU HQ), Prosser, Benton County",300033,WSU Prosser (WSU HQ),2017-11-26 17:02:52.382503
2007-05-21,02:00,38.0,,38.0,100.0,0.77,NW@1.6,2.4,115.2,0.0,0,,"WSU Prosser (WSU HQ), Prosser, Benton County",300033,WSU Prosser (WSU HQ),2017-11-26 17:02:52.382503
2007-05-21,02:15,37.5,,37.5,100.0,0.78,NW@1.8,2.8,114.8,0.0,0,,"WSU Prosser (WSU HQ), Prosser, Benton County",300033,WSU Prosser (WSU HQ),2017-11-26 17:02:52.382503
2007-05-21,02:30,37.1,,37.1,100.0,0.79,NW@1.9,2.9,114.7,0.0,0,,"WSU Prosser (WSU HQ), Prosser, Benton County",300033,WSU Prosser (WSU HQ),2017-11-26 17:02:52.382503
2007-05-21,02:45,37.1,,37.1,100.0,0.8,NW@1.6,3.3,114.1,0.0,0,,"WSU Prosser (WSU HQ), Prosser, Benton County",300033,WSU Prosser (WSU HQ),2017-11-26 17:02:52.382503
2007-05-21,03:00,37.7,,37.7,100.0,0.81,NW@1.2,3.1,112.3,0.0,0,,"WSU Prosser (WSU HQ), Prosser, Benton County",300033,WSU Prosser (WSU HQ),2017-11-26 17:02:52.382503
2007-05-21,03:15,37.8,,37.8,100.0,0.82,NW@0.4,2.6,111.2,0.0,0,,"WSU Prosser (WSU HQ), Prosser, Benton County",300033,WSU Prosser (WSU HQ),2017-11-26 17:02:52.382503
2007-05-21,03:30,38.3,,38.3,100.0,0.84,N@0.0,0.0,110.3,0.0,0,,"WSU Prosser (WSU HQ), Prosser, Benton County",300033,WSU Prosser (WSU HQ),2017-11-26 17:02:52.382503
2007-05-21,03:45,38.9,,38.9,100.0,0.85,N@0.0,0.0,108.7,0.0,0,,"WSU Prosser (WSU HQ), Prosser, Benton County",300033,WSU Prosser (WSU HQ),2017-11-26 17:02:52.382503
2007-05-21,04:00,39.4,,39.4,100.0,0.86,N@0.0,0.0,107.2,0.0,0,,"WSU Prosser (WSU HQ), Prosser, Benton County",300033,WSU Prosser (WSU HQ),2017-11-26 17:02:52.382503
2007-05-21,04:15,40.3,,40.1,99.4,0.87,N@0.0,0.0,106.0,0.0,0,,"WSU Prosser (WSU HQ), Prosser, Benton County",300033,WSU Prosser (WSU HQ),2017-11-26 17:02:52.382503
2007-05-21,04:30,41.0,,40.8,99.4,0.89,N@0.0,0.0,104.4,0.0,0,,"WSU Prosser (WSU HQ), Prosser, Benton County",300033,WSU Prosser (WSU HQ),2017-11-26 17:02:52.382503
2007-05-21,04:45,41.7,,41.1,97.9,0.89,N@0.0,0.0,104.0,0.01,4,,"WSU Prosser (WSU HQ), Prosser, Benton County",300033,WSU Prosser (WSU HQ),2017-11-26 17:02:52.382503
2007-05-21,05:00,41.9,,41.1,97.0,0.89,N@0.0,0.0,103.8,0.01,8,,"WSU Prosser (WSU HQ), Prosser, Benton County",300033,WSU Prosser (WSU HQ),2017-11-26 17:02:52.382503
2007-05-21,05:15,42.6,,41.8,96.8,0.89,N@0.0,0.0,103.0,0.0,10,,"WSU Prosser (WSU HQ), Prosser, Benton County",300033,WSU Prosser (WSU HQ),2017-11-26 17:02:52.382503
2007-05-21,05:30,42.9,,42.5,98.6,0.9,W@0.1,4.5,102.4,0.01,18,,"WSU Prosser (WSU HQ), Prosser, Benton County",300033,WSU Prosser (WSU HQ),2017-11-26 17:02:52.382503
2007-05-21,05:45,43.3,,42.8,97.8,0.87,W@3.7,7.8,102.0,0.01,22,,"WSU Prosser (WSU HQ), Prosser, Benton County",300033,WSU Prosser (WSU HQ),2017-11-26 17:02:52.382503
2007-05-21,06:00,42.9,,42.4,98.0,0.83,NW@4.2,7.1,101.3,0.02,40,,"WSU Prosser (WSU HQ), Prosser, Benton County",300033,WSU Prosser (WSU HQ),2017-11-26 17:02:52.382503
2007-05-21,06:15,42.8,,42.4,98.4,0.76,NW@5.1,8.3,100.0,0.02,55,,"WSU Prosser (WSU HQ), Prosser, Benton County",300033,WSU Prosser (WSU HQ),2017-11-26 17:02:52.382503
2007-05-21,06:30,42.3,,42.3,99.9,0.7,NW@5.5,8.3,100.4,0.02,62,,"WSU Prosser (WSU HQ), Prosser, Benton County",300033,WSU Prosser (WSU HQ),2017-11-26 17:02:52.382503
2007-05-21,06:45,42.1,,41.7,98.3,0.73,W@4.9,8.6,100.6,0.02,81,,"WSU Prosser (WSU HQ), Prosser, Benton County",300033,WSU Prosser (WSU HQ),2017-11-26 17:02:52.382503
2007-05-21,07:00,42.4,,42.2,99.1,0.74,SW@3.6,5.9,98.8,0.01,111,,"WSU Prosser (WSU HQ), Prosser, Benton County",300033,WSU Prosser (WSU HQ),2017-11-26 17:02:52.382503
2007-05-21,07:15,42.8,,42.7,99.9,0.78,SW@4.3,8.3,97.1,0.0,91,,"WSU Prosser (WSU HQ), Prosser, Benton County",300033,WSU Prosser (WSU HQ),2017-11-26 17:02:52.382503
2007-05-21,07:30,43.2,,43.2,100.0,0.79,SW@4.3,6.6,96.1,0.0,117,,"WSU Prosser (WSU HQ), Prosser, Benton County",300033,WSU Prosser (WSU HQ),2017-11-26 17:02:52.382503
2007-05-21,07:45,43.7,,43.6,99.6,0.8,SW@4.1,7.6,95.1,0.01,156,,"WSU Prosser (WSU HQ), Prosser, Benton County",300033,WSU Prosser (WSU HQ),2017-11-26 17:02:52.382503
2007-05-21,08:00,44.0,,43.8,99.2,0.83,SW@2.2,6.0,96.4,0.0,74,,"WSU Prosser (WSU HQ), Prosser, Benton County",300033,WSU Prosser (WSU HQ),2017-11-26 17:02:52.382503
2007-05-21,08:15,44.0,,43.7,99.0,0.81,W@3.8,5.9,98.3,0.0,73,,"WSU Prosser (WSU HQ), Prosser, Benton County",300033,WSU Prosser (WSU HQ),2017-11-26 17:02:52.382503
2007-05-21,08:30,44.4,,44.1,98.5,0.81,W@2.3,5.2,98.1,0.0,103,,"WSU Prosser (WSU HQ), Prosser, Benton County",300033,WSU Prosser (WSU HQ),2017-11-26 17:02:52.382503
2007-05-21,08:45,45.3,,44.4,96.5,0.81,SW@1.2,4.5,96.9,0.0,187,,"WSU Prosser (WSU HQ), Prosser, Benton County",300033,WSU Prosser (WSU HQ),2017-11-26 17:02:52.382503
2007-05-21,09:00,46.5,,44.5,92.5,0.63,W@3.2,6.0,98.7,0.0,366,,"WSU Prosser (WSU HQ), Prosser, Benton County",300033,WSU Prosser (WSU HQ),2017-11-26 17:02:52.382503
2007-05-21,09:15,47.8,,44.5,88.0,0.16,SW@2.7,5.4,104.2,0.0,302,,"WSU Prosser (WSU HQ), Prosser, Benton County",300033,WSU Prosser (WSU HQ),2017-11-26 17:02:52.382503
2007-05-21,09:30,48.4,,44.5,86.3,0.0,SW@2.4,4.7,112.0,0.0,270,,"WSU Prosser (WSU HQ), Prosser, Benton County",300033,WSU Prosser (WSU HQ),2017-11-26 17:02:52.382503
2007-05-21,09:45,49.5,,44.7,83.4,0.0,SW@1.5,3.6,116.2,0.0,312,,"WSU Prosser (WSU HQ), Prosser, Benton County",300033,WSU Prosser (WSU HQ),2017-11-26 17:02:52.382503
2007-05-21,10:00,50.9,,45.6,82.1,0.0,S@2.1,5.9,118.3,0.0,399,,"WSU Prosser (WSU HQ), Prosser, Benton County",300033,WSU Prosser (WSU HQ),2017-11-26 17:02:52.382503
2007-05-21,10:15,51.7,,45.4,79.1,0.0,S@4.3,7.8,122.3,0.0,342,,"WSU Prosser (WSU HQ), Prosser, Benton County",300033,WSU Prosser (WSU HQ),2017-11-26 17:02:52.382503
2007-05-21,10:30,53.2,,46.7,78.7,0.0,SW@2.3,7.4,121.2,0.0,758,,"WSU Prosser (WSU HQ), Prosser, Benton County",300033,WSU Prosser (WSU HQ),2017-11-26 17:02:52.382503
2007-05-21,10:45,55.8,,47.5,73.6,0.0,SW@1.9,7.1,122.1,0.0,981,,"WSU Prosser (WSU HQ), Prosser, Benton County",300033,WSU Prosser (WSU HQ),2017-11-26 17:02:52.382503
2007-05-21,11:00,56.2,,47.0,71.3,0.0,SW@5.4,11.1,121.4,0.0,979,,"WSU Prosser (WSU HQ), Prosser, Benton County",300033,WSU Prosser (WSU HQ),2017-11-26 17:02:52.382503
2007-05-21,11:15,57.3,,46.9,68.0,0.0,SW@4.3,8.3,121.5,0.0,1035,,"WSU Prosser (WSU HQ), Prosser, Benton County",300033,WSU Prosser (WSU HQ),2017-11-26 17:02:52.382503
2007-05-21,11:30,58.6,,46.6,64.1,0.0,W@4.5,9.3,121.1,0.0,1124,,"WSU Prosser (WSU HQ), Prosser, Benton County",300033,WSU Prosser (WSU HQ),2017-11-26 17:02:52.382503
2007-05-21,11:45,60.2,,46.7,60.9,0.0,SW@4.4,10.5,121.4,0.0,1153,,"WSU Prosser (WSU HQ), Prosser, Benton County",300033,WSU Prosser (WSU HQ),2017-11-26 17:02:52.382503
2007-05-21,12:00,60.8,,46.2,58.5,0.0,SW@6.3,11.6,120.4,0.0,1149,,"WSU Prosser (WSU HQ), Prosser, Benton County",300033,WSU Prosser (WSU HQ),2017-11-26 17:02:52.382503
2007-05-21,12:15,59.6,,44.9,58.3,0.0,SW@4.6,8.6,130.4,0.0,258,,"WSU Prosser (WSU HQ), Prosser, Benton County",300033,WSU Prosser (WSU HQ),2017-11-26 17:02:52.382503
2007-05-21,12:30,61.1,,46.1,57.7,0.0,W@4.6,10.7,122.8,0.0,1004,,"WSU Prosser (WSU HQ), Prosser, Benton County",300033,WSU Prosser (WSU HQ),2017-11-26 17:02:52.382503
2007-05-21,12:45,63.2,,46.2,53.9,0.0,SW@5.2,13.1,123.0,0.0,1119,,"WSU Prosser (WSU HQ), Prosser, Benton County",300033,WSU Prosser (WSU HQ),2017-11-26 17:02:52.382503
2007-05-21,13:00,63.5,,45.7,52.2,0.0,SW@5.6,12.1,125.4,0.0,762,,"WSU Prosser (WSU HQ), Prosser, Benton County",300033,WSU Prosser (WSU HQ),2017-11-26 17:02:52.382503
2007-05-21,13:15,64.8,,44.2,47.1,0.0,W@6.5,11.6,121.6,0.0,1163,,"WSU Prosser (WSU HQ), Prosser, Benton County",300033,WSU Prosser (WSU HQ),2017-11-26 17:02:52.382503
2007-05-21,13:30,65.0,,43.6,45.7,0.0,W@5.0,10.7,126.3,0.0,695,,"WSU Prosser (WSU HQ), Prosser, Benton County",300033,WSU Prosser (WSU HQ),2017-11-26 17:02:52.382503
2007-05-21,13:45,63.7,,43.4,47.4,0.01,W@2.4,6.4,129.6,0.0,342,,"WSU Prosser (WSU HQ), Prosser, Benton County",300033,WSU Prosser (WSU HQ),2017-11-26 17:02:52.382503
2007-05-21,14:00,63.3,,42.6,46.7,0.0,W@1.9,6.7,131.1,0.0,245,,"WSU Prosser (WSU HQ), Prosser, Benton County",300033,WSU Prosser (WSU HQ),2017-11-26 17:02:52.382503
2007-05-21,14:15,64.1,,40.2,41.4,0.0,W@5.2,13.0,129.9,0.0,364,,"WSU Prosser (WSU HQ), Prosser, Benton County",300033,WSU Prosser (WSU HQ),2017-11-26 17:02:52.382503
2007-05-21,14:30,65.2,,40.1,39.6,0.0,NW@6.5,16.4,128.3,0.0,555,,"WSU Prosser (WSU HQ), Prosser, Benton County",300033,WSU Prosser (WSU HQ),2017-11-26 17:02:52.382503
2007-05-21,14:45,66.1,,39.5,37.5,0.0,NW@6.8,10.4,128.5,0.0,541,,"WSU Prosser (WSU HQ), Prosser, Benton County",300033,WSU Prosser (WSU HQ),2017-11-26 17:02:52.382503
2007-05-21,15:00,67.3,,39.8,36.5,0.0,NW@6.4,11.8,126.4,0.0,819,,"WSU Prosser (WSU HQ), Prosser, Benton County",300033,WSU Prosser (WSU HQ),2017-11-26 17:02:52.382503
2007-05-21,15:15,68.1,,39.4,34.9,0.0,NW@7.4,11.6,125.9,0.0,825,,"WSU Prosser (WSU HQ), Prosser, Benton County",300033,WSU Prosser (WSU HQ),2017-11-26 17:02:52.382503
2007-05-21,15:30,67.6,,38.9,34.9,0.0,NW@7.4,12.4,126.6,0.0,729,,"WSU Prosser (WSU HQ), Prosser, Benton County",300033,WSU Prosser (WSU HQ),2017-11-26 17:02:52.382503
2007-05-21,15:45,67.3,,38.9,35.2,0.0,NW@7.7,11.4,127.1,0.0,674,,"WSU Prosser (WSU HQ), Prosser, Benton County",300033,WSU Prosser (WSU HQ),2017-11-26 17:02:52.382503
2007-05-21,16:00,67.3,,38.7,35.0,0.0,NW@8.5,18.5,127.4,0.0,626,,"WSU Prosser (WSU HQ), Prosser, Benton County",300033,WSU Prosser (WSU HQ),2017-11-26 17:02:52.382503
2007-05-21,16:15,66.4,,37.1,33.9,0.0,NW@9.1,16.8,127.6,0.0,578,,"WSU Prosser (WSU HQ), Prosser, Benton County",300033,WSU Prosser (WSU HQ),2017-11-26 17:02:52.382503
2007-05-21,16:30,66.1,,37.5,34.7,0.0,NW@8.7,17.3,128.0,0.0,530,,"WSU Prosser (WSU HQ), Prosser, Benton County",300033,WSU Prosser (WSU HQ),2017-11-26 17:02:52.382503
2007-05-21,16:45,66.0,,37.9,35.4,0.0,NW@7.9,11.8,128.7,0.0,478,,"WSU Prosser (WSU HQ), Prosser, Benton County",300033,WSU Prosser (WSU HQ),2017-11-26 17:02:52.382503
2007-05-21,17:00,65.9,,38.3,36.1,0.0,NW@8.0,13.7,129.5,0.0,425,,"WSU Prosser (WSU HQ), Prosser, Benton County",300033,WSU Prosser (WSU HQ),2017-11-26 17:02:52.382503
2007-05-21,17:15,65.4,,38.9,37.6,0.0,NW@9.6,15.6,129.9,0.0,371,,"WSU Prosser (WSU HQ), Prosser, Benton County",300033,WSU Prosser (WSU HQ),2017-11-26 17:02:52.382503
2007-05-21,17:30,64.2,,38.5,38.6,0.0,NW@9.2,15.6,130.4,0.0,320,,"WSU Prosser (WSU HQ), Prosser, Benton County",300033,WSU Prosser (WSU HQ),2017-11-26 17:02:52.382503
2007-05-21,17:45,63.6,,38.4,39.2,0.0,NW@9.0,16.2,131.0,0.0,271,,"WSU Prosser (WSU HQ), Prosser, Benton County",300033,WSU Prosser (WSU HQ),2017-11-26 17:02:52.382503
2007-05-21,18:00,62.5,,38.2,40.5,0.0,W@10.4,15.9,131.5,0.0,221,,"WSU Prosser (WSU HQ), Prosser, Benton County",300033,WSU Prosser (WSU HQ),2017-11-26 17:02:52.382503
2007-05-21,18:15,61.5,,38.5,42.4,0.0,NW@9.6,16.1,132.1,0.0,173,,"WSU Prosser (WSU HQ), Prosser, Benton County",300033,WSU Prosser (WSU HQ),2017-11-26 17:02:52.382503
2007-05-21,18:30,60.5,,38.0,43.2,0.0,W@10.5,17.1,132.3,0.0,131,,"WSU Prosser (WSU HQ), Prosser, Benton County",300033,WSU Prosser (WSU HQ),2017-11-26 17:02:52.382503
2007-05-21,18:45,59.7,,37.4,43.4,0.0,W@10.8,15.6,132.7,0.0,92,,"WSU Prosser (WSU HQ), Prosser, Benton County",300033,WSU Prosser (WSU HQ),2017-11-26 17:02:52.382503
2007-05-21,19:00,58.9,,37.7,45.2,0.0,W@9.2,16.4,133.1,0.0,50,,"WSU Prosser (WSU HQ), Prosser, Benton County",300033,WSU Prosser (WSU HQ),2017-11-26 17:02:52.382503
2007-05-21,19:15,57.9,,37.7,46.7,0.0,NW@9.2,16.2,133.4,0.0,21,,"WSU Prosser (WSU HQ), Prosser, Benton County",300033,WSU Prosser (WSU HQ),2017-11-26 17:02:52.382503
2007-05-21,19:30,57.2,,37.3,47.2,0.0,NW@9.6,14.0,133.5,0.0,7,,"WSU Prosser (WSU HQ), Prosser, Benton County",300033,WSU Prosser (WSU HQ),2017-11-26 17:02:52.382503
2007-05-21,19:45,57.0,,37.5,47.9,0.0,NW@8.8,13.3,133.6,0.0,1,,"WSU Prosser (WSU HQ), Prosser, Benton County",300033,WSU Prosser (WSU HQ),2017-11-26 17:02:52.382503
2007-05-21,20:00,56.5,,37.5,49.0,0.0,NW@7.5,13.5,133.7,0.0,0,,"WSU Prosser (WSU HQ), Prosser, Benton County",300033,WSU Prosser (WSU HQ),2017-11-26 17:02:52.382503
2007-05-21,20:15,56.0,,37.5,49.8,0.0,NW@8.1,12.8,133.8,0.0,0,,"WSU Prosser (WSU HQ), Prosser, Benton County",300033,WSU Prosser (WSU HQ),2017-11-26 17:02:52.382503
2007-05-21,20:30,55.6,,37.6,50.5,0.0,NW@7.6,11.2,133.8,0.0,0,,"WSU Prosser (WSU HQ), Prosser, Benton County",300033,WSU Prosser (WSU HQ),2017-11-26 17:02:52.382503
2007-05-21,20:45,54.6,,37.9,53.0,0.0,NW@6.5,10.5,133.8,0.0,0,,"WSU Prosser (WSU HQ), Prosser, Benton County",300033,WSU Prosser (WSU HQ),2017-11-26 17:02:52.382503
2007-05-21,21:00,53.9,,38.0,54.8,0.0,NW@5.1,10.0,133.8,0.0,0,,"WSU Prosser (WSU HQ), Prosser, Benton County",300033,WSU Prosser (WSU HQ),2017-11-26 17:02:52.382503
2007-05-21,21:15,53.3,,38.1,56.0,0.0,NW@5.6,9.7,133.8,0.0,0,,"WSU Prosser (WSU HQ), Prosser, Benton County",300033,WSU Prosser (WSU HQ),2017-11-26 17:02:52.382503
2007-05-21,21:30,53.4,,38.3,56.4,0.0,NW@5.3,9.3,133.8,0.0,0,,"WSU Prosser (WSU HQ), Prosser, Benton County",300033,WSU Prosser (WSU HQ),2017-11-26 17:02:52.382503
2007-05-21,21:45,53.1,,38.2,56.9,0.0,W@4.4,7.8,133.8,0.0,0,,"WSU Prosser (WSU HQ), Prosser, Benton County",300033,WSU Prosser (WSU HQ),2017-11-26 17:02:52.382503
2007-05-21,22:00,52.0,,38.8,60.6,0.0,SW@3.1,6.4,133.8,0.0,0,,"WSU Prosser (WSU HQ), Prosser, Benton County",300033,WSU Prosser (WSU HQ),2017-11-26 17:02:52.382503
2007-05-21,22:15,50.0,,39.5,67.2,0.0,SW@0.7,3.6,133.7,0.0,0,,"WSU Prosser (WSU HQ), Prosser, Benton County",300033,WSU Prosser (WSU HQ),2017-11-26 17:02:52.382503
2007-05-21,22:30,49.4,,39.8,69.3,0.0,W@2.7,5.0,133.6,0.0,0,,"WSU Prosser (WSU HQ), Prosser, Benton County",300033,WSU Prosser (WSU HQ),2017-11-26 17:02:52.382503
2007-05-21,22:45,49.9,,39.8,68.0,0.0,W@2.7,5.0,133.5,0.0,0,,"WSU Prosser (WSU HQ), Prosser, Benton County",300033,WSU Prosser (WSU HQ),2017-11-26 17:02:52.382503
2007-05-21,23:00,48.8,,40.3,72.5,0.0,W@1.2,4.1,133.2,0.0,0,,"WSU Prosser (WSU HQ), Prosser, Benton County",300033,WSU Prosser (WSU HQ),2017-11-26 17:02:52.382503
2007-05-22,23:15,48.1,,40.1,73.5,0.0,W@0.2,2.2,132.5,0.0,0,,"WSU Prosser (WSU HQ), Prosser, Benton County",300033,WSU Prosser (WSU HQ),2017-11-26 17:02:52.382503
2007-05-22,23:30,48.3,,40.0,72.7,0.0,SW@0.5,2.4,132.4,0.0,0,,"WSU Prosser (WSU HQ), Prosser, Benton County",300033,WSU Prosser (WSU HQ),2017-11-26 17:02:52.382503
2007-05-22,23:45,47.2,,40.1,76.3,0.0,W@0.5,2.6,132.1,0.0,0,,"WSU Prosser (WSU HQ), Prosser, Benton County",300033,WSU Prosser (WSU HQ),2017-11-26 17:02:52.382503
2007-05-22,24:00,46.8,,39.8,76.4,0.0,W@0.9,3.6,131.5,0.0,0,,"WSU Prosser (WSU HQ), Prosser, Benton County",300033,WSU Prosser (WSU HQ),2017-11-26 17:02:52.382503
2007-05-22,00:15,47.9,,39.6,73.0,0.0,NW@2.1,4.7,130.6,0.0,0,,"WSU Prosser (WSU HQ), Prosser, Benton County",300033,WSU Prosser (WSU HQ),2017-11-26 17:02:52.382503
2007-05-22,00:30,48.6,,40.0,72.0,0.0,W@3.4,5.7,130.0,0.0,0,,"WSU Prosser (WSU HQ), Prosser, Benton County",300033,WSU Prosser (WSU HQ),2017-11-26 17:02:52.382503
2007-05-22,00:45,47.9,,40.5,75.3,0.0,W@2.3,5.4,129.7,0.0,0,,"WSU Prosser (WSU HQ), Prosser, Benton County",300033,WSU Prosser (WSU HQ),2017-11-26 17:02:52.382503
2007-05-22,01:00,48.8,,40.6,73.2,0.0,NW@4.4,7.3,129.1,0.0,0,,"WSU Prosser (WSU HQ), Prosser, Benton County",300033,WSU Prosser (WSU HQ),2017-11-26 17:02:52.382503
2007-05-22,01:15,48.7,,40.6,73.6,0.0,W@2.9,6.0,129.2,0.0,0,,"WSU Prosser (WSU HQ), Prosser, Benton County",300033,WSU Prosser (WSU HQ),2017-11-26 17:02:52.382503
2007-05-22,01:30,47.3,,40.2,76.1,0.0,SW@1.2,3.5,129.4,0.0,0,,"WSU Prosser (WSU HQ), Prosser, Benton County",300033,WSU Prosser (WSU HQ),2017-11-26 17:02:52.382503
2007-05-22,01:45,44.5,,40.0,84.0,0.0,SW@0.6,2.8,129.4,0.0,0,,"WSU Prosser (WSU HQ), Prosser, Benton County",300033,WSU Prosser (WSU HQ),2017-11-26 17:02:52.382503
2007-05-22,02:00,45.0,,40.6,84.3,0.0,W@1.4,4.8,128.1,0.0,0,,"WSU Prosser (WSU HQ), Prosser, Benton County",300033,WSU Prosser (WSU HQ),2017-11-26 17:02:52.382503
2007-05-22,02:15,46.0,,40.2,80.2,0.0,NW@0.6,3.3,127.4,0.0,0,,"WSU Prosser (WSU HQ), Prosser, Benton County",300033,WSU Prosser (WSU HQ),2017-11-26 17:02:52.382503
2007-05-22,02:30,46.0,,40.1,79.9,0.0,NW@0.3,2.6,127.1,0.0,0,,"WSU Prosser (WSU HQ), Prosser, Benton County",300033,WSU Prosser (WSU HQ),2017-11-26 17:02:52.382503
2007-05-22,02:45,46.3,,39.9,78.2,0.0,NW@0.9,4.1,126.9,0.0,0,,"WSU Prosser (WSU HQ), Prosser, Benton County",300033,WSU Prosser (WSU HQ),2017-11-26 17:02:52.382503
2007-05-22,03:00,45.7,,40.0,80.2,0.0,NE@0.0,0.5,126.6,0.0,0,,"WSU Prosser (WSU HQ), Prosser, Benton County",300033,WSU Prosser (WSU HQ),2017-11-26 17:02:52.382503
2007-05-22,03:15,45.2,,40.2,82.5,0.0,W@0.0,0.2,125.6,0.0,0,,"WSU Prosser (WSU HQ), Prosser, Benton County",300033,WSU Prosser (WSU HQ),2017-11-26 17:02:52.382503
2007-05-22,03:30,45.4,,40.4,82.4,0.0,NW@0.2,2.6,124.9,0.0,0,,"WSU Prosser (WSU HQ), Prosser, Benton County",300033,WSU Prosser (WSU HQ),2017-11-26 17:02:52.382503
2007-05-22,03:45,45.2,,40.2,82.4,0.0,NW@0.7,3.5,124.6,0.0,0,,"WSU Prosser (WSU HQ), Prosser, Benton County",300033,WSU Prosser (WSU HQ),2017-11-26 17:02:52.382503
2007-05-22,04:00,44.5,,40.1,84.4,0.0,W@0.0,1.0,124.6,0.0,0,,"WSU Prosser (WSU HQ), Prosser, Benton County",300033,WSU Prosser (WSU HQ),2017-11-26 17:02:52.382503
2007-05-22,04:15,44.3,,40.1,84.8,0.0,N@0.0,0.0,124.4,0.0,0,,"WSU Prosser (WSU HQ), Prosser, Benton County",300033,WSU Prosser (WSU HQ),2017-11-26 17:02:52.382503
2007-05-22,04:30,43.9,,39.8,85.4,0.0,N@0.0,0.0,123.2,0.0,2,,"WSU Prosser (WSU HQ), Prosser, Benton County",300033,WSU Prosser (WSU HQ),2017-11-26 17:02:52.382503
2007-05-22,04:45,44.0,,39.9,85.4,0.0,N@0.0,0.0,122.0,0.0,8,,"WSU Prosser (WSU HQ), Prosser, Benton County",300033,WSU Prosser (WSU HQ),2017-11-26 17:02:52.382503
2007-05-22,05:00,43.8,,40.4,87.8,0.0,NW@0.0,0.2,120.9,0.0,10,,"WSU Prosser (WSU HQ), Prosser, Benton County",300033,WSU Prosser (WSU HQ),2017-11-26 17:02:52.382503
2007-05-22,05:15,43.8,,40.6,88.5,0.0,N@0.0,0.0,119.9,0.0,16,,"WSU Prosser (WSU HQ), Prosser, Benton County",300033,WSU Prosser (WSU HQ),2017-11-26 17:02:52.382503
2007-05-22,05:30,44.4,,41.3,88.8,0.0,N@0.0,0.0,118.7,0.0,28,,"WSU Prosser (WSU HQ), Prosser, Benton County",300033,WSU Prosser (WSU HQ),2017-11-26 17:02:52.382503
2007-05-22,05:45,45.0,,41.8,88.6,0.0,N@0.0,0.0,118.0,0.0,41,,"WSU Prosser (WSU HQ), Prosser, Benton County",300033,WSU Prosser (WSU HQ),2017-11-26 17:02:52.382503
2007-05-22,06:00,45.8,,42.3,87.5,0.0,N@0.0,0.0,118.0,0.0,46,,"WSU Prosser (WSU HQ), Prosser, Benton County",300033,WSU Prosser (WSU HQ),2017-11-26 17:02:52.382503
2007-05-22,06:15,46.1,,42.8,88.1,0.0,N@0.0,0.0,118.4,0.0,58,,"WSU Prosser (WSU HQ), Prosser, Benton County",300033,WSU Prosser (WSU HQ),2017-11-26 17:02:52.382503
2007-05-22,06:30,46.6,,42.6,85.6,0.0,N@0.0,0.0,119.0,0.0,63,,"WSU Prosser (WSU HQ), Prosser, Benton County",300033,WSU Prosser (WSU HQ),2017-11-26 17:02:52.382503
2007-05-22,06:45,47.0,,42.3,83.4,0.0,SW@0.2,2.9,120.8,0.0,71,,"WSU Prosser (WSU HQ), Prosser, Benton County",300033,WSU Prosser (WSU HQ),2017-11-26 17:02:52.382503
2007-05-22,07:00,47.5,,42.4,82.1,0.0,W@0.8,2.8,122.5,0.0,90,,"WSU Prosser (WSU HQ), Prosser, Benton County",300033,WSU Prosser (WSU HQ),2017-11-26 17:02:52.382503
2007-05-22,07:15,48.3,,41.9,78.4,0.0,W@0.8,3.3,123.9,0.0,101,,"WSU Prosser (WSU HQ), Prosser, Benton County",300033,WSU Prosser (WSU HQ),2017-11-26 17:02:52.382503
2007-05-22,07:30,49.2,,41.5,74.7,0.0,W@1.6,4.1,125.3,0.0,230,,"WSU Prosser (WSU HQ), Prosser, Benton County",300033,WSU Prosser (WSU HQ),2017-11-26 17:02:52.382503
2007-05-22,07:45,50.5,,41.7,71.6,0.0,W@1.5,3.6,126.5,0.0,372,,"WSU Prosser (WSU HQ), Prosser, Benton County",300033,WSU Prosser (WSU HQ),2017-11-26 17:02:52.382503
2007-05-22,08:00,51.9,,42.1,69.1,0.0,SW@2.4,5.0,127.7,0.0,432,,"WSU Prosser (WSU HQ), Prosser, Benton County",300033,WSU Prosser (WSU HQ),2017-11-26 17:02:52.382503
2007-05-22,08:15,53.0,,41.8,65.7,0.0,SW@3.3,5.5,128.6,0.0,446,,"WSU Prosser (WSU HQ), Prosser, Benton County",300033,WSU Prosser (WSU HQ),2017-11-26 17:02:52.382503
2007-05-22,08:30,53.1,,42.0,65.7,0.0,SW@3.3,5.9,128.5,0.0,433,,"WSU Prosser (WSU HQ), Prosser, Benton County",300033,WSU Prosser (WSU HQ),2017-11-26 17:02:52.382503
2007-05-22,08:45,55.1,,42.8,63.2,0.0,SW@3.4,5.7,128.9,0.0,464,,"WSU Prosser (WSU HQ), Prosser, Benton County",300033,WSU Prosser (WSU HQ),2017-11-26 17:02:52.382503
2007-05-22,09:00,55.7,,42.6,61.3,0.0,SW@3.3,6.7,126.5,0.0,693,,"WSU Prosser (WSU HQ), Prosser, Benton County",300033,WSU Prosser (WSU HQ),2017-11-26 17:02:52.382503
2007-05-22,09:15,58.1,,43.3,57.8,0.0,SW@4.1,6.7,125.8,0.0,888,,"WSU Prosser (WSU HQ), Prosser, Benton County",300033,WSU Prosser (WSU HQ),2017-11-26 17:02:52.382503
2007-05-22,09:30,59.3,,42.8,54.2,0.0,SW@5.0,7.8,125.6,0.0,835,,"WSU Prosser (WSU HQ), Prosser, Benton County",300033,WSU Prosser (WSU HQ),2017-11-26 17:02:52.382503
2007-05-22,09:45,59.8,,41.9,51.4,0.0,SW@4.3,7.9,125.5,0.0,858,,"WSU Prosser (WSU HQ), Prosser, Benton County",300033,WSU Prosser (WSU HQ),2017-11-26 17:02:52.382503
2007-05-22,10:00,60.7,,41.7,49.6,0.0,W@3.6,6.6,125.5,0.0,891,,"WSU Prosser (WSU HQ), Prosser, Benton County",300033,WSU Prosser (WSU HQ),2017-11-26 17:02:52.382503
2007-05-22,10:15,61.9,,41.7,47.4,0.0,W@3.5,7.4,125.4,0.0,919,,"WSU Prosser (WSU HQ), Prosser, Benton County",300033,WSU Prosser (WSU HQ),2017-11-26 17:02:52.382503
2007-05-22,10:30,62.9,,41.0,44.6,0.0,S@3.2,12.8,125.4,0.0,859,,"WSU Prosser (WSU HQ), Prosser, Benton County",300033,WSU Prosser (WSU HQ),2017-11-26 17:02:52.382503
2007-05-22,10:45,63.3,,40.7,43.4,0.0,SW@3.2,9.0,124.1,0.0,879,,"WSU Prosser (WSU HQ), Prosser, Benton County",300033,WSU Prosser (WSU HQ),2017-11-26 17:02:52.382503
2007-05-22,11:00,63.6,,39.8,41.5,0.0,S@4.3,9.9,123.5,0.0,896,,"WSU Prosser (WSU HQ), Prosser, Benton County",300033,WSU Prosser (WSU HQ),2017-11-26 17:02:52.382503
2007-05-22,11:15,64.0,,39.7,40.7,0.0,SE@2.5,6.0,124.0,0.0,911,,"WSU Prosser (WSU HQ), Prosser, Benton County",300033,WSU Prosser (WSU HQ),2017-11-26 17:02:52.382503
2007-05-22,11:30,64.9,,40.7,41.1,0.0,S@4.7,8.1,123.6,0.0,919,,"WSU Prosser (WSU HQ), Prosser, Benton County",300033,WSU Prosser (WSU HQ),2017-11-26 17:02:52.382503
2007-05-22,11:45,65.9,,41.0,40.0,0.0,S@2.6,8.8,123.8,0.0,926,,"WSU Prosser (WSU HQ), Prosser, Benton County",300033,WSU Prosser (WSU HQ),2017-11-26 17:02:52.382503
2007-05-22,12:00,66.7,,41.9,40.3,0.0,S@3.4,9.7,123.8,0.0,932,,"WSU Prosser (WSU HQ), Prosser, Benton County",300033,WSU Prosser (WSU HQ),2017-11-26 17:02:52.382503
2007-05-22,12:15,66.6,,40.9,39.1,0.0,S@3.2,10.7,123.2,0.0,932,,"WSU Prosser (WSU HQ), Prosser, Benton County",300033,WSU Prosser (WSU HQ),2017-11-26 17:02:52.382503
2007-05-22,12:30,67.0,,41.1,38.7,0.0,SW@2.8,14.5,123.6,0.0,935,,"WSU Prosser (WSU HQ), Prosser, Benton County",300033,WSU Prosser (WSU HQ),2017-11-26 17:02:52.382503
2007-05-22,12:45,67.4,,40.7,37.7,0.0,S@4.0,11.6,123.3,0.0,933,,"WSU Prosser (WSU HQ), Prosser, Benton County",300033,WSU Prosser (WSU HQ),2017-11-26 17:02:52.382503
2007-05-22,13:00,67.8,,41.0,37.6,0.0,SE@2.6,6.9,124.1,0.0,924,,"WSU Prosser (WSU HQ), Prosser, Benton County",300033,WSU Prosser (WSU HQ),2017-11-26 17:02:52.382503
2007-05-22,13:15,68.5,,40.4,35.9,0.0,SE@2.6,7.3,124.2,0.0,926,,"WSU Prosser (WSU HQ), Prosser, Benton County",300033,WSU Prosser (WSU HQ),2017-11-26 17:02:52.382503
2007-05-22,13:30,68.7,,40.6,35.8,0.0,SE@0.3,4.8,124.4,0.0,933,,"WSU Prosser (WSU HQ), Prosser, Benton County",300033,WSU Prosser (WSU HQ),2017-11-26 17:02:52.382503
2007-05-22,13:45,68.8,,39.6,34.4,0.0,S@0.6,5.7,125.6,0.0,736,,"WSU Prosser (WSU HQ), Prosser, Benton County",300033,WSU Prosser (WSU HQ),2017-11-26 17:02:52.382503
2007-05-22,14:00,69.5,,41.0,35.5,0.0,S@2.6,6.0,124.3,0.0,872,,"WSU Prosser (WSU HQ), Prosser, Benton County",300033,WSU Prosser (WSU HQ),2017-11-26 17:02:52.382503
2007-05-22,14:15,69.7,,40.9,35.1,0.0,SW@3.7,8.1,124.4,0.0,852,,"WSU Prosser (WSU HQ), Prosser, Benton County",300033,WSU Prosser (WSU HQ),2017-11-26 17:02:52.382503
2007-05-22,14:30,69.5,,41.1,35.7,0.0,W@3.2,7.3,124.3,0.0,810,,"WSU Prosser (WSU HQ), Prosser, Benton County",300033,WSU Prosser (WSU HQ),2017-11-26 17:02:52.382503
2007-05-22,14:45,69.8,,40.2,34.0,0.0,SW@2.3,6.7,125.1,0.0,797,,"WSU Prosser (WSU HQ), Prosser, Benton County",300033,WSU Prosser (WSU HQ),2017-11-26 17:02:52.382503
2007-05-22,15:00,70.0,,39.5,32.8,0.0,E@0.1,2.8,126.7,0.0,733,,"WSU Prosser (WSU HQ), Prosser, Benton County",300033,WSU Prosser (WSU HQ),2017-11-26 17:02:52.382503
2007-05-22,15:15,70.0,,39.4,32.7,0.0,S@1.5,4.8,127.2,0.0,697,,"WSU Prosser (WSU HQ), Prosser, Benton County",300033,WSU Prosser (WSU HQ),2017-11-26 17:02:52.382503
2007-05-22,15:30,70.4,,40.1,33.2,0.0,SW@2.5,6.2,127.2,0.0,647,,"WSU Prosser (WSU HQ), Prosser, Benton County",300033,WSU Prosser (WSU HQ),2017-11-26 17:02:52.382503
2007-05-22,15:45,70.2,,39.5,32.6,0.0,W@1.2,6.6,127.4,0.0,611,,"WSU Prosser (WSU HQ), Prosser, Benton County",300033,WSU Prosser (WSU HQ),2017-11-26 17:02:52.382503
2007-05-22,16:00,70.4,,38.5,31.2,0.0,SE@2.7,9.3,127.6,0.0,552,,"WSU Prosser (WSU HQ), Prosser, Benton County",300033,WSU Prosser (WSU HQ),2017-11-26 17:02:52.382503
2007-05-22,16:15,70.1,,37.7,30.4,0.0,N@0.0,0.0,128.0,0.0,523,,"WSU Prosser (WSU HQ), Prosser, Benton County",300033,WSU Prosser (WSU HQ),2017-11-26 17:02:52.382503
2007-05-22,16:30,70.6,,38.2,30.6,0.0,N@0.0,0.0,128.9,0.0,477,,"WSU Prosser (WSU HQ), Prosser, Benton County",300033,WSU Prosser (WSU HQ),2017-11-26 17:02:52.382503
2007-05-22,16:45,70.4,,38.7,31.4,0.0,SW@0.8,6.4,128.7,0.0,431,,"WSU Prosser (WSU HQ), Prosser, Benton County",300033,WSU Prosser (WSU HQ),2017-11-26 17:02:52.382503
2007-05-22,17:00,70.6,,38.0,30.4,0.0,SW@0.8,6.4,129.6,0.0,384,,"WSU Prosser (WSU HQ), Prosser, Benton County",300033,WSU Prosser (WSU HQ),2017-11-26 17:02:52.382503
2007-05-22,17:15,70.4,,38.8,31.5,0.0,NW@1.8,5.5,129.9,0.0,338,,"WSU Prosser (WSU HQ), Prosser, Benton County",300033,WSU Prosser (WSU HQ),2017-11-26 17:02:52.382503
2007-05-22,17:30,70.2,,38.4,31.2,0.0,W@0.2,3.5,130.6,0.0,293,,"WSU Prosser (WSU HQ), Prosser, Benton County",300033,WSU Prosser (WSU HQ),2017-11-26 17:02:52.382503
2007-05-22,17:45,70.1,,37.8,30.6,0.0,W@0.3,4.1,131.1,0.0,248,,"WSU Prosser (WSU HQ), Prosser, Benton County",300033,WSU Prosser (WSU HQ),2017-11-26 17:02:52.382503
2007-05-22,18:00,69.7,,37.8,31.0,0.0,N@0.0,0.0,131.8,0.0,204,,"WSU Prosser (WSU HQ), Prosser, Benton County",300033,WSU Prosser (WSU HQ),2017-11-26 17:02:52.382503
2007-05-22,18:15,69.5,,37.4,30.8,0.0,N@0.0,0.0,132.0,0.0,163,,"WSU Prosser (WSU HQ), Prosser, Benton County",300033,WSU Prosser (WSU HQ),2017-11-26 17:02:52.382503
2007-05-22,18:30,69.0,,38.8,33.1,0.0,SW@2.3,6.6,132.2,0.0,124,,"WSU Prosser (WSU HQ), Prosser, Benton County",300033,WSU Prosser (WSU HQ),2017-11-26 17:02:52.382503
2007-05-22,18:45,67.5,,40.1,36.6,0.0,SW@0.4,3.3,132.6,0.0,85,,"WSU Prosser (WSU HQ), Prosser, Benton County",300033,WSU Prosser (WSU HQ),2017-11-26 17:02:52.382503
2007-05-22,19:00,66.1,,39.7,37.9,0.0,SW@1.4,8.6,133.0,0.0,45,,"WSU Prosser (WSU HQ), Prosser, Benton County",300033,WSU Prosser (WSU HQ),2017-11-26 17:02:52.382503
2007-05-22,19:15,64.9,,39.6,39.3,0.0,SW@0.6,3.6,133.2,0.0,16,,"WSU Prosser (WSU HQ), Prosser, Benton County",300033,WSU Prosser (WSU HQ),2017-11-26 17:02:52.382503
2007-05-22,19:30,63.5,,39.6,41.3,0.0,S@0.2,3.1,133.3,0.0,7,,"WSU Prosser (WSU HQ), Prosser, Benton County",300033,WSU Prosser (WSU HQ),2017-11-26 17:02:52.382503
2007-05-22,19:45,62.7,,39.2,41.7,0.0,SW@0.5,4.8,133.4,0.0,1,,"WSU Prosser (WSU HQ), Prosser, Benton County",300033,WSU Prosser (WSU HQ),2017-11-26 17:02:52.382503
2007-05-22,20:00,62.5,,38.8,41.6,0.0,S@0.8,4.0,133.4,0.0,0,,"WSU Prosser (WSU HQ), Prosser, Benton County",300033,WSU Prosser (WSU HQ),2017-11-26 17:02:52.382503
2007-05-22,20:15,62.5,,38.8,41.5,0.0,SE@0.7,4.3,133.5,0.0,0,,"WSU Prosser (WSU HQ), Prosser, Benton County",300033,WSU Prosser (WSU HQ),2017-11-26 17:02:52.382503
2007-05-22,20:30,61.9,,39.4,43.3,0.0,E@0.3,3.1,133.5,0.0,0,,"WSU Prosser (WSU HQ), Prosser, Benton County",300033,WSU Prosser (WSU HQ),2017-11-26 17:02:52.382503
2007-05-22,20:45,60.4,,39.7,46.2,0.0,N@0.5,2.6,133.6,0.0,0,,"WSU Prosser (WSU HQ), Prosser, Benton County",300033,WSU Prosser (WSU HQ),2017-11-26 17:02:52.382503
2007-05-22,21:00,60.1,,40.0,47.3,0.0,N@0.3,5.0,133.6,0.0,0,,"WSU Prosser (WSU HQ), Prosser, Benton County",300033,WSU Prosser (WSU HQ),2017-11-26 17:02:52.382503
2007-05-22,21:15,57.6,,41.5,55.0,0.0,N@0.8,3.5,133.6,0.0,0,,"WSU Prosser (WSU HQ), Prosser, Benton County",300033,WSU Prosser (WSU HQ),2017-11-26 17:02:52.382503
2007-05-22,21:30,55.0,,42.3,62.3,0.0,N@1.5,4.0,133.6,0.0,0,,"WSU Prosser (WSU HQ), Prosser, Benton County",300033,WSU Prosser (WSU HQ),2017-11-26 17:02:52.382503
2007-05-22,21:45,53.3,,42.4,66.2,0.0,N@0.7,2.8,133.5,0.0,0,,"WSU Prosser (WSU HQ), Prosser, Benton County",300033,WSU Prosser (WSU HQ),2017-11-26 17:02:52.382503
2007-05-22,22:00,53.0,,42.5,67.5,0.0,NW@0.3,3.3,133.5,0.0,0,,"WSU Prosser (WSU HQ), Prosser, Benton County",300033,WSU Prosser (WSU HQ),2017-11-26 17:02:52.382503
2007-05-22,22:15,53.1,,42.6,67.5,0.0,NW@1.9,3.5,133.1,0.0,0,,"WSU Prosser (WSU HQ), Prosser, Benton County",300033,WSU Prosser (WSU HQ),2017-11-26 17:02:52.382503
2007-05-22,22:30,50.6,,42.6,73.9,0.0,NW@2.5,6.6,132.4,0.0,0,,"WSU Prosser (WSU HQ), Prosser, Benton County",300033,WSU Prosser (WSU HQ),2017-11-26 17:02:52.382503
2007-05-22,22:45,50.6,,42.2,72.7,0.0,NW@3.5,5.4,132.1,0.0,0,,"WSU Prosser (WSU HQ), Prosser, Benton County",300033,WSU Prosser (WSU HQ),2017-11-26 17:02:52.382503
2007-05-22,23:00,50.5,,41.9,72.2,0.0,NW@2.4,3.3,131.8,0.0,0,,"WSU Prosser (WSU HQ), Prosser, Benton County",300033,WSU Prosser (WSU HQ),2017-11-26 17:02:52.382503
2007-05-23,23:15,49.0,,41.8,76.0,0.0,NW@2.6,3.5,131.5,0.0,0,,"WSU Prosser (WSU HQ), Prosser, Benton County",300033,WSU Prosser (WSU HQ),2017-11-26 17:02:52.382503
2007-05-23,23:30,48.7,,41.7,76.7,0.0,NW@2.3,3.1,130.6,0.0,0,,"WSU Prosser (WSU HQ), Prosser, Benton County",300033,WSU Prosser (WSU HQ),2017-11-26 17:02:52.382503
2007-05-23,23:45,47.7,,41.7,79.4,0.0,N@2.6,3.5,129.9,0.0,0,,"WSU Prosser (WSU HQ), Prosser, Benton County",300033,WSU Prosser (WSU HQ),2017-11-26 17:02:52.382503
2007-05-23,24:00,46.4,,41.6,83.2,0.0,N@2.4,3.1,128.9,0.0,0,,"WSU Prosser (WSU HQ), Prosser, Benton County",300033,WSU Prosser (WSU HQ),2017-11-26 17:02:52.382503
2007-05-23,00:15,46.2,,41.0,82.1,0.0,N@2.8,4.8,127.8,0.0,0,,"WSU Prosser (WSU HQ), Prosser, Benton County",300033,WSU Prosser (WSU HQ),2017-11-26 17:02:52.382503
2007-05-23,00:30,45.0,,40.8,85.0,0.0,NW@2.3,3.3,127.5,0.0,0,,"WSU Prosser (WSU HQ), Prosser, Benton County",300033,WSU Prosser (WSU HQ),2017-11-26 17:02:52.382503
2007-05-23,00:45,44.7,,39.8,83.0,0.0,N@3.3,4.1,127.2,0.0,0,,"WSU Prosser (WSU HQ), Prosser, Benton County",300033,WSU Prosser (WSU HQ),2017-11-26 17:02:52.382503
2007-05-23,01:00,44.7,,39.0,80.1,0.0,NW@3.3,4.5,126.9,0.0,0,,"WSU Prosser (WSU HQ), Prosser, Benton County",300033,WSU Prosser (WSU HQ),2017-11-26 17:02:52.382503
2007-05-23,01:15,44.1,,38.7,81.0,0.0,NW@2.7,3.8,127.1,0.0,0,,"WSU Prosser (WSU HQ), Prosser, Benton County",300033,WSU Prosser (WSU HQ),2017-11-26 17:02:52.382503
2007-05-23,01:30,43.7,,38.4,81.4,0.0,NW@2.9,3.6,126.8,0.0,0,,"WSU Prosser (WSU HQ), Prosser, Benton County",300033,WSU Prosser (WSU HQ),2017-11-26 17:02:52.382503
2007-05-23,01:45,43.3,,38.1,81.8,0.0,NW@2.7,3.5,126.6,0.0,0,,"WSU Prosser (WSU HQ), Prosser, Benton County",300033,WSU Prosser (WSU HQ),2017-11-26 17:02:52.382503
2007-05-23,02:00,43.3,,37.9,80.9,0.0,N@2.9,3.6,126.4,0.0,0,,"WSU Prosser (WSU HQ), Prosser, Benton County",300033,WSU Prosser (WSU HQ),2017-11-26 17:02:52.382503
2007-05-23,02:15,44.4,,37.9,77.8,0.0,N@2.9,4.3,125.6,0.0,0,,"WSU Prosser (WSU HQ), Prosser, Benton County",300033,WSU Prosser (WSU HQ),2017-11-26 17:02:52.382503
2007-05-23,02:30,43.8,,37.8,79.4,0.0,N@3.0,4.3,125.6,0.0,0,,"WSU Prosser (WSU HQ), Prosser, Benton County",300033,WSU Prosser (WSU HQ),2017-11-26 17:02:52.382503
2007-05-23,02:45,42.4,,37.7,83.3,0.0,NE@0.7,3.3,126.2,0.0,0,,"WSU Prosser (WSU HQ), Prosser, Benton County",300033,WSU Prosser (WSU HQ),2017-11-26 17:02:52.382503
2007-05-23,03:00,42.9,,36.9,79.3,0.0,N@3.2,4.3,125.4,0.0,0,,"WSU Prosser (WSU HQ), Prosser, Benton County",300033,WSU Prosser (WSU HQ),2017-11-26 17:02:52.382503
2007-05-23,03:15,41.7,,36.9,83.1,0.0,NW@3.2,4.3,125.3,0.0,0,,"WSU Prosser (WSU HQ), Prosser, Benton County",300033,WSU Prosser (WSU HQ),2017-11-26 17:02:52.382503
2007-05-23,03:30,41.5,,37.2,84.5,0.0,N@2.9,3.6,125.0,0.0,0,,"WSU Prosser (WSU HQ), Prosser, Benton County",300033,WSU Prosser (WSU HQ),2017-11-26 17:02:52.382503
2007-05-23,03:45,42.1,,37.1,82.3,0.0,N@2.5,4.0,124.3,0.0,0,,"WSU Prosser (WSU HQ), Prosser, Benton County",300033,WSU Prosser (WSU HQ),2017-11-26 17:02:52.382503
2007-05-23,04:00,41.5,,37.2,84.7,0.0,N@2.0,4.0,124.0,0.0,0,,"WSU Prosser (WSU HQ), Prosser, Benton County",300033,WSU Prosser (WSU HQ),2017-11-26 17:02:52.382503
2007-05-23,04:15,40.9,,37.4,87.3,0.0,N@2.8,4.0,123.5,0.0,0,,"WSU Prosser (WSU HQ), Prosser, Benton County",300033,WSU Prosser (WSU HQ),2017-11-26 17:02:52.382503
2007-05-23,04:30,41.0,,37.4,87.1,0.0,N@3.4,4.7,122.6,0.0,4,,"WSU Prosser (WSU HQ), Prosser, Benton County",300033,WSU Prosser (WSU HQ),2017-11-26 17:02:52.382503
2007-05-23,04:45,41.2,,37.6,86.6,0.0,N@2.7,3.8,121.4,0.0,12,,"WSU Prosser (WSU HQ), Prosser, Benton County",300033,WSU Prosser (WSU HQ),2017-11-26 17:02:52.382503
2007-05-23,05:00,41.8,,37.8,85.7,0.0,N@3.1,4.3,120.7,0.0,33,,"WSU Prosser (WSU HQ), Prosser, Benton County",300033,WSU Prosser (WSU HQ),2017-11-26 17:02:52.382503
2007-05-23,05:15,43.3,,38.5,83.0,0.0,N@0.6,3.3,119.6,0.0,66,,"WSU Prosser (WSU HQ), Prosser, Benton County",300033,WSU Prosser (WSU HQ),2017-11-26 17:02:52.382503
2007-05-23,05:30,45.8,,39.1,77.2,0.0,N@1.4,3.5,119.7,0.0,101,,"WSU Prosser (WSU HQ), Prosser, Benton County",300033,WSU Prosser (WSU HQ),2017-11-26 17:02:52.382503
2007-05-23,05:45,49.1,,40.3,71.4,0.0,N@1.7,2.8,124.1,0.0,134,,"WSU Prosser (WSU HQ), Prosser, Benton County",300033,WSU Prosser (WSU HQ),2017-11-26 17:02:52.382503
2007-05-23,06:00,51.8,,41.5,67.5,0.0,N@0.1,1.7,126.9,0.0,174,,"WSU Prosser (WSU HQ), Prosser, Benton County",300033,WSU Prosser (WSU HQ),2017-11-26 17:02:52.382503
2007-05-23,06:15,55.1,,41.9,60.9,0.0,N@0.0,0.0,128.4,0.0,210,,"WSU Prosser (WSU HQ), Prosser, Benton County",300033,WSU Prosser (WSU HQ),2017-11-26 17:02:52.382503
2007-05-23,06:30,55.4,,41.2,58.6,0.0,N@0.0,0.0,129.9,0.0,248,,"WSU Prosser (WSU HQ), Prosser, Benton County",300033,WSU Prosser (WSU HQ),2017-11-26 17:02:52.382503
2007-05-23,06:45,55.2,,41.6,60.0,0.0,S@0.7,2.6,130.1,0.0,292,,"WSU Prosser (WSU HQ), Prosser, Benton County",300033,WSU Prosser (WSU HQ),2017-11-26 17:02:52.382503
2007-05-23,07:00,55.6,,42.3,60.8,0.0,S@1.3,3.3,129.9,0.0,341,,"WSU Prosser (WSU HQ), Prosser, Benton County",300033,WSU Prosser (WSU HQ),2017-11-26 17:02:52.382503
2007-05-23,07:15,56.3,,42.4,59.6,0.0,S@1.1,3.1,129.8,0.0,385,,"WSU Prosser (WSU HQ), Prosser, Benton County",300033,WSU Prosser (WSU HQ),2017-11-26 17:02:52.382503
2007-05-23,07:30,56.8,,41.6,56.7,0.0,S@0.8,2.9,130.0,0.0,383,,"WSU Prosser (WSU HQ), Prosser, Benton County",300033,WSU Prosser (WSU HQ),2017-11-26 17:02:52.382503
2007-05-23,07:45,57.2,,40.7,53.8,0.0,S@1.4,3.3,129.6,0.0,435,,"WSU Prosser (WSU HQ), Prosser, Benton County",300033,WSU Prosser (WSU HQ),2017-11-26 17:02:52.382503
2007-05-23,08:00,58.3,,40.4,51.2,0.0,SW@0.9,3.6,129.7,0.0,435,,"WSU Prosser (WSU HQ), Prosser, Benton County",300033,WSU Prosser (WSU HQ),2017-11-26 17:02:52.382503
2007-05-23,08:15,59.0,,39.7,48.6,0.0,W@0.9,3.6,128.9,0.0,500,,"WSU Prosser (WSU HQ), Prosser, Benton County",300033,WSU Prosser (WSU HQ),2017-11-26 17:02:52.382503
2007-05-23,08:30,60.0,,40.3,48.1,0.0,S@1.0,2.9,128.6,0.0,544,,"WSU Prosser (WSU HQ), Prosser, Benton County",300033,WSU Prosser (WSU HQ),2017-11-26 17:02:52.382503
2007-05-23,08:45,60.7,,41.1,48.2,0.0,SE@0.4,3.6,128.2,0.0,571,,"WSU Prosser (WSU HQ), Prosser, Benton County",300033,WSU Prosser (WSU HQ),2017-11-26 17:02:52.382503
2007-05-23,09:00,61.7,,42.5,49.2,0.0,SE@1.0,4.3,128.5,0.0,548,,"WSU Prosser (WSU HQ), Prosser, Benton County",300033,WSU Prosser (WSU HQ),2017-11-26 17:02:52.382503
2007-05-23,09:15,61.9,,43.0,49.8,0.0,SE@1.1,4.3,127.9,0.0,558,,"WSU Prosser (WSU HQ), Prosser, Benton County",300033,WSU Prosser (WSU HQ),2017-11-26 17:02:52.382503
2007-05-23,09:30,62.7,,43.6,49.6,0.0,S@1.7,5.5,127.4,0.0,640,,"WSU Prosser (WSU HQ), Prosser, Benton County",300033,WSU Prosser (WSU HQ),2017-11-26 17:02:52.382503
2007-05-23,09:45,63.7,,44.5,49.5,0.0,SE@1.0,4.0,127.8,0.0,584,,"WSU Prosser (WSU HQ), Prosser, Benton County",300033,WSU Prosser (WSU HQ),2017-11-26 17:02:52.382503
2007-05-23,10:00,64.0,,43.9,47.9,0.0,SE@2.5,7.4,127.2,0.0,637,,"WSU Prosser (WSU HQ), Prosser, Benton County",300033,WSU Prosser (WSU HQ),2017-11-26 17:02:52.382503
2007-05-23,10:15,64.5,,44.4,47.9,0.0,SE@4.0,7.9,126.7,0.0,643,,"WSU Prosser (WSU HQ), Prosser, Benton County",300033,WSU Prosser (WSU HQ),2017-11-26 17:02:52.382503
2007-05-23,10:30,65.0,,44.7,47.7,0.0,SE@3.4,6.4,126.9,0.0,631,,"WSU Prosser (WSU HQ), Prosser, Benton County",300033,WSU Prosser (WSU HQ),2017-11-26 17:02:52.382503
2007-05-23,10:45,66.1,,44.4,45.5,0.0,SE@1.9,6.0,126.9,0.0,679,,"WSU Prosser (WSU HQ), Prosser, Benton County",300033,WSU Prosser (WSU HQ),2017-11-26 17:02:52.382503
2007-05-23,11:00,67.6,,44.8,43.7,0.0,E@1.7,5.4,126.3,0.0,820,,"WSU Prosser (WSU HQ), Prosser, Benton County",300033,WSU Prosser (WSU HQ),2017-11-26 17:02:52.382503
2007-05-23,11:15,69.6,,43.1,38.3,0.0,SE@4.7,11.1,126.0,0.0,834,,"WSU Prosser (WSU HQ), Prosser, Benton County",300033,WSU Prosser (WSU HQ),2017-11-26 17:02:52.382503
2007-05-23,11:30,70.2,,40.5,34.0,0.0,S@3.2,9.5,125.5,0.0,752,,"WSU Prosser (WSU HQ), Prosser, Benton County",300033,WSU Prosser (WSU HQ),2017-11-26 17:02:52.382503
2007-05-23,11:45,71.3,,39.3,31.3,0.0,S@4.7,14.2,125.9,0.0,768,,"WSU Prosser (WSU HQ), Prosser, Benton County",300033,WSU Prosser (WSU HQ),2017-11-26 17:02:52.382503
2007-05-23,12:00,72.1,,38.5,29.4,0.0,S@6.9,11.6,126.0,0.0,723,,"WSU Prosser (WSU HQ), Prosser, Benton County",300033,WSU Prosser (WSU HQ),2017-11-26 17:02:52.382503
2007-05-23,12:15,72.9,,34.9,24.9,0.0,S@7.5,12.8,127.0,0.0,655,,"WSU Prosser (WSU HQ), Prosser, Benton County",300033,WSU Prosser (WSU HQ),2017-11-26 17:02:52.382503
2007-05-23,12:30,73.5,,31.6,21.3,0.0,SW@5.8,11.1,127.5,0.0,581,,"WSU Prosser (WSU HQ), Prosser, Benton County",300033,WSU Prosser (WSU HQ),2017-11-26 17:02:52.382503
2007-05-23,12:45,72.9,,33.7,23.7,0.0,SW@6.6,13.7,127.3,0.0,630,,"WSU Prosser (WSU HQ), Prosser, Benton County",300033,WSU Prosser (WSU HQ),2017-11-26 17:02:52.382503
2007-05-23,13:00,73.7,,32.4,21.9,0.0,SW@9.1,15.6,126.9,0.0,684,,"WSU Prosser (WSU HQ), Prosser, Benton County",300033,WSU Prosser (WSU HQ),2017-11-26 17:02:52.382503
2007-05-23,13:15,73.9,,31.0,20.6,0.0,SW@7.1,12.6,127.0,0.0,706,,"WSU Prosser (WSU HQ), Prosser, Benton County",300033,WSU Prosser (WSU HQ),2017-11-26 17:02:52.382503
2007-05-23,13:30,74.1,,29.7,19.4,0.0,SW@7.3,11.8,126.2,0.0,761,,"WSU Prosser (WSU HQ), Prosser, Benton County",300033,WSU Prosser (WSU HQ),2017-11-26 17:02:52.382503
2007-05-23,13:45,74.2,,29.5,19.1,0.0,SW@7.4,16.6,127.4,0.0,628,,"WSU Prosser (WSU HQ), Prosser, Benton County",300033,WSU Prosser (WSU HQ),2017-11-26 17:02:52.382503
2007-05-23,14:00,73.8,,30.4,20.1,0.0,SW@5.1,11.4,127.8,0.0,529,,"WSU Prosser (WSU HQ), Prosser, Benton County",300033,WSU Prosser (WSU HQ),2017-11-26 17:02:52.382503
2007-05-23,14:15,73.9,,29.4,19.3,0.0,SW@7.8,17.5,128.6,0.0,466,,"WSU Prosser (WSU HQ), Prosser, Benton County",300033,WSU Prosser (WSU HQ),2017-11-26 17:02:52.382503
2007-05-23,14:30,73.6,,30.2,20.1,0.0,SW@6.3,13.1,129.5,0.0,397,,"WSU Prosser (WSU HQ), Prosser, Benton County",300033,WSU Prosser (WSU HQ),2017-11-26 17:02:52.382503
2007-05-23,14:45,73.4,,30.7,20.6,0.0,W@2.6,6.4,128.6,0.0,506,,"WSU Prosser (WSU HQ), Prosser, Benton County",300033,WSU Prosser (WSU HQ),2017-11-26 17:02:52.382503
2007-05-23,15:00,73.9,,33.2,22.4,0.0,NW@3.7,6.9,128.0,0.0,575,,"WSU Prosser (WSU HQ), Prosser, Benton County",300033,WSU Prosser (WSU HQ),2017-11-26 17:02:52.382503
2007-05-23,15:15,73.8,,33.2,22.6,0.0,NW@0.6,4.5,129.6,0.0,398,,"WSU Prosser (WSU HQ), Prosser, Benton County",300033,WSU Prosser (WSU HQ),2017-11-26 17:02:52.382503
2007-05-23,15:30,73.6,,34.9,24.3,0.0,NW@1.8,7.4,129.6,0.0,400,,"WSU Prosser (WSU HQ), Prosser, Benton County",300033,WSU Prosser (WSU HQ),2017-11-26 17:02:52.382503
2007-05-23,15:45,73.6,,34.2,23.6,0.0,NW@2.0,6.7,129.6,0.0,398,,"WSU Prosser (WSU HQ), Prosser, Benton County",300033,WSU Prosser (WSU HQ),2017-11-26 17:02:52.382503
2007-05-23,16:00,73.9,,34.0,23.1,0.0,NW@0.1,5.9,128.8,0.0,484,,"WSU Prosser (WSU HQ), Prosser, Benton County",300033,WSU Prosser (WSU HQ),2017-11-26 17:02:52.382503
2007-05-23,16:15,75.1,,32.6,21.0,0.0,N@0.0,0.0,128.9,0.0,504,,"WSU Prosser (WSU HQ), Prosser, Benton County",300033,WSU Prosser (WSU HQ),2017-11-26 17:02:52.382503
2007-05-23,16:30,75.2,,34.0,22.1,0.0,NW@0.0,0.2,129.6,0.0,437,,"WSU Prosser (WSU HQ), Prosser, Benton County",300033,WSU Prosser (WSU HQ),2017-11-26 17:02:52.382503
2007-05-23,16:45,73.6,,31.0,20.8,0.0,NW@0.2,3.3,130.9,0.0,251,,"WSU Prosser (WSU HQ), Prosser, Benton County",300033,WSU Prosser (WSU HQ),2017-11-26 17:02:52.382503
2007-05-23,17:00,74.1,,26.0,16.6,0.0,N@0.0,0.0,131.5,0.0,248,,"WSU Prosser (WSU HQ), Prosser, Benton County",300033,WSU Prosser (WSU HQ),2017-11-26 17:02:52.382503
2007-05-23,17:15,73.9,,28.5,18.6,0.0,N@0.0,0.0,132.0,0.0,197,,"WSU Prosser (WSU HQ), Prosser, Benton County",300033,WSU Prosser (WSU HQ),2017-11-26 17:02:52.382503
2007-05-23,17:30,73.6,,28.3,18.6,0.0,N@0.0,0.0,132.3,0.0,132,,"WSU Prosser (WSU HQ), Prosser, Benton County",300033,WSU Prosser (WSU HQ),2017-11-26 17:02:52.382503
2007-05-23,17:45,73.5,,27.6,18.2,0.0,N@0.0,0.0,132.6,0.0,121,,"WSU Prosser (WSU HQ), Prosser, Benton County",300033,WSU Prosser (WSU HQ),2017-11-26 17:02:52.382503
2007-05-23,18:00,73.5,,28.8,19.0,0.0,N@0.0,0.0,132.6,0.0,122,,"WSU Prosser (WSU HQ), Prosser, Benton County",300033,WSU Prosser (WSU HQ),2017-11-26 17:02:52.382503
2007-05-23,18:15,72.8,,30.8,21.2,0.0,N@0.0,0.0,132.9,0.0,79,,"WSU Prosser (WSU HQ), Prosser, Benton County",300033,WSU Prosser (WSU HQ),2017-11-26 17:02:52.382503
2007-05-23,18:30,71.5,,31.0,22.2,0.0,N@0.0,0.0,133.0,0.0,55,,"WSU Prosser (WSU HQ), Prosser, Benton County",300033,WSU Prosser (WSU HQ),2017-11-26 17:02:52.382503
2007-05-23,18:45,70.5,,35.8,28.0,0.0,N@0.0,0.0,133.1,0.0,42,,"WSU Prosser (WSU HQ), Prosser, Benton County",300033,WSU Prosser (WSU HQ),2017-11-26 17:02:52.382503
2007-05-23,19:00,68.7,,38.6,33.3,0.0,N@0.0,0.0,133.2,0.0,29,,"WSU Prosser (WSU HQ), Prosser, Benton County",300033,WSU Prosser (WSU HQ),2017-11-26 17:02:52.382503
2007-05-23,19:15,67.9,,38.5,33.9,0.0,N@0.0,0.0,133.3,0.0,18,,"WSU Prosser (WSU HQ), Prosser, Benton County",300033,WSU Prosser (WSU HQ),2017-11-26 17:02:52.382503
2007-05-23,19:30,65.9,,40.3,39.0,0.0,N@0.0,0.0,133.4,0.0,10,,"WSU Prosser (WSU HQ), Prosser, Benton County",300033,WSU Prosser (WSU HQ),2017-11-26 17:02:52.382503
2007-05-23,19:45,64.2,,39.9,40.8,0.0,N@0.0,0.0,133.4,0.0,1,,"WSU Prosser (WSU HQ), Prosser, Benton County",300033,WSU Prosser (WSU HQ),2017-11-26 17:02:52.382503
2007-05-23,20:00,63.6,,39.0,40.1,0.0,N@0.0,0.0,133.4,0.0,0,,"WSU Prosser (WSU HQ), Prosser, Benton County",300033,WSU Prosser (WSU HQ),2017-11-26 17:02:52.382503
2007-05-23,20:15,62.6,,37.4,39.1,0.0,NW@0.4,4.1,133.5,0.0,0,,"WSU Prosser (WSU HQ), Prosser, Benton County",300033,WSU Prosser (WSU HQ),2017-11-26 17:02:52.382503
2007-05-23,20:30,64.2,,35.7,34.6,0.0,N@0.0,0.0,133.5,0.0,0,,"WSU Prosser (WSU HQ), Prosser, Benton County",300033,WSU Prosser (WSU HQ),2017-11-26 17:02:52.382503
2007-05-23,20:45,63.5,,35.9,35.7,0.0,N@0.0,0.0,133.5,0.0,0,,"WSU Prosser (WSU HQ), Prosser, Benton County",300033,WSU Prosser (WSU HQ),2017-11-26 17:02:52.382503
2007-05-23,21:00,62.5,,36.7,38.1,0.0,N@0.0,0.0,133.5,0.0,0,,"WSU Prosser (WSU HQ), Prosser, Benton County",300033,WSU Prosser (WSU HQ),2017-11-26 17:02:52.382503
2007-05-23,21:15,60.8,,37.6,42.0,0.0,N@0.0,0.0,133.5,0.0,0,,"WSU Prosser (WSU HQ), Prosser, Benton County",300033,WSU Prosser (WSU HQ),2017-11-26 17:02:52.382503
2007-05-23,21:30,61.4,,36.3,39.1,0.0,SW@0.4,4.0,133.6,0.0,0,,"WSU Prosser (WSU HQ), Prosser, Benton County",300033,WSU Prosser (WSU HQ),2017-11-26 17:02:52.382503
2007-05-23,21:45,61.2,,37.1,40.5,0.0,SW@3.3,7.3,133.7,0.0,0,,"WSU Prosser (WSU HQ), Prosser, Benton County",300033,WSU Prosser (WSU HQ),2017-11-26 17:02:52.382503
2007-05-23,22:00,59.3,,37.9,44.8,0.0,W@1.3,4.5,133.7,0.0,0,,"WSU Prosser (WSU HQ), Prosser, Benton County",300033,WSU Prosser (WSU HQ),2017-11-26 17:02:52.382503
2007-05-23,22:15,57.4,,38.2,48.6,0.0,N@0.0,0.0,133.7,0.0,0,,"WSU Prosser (WSU HQ), Prosser, Benton County",300033,WSU Prosser (WSU HQ),2017-11-26 17:02:52.382503
2007-05-23,22:30,56.7,,38.3,50.1,0.0,N@0.0,0.2,133.8,0.0,0,,"WSU Prosser (WSU HQ), Prosser, Benton County",300033,WSU Prosser (WSU HQ),2017-11-26 17:02:52.382503
2007-05-23,22:45,55.8,,38.6,52.4,0.0,N@0.0,0.0,133.8,0.0,0,,"WSU Prosser (WSU HQ), Prosser, Benton County",300033,WSU Prosser (WSU HQ),2017-11-26 17:02:52.382503
2007-05-23,23:00,55.0,,39.2,55.1,0.0,N@0.0,0.0,133.8,0.0,0,,"WSU Prosser (WSU HQ), Prosser, Benton County",300033,WSU Prosser (WSU HQ),2017-11-26 17:02:52.382503
2007-05-24,23:15,54.3,,39.7,57.6,0.0,NW@0.9,4.5,133.8,0.0,0,,"WSU Prosser (WSU HQ), Prosser, Benton County",300033,WSU Prosser (WSU HQ),2017-11-26 17:02:52.382503
2007-05-24,23:30,54.7,,39.8,57.0,0.0,NW@1.0,3.8,133.8,0.0,0,,"WSU Prosser (WSU HQ), Prosser, Benton County",300033,WSU Prosser (WSU HQ),2017-11-26 17:02:52.382503
2007-05-24,23:45,52.9,,40.0,61.4,0.0,N@2.4,4.3,133.7,0.0,0,,"WSU Prosser (WSU HQ), Prosser, Benton County",300033,WSU Prosser (WSU HQ),2017-11-26 17:02:52.382503
2007-05-24,24:00,52.5,,40.0,62.2,0.0,N@0.4,2.8,133.6,0.0,0,,"WSU Prosser (WSU HQ), Prosser, Benton County",300033,WSU Prosser (WSU HQ),2017-11-26 17:02:52.382503
2007-05-24,00:15,51.1,,40.2,66.1,0.0,N@0.0,0.0,133.6,0.0,0,,"WSU Prosser (WSU HQ), Prosser, Benton County",300033,WSU Prosser (WSU HQ),2017-11-26 17:02:52.382503
2007-05-24,00:30,52.6,,39.6,61.3,0.0,NW@0.3,2.9,133.5,0.0,0,,"WSU Prosser (WSU HQ), Prosser, Benton County",300033,WSU Prosser (WSU HQ),2017-11-26 17:02:52.382503
2007-05-24,00:45,52.7,,39.4,60.3,0.0,N@0.0,0.0,133.5,0.0,0,,"WSU Prosser (WSU HQ), Prosser, Benton County",300033,WSU Prosser (WSU HQ),2017-11-26 17:02:52.382503
2007-05-24,01:00,53.1,,39.2,59.1,0.0,N@0.0,0.0,133.5,0.0,0,,"WSU Prosser (WSU HQ), Prosser, Benton County",300033,WSU Prosser (WSU HQ),2017-11-26 17:02:52.382503
2007-05-24,01:15,51.7,,39.6,63.3,0.0,N@0.0,0.0,133.4,0.0,0,,"WSU Prosser (WSU HQ), Prosser, Benton County",300033,WSU Prosser (WSU HQ),2017-11-26 17:02:52.382503
2007-05-24,01:30,51.4,,39.5,63.6,0.0,N@0.0,0.0,132.7,0.0,0,,"WSU Prosser (WSU HQ), Prosser, Benton County",300033,WSU Prosser (WSU HQ),2017-11-26 17:02:52.382503
2007-05-24,01:45,50.7,,39.8,66.0,0.0,N@0.0,0.0,132.4,0.0,0,,"WSU Prosser (WSU HQ), Prosser, Benton County",300033,WSU Prosser (WSU HQ),2017-11-26 17:02:52.382503
2007-05-24,02:00,47.7,,40.0,74.3,0.0,NW@1.4,3.8,132.1,0.0,0,,"WSU Prosser (WSU HQ), Prosser, Benton County",300033,WSU Prosser (WSU HQ),2017-11-26 17:02:52.382503
2007-05-24,02:15,47.2,,39.6,74.7,0.0,N@0.1,2.1,131.7,0.0,0,,"WSU Prosser (WSU HQ), Prosser, Benton County",300033,WSU Prosser (WSU HQ),2017-11-26 17:02:52.382503
2007-05-24,02:30,45.7,,39.6,79.3,0.0,N@1.9,5.2,130.7,0.0,0,,"WSU Prosser (WSU HQ), Prosser, Benton County",300033,WSU Prosser (WSU HQ),2017-11-26 17:02:52.382503
2007-05-24,02:45,45.2,,39.3,79.5,0.0,N@0.0,0.0,130.0,0.0,0,,"WSU Prosser (WSU HQ), Prosser, Benton County",300033,WSU Prosser (WSU HQ),2017-11-26 17:02:52.382503
2007-05-24,03:00,44.5,,39.4,82.3,0.0,N@0.0,0.0,129.3,0.0,0,,"WSU Prosser (WSU HQ), Prosser, Benton County",300033,WSU Prosser (WSU HQ),2017-11-26 17:02:52.382503
2007-05-24,03:15,44.6,,39.1,80.9,0.0,N@1.6,3.6,128.2,0.0,0,,"WSU Prosser (WSU HQ), Prosser, Benton County",300033,WSU Prosser (WSU HQ),2017-11-26 17:02:52.382503
2007-05-24,03:30,44.1,,38.8,81.3,0.0,N@2.7,3.6,127.7,0.0,0,,"WSU Prosser (WSU HQ), Prosser, Benton County",300033,WSU Prosser (WSU HQ),2017-11-26 17:02:52.382503
2007-05-24,03:45,43.9,,38.8,82.0,0.0,N@2.8,4.0,127.5,0.0,0,,"WSU Prosser (WSU HQ), Prosser, Benton County",300033,WSU Prosser (WSU HQ),2017-11-26 17:02:52.382503
2007-05-24,04:00,43.2,,38.7,84.0,0.0,N@1.0,3.3,127.1,0.0,0,,"WSU Prosser (WSU HQ), Prosser, Benton County",300033,WSU Prosser (WSU HQ),2017-11-26 17:02:52.382503
2007-05-24,04:15,42.7,,39.0,86.5,0.0,N@0.7,3.6,126.4,0.0,0,,"WSU Prosser (WSU HQ), Prosser, Benton County",300033,WSU Prosser (WSU HQ),2017-11-26 17:02:52.382503
2007-05-24,04:30,42.8,,39.0,86.2,0.0,N@0.0,0.0,125.2,0.0,4,,"WSU Prosser (WSU HQ), Prosser, Benton County",300033,WSU Prosser (WSU HQ),2017-11-26 17:02:52.382503
2007-05-24,04:45,43.2,,39.2,85.4,0.0,N@1.3,4.1,124.3,0.0,11,,"WSU Prosser (WSU HQ), Prosser, Benton County",300033,WSU Prosser (WSU HQ),2017-11-26 17:02:52.382503
2007-05-24,05:00,43.6,,39.7,86.2,0.0,N@2.7,3.5,123.6,0.0,27,,"WSU Prosser (WSU HQ), Prosser, Benton County",300033,WSU Prosser (WSU HQ),2017-11-26 17:02:52.382503
2007-05-24,05:15,44.9,,40.3,83.8,0.0,N@0.4,2.8,123.0,0.0,59,,"WSU Prosser (WSU HQ), Prosser, Benton County",300033,WSU Prosser (WSU HQ),2017-11-26 17:02:52.382503
2007-05-24,05:30,47.6,,40.9,77.3,0.0,N@1.1,2.8,121.4,0.0,94,,"WSU Prosser (WSU HQ), Prosser, Benton County",300033,WSU Prosser (WSU HQ),2017-11-26 17:02:52.382503
2007-05-24,05:45,50.2,,41.7,72.4,0.0,N@0.0,0.3,124.6,0.0,128,,"WSU Prosser (WSU HQ), Prosser, Benton County",300033,WSU Prosser (WSU HQ),2017-11-26 17:02:52.382503
2007-05-24,06:00,52.2,,40.9,65.3,0.0,NW@0.0,0.5,128.6,0.0,166,,"WSU Prosser (WSU HQ), Prosser, Benton County",300033,WSU Prosser (WSU HQ),2017-11-26 17:02:52.382503
2007-05-24,06:15,53.1,,41.0,63.4,0.0,W@1.9,5.2,130.0,0.0,208,,"WSU Prosser (WSU HQ), Prosser, Benton County",300033,WSU Prosser (WSU HQ),2017-11-26 17:02:52.382503
2007-05-24,06:30,54.1,,41.7,62.7,0.0,W@2.1,4.1,130.2,0.0,250,,"WSU Prosser (WSU HQ), Prosser, Benton County",300033,WSU Prosser (WSU HQ),2017-11-26 17:02:52.382503
2007-05-24,06:45,55.0,,41.6,60.5,0.0,W@3.2,5.4,130.2,0.0,295,,"WSU Prosser (WSU HQ), Prosser, Benton County",300033,WSU Prosser (WSU HQ),2017-11-26 17:02:52.382503
2007-05-24,07:00,55.7,,41.2,58.0,0.0,W@3.9,6.6,129.9,0.0,340,,"WSU Prosser (WSU HQ), Prosser, Benton County",300033,WSU Prosser (WSU HQ),2017-11-26 17:02:52.382503
2007-05-24,07:15,56.5,,41.3,56.5,0.0,SW@3.5,5.5,129.8,0.0,385,,"WSU Prosser (WSU HQ), Prosser, Benton County",300033,WSU Prosser (WSU HQ),2017-11-26 17:02:52.382503
2007-05-24,07:30,57.3,,41.6,55.6,0.0,SW@3.2,5.4,129.6,0.0,429,,"WSU Prosser (WSU HQ), Prosser, Benton County",300033,WSU Prosser (WSU HQ),2017-11-26 17:02:52.382503
2007-05-24,07:45,58.3,,42.0,54.5,0.0,SW@3.5,6.0,129.0,0.0,471,,"WSU Prosser (WSU HQ), Prosser, Benton County",300033,WSU Prosser (WSU HQ),2017-11-26 17:02:52.382503
2007-05-24,08:00,59.1,,42.4,53.8,0.0,SW@2.4,5.7,128.6,0.0,519,,"WSU Prosser (WSU HQ), Prosser, Benton County",300033,WSU Prosser (WSU HQ),2017-11-26 17:02:52.382503
2007-05-24,08:15,59.8,,42.4,52.4,0.0,SW@2.6,5.5,128.2,0.0,563,,"WSU Prosser (WSU HQ), Prosser, Benton County",300033,WSU Prosser (WSU HQ),2017-11-26 17:02:52.382503
2007-05-24,08:30,60.7,,42.7,51.4,0.0,SW@3.3,6.0,127.7,0.0,605,,"WSU Prosser (WSU HQ), Prosser, Benton County",300033,WSU Prosser (WSU HQ),2017-11-26 17:02:52.382503
2007-05-24,08:45,62.1,,43.7,50.8,0.0,SW@2.7,5.4,127.6,0.0,646,,"WSU Prosser (WSU HQ), Prosser, Benton County",300033,WSU Prosser (WSU HQ),2017-11-26 17:02:52.382503
2007-05-24,09:00,63.0,,43.2,48.2,0.0,SW@2.9,6.0,127.4,0.0,685,,"WSU Prosser (WSU HQ), Prosser, Benton County",300033,WSU Prosser (WSU HQ),2017-11-26 17:02:52.382503
2007-05-24,09:15,63.6,,42.8,46.4,0.0,SW@3.2,9.2,127.0,0.0,722,,"WSU Prosser (WSU HQ), Prosser, Benton County",300033,WSU Prosser (WSU HQ),2017-11-26 17:02:52.382503
2007-05-24,09:30,64.9,,42.7,44.3,0.0,SW@2.2,8.3,127.0,0.0,757,,"WSU Prosser (WSU HQ), Prosser, Benton County",300033,WSU Prosser (WSU HQ),2017-11-26 17:02:52.382503
2007-05-24,09:45,66.0,,42.3,42.1,0.0,SW@2.0,5.7,126.7,0.0,788,,"WSU Prosser (WSU HQ), Prosser, Benton County",300033,WSU Prosser (WSU HQ),2017-11-26 17:02:52.382503
2007-05-24,10:00,67.1,,41.2,38.7,0.0,S@3.7,7.4,126.1,0.0,818,,"WSU Prosser (WSU HQ), Prosser, Benton County",300033,WSU Prosser (WSU HQ),2017-11-26 17:02:52.382503
2007-05-24,10:15,67.8,,41.9,39.0,0.0,SW@3.6,7.4,125.5,0.0,835,,"WSU Prosser (WSU HQ), Prosser, Benton County",300033,WSU Prosser (WSU HQ),2017-11-26 17:02:52.382503
2007-05-24,10:30,67.8,,41.2,37.8,0.0,S@3.3,7.1,124.9,0.0,856,,"WSU Prosser (WSU HQ), Prosser, Benton County",300033,WSU Prosser (WSU HQ),2017-11-26 17:02:52.382503
2007-05-24,10:45,68.5,,41.5,37.4,0.0,SW@3.9,9.3,124.8,0.0,880,,"WSU Prosser (WSU HQ), Prosser, Benton County",300033,WSU Prosser (WSU HQ),2017-11-26 17:02:52.382503
2007-05-24,11:00,69.4,,41.4,36.1,0.0,SW@2.2,5.7,125.2,0.0,897,,"WSU Prosser (WSU HQ), Prosser, Benton County",300033,WSU Prosser (WSU HQ),2017-11-26 17:02:52.382503
2007-05-24,11:15,69.9,,41.2,35.3,0.0,SW@3.6,7.1,124.4,0.0,912,,"WSU Prosser (WSU HQ), Prosser, Benton County",300033,WSU Prosser (WSU HQ),2017-11-26 17:02:52.382503
2007-05-24,11:30,70.3,,40.1,33.4,0.0,W@2.8,6.9,124.6,0.0,925,,"WSU Prosser (WSU HQ), Prosser, Benton County",300033,WSU Prosser (WSU HQ),2017-11-26 17:02:52.382503
2007-05-24,11:45,71.6,,41.5,33.6,0.0,W@1.5,6.4,125.5,0.0,932,,"WSU Prosser (WSU HQ), Prosser, Benton County",300033,WSU Prosser (WSU HQ),2017-11-26 17:02:52.382503
2007-05-24,12:00,71.8,,40.8,32.4,0.0,SW@3.3,7.9,124.5,0.0,938,,"WSU Prosser (WSU HQ), Prosser, Benton County",300033,WSU Prosser (WSU HQ),2017-11-26 17:02:52.382503
2007-05-24,12:15,71.9,,39.6,30.9,0.0,W@0.4,5.2,124.3,0.0,940,,"WSU Prosser (WSU HQ), Prosser, Benton County",300033,WSU Prosser (WSU HQ),2017-11-26 17:02:52.382503
2007-05-24,12:30,72.5,,40.0,30.8,0.0,SW@3.5,8.6,124.4,0.0,934,,"WSU Prosser (WSU HQ), Prosser, Benton County",300033,WSU Prosser (WSU HQ),2017-11-26 17:02:52.382503
2007-05-24,12:45,73.3,,40.5,30.5,0.0,SW@3.5,9.0,124.3,0.0,928,,"WSU Prosser (WSU HQ), Prosser, Benton County",300033,WSU Prosser (WSU HQ),2017-11-26 17:02:52.382503
2007-05-24,13:00,73.3,,39.2,29.0,0.0,NW@3.4,5.9,124.2,0.0,922,,"WSU Prosser (WSU HQ), Prosser, Benton County",300033,WSU Prosser (WSU HQ),2017-11-26 17:02:52.382503
2007-05-24,13:15,73.7,,40.7,30.4,0.0,NW@3.3,9.3,124.3,0.0,909,,"WSU Prosser (WSU HQ), Prosser, Benton County",300033,WSU Prosser (WSU HQ),2017-11-26 17:02:52.382503
2007-05-24,13:30,74.2,,39.0,27.9,0.0,W@2.5,9.3,125.3,0.0,897,,"WSU Prosser (WSU HQ), Prosser, Benton County",300033,WSU Prosser (WSU HQ),2017-11-26 17:02:52.382503
2007-05-24,13:45,74.8,,38.6,27.0,0.0,W@3.1,6.9,125.3,0.0,876,,"WSU Prosser (WSU HQ), Prosser, Benton County",300033,WSU Prosser (WSU HQ),2017-11-26 17:02:52.382503
2007-05-24,14:00,75.4,,39.7,27.6,0.0,W@3.2,10.0,125.7,0.0,850,,"WSU Prosser (WSU HQ), Prosser, Benton County",300033,WSU Prosser (WSU HQ),2017-11-26 17:02:52.382503
2007-05-24,14:15,75.3,,39.7,27.7,0.0,SW@4.2,8.1,125.4,0.0,823,,"WSU Prosser (WSU HQ), Prosser, Benton County",300033,WSU Prosser (WSU HQ),2017-11-26 17:02:52.382503
2007-05-24,14:30,75.5,,39.3,27.1,0.0,SW@6.0,10.5,125.2,0.0,795,,"WSU Prosser (WSU HQ), Prosser, Benton County",300033,WSU Prosser (WSU HQ),2017-11-26 17:02:52.382503
2007-05-24,14:45,75.7,,39.6,27.2,0.0,SW@4.0,8.8,126.4,0.0,768,,"WSU Prosser (WSU HQ), Prosser, Benton County",300033,WSU Prosser (WSU HQ),2017-11-26 17:02:52.382503
2007-05-24,15:00,75.9,,38.8,26.2,0.0,SW@4.8,12.3,126.9,0.0,735,,"WSU Prosser (WSU HQ), Prosser, Benton County",300033,WSU Prosser (WSU HQ),2017-11-26 17:02:52.382503
2007-05-24,15:15,76.4,,38.1,25.1,0.0,SW@4.1,8.1,127.2,0.0,696,,"WSU Prosser (WSU HQ), Prosser, Benton County",300033,WSU Prosser (WSU HQ),2017-11-26 17:02:52.382503
2007-05-24,15:30,77.1,,38.6,25.0,0.0,SW@3.3,7.6,127.6,0.0,657,,"WSU Prosser (WSU HQ), Prosser, Benton County",300033,WSU Prosser (WSU HQ),2017-11-26 17:02:52.382503
2007-05-24,15:45,77.2,,36.9,23.3,0.0,NW@2.3,6.7,127.7,0.0,617,,"WSU Prosser (WSU HQ), Prosser, Benton County",300033,WSU Prosser (WSU HQ),2017-11-26 17:02:52.382503
2007-05-24,16:00,77.8,,38.0,23.8,0.0,NW@2.3,8.5,128.2,0.0,573,,"WSU Prosser (WSU HQ), Prosser, Benton County",300033,WSU Prosser (WSU HQ),2017-11-26 17:02:52.382503
2007-05-24,16:15,77.6,,37.2,23.2,0.0,NW@2.0,5.7,128.6,0.0,529,,"WSU Prosser (WSU HQ), Prosser, Benton County",300033,WSU Prosser (WSU HQ),2017-11-26 17:02:52.382503
2007-05-24,16:30,77.1,,36.9,23.4,0.0,NW@3.0,6.6,128.5,0.0,483,,"WSU Prosser (WSU HQ), Prosser, Benton County",300033,WSU Prosser (WSU HQ),2017-11-26 17:02:52.382503
2007-05-24,16:45,77.3,,34.1,20.8,0.0,NW@1.0,4.7,129.6,0.0,437,,"WSU Prosser (WSU HQ), Prosser, Benton County",300033,WSU Prosser (WSU HQ),2017-11-26 17:02:52.382503
2007-05-24,17:00,77.2,,34.3,21.0,0.0,SE@0.3,3.6,130.4,0.0,390,,"WSU Prosser (WSU HQ), Prosser, Benton County",300033,WSU Prosser (WSU HQ),2017-11-26 17:02:52.382503
2007-05-24,17:15,76.9,,35.6,22.3,0.0,S@2.9,7.4,130.3,0.0,342,,"WSU Prosser (WSU HQ), Prosser, Benton County",300033,WSU Prosser (WSU HQ),2017-11-26 17:02:52.382503
2007-05-24,17:30,77.1,,35.5,22.1,0.0,SE@1.2,4.1,131.1,0.0,296,,"WSU Prosser (WSU HQ), Prosser, Benton County",300033,WSU Prosser (WSU HQ),2017-11-26 17:02:52.382503
2007-05-24,17:45,76.6,,36.5,23.3,0.0,SE@3.0,6.4,131.3,0.0,251,,"WSU Prosser (WSU HQ), Prosser, Benton County",300033,WSU Prosser (WSU HQ),2017-11-26 17:02:52.382503
2007-05-24,18:00,76.4,,37.5,24.5,0.0,SE@2.5,4.8,131.9,0.0,207,,"WSU Prosser (WSU HQ), Prosser, Benton County",300033,WSU Prosser (WSU HQ),2017-11-26 17:02:52.382503
2007-05-24,18:15,75.4,,40.4,28.4,0.0,SE@3.6,7.8,132.1,0.0,164,,"WSU Prosser (WSU HQ), Prosser, Benton County",300033,WSU Prosser (WSU HQ),2017-11-26 17:02:52.382503
2007-05-24,18:30,74.2,,41.0,30.2,0.0,S@4.7,8.1,132.2,0.0,123,,"WSU Prosser (WSU HQ), Prosser, Benton County",300033,WSU Prosser (WSU HQ),2017-11-26 17:02:52.382503
2007-05-24,18:45,73.7,,40.7,30.4,0.0,S@4.8,10.2,132.6,0.0,83,,"WSU Prosser (WSU HQ), Prosser, Benton County",300033,WSU Prosser (WSU HQ),2017-11-26 17:02:52.382503
2007-05-24,19:00,72.8,,40.6,31.2,0.0,S@3.7,5.7,133.0,0.0,42,,"WSU Prosser (WSU HQ), Prosser, Benton County",300033,WSU Prosser (WSU HQ),2017-11-26 17:02:52.382503
2007-05-24,19:15,71.5,,40.8,32.9,0.0,S@1.2,4.8,133.2,0.0,21,,"WSU Prosser (WSU HQ), Prosser, Benton County",300033,WSU Prosser (WSU HQ),2017-11-26 17:02:52.382503
2007-05-24,19:30,70.1,,40.8,34.4,0.0,N@0.0,0.0,133.2,0.0,8,,"WSU Prosser (WSU HQ), Prosser, Benton County",300033,WSU Prosser (WSU HQ),2017-11-26 17:02:52.382503
2007-05-24,19:45,68.8,,40.4,35.4,0.0,N@0.0,0.0,133.3,0.0,1,,"WSU Prosser (WSU HQ), Prosser, Benton County",300033,WSU Prosser (WSU HQ),2017-11-26 17:02:52.382503
2007-05-24,20:00,68.3,,39.7,35.2,0.0,N@0.0,0.0,133.4,0.0,0,,"WSU Prosser (WSU HQ), Prosser, Benton County",300033,WSU Prosser (WSU HQ),2017-11-26 17:02:52.382503
2007-05-24,20:15,66.3,,41.4,40.2,0.0,N@1.2,4.7,133.4,0.0,0,,"WSU Prosser (WSU HQ), Prosser, Benton County",300033,WSU Prosser (WSU HQ),2017-11-26 17:02:52.382503
2007-05-24,20:30,63.3,,41.8,45.3,0.0,N@0.7,2.8,133.4,0.0,0,,"WSU Prosser (WSU HQ), Prosser, Benton County",300033,WSU Prosser (WSU HQ),2017-11-26 17:02:52.382503
2007-05-24,20:45,62.9,,41.5,45.5,0.0,N@0.0,2.2,133.5,0.0,0,,"WSU Prosser (WSU HQ), Prosser, Benton County",300033,WSU Prosser (WSU HQ),2017-11-26 17:02:52.382503
2007-05-24,21:00,63.6,,39.8,41.5,0.0,NE@4.8,8.6,133.5,0.0,0,,"WSU Prosser (WSU HQ), Prosser, Benton County",300033,WSU Prosser (WSU HQ),2017-11-26 17:02:52.382503
2007-05-24,21:15,66.4,,37.4,34.2,0.0,NE@4.0,6.6,133.5,0.0,0,,"WSU Prosser (WSU HQ), Prosser, Benton County",300033,WSU Prosser (WSU HQ),2017-11-26 17:02:52.382503
2007-05-24,21:30,66.3,,32.1,27.8,0.0,NE@3.3,6.9,133.5,0.0,0,,"WSU Prosser (WSU HQ), Prosser, Benton County",300033,WSU Prosser (WSU HQ),2017-11-26 17:02:52.382503
2007-05-24,21:45,65.7,,26.2,22.4,0.0,NE@3.7,6.7,133.5,0.0,0,,"WSU Prosser (WSU HQ), Prosser, Benton County",300033,WSU Prosser (WSU HQ),2017-11-26 17:02:52.382503
2007-05-24,22:00,65.5,,25.3,21.7,0.0,NE@3.7,7.6,133.5,0.0,0,,"WSU Prosser (WSU HQ), Prosser, Benton County",300033,WSU Prosser (WSU HQ),2017-11-26 17:02:52.382503
2007-05-24,22:15,65.6,,29.0,25.2,0.0,NE@6.1,11.2,133.5,0.0,0,,"WSU Prosser (WSU HQ), Prosser, Benton County",300033,WSU Prosser (WSU HQ),2017-11-26 17:02:52.382503
2007-05-24,22:30,65.0,,34.3,31.8,0.0,NE@6.7,12.4,133.5,0.0,0,,"WSU Prosser (WSU HQ), Prosser, Benton County",300033,WSU Prosser (WSU HQ),2017-11-26 17:02:52.382503
2007-05-24,22:45,63.5,,35.0,34.4,0.0,NE@5.6,9.0,133.5,0.0,0,,"WSU Prosser (WSU HQ), Prosser, Benton County",300033,WSU Prosser (WSU HQ),2017-11-26 17:02:52.382503
2007-05-24,23:00,62.6,,36.1,37.2,0.0,NE@5.1,9.2,133.5,0.0,0,,"WSU Prosser (WSU HQ), Prosser, Benton County",300033,WSU Prosser (WSU HQ),2017-11-26 17:02:52.382503
2007-05-25,23:15,62.0,,37.1,39.4,0.0,NE@5.3,10.2,133.5,0.0,0,,"WSU Prosser (WSU HQ), Prosser, Benton County",300033,WSU Prosser (WSU HQ),2017-11-26 17:02:52.382503
2007-05-25,23:30,61.4,,37.0,40.2,0.0,NE@4.3,7.3,133.6,0.0,0,,"WSU Prosser (WSU HQ), Prosser, Benton County",300033,WSU Prosser (WSU HQ),2017-11-26 17:02:52.382503
2007-05-25,23:45,60.7,,36.3,40.1,0.0,NE@4.6,8.1,133.6,0.0,0,,"WSU Prosser (WSU HQ), Prosser, Benton County",300033,WSU Prosser (WSU HQ),2017-11-26 17:02:52.382503
2007-05-25,24:00,60.7,,35.9,39.5,0.0,NE@5.5,10.2,133.6,0.0,0,,"WSU Prosser (WSU HQ), Prosser, Benton County",300033,WSU Prosser (WSU HQ),2017-11-26 17:02:52.382503
2007-05-25,00:15,60.6,,36.0,39.7,0.0,NE@4.3,8.3,133.7,0.0,0,,"WSU Prosser (WSU HQ), Prosser, Benton County",300033,WSU Prosser (WSU HQ),2017-11-26 17:02:52.382503
2007-05-25,00:30,59.9,,35.2,39.4,0.0,NE@3.6,6.7,133.7,0.0,0,,"WSU Prosser (WSU HQ), Prosser, Benton County",300033,WSU Prosser (WSU HQ),2017-11-26 17:02:52.382503
2007-05-25,00:45,59.8,,34.7,38.8,0.0,NE@2.7,6.2,133.7,0.0,0,,"WSU Prosser (WSU HQ), Prosser, Benton County",300033,WSU Prosser (WSU HQ),2017-11-26 17:02:52.382503
2007-05-25,01:00,60.0,,34.0,37.5,0.0,NE@2.9,6.0,133.7,0.0,0,,"WSU Prosser (WSU HQ), Prosser, Benton County",300033,WSU Prosser (WSU HQ),2017-11-26 17:02:52.382503
2007-05-25,01:15,59.3,,34.7,39.5,0.0,E@0.2,4.3,133.7,0.0,0,,"WSU Prosser (WSU HQ), Prosser, Benton County",300033,WSU Prosser (WSU HQ),2017-11-26 17:02:52.382503
2007-05-25,01:30,57.8,,35.4,42.8,0.0,S@0.1,1.4,133.7,0.0,0,,"WSU Prosser (WSU HQ), Prosser, Benton County",300033,WSU Prosser (WSU HQ),2017-11-26 17:02:52.382503
2007-05-25,01:45,54.7,,37.2,51.5,0.0,N@0.0,0.0,133.8,0.0,0,,"WSU Prosser (WSU HQ), Prosser, Benton County",300033,WSU Prosser (WSU HQ),2017-11-26 17:02:52.382503
2007-05-25,02:00,55.0,,36.1,48.8,0.0,NW@0.1,3.8,133.8,0.0,0,,"WSU Prosser (WSU HQ), Prosser, Benton County",300033,WSU Prosser (WSU HQ),2017-11-26 17:02:52.382503
2007-05-25,02:15,56.3,,34.7,43.9,0.0,N@0.0,0.0,133.8,0.0,0,,"WSU Prosser (WSU HQ), Prosser, Benton County",300033,WSU Prosser (WSU HQ),2017-11-26 17:02:52.382503
2007-05-25,02:30,55.8,,35.1,45.4,0.0,N@0.0,0.0,133.9,0.0,0,,"WSU Prosser (WSU HQ), Prosser, Benton County",300033,WSU Prosser (WSU HQ),2017-11-26 17:02:52.382503
2007-05-25,02:45,54.6,,35.5,48.4,0.0,N@0.0,0.0,133.9,0.0,0,,"WSU Prosser (WSU HQ), Prosser, Benton County",300033,WSU Prosser (WSU HQ),2017-11-26 17:02:52.382503
2007-05-25,03:00,54.1,,36.1,50.5,0.0,SW@0.0,0.2,133.9,0.0,0,,"WSU Prosser (WSU HQ), Prosser, Benton County",300033,WSU Prosser (WSU HQ),2017-11-26 17:02:52.382503
2007-05-25,03:15,53.9,,35.9,50.3,0.0,N@0.0,0.0,133.9,0.0,0,,"WSU Prosser (WSU HQ), Prosser, Benton County",300033,WSU Prosser (WSU HQ),2017-11-26 17:02:52.382503
2007-05-25,03:30,54.0,,35.6,49.6,0.0,N@0.0,0.0,133.8,0.0,0,,"WSU Prosser (WSU HQ), Prosser, Benton County",300033,WSU Prosser (WSU HQ),2017-11-26 17:02:52.382503
2007-05-25,03:45,54.2,,35.5,49.0,0.0,N@0.0,0.0,133.8,0.0,0,,"WSU Prosser (WSU HQ), Prosser, Benton County",300033,WSU Prosser (WSU HQ),2017-11-26 17:02:52.382503
2007-05-25,04:00,52.8,,35.9,52.5,0.0,W@0.4,4.8,133.8,0.0,0,,"WSU Prosser (WSU HQ), Prosser, Benton County",300033,WSU Prosser (WSU HQ),2017-11-26 17:02:52.382503
2007-05-25,04:15,52.6,,36.3,53.6,0.0,NW@0.3,2.9,133.8,0.0,2,,"WSU Prosser (WSU HQ), Prosser, Benton County",300033,WSU Prosser (WSU HQ),2017-11-26 17:02:52.382503
2007-05-25,04:30,49.2,,37.2,63.0,0.0,N@0.0,0.0,133.7,0.0,9,,"WSU Prosser (WSU HQ), Prosser, Benton County",300033,WSU Prosser (WSU HQ),2017-11-26 17:02:52.382503
2007-05-25,04:45,49.7,,37.7,63.3,0.0,S@1.0,5.0,133.6,0.0,21,,"WSU Prosser (WSU HQ), Prosser, Benton County",300033,WSU Prosser (WSU HQ),2017-11-26 17:02:52.382503
2007-05-25,05:00,53.1,,37.5,55.2,0.0,S@1.3,7.3,133.5,0.0,43,,"WSU Prosser (WSU HQ), Prosser, Benton County",300033,WSU Prosser (WSU HQ),2017-11-26 17:02:52.382503
2007-05-25,05:15,54.4,,38.0,53.6,0.0,SE@0.0,2.4,132.8,0.0,81,,"WSU Prosser (WSU HQ), Prosser, Benton County",300033,WSU Prosser (WSU HQ),2017-11-26 17:02:52.382503
2007-05-25,05:30,55.6,,38.9,53.2,0.0,N@0.0,0.0,132.4,0.0,104,,"WSU Prosser (WSU HQ), Prosser, Benton County",300033,WSU Prosser (WSU HQ),2017-11-26 17:02:52.382503
2007-05-25,05:45,55.5,,40.0,55.8,0.0,W@0.5,4.5,132.4,0.0,131,,"WSU Prosser (WSU HQ), Prosser, Benton County",300033,WSU Prosser (WSU HQ),2017-11-26 17:02:52.382503
2007-05-25,06:00,57.2,,39.4,51.4,0.0,N@3.0,6.9,132.4,0.0,126,,"WSU Prosser (WSU HQ), Prosser, Benton County",300033,WSU Prosser (WSU HQ),2017-11-26 17:02:52.382503
2007-05-25,06:15,57.1,,39.3,51.2,0.0,NE@0.4,5.2,132.9,0.0,93,,"WSU Prosser (WSU HQ), Prosser, Benton County",300033,WSU Prosser (WSU HQ),2017-11-26 17:02:52.382503
2007-05-25,06:30,57.1,,39.9,52.5,0.0,NW@0.7,3.6,131.5,0.0,254,,"WSU Prosser (WSU HQ), Prosser, Benton County",300033,WSU Prosser (WSU HQ),2017-11-26 17:02:52.382503
2007-05-25,06:45,58.8,,39.6,48.8,0.0,N@0.2,4.8,131.2,0.0,321,,"WSU Prosser (WSU HQ), Prosser, Benton County",300033,WSU Prosser (WSU HQ),2017-11-26 17:02:52.382503
2007-05-25,07:00,58.5,,40.1,50.2,0.0,SE@2.0,5.2,131.3,0.0,288,,"WSU Prosser (WSU HQ), Prosser, Benton County",300033,WSU Prosser (WSU HQ),2017-11-26 17:02:52.382503
2007-05-25,07:15,58.4,,39.8,49.9,0.0,S@1.5,4.3,131.0,0.0,292,,"WSU Prosser (WSU HQ), Prosser, Benton County",300033,WSU Prosser (WSU HQ),2017-11-26 17:02:52.382503
2007-05-25,07:30,59.3,,39.8,48.3,0.0,S@1.6,4.1,129.9,0.0,422,,"WSU Prosser (WSU HQ), Prosser, Benton County",300033,WSU Prosser (WSU HQ),2017-11-26 17:02:52.382503
2007-05-25,07:45,59.9,,40.0,47.6,0.0,S@2.3,5.0,129.0,0.0,509,,"WSU Prosser (WSU HQ), Prosser, Benton County",300033,WSU Prosser (WSU HQ),2017-11-26 17:02:52.382503
2007-05-25,08:00,60.8,,39.9,46.1,0.0,S@2.5,5.4,129.1,0.0,498,,"WSU Prosser (WSU HQ), Prosser, Benton County",300033,WSU Prosser (WSU HQ),2017-11-26 17:02:52.382503
2007-05-25,08:15,61.2,,40.3,45.9,0.0,S@2.4,4.3,129.1,0.0,438,,"WSU Prosser (WSU HQ), Prosser, Benton County",300033,WSU Prosser (WSU HQ),2017-11-26 17:02:52.382503
2007-05-25,08:30,62.1,,40.4,44.7,0.0,SE@2.5,5.4,128.1,0.0,567,,"WSU Prosser (WSU HQ), Prosser, Benton County",300033,WSU Prosser (WSU HQ),2017-11-26 17:02:52.382503
2007-05-25,08:45,62.4,,39.9,43.3,0.0,SE@1.0,4.8,129.0,0.0,512,,"WSU Prosser (WSU HQ), Prosser, Benton County",300033,WSU Prosser (WSU HQ),2017-11-26 17:02:52.382503
2007-05-25,09:00,63.6,,40.6,42.7,0.0,SE@0.9,4.0,127.6,0.0,676,,"WSU Prosser (WSU HQ), Prosser, Benton County",300033,WSU Prosser (WSU HQ),2017-11-26 17:02:52.382503
2007-05-25,09:15,64.0,,39.7,40.7,0.0,S@2.6,6.4,127.2,0.0,716,,"WSU Prosser (WSU HQ), Prosser, Benton County",300033,WSU Prosser (WSU HQ),2017-11-26 17:02:52.382503
2007-05-25,09:30,64.9,,39.4,39.0,0.0,S@2.1,5.7,126.7,0.0,749,,"WSU Prosser (WSU HQ), Prosser, Benton County",300033,WSU Prosser (WSU HQ),2017-11-26 17:02:52.382503
2007-05-25,09:45,65.7,,39.0,37.4,0.0,SE@2.8,7.4,126.3,0.0,786,,"WSU Prosser (WSU HQ), Prosser, Benton County",300033,WSU Prosser (WSU HQ),2017-11-26 17:02:52.382503
2007-05-25,10:00,66.6,,38.6,35.6,0.0,S@1.3,4.3,126.4,0.0,802,,"WSU Prosser (WSU HQ), Prosser, Benton County",300033,WSU Prosser (WSU HQ),2017-11-26 17:02:52.382503
2007-05-25,10:15,67.7,,39.2,35.2,0.0,N@1.5,5.2,126.1,0.0,846,,"WSU Prosser (WSU HQ), Prosser, Benton County",300033,WSU Prosser (WSU HQ),2017-11-26 17:02:52.382503
2007-05-25,10:30,68.7,,38.8,33.4,0.0,SE@1.8,6.4,126.6,0.0,750,,"WSU Prosser (WSU HQ), Prosser, Benton County",300033,WSU Prosser (WSU HQ),2017-11-26 17:02:52.382503
2007-05-25,10:45,68.9,,36.7,30.5,0.0,E@5.0,10.9,125.9,0.0,744,,"WSU Prosser (WSU HQ), Prosser, Benton County",300033,WSU Prosser (WSU HQ),2017-11-26 17:02:52.382503
2007-05-25,11:00,68.5,,36.5,30.7,0.0,E@5.5,10.2,126.3,0.0,662,,"WSU Prosser (WSU HQ), Prosser, Benton County",300033,WSU Prosser (WSU HQ),2017-11-26 17:02:52.382503
2007-05-25,11:15,69.1,,36.8,30.5,0.0,E@6.3,16.2,124.9,0.0,839,,"WSU Prosser (WSU HQ), Prosser, Benton County",300033,WSU Prosser (WSU HQ),2017-11-26 17:02:52.382503
2007-05-25,11:30,69.7,,36.9,30.0,0.0,E@6.2,19.0,126.1,0.0,780,,"WSU Prosser (WSU HQ), Prosser, Benton County",300033,WSU Prosser (WSU HQ),2017-11-26 17:02:52.382503
2007-05-25,11:45,69.7,,37.1,30.2,0.0,E@5.6,10.2,126.5,0.0,717,,"WSU Prosser (WSU HQ), Prosser, Benton County",300033,WSU Prosser (WSU HQ),2017-11-26 17:02:52.382503
2007-05-25,12:00,70.7,,38.0,30.3,0.0,E@4.6,9.0,125.8,0.0,863,,"WSU Prosser (WSU HQ), Prosser, Benton County",300033,WSU Prosser (WSU HQ),2017-11-26 17:02:52.382503
2007-05-25,12:15,71.0,,37.6,29.5,0.0,E@5.0,9.9,125.4,0.0,872,,"WSU Prosser (WSU HQ), Prosser, Benton County",300033,WSU Prosser (WSU HQ),2017-11-26 17:02:52.382503
2007-05-25,12:30,72.1,,38.2,29.0,0.0,E@4.9,13.0,125.8,0.0,849,,"WSU Prosser (WSU HQ), Prosser, Benton County",300033,WSU Prosser (WSU HQ),2017-11-26 17:02:52.382503
2007-05-25,12:45,72.5,,37.6,28.1,0.0,E@4.9,8.6,125.1,0.0,897,,"WSU Prosser (WSU HQ), Prosser, Benton County",300033,WSU Prosser (WSU HQ),2017-11-26 17:02:52.382503
2007-05-25,13:00,72.5,,37.1,27.5,0.0,E@5.7,10.5,126.0,0.0,742,,"WSU Prosser (WSU HQ), Prosser, Benton County",300033,WSU Prosser (WSU HQ),2017-11-26 17:02:52.382503
2007-05-25,13:15,71.9,,36.5,27.3,0.0,E@4.8,11.8,127.3,0.0,584,,"WSU Prosser (WSU HQ), Prosser, Benton County",300033,WSU Prosser (WSU HQ),2017-11-26 17:02:52.382503
2007-05-25,13:30,71.4,,36.6,28.0,0.0,E@3.2,9.9,127.5,0.0,596,,"WSU Prosser (WSU HQ), Prosser, Benton County",300033,WSU Prosser (WSU HQ),2017-11-26 17:02:52.382503
2007-05-25,13:45,72.5,,36.9,27.2,0.0,E@4.6,9.7,126.8,0.0,750,,"WSU Prosser (WSU HQ), Prosser, Benton County",300033,WSU Prosser (WSU HQ),2017-11-26 17:02:52.382503
2007-05-25,14:00,73.2,,37.4,27.1,0.0,E@3.0,10.2,126.5,0.0,787,,"WSU Prosser (WSU HQ), Prosser, Benton County",300033,WSU Prosser (WSU HQ),2017-11-26 17:02:52.382503
2007-05-25,14:15,73.8,,36.2,25.3,0.0,NE@3.7,12.1,127.0,0.0,741,,"WSU Prosser (WSU HQ), Prosser, Benton County",300033,WSU Prosser (WSU HQ),2017-11-26 17:02:52.382503
2007-05-25,14:30,73.6,,36.9,26.2,0.0,NE@3.3,8.3,127.3,0.0,663,,"WSU Prosser (WSU HQ), Prosser, Benton County",300033,WSU Prosser (WSU HQ),2017-11-26 17:02:52.382503
2007-05-25,14:45,72.5,,38.6,29.1,0.0,E@4.3,7.8,127.9,0.0,513,,"WSU Prosser (WSU HQ), Prosser, Benton County",300033,WSU Prosser (WSU HQ),2017-11-26 17:02:52.382503
2007-05-25,15:00,72.4,,38.6,29.3,0.0,E@1.0,6.4,129.4,0.0,395,,"WSU Prosser (WSU HQ), Prosser, Benton County",300033,WSU Prosser (WSU HQ),2017-11-26 17:02:52.382503
2007-05-25,15:15,72.4,,39.4,30.2,0.0,N@0.0,0.0,130.5,0.0,330,,"WSU Prosser (WSU HQ), Prosser, Benton County",300033,WSU Prosser (WSU HQ),2017-11-26 17:02:52.382503
2007-05-25,15:30,72.7,,39.4,29.9,0.0,E@0.4,3.8,130.8,0.0,318,,"WSU Prosser (WSU HQ), Prosser, Benton County",300033,WSU Prosser (WSU HQ),2017-11-26 17:02:52.382503
2007-05-25,15:45,72.2,,39.7,30.8,0.0,E@1.0,4.1,130.7,0.0,317,,"WSU Prosser (WSU HQ), Prosser, Benton County",300033,WSU Prosser (WSU HQ),2017-11-26 17:02:52.382503
2007-05-25,16:00,72.4,,41.0,32.0,0.0,E@0.6,3.3,129.8,0.0,404,,"WSU Prosser (WSU HQ), Prosser, Benton County",300033,WSU Prosser (WSU HQ),2017-11-26 17:02:52.382503
2007-05-25,16:15,73.2,,40.4,30.5,0.0,SE@2.2,5.9,128.4,0.0,553,,"WSU Prosser (WSU HQ), Prosser, Benton County",300033,WSU Prosser (WSU HQ),2017-11-26 17:02:52.382503
2007-05-25,16:30,73.7,,40.7,30.4,0.0,SE@2.2,11.1,129.3,0.0,469,,"WSU Prosser (WSU HQ), Prosser, Benton County",300033,WSU Prosser (WSU HQ),2017-11-26 17:02:52.382503
2007-05-25,16:45,73.8,,37.5,26.7,0.0,E@0.6,11.1,129.9,0.0,386,,"WSU Prosser (WSU HQ), Prosser, Benton County",300033,WSU Prosser (WSU HQ),2017-11-26 17:02:52.382503
2007-05-25,17:00,73.9,,38.4,27.6,0.0,NE@0.6,7.1,130.1,0.0,378,,"WSU Prosser (WSU HQ), Prosser, Benton County",300033,WSU Prosser (WSU HQ),2017-11-26 17:02:52.382503
2007-05-25,17:15,73.8,,38.5,27.8,0.0,E@0.4,3.8,130.7,0.0,324,,"WSU Prosser (WSU HQ), Prosser, Benton County",300033,WSU Prosser (WSU HQ),2017-11-26 17:02:52.382503
2007-05-25,17:30,72.6,,39.8,30.5,0.0,E@0.0,1.6,131.4,0.0,222,,"WSU Prosser (WSU HQ), Prosser, Benton County",300033,WSU Prosser (WSU HQ),2017-11-26 17:02:52.382503
2007-05-25,17:45,71.6,,39.3,30.8,0.0,E@1.4,5.4,131.8,0.0,185,,"WSU Prosser (WSU HQ), Prosser, Benton County",300033,WSU Prosser (WSU HQ),2017-11-26 17:02:52.382503
2007-05-25,18:00,71.3,,39.9,31.8,0.0,E@0.4,4.1,131.9,0.0,173,,"WSU Prosser (WSU HQ), Prosser, Benton County",300033,WSU Prosser (WSU HQ),2017-11-26 17:02:52.382503
2007-05-25,18:15,71.1,,39.9,32.2,0.0,E@0.0,0.2,132.3,0.0,128,,"WSU Prosser (WSU HQ), Prosser, Benton County",300033,WSU Prosser (WSU HQ),2017-11-26 17:02:52.382503
2007-05-25,18:30,70.7,,40.4,33.3,0.0,N@0.0,0.0,132.9,0.0,68,,"WSU Prosser (WSU HQ), Prosser, Benton County",300033,WSU Prosser (WSU HQ),2017-11-26 17:02:52.382503
2007-05-25,18:45,69.4,,40.7,35.2,0.0,N@0.0,0.0,133.0,0.0,48,,"WSU Prosser (WSU HQ), Prosser, Benton County",300033,WSU Prosser (WSU HQ),2017-11-26 17:02:52.382503
2007-05-25,19:00,68.6,,40.5,35.9,0.0,N@0.0,0.0,133.1,0.0,43,,"WSU Prosser (WSU HQ), Prosser, Benton County",300033,WSU Prosser (WSU HQ),2017-11-26 17:02:52.382503
2007-05-25,19:15,67.6,,41.2,38.1,0.0,N@0.0,0.0,133.3,0.0,24,,"WSU Prosser (WSU HQ), Prosser, Benton County",300033,WSU Prosser (WSU HQ),2017-11-26 17:02:52.382503
2007-05-25,19:30,66.7,,41.9,40.4,0.0,N@0.0,0.0,133.3,0.0,5,,"WSU Prosser (WSU HQ), Prosser, Benton County",300033,WSU Prosser (WSU HQ),2017-11-26 17:02:52.382503
2007-05-25,19:45,65.6,,42.8,43.5,0.0,N@0.0,0.0,133.4,0.0,0,,"WSU Prosser (WSU HQ), Prosser, Benton County",300033,WSU Prosser (WSU HQ),2017-11-26 17:02:52.382503
2007-05-25,20:00,65.1,,41.7,42.4,0.0,N@0.0,0.0,133.5,0.0,0,,"WSU Prosser (WSU HQ), Prosser, Benton County",300033,WSU Prosser (WSU HQ),2017-11-26 17:02:52.382503
2007-05-25,20:15,64.3,,42.4,44.7,0.0,N@0.0,0.0,133.5,0.0,0,,"WSU Prosser (WSU HQ), Prosser, Benton County",300033,WSU Prosser (WSU HQ),2017-11-26 17:02:52.382503
2007-05-25,20:30,62.9,,41.8,46.0,0.0,N@0.0,0.0,133.5,0.0,0,,"WSU Prosser (WSU HQ), Prosser, Benton County",300033,WSU Prosser (WSU HQ),2017-11-26 17:02:52.382503
2007-05-25,20:45,63.1,,40.6,43.6,0.0,N@1.0,3.1,133.5,0.0,0,,"WSU Prosser (WSU HQ), Prosser, Benton County",300033,WSU Prosser (WSU HQ),2017-11-26 17:02:52.382503
2007-05-25,21:00,61.4,,40.5,46.1,0.0,N@1.0,2.8,133.5,0.0,0,,"WSU Prosser (WSU HQ), Prosser, Benton County",300033,WSU Prosser (WSU HQ),2017-11-26 17:02:52.382503
2007-05-25,21:15,59.4,,41.3,50.8,0.0,NW@1.5,3.3,133.5,0.0,0,,"WSU Prosser (WSU HQ), Prosser, Benton County",300033,WSU Prosser (WSU HQ),2017-11-26 17:02:52.382503
2007-05-25,21:30,59.4,,39.5,47.6,0.0,N@0.9,4.5,133.5,0.0,0,,"WSU Prosser (WSU HQ), Prosser, Benton County",300033,WSU Prosser (WSU HQ),2017-11-26 17:02:52.382503
2007-05-25,21:45,59.1,,40.7,50.4,0.0,N@2.4,4.1,133.6,0.0,0,,"WSU Prosser (WSU HQ), Prosser, Benton County",300033,WSU Prosser (WSU HQ),2017-11-26 17:02:52.382503
2007-05-25,22:00,58.5,,41.8,53.6,0.0,N@2.8,3.8,133.6,0.0,0,,"WSU Prosser (WSU HQ), Prosser, Benton County",300033,WSU Prosser (WSU HQ),2017-11-26 17:02:52.382503
2007-05-25,22:15,58.4,,41.7,53.7,0.0,N@3.3,4.1,133.6,0.0,0,,"WSU Prosser (WSU HQ), Prosser, Benton County",300033,WSU Prosser (WSU HQ),2017-11-26 17:02:52.382503
2007-05-25,22:30,56.9,,42.0,57.1,0.0,N@3.3,4.3,133.5,0.0,0,,"WSU Prosser (WSU HQ), Prosser, Benton County",300033,WSU Prosser (WSU HQ),2017-11-26 17:02:52.382503
2007-05-25,22:45,56.0,,41.6,58.2,0.0,N@3.7,4.7,133.6,0.0,0,,"WSU Prosser (WSU HQ), Prosser, Benton County",300033,WSU Prosser (WSU HQ),2017-11-26 17:02:52.382503
2007-05-25,23:00,55.3,,41.2,58.9,0.0,N@3.9,4.5,133.6,0.0,0,,"WSU Prosser (WSU HQ), Prosser, Benton County",300033,WSU Prosser (WSU HQ),2017-11-26 17:02:52.382503
2007-05-26,23:15,55.6,,40.4,56.4,0.0,N@3.4,4.3,133.6,0.0,0,,"WSU Prosser (WSU HQ), Prosser, Benton County",300033,WSU Prosser (WSU HQ),2017-11-26 17:02:52.382503
2007-05-26,23:30,54.0,,41.3,62.1,0.0,N@2.9,4.0,133.6,0.0,0,,"WSU Prosser (WSU HQ), Prosser, Benton County",300033,WSU Prosser (WSU HQ),2017-11-26 17:02:52.382503
2007-05-26,23:45,53.4,,41.1,63.0,0.0,NW@2.7,4.0,133.6,0.0,0,,"WSU Prosser (WSU HQ), Prosser, Benton County",300033,WSU Prosser (WSU HQ),2017-11-26 17:02:52.382503
2007-05-26,24:00,52.9,,41.4,64.6,0.0,N@0.6,3.8,133.6,0.0,0,,"WSU Prosser (WSU HQ), Prosser, Benton County",300033,WSU Prosser (WSU HQ),2017-11-26 17:02:52.382503
2007-05-26,00:15,52.7,,41.4,65.2,0.0,N@3.1,4.0,133.5,0.0,0,,"WSU Prosser (WSU HQ), Prosser, Benton County",300033,WSU Prosser (WSU HQ),2017-11-26 17:02:52.382503
2007-05-26,00:30,52.3,,41.4,66.2,0.0,N@3.0,4.1,133.5,0.0,0,,"WSU Prosser (WSU HQ), Prosser, Benton County",300033,WSU Prosser (WSU HQ),2017-11-26 17:02:52.382503
2007-05-26,00:45,52.5,,41.1,65.1,0.0,N@3.1,4.1,133.4,0.0,0,,"WSU Prosser (WSU HQ), Prosser, Benton County",300033,WSU Prosser (WSU HQ),2017-11-26 17:02:52.382503
2007-05-26,01:00,52.5,,41.2,65.2,0.0,N@2.8,4.0,133.4,0.0,0,,"WSU Prosser (WSU HQ), Prosser, Benton County",300033,WSU Prosser (WSU HQ),2017-11-26 17:02:52.382503
2007-05-26,01:15,52.4,,41.4,66.0,0.0,N@2.2,3.3,133.4,0.0,0,,"WSU Prosser (WSU HQ), Prosser, Benton County",300033,WSU Prosser (WSU HQ),2017-11-26 17:02:52.382503
2007-05-26,01:30,52.4,,41.3,65.7,0.0,NW@2.5,3.5,133.2,0.0,0,,"WSU Prosser (WSU HQ), Prosser, Benton County",300033,WSU Prosser (WSU HQ),2017-11-26 17:02:52.382503
2007-05-26,01:45,52.4,,41.1,65.2,0.0,NW@2.0,3.5,133.2,0.0,0,,"WSU Prosser (WSU HQ), Prosser, Benton County",300033,WSU Prosser (WSU HQ),2017-11-26 17:02:52.382503
2007-05-26,02:00,52.1,,40.4,64.2,0.0,NW@0.8,2.4,133.3,0.0,0,,"WSU Prosser (WSU HQ), Prosser, Benton County",300033,WSU Prosser (WSU HQ),2017-11-26 17:02:52.382503
2007-05-26,02:15,52.3,,39.9,62.4,0.0,NW@2.2,3.3,133.4,0.0,0,,"WSU Prosser (WSU HQ), Prosser, Benton County",300033,WSU Prosser (WSU HQ),2017-11-26 17:02:52.382503
2007-05-26,02:30,51.3,,40.2,65.7,0.0,NW@2.1,2.9,133.3,0.0,0,,"WSU Prosser (WSU HQ), Prosser, Benton County",300033,WSU Prosser (WSU HQ),2017-11-26 17:02:52.382503
2007-05-26,02:45,51.4,,40.2,65.4,0.0,N@2.1,3.1,133.3,0.0,0,,"WSU Prosser (WSU HQ), Prosser, Benton County",300033,WSU Prosser (WSU HQ),2017-11-26 17:02:52.382503
2007-05-26,03:00,52.8,,40.4,62.7,0.0,N@3.2,4.1,133.0,0.0,0,,"WSU Prosser (WSU HQ), Prosser, Benton County",300033,WSU Prosser (WSU HQ),2017-11-26 17:02:52.382503
2007-05-26,03:15,54.3,,41.2,61.3,0.0,N@1.2,3.3,133.2,0.0,0,,"WSU Prosser (WSU HQ), Prosser, Benton County",300033,WSU Prosser (WSU HQ),2017-11-26 17:02:52.382503
2007-05-26,03:30,53.5,,43.1,67.8,0.0,N@0.0,0.0,132.7,0.0,0,,"WSU Prosser (WSU HQ), Prosser, Benton County",300033,WSU Prosser (WSU HQ),2017-11-26 17:02:52.382503
2007-05-26,03:45,53.5,,43.6,69.0,0.0,NW@0.9,2.8,132.4,0.0,0,,"WSU Prosser (WSU HQ), Prosser, Benton County",300033,WSU Prosser (WSU HQ),2017-11-26 17:02:52.382503
2007-05-26,04:00,53.6,,43.2,67.8,0.0,NW@0.7,2.4,132.4,0.0,0,,"WSU Prosser (WSU HQ), Prosser, Benton County",300033,WSU Prosser (WSU HQ),2017-11-26 17:02:52.382503
2007-05-26,04:15,53.4,,43.0,67.6,0.0,N@0.8,3.1,132.4,0.0,0,,"WSU Prosser (WSU HQ), Prosser, Benton County",300033,WSU Prosser (WSU HQ),2017-11-26 17:02:52.382503
2007-05-26,04:30,53.1,,43.8,70.5,0.0,NW@0.4,1.9,132.3,0.0,4,,"WSU Prosser (WSU HQ), Prosser, Benton County",300033,WSU Prosser (WSU HQ),2017-11-26 17:02:52.382503
2007-05-26,04:45,52.9,,43.8,71.0,0.0,N@0.0,0.0,131.9,0.0,16,,"WSU Prosser (WSU HQ), Prosser, Benton County",300033,WSU Prosser (WSU HQ),2017-11-26 17:02:52.382503
2007-05-26,05:00,52.7,,45.0,75.0,0.0,N@0.0,0.0,131.2,0.0,28,,"WSU Prosser (WSU HQ), Prosser, Benton County",300033,WSU Prosser (WSU HQ),2017-11-26 17:02:52.382503
2007-05-26,05:15,52.5,,45.6,77.2,0.0,N@0.0,0.0,129.8,0.0,50,,"WSU Prosser (WSU HQ), Prosser, Benton County",300033,WSU Prosser (WSU HQ),2017-11-26 17:02:52.382503
2007-05-26,05:30,53.9,,45.9,74.1,0.0,N@0.0,0.0,128.2,0.0,102,,"WSU Prosser (WSU HQ), Prosser, Benton County",300033,WSU Prosser (WSU HQ),2017-11-26 17:02:52.382503
2007-05-26,05:45,56.6,,46.5,68.7,0.0,N@0.0,0.0,127.6,0.0,143,,"WSU Prosser (WSU HQ), Prosser, Benton County",300033,WSU Prosser (WSU HQ),2017-11-26 17:02:52.382503
2007-05-26,06:00,59.6,,44.4,57.1,0.0,NW@0.0,1.4,129.7,0.0,187,,"WSU Prosser (WSU HQ), Prosser, Benton County",300033,WSU Prosser (WSU HQ),2017-11-26 17:02:52.382503
2007-05-26,06:15,60.3,,42.8,52.2,0.0,SW@1.0,2.8,132.1,0.0,151,,"WSU Prosser (WSU HQ), Prosser, Benton County",300033,WSU Prosser (WSU HQ),2017-11-26 17:02:52.382503
2007-05-26,06:30,60.1,,42.0,51.1,0.0,SW@2.4,4.1,132.2,0.0,141,,"WSU Prosser (WSU HQ), Prosser, Benton County",300033,WSU Prosser (WSU HQ),2017-11-26 17:02:52.382503
2007-05-26,06:45,59.4,,43.1,54.5,0.0,SW@2.9,4.7,132.1,0.0,167,,"WSU Prosser (WSU HQ), Prosser, Benton County",300033,WSU Prosser (WSU HQ),2017-11-26 17:02:52.382503
2007-05-26,07:00,59.9,,44.6,56.7,0.0,SW@1.1,3.3,130.7,0.0,323,,"WSU Prosser (WSU HQ), Prosser, Benton County",300033,WSU Prosser (WSU HQ),2017-11-26 17:02:52.382503
2007-05-26,07:15,62.5,,45.3,53.3,0.0,SW@0.2,2.1,130.9,0.0,378,,"WSU Prosser (WSU HQ), Prosser, Benton County",300033,WSU Prosser (WSU HQ),2017-11-26 17:02:52.382503
2007-05-26,07:30,62.8,,46.5,55.2,0.0,SW@1.9,4.8,130.6,0.0,356,,"WSU Prosser (WSU HQ), Prosser, Benton County",300033,WSU Prosser (WSU HQ),2017-11-26 17:02:52.382503
2007-05-26,07:45,63.3,,45.8,52.8,0.0,SW@1.9,4.5,128.9,0.0,469,,"WSU Prosser (WSU HQ), Prosser, Benton County",300033,WSU Prosser (WSU HQ),2017-11-26 17:02:52.382503
2007-05-26,08:00,64.6,,45.3,49.5,0.0,SW@2.1,4.7,129.2,0.0,494,,"WSU Prosser (WSU HQ), Prosser, Benton County",300033,WSU Prosser (WSU HQ),2017-11-26 17:02:52.382503
2007-05-26,08:15,66.0,,44.0,45.0,0.0,SW@1.3,3.3,129.3,0.0,523,,"WSU Prosser (WSU HQ), Prosser, Benton County",300033,WSU Prosser (WSU HQ),2017-11-26 17:02:52.382503
2007-05-26,08:30,66.5,,42.3,41.2,0.0,SW@1.2,3.5,128.6,0.0,572,,"WSU Prosser (WSU HQ), Prosser, Benton County",300033,WSU Prosser (WSU HQ),2017-11-26 17:02:52.382503
2007-05-26,08:45,67.7,,41.3,38.2,0.0,SW@1.2,4.8,128.2,0.0,618,,"WSU Prosser (WSU HQ), Prosser, Benton County",300033,WSU Prosser (WSU HQ),2017-11-26 17:02:52.382503
2007-05-26,09:00,68.7,,41.8,37.5,0.0,S@0.2,2.9,128.0,0.0,633,,"WSU Prosser (WSU HQ), Prosser, Benton County",300033,WSU Prosser (WSU HQ),2017-11-26 17:02:52.382503
2007-05-26,09:15,69.8,,43.1,38.0,0.0,SE@1.0,4.7,128.2,0.0,639,,"WSU Prosser (WSU HQ), Prosser, Benton County",300033,WSU Prosser (WSU HQ),2017-11-26 17:02:52.382503
2007-05-26,09:30,70.3,,43.4,37.8,0.0,SE@1.2,4.0,127.7,0.0,673,,"WSU Prosser (WSU HQ), Prosser, Benton County",300033,WSU Prosser (WSU HQ),2017-11-26 17:02:52.382503
2007-05-26,09:45,71.1,,44.1,37.8,0.0,S@1.7,4.0,127.6,0.0,713,,"WSU Prosser (WSU HQ), Prosser, Benton County",300033,WSU Prosser (WSU HQ),2017-11-26 17:02:52.382503
2007-05-26,10:00,72.6,,44.3,36.3,0.0,S@1.4,5.5,127.2,0.0,799,,"WSU Prosser (WSU HQ), Prosser, Benton County",300033,WSU Prosser (WSU HQ),2017-11-26 17:02:52.382503
2007-05-26,10:15,73.5,,44.5,35.4,0.0,SE@1.2,5.2,127.3,0.0,787,,"WSU Prosser (WSU HQ), Prosser, Benton County",300033,WSU Prosser (WSU HQ),2017-11-26 17:02:52.382503
2007-05-26,10:30,74.2,,44.4,34.3,0.0,SW@1.6,4.7,126.8,0.0,851,,"WSU Prosser (WSU HQ), Prosser, Benton County",300033,WSU Prosser (WSU HQ),2017-11-26 17:02:52.382503
2007-05-26,10:45,74.4,,43.9,33.5,0.0,SE@2.5,7.4,125.8,0.0,846,,"WSU Prosser (WSU HQ), Prosser, Benton County",300033,WSU Prosser (WSU HQ),2017-11-26 17:02:52.382503
2007-05-26,11:00,75.2,,44.0,32.8,0.0,SE@2.0,6.4,126.6,0.0,877,,"WSU Prosser (WSU HQ), Prosser, Benton County",300033,WSU Prosser (WSU HQ),2017-11-26 17:02:52.382503
2007-05-26,11:15,75.9,,45.2,33.6,0.0,SE@2.6,6.0,125.4,0.0,933,,"WSU Prosser (WSU HQ), Prosser, Benton County",300033,WSU Prosser (WSU HQ),2017-11-26 17:02:52.382503
2007-05-26,11:30,76.6,,44.7,32.1,0.0,SE@3.2,8.1,125.4,0.0,903,,"WSU Prosser (WSU HQ), Prosser, Benton County",300033,WSU Prosser (WSU HQ),2017-11-26 17:02:52.382503
2007-05-26,11:45,77.2,,44.1,30.9,0.0,SE@3.2,11.2,125.4,0.0,913,,"WSU Prosser (WSU HQ), Prosser, Benton County",300033,WSU Prosser (WSU HQ),2017-11-26 17:02:52.382503
2007-05-26,12:00,77.5,,43.5,29.8,0.0,S@5.6,14.0,125.2,0.0,863,,"WSU Prosser (WSU HQ), Prosser, Benton County",300033,WSU Prosser (WSU HQ),2017-11-26 17:02:52.382503
2007-05-26,12:15,78.1,,42.6,28.2,0.0,S@6.1,13.1,125.1,0.0,875,,"WSU Prosser (WSU HQ), Prosser, Benton County",300033,WSU Prosser (WSU HQ),2017-11-26 17:02:52.382503
2007-05-26,12:30,78.6,,43.1,28.4,0.0,S@6.7,13.3,125.3,0.0,872,,"WSU Prosser (WSU HQ), Prosser, Benton County",300033,WSU Prosser (WSU HQ),2017-11-26 17:02:52.382503
2007-05-26,12:45,78.8,,43.3,28.3,0.0,S@6.6,14.3,126.0,0.0,803,,"WSU Prosser (WSU HQ), Prosser, Benton County",300033,WSU Prosser (WSU HQ),2017-11-26 17:02:52.382503
2007-05-26,13:00,79.5,,43.9,28.3,0.0,S@5.2,10.4,126.0,0.0,836,,"WSU Prosser (WSU HQ), Prosser, Benton County",300033,WSU Prosser (WSU HQ),2017-11-26 17:02:52.382503
2007-05-26,13:15,79.7,,43.8,28.1,0.0,S@5.1,12.8,125.3,0.0,926,,"WSU Prosser (WSU HQ), Prosser, Benton County",300033,WSU Prosser (WSU HQ),2017-11-26 17:02:52.382503
2007-05-26,13:30,79.3,,43.2,27.7,0.0,S@6.1,11.6,127.3,0.0,637,,"WSU Prosser (WSU HQ), Prosser, Benton County",300033,WSU Prosser (WSU HQ),2017-11-26 17:02:52.382503
2007-05-26,13:45,79.9,,44.0,28.1,0.0,S@5.0,11.2,125.0,0.0,933,,"WSU Prosser (WSU HQ), Prosser, Benton County",300033,WSU Prosser (WSU HQ),2017-11-26 17:02:52.382503
2007-05-26,14:00,79.9,,44.7,28.8,0.0,S@6.1,10.4,127.3,0.0,634,,"WSU Prosser (WSU HQ), Prosser, Benton County",300033,WSU Prosser (WSU HQ),2017-11-26 17:02:52.382503
2007-05-26,14:15,79.7,,45.5,29.9,0.0,S@5.0,10.2,127.8,0.0,570,,"WSU Prosser (WSU HQ), Prosser, Benton County",300033,WSU Prosser (WSU HQ),2017-11-26 17:02:52.382503
2007-05-26,14:30,79.6,,46.1,30.8,0.0,S@4.5,8.6,129.4,0.0,426,,"WSU Prosser (WSU HQ), Prosser, Benton County",300033,WSU Prosser (WSU HQ),2017-11-26 17:02:52.382503
2007-05-26,14:45,79.9,,47.1,31.5,0.0,SE@4.0,9.5,128.1,0.0,614,,"WSU Prosser (WSU HQ), Prosser, Benton County",300033,WSU Prosser (WSU HQ),2017-11-26 17:02:52.382503
2007-05-26,15:00,80.7,,47.1,30.7,0.0,SE@4.7,9.9,127.7,0.0,678,,"WSU Prosser (WSU HQ), Prosser, Benton County",300033,WSU Prosser (WSU HQ),2017-11-26 17:02:52.382503
2007-05-26,15:15,80.5,,48.8,32.9,0.0,S@4.6,11.6,129.5,0.0,421,,"WSU Prosser (WSU HQ), Prosser, Benton County",300033,WSU Prosser (WSU HQ),2017-11-26 17:02:52.382503
2007-05-26,15:30,80.5,,48.5,32.7,0.0,S@5.1,7.8,129.4,0.0,455,,"WSU Prosser (WSU HQ), Prosser, Benton County",300033,WSU Prosser (WSU HQ),2017-11-26 17:02:52.382503
2007-05-26,15:45,79.7,,48.8,33.8,0.0,SE@4.5,10.4,130.4,0.0,322,,"WSU Prosser (WSU HQ), Prosser, Benton County",300033,WSU Prosser (WSU HQ),2017-11-26 17:02:52.382503
2007-05-26,16:00,79.8,,49.5,34.6,0.0,SE@6.1,14.7,129.9,0.0,398,,"WSU Prosser (WSU HQ), Prosser, Benton County",300033,WSU Prosser (WSU HQ),2017-11-26 17:02:52.382503
2007-05-26,16:15,79.0,,50.2,36.5,0.0,SE@5.5,11.4,131.9,0.0,183,,"WSU Prosser (WSU HQ), Prosser, Benton County",300033,WSU Prosser (WSU HQ),2017-11-26 17:02:52.382503
2007-05-26,16:30,78.6,,50.5,37.4,0.0,SE@5.0,10.2,132.1,0.0,156,,"WSU Prosser (WSU HQ), Prosser, Benton County",300033,WSU Prosser (WSU HQ),2017-11-26 17:02:52.382503
2007-05-26,16:45,78.7,,50.8,37.7,0.0,SE@4.7,8.5,132.1,0.0,159,,"WSU Prosser (WSU HQ), Prosser, Benton County",300033,WSU Prosser (WSU HQ),2017-11-26 17:02:52.382503
2007-05-26,17:00,79.9,,50.3,35.6,0.0,SW@4.1,8.1,132.1,0.0,174,,"WSU Prosser (WSU HQ), Prosser, Benton County",300033,WSU Prosser (WSU HQ),2017-11-26 17:02:52.382503
2007-05-26,17:15,79.8,,50.0,35.3,0.0,SW@5.1,10.7,132.2,0.0,159,,"WSU Prosser (WSU HQ), Prosser, Benton County",300033,WSU Prosser (WSU HQ),2017-11-26 17:02:52.382503
2007-05-26,17:30,79.4,,49.2,34.7,0.0,SW@4.7,12.1,132.4,0.0,137,,"WSU Prosser (WSU HQ), Prosser, Benton County",300033,WSU Prosser (WSU HQ),2017-11-26 17:02:52.382503
2007-05-26,17:45,79.0,,49.4,35.5,0.0,SW@3.2,7.4,132.7,0.0,104,,"WSU Prosser (WSU HQ), Prosser, Benton County",300033,WSU Prosser (WSU HQ),2017-11-26 17:02:52.382503
2007-05-26,18:00,78.1,,49.9,37.1,0.0,SW@1.9,4.5,132.8,0.0,84,,"WSU Prosser (WSU HQ), Prosser, Benton County",300033,WSU Prosser (WSU HQ),2017-11-26 17:02:52.382503
2007-05-26,18:15,77.3,,49.1,37.0,0.0,W@2.5,6.4,132.9,0.0,70,,"WSU Prosser (WSU HQ), Prosser, Benton County",300033,WSU Prosser (WSU HQ),2017-11-26 17:02:52.382503
2007-05-26,18:30,77.0,,47.7,35.5,0.0,W@3.1,8.6,133.1,0.0,42,,"WSU Prosser (WSU HQ), Prosser, Benton County",300033,WSU Prosser (WSU HQ),2017-11-26 17:02:52.382503
2007-05-26,18:45,76.6,,46.0,33.7,0.0,W@3.4,6.4,133.2,0.0,26,,"WSU Prosser (WSU HQ), Prosser, Benton County",300033,WSU Prosser (WSU HQ),2017-11-26 17:02:52.382503
2007-05-26,19:00,75.8,,45.8,34.3,0.0,W@3.2,9.7,133.2,0.0,14,,"WSU Prosser (WSU HQ), Prosser, Benton County",300033,WSU Prosser (WSU HQ),2017-11-26 17:02:52.382503
2007-05-26,19:15,75.5,,47.1,36.6,0.0,W@3.0,5.7,133.2,0.0,10,,"WSU Prosser (WSU HQ), Prosser, Benton County",300033,WSU Prosser (WSU HQ),2017-11-26 17:02:52.382503
2007-05-26,19:30,74.0,,48.0,39.7,0.0,NW@1.4,6.9,133.2,0.0,3,,"WSU Prosser (WSU HQ), Prosser, Benton County",300033,WSU Prosser (WSU HQ),2017-11-26 17:02:52.382503
2007-05-26,19:45,72.9,,47.9,41.1,0.0,NW@1.5,3.6,133.2,0.0,0,,"WSU Prosser (WSU HQ), Prosser, Benton County",300033,WSU Prosser (WSU HQ),2017-11-26 17:02:52.382503
2007-05-26,20:00,72.2,,47.3,41.1,0.0,NW@0.3,2.8,133.3,0.0,0,,"WSU Prosser (WSU HQ), Prosser, Benton County",300033,WSU Prosser (WSU HQ),2017-11-26 17:02:52.382503
2007-05-26,20:15,71.0,,47.0,42.3,0.0,NW@1.0,2.8,133.3,0.0,0,,"WSU Prosser (WSU HQ), Prosser, Benton County",300033,WSU Prosser (WSU HQ),2017-11-26 17:02:52.382503
2007-05-26,20:30,70.4,,47.3,43.7,0.0,W@2.0,5.5,133.3,0.0,0,,"WSU Prosser (WSU HQ), Prosser, Benton County",300033,WSU Prosser (WSU HQ),2017-11-26 17:02:52.382503
2007-05-26,20:45,71.1,,46.3,41.1,0.0,W@3.1,6.9,133.3,0.0,0,,"WSU Prosser (WSU HQ), Prosser, Benton County",300033,WSU Prosser (WSU HQ),2017-11-26 17:02:52.382503
2007-05-26,21:00,70.5,,46.7,42.6,0.0,SW@1.0,4.0,133.3,0.0,0,,"WSU Prosser (WSU HQ), Prosser, Benton County",300033,WSU Prosser (WSU HQ),2017-11-26 17:02:52.382503
2007-05-26,21:15,69.0,,46.8,45.0,0.0,W@0.4,2.4,133.3,0.0,0,,"WSU Prosser (WSU HQ), Prosser, Benton County",300033,WSU Prosser (WSU HQ),2017-11-26 17:02:52.382503
2007-05-26,21:30,67.9,,46.2,45.6,0.0,SW@0.5,2.2,133.3,0.0,0,,"WSU Prosser (WSU HQ), Prosser, Benton County",300033,WSU Prosser (WSU HQ),2017-11-26 17:02:52.382503
2007-05-26,21:45,67.0,,46.1,47.0,0.0,SW@1.0,3.5,133.3,0.0,0,,"WSU Prosser (WSU HQ), Prosser, Benton County",300033,WSU Prosser (WSU HQ),2017-11-26 17:02:52.382503
2007-05-26,22:00,66.2,,47.7,51.3,0.0,W@0.8,4.8,133.3,0.0,0,,"WSU Prosser (WSU HQ), Prosser, Benton County",300033,WSU Prosser (WSU HQ),2017-11-26 17:02:52.382503
2007-05-26,22:15,65.8,,49.9,56.3,0.0,W@2.3,4.8,133.3,0.0,0,,"WSU Prosser (WSU HQ), Prosser, Benton County",300033,WSU Prosser (WSU HQ),2017-11-26 17:02:52.382503
2007-05-26,22:30,65.3,,50.6,58.9,0.0,NW@0.4,3.5,133.3,0.0,0,,"WSU Prosser (WSU HQ), Prosser, Benton County",300033,WSU Prosser (WSU HQ),2017-11-26 17:02:52.382503
2007-05-26,22:45,64.3,,50.8,61.5,0.0,NW@0.0,0.2,133.2,0.0,0,,"WSU Prosser (WSU HQ), Prosser, Benton County",300033,WSU Prosser (WSU HQ),2017-11-26 17:02:52.382503
2007-05-26,23:00,64.0,,51.0,62.6,0.0,N@0.0,0.0,133.2,0.0,0,,"WSU Prosser (WSU HQ), Prosser, Benton County",300033,WSU Prosser (WSU HQ),2017-11-26 17:02:52.382503
2007-05-27,23:15,63.6,,51.1,63.9,0.0,N@0.0,0.0,133.2,0.0,0,,"WSU Prosser (WSU HQ), Prosser, Benton County",300033,WSU Prosser (WSU HQ),2017-11-26 17:02:52.382503
2007-05-27,23:30,62.8,,51.5,66.4,0.0,NW@0.4,3.5,133.1,0.0,0,,"WSU Prosser (WSU HQ), Prosser, Benton County",300033,WSU Prosser (WSU HQ),2017-11-26 17:02:52.382503
2007-05-27,23:45,62.1,,51.4,67.9,0.0,NW@0.9,2.4,132.4,0.0,0,,"WSU Prosser (WSU HQ), Prosser, Benton County",300033,WSU Prosser (WSU HQ),2017-11-26 17:02:52.382503
2007-05-27,24:00,60.6,,51.8,72.5,0.0,N@1.7,3.1,132.0,0.0,0,,"WSU Prosser (WSU HQ), Prosser, Benton County",300033,WSU Prosser (WSU HQ),2017-11-26 17:02:52.382503
2007-05-27,00:15,60.5,,51.7,72.7,0.0,N@0.0,0.0,131.2,0.0,0,,"WSU Prosser (WSU HQ), Prosser, Benton County",300033,WSU Prosser (WSU HQ),2017-11-26 17:02:52.382503
2007-05-27,00:30,60.5,,51.4,72.0,0.0,N@0.0,0.0,130.8,0.0,0,,"WSU Prosser (WSU HQ), Prosser, Benton County",300033,WSU Prosser (WSU HQ),2017-11-26 17:02:52.382503
2007-05-27,00:45,60.3,,51.6,73.0,0.0,N@0.0,0.0,130.1,0.0,0,,"WSU Prosser (WSU HQ), Prosser, Benton County",300033,WSU Prosser (WSU HQ),2017-11-26 17:02:52.382503
2007-05-27,01:00,60.4,,51.1,71.3,0.0,NW@0.2,3.3,129.8,0.0,0,,"WSU Prosser (WSU HQ), Prosser, Benton County",300033,WSU Prosser (WSU HQ),2017-11-26 17:02:52.382503
2007-05-27,01:15,60.5,,51.2,71.3,0.0,N@0.3,2.1,129.8,0.0,0,,"WSU Prosser (WSU HQ), Prosser, Benton County",300033,WSU Prosser (WSU HQ),2017-11-26 17:02:52.382503
2007-05-27,01:30,59.7,,51.5,74.1,0.0,N@0.0,0.0,129.4,0.0,0,,"WSU Prosser (WSU HQ), Prosser, Benton County",300033,WSU Prosser (WSU HQ),2017-11-26 17:02:52.382503
2007-05-27,01:45,59.2,,51.3,75.0,0.0,NW@0.0,0.3,128.7,0.0,0,,"WSU Prosser (WSU HQ), Prosser, Benton County",300033,WSU Prosser (WSU HQ),2017-11-26 17:02:52.382503
2007-05-27,02:00,59.1,,51.5,75.7,0.0,NW@1.4,5.0,128.0,0.0,0,,"WSU Prosser (WSU HQ), Prosser, Benton County",300033,WSU Prosser (WSU HQ),2017-11-26 17:02:52.382503
2007-05-27,02:15,59.3,,51.2,74.4,0.0,NW@1.1,2.9,127.7,0.0,0,,"WSU Prosser (WSU HQ), Prosser, Benton County",300033,WSU Prosser (WSU HQ),2017-11-26 17:02:52.382503
2007-05-27,02:30,59.1,,51.8,76.6,0.0,N@0.3,2.2,127.6,0.0,0,,"WSU Prosser (WSU HQ), Prosser, Benton County",300033,WSU Prosser (WSU HQ),2017-11-26 17:02:52.382503
2007-05-27,02:45,58.6,,51.5,77.2,0.0,NW@0.9,3.1,127.2,0.0,0,,"WSU Prosser (WSU HQ), Prosser, Benton County",300033,WSU Prosser (WSU HQ),2017-11-26 17:02:52.382503
2007-05-27,03:00,58.8,,51.5,76.7,0.0,W@0.9,2.9,126.9,0.0,0,,"WSU Prosser (WSU HQ), Prosser, Benton County",300033,WSU Prosser (WSU HQ),2017-11-26 17:02:52.382503
2007-05-27,03:15,58.2,,52.0,79.6,0.0,N@0.4,2.9,126.4,0.0,0,,"WSU Prosser (WSU HQ), Prosser, Benton County",300033,WSU Prosser (WSU HQ),2017-11-26 17:02:52.382503
2007-05-27,03:30,58.0,,51.9,79.9,0.0,N@0.0,0.0,125.4,0.0,0,,"WSU Prosser (WSU HQ), Prosser, Benton County",300033,WSU Prosser (WSU HQ),2017-11-26 17:02:52.382503
2007-05-27,03:45,58.3,,51.3,77.3,0.0,W@0.4,2.6,125.0,0.0,0,,"WSU Prosser (WSU HQ), Prosser, Benton County",300033,WSU Prosser (WSU HQ),2017-11-26 17:02:52.382503
2007-05-27,04:00,58.4,,51.0,76.4,0.0,W@0.5,2.4,125.0,0.0,0,,"WSU Prosser (WSU HQ), Prosser, Benton County",300033,WSU Prosser (WSU HQ),2017-11-26 17:02:52.382503
2007-05-27,04:15,58.1,,50.7,76.1,0.0,W@0.6,3.1,125.2,0.0,0,,"WSU Prosser (WSU HQ), Prosser, Benton County",300033,WSU Prosser (WSU HQ),2017-11-26 17:02:52.382503
2007-05-27,04:30,58.0,,50.4,75.7,0.0,NW@0.1,1.9,125.7,0.0,2,,"WSU Prosser (WSU HQ), Prosser, Benton County",300033,WSU Prosser (WSU HQ),2017-11-26 17:02:52.382503
2007-05-27,04:45,57.3,,50.6,78.2,0.0,NW@0.0,0.2,125.2,0.0,5,,"WSU Prosser (WSU HQ), Prosser, Benton County",300033,WSU Prosser (WSU HQ),2017-11-26 17:02:52.382503
2007-05-27,05:00,57.1,,50.6,78.8,0.0,N@0.0,0.0,124.4,0.0,12,,"WSU Prosser (WSU HQ), Prosser, Benton County",300033,WSU Prosser (WSU HQ),2017-11-26 17:02:52.382503
2007-05-27,05:15,57.2,,50.5,78.2,0.0,N@0.0,0.0,123.4,0.0,21,,"WSU Prosser (WSU HQ), Prosser, Benton County",300033,WSU Prosser (WSU HQ),2017-11-26 17:02:52.382503
2007-05-27,05:30,57.1,,50.8,79.3,0.0,NW@0.5,2.1,123.0,0.0,42,,"WSU Prosser (WSU HQ), Prosser, Benton County",300033,WSU Prosser (WSU HQ),2017-11-26 17:02:52.382503
2007-05-27,05:45,57.5,,50.8,78.5,0.0,N@0.0,0.0,122.6,0.0,99,,"WSU Prosser (WSU HQ), Prosser, Benton County",300033,WSU Prosser (WSU HQ),2017-11-26 17:02:52.382503
2007-05-27,06:00,59.4,,50.1,71.2,0.0,N@0.0,0.0,124.0,0.0,146,,"WSU Prosser (WSU HQ), Prosser, Benton County",300033,WSU Prosser (WSU HQ),2017-11-26 17:02:52.382503
2007-05-27,06:15,60.2,,49.6,67.9,0.0,NW@0.3,2.9,127.0,0.0,179,,"WSU Prosser (WSU HQ), Prosser, Benton County",300033,WSU Prosser (WSU HQ),2017-11-26 17:02:52.382503
2007-05-27,06:30,61.8,,49.6,64.2,0.0,NW@2.7,6.7,129.0,0.0,257,,"WSU Prosser (WSU HQ), Prosser, Benton County",300033,WSU Prosser (WSU HQ),2017-11-26 17:02:52.382503
2007-05-27,06:45,63.8,,46.4,53.2,0.0,NW@4.5,8.1,130.2,0.0,300,,"WSU Prosser (WSU HQ), Prosser, Benton County",300033,WSU Prosser (WSU HQ),2017-11-26 17:02:52.382503
2007-05-27,07:00,64.8,,45.3,49.1,0.0,NW@6.2,9.9,130.2,0.0,343,,"WSU Prosser (WSU HQ), Prosser, Benton County",300033,WSU Prosser (WSU HQ),2017-11-26 17:02:52.382503
2007-05-27,07:15,65.1,,45.3,48.7,0.0,NW@6.7,10.5,129.9,0.0,386,,"WSU Prosser (WSU HQ), Prosser, Benton County",300033,WSU Prosser (WSU HQ),2017-11-26 17:02:52.382503
2007-05-27,07:30,65.3,,45.6,48.9,0.0,W@6.0,9.3,129.7,0.0,431,,"WSU Prosser (WSU HQ), Prosser, Benton County",300033,WSU Prosser (WSU HQ),2017-11-26 17:02:52.382503
2007-05-27,07:45,66.1,,45.5,47.3,0.0,W@4.9,9.2,129.6,0.0,477,,"WSU Prosser (WSU HQ), Prosser, Benton County",300033,WSU Prosser (WSU HQ),2017-11-26 17:02:52.382503
2007-05-27,08:00,66.1,,44.4,45.3,0.0,W@5.8,11.1,128.7,0.0,520,,"WSU Prosser (WSU HQ), Prosser, Benton County",300033,WSU Prosser (WSU HQ),2017-11-26 17:02:52.382503
2007-05-27,08:15,66.3,,44.7,45.6,0.0,W@4.5,7.8,128.4,0.0,564,,"WSU Prosser (WSU HQ), Prosser, Benton County",300033,WSU Prosser (WSU HQ),2017-11-26 17:02:52.382503
2007-05-27,08:30,67.1,,45.3,45.5,0.0,W@4.3,9.7,127.9,0.0,606,,"WSU Prosser (WSU HQ), Prosser, Benton County",300033,WSU Prosser (WSU HQ),2017-11-26 17:02:52.382503
2007-05-27,08:45,67.4,,44.9,44.2,0.0,W@5.1,9.7,127.7,0.0,646,,"WSU Prosser (WSU HQ), Prosser, Benton County",300033,WSU Prosser (WSU HQ),2017-11-26 17:02:52.382503
2007-05-27,09:00,67.9,,45.2,43.9,0.0,W@4.2,8.1,127.5,0.0,684,,"WSU Prosser (WSU HQ), Prosser, Benton County",300033,WSU Prosser (WSU HQ),2017-11-26 17:02:52.382503
2007-05-27,09:15,68.2,,44.5,42.4,0.0,W@5.3,13.1,127.1,0.0,724,,"WSU Prosser (WSU HQ), Prosser, Benton County",300033,WSU Prosser (WSU HQ),2017-11-26 17:02:52.382503
2007-05-27,09:30,68.4,,44.5,42.0,0.0,W@5.7,11.2,126.4,0.0,756,,"WSU Prosser (WSU HQ), Prosser, Benton County",300033,WSU Prosser (WSU HQ),2017-11-26 17:02:52.382503
2007-05-27,09:45,68.7,,45.0,42.4,0.0,W@4.3,9.3,126.3,0.0,790,,"WSU Prosser (WSU HQ), Prosser, Benton County",300033,WSU Prosser (WSU HQ),2017-11-26 17:02:52.382503
2007-05-27,10:00,69.5,,45.5,42.0,0.0,W@2.4,7.6,126.5,0.0,778,,"WSU Prosser (WSU HQ), Prosser, Benton County",300033,WSU Prosser (WSU HQ),2017-11-26 17:02:52.382503
2007-05-27,10:15,69.7,,45.4,41.6,0.0,NW@4.2,13.3,125.5,0.0,853,,"WSU Prosser (WSU HQ), Prosser, Benton County",300033,WSU Prosser (WSU HQ),2017-11-26 17:02:52.382503
2007-05-27,10:30,69.9,,44.9,40.7,0.0,W@3.6,8.8,125.2,0.0,862,,"WSU Prosser (WSU HQ), Prosser, Benton County",300033,WSU Prosser (WSU HQ),2017-11-26 17:02:52.382503
2007-05-27,10:45,70.1,,45.1,40.6,0.0,W@4.1,9.0,125.0,0.0,879,,"WSU Prosser (WSU HQ), Prosser, Benton County",300033,WSU Prosser (WSU HQ),2017-11-26 17:02:52.382503
2007-05-27,11:00,70.9,,45.0,39.5,0.0,SW@4.6,11.9,124.8,0.0,898,,"WSU Prosser (WSU HQ), Prosser, Benton County",300033,WSU Prosser (WSU HQ),2017-11-26 17:02:52.382503
2007-05-27,11:15,70.8,,43.6,37.5,0.0,W@4.8,11.1,124.1,0.0,912,,"WSU Prosser (WSU HQ), Prosser, Benton County",300033,WSU Prosser (WSU HQ),2017-11-26 17:02:52.382503
2007-05-27,11:30,70.9,,43.2,36.6,0.0,W@5.1,14.9,124.5,0.0,925,,"WSU Prosser (WSU HQ), Prosser, Benton County",300033,WSU Prosser (WSU HQ),2017-11-26 17:02:52.382503
2007-05-27,11:45,71.8,,44.0,36.7,0.0,W@6.0,10.5,124.1,0.0,931,,"WSU Prosser (WSU HQ), Prosser, Benton County",300033,WSU Prosser (WSU HQ),2017-11-26 17:02:52.382503
2007-05-27,12:00,72.3,,44.7,37.1,0.0,W@5.2,12.4,124.3,0.0,934,,"WSU Prosser (WSU HQ), Prosser, Benton County",300033,WSU Prosser (WSU HQ),2017-11-26 17:02:52.382503
2007-05-27,12:15,72.8,,44.6,36.3,0.0,W@5.2,10.7,124.4,0.0,935,,"WSU Prosser (WSU HQ), Prosser, Benton County",300033,WSU Prosser (WSU HQ),2017-11-26 17:02:52.382503
2007-05-27,12:30,72.8,,43.2,34.5,0.0,W@4.1,9.2,124.7,0.0,921,,"WSU Prosser (WSU HQ), Prosser, Benton County",300033,WSU Prosser (WSU HQ),2017-11-26 17:02:52.382503
2007-05-27,12:45,73.4,,43.8,34.6,0.0,NW@5.9,13.8,123.4,0.0,990,,"WSU Prosser (WSU HQ), Prosser, Benton County",300033,WSU Prosser (WSU HQ),2017-11-26 17:02:52.382503
2007-05-27,13:00,73.7,,42.1,32.1,0.0,W@7.2,18.5,123.3,0.0,963,,"WSU Prosser (WSU HQ), Prosser, Benton County",300033,WSU Prosser (WSU HQ),2017-11-26 17:02:52.382503
2007-05-27,13:15,73.7,,40.8,30.5,0.0,W@8.9,13.5,124.1,0.0,873,,"WSU Prosser (WSU HQ), Prosser, Benton County",300033,WSU Prosser (WSU HQ),2017-11-26 17:02:52.382503
2007-05-27,13:30,73.7,,40.7,30.3,0.0,W@8.2,14.0,123.5,0.0,954,,"WSU Prosser (WSU HQ), Prosser, Benton County",300033,WSU Prosser (WSU HQ),2017-11-26 17:02:52.382503
2007-05-27,13:45,73.4,,39.8,29.6,0.0,W@7.5,14.7,125.8,0.0,728,,"WSU Prosser (WSU HQ), Prosser, Benton County",300033,WSU Prosser (WSU HQ),2017-11-26 17:02:52.382503
2007-05-27,14:00,73.3,,36.8,26.4,0.0,W@8.1,23.5,123.8,0.0,911,,"WSU Prosser (WSU HQ), Prosser, Benton County",300033,WSU Prosser (WSU HQ),2017-11-26 17:02:52.382503
2007-05-27,14:15,73.1,,34.4,24.2,0.0,W@9.0,23.5,125.9,0.0,715,,"WSU Prosser (WSU HQ), Prosser, Benton County",300033,WSU Prosser (WSU HQ),2017-11-26 17:02:52.382503
2007-05-27,14:30,73.1,,34.8,24.5,0.0,W@8.8,13.5,125.5,0.0,804,,"WSU Prosser (WSU HQ), Prosser, Benton County",300033,WSU Prosser (WSU HQ),2017-11-26 17:02:52.382503
2007-05-27,14:45,73.1,,33.8,23.6,0.0,W@9.4,19.0,125.8,0.0,771,,"WSU Prosser (WSU HQ), Prosser, Benton County",300033,WSU Prosser (WSU HQ),2017-11-26 17:02:52.382503
2007-05-27,15:00,72.7,,33.2,23.3,0.0,W@9.4,16.1,126.2,0.0,731,,"WSU Prosser (WSU HQ), Prosser, Benton County",300033,WSU Prosser (WSU HQ),2017-11-26 17:02:52.382503
2007-05-27,15:15,72.4,,32.2,22.7,0.0,W@9.5,16.4,126.9,0.0,685,,"WSU Prosser (WSU HQ), Prosser, Benton County",300033,WSU Prosser (WSU HQ),2017-11-26 17:02:52.382503
2007-05-27,15:30,71.5,,30.9,22.2,0.0,W@11.4,16.8,127.1,0.0,648,,"WSU Prosser (WSU HQ), Prosser, Benton County",300033,WSU Prosser (WSU HQ),2017-11-26 17:02:52.382503
2007-05-27,15:45,70.9,,31.4,23.1,0.0,W@10.8,19.5,127.5,0.0,602,,"WSU Prosser (WSU HQ), Prosser, Benton County",300033,WSU Prosser (WSU HQ),2017-11-26 17:02:52.382503
2007-05-27,16:00,70.5,,32.0,24.0,0.0,W@9.7,20.6,127.7,0.0,556,,"WSU Prosser (WSU HQ), Prosser, Benton County",300033,WSU Prosser (WSU HQ),2017-11-26 17:02:52.382503
2007-05-27,16:15,69.6,,30.6,23.4,0.0,W@11.9,18.8,127.8,0.0,521,,"WSU Prosser (WSU HQ), Prosser, Benton County",300033,WSU Prosser (WSU HQ),2017-11-26 17:02:52.382503
2007-05-27,16:30,68.4,,30.4,24.1,0.0,W@12.0,26.8,128.2,0.0,475,,"WSU Prosser (WSU HQ), Prosser, Benton County",300033,WSU Prosser (WSU HQ),2017-11-26 17:02:52.382503
2007-05-27,16:45,67.3,,30.3,24.9,0.0,W@11.5,17.5,129.3,0.0,408,,"WSU Prosser (WSU HQ), Prosser, Benton County",300033,WSU Prosser (WSU HQ),2017-11-26 17:02:52.382503
2007-05-27,17:00,66.1,,30.4,26.2,0.0,W@10.9,21.1,129.7,0.0,369,,"WSU Prosser (WSU HQ), Prosser, Benton County",300033,WSU Prosser (WSU HQ),2017-11-26 17:02:52.382503
2007-05-27,17:15,65.4,,30.4,26.8,0.0,W@10.7,16.1,130.1,0.0,332,,"WSU Prosser (WSU HQ), Prosser, Benton County",300033,WSU Prosser (WSU HQ),2017-11-26 17:02:52.382503
2007-05-27,17:30,64.8,,31.3,28.4,0.0,W@10.4,15.9,130.6,0.0,288,,"WSU Prosser (WSU HQ), Prosser, Benton County",300033,WSU Prosser (WSU HQ),2017-11-26 17:02:52.382503
2007-05-27,17:45,64.0,,31.3,29.2,0.0,W@10.2,28.9,131.1,0.0,250,,"WSU Prosser (WSU HQ), Prosser, Benton County",300033,WSU Prosser (WSU HQ),2017-11-26 17:02:52.382503
2007-05-27,18:00,63.4,,29.8,28.1,0.0,W@11.8,18.8,131.4,0.0,210,,"WSU Prosser (WSU HQ), Prosser, Benton County",300033,WSU Prosser (WSU HQ),2017-11-26 17:02:52.382503
2007-05-27,18:15,62.8,,30.5,29.5,0.0,W@10.3,17.1,132.1,0.0,171,,"WSU Prosser (WSU HQ), Prosser, Benton County",300033,WSU Prosser (WSU HQ),2017-11-26 17:02:52.382503
2007-05-27,18:30,62.0,,30.2,30.0,0.0,W@9.8,14.2,132.3,0.0,130,,"WSU Prosser (WSU HQ), Prosser, Benton County",300033,WSU Prosser (WSU HQ),2017-11-26 17:02:52.382503
2007-05-27,18:45,61.0,,29.7,30.3,0.0,W@9.8,17.3,132.6,0.0,93,,"WSU Prosser (WSU HQ), Prosser, Benton County",300033,WSU Prosser (WSU HQ),2017-11-26 17:02:52.382503
2007-05-27,19:00,60.1,,29.9,31.7,0.0,W@7.9,13.3,133.1,0.0,57,,"WSU Prosser (WSU HQ), Prosser, Benton County",300033,WSU Prosser (WSU HQ),2017-11-26 17:02:52.382503
2007-05-27,19:15,59.1,,29.8,32.6,0.0,W@9.3,15.7,133.3,0.0,28,,"WSU Prosser (WSU HQ), Prosser, Benton County",300033,WSU Prosser (WSU HQ),2017-11-26 17:02:52.382503
2007-05-27,19:30,57.6,,29.3,33.7,0.0,W@9.9,15.7,133.5,0.0,10,,"WSU Prosser (WSU HQ), Prosser, Benton County",300033,WSU Prosser (WSU HQ),2017-11-26 17:02:52.382503
2007-05-27,19:45,56.1,,29.7,36.2,0.0,W@9.3,15.7,133.6,0.0,3,,"WSU Prosser (WSU HQ), Prosser, Benton County",300033,WSU Prosser (WSU HQ),2017-11-26 17:02:52.382503
2007-05-27,20:00,54.8,,29.9,38.3,0.0,W@7.5,13.0,133.7,0.0,0,,"WSU Prosser (WSU HQ), Prosser, Benton County",300033,WSU Prosser (WSU HQ),2017-11-26 17:02:52.382503
2007-05-27,20:15,54.2,,30.3,39.7,0.0,W@6.9,12.3,133.7,0.0,0,,"WSU Prosser (WSU HQ), Prosser, Benton County",300033,WSU Prosser (WSU HQ),2017-11-26 17:02:52.382503
2007-05-27,20:30,53.3,,30.5,41.4,0.0,W@6.1,13.1,133.7,0.0,0,,"WSU Prosser (WSU HQ), Prosser, Benton County",300033,WSU Prosser (WSU HQ),2017-11-26 17:02:52.382503
2007-05-27,20:45,53.0,,30.8,42.3,0.0,W@6.7,11.6,133.8,0.0,0,,"WSU Prosser (WSU HQ), Prosser, Benton County",300033,WSU Prosser (WSU HQ),2017-11-26 17:02:52.382503
2007-05-27,21:00,52.8,,31.2,43.4,0.0,W@4.9,10.5,133.9,0.0,0,,"WSU Prosser (WSU HQ), Prosser, Benton County",300033,WSU Prosser (WSU HQ),2017-11-26 17:02:52.382503
2007-05-27,21:15,51.9,,31.6,45.6,0.0,W@5.3,11.1,133.9,0.0,0,,"WSU Prosser (WSU HQ), Prosser, Benton County",300033,WSU Prosser (WSU HQ),2017-11-26 17:02:52.382503
2007-05-27,21:30,52.0,,32.0,46.3,0.0,W@5.4,11.2,133.9,0.0,0,,"WSU Prosser (WSU HQ), Prosser, Benton County",300033,WSU Prosser (WSU HQ),2017-11-26 17:02:52.382503
2007-05-27,21:45,51.7,,32.7,48.2,0.0,W@6.4,11.2,133.9,0.0,0,,"WSU Prosser (WSU HQ), Prosser, Benton County",300033,WSU Prosser (WSU HQ),2017-11-26 17:02:52.382503
2007-05-27,22:00,50.9,,33.2,50.5,0.0,W@4.5,9.7,133.9,0.0,0,,"WSU Prosser (WSU HQ), Prosser, Benton County",300033,WSU Prosser (WSU HQ),2017-11-26 17:02:52.382503
2007-05-27,22:15,49.7,,33.4,53.1,0.0,W@2.9,5.9,133.9,0.0,0,,"WSU Prosser (WSU HQ), Prosser, Benton County",300033,WSU Prosser (WSU HQ),2017-11-26 17:02:52.382503
2007-05-27,22:30,48.6,,33.3,55.4,0.0,W@2.6,5.5,133.9,0.0,0,,"WSU Prosser (WSU HQ), Prosser, Benton County",300033,WSU Prosser (WSU HQ),2017-11-26 17:02:52.382503
2007-05-27,22:45,47.9,,33.3,56.9,0.0,W@1.8,5.2,133.9,0.0,0,,"WSU Prosser (WSU HQ), Prosser, Benton County",300033,WSU Prosser (WSU HQ),2017-11-26 17:02:52.382503
2007-05-27,23:00,47.3,,33.2,57.7,0.0,W@1.5,4.8,133.9,0.0,0,,"WSU Prosser (WSU HQ), Prosser, Benton County",300033,WSU Prosser (WSU HQ),2017-11-26 17:02:52.382503
2007-05-28,23:15,45.9,,33.5,61.6,0.0,W@0.4,3.1,133.9,0.0,0,,"WSU Prosser (WSU HQ), Prosser, Benton County",300033,WSU Prosser (WSU HQ),2017-11-26 17:02:52.382503
2007-05-28,23:30,45.9,,33.1,60.7,0.0,W@2.6,4.5,133.9,0.0,0,,"WSU Prosser (WSU HQ), Prosser, Benton County",300033,WSU Prosser (WSU HQ),2017-11-26 17:02:52.382503
2007-05-28,23:45,46.0,,33.3,61.1,0.0,W@2.3,4.1,133.8,0.0,0,,"WSU Prosser (WSU HQ), Prosser, Benton County",300033,WSU Prosser (WSU HQ),2017-11-26 17:02:52.382503
2007-05-28,24:00,46.1,,33.3,60.8,0.0,W@2.2,4.8,133.8,0.0,0,,"WSU Prosser (WSU HQ), Prosser, Benton County",300033,WSU Prosser (WSU HQ),2017-11-26 17:02:52.382503
