Date,Time PDT,Air Temp °F, 2<sup>nd</sup> Air Temp °F, Dew Point °F, Rel Hum %, Leaf Wet u., Wind Dir @ Speed mph, Wind Gust mph, 8 in. Soil Tmp °F, Tot Prec in, Solar Rad W/m²,Location,Station ID,Station Name,Download Timestamp
2018-03-03,23:15,34.4,34.0,33.4,95.9,1.0,N@0.0,0.0,44.2,0.0,1,"St. Paul South, Marion County",810305,St. Paul South,2018-09-10 13:39:02.947562
2018-03-03,23:30,34.2,34.0,33.4,96.8,1.0,N@0.0,0.0,44.2,0.0,1,"St. Paul South, Marion County",810305,St. Paul South,2018-09-10 13:39:02.947562
2018-03-03,23:45,34.5,34.2,33.7,96.9,1.0,N@0.0,0.0,44.1,0.0,1,"St. Paul South, Marion County",810305,St. Paul South,2018-09-10 13:39:02.947562
2018-03-03,24:00,34.4,34.2,33.7,97.2,1.0,N@0.0,0.0,44.0,0.0,1,"St. Paul South, Marion County",810305,St. Paul South,2018-09-10 13:39:02.947562
2018-03-04,00:15,35.0,34.8,34.3,97.4,1.0,N@0.0,0.0,43.9,0.0,1,"St. Paul South, Marion County",810305,St. Paul South,2018-09-10 13:39:02.947562
2018-03-04,00:30,35.6,35.4,35.0,97.7,1.0,N@0.0,0.0,43.9,0.0,1,"St. Paul South, Marion County",810305,St. Paul South,2018-09-10 13:39:02.947562
2018-03-04,00:45,35.6,35.4,35.0,97.5,1.0,N@0.0,0.0,43.8,0.0,1,"St. Paul South, Marion County",810305,St. Paul South,2018-09-10 13:39:02.947562
2018-03-04,01:00,35.3,35.1,34.7,97.5,1.0,N@0.0,0.0,43.7,0.0,1,"St. Paul South, Marion County",810305,St. Paul South,2018-09-10 13:39:02.947562
2018-03-04,01:15,34.2,33.9,33.5,97.2,1.0,N@0.0,0.0,43.6,0.0,1,"St. Paul South, Marion County",810305,St. Paul South,2018-09-10 13:39:02.947562
2018-03-04,01:30,33.6,33.3,33.0,97.8,1.0,N@0.0,0.0,43.6,0.0,0,"St. Paul South, Marion County",810305,St. Paul South,2018-09-10 13:39:02.947562
2018-03-04,01:45,33.9,33.7,33.5,98.2,1.0,N@0.0,0.0,43.5,0.0,1,"St. Paul South, Marion County",810305,St. Paul South,2018-09-10 13:39:02.947562
2018-03-04,02:00,32.9,32.6,32.3,97.9,1.0,N@0.0,0.0,43.4,0.0,1,"St. Paul South, Marion County",810305,St. Paul South,2018-09-10 13:39:02.947562
2018-03-04,02:15,33.0,32.7,32.6,98.5,1.0,N@0.0,0.0,43.3,0.0,1,"St. Paul South, Marion County",810305,St. Paul South,2018-09-10 13:39:02.947562
2018-03-04,02:30,33.3,33.0,32.9,98.5,1.0,N@0.0,0.0,43.3,0.0,1,"St. Paul South, Marion County",810305,St. Paul South,2018-09-10 13:39:02.947562
2018-03-04,02:45,32.8,32.5,32.4,98.2,1.0,N@0.0,0.0,43.2,0.0,1,"St. Paul South, Marion County",810305,St. Paul South,2018-09-10 13:39:02.947562
2018-03-04,03:00,33.2,33.2,32.8,98.7,1.0,N@0.0,0.0,43.1,0.0,1,"St. Paul South, Marion County",810305,St. Paul South,2018-09-10 13:39:02.947562
2018-03-04,03:15,34.1,34.1,33.8,98.7,1.0,N@0.0,0.0,43.0,0.0,1,"St. Paul South, Marion County",810305,St. Paul South,2018-09-10 13:39:02.947562
2018-03-04,03:30,34.2,34.0,33.8,98.4,1.0,N@0.0,0.0,43.0,0.0,1,"St. Paul South, Marion County",810305,St. Paul South,2018-09-10 13:39:02.947562
2018-03-04,03:45,33.5,33.3,33.1,98.2,1.0,N@0.0,0.0,42.9,0.0,1,"St. Paul South, Marion County",810305,St. Paul South,2018-09-10 13:39:02.947562
2018-03-04,04:00,33.6,33.4,33.3,98.7,1.0,N@0.0,0.0,42.8,0.0,1,"St. Paul South, Marion County",810305,St. Paul South,2018-09-10 13:39:02.947562
2018-03-04,04:15,32.6,32.2,32.1,98.0,1.0,N@0.0,0.0,42.8,0.0,1,"St. Paul South, Marion County",810305,St. Paul South,2018-09-10 13:39:02.947562
2018-03-04,04:30,31.6,31.4,31.0,98.4,1.0,N@0.0,0.0,42.7,0.0,1,"St. Paul South, Marion County",810305,St. Paul South,2018-09-10 13:39:02.947562
2018-03-04,04:45,31.2,30.9,30.6,98.7,1.0,N@0.0,0.0,42.6,0.0,1,"St. Paul South, Marion County",810305,St. Paul South,2018-09-10 13:39:02.947562
2018-03-04,05:00,31.2,31.0,30.7,98.8,1.0,N@0.0,0.0,42.6,0.0,1,"St. Paul South, Marion County",810305,St. Paul South,2018-09-10 13:39:02.947562
2018-03-04,05:15,30.6,30.5,30.0,98.8,1.0,N@0.0,0.0,42.5,0.0,1,"St. Paul South, Marion County",810305,St. Paul South,2018-09-10 13:39:02.947562
2018-03-04,05:30,30.6,30.4,30.1,99.1,1.0,N@0.0,0.0,42.4,0.0,1,"St. Paul South, Marion County",810305,St. Paul South,2018-09-10 13:39:02.947562
2018-03-04,05:45,30.2,30.0,29.6,99.0,1.0,N@0.0,0.0,42.4,0.0,1,"St. Paul South, Marion County",810305,St. Paul South,2018-09-10 13:39:02.947562
2018-03-04,06:00,30.1,29.9,29.5,99.2,1.0,N@0.0,0.0,42.3,0.0,1,"St. Paul South, Marion County",810305,St. Paul South,2018-09-10 13:39:02.947562
2018-03-04,06:15,30.0,29.9,29.5,99.3,1.0,N@0.0,0.0,42.2,0.0,1,"St. Paul South, Marion County",810305,St. Paul South,2018-09-10 13:39:02.947562
2018-03-04,06:30,30.1,30.0,29.6,99.3,1.0,N@0.0,0.0,42.2,0.0,0,"St. Paul South, Marion County",810305,St. Paul South,2018-09-10 13:39:02.947562
2018-03-04,06:45,30.0,29.7,29.4,99.2,1.0,N@0.0,0.0,42.1,0.0,3,"St. Paul South, Marion County",810305,St. Paul South,2018-09-10 13:39:02.947562
2018-03-04,07:00,30.4,30.2,29.9,99.5,1.0,N@0.0,0.0,42.0,0.0,10,"St. Paul South, Marion County",810305,St. Paul South,2018-09-10 13:39:02.947562
2018-03-04,07:15,30.5,30.1,30.0,99.3,1.0,N@0.0,0.0,42.0,0.0,21,"St. Paul South, Marion County",810305,St. Paul South,2018-09-10 13:39:02.947562
2018-03-04,07:30,30.8,30.4,30.4,99.4,1.0,N@0.0,0.0,41.9,0.0,66,"St. Paul South, Marion County",810305,St. Paul South,2018-09-10 13:39:02.947562
2018-03-04,07:45,32.3,31.8,32.2,99.5,1.0,N@0.0,0.0,41.8,0.0,129,"St. Paul South, Marion County",810305,St. Paul South,2018-09-10 13:39:02.947562
2018-03-04,08:00,34.5,34.2,34.3,99.1,1.0,N@0.0,0.0,41.7,0.0,181,"St. Paul South, Marion County",810305,St. Paul South,2018-09-10 13:39:02.947562
2018-03-04,08:15,35.2,35.1,34.6,97.6,1.0,N@0.0,0.0,41.6,0.0,203,"St. Paul South, Marion County",810305,St. Paul South,2018-09-10 13:39:02.947562
2018-03-04,08:30,36.1,35.7,35.4,97.3,1.0,N@0.0,0.0,41.6,0.0,238,"St. Paul South, Marion County",810305,St. Paul South,2018-09-10 13:39:02.947562
2018-03-04,08:45,37.0,36.6,36.2,96.8,1.0,N@0.0,0.0,41.5,0.0,271,"St. Paul South, Marion County",810305,St. Paul South,2018-09-10 13:39:02.947562
2018-03-04,09:00,37.8,37.5,36.5,94.9,1.0,N@0.0,0.0,41.4,0.0,312,"St. Paul South, Marion County",810305,St. Paul South,2018-09-10 13:39:02.947562
2018-03-04,09:15,39.0,38.3,37.3,93.5,0.48,NE@0.2,5.7,41.4,0.0,353,"St. Paul South, Marion County",810305,St. Paul South,2018-09-10 13:39:02.947562
2018-03-04,09:30,40.6,40.7,37.7,89.5,0.0,N@0.0,0.0,41.3,0.0,409,"St. Paul South, Marion County",810305,St. Paul South,2018-09-10 13:39:02.947562
2018-03-04,09:45,40.6,40.5,37.7,89.0,0.0,S@0.9,7.8,41.3,0.0,335,"St. Paul South, Marion County",810305,St. Paul South,2018-09-10 13:39:02.947562
2018-03-04,10:00,41.0,40.9,38.1,89.2,0.0,S@6.5,10.3,41.3,0.0,314,"St. Paul South, Marion County",810305,St. Paul South,2018-09-10 13:39:02.947562
2018-03-04,10:15,41.8,41.7,38.5,87.9,0.0,S@4.9,8.9,41.2,0.0,317,"St. Paul South, Marion County",810305,St. Paul South,2018-09-10 13:39:02.947562
2018-03-04,10:30,42.2,42.1,38.6,87.1,0.0,S@4.1,9.2,41.2,0.0,368,"St. Paul South, Marion County",810305,St. Paul South,2018-09-10 13:39:02.947562
2018-03-04,10:45,43.2,43.3,39.0,85.0,0.0,S@5.6,9.9,41.2,0.0,430,"St. Paul South, Marion County",810305,St. Paul South,2018-09-10 13:39:02.947562
2018-03-04,11:00,44.2,44.2,39.2,82.5,0.0,S@8.5,12.1,41.2,0.0,448,"St. Paul South, Marion County",810305,St. Paul South,2018-09-10 13:39:02.947562
2018-03-04,11:15,44.7,44.7,38.7,79.2,0.0,S@11.1,17.1,41.3,0.0,381,"St. Paul South, Marion County",810305,St. Paul South,2018-09-10 13:39:02.947562
2018-03-04,11:30,45.7,45.7,38.4,75.6,0.0,S@12.3,16.4,41.3,0.0,532,"St. Paul South, Marion County",810305,St. Paul South,2018-09-10 13:39:02.947562
2018-03-04,11:45,46.5,46.5,38.5,73.7,0.0,S@10.7,15.7,41.4,0.0,552,"St. Paul South, Marion County",810305,St. Paul South,2018-09-10 13:39:02.947562
2018-03-04,12:00,47.2,47.2,38.2,70.8,0.0,S@10.3,15.3,41.4,0.0,493,"St. Paul South, Marion County",810305,St. Paul South,2018-09-10 13:39:02.947562
2018-03-04,12:15,47.8,47.9,38.2,69.2,0.0,S@10.2,17.8,41.5,0.0,687,"St. Paul South, Marion County",810305,St. Paul South,2018-09-10 13:39:02.947562
2018-03-04,12:30,48.3,48.3,37.4,65.8,0.0,S@11.4,16.4,41.6,0.0,514,"St. Paul South, Marion County",810305,St. Paul South,2018-09-10 13:39:02.947562
2018-03-04,12:45,48.6,48.6,37.2,64.5,0.0,S@11.2,15.0,41.7,0.0,637,"St. Paul South, Marion County",810305,St. Paul South,2018-09-10 13:39:02.947562
2018-03-04,13:00,48.7,48.7,36.8,63.5,0.0,S@8.8,14.2,41.8,0.0,481,"St. Paul South, Marion County",810305,St. Paul South,2018-09-10 13:39:02.947562
2018-03-04,13:15,49.2,49.2,37.3,63.5,0.0,S@10.9,14.6,41.9,0.0,620,"St. Paul South, Marion County",810305,St. Paul South,2018-09-10 13:39:02.947562
2018-03-04,13:30,48.6,48.5,37.6,65.4,0.0,S@10.9,14.6,42.1,0.0,399,"St. Paul South, Marion County",810305,St. Paul South,2018-09-10 13:39:02.947562
2018-03-04,13:45,49.2,49.2,38.4,66.2,0.0,S@11.1,16.7,42.2,0.0,562,"St. Paul South, Marion County",810305,St. Paul South,2018-09-10 13:39:02.947562
2018-03-04,14:00,48.2,48.2,37.6,66.6,0.0,S@11.0,16.7,42.4,0.0,261,"St. Paul South, Marion County",810305,St. Paul South,2018-09-10 13:39:02.947562
2018-03-04,14:15,48.0,48.0,37.9,67.8,0.0,S@10.0,14.6,42.5,0.0,183,"St. Paul South, Marion County",810305,St. Paul South,2018-09-10 13:39:02.947562
2018-03-04,14:30,48.0,48.1,37.6,66.9,0.0,S@10.7,15.3,42.7,0.0,182,"St. Paul South, Marion County",810305,St. Paul South,2018-09-10 13:39:02.947562
2018-03-04,14:45,48.7,48.8,37.6,65.2,0.0,S@10.6,15.3,42.8,0.0,302,"St. Paul South, Marion County",810305,St. Paul South,2018-09-10 13:39:02.947562
2018-03-04,15:00,49.1,49.2,38.0,65.3,0.0,S@11.1,15.7,42.9,0.0,339,"St. Paul South, Marion County",810305,St. Paul South,2018-09-10 13:39:02.947562
2018-03-04,15:15,49.7,49.8,38.4,64.9,0.0,S@12.1,16.4,43.0,0.0,454,"St. Paul South, Marion County",810305,St. Paul South,2018-09-10 13:39:02.947562
2018-03-04,15:30,49.3,49.3,37.6,63.8,0.0,S@11.2,15.7,43.2,0.0,285,"St. Paul South, Marion County",810305,St. Paul South,2018-09-10 13:39:02.947562
2018-03-04,15:45,49.0,49.1,37.7,64.9,0.0,S@9.8,13.5,43.3,0.0,210,"St. Paul South, Marion County",810305,St. Paul South,2018-09-10 13:39:02.947562
2018-03-04,16:00,48.5,48.5,37.8,66.4,0.0,S@9.9,15.7,43.4,0.0,111,"St. Paul South, Marion County",810305,St. Paul South,2018-09-10 13:39:02.947562
2018-03-04,16:15,48.2,48.3,37.9,67.1,0.0,S@9.2,13.9,43.5,0.0,124,"St. Paul South, Marion County",810305,St. Paul South,2018-09-10 13:39:02.947562
2018-03-04,16:30,47.9,47.8,37.7,67.6,0.0,S@8.6,13.2,43.6,0.0,95,"St. Paul South, Marion County",810305,St. Paul South,2018-09-10 13:39:02.947562
2018-03-04,16:45,48.7,48.8,38.6,67.9,0.0,S@8.2,12.1,43.7,0.0,227,"St. Paul South, Marion County",810305,St. Paul South,2018-09-10 13:39:02.947562
2018-03-04,17:00,48.4,48.4,37.9,66.8,0.0,S@7.4,15.0,43.8,0.0,96,"St. Paul South, Marion County",810305,St. Paul South,2018-09-10 13:39:02.947562
2018-03-04,17:15,47.9,47.8,36.6,64.9,0.0,SW@8.7,12.4,43.8,0.0,63,"St. Paul South, Marion County",810305,St. Paul South,2018-09-10 13:39:02.947562
2018-03-04,17:30,47.4,47.4,37.2,67.5,0.0,SW@9.2,13.5,43.9,0.0,37,"St. Paul South, Marion County",810305,St. Paul South,2018-09-10 13:39:02.947562
2018-03-04,17:45,46.3,46.2,38.2,73.1,0.05,SW@6.0,12.8,44.0,0.0,28,"St. Paul South, Marion County",810305,St. Paul South,2018-09-10 13:39:02.947562
2018-03-04,18:00,45.6,45.5,38.5,76.1,0.0,N@0.0,0.0,44.0,0.0,15,"St. Paul South, Marion County",810305,St. Paul South,2018-09-10 13:39:02.947562
2018-03-04,18:15,45.1,44.9,38.8,78.6,0.0,N@0.0,0.0,44.1,0.0,2,"St. Paul South, Marion County",810305,St. Paul South,2018-09-10 13:39:02.947562
2018-03-04,18:30,44.8,44.7,39.0,80.0,0.0,N@0.0,0.0,44.1,0.0,0,"St. Paul South, Marion County",810305,St. Paul South,2018-09-10 13:39:02.947562
2018-03-04,18:45,44.2,44.0,39.0,81.9,0.0,N@0.0,0.0,44.1,0.0,0,"St. Paul South, Marion County",810305,St. Paul South,2018-09-10 13:39:02.947562
2018-03-04,19:00,44.2,44.1,39.0,81.8,0.0,N@0.0,0.0,44.2,0.0,0,"St. Paul South, Marion County",810305,St. Paul South,2018-09-10 13:39:02.947562
2018-03-04,19:15,43.7,43.6,38.9,82.9,0.0,N@0.0,0.0,44.2,0.0,0,"St. Paul South, Marion County",810305,St. Paul South,2018-09-10 13:39:02.947562
2018-03-04,19:30,43.5,43.4,38.9,83.6,0.0,N@0.0,0.0,44.2,0.0,0,"St. Paul South, Marion County",810305,St. Paul South,2018-09-10 13:39:02.947562
2018-03-04,19:45,43.9,43.9,38.7,81.6,0.0,N@0.0,0.0,44.2,0.0,0,"St. Paul South, Marion County",810305,St. Paul South,2018-09-10 13:39:02.947562
2018-03-04,20:00,43.6,43.6,38.6,82.2,0.0,N@0.0,0.0,44.2,0.0,0,"St. Paul South, Marion County",810305,St. Paul South,2018-09-10 13:39:02.947562
2018-03-04,20:15,43.1,43.0,38.6,83.9,0.0,N@0.0,0.0,44.2,0.0,0,"St. Paul South, Marion County",810305,St. Paul South,2018-09-10 13:39:02.947562
2018-03-04,20:30,43.1,43.1,38.7,84.5,0.0,S@0.9,6.4,44.2,0.0,0,"St. Paul South, Marion County",810305,St. Paul South,2018-09-10 13:39:02.947562
2018-03-04,20:45,42.8,42.7,38.7,85.2,0.0,N@0.0,0.0,44.2,0.0,0,"St. Paul South, Marion County",810305,St. Paul South,2018-09-10 13:39:02.947562
2018-03-04,21:00,42.6,42.6,38.7,85.9,0.0,N@0.0,0.0,44.1,0.0,0,"St. Paul South, Marion County",810305,St. Paul South,2018-09-10 13:39:02.947562
2018-03-04,21:15,42.9,42.9,38.8,85.5,0.0,N@0.0,0.0,44.1,0.0,0,"St. Paul South, Marion County",810305,St. Paul South,2018-09-10 13:39:02.947562
2018-03-04,21:30,43.1,43.0,38.9,84.9,0.0,S@1.2,6.0,44.1,0.0,0,"St. Paul South, Marion County",810305,St. Paul South,2018-09-10 13:39:02.947562
2018-03-04,21:45,43.1,43.1,38.8,84.6,0.0,N@0.0,0.0,44.1,0.0,0,"St. Paul South, Marion County",810305,St. Paul South,2018-09-10 13:39:02.947562
2018-03-04,22:00,42.8,42.6,38.9,86.1,0.0,N@0.0,0.0,44.1,0.0,0,"St. Paul South, Marion County",810305,St. Paul South,2018-09-10 13:39:02.947562
2018-03-04,22:15,42.7,42.6,38.9,86.6,0.0,N@0.0,0.0,44.0,0.0,0,"St. Paul South, Marion County",810305,St. Paul South,2018-09-10 13:39:02.947562
2018-03-04,22:30,42.5,42.4,39.0,87.3,0.0,N@0.0,0.0,44.0,0.0,0,"St. Paul South, Marion County",810305,St. Paul South,2018-09-10 13:39:02.947562
2018-03-04,22:45,42.4,42.4,39.0,87.5,0.38,N@0.0,0.0,44.0,0.0,0,"St. Paul South, Marion County",810305,St. Paul South,2018-09-10 13:39:02.947562
2018-03-04,23:00,42.5,42.6,38.9,86.9,0.48,N@0.0,0.0,44.0,0.0,0,"St. Paul South, Marion County",810305,St. Paul South,2018-09-10 13:39:02.947562
2018-03-04,23:15,42.4,42.3,38.9,87.2,0.0,N@0.0,0.0,43.9,0.0,0,"St. Paul South, Marion County",810305,St. Paul South,2018-09-10 13:39:02.947562
2018-03-04,23:30,42.3,42.2,39.0,88.2,0.0,N@0.0,0.0,43.9,0.0,0,"St. Paul South, Marion County",810305,St. Paul South,2018-09-10 13:39:02.947562
2018-03-04,23:45,42.4,42.4,38.8,87.0,0.0,N@0.0,0.0,43.9,0.0,0,"St. Paul South, Marion County",810305,St. Paul South,2018-09-10 13:39:02.947562
2018-03-04,24:00,42.4,42.4,38.6,86.3,0.0,N@0.0,0.0,43.9,0.0,0,"St. Paul South, Marion County",810305,St. Paul South,2018-09-10 13:39:02.947562
2018-03-05,00:15,42.1,42.1,38.9,88.2,0.0,N@0.0,0.0,43.8,0.0,1,"St. Paul South, Marion County",810305,St. Paul South,2018-09-10 13:39:02.947562
2018-03-05,00:30,41.8,41.8,39.1,89.9,0.0,N@0.0,0.0,43.8,0.0,1,"St. Paul South, Marion County",810305,St. Paul South,2018-09-10 13:39:02.947562
2018-03-05,00:45,41.7,41.6,39.2,90.8,0.0,N@0.0,0.0,43.8,0.0,1,"St. Paul South, Marion County",810305,St. Paul South,2018-09-10 13:39:02.947562
2018-03-05,01:00,41.7,41.6,39.2,90.8,0.0,N@0.0,0.0,43.8,0.0,0,"St. Paul South, Marion County",810305,St. Paul South,2018-09-10 13:39:02.947562
2018-03-05,01:15,41.7,41.7,39.0,90.0,0.0,N@0.0,0.0,43.7,0.0,0,"St. Paul South, Marion County",810305,St. Paul South,2018-09-10 13:39:02.947562
2018-03-05,01:30,41.6,41.6,38.8,89.6,0.0,N@0.0,0.0,43.7,0.0,0,"St. Paul South, Marion County",810305,St. Paul South,2018-09-10 13:39:02.947562
2018-03-05,01:45,41.5,41.4,38.7,89.7,0.0,N@0.0,0.0,43.7,0.0,1,"St. Paul South, Marion County",810305,St. Paul South,2018-09-10 13:39:02.947562
2018-03-05,02:00,41.2,41.1,38.8,90.8,0.0,N@0.0,0.0,43.7,0.0,1,"St. Paul South, Marion County",810305,St. Paul South,2018-09-10 13:39:02.947562
2018-03-05,02:15,41.2,41.1,38.9,91.6,0.0,N@0.0,0.0,43.7,0.0,1,"St. Paul South, Marion County",810305,St. Paul South,2018-09-10 13:39:02.947562
2018-03-05,02:30,41.2,41.1,38.9,91.5,0.0,N@0.0,0.0,43.6,0.0,1,"St. Paul South, Marion County",810305,St. Paul South,2018-09-10 13:39:02.947562
2018-03-05,02:45,41.3,41.3,38.8,90.8,0.0,N@0.0,0.0,43.6,0.0,1,"St. Paul South, Marion County",810305,St. Paul South,2018-09-10 13:39:02.947562
2018-03-05,03:00,41.2,41.2,38.7,90.5,0.0,N@0.0,0.0,43.6,0.0,1,"St. Paul South, Marion County",810305,St. Paul South,2018-09-10 13:39:02.947562
2018-03-05,03:15,41.2,41.2,38.8,90.8,0.0,N@0.0,0.0,43.6,0.0,0,"St. Paul South, Marion County",810305,St. Paul South,2018-09-10 13:39:02.947562
2018-03-05,03:30,41.2,41.2,38.8,91.0,0.0,N@0.0,0.0,43.5,0.0,0,"St. Paul South, Marion County",810305,St. Paul South,2018-09-10 13:39:02.947562
2018-03-05,03:45,41.1,41.0,38.9,92.0,0.0,N@0.0,0.0,43.5,0.0,0,"St. Paul South, Marion County",810305,St. Paul South,2018-09-10 13:39:02.947562
2018-03-05,04:00,41.0,41.0,39.0,92.6,0.0,N@0.0,0.0,43.5,0.0,0,"St. Paul South, Marion County",810305,St. Paul South,2018-09-10 13:39:02.947562
2018-03-05,04:15,40.9,40.9,38.9,92.5,0.0,N@0.0,0.0,43.5,0.0,0,"St. Paul South, Marion County",810305,St. Paul South,2018-09-10 13:39:02.947562
2018-03-05,04:30,40.8,40.8,38.7,92.0,0.0,N@0.0,0.0,43.4,0.0,0,"St. Paul South, Marion County",810305,St. Paul South,2018-09-10 13:39:02.947562
2018-03-05,04:45,40.4,40.3,38.3,92.2,0.0,N@0.0,0.0,43.4,0.0,0,"St. Paul South, Marion County",810305,St. Paul South,2018-09-10 13:39:02.947562
2018-03-05,05:00,39.9,39.8,38.1,93.0,0.0,N@0.0,0.0,43.4,0.0,0,"St. Paul South, Marion County",810305,St. Paul South,2018-09-10 13:39:02.947562
2018-03-05,05:15,39.1,38.9,37.5,93.9,0.17,N@0.0,0.0,43.4,0.0,0,"St. Paul South, Marion County",810305,St. Paul South,2018-09-10 13:39:02.947562
2018-03-05,05:30,38.8,38.6,37.4,94.9,1.0,N@0.0,0.0,43.3,0.0,0,"St. Paul South, Marion County",810305,St. Paul South,2018-09-10 13:39:02.947562
2018-03-05,05:45,38.6,38.4,37.4,95.5,1.0,N@0.0,0.0,43.3,0.0,0,"St. Paul South, Marion County",810305,St. Paul South,2018-09-10 13:39:02.947562
2018-03-05,06:00,39.1,39.2,37.9,95.2,1.0,N@0.0,0.0,43.3,0.0,0,"St. Paul South, Marion County",810305,St. Paul South,2018-09-10 13:39:02.947562
2018-03-05,06:15,39.5,39.4,37.7,93.2,1.0,N@0.0,0.0,43.3,0.0,0,"St. Paul South, Marion County",810305,St. Paul South,2018-09-10 13:39:02.947562
2018-03-05,06:30,38.5,38.2,36.8,93.7,1.0,N@0.0,0.0,43.2,0.0,1,"St. Paul South, Marion County",810305,St. Paul South,2018-09-10 13:39:02.947562
2018-03-05,06:45,38.3,38.2,36.9,94.5,1.0,N@0.0,0.0,43.2,0.0,3,"St. Paul South, Marion County",810305,St. Paul South,2018-09-10 13:39:02.947562
2018-03-05,07:00,38.0,37.7,36.6,94.8,1.0,N@0.0,0.0,43.2,0.0,10,"St. Paul South, Marion County",810305,St. Paul South,2018-09-10 13:39:02.947562
2018-03-05,07:15,37.8,37.6,36.6,95.4,1.0,N@0.0,0.0,43.1,0.0,20,"St. Paul South, Marion County",810305,St. Paul South,2018-09-10 13:39:02.947562
2018-03-05,07:30,38.4,38.1,37.3,96.0,1.0,N@0.0,0.0,43.1,0.0,34,"St. Paul South, Marion County",810305,St. Paul South,2018-09-10 13:39:02.947562
2018-03-05,07:45,38.9,38.6,37.8,96.0,1.0,N@0.0,0.0,43.0,0.0,51,"St. Paul South, Marion County",810305,St. Paul South,2018-09-10 13:39:02.947562
2018-03-05,08:00,39.6,39.3,38.6,96.2,1.0,N@0.0,0.0,43.0,0.0,78,"St. Paul South, Marion County",810305,St. Paul South,2018-09-10 13:39:02.947562
2018-03-05,08:15,40.2,39.9,39.1,95.8,1.0,N@0.0,0.0,43.0,0.0,154,"St. Paul South, Marion County",810305,St. Paul South,2018-09-10 13:39:02.947562
2018-03-05,08:30,40.5,40.3,39.2,95.2,0.94,N@0.0,0.0,42.9,0.0,131,"St. Paul South, Marion County",810305,St. Paul South,2018-09-10 13:39:02.947562
2018-03-05,08:45,40.8,40.6,39.5,94.9,0.33,N@0.0,0.0,42.9,0.0,154,"St. Paul South, Marion County",810305,St. Paul South,2018-09-10 13:39:02.947562
2018-03-05,09:00,41.9,41.4,40.2,93.7,0.03,N@0.0,0.0,42.9,0.0,234,"St. Paul South, Marion County",810305,St. Paul South,2018-09-10 13:39:02.947562
2018-03-05,09:15,42.3,41.7,40.1,91.9,0.0,N@0.0,0.0,42.9,0.0,180,"St. Paul South, Marion County",810305,St. Paul South,2018-09-10 13:39:02.947562
2018-03-05,09:30,42.3,41.9,39.9,91.1,0.0,N@0.0,0.0,42.8,0.0,209,"St. Paul South, Marion County",810305,St. Paul South,2018-09-10 13:39:02.947562
2018-03-05,09:45,43.3,42.7,40.0,87.9,0.0,N@0.0,0.0,42.8,0.0,341,"St. Paul South, Marion County",810305,St. Paul South,2018-09-10 13:39:02.947562
2018-03-05,10:00,44.6,43.8,40.1,84.3,0.0,N@0.0,0.0,42.8,0.0,478,"St. Paul South, Marion County",810305,St. Paul South,2018-09-10 13:39:02.947562
2018-03-05,10:15,45.6,44.7,40.1,80.8,0.0,N@0.0,0.0,42.8,0.0,546,"St. Paul South, Marion County",810305,St. Paul South,2018-09-10 13:39:02.947562
2018-03-05,10:30,45.7,45.1,39.7,79.5,0.0,N@0.0,0.0,42.8,0.0,439,"St. Paul South, Marion County",810305,St. Paul South,2018-09-10 13:39:02.947562
2018-03-05,10:45,46.7,46.3,40.1,77.7,0.0,N@0.0,0.0,42.8,0.0,620,"St. Paul South, Marion County",810305,St. Paul South,2018-09-10 13:39:02.947562
2018-03-05,11:00,47.8,47.3,40.3,75.1,0.0,N@0.0,0.0,42.9,0.0,546,"St. Paul South, Marion County",810305,St. Paul South,2018-09-10 13:39:02.947562
2018-03-05,11:15,47.5,47.3,39.9,74.6,0.0,N@0.0,0.0,42.9,0.0,637,"St. Paul South, Marion County",810305,St. Paul South,2018-09-10 13:39:02.947562
2018-03-05,11:30,48.3,48.2,40.0,72.6,0.0,N@0.0,1.4,43.0,0.0,699,"St. Paul South, Marion County",810305,St. Paul South,2018-09-10 13:39:02.947562
2018-03-05,11:45,48.5,47.8,41.2,75.5,0.0,W@0.2,6.4,43.0,0.0,582,"St. Paul South, Marion County",810305,St. Paul South,2018-09-10 13:39:02.947562
2018-03-05,12:00,48.5,47.9,40.8,74.7,0.0,W@0.5,7.1,43.1,0.0,645,"St. Paul South, Marion County",810305,St. Paul South,2018-09-10 13:39:02.947562
2018-03-05,12:15,49.7,48.8,41.0,71.7,0.0,NW@2.5,8.2,43.3,0.0,724,"St. Paul South, Marion County",810305,St. Paul South,2018-09-10 13:39:02.947562
2018-03-05,12:30,49.7,49.1,40.7,70.8,0.0,NW@0.7,6.4,43.4,0.0,474,"St. Paul South, Marion County",810305,St. Paul South,2018-09-10 13:39:02.947562
2018-03-05,12:45,50.3,49.6,40.1,67.7,0.0,W@1.2,7.4,43.5,0.0,684,"St. Paul South, Marion County",810305,St. Paul South,2018-09-10 13:39:02.947562
2018-03-05,13:00,50.2,49.4,39.7,67.1,0.0,N@0.2,4.2,43.7,0.0,434,"St. Paul South, Marion County",810305,St. Paul South,2018-09-10 13:39:02.947562
2018-03-05,13:15,50.2,49.7,39.4,66.4,0.0,N@0.0,0.0,43.8,0.0,348,"St. Paul South, Marion County",810305,St. Paul South,2018-09-10 13:39:02.947562
2018-03-05,13:30,51.1,50.4,39.4,64.1,0.0,N@0.3,5.7,44.0,0.0,476,"St. Paul South, Marion County",810305,St. Paul South,2018-09-10 13:39:02.947562
2018-03-05,13:45,51.3,50.9,38.8,62.0,0.0,N@0.4,4.6,44.2,0.0,437,"St. Paul South, Marion County",810305,St. Paul South,2018-09-10 13:39:02.947562
2018-03-05,14:00,52.1,51.5,38.4,59.4,0.0,NW@0.0,1.4,44.3,0.0,379,"St. Paul South, Marion County",810305,St. Paul South,2018-09-10 13:39:02.947562
2018-03-05,14:15,52.1,51.5,36.5,55.2,0.0,N@0.0,0.0,44.5,0.0,471,"St. Paul South, Marion County",810305,St. Paul South,2018-09-10 13:39:02.947562
2018-03-05,14:30,53.5,53.2,36.2,51.8,0.0,N@0.6,6.4,44.7,0.0,657,"St. Paul South, Marion County",810305,St. Paul South,2018-09-10 13:39:02.947562
2018-03-05,14:45,52.1,51.9,33.4,48.8,0.0,NE@0.9,7.4,44.8,0.0,347,"St. Paul South, Marion County",810305,St. Paul South,2018-09-10 13:39:02.947562
2018-03-05,15:00,52.8,52.4,34.4,49.3,0.0,N@0.0,0.0,45.0,0.0,394,"St. Paul South, Marion County",810305,St. Paul South,2018-09-10 13:39:02.947562
2018-03-05,15:15,52.9,52.4,34.8,50.0,0.0,N@0.0,0.0,45.1,0.0,277,"St. Paul South, Marion County",810305,St. Paul South,2018-09-10 13:39:02.947562
2018-03-05,15:30,52.9,52.6,34.8,50.1,0.0,N@0.0,0.0,45.3,0.0,376,"St. Paul South, Marion County",810305,St. Paul South,2018-09-10 13:39:02.947562
2018-03-05,15:45,53.7,53.2,33.4,45.8,0.0,N@0.0,0.0,45.4,0.0,416,"St. Paul South, Marion County",810305,St. Paul South,2018-09-10 13:39:02.947562
2018-03-05,16:00,53.6,53.1,34.1,47.3,0.0,N@0.0,0.0,45.5,0.0,367,"St. Paul South, Marion County",810305,St. Paul South,2018-09-10 13:39:02.947562
2018-03-05,16:15,53.7,52.7,34.8,48.5,0.0,N@0.0,0.0,45.6,0.0,319,"St. Paul South, Marion County",810305,St. Paul South,2018-09-10 13:39:02.947562
2018-03-05,16:30,53.7,52.8,36.8,52.6,0.0,NW@1.7,9.9,45.7,0.0,308,"St. Paul South, Marion County",810305,St. Paul South,2018-09-10 13:39:02.947562
2018-03-05,16:45,52.8,52.5,37.1,54.8,0.0,N@4.5,11.0,45.9,0.0,268,"St. Paul South, Marion County",810305,St. Paul South,2018-09-10 13:39:02.947562
2018-03-05,17:00,52.3,52.2,36.8,55.5,0.0,N@2.9,12.1,46.0,0.0,192,"St. Paul South, Marion County",810305,St. Paul South,2018-09-10 13:39:02.947562
2018-03-05,17:15,51.0,50.9,36.4,57.2,0.0,N@5.9,10.7,46.1,0.0,114,"St. Paul South, Marion County",810305,St. Paul South,2018-09-10 13:39:02.947562
2018-03-05,17:30,50.4,50.5,36.4,58.5,0.0,N@2.7,9.2,46.2,0.0,100,"St. Paul South, Marion County",810305,St. Paul South,2018-09-10 13:39:02.947562
2018-03-05,17:45,49.5,49.5,36.1,59.9,0.0,N@4.0,8.2,46.3,0.0,51,"St. Paul South, Marion County",810305,St. Paul South,2018-09-10 13:39:02.947562
2018-03-05,18:00,48.3,48.3,36.5,63.4,0.0,N@0.4,4.9,46.3,0.0,17,"St. Paul South, Marion County",810305,St. Paul South,2018-09-10 13:39:02.947562
2018-03-05,18:15,47.1,46.9,36.3,65.9,0.0,N@0.0,0.0,46.4,0.0,4,"St. Paul South, Marion County",810305,St. Paul South,2018-09-10 13:39:02.947562
2018-03-05,18:30,46.2,46.1,36.0,67.4,0.0,N@0.0,0.0,46.5,0.0,1,"St. Paul South, Marion County",810305,St. Paul South,2018-09-10 13:39:02.947562
2018-03-05,18:45,45.8,45.6,36.2,69.0,0.0,N@0.0,0.0,46.5,0.0,0,"St. Paul South, Marion County",810305,St. Paul South,2018-09-10 13:39:02.947562
2018-03-05,19:00,45.3,45.1,36.5,71.1,0.0,N@0.0,0.0,46.5,0.0,0,"St. Paul South, Marion County",810305,St. Paul South,2018-09-10 13:39:02.947562
2018-03-05,19:15,44.9,44.7,36.6,72.5,0.0,N@0.0,0.0,46.5,0.0,0,"St. Paul South, Marion County",810305,St. Paul South,2018-09-10 13:39:02.947562
2018-03-05,19:30,44.4,44.3,36.3,72.8,0.0,N@0.0,0.0,46.5,0.0,0,"St. Paul South, Marion County",810305,St. Paul South,2018-09-10 13:39:02.947562
2018-03-05,19:45,44.4,44.2,35.8,71.5,0.0,N@0.0,0.0,46.5,0.0,0,"St. Paul South, Marion County",810305,St. Paul South,2018-09-10 13:39:02.947562
2018-03-05,20:00,44.5,44.3,35.4,70.1,0.0,N@0.0,0.0,46.5,0.0,0,"St. Paul South, Marion County",810305,St. Paul South,2018-09-10 13:39:02.947562
2018-03-05,20:15,43.7,43.5,35.2,71.9,0.0,N@0.0,0.0,46.4,0.0,0,"St. Paul South, Marion County",810305,St. Paul South,2018-09-10 13:39:02.947562
2018-03-05,20:30,42.9,42.7,35.0,73.6,0.0,N@0.0,0.0,46.4,0.0,0,"St. Paul South, Marion County",810305,St. Paul South,2018-09-10 13:39:02.947562
2018-03-05,20:45,42.5,42.4,34.9,74.3,0.0,N@0.0,0.0,46.4,0.0,0,"St. Paul South, Marion County",810305,St. Paul South,2018-09-10 13:39:02.947562
2018-03-05,21:00,40.6,40.4,35.0,80.1,0.0,N@0.0,0.0,46.3,0.0,0,"St. Paul South, Marion County",810305,St. Paul South,2018-09-10 13:39:02.947562
2018-03-05,21:15,41.1,41.3,34.6,77.5,0.0,N@0.0,0.0,46.2,0.0,0,"St. Paul South, Marion County",810305,St. Paul South,2018-09-10 13:39:02.947562
2018-03-05,21:30,41.7,41.4,34.3,74.8,0.0,N@0.0,0.0,46.2,0.0,0,"St. Paul South, Marion County",810305,St. Paul South,2018-09-10 13:39:02.947562
2018-03-05,21:45,40.6,40.6,34.5,78.6,0.0,N@0.0,0.0,46.1,0.0,0,"St. Paul South, Marion County",810305,St. Paul South,2018-09-10 13:39:02.947562
2018-03-05,22:00,40.5,40.0,34.2,78.0,0.0,N@0.0,0.0,46.0,0.0,0,"St. Paul South, Marion County",810305,St. Paul South,2018-09-10 13:39:02.947562
2018-03-05,22:15,40.1,39.6,33.9,78.1,0.0,N@0.0,0.0,46.0,0.0,0,"St. Paul South, Marion County",810305,St. Paul South,2018-09-10 13:39:02.947562
2018-03-05,22:30,38.9,38.4,33.4,80.4,0.0,N@0.0,0.0,45.9,0.0,0,"St. Paul South, Marion County",810305,St. Paul South,2018-09-10 13:39:02.947562
2018-03-05,22:45,37.5,37.1,33.0,83.4,0.0,N@0.0,0.0,45.8,0.0,0,"St. Paul South, Marion County",810305,St. Paul South,2018-09-10 13:39:02.947562
2018-03-05,23:00,36.0,35.7,32.5,86.8,0.08,N@0.0,0.0,45.7,0.0,0,"St. Paul South, Marion County",810305,St. Paul South,2018-09-10 13:39:02.947562
2018-03-05,23:15,36.1,36.0,33.3,89.4,1.0,N@0.0,0.0,45.7,0.0,0,"St. Paul South, Marion County",810305,St. Paul South,2018-09-10 13:39:02.947562
2018-03-05,23:30,36.0,35.8,33.3,90.1,1.0,N@0.0,0.0,45.6,0.0,0,"St. Paul South, Marion County",810305,St. Paul South,2018-09-10 13:39:02.947562
2018-03-05,23:45,35.5,35.6,33.0,90.5,1.0,N@0.0,0.0,45.5,0.0,0,"St. Paul South, Marion County",810305,St. Paul South,2018-09-10 13:39:02.947562
2018-03-05,24:00,35.3,35.0,33.1,91.5,1.0,N@0.0,0.0,45.4,0.0,0,"St. Paul South, Marion County",810305,St. Paul South,2018-09-10 13:39:02.947562
2018-03-06,00:15,34.9,34.4,32.8,91.9,1.0,N@0.0,0.0,45.3,0.0,0,"St. Paul South, Marion County",810305,St. Paul South,2018-09-10 13:39:02.947562
2018-03-06,00:30,34.6,34.4,32.6,92.4,1.0,N@0.0,0.0,45.2,0.0,0,"St. Paul South, Marion County",810305,St. Paul South,2018-09-10 13:39:02.947562
2018-03-06,00:45,35.5,35.8,33.1,91.0,1.0,N@0.0,0.0,45.1,0.0,0,"St. Paul South, Marion County",810305,St. Paul South,2018-09-10 13:39:02.947562
2018-03-06,01:00,36.4,36.6,33.3,88.3,1.0,N@0.0,0.0,45.0,0.0,0,"St. Paul South, Marion County",810305,St. Paul South,2018-09-10 13:39:02.947562
2018-03-06,01:15,35.8,35.6,32.5,87.6,1.0,N@0.0,0.0,44.9,0.0,0,"St. Paul South, Marion County",810305,St. Paul South,2018-09-10 13:39:02.947562
2018-03-06,01:30,35.3,35.1,32.5,89.2,1.0,N@0.0,0.0,44.8,0.0,0,"St. Paul South, Marion County",810305,St. Paul South,2018-09-10 13:39:02.947562
2018-03-06,01:45,35.5,35.3,32.7,89.5,1.0,N@0.0,0.0,44.8,0.0,0,"St. Paul South, Marion County",810305,St. Paul South,2018-09-10 13:39:02.947562
2018-03-06,02:00,36.0,35.9,32.9,88.4,1.0,N@0.0,0.0,44.7,0.0,0,"St. Paul South, Marion County",810305,St. Paul South,2018-09-10 13:39:02.947562
2018-03-06,02:15,35.7,35.4,32.2,86.9,1.0,N@0.0,0.0,44.6,0.0,0,"St. Paul South, Marion County",810305,St. Paul South,2018-09-10 13:39:02.947562
2018-03-06,02:30,34.8,34.5,31.8,88.7,1.0,N@0.0,0.0,44.5,0.0,0,"St. Paul South, Marion County",810305,St. Paul South,2018-09-10 13:39:02.947562
2018-03-06,02:45,33.8,33.4,31.2,90.0,1.0,N@0.0,0.0,44.4,0.0,0,"St. Paul South, Marion County",810305,St. Paul South,2018-09-10 13:39:02.947562
2018-03-06,03:00,33.4,33.0,31.3,91.7,1.0,N@0.0,0.0,44.3,0.0,0,"St. Paul South, Marion County",810305,St. Paul South,2018-09-10 13:39:02.947562
2018-03-06,03:15,33.2,32.9,31.2,92.5,1.0,N@0.0,0.0,44.2,0.0,0,"St. Paul South, Marion County",810305,St. Paul South,2018-09-10 13:39:02.947562
2018-03-06,03:30,33.9,33.5,31.9,92.5,1.0,N@0.0,0.0,44.1,0.0,0,"St. Paul South, Marion County",810305,St. Paul South,2018-09-10 13:39:02.947562
2018-03-06,03:45,33.4,33.3,31.4,92.3,1.0,N@0.0,0.0,44.0,0.0,0,"St. Paul South, Marion County",810305,St. Paul South,2018-09-10 13:39:02.947562
2018-03-06,04:00,33.4,33.3,31.5,92.6,1.0,N@0.0,0.0,43.9,0.0,0,"St. Paul South, Marion County",810305,St. Paul South,2018-09-10 13:39:02.947562
2018-03-06,04:15,32.9,32.7,31.2,93.2,1.0,N@0.0,0.0,43.8,0.0,0,"St. Paul South, Marion County",810305,St. Paul South,2018-09-10 13:39:02.947562
2018-03-06,04:30,32.2,31.9,30.6,93.7,1.0,N@0.0,0.0,43.8,0.0,0,"St. Paul South, Marion County",810305,St. Paul South,2018-09-10 13:39:02.947562
2018-03-06,04:45,32.3,31.8,30.9,94.5,1.0,N@0.0,0.0,43.7,0.0,0,"St. Paul South, Marion County",810305,St. Paul South,2018-09-10 13:39:02.947562
2018-03-06,05:00,32.6,32.3,31.3,94.9,1.0,N@0.0,0.0,43.6,0.0,0,"St. Paul South, Marion County",810305,St. Paul South,2018-09-10 13:39:02.947562
2018-03-06,05:15,32.8,32.8,31.5,94.7,1.0,N@0.0,0.0,43.5,0.0,0,"St. Paul South, Marion County",810305,St. Paul South,2018-09-10 13:39:02.947562
2018-03-06,05:30,32.9,32.7,31.5,94.7,1.0,N@0.0,0.0,43.4,0.0,0,"St. Paul South, Marion County",810305,St. Paul South,2018-09-10 13:39:02.947562
2018-03-06,05:45,33.3,33.4,31.9,94.5,1.0,N@0.0,0.0,43.3,0.0,0,"St. Paul South, Marion County",810305,St. Paul South,2018-09-10 13:39:02.947562
2018-03-06,06:00,33.3,33.5,31.8,94.0,1.0,N@0.0,0.0,43.2,0.0,0,"St. Paul South, Marion County",810305,St. Paul South,2018-09-10 13:39:02.947562
2018-03-06,06:15,33.3,33.4,31.7,93.9,1.0,N@0.0,0.0,43.2,0.0,0,"St. Paul South, Marion County",810305,St. Paul South,2018-09-10 13:39:02.947562
2018-03-06,06:30,32.6,32.4,30.9,93.2,1.0,N@0.0,0.0,43.1,0.0,1,"St. Paul South, Marion County",810305,St. Paul South,2018-09-10 13:39:02.947562
2018-03-06,06:45,30.9,30.6,29.2,94.1,1.0,N@0.0,0.0,43.0,0.0,4,"St. Paul South, Marion County",810305,St. Paul South,2018-09-10 13:39:02.947562
2018-03-06,07:00,31.7,31.7,30.4,95.7,1.0,N@0.0,0.0,42.9,0.0,15,"St. Paul South, Marion County",810305,St. Paul South,2018-09-10 13:39:02.947562
2018-03-06,07:15,33.7,33.7,32.4,95.1,1.0,N@0.0,0.0,42.8,0.0,42,"St. Paul South, Marion County",810305,St. Paul South,2018-09-10 13:39:02.947562
2018-03-06,07:30,35.2,34.9,33.3,92.6,0.47,N@0.0,0.0,42.7,0.0,83,"St. Paul South, Marion County",810305,St. Paul South,2018-09-10 13:39:02.947562
2018-03-06,07:45,36.2,35.7,33.5,89.7,0.0,N@0.0,0.0,42.6,0.0,131,"St. Paul South, Marion County",810305,St. Paul South,2018-09-10 13:39:02.947562
2018-03-06,08:00,37.2,36.7,33.8,87.5,0.0,N@0.0,0.0,42.6,0.0,172,"St. Paul South, Marion County",810305,St. Paul South,2018-09-10 13:39:02.947562
2018-03-06,08:15,38.1,37.5,34.1,85.3,0.0,N@5.1,10.3,42.5,0.0,214,"St. Paul South, Marion County",810305,St. Paul South,2018-09-10 13:39:02.947562
2018-03-06,08:30,39.2,38.5,34.7,83.9,0.0,N@7.0,9.2,42.4,0.0,256,"St. Paul South, Marion County",810305,St. Paul South,2018-09-10 13:39:02.947562
2018-03-06,08:45,40.2,39.9,34.8,80.9,0.0,N@1.8,8.2,42.3,0.0,299,"St. Paul South, Marion County",810305,St. Paul South,2018-09-10 13:39:02.947562
2018-03-06,09:00,40.8,40.8,34.4,77.6,0.0,NE@7.4,12.8,42.3,0.0,343,"St. Paul South, Marion County",810305,St. Paul South,2018-09-10 13:39:02.947562
2018-03-06,09:15,40.7,40.6,33.8,76.0,0.0,NE@9.8,13.5,42.2,0.0,381,"St. Paul South, Marion County",810305,St. Paul South,2018-09-10 13:39:02.947562
2018-03-06,09:30,41.6,41.4,34.8,76.7,0.0,NE@7.6,13.5,42.1,0.0,419,"St. Paul South, Marion County",810305,St. Paul South,2018-09-10 13:39:02.947562
2018-03-06,09:45,42.8,42.7,35.2,74.3,0.0,NE@7.6,10.7,42.1,0.0,455,"St. Paul South, Marion County",810305,St. Paul South,2018-09-10 13:39:02.947562
2018-03-06,10:00,43.9,43.8,34.8,70.3,0.0,NE@6.9,13.5,42.1,0.0,490,"St. Paul South, Marion County",810305,St. Paul South,2018-09-10 13:39:02.947562
2018-03-06,10:15,44.0,43.8,33.8,66.9,0.0,NE@9.8,13.2,42.0,0.0,521,"St. Paul South, Marion County",810305,St. Paul South,2018-09-10 13:39:02.947562
2018-03-06,10:30,44.2,44.1,34.0,67.1,0.0,NE@9.5,13.2,42.0,0.0,547,"St. Paul South, Marion County",810305,St. Paul South,2018-09-10 13:39:02.947562
2018-03-06,10:45,44.7,44.6,34.6,67.4,0.0,NE@8.9,13.5,42.0,0.0,576,"St. Paul South, Marion County",810305,St. Paul South,2018-09-10 13:39:02.947562
2018-03-06,11:00,45.4,45.3,34.6,65.5,0.0,NE@7.0,12.1,42.0,0.0,597,"St. Paul South, Marion County",810305,St. Paul South,2018-09-10 13:39:02.947562
2018-03-06,11:15,46.1,46.0,34.6,64.2,0.0,NE@9.1,13.5,42.0,0.0,615,"St. Paul South, Marion County",810305,St. Paul South,2018-09-10 13:39:02.947562
2018-03-06,11:30,46.7,46.7,34.4,61.9,0.0,NE@8.1,11.7,42.1,0.0,632,"St. Paul South, Marion County",810305,St. Paul South,2018-09-10 13:39:02.947562
2018-03-06,11:45,47.5,47.5,34.9,61.4,0.0,NE@6.6,12.1,42.1,0.0,645,"St. Paul South, Marion County",810305,St. Paul South,2018-09-10 13:39:02.947562
2018-03-06,12:00,49.0,48.9,35.4,59.3,0.0,N@7.2,12.8,42.2,0.0,654,"St. Paul South, Marion County",810305,St. Paul South,2018-09-10 13:39:02.947562
2018-03-06,12:15,49.5,49.3,34.5,56.1,0.0,N@7.2,12.4,42.3,0.0,653,"St. Paul South, Marion County",810305,St. Paul South,2018-09-10 13:39:02.947562
2018-03-06,12:30,50.1,49.9,34.5,54.8,0.0,N@5.8,12.1,42.4,0.0,664,"St. Paul South, Marion County",810305,St. Paul South,2018-09-10 13:39:02.947562
2018-03-06,12:45,50.6,50.4,34.6,54.0,0.0,N@5.6,11.4,42.5,0.0,663,"St. Paul South, Marion County",810305,St. Paul South,2018-09-10 13:39:02.947562
2018-03-06,13:00,51.0,50.8,34.8,53.6,0.0,NE@7.5,14.6,42.6,0.0,641,"St. Paul South, Marion County",810305,St. Paul South,2018-09-10 13:39:02.947562
2018-03-06,13:15,51.4,51.2,34.2,51.7,0.0,NE@9.6,13.9,42.8,0.0,655,"St. Paul South, Marion County",810305,St. Paul South,2018-09-10 13:39:02.947562
2018-03-06,13:30,51.8,51.6,34.1,50.6,0.0,NE@6.3,13.2,42.9,0.0,643,"St. Paul South, Marion County",810305,St. Paul South,2018-09-10 13:39:02.947562
2018-03-06,13:45,52.1,51.8,35.0,52.1,0.0,NE@5.8,12.8,43.1,0.0,615,"St. Paul South, Marion County",810305,St. Paul South,2018-09-10 13:39:02.947562
2018-03-06,14:00,52.6,52.4,34.6,50.3,0.0,NE@6.9,12.1,43.2,0.0,600,"St. Paul South, Marion County",810305,St. Paul South,2018-09-10 13:39:02.947562
2018-03-06,14:15,53.1,53.0,34.5,49.1,0.0,NE@7.2,12.1,43.4,0.0,587,"St. Paul South, Marion County",810305,St. Paul South,2018-09-10 13:39:02.947562
2018-03-06,14:30,53.4,53.3,34.3,48.1,0.0,NE@5.4,15.0,43.6,0.0,551,"St. Paul South, Marion County",810305,St. Paul South,2018-09-10 13:39:02.947562
2018-03-06,14:45,53.8,54.0,34.6,47.9,0.0,NE@6.8,10.7,43.7,0.0,536,"St. Paul South, Marion County",810305,St. Paul South,2018-09-10 13:39:02.947562
2018-03-06,15:00,54.6,54.5,33.8,45.1,0.0,N@7.3,11.7,43.9,0.0,517,"St. Paul South, Marion County",810305,St. Paul South,2018-09-10 13:39:02.947562
2018-03-06,15:15,55.1,54.9,34.4,45.3,0.0,N@6.7,12.4,44.0,0.0,481,"St. Paul South, Marion County",810305,St. Paul South,2018-09-10 13:39:02.947562
2018-03-06,15:30,54.7,54.6,33.2,43.9,0.0,N@7.1,12.1,44.2,0.0,459,"St. Paul South, Marion County",810305,St. Paul South,2018-09-10 13:39:02.947562
2018-03-06,15:45,54.7,54.7,33.1,43.7,0.0,N@8.5,13.2,44.3,0.0,353,"St. Paul South, Marion County",810305,St. Paul South,2018-09-10 13:39:02.947562
2018-03-06,16:00,54.3,54.3,33.9,46.0,0.0,NE@3.4,9.9,44.4,0.0,243,"St. Paul South, Marion County",810305,St. Paul South,2018-09-10 13:39:02.947562
2018-03-06,16:15,54.9,54.9,34.8,46.4,0.0,NE@2.2,11.0,44.5,0.0,254,"St. Paul South, Marion County",810305,St. Paul South,2018-09-10 13:39:02.947562
2018-03-06,16:30,55.1,55.1,34.5,45.6,0.0,NE@0.2,7.4,44.7,0.0,274,"St. Paul South, Marion County",810305,St. Paul South,2018-09-10 13:39:02.947562
2018-03-06,16:45,55.2,55.2,34.7,45.9,0.0,N@4.2,9.9,44.8,0.0,217,"St. Paul South, Marion County",810305,St. Paul South,2018-09-10 13:39:02.947562
2018-03-06,17:00,54.7,54.7,35.0,47.1,0.0,N@5.7,10.7,44.9,0.0,121,"St. Paul South, Marion County",810305,St. Paul South,2018-09-10 13:39:02.947562
2018-03-06,17:15,54.4,54.3,35.3,48.2,0.0,N@0.3,7.1,45.0,0.0,119,"St. Paul South, Marion County",810305,St. Paul South,2018-09-10 13:39:02.947562
2018-03-06,17:30,53.5,53.3,35.8,50.8,0.0,N@3.6,8.5,45.1,0.0,50,"St. Paul South, Marion County",810305,St. Paul South,2018-09-10 13:39:02.947562
2018-03-06,17:45,52.0,51.6,36.4,55.1,0.0,N@1.6,8.2,45.2,0.0,32,"St. Paul South, Marion County",810305,St. Paul South,2018-09-10 13:39:02.947562
2018-03-06,18:00,51.0,50.8,36.3,56.9,0.0,N@0.0,0.0,45.2,0.0,21,"St. Paul South, Marion County",810305,St. Paul South,2018-09-10 13:39:02.947562
2018-03-06,18:15,50.2,50.2,35.7,57.3,0.0,N@0.0,0.0,45.3,0.0,4,"St. Paul South, Marion County",810305,St. Paul South,2018-09-10 13:39:02.947562
2018-03-06,18:30,49.3,49.4,35.9,59.7,0.0,N@0.0,0.0,45.3,0.0,1,"St. Paul South, Marion County",810305,St. Paul South,2018-09-10 13:39:02.947562
2018-03-06,18:45,48.7,48.8,36.1,61.7,0.0,N@0.0,0.0,45.4,0.0,0,"St. Paul South, Marion County",810305,St. Paul South,2018-09-10 13:39:02.947562
2018-03-06,19:00,48.1,48.2,36.1,63.0,0.0,N@0.0,0.0,45.4,0.0,0,"St. Paul South, Marion County",810305,St. Paul South,2018-09-10 13:39:02.947562
2018-03-06,19:15,47.6,47.7,35.4,62.3,0.0,N@0.0,1.4,45.5,0.0,0,"St. Paul South, Marion County",810305,St. Paul South,2018-09-10 13:39:02.947562
2018-03-06,19:30,46.6,46.5,35.6,65.3,0.0,N@0.0,0.0,45.5,0.0,0,"St. Paul South, Marion County",810305,St. Paul South,2018-09-10 13:39:02.947562
2018-03-06,19:45,46.7,46.7,35.2,64.0,0.0,N@0.0,0.0,45.5,0.0,0,"St. Paul South, Marion County",810305,St. Paul South,2018-09-10 13:39:02.947562
2018-03-06,20:00,44.3,43.8,35.8,71.9,0.0,N@0.0,0.0,45.5,0.0,0,"St. Paul South, Marion County",810305,St. Paul South,2018-09-10 13:39:02.947562
2018-03-06,20:15,42.0,41.7,35.9,78.5,0.0,N@0.0,0.0,45.4,0.0,0,"St. Paul South, Marion County",810305,St. Paul South,2018-09-10 13:39:02.947562
2018-03-06,20:30,41.0,40.7,36.0,82.3,0.0,N@0.0,0.0,45.4,0.0,0,"St. Paul South, Marion County",810305,St. Paul South,2018-09-10 13:39:02.947562
2018-03-06,20:45,40.1,40.0,35.8,84.3,0.01,N@0.0,0.0,45.4,0.0,0,"St. Paul South, Marion County",810305,St. Paul South,2018-09-10 13:39:02.947562
2018-03-06,21:00,40.4,40.3,35.4,82.3,0.0,N@0.0,0.0,45.4,0.0,0,"St. Paul South, Marion County",810305,St. Paul South,2018-09-10 13:39:02.947562
2018-03-06,21:15,39.9,39.6,35.2,83.3,0.0,N@0.0,0.0,45.3,0.0,0,"St. Paul South, Marion County",810305,St. Paul South,2018-09-10 13:39:02.947562
2018-03-06,21:30,39.5,39.4,35.3,84.7,0.0,N@0.0,0.0,45.3,0.0,0,"St. Paul South, Marion County",810305,St. Paul South,2018-09-10 13:39:02.947562
2018-03-06,21:45,40.5,40.4,35.1,81.0,0.0,N@0.0,0.0,45.2,0.0,0,"St. Paul South, Marion County",810305,St. Paul South,2018-09-10 13:39:02.947562
2018-03-06,22:00,39.1,38.9,34.4,82.9,0.0,N@0.0,0.0,45.2,0.0,0,"St. Paul South, Marion County",810305,St. Paul South,2018-09-10 13:39:02.947562
2018-03-06,22:15,38.1,37.9,34.5,86.6,0.0,N@0.0,0.0,45.1,0.0,0,"St. Paul South, Marion County",810305,St. Paul South,2018-09-10 13:39:02.947562
2018-03-06,22:30,38.0,37.7,34.6,87.3,0.25,N@0.0,0.0,45.1,0.0,0,"St. Paul South, Marion County",810305,St. Paul South,2018-09-10 13:39:02.947562
2018-03-06,22:45,37.8,37.7,34.5,88.0,1.0,N@0.0,0.0,45.0,0.0,0,"St. Paul South, Marion County",810305,St. Paul South,2018-09-10 13:39:02.947562
2018-03-06,23:00,37.9,37.9,34.3,87.0,1.0,N@0.0,0.0,44.9,0.0,0,"St. Paul South, Marion County",810305,St. Paul South,2018-09-10 13:39:02.947562
2018-03-06,23:15,37.4,37.2,34.0,87.6,1.0,N@0.0,0.0,44.8,0.0,0,"St. Paul South, Marion County",810305,St. Paul South,2018-09-10 13:39:02.947562
2018-03-06,23:30,36.7,36.5,33.8,89.0,1.0,N@0.0,0.0,44.8,0.0,0,"St. Paul South, Marion County",810305,St. Paul South,2018-09-10 13:39:02.947562
2018-03-06,23:45,36.4,36.1,33.8,90.2,1.0,N@0.0,0.0,44.7,0.0,0,"St. Paul South, Marion County",810305,St. Paul South,2018-09-10 13:39:02.947562
2018-03-06,24:00,35.7,35.5,33.3,90.8,1.0,N@0.0,0.0,44.6,0.0,0,"St. Paul South, Marion County",810305,St. Paul South,2018-09-10 13:39:02.947562
2018-03-07,00:15,35.8,35.7,33.7,92.3,1.0,N@0.0,0.0,44.5,0.0,0,"St. Paul South, Marion County",810305,St. Paul South,2018-09-10 13:39:02.947562
2018-03-07,00:30,35.6,35.2,33.3,91.3,1.0,N@0.0,0.0,44.5,0.0,0,"St. Paul South, Marion County",810305,St. Paul South,2018-09-10 13:39:02.947562
2018-03-07,00:45,35.3,35.1,33.3,92.3,1.0,N@0.0,0.0,44.4,0.0,0,"St. Paul South, Marion County",810305,St. Paul South,2018-09-10 13:39:02.947562
2018-03-07,01:00,35.0,34.9,33.3,93.3,1.0,N@0.0,0.0,44.3,0.0,0,"St. Paul South, Marion County",810305,St. Paul South,2018-09-10 13:39:02.947562
2018-03-07,01:15,35.5,35.3,34.0,94.1,1.0,N@0.0,0.0,44.2,0.0,0,"St. Paul South, Marion County",810305,St. Paul South,2018-09-10 13:39:02.947562
2018-03-07,01:30,35.5,35.4,34.0,94.0,1.0,N@0.0,0.0,44.2,0.0,0,"St. Paul South, Marion County",810305,St. Paul South,2018-09-10 13:39:02.947562
2018-03-07,01:45,35.8,35.7,34.2,93.8,1.0,N@0.0,0.0,44.1,0.0,0,"St. Paul South, Marion County",810305,St. Paul South,2018-09-10 13:39:02.947562
2018-03-07,02:00,35.7,35.4,34.0,93.6,1.0,N@0.0,0.0,44.0,0.0,0,"St. Paul South, Marion County",810305,St. Paul South,2018-09-10 13:39:02.947562
2018-03-07,02:15,35.0,34.9,33.4,93.7,1.0,N@0.0,0.0,43.9,0.0,0,"St. Paul South, Marion County",810305,St. Paul South,2018-09-10 13:39:02.947562
2018-03-07,02:30,35.4,35.3,34.1,94.9,1.0,N@0.0,0.0,43.8,0.0,0,"St. Paul South, Marion County",810305,St. Paul South,2018-09-10 13:39:02.947562
2018-03-07,02:45,35.8,35.6,34.4,94.7,1.0,N@0.0,0.0,43.8,0.0,0,"St. Paul South, Marion County",810305,St. Paul South,2018-09-10 13:39:02.947562
2018-03-07,03:00,35.6,35.4,34.2,94.8,1.0,N@0.0,0.0,43.7,0.0,0,"St. Paul South, Marion County",810305,St. Paul South,2018-09-10 13:39:02.947562
2018-03-07,03:15,35.4,35.3,34.1,94.9,1.0,N@0.0,0.0,43.6,0.0,0,"St. Paul South, Marion County",810305,St. Paul South,2018-09-10 13:39:02.947562
2018-03-07,03:30,35.6,35.3,34.2,94.6,1.0,N@0.0,0.0,43.6,0.0,0,"St. Paul South, Marion County",810305,St. Paul South,2018-09-10 13:39:02.947562
2018-03-07,03:45,35.7,35.8,34.3,94.3,1.0,N@0.0,0.0,43.5,0.0,0,"St. Paul South, Marion County",810305,St. Paul South,2018-09-10 13:39:02.947562
2018-03-07,04:00,36.6,36.7,34.4,91.6,1.0,N@0.0,0.0,43.5,0.0,0,"St. Paul South, Marion County",810305,St. Paul South,2018-09-10 13:39:02.947562
2018-03-07,04:15,35.4,35.2,33.3,92.0,1.0,N@0.0,0.0,43.4,0.0,0,"St. Paul South, Marion County",810305,St. Paul South,2018-09-10 13:39:02.947562
2018-03-07,04:30,34.7,34.6,33.1,93.6,1.0,N@0.0,0.0,43.3,0.0,0,"St. Paul South, Marion County",810305,St. Paul South,2018-09-10 13:39:02.947562
2018-03-07,04:45,33.9,33.7,32.2,93.5,1.0,N@0.0,0.0,43.3,0.0,0,"St. Paul South, Marion County",810305,St. Paul South,2018-09-10 13:39:02.947562
2018-03-07,05:00,33.3,33.0,31.9,94.7,1.0,N@0.0,0.0,43.2,0.0,0,"St. Paul South, Marion County",810305,St. Paul South,2018-09-10 13:39:02.947562
2018-03-07,05:15,32.8,32.6,31.6,95.2,1.0,N@0.0,0.0,43.2,0.0,0,"St. Paul South, Marion County",810305,St. Paul South,2018-09-10 13:39:02.947562
2018-03-07,05:30,32.6,32.3,31.5,95.8,1.0,N@0.0,0.0,43.1,0.0,0,"St. Paul South, Marion County",810305,St. Paul South,2018-09-10 13:39:02.947562
2018-03-07,05:45,32.4,32.1,31.4,96.0,1.0,N@0.0,0.0,43.1,0.0,0,"St. Paul South, Marion County",810305,St. Paul South,2018-09-10 13:39:02.947562
2018-03-07,06:00,32.4,32.2,31.5,96.4,1.0,N@0.0,0.0,43.0,0.0,0,"St. Paul South, Marion County",810305,St. Paul South,2018-09-10 13:39:02.947562
2018-03-07,06:15,32.6,32.3,31.8,96.6,1.0,N@0.0,0.0,42.9,0.0,0,"St. Paul South, Marion County",810305,St. Paul South,2018-09-10 13:39:02.947562
2018-03-07,06:30,33.2,32.9,32.4,96.8,1.0,N@0.0,0.0,42.9,0.0,1,"St. Paul South, Marion County",810305,St. Paul South,2018-09-10 13:39:02.947562
2018-03-07,06:45,32.9,32.7,32.0,96.3,1.0,N@0.0,0.0,42.8,0.0,4,"St. Paul South, Marion County",810305,St. Paul South,2018-09-10 13:39:02.947562
2018-03-07,07:00,32.6,32.4,31.7,96.6,1.0,N@0.0,0.0,42.7,0.0,10,"St. Paul South, Marion County",810305,St. Paul South,2018-09-10 13:39:02.947562
2018-03-07,07:15,33.0,32.9,32.3,97.2,1.0,N@0.0,0.0,42.7,0.0,30,"St. Paul South, Marion County",810305,St. Paul South,2018-09-10 13:39:02.947562
2018-03-07,07:30,33.6,33.2,32.8,97.1,1.0,N@0.0,0.0,42.6,0.0,59,"St. Paul South, Marion County",810305,St. Paul South,2018-09-10 13:39:02.947562
2018-03-07,07:45,34.8,34.6,34.1,97.1,1.0,N@0.0,0.0,42.5,0.0,107,"St. Paul South, Marion County",810305,St. Paul South,2018-09-10 13:39:02.947562
2018-03-07,08:00,36.2,36.1,35.1,96.0,0.99,N@0.0,0.0,42.5,0.0,148,"St. Paul South, Marion County",810305,St. Paul South,2018-09-10 13:39:02.947562
2018-03-07,08:15,37.8,37.8,36.2,93.8,0.23,N@0.0,0.0,42.4,0.0,206,"St. Paul South, Marion County",810305,St. Paul South,2018-09-10 13:39:02.947562
2018-03-07,08:30,38.7,38.8,36.1,90.3,0.0,N@0.0,0.0,42.4,0.0,162,"St. Paul South, Marion County",810305,St. Paul South,2018-09-10 13:39:02.947562
2018-03-07,08:45,39.6,39.5,36.5,88.6,0.0,N@0.0,0.0,42.3,0.0,181,"St. Paul South, Marion County",810305,St. Paul South,2018-09-10 13:39:02.947562
2018-03-07,09:00,40.4,40.3,36.8,86.7,0.0,N@0.0,0.0,42.3,0.0,190,"St. Paul South, Marion County",810305,St. Paul South,2018-09-10 13:39:02.947562
2018-03-07,09:15,41.5,41.3,37.0,83.8,0.0,N@0.0,0.0,42.2,0.0,231,"St. Paul South, Marion County",810305,St. Paul South,2018-09-10 13:39:02.947562
2018-03-07,09:30,42.9,42.6,37.3,80.4,0.0,S@1.5,10.7,42.2,0.0,246,"St. Paul South, Marion County",810305,St. Paul South,2018-09-10 13:39:02.947562
2018-03-07,09:45,43.6,43.6,37.3,78.4,0.0,S@2.8,7.8,42.2,0.0,247,"St. Paul South, Marion County",810305,St. Paul South,2018-09-10 13:39:02.947562
2018-03-07,10:00,44.4,44.4,36.6,73.6,0.0,S@1.1,7.8,42.1,0.0,273,"St. Paul South, Marion County",810305,St. Paul South,2018-09-10 13:39:02.947562
2018-03-07,10:15,45.6,45.5,36.3,69.7,0.0,N@0.0,0.0,42.1,0.0,294,"St. Paul South, Marion County",810305,St. Paul South,2018-09-10 13:39:02.947562
2018-03-07,10:30,46.4,46.3,35.9,66.6,0.0,N@0.0,0.0,42.1,0.0,353,"St. Paul South, Marion County",810305,St. Paul South,2018-09-10 13:39:02.947562
2018-03-07,10:45,46.9,46.8,35.4,64.2,0.0,N@0.0,0.0,42.2,0.0,315,"St. Paul South, Marion County",810305,St. Paul South,2018-09-10 13:39:02.947562
2018-03-07,11:00,47.3,47.2,34.9,62.0,0.0,N@0.0,0.0,42.2,0.0,271,"St. Paul South, Marion County",810305,St. Paul South,2018-09-10 13:39:02.947562
2018-03-07,11:15,47.3,47.3,34.5,61.0,0.0,N@0.0,0.0,42.2,0.0,229,"St. Paul South, Marion County",810305,St. Paul South,2018-09-10 13:39:02.947562
2018-03-07,11:30,47.5,47.5,34.3,59.9,0.0,N@0.0,0.0,42.3,0.0,204,"St. Paul South, Marion County",810305,St. Paul South,2018-09-10 13:39:02.947562
2018-03-07,11:45,47.5,47.5,34.4,60.1,0.0,NE@0.3,9.2,42.3,0.0,201,"St. Paul South, Marion County",810305,St. Paul South,2018-09-10 13:39:02.947562
2018-03-07,12:00,47.4,47.3,34.8,61.4,0.0,NE@1.3,9.6,42.4,0.0,212,"St. Paul South, Marion County",810305,St. Paul South,2018-09-10 13:39:02.947562
2018-03-07,12:15,47.8,47.8,35.4,61.8,0.0,N@0.0,0.0,42.5,0.0,215,"St. Paul South, Marion County",810305,St. Paul South,2018-09-10 13:39:02.947562
2018-03-07,12:30,47.9,47.8,35.4,61.7,0.0,N@0.0,0.0,42.6,0.0,229,"St. Paul South, Marion County",810305,St. Paul South,2018-09-10 13:39:02.947562
2018-03-07,12:45,48.8,48.9,36.5,62.3,0.0,N@0.0,0.0,42.6,0.0,448,"St. Paul South, Marion County",810305,St. Paul South,2018-09-10 13:39:02.947562
2018-03-07,13:00,49.6,49.4,36.2,59.8,0.0,SW@0.4,9.2,42.7,0.0,410,"St. Paul South, Marion County",810305,St. Paul South,2018-09-10 13:39:02.947562
2018-03-07,13:15,50.5,50.3,36.3,58.2,0.0,NE@0.2,4.9,42.8,0.0,478,"St. Paul South, Marion County",810305,St. Paul South,2018-09-10 13:39:02.947562
2018-03-07,13:30,51.1,50.9,36.9,58.1,0.0,N@0.0,0.0,42.9,0.0,338,"St. Paul South, Marion County",810305,St. Paul South,2018-09-10 13:39:02.947562
2018-03-07,13:45,50.5,50.4,36.6,58.6,0.0,NE@0.1,7.4,43.0,0.0,256,"St. Paul South, Marion County",810305,St. Paul South,2018-09-10 13:39:02.947562
2018-03-07,14:00,50.9,51.0,37.7,60.4,0.0,N@0.8,8.9,43.0,0.0,273,"St. Paul South, Marion County",810305,St. Paul South,2018-09-10 13:39:02.947562
2018-03-07,14:15,50.9,51.0,38.0,61.3,0.0,N@7.1,14.2,43.1,0.0,193,"St. Paul South, Marion County",810305,St. Paul South,2018-09-10 13:39:02.947562
2018-03-07,14:30,51.5,51.5,38.3,60.4,0.0,N@1.0,10.7,43.2,0.0,170,"St. Paul South, Marion County",810305,St. Paul South,2018-09-10 13:39:02.947562
2018-03-07,14:45,51.3,51.2,38.1,60.4,0.0,N@0.0,0.0,43.3,0.0,147,"St. Paul South, Marion County",810305,St. Paul South,2018-09-10 13:39:02.947562
2018-03-07,15:00,51.2,51.1,38.8,62.4,0.0,N@0.0,0.0,43.5,0.0,136,"St. Paul South, Marion County",810305,St. Paul South,2018-09-10 13:39:02.947562
2018-03-07,15:15,51.3,51.1,38.1,60.4,0.0,N@0.0,0.0,43.6,0.0,184,"St. Paul South, Marion County",810305,St. Paul South,2018-09-10 13:39:02.947562
2018-03-07,15:30,52.1,51.8,37.9,58.4,0.0,N@0.0,0.0,43.6,0.0,226,"St. Paul South, Marion County",810305,St. Paul South,2018-09-10 13:39:02.947562
2018-03-07,15:45,52.0,51.8,37.9,58.5,0.0,N@0.0,0.0,43.7,0.0,127,"St. Paul South, Marion County",810305,St. Paul South,2018-09-10 13:39:02.947562
2018-03-07,16:00,51.6,51.5,38.7,61.1,0.0,N@0.0,0.0,43.8,0.0,84,"St. Paul South, Marion County",810305,St. Paul South,2018-09-10 13:39:02.947562
2018-03-07,16:15,51.8,51.6,37.6,58.3,0.0,N@0.0,0.0,43.9,0.0,101,"St. Paul South, Marion County",810305,St. Paul South,2018-09-10 13:39:02.947562
2018-03-07,16:30,51.9,51.7,38.6,60.2,0.0,N@0.0,0.0,44.0,0.0,96,"St. Paul South, Marion County",810305,St. Paul South,2018-09-10 13:39:02.947562
2018-03-07,16:45,51.5,51.4,39.5,63.4,0.0,N@0.0,0.0,44.1,0.0,63,"St. Paul South, Marion County",810305,St. Paul South,2018-09-10 13:39:02.947562
2018-03-07,17:00,51.0,50.9,39.5,64.5,0.0,N@0.0,0.0,44.2,0.0,32,"St. Paul South, Marion County",810305,St. Paul South,2018-09-10 13:39:02.947562
2018-03-07,17:15,50.3,50.2,40.3,68.5,0.0,N@0.0,0.0,44.2,0.0,10,"St. Paul South, Marion County",810305,St. Paul South,2018-09-10 13:39:02.947562
2018-03-07,17:30,49.7,49.5,41.3,72.7,0.0,N@0.0,0.0,44.3,0.0,11,"St. Paul South, Marion County",810305,St. Paul South,2018-09-10 13:39:02.947562
2018-03-07,17:45,48.7,48.6,42.6,79.4,0.0,N@0.0,0.0,44.3,0.0,11,"St. Paul South, Marion County",810305,St. Paul South,2018-09-10 13:39:02.947562
2018-03-07,18:00,48.5,48.4,41.2,75.8,0.0,N@0.0,0.0,44.4,0.0,4,"St. Paul South, Marion County",810305,St. Paul South,2018-09-10 13:39:02.947562
2018-03-07,18:15,47.9,47.7,41.8,79.3,0.0,N@0.0,0.0,44.5,0.0,1,"St. Paul South, Marion County",810305,St. Paul South,2018-09-10 13:39:02.947562
2018-03-07,18:30,47.4,47.2,41.9,81.0,0.0,N@0.0,0.0,44.5,0.0,0,"St. Paul South, Marion County",810305,St. Paul South,2018-09-10 13:39:02.947562
2018-03-07,18:45,47.6,47.5,41.8,80.4,0.0,N@0.0,0.0,44.5,0.0,0,"St. Paul South, Marion County",810305,St. Paul South,2018-09-10 13:39:02.947562
2018-03-07,19:00,46.9,46.6,42.2,83.7,0.0,N@0.0,0.0,44.5,0.0,0,"St. Paul South, Marion County",810305,St. Paul South,2018-09-10 13:39:02.947562
2018-03-07,19:15,46.5,46.6,42.0,84.2,0.0,N@0.0,0.0,44.6,0.0,0,"St. Paul South, Marion County",810305,St. Paul South,2018-09-10 13:39:02.947562
2018-03-07,19:30,46.8,46.9,41.3,80.9,0.0,N@0.0,0.0,44.6,0.0,0,"St. Paul South, Marion County",810305,St. Paul South,2018-09-10 13:39:02.947562
2018-03-07,19:45,46.7,46.6,41.4,81.6,0.0,N@0.0,0.0,44.6,0.0,0,"St. Paul South, Marion County",810305,St. Paul South,2018-09-10 13:39:02.947562
2018-03-07,20:00,47.0,47.1,40.7,78.7,0.0,N@0.0,0.0,44.6,0.0,0,"St. Paul South, Marion County",810305,St. Paul South,2018-09-10 13:39:02.947562
2018-03-07,20:15,47.3,47.2,40.3,76.4,0.0,N@0.0,0.0,44.6,0.0,0,"St. Paul South, Marion County",810305,St. Paul South,2018-09-10 13:39:02.947562
2018-03-07,20:30,46.4,46.4,40.6,80.0,0.0,N@0.0,0.0,44.6,0.0,0,"St. Paul South, Marion County",810305,St. Paul South,2018-09-10 13:39:02.947562
2018-03-07,20:45,46.5,46.3,40.8,80.5,0.0,N@0.0,0.0,44.6,0.0,0,"St. Paul South, Marion County",810305,St. Paul South,2018-09-10 13:39:02.947562
2018-03-07,21:00,46.1,46.1,40.9,81.8,0.0,N@0.0,0.0,44.6,0.0,0,"St. Paul South, Marion County",810305,St. Paul South,2018-09-10 13:39:02.947562
2018-03-07,21:15,46.3,46.4,40.6,80.3,0.0,N@0.0,0.0,44.6,0.0,0,"St. Paul South, Marion County",810305,St. Paul South,2018-09-10 13:39:02.947562
2018-03-07,21:30,46.2,46.2,41.0,81.9,0.0,N@0.0,0.0,44.6,0.0,0,"St. Paul South, Marion County",810305,St. Paul South,2018-09-10 13:39:02.947562
2018-03-07,21:45,47.0,47.0,40.2,76.9,0.0,N@0.0,0.0,44.6,0.0,0,"St. Paul South, Marion County",810305,St. Paul South,2018-09-10 13:39:02.947562
2018-03-07,22:00,46.3,46.2,40.8,81.1,0.0,N@0.0,0.0,44.6,0.0,0,"St. Paul South, Marion County",810305,St. Paul South,2018-09-10 13:39:02.947562
2018-03-07,22:15,45.9,45.8,41.0,82.9,0.0,N@0.0,0.0,44.6,0.0,0,"St. Paul South, Marion County",810305,St. Paul South,2018-09-10 13:39:02.947562
2018-03-07,22:30,45.2,45.0,41.0,85.0,0.0,N@0.0,0.0,44.6,0.0,0,"St. Paul South, Marion County",810305,St. Paul South,2018-09-10 13:39:02.947562
2018-03-07,22:45,44.8,44.7,40.9,86.1,0.0,N@0.0,0.0,44.6,0.0,0,"St. Paul South, Marion County",810305,St. Paul South,2018-09-10 13:39:02.947562
2018-03-07,23:00,44.8,44.9,41.0,86.3,0.0,N@0.0,0.0,44.6,0.0,0,"St. Paul South, Marion County",810305,St. Paul South,2018-09-10 13:39:02.947562
2018-03-07,23:15,45.1,45.0,40.9,85.2,0.3,N@0.0,0.0,44.6,0.0,0,"St. Paul South, Marion County",810305,St. Paul South,2018-09-10 13:39:02.947562
2018-03-07,23:30,44.4,44.2,40.4,85.8,1.0,N@0.0,0.0,44.6,0.0,0,"St. Paul South, Marion County",810305,St. Paul South,2018-09-10 13:39:02.947562
2018-03-07,23:45,43.6,43.5,40.4,88.5,1.0,N@0.0,0.0,44.6,0.0,0,"St. Paul South, Marion County",810305,St. Paul South,2018-09-10 13:39:02.947562
2018-03-07,24:00,42.3,41.9,39.5,89.7,1.0,N@0.0,0.0,44.5,0.0,0,"St. Paul South, Marion County",810305,St. Paul South,2018-09-10 13:39:02.947562
2018-03-08,00:15,41.1,40.7,39.0,92.2,1.0,N@0.0,0.0,44.5,0.0,0,"St. Paul South, Marion County",810305,St. Paul South,2018-09-10 13:39:02.947562
2018-03-08,00:30,40.4,40.0,38.6,93.4,1.0,N@0.0,0.0,44.5,0.0,0,"St. Paul South, Marion County",810305,St. Paul South,2018-09-10 13:39:02.947562
2018-03-08,00:45,40.5,40.4,38.9,94.0,1.0,N@0.0,0.0,44.5,0.0,0,"St. Paul South, Marion County",810305,St. Paul South,2018-09-10 13:39:02.947562
2018-03-08,01:00,40.3,40.1,38.7,94.0,1.0,N@0.0,0.0,44.5,0.0,0,"St. Paul South, Marion County",810305,St. Paul South,2018-09-10 13:39:02.947562
2018-03-08,01:15,40.6,40.5,39.2,94.7,1.0,N@0.0,0.0,44.4,0.0,0,"St. Paul South, Marion County",810305,St. Paul South,2018-09-10 13:39:02.947562
2018-03-08,01:30,40.1,39.9,38.7,94.7,1.0,N@0.0,0.0,44.4,0.0,0,"St. Paul South, Marion County",810305,St. Paul South,2018-09-10 13:39:02.947562
2018-03-08,01:45,39.7,39.5,38.5,95.4,1.0,N@0.0,0.0,44.4,0.0,0,"St. Paul South, Marion County",810305,St. Paul South,2018-09-10 13:39:02.947562
2018-03-08,02:00,39.2,39.0,38.1,95.9,1.0,N@0.0,0.0,44.4,0.0,0,"St. Paul South, Marion County",810305,St. Paul South,2018-09-10 13:39:02.947562
2018-03-08,02:15,38.8,38.6,37.8,96.4,1.0,N@0.0,0.0,44.3,0.0,0,"St. Paul South, Marion County",810305,St. Paul South,2018-09-10 13:39:02.947562
2018-03-08,02:30,38.8,38.7,38.0,96.8,1.0,N@0.0,0.0,44.3,0.0,0,"St. Paul South, Marion County",810305,St. Paul South,2018-09-10 13:39:02.947562
2018-03-08,02:45,39.0,38.9,38.2,96.6,1.0,N@0.0,0.0,44.2,0.0,0,"St. Paul South, Marion County",810305,St. Paul South,2018-09-10 13:39:02.947562
2018-03-08,03:00,39.0,38.8,38.1,96.9,1.0,N@0.0,0.0,44.2,0.0,0,"St. Paul South, Marion County",810305,St. Paul South,2018-09-10 13:39:02.947562
2018-03-08,03:15,39.4,39.3,38.6,97.0,1.0,N@0.0,0.0,44.2,0.0,0,"St. Paul South, Marion County",810305,St. Paul South,2018-09-10 13:39:02.947562
2018-03-08,03:30,39.4,39.3,38.6,97.0,1.0,N@0.0,0.0,44.1,0.0,0,"St. Paul South, Marion County",810305,St. Paul South,2018-09-10 13:39:02.947562
2018-03-08,03:45,39.7,39.6,38.9,97.0,1.0,N@0.0,0.0,44.1,0.0,0,"St. Paul South, Marion County",810305,St. Paul South,2018-09-10 13:39:02.947562
2018-03-08,04:00,40.1,40.1,39.3,96.9,1.0,N@0.0,0.0,44.1,0.0,0,"St. Paul South, Marion County",810305,St. Paul South,2018-09-10 13:39:02.947562
2018-03-08,04:15,40.8,41.0,39.8,96.1,1.0,N@0.0,0.0,44.0,0.0,0,"St. Paul South, Marion County",810305,St. Paul South,2018-09-10 13:39:02.947562
2018-03-08,04:30,41.5,41.7,40.1,94.5,0.68,N@0.0,0.0,44.0,0.0,0,"St. Paul South, Marion County",810305,St. Paul South,2018-09-10 13:39:02.947562
2018-03-08,04:45,41.6,41.6,39.9,93.7,0.0,N@0.0,0.0,43.9,0.0,0,"St. Paul South, Marion County",810305,St. Paul South,2018-09-10 13:39:02.947562
2018-03-08,05:00,41.4,41.3,39.8,93.9,0.0,N@0.0,0.0,43.9,0.0,0,"St. Paul South, Marion County",810305,St. Paul South,2018-09-10 13:39:02.947562
2018-03-08,05:15,41.3,41.1,39.8,94.3,0.0,N@0.0,0.0,43.9,0.0,0,"St. Paul South, Marion County",810305,St. Paul South,2018-09-10 13:39:02.947562
2018-03-08,05:30,42.0,42.2,40.3,93.4,0.04,SE@0.6,13.2,43.8,0.0,0,"St. Paul South, Marion County",810305,St. Paul South,2018-09-10 13:39:02.947562
2018-03-08,05:45,42.5,42.4,40.0,90.8,0.0,N@0.0,0.0,43.8,0.0,0,"St. Paul South, Marion County",810305,St. Paul South,2018-09-10 13:39:02.947562
2018-03-08,06:00,42.1,41.9,39.9,92.0,0.0,N@0.0,0.0,43.8,0.0,0,"St. Paul South, Marion County",810305,St. Paul South,2018-09-10 13:39:02.947562
2018-03-08,06:15,41.9,41.7,39.9,92.7,0.0,N@0.0,0.0,43.7,0.0,0,"St. Paul South, Marion County",810305,St. Paul South,2018-09-10 13:39:02.947562
2018-03-08,06:30,41.8,41.7,40.0,93.3,0.0,N@0.0,0.0,43.7,0.0,0,"St. Paul South, Marion County",810305,St. Paul South,2018-09-10 13:39:02.947562
2018-03-08,06:45,43.5,43.7,40.6,89.3,0.0,SE@0.8,12.4,43.7,0.0,4,"St. Paul South, Marion County",810305,St. Paul South,2018-09-10 13:39:02.947562
2018-03-08,07:00,47.5,47.7,39.8,74.3,0.0,S@6.6,16.0,43.7,0.0,8,"St. Paul South, Marion County",810305,St. Paul South,2018-09-10 13:39:02.947562
2018-03-08,07:15,50.8,51.0,39.5,65.0,0.0,S@15.1,24.6,43.6,0.0,14,"St. Paul South, Marion County",810305,St. Paul South,2018-09-10 13:39:02.947562
2018-03-08,07:30,51.7,51.8,40.1,64.2,0.0,S@18.0,27.1,43.6,0.0,7,"St. Paul South, Marion County",810305,St. Paul South,2018-09-10 13:39:02.947562
2018-03-08,07:45,51.0,51.0,41.2,69.0,0.16,S@19.2,29.6,43.6,0.0,11,"St. Paul South, Marion County",810305,St. Paul South,2018-09-10 13:39:02.947562
2018-03-08,08:00,50.2,50.2,42.0,73.1,0.11,S@19.2,33.6,43.6,0.01,16,"St. Paul South, Marion County",810305,St. Paul South,2018-09-10 13:39:02.947562
2018-03-08,08:15,49.8,49.8,42.5,75.8,0.01,S@19.8,35.3,43.6,0.01,38,"St. Paul South, Marion County",810305,St. Paul South,2018-09-10 13:39:02.947562
2018-03-08,08:30,49.6,49.6,42.9,77.4,0.0,S@20.1,29.3,43.6,0.0,57,"St. Paul South, Marion County",810305,St. Paul South,2018-09-10 13:39:02.947562
2018-03-08,08:45,49.9,49.9,43.4,78.1,0.43,S@22.1,32.5,43.6,0.0,139,"St. Paul South, Marion County",810305,St. Paul South,2018-09-10 13:39:02.947562
2018-03-08,09:00,50.5,50.6,44.0,78.1,0.04,S@19.5,29.3,43.6,0.0,200,"St. Paul South, Marion County",810305,St. Paul South,2018-09-10 13:39:02.947562
2018-03-08,09:15,50.8,50.8,43.8,76.8,0.0,S@22.6,31.4,43.6,0.0,146,"St. Paul South, Marion County",810305,St. Paul South,2018-09-10 13:39:02.947562
2018-03-08,09:30,50.2,50.1,43.9,78.9,0.01,S@23.5,33.2,43.6,0.01,130,"St. Paul South, Marion County",810305,St. Paul South,2018-09-10 13:39:02.947562
2018-03-08,09:45,50.4,50.4,44.0,78.5,0.0,S@22.9,33.9,43.6,0.0,136,"St. Paul South, Marion County",810305,St. Paul South,2018-09-10 13:39:02.947562
2018-03-08,10:00,50.6,50.6,44.2,78.3,0.01,S@23.7,36.1,43.6,0.01,185,"St. Paul South, Marion County",810305,St. Paul South,2018-09-10 13:39:02.947562
2018-03-08,10:15,50.7,50.7,44.5,79.4,0.08,S@24.1,33.9,43.7,0.0,205,"St. Paul South, Marion County",810305,St. Paul South,2018-09-10 13:39:02.947562
2018-03-08,10:30,50.9,50.9,44.5,78.6,0.01,S@24.0,35.3,43.7,0.01,157,"St. Paul South, Marion County",810305,St. Paul South,2018-09-10 13:39:02.947562
2018-03-08,10:45,50.5,50.5,45.0,81.2,0.37,S@21.7,32.1,43.7,0.0,116,"St. Paul South, Marion County",810305,St. Paul South,2018-09-10 13:39:02.947562
2018-03-08,11:00,50.3,50.3,45.7,84.0,1.0,S@22.7,30.7,43.8,0.02,152,"St. Paul South, Marion County",810305,St. Paul South,2018-09-10 13:39:02.947562
2018-03-08,11:15,50.0,49.9,46.1,86.6,1.0,S@21.0,31.1,44.0,0.02,108,"St. Paul South, Marion County",810305,St. Paul South,2018-09-10 13:39:02.947562
2018-03-08,11:30,49.7,49.6,46.6,89.0,0.62,S@16.9,26.0,44.1,0.0,81,"St. Paul South, Marion County",810305,St. Paul South,2018-09-10 13:39:02.947562
2018-03-08,11:45,50.1,50.1,47.2,89.8,0.48,S@17.5,24.6,44.1,0.0,202,"St. Paul South, Marion County",810305,St. Paul South,2018-09-10 13:39:02.947562
2018-03-08,12:00,51.0,51.1,47.6,88.1,0.0,S@18.7,25.7,44.2,0.0,286,"St. Paul South, Marion County",810305,St. Paul South,2018-09-10 13:39:02.947562
2018-03-08,12:15,51.6,51.7,47.6,86.3,0.0,S@18.4,27.1,44.2,0.0,209,"St. Paul South, Marion County",810305,St. Paul South,2018-09-10 13:39:02.947562
2018-03-08,12:30,51.9,51.9,47.8,86.0,0.0,S@17.0,25.0,44.2,0.0,211,"St. Paul South, Marion County",810305,St. Paul South,2018-09-10 13:39:02.947562
2018-03-08,12:45,52.4,52.5,48.3,85.6,0.0,S@17.2,23.9,44.3,0.0,274,"St. Paul South, Marion County",810305,St. Paul South,2018-09-10 13:39:02.947562
2018-03-08,13:00,53.0,53.1,48.5,84.5,0.0,S@17.0,23.9,44.3,0.0,271,"St. Paul South, Marion County",810305,St. Paul South,2018-09-10 13:39:02.947562
2018-03-08,13:15,53.0,53.0,48.1,83.3,0.0,S@16.3,23.2,44.4,0.0,118,"St. Paul South, Marion County",810305,St. Paul South,2018-09-10 13:39:02.947562
2018-03-08,13:30,52.6,52.6,48.3,85.1,0.01,S@15.8,25.0,44.5,0.01,164,"St. Paul South, Marion County",810305,St. Paul South,2018-09-10 13:39:02.947562
2018-03-08,13:45,53.0,53.1,48.7,85.0,0.0,S@16.8,27.8,44.5,0.0,371,"St. Paul South, Marion County",810305,St. Paul South,2018-09-10 13:39:02.947562
2018-03-08,14:00,52.6,52.6,47.8,83.8,0.0,S@19.0,26.4,44.6,0.0,214,"St. Paul South, Marion County",810305,St. Paul South,2018-09-10 13:39:02.947562
2018-03-08,14:15,52.7,52.7,48.0,83.9,0.0,S@14.0,20.7,44.7,0.0,248,"St. Paul South, Marion County",810305,St. Paul South,2018-09-10 13:39:02.947562
2018-03-08,14:30,54.5,54.6,48.7,80.8,0.0,S@13.0,19.2,44.8,0.0,399,"St. Paul South, Marion County",810305,St. Paul South,2018-09-10 13:39:02.947562
2018-03-08,14:45,54.7,54.7,47.9,77.8,0.0,S@14.4,21.8,44.9,0.0,199,"St. Paul South, Marion County",810305,St. Paul South,2018-09-10 13:39:02.947562
2018-03-08,15:00,54.8,54.8,47.4,76.0,0.0,S@15.8,23.2,45.0,0.0,284,"St. Paul South, Marion County",810305,St. Paul South,2018-09-10 13:39:02.947562
2018-03-08,15:15,54.3,54.3,46.8,75.5,0.0,S@14.0,21.0,45.0,0.0,144,"St. Paul South, Marion County",810305,St. Paul South,2018-09-10 13:39:02.947562
2018-03-08,15:30,55.1,55.2,46.6,72.9,0.0,S@14.8,23.9,45.1,0.0,246,"St. Paul South, Marion County",810305,St. Paul South,2018-09-10 13:39:02.947562
2018-03-08,15:45,54.8,54.8,46.8,74.2,0.0,S@13.1,20.3,45.2,0.0,247,"St. Paul South, Marion County",810305,St. Paul South,2018-09-10 13:39:02.947562
2018-03-08,16:00,54.2,54.1,46.5,75.3,0.0,S@13.7,25.0,45.3,0.0,50,"St. Paul South, Marion County",810305,St. Paul South,2018-09-10 13:39:02.947562
2018-03-08,16:15,53.5,53.5,46.3,76.4,0.0,S@13.1,19.6,45.4,0.0,44,"St. Paul South, Marion County",810305,St. Paul South,2018-09-10 13:39:02.947562
2018-03-08,16:30,53.1,53.1,46.0,76.7,0.0,S@14.7,22.1,45.5,0.0,49,"St. Paul South, Marion County",810305,St. Paul South,2018-09-10 13:39:02.947562
2018-03-08,16:45,52.7,52.8,45.9,77.4,0.0,S@13.7,19.6,45.6,0.0,40,"St. Paul South, Marion County",810305,St. Paul South,2018-09-10 13:39:02.947562
2018-03-08,17:00,52.3,52.3,45.7,78.3,0.0,S@15.3,21.0,45.6,0.0,23,"St. Paul South, Marion County",810305,St. Paul South,2018-09-10 13:39:02.947562
2018-03-08,17:15,52.1,52.2,45.5,78.1,0.0,S@14.1,19.2,45.7,0.0,14,"St. Paul South, Marion County",810305,St. Paul South,2018-09-10 13:39:02.947562
2018-03-08,17:30,52.4,52.4,45.2,76.3,0.0,S@13.5,20.7,45.8,0.0,10,"St. Paul South, Marion County",810305,St. Paul South,2018-09-10 13:39:02.947562
2018-03-08,17:45,52.3,52.3,44.8,75.5,0.0,S@15.9,24.3,45.8,0.0,7,"St. Paul South, Marion County",810305,St. Paul South,2018-09-10 13:39:02.947562
2018-03-08,18:00,51.9,51.9,44.7,76.3,0.0,S@14.2,20.0,45.9,0.0,7,"St. Paul South, Marion County",810305,St. Paul South,2018-09-10 13:39:02.947562
2018-03-08,18:15,51.7,51.7,44.5,76.2,0.0,S@14.3,22.5,45.9,0.0,3,"St. Paul South, Marion County",810305,St. Paul South,2018-09-10 13:39:02.947562
2018-03-08,18:30,51.6,51.6,44.3,76.2,0.0,S@13.7,20.7,46.0,0.0,0,"St. Paul South, Marion County",810305,St. Paul South,2018-09-10 13:39:02.947562
2018-03-08,18:45,51.2,51.2,44.5,77.6,0.0,S@13.3,20.0,46.0,0.0,0,"St. Paul South, Marion County",810305,St. Paul South,2018-09-10 13:39:02.947562
2018-03-08,19:00,50.7,50.8,44.6,79.4,0.0,S@14.9,20.3,46.1,0.0,0,"St. Paul South, Marion County",810305,St. Paul South,2018-09-10 13:39:02.947562
2018-03-08,19:15,50.6,50.6,44.5,79.5,0.0,S@16.7,25.0,46.1,0.0,0,"St. Paul South, Marion County",810305,St. Paul South,2018-09-10 13:39:02.947562
2018-03-08,19:30,50.0,50.0,44.5,81.3,0.0,S@14.8,20.3,46.1,0.0,0,"St. Paul South, Marion County",810305,St. Paul South,2018-09-10 13:39:02.947562
2018-03-08,19:45,49.9,49.9,44.2,80.7,0.0,S@14.4,23.2,46.1,0.0,0,"St. Paul South, Marion County",810305,St. Paul South,2018-09-10 13:39:02.947562
2018-03-08,20:00,49.9,50.0,43.8,79.3,0.0,S@16.2,23.5,46.1,0.0,0,"St. Paul South, Marion County",810305,St. Paul South,2018-09-10 13:39:02.947562
2018-03-08,20:15,49.9,50.0,43.7,79.1,0.0,S@15.7,22.5,46.1,0.0,0,"St. Paul South, Marion County",810305,St. Paul South,2018-09-10 13:39:02.947562
2018-03-08,20:30,49.9,49.9,43.9,79.8,0.0,S@15.7,22.8,46.1,0.0,0,"St. Paul South, Marion County",810305,St. Paul South,2018-09-10 13:39:02.947562
2018-03-08,20:45,48.9,48.8,44.9,86.1,0.0,S@15.8,22.5,46.1,0.0,0,"St. Paul South, Marion County",810305,St. Paul South,2018-09-10 13:39:02.947562
2018-03-08,21:00,48.4,48.5,45.3,88.8,0.0,S@12.0,16.0,46.1,0.0,0,"St. Paul South, Marion County",810305,St. Paul South,2018-09-10 13:39:02.947562
2018-03-08,21:15,48.5,48.6,45.3,88.6,0.0,S@10.2,13.9,46.1,0.0,0,"St. Paul South, Marion County",810305,St. Paul South,2018-09-10 13:39:02.947562
2018-03-08,21:30,49.0,49.0,45.2,86.8,0.0,S@13.0,21.4,46.1,0.0,0,"St. Paul South, Marion County",810305,St. Paul South,2018-09-10 13:39:02.947562
2018-03-08,21:45,48.6,48.6,45.4,88.6,0.0,S@14.0,18.5,46.1,0.0,0,"St. Paul South, Marion County",810305,St. Paul South,2018-09-10 13:39:02.947562
2018-03-08,22:00,48.1,48.0,45.6,91.3,0.0,S@11.7,17.1,46.1,0.0,3,"St. Paul South, Marion County",810305,St. Paul South,2018-09-10 13:39:02.947562
2018-03-08,22:15,47.8,47.8,45.7,92.6,0.72,S@10.7,17.1,46.1,0.03,2,"St. Paul South, Marion County",810305,St. Paul South,2018-09-10 13:39:02.947562
2018-03-08,22:30,47.6,47.5,45.9,93.8,1.0,SW@8.4,11.7,46.1,0.06,1,"St. Paul South, Marion County",810305,St. Paul South,2018-09-10 13:39:02.947562
2018-03-08,22:45,47.4,47.4,45.8,94.0,1.0,SW@6.2,12.1,46.1,0.01,1,"St. Paul South, Marion County",810305,St. Paul South,2018-09-10 13:39:02.947562
2018-03-08,23:00,47.3,47.4,45.6,93.5,1.0,SW@8.6,12.8,46.1,0.0,1,"St. Paul South, Marion County",810305,St. Paul South,2018-09-10 13:39:02.947562
2018-03-08,23:15,47.3,47.4,45.0,91.4,1.0,SW@7.8,11.4,46.1,0.0,1,"St. Paul South, Marion County",810305,St. Paul South,2018-09-10 13:39:02.947562
2018-03-08,23:30,47.2,47.3,44.5,90.1,1.0,SW@8.5,13.2,46.1,0.0,1,"St. Paul South, Marion County",810305,St. Paul South,2018-09-10 13:39:02.947562
2018-03-08,23:45,47.1,47.1,43.9,88.6,1.0,SW@8.9,14.2,46.1,0.0,1,"St. Paul South, Marion County",810305,St. Paul South,2018-09-10 13:39:02.947562
2018-03-08,24:00,46.8,46.8,43.6,88.6,1.0,SW@7.3,12.4,46.0,0.0,1,"St. Paul South, Marion County",810305,St. Paul South,2018-09-10 13:39:02.947562
2018-03-09,00:15,46.7,46.7,43.2,87.7,1.0,SW@8.7,12.4,46.0,0.01,1,"St. Paul South, Marion County",810305,St. Paul South,2018-09-10 13:39:02.947562
2018-03-09,00:30,46.6,46.7,42.9,86.7,0.17,SW@6.4,13.9,46.0,0.0,1,"St. Paul South, Marion County",810305,St. Paul South,2018-09-10 13:39:02.947562
2018-03-09,00:45,46.6,46.6,42.8,86.7,0.0,SW@6.3,15.3,46.0,0.0,1,"St. Paul South, Marion County",810305,St. Paul South,2018-09-10 13:39:02.947562
2018-03-09,01:00,46.4,46.4,42.9,87.3,0.0,SW@6.0,12.8,46.0,0.0,1,"St. Paul South, Marion County",810305,St. Paul South,2018-09-10 13:39:02.947562
2018-03-09,01:15,46.6,46.6,42.8,86.5,0.0,SW@7.8,14.2,46.0,0.0,1,"St. Paul South, Marion County",810305,St. Paul South,2018-09-10 13:39:02.947562
2018-03-09,01:30,46.3,46.3,42.8,87.4,0.0,SW@3.3,10.7,45.9,0.0,1,"St. Paul South, Marion County",810305,St. Paul South,2018-09-10 13:39:02.947562
2018-03-09,01:45,46.1,46.1,42.5,87.3,0.0,SW@1.5,7.4,45.9,0.0,1,"St. Paul South, Marion County",810305,St. Paul South,2018-09-10 13:39:02.947562
2018-03-09,02:00,46.1,46.1,42.4,86.7,0.0,SW@5.1,10.7,45.9,0.0,1,"St. Paul South, Marion County",810305,St. Paul South,2018-09-10 13:39:02.947562
2018-03-09,02:15,46.2,46.2,42.1,85.6,0.0,S@4.2,9.9,45.9,0.0,1,"St. Paul South, Marion County",810305,St. Paul South,2018-09-10 13:39:02.947562
2018-03-09,02:30,45.8,45.7,42.3,87.5,0.0,S@1.4,6.4,45.9,0.0,1,"St. Paul South, Marion County",810305,St. Paul South,2018-09-10 13:39:02.947562
2018-03-09,02:45,45.9,45.9,42.3,87.2,0.0,S@2.1,7.8,45.8,0.0,1,"St. Paul South, Marion County",810305,St. Paul South,2018-09-10 13:39:02.947562
2018-03-09,03:00,46.2,46.1,41.9,85.0,0.0,N@0.0,0.0,45.8,0.0,1,"St. Paul South, Marion County",810305,St. Paul South,2018-09-10 13:39:02.947562
2018-03-09,03:15,45.6,45.6,42.4,88.3,0.0,N@0.0,0.0,45.8,0.0,1,"St. Paul South, Marion County",810305,St. Paul South,2018-09-10 13:39:02.947562
2018-03-09,03:30,45.4,45.4,42.2,88.6,0.0,N@0.0,0.0,45.8,0.0,1,"St. Paul South, Marion County",810305,St. Paul South,2018-09-10 13:39:02.947562
2018-03-09,03:45,45.2,45.2,42.0,88.4,0.0,S@2.4,7.8,45.7,0.0,1,"St. Paul South, Marion County",810305,St. Paul South,2018-09-10 13:39:02.947562
2018-03-09,04:00,44.6,44.6,41.6,89.2,0.0,SW@1.1,9.6,45.7,0.0,1,"St. Paul South, Marion County",810305,St. Paul South,2018-09-10 13:39:02.947562
2018-03-09,04:15,44.4,44.5,41.3,88.7,0.0,SW@6.2,10.7,45.7,0.0,1,"St. Paul South, Marion County",810305,St. Paul South,2018-09-10 13:39:02.947562
2018-03-09,04:30,44.4,44.5,41.4,88.9,0.0,SW@3.0,9.9,45.7,0.0,1,"St. Paul South, Marion County",810305,St. Paul South,2018-09-10 13:39:02.947562
2018-03-09,04:45,44.8,44.9,41.1,86.5,0.0,SW@4.4,10.7,45.6,0.0,1,"St. Paul South, Marion County",810305,St. Paul South,2018-09-10 13:39:02.947562
2018-03-09,05:00,44.7,44.6,41.1,87.1,0.0,N@0.0,0.0,45.6,0.0,0,"St. Paul South, Marion County",810305,St. Paul South,2018-09-10 13:39:02.947562
2018-03-09,05:15,44.6,44.6,41.2,87.8,0.0,N@0.0,0.0,45.6,0.0,0,"St. Paul South, Marion County",810305,St. Paul South,2018-09-10 13:39:02.947562
2018-03-09,05:30,44.4,44.3,41.3,89.0,0.47,N@0.0,0.0,45.6,0.0,0,"St. Paul South, Marion County",810305,St. Paul South,2018-09-10 13:39:02.947562
2018-03-09,05:45,44.0,44.0,41.4,90.3,1.0,N@0.0,0.0,45.5,0.0,1,"St. Paul South, Marion County",810305,St. Paul South,2018-09-10 13:39:02.947562
2018-03-09,06:00,43.7,43.7,41.2,90.8,0.52,N@0.0,0.0,45.5,0.0,1,"St. Paul South, Marion County",810305,St. Paul South,2018-09-10 13:39:02.947562
2018-03-09,06:15,43.3,43.2,41.1,91.6,0.0,N@0.0,0.0,45.5,0.0,1,"St. Paul South, Marion County",810305,St. Paul South,2018-09-10 13:39:02.947562
2018-03-09,06:30,43.2,43.1,41.0,91.8,0.0,N@0.0,0.0,45.4,0.0,1,"St. Paul South, Marion County",810305,St. Paul South,2018-09-10 13:39:02.947562
2018-03-09,06:45,43.0,42.9,40.9,92.2,0.0,N@0.0,0.0,45.4,0.0,3,"St. Paul South, Marion County",810305,St. Paul South,2018-09-10 13:39:02.947562
2018-03-09,07:00,43.3,43.2,41.1,91.9,0.0,N@0.0,0.0,45.4,0.0,8,"St. Paul South, Marion County",810305,St. Paul South,2018-09-10 13:39:02.947562
2018-03-09,07:15,43.3,43.2,41.1,91.9,0.0,N@0.0,0.0,45.4,0.0,19,"St. Paul South, Marion County",810305,St. Paul South,2018-09-10 13:39:02.947562
2018-03-09,07:30,43.3,43.1,41.3,92.7,0.0,N@0.0,0.0,45.3,0.0,33,"St. Paul South, Marion County",810305,St. Paul South,2018-09-10 13:39:02.947562
2018-03-09,07:45,43.6,43.5,41.7,92.9,0.0,N@0.0,0.0,45.3,0.0,46,"St. Paul South, Marion County",810305,St. Paul South,2018-09-10 13:39:02.947562
2018-03-09,08:00,43.9,43.8,42.0,92.9,0.0,N@0.0,0.0,45.3,0.0,65,"St. Paul South, Marion County",810305,St. Paul South,2018-09-10 13:39:02.947562
2018-03-09,08:15,44.0,43.9,42.0,92.7,0.0,N@0.0,0.0,45.2,0.0,93,"St. Paul South, Marion County",810305,St. Paul South,2018-09-10 13:39:02.947562
2018-03-09,08:30,44.3,44.3,42.3,92.4,0.0,N@0.0,0.0,45.2,0.0,106,"St. Paul South, Marion County",810305,St. Paul South,2018-09-10 13:39:02.947562
2018-03-09,08:45,44.3,44.2,42.0,91.5,0.0,N@0.0,0.0,45.2,0.0,139,"St. Paul South, Marion County",810305,St. Paul South,2018-09-10 13:39:02.947562
2018-03-09,09:00,44.7,44.5,42.3,91.2,0.0,N@0.0,0.0,45.2,0.0,228,"St. Paul South, Marion County",810305,St. Paul South,2018-09-10 13:39:02.947562
2018-03-09,09:15,45.4,45.1,42.3,88.8,0.0,N@0.0,0.0,45.1,0.0,292,"St. Paul South, Marion County",810305,St. Paul South,2018-09-10 13:39:02.947562
2018-03-09,09:30,46.1,45.5,41.9,85.3,0.0,N@0.0,0.0,45.1,0.0,318,"St. Paul South, Marion County",810305,St. Paul South,2018-09-10 13:39:02.947562
2018-03-09,09:45,47.3,46.6,41.8,81.0,0.0,N@0.0,0.0,45.1,0.0,407,"St. Paul South, Marion County",810305,St. Paul South,2018-09-10 13:39:02.947562
2018-03-09,10:00,47.3,46.5,41.3,79.5,0.0,N@0.0,0.0,45.1,0.0,303,"St. Paul South, Marion County",810305,St. Paul South,2018-09-10 13:39:02.947562
2018-03-09,10:15,47.5,47.0,41.1,78.3,0.0,N@0.0,0.0,45.1,0.0,280,"St. Paul South, Marion County",810305,St. Paul South,2018-09-10 13:39:02.947562
2018-03-09,10:30,48.0,47.4,41.0,76.8,0.0,N@0.0,0.0,45.2,0.0,324,"St. Paul South, Marion County",810305,St. Paul South,2018-09-10 13:39:02.947562
2018-03-09,10:45,48.4,48.1,40.7,74.5,0.0,N@0.0,0.0,45.2,0.0,436,"St. Paul South, Marion County",810305,St. Paul South,2018-09-10 13:39:02.947562
2018-03-09,11:00,48.9,48.6,40.1,71.2,0.0,N@0.0,0.0,45.2,0.0,355,"St. Paul South, Marion County",810305,St. Paul South,2018-09-10 13:39:02.947562
2018-03-09,11:15,49.0,48.9,39.6,69.8,0.0,NE@0.5,4.6,45.3,0.0,411,"St. Paul South, Marion County",810305,St. Paul South,2018-09-10 13:39:02.947562
2018-03-09,11:30,50.1,49.6,39.8,67.7,0.0,N@0.0,0.0,45.3,0.0,465,"St. Paul South, Marion County",810305,St. Paul South,2018-09-10 13:39:02.947562
2018-03-09,11:45,49.6,49.3,39.4,67.8,0.0,N@0.0,0.0,45.4,0.0,295,"St. Paul South, Marion County",810305,St. Paul South,2018-09-10 13:39:02.947562
2018-03-09,12:00,49.8,49.4,39.4,67.4,0.0,N@0.0,0.0,45.4,0.0,310,"St. Paul South, Marion County",810305,St. Paul South,2018-09-10 13:39:02.947562
2018-03-09,12:15,49.8,49.6,39.9,68.5,0.0,N@0.0,0.0,45.5,0.0,305,"St. Paul South, Marion County",810305,St. Paul South,2018-09-10 13:39:02.947562
2018-03-09,12:30,49.9,49.8,39.6,67.6,0.0,N@0.0,0.0,45.6,0.0,296,"St. Paul South, Marion County",810305,St. Paul South,2018-09-10 13:39:02.947562
2018-03-09,12:45,49.9,49.8,39.6,67.4,0.0,N@0.0,0.0,45.7,0.0,362,"St. Paul South, Marion County",810305,St. Paul South,2018-09-10 13:39:02.947562
2018-03-09,13:00,50.4,50.5,40.6,68.8,0.0,N@0.0,0.0,45.8,0.0,441,"St. Paul South, Marion County",810305,St. Paul South,2018-09-10 13:39:02.947562
2018-03-09,13:15,50.5,50.3,39.5,65.9,0.0,N@0.0,0.0,45.9,0.0,331,"St. Paul South, Marion County",810305,St. Paul South,2018-09-10 13:39:02.947562
2018-03-09,13:30,51.1,50.9,41.1,68.4,0.0,N@0.0,0.0,46.0,0.0,391,"St. Paul South, Marion County",810305,St. Paul South,2018-09-10 13:39:02.947562
2018-03-09,13:45,50.7,50.6,40.4,67.4,0.0,N@0.0,0.0,46.1,0.0,344,"St. Paul South, Marion County",810305,St. Paul South,2018-09-10 13:39:02.947562
2018-03-09,14:00,50.4,50.3,39.7,66.5,0.0,E@0.2,4.6,46.2,0.0,274,"St. Paul South, Marion County",810305,St. Paul South,2018-09-10 13:39:02.947562
2018-03-09,14:15,50.5,50.5,40.2,67.4,0.0,N@0.0,0.0,46.3,0.0,234,"St. Paul South, Marion County",810305,St. Paul South,2018-09-10 13:39:02.947562
2018-03-09,14:30,50.4,50.3,39.7,66.7,0.0,N@0.0,0.0,46.4,0.0,231,"St. Paul South, Marion County",810305,St. Paul South,2018-09-10 13:39:02.947562
2018-03-09,14:45,50.6,50.6,40.0,66.6,0.0,N@0.0,0.0,46.5,0.0,237,"St. Paul South, Marion County",810305,St. Paul South,2018-09-10 13:39:02.947562
2018-03-09,15:00,50.8,50.8,40.1,66.4,0.0,N@0.0,0.0,46.6,0.0,212,"St. Paul South, Marion County",810305,St. Paul South,2018-09-10 13:39:02.947562
2018-03-09,15:15,50.7,50.7,39.6,65.5,0.0,N@0.0,0.0,46.7,0.0,208,"St. Paul South, Marion County",810305,St. Paul South,2018-09-10 13:39:02.947562
2018-03-09,15:30,51.1,51.0,38.8,62.7,0.0,N@0.0,0.0,46.8,0.0,198,"St. Paul South, Marion County",810305,St. Paul South,2018-09-10 13:39:02.947562
2018-03-09,15:45,51.0,50.9,39.0,63.5,0.0,N@0.0,0.0,46.9,0.0,171,"St. Paul South, Marion County",810305,St. Paul South,2018-09-10 13:39:02.947562
2018-03-09,16:00,50.8,50.8,40.1,66.4,0.0,N@0.0,0.0,47.0,0.0,155,"St. Paul South, Marion County",810305,St. Paul South,2018-09-10 13:39:02.947562
2018-03-09,16:15,51.3,51.3,39.9,64.7,0.0,N@0.0,0.0,47.0,0.0,234,"St. Paul South, Marion County",810305,St. Paul South,2018-09-10 13:39:02.947562
2018-03-09,16:30,51.2,51.1,40.2,65.8,0.0,N@0.0,0.0,47.1,0.0,170,"St. Paul South, Marion County",810305,St. Paul South,2018-09-10 13:39:02.947562
2018-03-09,16:45,50.7,50.6,40.4,67.6,0.0,N@0.0,0.0,47.2,0.0,116,"St. Paul South, Marion County",810305,St. Paul South,2018-09-10 13:39:02.947562
2018-03-09,17:00,51.1,51.0,40.5,66.8,0.0,N@0.0,0.0,47.3,0.0,169,"St. Paul South, Marion County",810305,St. Paul South,2018-09-10 13:39:02.947562
2018-03-09,17:15,51.4,51.1,40.5,66.1,0.0,N@0.0,0.0,47.3,0.0,155,"St. Paul South, Marion County",810305,St. Paul South,2018-09-10 13:39:02.947562
2018-03-09,17:30,50.8,50.7,40.2,66.9,0.0,N@0.0,0.0,47.4,0.0,94,"St. Paul South, Marion County",810305,St. Paul South,2018-09-10 13:39:02.947562
2018-03-09,17:45,50.1,50.0,39.4,66.6,0.0,N@0.0,0.0,47.4,0.0,28,"St. Paul South, Marion County",810305,St. Paul South,2018-09-10 13:39:02.947562
2018-03-09,18:00,48.7,48.3,40.0,71.8,0.0,N@0.0,0.0,47.5,0.0,18,"St. Paul South, Marion County",810305,St. Paul South,2018-09-10 13:39:02.947562
2018-03-09,18:15,46.9,46.7,40.1,77.0,0.0,N@0.0,0.0,47.5,0.0,6,"St. Paul South, Marion County",810305,St. Paul South,2018-09-10 13:39:02.947562
2018-03-09,18:30,46.3,46.2,39.6,77.2,0.0,N@0.0,0.0,47.5,0.0,1,"St. Paul South, Marion County",810305,St. Paul South,2018-09-10 13:39:02.947562
2018-03-09,18:45,45.9,45.7,39.3,77.8,0.0,N@0.0,0.0,47.5,0.0,0,"St. Paul South, Marion County",810305,St. Paul South,2018-09-10 13:39:02.947562
2018-03-09,19:00,44.9,44.8,39.1,79.9,0.0,N@0.0,0.0,47.6,0.0,0,"St. Paul South, Marion County",810305,St. Paul South,2018-09-10 13:39:02.947562
2018-03-09,19:15,45.0,45.1,39.0,79.3,0.0,N@0.0,0.0,47.6,0.0,0,"St. Paul South, Marion County",810305,St. Paul South,2018-09-10 13:39:02.947562
2018-03-09,19:30,43.5,43.2,38.9,83.8,0.0,N@0.0,0.0,47.5,0.0,0,"St. Paul South, Marion County",810305,St. Paul South,2018-09-10 13:39:02.947562
2018-03-09,19:45,42.6,42.1,39.0,87.1,0.0,N@0.0,0.0,47.5,0.0,0,"St. Paul South, Marion County",810305,St. Paul South,2018-09-10 13:39:02.947562
2018-03-09,20:00,42.0,41.2,38.7,87.8,0.59,N@0.0,0.0,47.5,0.0,0,"St. Paul South, Marion County",810305,St. Paul South,2018-09-10 13:39:02.947562
2018-03-09,20:15,41.4,41.1,38.6,89.7,1.0,N@0.0,0.0,47.5,0.0,0,"St. Paul South, Marion County",810305,St. Paul South,2018-09-10 13:39:02.947562
2018-03-09,20:30,43.9,43.9,39.4,84.1,0.47,NE@0.0,1.4,47.4,0.0,0,"St. Paul South, Marion County",810305,St. Paul South,2018-09-10 13:39:02.947562
2018-03-09,20:45,43.3,43.0,38.8,84.0,0.0,N@0.0,0.0,47.4,0.0,0,"St. Paul South, Marion County",810305,St. Paul South,2018-09-10 13:39:02.947562
2018-03-09,21:00,42.0,41.4,38.0,85.7,0.0,N@0.0,0.0,47.3,0.0,0,"St. Paul South, Marion County",810305,St. Paul South,2018-09-10 13:39:02.947562
2018-03-09,21:15,40.4,39.8,37.2,88.2,0.82,N@0.0,0.0,47.3,0.0,0,"St. Paul South, Marion County",810305,St. Paul South,2018-09-10 13:39:02.947562
2018-03-09,21:30,39.6,39.0,37.2,91.0,1.0,N@0.0,0.0,47.2,0.0,0,"St. Paul South, Marion County",810305,St. Paul South,2018-09-10 13:39:02.947562
2018-03-09,21:45,39.1,38.6,36.8,91.5,1.0,N@0.0,0.0,47.2,0.0,0,"St. Paul South, Marion County",810305,St. Paul South,2018-09-10 13:39:02.947562
2018-03-09,22:00,38.2,37.9,36.2,92.6,1.0,N@0.0,0.0,47.1,0.0,0,"St. Paul South, Marion County",810305,St. Paul South,2018-09-10 13:39:02.947562
2018-03-09,22:15,38.0,37.8,36.4,93.7,1.0,N@0.0,0.0,47.0,0.0,0,"St. Paul South, Marion County",810305,St. Paul South,2018-09-10 13:39:02.947562
2018-03-09,22:30,37.5,37.3,36.1,94.3,1.0,N@0.0,0.0,47.0,0.0,0,"St. Paul South, Marion County",810305,St. Paul South,2018-09-10 13:39:02.947562
2018-03-09,22:45,37.8,37.4,36.4,94.5,1.0,N@0.0,0.0,46.9,0.0,0,"St. Paul South, Marion County",810305,St. Paul South,2018-09-10 13:39:02.947562
2018-03-09,23:00,37.0,36.6,35.6,94.6,1.0,N@0.0,0.0,46.8,0.0,0,"St. Paul South, Marion County",810305,St. Paul South,2018-09-10 13:39:02.947562
2018-03-09,23:15,37.1,36.9,36.0,95.6,1.0,N@0.0,0.0,46.7,0.0,0,"St. Paul South, Marion County",810305,St. Paul South,2018-09-10 13:39:02.947562
2018-03-09,23:30,36.7,36.5,35.6,95.4,1.0,N@0.0,0.0,46.6,0.0,0,"St. Paul South, Marion County",810305,St. Paul South,2018-09-10 13:39:02.947562
2018-03-09,23:45,36.5,36.0,35.4,95.7,1.0,N@0.0,0.0,46.6,0.0,0,"St. Paul South, Marion County",810305,St. Paul South,2018-09-10 13:39:02.947562
2018-03-09,24:00,35.6,35.3,34.6,96.2,1.0,N@0.0,0.0,46.5,0.0,0,"St. Paul South, Marion County",810305,St. Paul South,2018-09-10 13:39:02.947562
2018-03-10,00:15,36.0,35.7,35.1,96.4,1.0,N@0.0,0.0,46.4,0.0,0,"St. Paul South, Marion County",810305,St. Paul South,2018-09-10 13:39:02.947562
2018-03-10,00:30,35.9,35.5,35.0,96.5,1.0,N@0.0,0.0,46.3,0.0,0,"St. Paul South, Marion County",810305,St. Paul South,2018-09-10 13:39:02.947562
2018-03-10,00:45,34.9,34.6,34.0,96.5,1.0,N@0.0,0.0,46.2,0.0,0,"St. Paul South, Marion County",810305,St. Paul South,2018-09-10 13:39:02.947562
2018-03-10,01:00,35.2,35.1,34.5,97.2,1.0,N@0.0,0.0,46.1,0.0,0,"St. Paul South, Marion County",810305,St. Paul South,2018-09-10 13:39:02.947562
2018-03-10,01:15,34.9,34.5,34.1,96.9,1.0,N@0.0,0.0,46.0,0.0,1,"St. Paul South, Marion County",810305,St. Paul South,2018-09-10 13:39:02.947562
2018-03-10,01:30,34.8,34.4,34.1,97.3,1.0,N@0.0,0.0,46.0,0.0,1,"St. Paul South, Marion County",810305,St. Paul South,2018-09-10 13:39:02.947562
2018-03-10,01:45,34.0,33.6,33.3,97.0,1.0,N@0.0,0.0,45.9,0.0,1,"St. Paul South, Marion County",810305,St. Paul South,2018-09-10 13:39:02.947562
2018-03-10,02:00,33.6,33.4,33.0,97.6,1.0,N@0.0,0.0,45.8,0.0,1,"St. Paul South, Marion County",810305,St. Paul South,2018-09-10 13:39:02.947562
2018-03-10,02:15,33.7,33.4,33.1,97.6,1.0,N@0.0,0.0,45.7,0.0,1,"St. Paul South, Marion County",810305,St. Paul South,2018-09-10 13:39:02.947562
2018-03-10,02:30,33.3,33.1,32.8,97.7,1.0,N@0.0,0.0,45.6,0.0,1,"St. Paul South, Marion County",810305,St. Paul South,2018-09-10 13:39:02.947562
2018-03-10,02:45,33.8,33.5,33.3,98.2,1.0,N@0.0,0.0,45.5,0.0,1,"St. Paul South, Marion County",810305,St. Paul South,2018-09-10 13:39:02.947562
2018-03-10,03:00,34.8,34.5,34.4,98.3,1.0,N@0.0,0.0,45.4,0.0,1,"St. Paul South, Marion County",810305,St. Paul South,2018-09-10 13:39:02.947562
2018-03-10,03:15,34.0,33.7,33.4,97.7,1.0,N@0.0,0.0,45.3,0.0,1,"St. Paul South, Marion County",810305,St. Paul South,2018-09-10 13:39:02.947562
2018-03-10,03:30,33.6,33.3,33.0,97.8,1.0,N@0.0,0.0,45.3,0.0,1,"St. Paul South, Marion County",810305,St. Paul South,2018-09-10 13:39:02.947562
2018-03-10,03:45,33.5,33.4,33.1,98.3,1.0,N@0.0,0.0,45.2,0.0,1,"St. Paul South, Marion County",810305,St. Paul South,2018-09-10 13:39:02.947562
2018-03-10,04:00,33.3,33.1,32.8,98.0,1.0,N@0.0,0.0,45.1,0.0,1,"St. Paul South, Marion County",810305,St. Paul South,2018-09-10 13:39:02.947562
2018-03-10,04:15,33.2,33.0,32.7,98.2,1.0,N@0.0,0.0,45.0,0.0,1,"St. Paul South, Marion County",810305,St. Paul South,2018-09-10 13:39:02.947562
2018-03-10,04:30,33.0,32.8,32.6,98.5,1.0,N@0.0,0.0,44.9,0.0,1,"St. Paul South, Marion County",810305,St. Paul South,2018-09-10 13:39:02.947562
2018-03-10,04:45,33.3,33.1,32.9,98.4,1.0,N@0.0,0.0,44.8,0.0,1,"St. Paul South, Marion County",810305,St. Paul South,2018-09-10 13:39:02.947562
2018-03-10,05:00,33.2,33.0,32.8,98.6,1.0,N@0.0,0.0,44.7,0.0,1,"St. Paul South, Marion County",810305,St. Paul South,2018-09-10 13:39:02.947562
2018-03-10,05:15,32.6,32.4,32.2,98.5,1.0,N@0.0,0.0,44.6,0.0,1,"St. Paul South, Marion County",810305,St. Paul South,2018-09-10 13:39:02.947562
2018-03-10,05:30,32.2,32.0,31.8,98.4,1.0,N@0.0,0.0,44.6,0.0,1,"St. Paul South, Marion County",810305,St. Paul South,2018-09-10 13:39:02.947562
2018-03-10,05:45,31.7,31.5,31.3,98.8,1.0,N@0.0,0.0,44.5,0.0,1,"St. Paul South, Marion County",810305,St. Paul South,2018-09-10 13:39:02.947562
2018-03-10,06:00,32.2,31.8,31.9,98.9,1.0,N@0.0,0.0,44.4,0.0,1,"St. Paul South, Marion County",810305,St. Paul South,2018-09-10 13:39:02.947562
2018-03-10,06:15,31.5,31.2,31.0,98.6,1.0,N@0.0,0.0,44.3,0.0,1,"St. Paul South, Marion County",810305,St. Paul South,2018-09-10 13:39:02.947562
2018-03-10,06:30,31.3,31.1,30.9,98.9,1.0,N@0.0,0.0,44.2,0.0,2,"St. Paul South, Marion County",810305,St. Paul South,2018-09-10 13:39:02.947562
2018-03-10,06:45,31.5,31.3,31.0,99.0,1.0,N@0.0,0.0,44.2,0.0,8,"St. Paul South, Marion County",810305,St. Paul South,2018-09-10 13:39:02.947562
2018-03-10,07:00,31.6,31.2,31.1,98.9,1.0,N@0.0,0.0,44.1,0.0,30,"St. Paul South, Marion County",810305,St. Paul South,2018-09-10 13:39:02.947562
2018-03-10,07:15,32.2,31.8,32.0,99.0,1.0,N@0.0,0.0,44.0,0.0,67,"St. Paul South, Marion County",810305,St. Paul South,2018-09-10 13:39:02.947562
2018-03-10,07:30,34.6,34.1,34.3,99.1,1.0,N@0.0,0.0,43.9,0.0,116,"St. Paul South, Marion County",810305,St. Paul South,2018-09-10 13:39:02.947562
2018-03-10,07:45,36.2,35.8,35.8,98.5,1.0,N@0.0,0.0,43.8,0.0,160,"St. Paul South, Marion County",810305,St. Paul South,2018-09-10 13:39:02.947562
2018-03-10,08:00,37.8,37.4,37.3,98.0,1.0,N@0.0,0.0,43.7,0.0,199,"St. Paul South, Marion County",810305,St. Paul South,2018-09-10 13:39:02.947562
2018-03-10,08:15,39.2,38.5,38.2,96.5,1.0,N@0.0,0.0,43.6,0.0,238,"St. Paul South, Marion County",810305,St. Paul South,2018-09-10 13:39:02.947562
2018-03-10,08:30,40.4,39.9,38.6,93.4,1.0,N@0.0,0.0,43.6,0.0,279,"St. Paul South, Marion County",810305,St. Paul South,2018-09-10 13:39:02.947562
2018-03-10,08:45,41.3,40.7,38.0,87.9,1.0,N@0.0,0.0,43.5,0.0,322,"St. Paul South, Marion County",810305,St. Paul South,2018-09-10 13:39:02.947562
2018-03-10,09:00,42.4,41.6,37.7,83.3,0.94,N@0.0,0.0,43.4,0.0,363,"St. Paul South, Marion County",810305,St. Paul South,2018-09-10 13:39:02.947562
2018-03-10,09:15,43.7,43.1,37.6,78.9,0.0,N@0.0,0.0,43.4,0.0,401,"St. Paul South, Marion County",810305,St. Paul South,2018-09-10 13:39:02.947562
2018-03-10,09:30,44.9,43.9,37.9,76.1,0.0,N@0.0,0.0,43.3,0.0,438,"St. Paul South, Marion County",810305,St. Paul South,2018-09-10 13:39:02.947562
2018-03-10,09:45,45.9,45.3,38.3,74.6,0.0,N@0.0,0.0,43.3,0.0,474,"St. Paul South, Marion County",810305,St. Paul South,2018-09-10 13:39:02.947562
2018-03-10,10:00,47.4,46.7,38.7,71.8,0.0,N@1.0,12.8,43.2,0.0,508,"St. Paul South, Marion County",810305,St. Paul South,2018-09-10 13:39:02.947562
2018-03-10,10:15,48.1,47.9,38.7,69.7,0.0,NE@0.5,8.2,43.2,0.0,539,"St. Paul South, Marion County",810305,St. Paul South,2018-09-10 13:39:02.947562
2018-03-10,10:30,49.0,48.8,39.1,68.4,0.0,NE@0.9,7.8,43.2,0.0,568,"St. Paul South, Marion County",810305,St. Paul South,2018-09-10 13:39:02.947562
2018-03-10,10:45,50.1,49.9,39.5,66.8,0.02,NE@0.5,6.7,43.2,0.0,595,"St. Paul South, Marion County",810305,St. Paul South,2018-09-10 13:39:02.947562
2018-03-10,11:00,50.8,50.4,39.6,65.3,0.0,N@1.1,7.1,43.2,0.0,617,"St. Paul South, Marion County",810305,St. Paul South,2018-09-10 13:39:02.947562
2018-03-10,11:15,51.5,51.2,39.8,64.0,0.0,NE@1.4,8.9,43.3,0.0,638,"St. Paul South, Marion County",810305,St. Paul South,2018-09-10 13:39:02.947562
2018-03-10,11:30,52.5,52.3,40.8,64.4,0.0,NE@3.6,9.9,43.4,0.0,653,"St. Paul South, Marion County",810305,St. Paul South,2018-09-10 13:39:02.947562
2018-03-10,11:45,53.6,53.1,41.0,62.1,0.0,NE@0.4,7.1,43.5,0.0,672,"St. Paul South, Marion County",810305,St. Paul South,2018-09-10 13:39:02.947562
2018-03-10,12:00,54.8,54.0,41.0,59.4,0.0,N@0.0,0.0,43.6,0.0,677,"St. Paul South, Marion County",810305,St. Paul South,2018-09-10 13:39:02.947562
2018-03-10,12:15,55.3,54.9,41.2,58.9,0.0,N@0.0,0.0,43.7,0.0,653,"St. Paul South, Marion County",810305,St. Paul South,2018-09-10 13:39:02.947562
2018-03-10,12:30,55.6,55.3,41.0,57.8,0.0,N@0.0,0.0,43.8,0.0,563,"St. Paul South, Marion County",810305,St. Paul South,2018-09-10 13:39:02.947562
2018-03-10,12:45,56.7,56.3,41.2,55.9,0.0,N@0.0,0.0,44.0,0.0,474,"St. Paul South, Marion County",810305,St. Paul South,2018-09-10 13:39:02.947562
2018-03-10,13:00,56.9,56.6,41.5,56.2,0.0,NW@0.0,1.4,44.2,0.0,396,"St. Paul South, Marion County",810305,St. Paul South,2018-09-10 13:39:02.947562
2018-03-10,13:15,57.2,56.7,42.1,57.0,0.0,NW@0.1,7.4,44.4,0.0,501,"St. Paul South, Marion County",810305,St. Paul South,2018-09-10 13:39:02.947562
2018-03-10,13:30,57.9,57.4,41.9,55.1,0.0,W@1.3,7.4,44.6,0.0,672,"St. Paul South, Marion County",810305,St. Paul South,2018-09-10 13:39:02.947562
2018-03-10,13:45,58.2,57.6,41.6,54.0,0.0,N@0.0,0.0,44.8,0.0,346,"St. Paul South, Marion County",810305,St. Paul South,2018-09-10 13:39:02.947562
2018-03-10,14:00,57.9,57.5,40.7,52.6,0.0,N@0.0,0.0,45.0,0.0,235,"St. Paul South, Marion County",810305,St. Paul South,2018-09-10 13:39:02.947562
2018-03-10,14:15,58.2,57.8,41.5,53.7,0.0,N@0.0,0.0,45.2,0.0,303,"St. Paul South, Marion County",810305,St. Paul South,2018-09-10 13:39:02.947562
2018-03-10,14:30,58.7,58.3,41.4,52.6,0.0,N@0.0,0.0,45.4,0.0,256,"St. Paul South, Marion County",810305,St. Paul South,2018-09-10 13:39:02.947562
2018-03-10,14:45,58.8,58.5,41.3,52.1,0.0,N@0.0,0.0,45.6,0.0,269,"St. Paul South, Marion County",810305,St. Paul South,2018-09-10 13:39:02.947562
2018-03-10,15:00,59.5,59.1,41.6,51.4,0.0,N@0.0,0.0,45.7,0.0,317,"St. Paul South, Marion County",810305,St. Paul South,2018-09-10 13:39:02.947562
2018-03-10,15:15,59.6,59.3,41.5,51.1,0.0,N@0.0,0.0,45.9,0.0,279,"St. Paul South, Marion County",810305,St. Paul South,2018-09-10 13:39:02.947562
2018-03-10,15:30,60.0,59.7,41.4,50.2,0.0,N@0.0,0.0,46.0,0.0,306,"St. Paul South, Marion County",810305,St. Paul South,2018-09-10 13:39:02.947562
2018-03-10,15:45,60.7,60.2,41.2,48.6,0.0,N@0.0,0.0,46.2,0.0,318,"St. Paul South, Marion County",810305,St. Paul South,2018-09-10 13:39:02.947562
2018-03-10,16:00,60.8,60.3,41.3,48.6,0.0,N@0.0,0.0,46.3,0.0,230,"St. Paul South, Marion County",810305,St. Paul South,2018-09-10 13:39:02.947562
2018-03-10,16:15,61.1,60.8,41.6,48.6,0.0,N@0.0,0.0,46.4,0.0,316,"St. Paul South, Marion County",810305,St. Paul South,2018-09-10 13:39:02.947562
2018-03-10,16:30,61.7,61.2,41.2,46.7,0.0,N@0.0,0.0,46.6,0.0,301,"St. Paul South, Marion County",810305,St. Paul South,2018-09-10 13:39:02.947562
2018-03-10,16:45,61.1,60.8,42.5,50.2,0.0,N@0.0,0.0,46.7,0.0,204,"St. Paul South, Marion County",810305,St. Paul South,2018-09-10 13:39:02.947562
2018-03-10,17:00,59.7,59.4,44.6,57.2,0.0,W@0.5,7.1,46.8,0.0,140,"St. Paul South, Marion County",810305,St. Paul South,2018-09-10 13:39:02.947562
2018-03-10,17:15,58.6,58.4,45.3,61.1,0.0,N@0.0,0.0,46.9,0.0,104,"St. Paul South, Marion County",810305,St. Paul South,2018-09-10 13:39:02.947562
2018-03-10,17:30,58.0,57.8,44.8,61.2,0.0,N@0.0,0.0,47.0,0.0,74,"St. Paul South, Marion County",810305,St. Paul South,2018-09-10 13:39:02.947562
2018-03-10,17:45,57.2,56.9,44.8,63.2,0.0,N@0.0,0.0,47.1,0.0,42,"St. Paul South, Marion County",810305,St. Paul South,2018-09-10 13:39:02.947562
2018-03-10,18:00,56.1,55.7,46.1,69.2,0.0,N@0.0,0.0,47.2,0.0,17,"St. Paul South, Marion County",810305,St. Paul South,2018-09-10 13:39:02.947562
2018-03-10,18:15,54.7,54.4,46.5,73.7,0.0,N@0.0,0.0,47.3,0.0,4,"St. Paul South, Marion County",810305,St. Paul South,2018-09-10 13:39:02.947562
2018-03-10,18:30,53.7,53.6,45.8,74.4,0.0,N@0.0,0.0,47.4,0.0,1,"St. Paul South, Marion County",810305,St. Paul South,2018-09-10 13:39:02.947562
2018-03-10,18:45,53.0,52.8,46.1,77.3,0.0,N@0.0,0.0,47.4,0.0,0,"St. Paul South, Marion County",810305,St. Paul South,2018-09-10 13:39:02.947562
2018-03-10,19:00,51.9,51.8,46.0,80.3,0.0,N@0.0,0.0,47.5,0.0,0,"St. Paul South, Marion County",810305,St. Paul South,2018-09-10 13:39:02.947562
2018-03-10,19:15,51.4,51.4,45.4,79.9,0.0,N@0.0,0.0,47.5,0.0,0,"St. Paul South, Marion County",810305,St. Paul South,2018-09-10 13:39:02.947562
2018-03-10,19:30,51.7,51.6,44.9,77.5,0.0,N@0.0,0.0,47.6,0.0,0,"St. Paul South, Marion County",810305,St. Paul South,2018-09-10 13:39:02.947562
2018-03-10,19:45,51.2,51.1,45.1,79.7,0.0,N@0.0,0.0,47.6,0.0,0,"St. Paul South, Marion County",810305,St. Paul South,2018-09-10 13:39:02.947562
2018-03-10,20:00,51.6,51.7,45.1,78.2,0.0,S@2.4,7.1,47.6,0.0,0,"St. Paul South, Marion County",810305,St. Paul South,2018-09-10 13:39:02.947562
2018-03-10,20:15,51.6,51.6,45.3,78.9,0.19,S@0.0,3.5,47.6,0.0,0,"St. Paul South, Marion County",810305,St. Paul South,2018-09-10 13:39:02.947562
2018-03-10,20:30,51.3,51.2,45.7,81.0,0.48,N@0.0,0.0,47.6,0.0,0,"St. Paul South, Marion County",810305,St. Paul South,2018-09-10 13:39:02.947562
2018-03-10,20:45,50.9,50.9,45.7,82.1,0.0,SW@0.6,5.7,47.6,0.0,0,"St. Paul South, Marion County",810305,St. Paul South,2018-09-10 13:39:02.947562
2018-03-10,21:00,51.0,51.1,45.5,81.1,0.5,N@0.0,0.0,47.6,0.0,0,"St. Paul South, Marion County",810305,St. Paul South,2018-09-10 13:39:02.947562
2018-03-10,21:15,51.3,51.3,45.4,80.2,0.0,N@0.0,0.0,47.6,0.0,0,"St. Paul South, Marion County",810305,St. Paul South,2018-09-10 13:39:02.947562
2018-03-10,21:30,51.0,50.9,45.6,81.6,0.39,N@0.0,0.0,47.6,0.0,0,"St. Paul South, Marion County",810305,St. Paul South,2018-09-10 13:39:02.947562
2018-03-10,21:45,50.9,50.8,45.6,81.8,0.9,N@0.0,0.0,47.6,0.0,0,"St. Paul South, Marion County",810305,St. Paul South,2018-09-10 13:39:02.947562
2018-03-10,22:00,50.3,50.1,46.1,85.4,1.0,N@0.0,0.0,47.5,0.0,0,"St. Paul South, Marion County",810305,St. Paul South,2018-09-10 13:39:02.947562
2018-03-10,22:15,49.8,49.6,46.3,87.5,1.0,N@0.0,0.0,47.5,0.0,0,"St. Paul South, Marion County",810305,St. Paul South,2018-09-10 13:39:02.947562
2018-03-10,22:30,49.4,49.4,46.2,88.7,1.0,E@1.2,8.9,47.5,0.0,0,"St. Paul South, Marion County",810305,St. Paul South,2018-09-10 13:39:02.947562
2018-03-10,22:45,49.5,49.5,46.4,89.0,1.0,N@0.0,0.0,47.5,0.0,0,"St. Paul South, Marion County",810305,St. Paul South,2018-09-10 13:39:02.947562
2018-03-10,23:00,49.5,49.6,46.5,89.3,1.0,N@0.0,0.0,47.5,0.0,0,"St. Paul South, Marion County",810305,St. Paul South,2018-09-10 13:39:02.947562
