Date,Time PST,Air Temp °F, 2<sup>nd</sup> Air Temp °F, Dew Point °F, Rel Hum %, Leaf Wet u., Wind Dir @ Speed mph, Wind Gust mph, 2 in. Soil Tmp °F, 8 in. Soil Tmp °F, Soil VWC %, Tot Prec in, Solar Rad W/m², Atm. Press. inHg,Location,Station ID,Station Name,Download Timestamp
2012-09-22,00:15,52.8,52.9,46.3,78.7,0.0,NW@2.5,3.9,,72.1,0.0,0.0,0,,"Arrowhead, Okanogan County",331106,Arrowhead,2017-12-15 03:26:39.169865
2012-09-22,00:30,52.6,52.7,46.1,78.6,0.0,NW@2.5,3.9,,72.0,0.0,0.0,0,,"Arrowhead, Okanogan County",331106,Arrowhead,2017-12-15 03:26:39.169865
2012-09-22,00:45,50.9,51.1,46.2,83.9,0.0,NW@2.4,3.5,,71.9,0.0,0.0,0,,"Arrowhead, Okanogan County",331106,Arrowhead,2017-12-15 03:26:39.169865
2012-09-22,01:00,50.2,50.3,45.8,84.8,0.01,NW@3.1,3.9,,71.7,0.0,0.0,0,,"Arrowhead, Okanogan County",331106,Arrowhead,2017-12-15 03:26:39.169865
2012-09-22,01:15,50.6,50.9,45.9,83.9,0.0,NW@1.7,3.5,,71.6,0.0,0.0,0,,"Arrowhead, Okanogan County",331106,Arrowhead,2017-12-15 03:26:39.169865
2012-09-22,01:30,49.5,49.6,45.2,85.0,0.0,NW@2.5,3.1,,71.5,0.0,0.0,0,,"Arrowhead, Okanogan County",331106,Arrowhead,2017-12-15 03:26:39.169865
2012-09-22,01:45,49.8,50.1,45.2,84.0,0.0,NW@2.4,3.9,,71.4,0.0,0.0,0,,"Arrowhead, Okanogan County",331106,Arrowhead,2017-12-15 03:26:39.169865
2012-09-22,02:00,49.6,49.8,44.2,81.8,0.0,NW@2.0,4.2,,71.2,0.0,0.0,0,,"Arrowhead, Okanogan County",331106,Arrowhead,2017-12-15 03:26:39.169865
2012-09-22,02:15,50.7,51.2,44.7,79.6,0.0,NW@2.0,3.9,,71.1,0.0,0.0,0,,"Arrowhead, Okanogan County",331106,Arrowhead,2017-12-15 03:26:39.169865
2012-09-22,02:30,50.1,50.0,44.4,80.7,0.0,N@2.4,3.9,,71.0,0.0,0.0,0,,"Arrowhead, Okanogan County",331106,Arrowhead,2017-12-15 03:26:39.169865
2012-09-22,02:45,48.9,49.0,44.3,84.1,0.0,NW@2.0,2.8,,70.8,0.0,0.0,0,,"Arrowhead, Okanogan County",331106,Arrowhead,2017-12-15 03:26:39.169865
2012-09-22,03:00,47.9,47.9,44.3,87.1,0.03,N@2.9,3.5,,70.7,0.0,0.0,0,,"Arrowhead, Okanogan County",331106,Arrowhead,2017-12-15 03:26:39.169865
2012-09-22,03:15,47.2,47.2,44.5,90.2,0.11,N@3.0,3.9,,70.5,0.0,0.0,0,,"Arrowhead, Okanogan County",331106,Arrowhead,2017-12-15 03:26:39.169865
2012-09-22,03:30,48.7,49.1,44.7,85.9,0.1,N@2.5,3.5,,70.4,0.0,0.0,0,,"Arrowhead, Okanogan County",331106,Arrowhead,2017-12-15 03:26:39.169865
2012-09-22,03:45,49.8,49.8,44.2,80.9,0.0,NW@3.0,4.2,,70.3,0.0,0.0,0,,"Arrowhead, Okanogan County",331106,Arrowhead,2017-12-15 03:26:39.169865
2012-09-22,04:00,49.2,49.5,43.8,81.4,0.0,NW@2.7,4.6,,70.1,0.0,0.0,0,,"Arrowhead, Okanogan County",331106,Arrowhead,2017-12-15 03:26:39.169865
2012-09-22,04:15,49.7,50.1,44.5,82.2,0.0,NW@1.6,3.5,,70.0,0.0,0.0,0,,"Arrowhead, Okanogan County",331106,Arrowhead,2017-12-15 03:26:39.169865
2012-09-22,04:30,47.9,48.1,43.3,84.0,0.0,NW@2.7,3.9,,69.9,0.0,0.0,0,,"Arrowhead, Okanogan County",331106,Arrowhead,2017-12-15 03:26:39.169865
2012-09-22,04:45,48.1,48.4,43.7,84.7,0.0,NW@3.0,4.2,,69.7,0.0,0.0,0,,"Arrowhead, Okanogan County",331106,Arrowhead,2017-12-15 03:26:39.169865
2012-09-22,05:00,48.8,48.9,43.0,80.2,0.0,NW@2.7,4.2,,69.6,0.0,0.0,0,,"Arrowhead, Okanogan County",331106,Arrowhead,2017-12-15 03:26:39.169865
2012-09-22,05:15,46.4,46.4,43.5,89.4,0.07,N@2.4,3.1,,69.5,0.0,0.0,0,,"Arrowhead, Okanogan County",331106,Arrowhead,2017-12-15 03:26:39.169865
2012-09-22,05:30,46.6,46.7,43.2,87.8,0.1,NW@2.8,3.5,,69.3,0.0,0.0,0,,"Arrowhead, Okanogan County",331106,Arrowhead,2017-12-15 03:26:39.169865
2012-09-22,05:45,46.8,46.9,43.4,87.9,0.11,N@2.5,3.1,,69.2,0.0,0.0,1,,"Arrowhead, Okanogan County",331106,Arrowhead,2017-12-15 03:26:39.169865
2012-09-22,06:00,47.5,47.6,44.1,87.9,0.13,NW@2.5,3.1,,69.0,0.0,0.0,8,,"Arrowhead, Okanogan County",331106,Arrowhead,2017-12-15 03:26:39.169865
2012-09-22,06:15,46.7,46.9,44.1,90.5,0.14,NW@3.0,3.5,,68.9,0.0,0.0,18,,"Arrowhead, Okanogan County",331106,Arrowhead,2017-12-15 03:26:39.169865
2012-09-22,06:30,48.1,48.4,44.7,88.0,0.12,NW@2.0,3.1,,68.8,0.0,0.0,34,,"Arrowhead, Okanogan County",331106,Arrowhead,2017-12-15 03:26:39.169865
2012-09-22,06:45,49.2,49.5,45.1,85.6,0.04,W@2.2,3.5,,68.6,0.0,0.0,50,,"Arrowhead, Okanogan County",331106,Arrowhead,2017-12-15 03:26:39.169865
2012-09-22,07:00,50.5,50.7,46.0,84.3,0.0,W@2.3,3.1,,68.5,0.0,0.0,57,,"Arrowhead, Okanogan County",331106,Arrowhead,2017-12-15 03:26:39.169865
2012-09-22,07:15,52.2,52.5,47.7,84.5,0.0,W@2.5,3.9,,68.4,0.0,0.0,90,,"Arrowhead, Okanogan County",331106,Arrowhead,2017-12-15 03:26:39.169865
2012-09-22,07:30,52.9,53.4,48.1,83.6,0.0,N@1.8,2.4,,68.3,0.0,0.0,172,,"Arrowhead, Okanogan County",331106,Arrowhead,2017-12-15 03:26:39.169865
2012-09-22,07:45,55.8,56.3,46.2,70.0,0.0,N@1.6,2.8,,68.1,0.0,0.0,213,,"Arrowhead, Okanogan County",331106,Arrowhead,2017-12-15 03:26:39.169865
2012-09-22,08:00,57.8,58.2,46.3,65.4,0.0,SE@2.0,3.9,,68.0,0.0,0.0,252,,"Arrowhead, Okanogan County",331106,Arrowhead,2017-12-15 03:26:39.169865
2012-09-22,08:15,58.7,58.6,47.4,66.0,0.0,NE@2.8,4.6,,67.9,0.0,0.0,289,,"Arrowhead, Okanogan County",331106,Arrowhead,2017-12-15 03:26:39.169865
2012-09-22,08:30,61.3,61.2,46.0,57.1,0.0,E@2.3,4.6,,67.8,0.0,0.0,331,,"Arrowhead, Okanogan County",331106,Arrowhead,2017-12-15 03:26:39.169865
2012-09-22,08:45,62.4,62.4,45.3,53.5,0.0,N@1.6,4.2,,67.6,0.0,0.0,366,,"Arrowhead, Okanogan County",331106,Arrowhead,2017-12-15 03:26:39.169865
2012-09-22,09:00,63.3,63.4,45.2,51.6,0.0,SW@2.7,4.2,,67.5,0.0,0.0,397,,"Arrowhead, Okanogan County",331106,Arrowhead,2017-12-15 03:26:39.169865
2012-09-22,09:15,63.3,63.6,46.9,55.0,0.0,W@3.1,6.4,,67.4,0.0,0.0,227,,"Arrowhead, Okanogan County",331106,Arrowhead,2017-12-15 03:26:39.169865
2012-09-22,09:30,63.3,63.4,45.9,52.9,0.0,SW@3.7,6.4,,67.3,0.0,0.0,227,,"Arrowhead, Okanogan County",331106,Arrowhead,2017-12-15 03:26:39.169865
2012-09-22,09:45,64.2,64.4,45.7,51.0,0.0,SW@2.7,4.9,,67.3,0.0,0.0,346,,"Arrowhead, Okanogan County",331106,Arrowhead,2017-12-15 03:26:39.169865
2012-09-22,10:00,66.7,66.8,43.6,43.1,0.0,SW@3.1,5.3,,67.2,0.0,0.0,413,,"Arrowhead, Okanogan County",331106,Arrowhead,2017-12-15 03:26:39.169865
2012-09-22,10:15,68.6,68.8,41.9,37.9,0.0,SW@3.0,4.6,,67.2,0.0,0.0,538,,"Arrowhead, Okanogan County",331106,Arrowhead,2017-12-15 03:26:39.169865
2012-09-22,10:30,70.0,69.9,41.8,35.9,0.0,S@3.1,4.6,,67.1,0.0,0.0,558,,"Arrowhead, Okanogan County",331106,Arrowhead,2017-12-15 03:26:39.169865
2012-09-22,10:45,71.0,71.2,42.1,35.1,0.0,S@3.0,4.2,,67.1,0.0,0.0,542,,"Arrowhead, Okanogan County",331106,Arrowhead,2017-12-15 03:26:39.169865
2012-09-22,11:00,71.8,71.8,43.8,36.4,0.0,SW@2.7,3.9,,67.1,0.0,0.0,565,,"Arrowhead, Okanogan County",331106,Arrowhead,2017-12-15 03:26:39.169865
2012-09-22,11:15,72.4,72.5,43.3,35.1,0.0,S@3.4,4.9,,67.1,0.0,0.0,585,,"Arrowhead, Okanogan County",331106,Arrowhead,2017-12-15 03:26:39.169865
2012-09-22,11:30,72.3,72.3,43.0,34.8,0.0,SW@2.8,4.9,,67.2,0.0,0.0,356,,"Arrowhead, Okanogan County",331106,Arrowhead,2017-12-15 03:26:39.169865
2012-09-22,11:45,74.5,74.8,43.0,32.4,0.0,SW@2.9,4.6,,67.2,0.0,0.0,509,,"Arrowhead, Okanogan County",331106,Arrowhead,2017-12-15 03:26:39.169865
2012-09-22,12:00,74.4,74.4,46.6,37.2,0.0,N@2.5,4.6,,67.3,0.0,0.0,278,,"Arrowhead, Okanogan County",331106,Arrowhead,2017-12-15 03:26:39.169865
2012-09-22,12:15,74.8,75.0,43.9,33.1,0.0,SW@2.4,4.2,,67.4,0.0,0.0,405,,"Arrowhead, Okanogan County",331106,Arrowhead,2017-12-15 03:26:39.169865
2012-09-22,12:30,75.6,75.6,43.0,31.2,0.0,W@3.3,5.3,,67.5,0.0,0.0,245,,"Arrowhead, Okanogan County",331106,Arrowhead,2017-12-15 03:26:39.169865
2012-09-22,12:45,72.3,72.0,49.0,43.8,0.0,SW@5.5,8.9,,67.6,0.0,0.0,201,,"Arrowhead, Okanogan County",331106,Arrowhead,2017-12-15 03:26:39.169865
2012-09-22,13:00,72.5,72.7,47.9,41.7,0.0,SW@3.7,5.7,,67.8,0.0,0.0,214,,"Arrowhead, Okanogan County",331106,Arrowhead,2017-12-15 03:26:39.169865
2012-09-22,13:15,73.5,73.5,46.8,38.5,0.0,W@3.9,5.7,,67.9,0.0,0.0,206,,"Arrowhead, Okanogan County",331106,Arrowhead,2017-12-15 03:26:39.169865
2012-09-22,13:30,72.7,72.9,53.2,50.4,0.0,N@2.2,5.3,,68.1,0.0,0.0,220,,"Arrowhead, Okanogan County",331106,Arrowhead,2017-12-15 03:26:39.169865
2012-09-22,13:45,72.4,72.6,53.8,52.0,0.0,W@3.0,4.9,,68.2,0.0,0.0,196,,"Arrowhead, Okanogan County",331106,Arrowhead,2017-12-15 03:26:39.169865
2012-09-22,14:00,71.6,71.6,50.1,46.6,0.0,SW@5.5,8.5,,68.4,0.0,0.0,157,,"Arrowhead, Okanogan County",331106,Arrowhead,2017-12-15 03:26:39.169865
2012-09-22,14:15,71.6,71.7,49.4,45.3,0.0,W@4.6,8.5,,68.6,0.0,0.0,125,,"Arrowhead, Okanogan County",331106,Arrowhead,2017-12-15 03:26:39.169865
2012-09-22,14:30,69.9,69.8,52.1,53.2,0.0,NW@3.0,4.2,,68.8,0.0,0.0,85,,"Arrowhead, Okanogan County",331106,Arrowhead,2017-12-15 03:26:39.169865
2012-09-22,14:45,68.7,68.6,53.5,58.4,0.0,N@3.7,6.7,,68.9,0.0,0.0,96,,"Arrowhead, Okanogan County",331106,Arrowhead,2017-12-15 03:26:39.169865
2012-09-22,15:00,69.1,69.2,53.7,57.8,0.0,N@4.6,8.5,,69.1,0.0,0.0,127,,"Arrowhead, Okanogan County",331106,Arrowhead,2017-12-15 03:26:39.169865
2012-09-22,15:15,70.1,70.3,53.2,54.9,0.0,W@4.5,8.2,,69.2,0.0,0.0,137,,"Arrowhead, Okanogan County",331106,Arrowhead,2017-12-15 03:26:39.169865
2012-09-22,15:30,70.6,70.8,49.7,47.4,0.0,W@6.8,11.4,,69.4,0.0,0.0,141,,"Arrowhead, Okanogan County",331106,Arrowhead,2017-12-15 03:26:39.169865
2012-09-22,15:45,71.8,71.9,48.2,43.2,0.0,W@5.9,9.6,,69.5,0.0,0.0,122,,"Arrowhead, Okanogan County",331106,Arrowhead,2017-12-15 03:26:39.169865
2012-09-22,16:00,71.2,71.3,49.6,46.4,0.0,SW@4.9,7.8,,69.6,0.0,0.0,113,,"Arrowhead, Okanogan County",331106,Arrowhead,2017-12-15 03:26:39.169865
2012-09-22,16:15,70.7,70.8,50.0,47.9,0.0,NW@4.3,6.4,,69.7,0.0,0.0,144,,"Arrowhead, Okanogan County",331106,Arrowhead,2017-12-15 03:26:39.169865
2012-09-22,16:30,71.5,71.6,51.1,48.5,0.0,NW@4.4,6.0,,69.8,0.0,0.0,107,,"Arrowhead, Okanogan County",331106,Arrowhead,2017-12-15 03:26:39.169865
2012-09-22,16:45,69.6,69.7,52.2,53.9,0.0,N@4.2,6.4,,69.9,0.0,0.0,64,,"Arrowhead, Okanogan County",331106,Arrowhead,2017-12-15 03:26:39.169865
2012-09-22,17:00,71.3,71.7,49.9,46.7,0.0,SE@1.5,3.1,,70.0,0.0,0.0,62,,"Arrowhead, Okanogan County",331106,Arrowhead,2017-12-15 03:26:39.169865
2012-09-22,17:15,68.4,68.3,56.0,64.6,0.0,N@2.9,5.7,,70.1,0.0,0.0,37,,"Arrowhead, Okanogan County",331106,Arrowhead,2017-12-15 03:26:39.169865
2012-09-22,17:30,65.1,65.4,54.8,69.4,0.0,NW@2.9,4.6,,70.2,0.0,0.0,20,,"Arrowhead, Okanogan County",331106,Arrowhead,2017-12-15 03:26:39.169865
2012-09-22,17:45,66.0,66.2,53.1,62.9,0.0,N@2.9,4.2,,70.3,0.0,0.0,7,,"Arrowhead, Okanogan County",331106,Arrowhead,2017-12-15 03:26:39.169865
2012-09-22,18:00,64.4,64.3,53.1,66.7,0.0,N@5.0,6.7,,70.3,0.0,0.0,3,,"Arrowhead, Okanogan County",331106,Arrowhead,2017-12-15 03:26:39.169865
2012-09-22,18:15,64.7,64.8,51.7,62.6,0.0,N@3.4,5.7,,70.4,0.0,0.0,0,,"Arrowhead, Okanogan County",331106,Arrowhead,2017-12-15 03:26:39.169865
2012-09-22,18:30,61.7,61.7,53.3,73.8,0.0,N@3.1,4.9,,70.4,0.0,0.0,0,,"Arrowhead, Okanogan County",331106,Arrowhead,2017-12-15 03:26:39.169865
2012-09-22,18:45,60.5,60.6,52.2,74.1,0.0,NW@3.9,5.3,,70.5,0.0,0.0,0,,"Arrowhead, Okanogan County",331106,Arrowhead,2017-12-15 03:26:39.169865
2012-09-22,19:00,61.0,61.2,51.0,69.4,0.0,N@4.2,6.0,,70.5,0.0,0.0,0,,"Arrowhead, Okanogan County",331106,Arrowhead,2017-12-15 03:26:39.169865
2012-09-22,19:15,60.2,60.3,50.7,70.8,0.0,N@4.6,6.0,,70.5,0.0,0.0,0,,"Arrowhead, Okanogan County",331106,Arrowhead,2017-12-15 03:26:39.169865
2012-09-22,19:30,61.5,61.9,50.1,66.1,0.0,N@5.6,6.7,,70.5,0.0,0.0,0,,"Arrowhead, Okanogan County",331106,Arrowhead,2017-12-15 03:26:39.169865
2012-09-22,19:45,62.7,63.2,50.2,63.5,0.0,NE@4.3,6.7,,70.5,0.0,0.0,0,,"Arrowhead, Okanogan County",331106,Arrowhead,2017-12-15 03:26:39.169865
2012-09-22,20:00,65.0,65.2,49.4,57.0,0.0,N@3.0,4.9,,70.5,0.0,0.0,0,,"Arrowhead, Okanogan County",331106,Arrowhead,2017-12-15 03:26:39.169865
2012-09-22,20:15,61.9,62.2,51.1,67.6,0.0,N@4.2,6.7,,70.5,0.0,0.0,0,,"Arrowhead, Okanogan County",331106,Arrowhead,2017-12-15 03:26:39.169865
2012-09-22,20:30,65.1,65.6,49.5,56.8,0.0,NE@2.8,6.7,,70.5,0.0,0.0,0,,"Arrowhead, Okanogan County",331106,Arrowhead,2017-12-15 03:26:39.169865
2012-09-22,20:45,63.0,62.8,50.6,63.8,0.0,N@2.9,4.6,,70.5,0.0,0.0,0,,"Arrowhead, Okanogan County",331106,Arrowhead,2017-12-15 03:26:39.169865
2012-09-22,21:00,61.3,61.6,51.2,69.2,0.0,NW@2.7,3.5,,70.5,0.0,0.0,0,,"Arrowhead, Okanogan County",331106,Arrowhead,2017-12-15 03:26:39.169865
2012-09-22,21:15,59.5,59.5,51.8,75.4,0.0,NW@1.5,3.5,,70.4,0.0,0.0,0,,"Arrowhead, Okanogan County",331106,Arrowhead,2017-12-15 03:26:39.169865
2012-09-22,21:30,59.9,60.1,50.8,72.0,0.0,N@1.8,3.5,,70.4,0.0,0.0,0,,"Arrowhead, Okanogan County",331106,Arrowhead,2017-12-15 03:26:39.169865
2012-09-22,21:45,59.1,59.3,50.6,73.5,0.0,N@1.3,3.9,,70.3,0.0,0.0,0,,"Arrowhead, Okanogan County",331106,Arrowhead,2017-12-15 03:26:39.169865
2012-09-22,22:00,58.2,58.4,50.8,76.3,0.0,NW@2.4,3.9,,70.3,0.0,0.0,0,,"Arrowhead, Okanogan County",331106,Arrowhead,2017-12-15 03:26:39.169865
2012-09-22,22:15,59.4,59.8,51.0,73.6,0.0,NW@2.3,3.5,,70.3,0.0,0.0,0,,"Arrowhead, Okanogan County",331106,Arrowhead,2017-12-15 03:26:39.169865
2012-09-22,22:30,57.2,57.4,51.3,80.6,0.0,N@1.1,2.8,,70.2,0.0,0.0,0,,"Arrowhead, Okanogan County",331106,Arrowhead,2017-12-15 03:26:39.169865
2012-09-22,22:45,59.0,59.3,50.9,74.6,0.0,W@2.6,4.2,,70.1,0.0,0.0,0,,"Arrowhead, Okanogan County",331106,Arrowhead,2017-12-15 03:26:39.169865
2012-09-22,23:00,59.0,59.1,50.0,72.2,0.0,NW@1.3,3.9,,70.1,0.0,0.0,0,,"Arrowhead, Okanogan County",331106,Arrowhead,2017-12-15 03:26:39.169865
2012-09-23,23:15,57.0,57.2,50.8,79.6,0.0,N@2.8,4.9,,70.0,0.0,0.0,0,,"Arrowhead, Okanogan County",331106,Arrowhead,2017-12-15 03:26:39.169865
2012-09-23,23:30,59.3,59.8,50.2,71.8,0.0,N@3.6,4.9,,69.9,0.0,0.0,0,,"Arrowhead, Okanogan County",331106,Arrowhead,2017-12-15 03:26:39.169865
2012-09-23,23:45,59.0,59.2,51.0,74.7,0.0,W@1.8,4.6,,69.9,0.0,0.0,0,,"Arrowhead, Okanogan County",331106,Arrowhead,2017-12-15 03:26:39.169865
2012-09-23,24:00,58.8,58.6,51.3,76.2,0.0,NW@2.5,5.3,,69.8,0.0,0.0,0,,"Arrowhead, Okanogan County",331106,Arrowhead,2017-12-15 03:26:39.169865
2012-09-23,00:15,58.4,58.7,51.0,76.3,0.0,N@5.0,7.8,,69.7,0.0,0.0,0,,"Arrowhead, Okanogan County",331106,Arrowhead,2017-12-15 03:26:39.169865
2012-09-23,00:30,59.2,59.4,50.2,72.0,0.0,SW@2.5,4.6,,69.7,0.0,0.0,0,,"Arrowhead, Okanogan County",331106,Arrowhead,2017-12-15 03:26:39.169865
2012-09-23,00:45,59.8,59.8,50.6,71.6,0.0,NW@3.8,7.8,,69.6,0.0,0.0,0,,"Arrowhead, Okanogan County",331106,Arrowhead,2017-12-15 03:26:39.169865
2012-09-23,01:00,58.3,58.5,50.5,75.1,0.0,N@4.3,8.2,,69.5,0.0,0.0,0,,"Arrowhead, Okanogan County",331106,Arrowhead,2017-12-15 03:26:39.169865
2012-09-23,01:15,59.0,59.2,50.2,72.5,0.0,W@1.6,3.5,,69.4,0.0,0.0,0,,"Arrowhead, Okanogan County",331106,Arrowhead,2017-12-15 03:26:39.169865
2012-09-23,01:30,57.9,57.9,50.6,76.7,0.0,N@3.7,5.3,,69.4,0.0,0.0,0,,"Arrowhead, Okanogan County",331106,Arrowhead,2017-12-15 03:26:39.169865
2012-09-23,01:45,57.7,58.0,49.8,75.0,0.0,N@3.4,5.3,,69.3,0.0,0.0,0,,"Arrowhead, Okanogan County",331106,Arrowhead,2017-12-15 03:26:39.169865
2012-09-23,02:00,56.7,56.9,49.9,77.9,0.0,N@2.5,4.6,,69.2,0.0,0.0,0,,"Arrowhead, Okanogan County",331106,Arrowhead,2017-12-15 03:26:39.169865
2012-09-23,02:15,56.9,56.9,50.1,77.9,0.0,N@2.7,4.2,,69.2,0.0,0.0,0,,"Arrowhead, Okanogan County",331106,Arrowhead,2017-12-15 03:26:39.169865
2012-09-23,02:30,55.7,56.0,50.4,82.3,0.0,NW@3.4,6.0,,69.1,0.0,0.0,0,,"Arrowhead, Okanogan County",331106,Arrowhead,2017-12-15 03:26:39.169865
2012-09-23,02:45,56.4,56.5,50.1,79.4,0.0,N@2.5,4.2,,69.0,0.0,0.0,0,,"Arrowhead, Okanogan County",331106,Arrowhead,2017-12-15 03:26:39.169865
2012-09-23,03:00,56.0,56.2,49.7,79.3,0.0,NE@4.3,5.7,,69.0,0.0,0.0,0,,"Arrowhead, Okanogan County",331106,Arrowhead,2017-12-15 03:26:39.169865
2012-09-23,03:15,56.1,56.4,49.8,79.2,0.0,N@2.1,4.9,,68.9,0.0,0.0,0,,"Arrowhead, Okanogan County",331106,Arrowhead,2017-12-15 03:26:39.169865
2012-09-23,03:30,56.3,56.4,50.0,79.4,0.0,N@3.7,6.0,,68.8,0.0,0.0,0,,"Arrowhead, Okanogan County",331106,Arrowhead,2017-12-15 03:26:39.169865
2012-09-23,03:45,56.0,56.2,50.0,80.2,0.0,N@4.7,6.0,,68.8,0.0,0.0,0,,"Arrowhead, Okanogan County",331106,Arrowhead,2017-12-15 03:26:39.169865
2012-09-23,04:00,57.5,57.9,50.3,76.7,0.0,NW@1.8,3.5,,68.7,0.0,0.0,0,,"Arrowhead, Okanogan County",331106,Arrowhead,2017-12-15 03:26:39.169865
2012-09-23,04:15,55.4,55.2,49.8,81.5,0.0,NW@2.9,4.2,,68.6,0.0,0.0,0,,"Arrowhead, Okanogan County",331106,Arrowhead,2017-12-15 03:26:39.169865
2012-09-23,04:30,55.1,55.4,49.9,82.4,0.0,W@1.8,3.1,,68.6,0.0,0.0,0,,"Arrowhead, Okanogan County",331106,Arrowhead,2017-12-15 03:26:39.169865
2012-09-23,04:45,55.0,54.9,49.7,82.2,0.0,W@3.0,4.9,,68.5,0.0,0.0,0,,"Arrowhead, Okanogan County",331106,Arrowhead,2017-12-15 03:26:39.169865
2012-09-23,05:00,53.4,53.4,49.1,85.2,0.0,NW@2.2,4.2,,68.4,0.0,0.0,0,,"Arrowhead, Okanogan County",331106,Arrowhead,2017-12-15 03:26:39.169865
2012-09-23,05:15,52.0,52.0,48.4,87.6,0.05,N@2.7,4.6,,68.3,0.0,0.0,0,,"Arrowhead, Okanogan County",331106,Arrowhead,2017-12-15 03:26:39.169865
2012-09-23,05:30,54.2,54.7,49.3,83.5,0.02,SW@2.8,5.3,,68.3,0.0,0.0,0,,"Arrowhead, Okanogan County",331106,Arrowhead,2017-12-15 03:26:39.169865
2012-09-23,05:45,54.9,55.1,49.3,81.3,0.0,W@4.5,7.4,,68.2,0.0,0.0,1,,"Arrowhead, Okanogan County",331106,Arrowhead,2017-12-15 03:26:39.169865
2012-09-23,06:00,55.6,55.8,49.0,78.5,0.0,W@3.8,6.7,,68.1,0.0,0.0,4,,"Arrowhead, Okanogan County",331106,Arrowhead,2017-12-15 03:26:39.169865
2012-09-23,06:15,54.0,54.0,47.7,79.0,0.0,NW@3.0,5.7,,68.0,0.0,0.0,18,,"Arrowhead, Okanogan County",331106,Arrowhead,2017-12-15 03:26:39.169865
2012-09-23,06:30,54.4,54.8,47.6,77.6,0.0,SW@2.5,3.9,,68.0,0.0,0.0,44,,"Arrowhead, Okanogan County",331106,Arrowhead,2017-12-15 03:26:39.169865
2012-09-23,06:45,56.1,56.3,48.1,74.6,0.0,SW@2.6,4.6,,67.9,0.0,0.0,71,,"Arrowhead, Okanogan County",331106,Arrowhead,2017-12-15 03:26:39.169865
2012-09-23,07:00,54.8,54.8,48.6,79.6,0.0,NW@2.9,4.6,,67.8,0.0,0.0,55,,"Arrowhead, Okanogan County",331106,Arrowhead,2017-12-15 03:26:39.169865
2012-09-23,07:15,54.8,55.0,48.6,79.3,0.0,NW@2.3,3.9,,67.7,0.0,0.0,81,,"Arrowhead, Okanogan County",331106,Arrowhead,2017-12-15 03:26:39.169865
2012-09-23,07:30,55.9,55.8,49.2,78.3,0.0,NE@2.3,3.9,,67.7,0.0,0.0,138,,"Arrowhead, Okanogan County",331106,Arrowhead,2017-12-15 03:26:39.169865
2012-09-23,07:45,57.7,57.8,49.3,73.2,0.0,NE@2.7,3.9,,67.6,0.0,0.0,175,,"Arrowhead, Okanogan County",331106,Arrowhead,2017-12-15 03:26:39.169865
2012-09-23,08:00,58.5,58.5,49.2,71.1,0.0,NE@2.4,3.5,,67.5,0.0,0.0,177,,"Arrowhead, Okanogan County",331106,Arrowhead,2017-12-15 03:26:39.169865
2012-09-23,08:15,59.3,59.3,48.7,67.8,0.0,N@1.9,3.1,,67.4,0.0,0.0,167,,"Arrowhead, Okanogan County",331106,Arrowhead,2017-12-15 03:26:39.169865
2012-09-23,08:30,60.3,60.4,48.8,65.7,0.0,S@2.2,4.9,,67.3,0.0,0.0,242,,"Arrowhead, Okanogan County",331106,Arrowhead,2017-12-15 03:26:39.169865
2012-09-23,08:45,61.4,61.5,48.6,62.7,0.0,SW@2.9,4.2,,67.3,0.0,0.0,350,,"Arrowhead, Okanogan County",331106,Arrowhead,2017-12-15 03:26:39.169865
2012-09-23,09:00,62.4,62.4,48.0,59.3,0.0,SW@3.2,4.9,,67.2,0.0,0.0,402,,"Arrowhead, Okanogan County",331106,Arrowhead,2017-12-15 03:26:39.169865
2012-09-23,09:15,63.9,63.9,48.2,56.7,0.0,S@3.7,5.3,,67.1,0.0,0.0,417,,"Arrowhead, Okanogan County",331106,Arrowhead,2017-12-15 03:26:39.169865
2012-09-23,09:30,64.5,64.5,48.4,55.8,0.0,S@3.3,5.3,,67.1,0.0,0.0,315,,"Arrowhead, Okanogan County",331106,Arrowhead,2017-12-15 03:26:39.169865
2012-09-23,09:45,65.3,65.5,47.8,53.1,0.0,SW@1.9,3.1,,67.0,0.0,0.0,313,,"Arrowhead, Okanogan County",331106,Arrowhead,2017-12-15 03:26:39.169865
2012-09-23,10:00,66.5,66.7,48.0,51.2,0.0,SW@2.6,4.2,,67.0,0.0,0.0,403,,"Arrowhead, Okanogan County",331106,Arrowhead,2017-12-15 03:26:39.169865
2012-09-23,10:15,67.2,67.3,48.1,50.1,0.0,S@3.6,5.3,,67.0,0.0,0.0,520,,"Arrowhead, Okanogan County",331106,Arrowhead,2017-12-15 03:26:39.169865
2012-09-23,10:30,69.7,69.9,48.0,45.9,0.0,SW@3.0,4.9,,66.9,0.0,0.0,597,,"Arrowhead, Okanogan County",331106,Arrowhead,2017-12-15 03:26:39.169865
2012-09-23,10:45,70.6,70.5,48.0,44.6,0.0,S@3.7,4.9,,66.9,0.0,0.0,578,,"Arrowhead, Okanogan County",331106,Arrowhead,2017-12-15 03:26:39.169865
2012-09-23,11:00,72.0,72.2,47.4,41.6,0.0,S@3.4,4.6,,67.0,0.0,0.0,572,,"Arrowhead, Okanogan County",331106,Arrowhead,2017-12-15 03:26:39.169865
2012-09-23,11:15,73.4,73.4,47.8,40.2,0.0,S@3.7,5.7,,67.0,0.0,0.0,570,,"Arrowhead, Okanogan County",331106,Arrowhead,2017-12-15 03:26:39.169865
2012-09-23,11:30,75.0,75.1,47.5,37.7,0.0,SW@4.0,7.1,,67.1,0.0,0.0,561,,"Arrowhead, Okanogan County",331106,Arrowhead,2017-12-15 03:26:39.169865
2012-09-23,11:45,75.9,76.0,48.1,37.4,0.0,NW@3.0,4.9,,67.1,0.0,0.0,560,,"Arrowhead, Okanogan County",331106,Arrowhead,2017-12-15 03:26:39.169865
2012-09-23,12:00,76.7,76.8,48.9,37.5,0.0,SW@2.9,4.9,,67.2,0.0,0.0,562,,"Arrowhead, Okanogan County",331106,Arrowhead,2017-12-15 03:26:39.169865
2012-09-23,12:15,76.8,76.8,48.4,36.8,0.0,SW@3.9,6.0,,67.3,0.0,0.0,561,,"Arrowhead, Okanogan County",331106,Arrowhead,2017-12-15 03:26:39.169865
2012-09-23,12:30,78.4,78.4,47.8,34.1,0.0,SW@4.8,6.7,,67.4,0.0,0.0,557,,"Arrowhead, Okanogan County",331106,Arrowhead,2017-12-15 03:26:39.169865
2012-09-23,12:45,77.9,77.7,48.6,35.7,0.0,SW@5.1,6.7,,67.5,0.0,0.0,548,,"Arrowhead, Okanogan County",331106,Arrowhead,2017-12-15 03:26:39.169865
2012-09-23,13:00,78.1,78.1,48.3,35.0,0.0,SW@4.2,6.0,,67.7,0.0,0.0,538,,"Arrowhead, Okanogan County",331106,Arrowhead,2017-12-15 03:26:39.169865
2012-09-23,13:15,79.6,79.7,48.7,33.9,0.0,SW@4.0,6.4,,67.9,0.0,0.0,525,,"Arrowhead, Okanogan County",331106,Arrowhead,2017-12-15 03:26:39.169865
2012-09-23,13:30,79.8,79.7,48.7,33.6,0.0,SW@3.7,5.3,,68.0,0.0,0.0,508,,"Arrowhead, Okanogan County",331106,Arrowhead,2017-12-15 03:26:39.169865
2012-09-23,13:45,80.0,80.2,48.7,33.4,0.0,SW@3.6,5.7,,68.2,0.0,0.0,486,,"Arrowhead, Okanogan County",331106,Arrowhead,2017-12-15 03:26:39.169865
2012-09-23,14:00,80.9,80.8,48.4,32.1,0.0,SW@3.7,6.0,,68.4,0.0,0.0,470,,"Arrowhead, Okanogan County",331106,Arrowhead,2017-12-15 03:26:39.169865
2012-09-23,14:15,80.6,80.5,48.5,32.6,0.0,SW@4.6,7.4,,68.6,0.0,0.0,447,,"Arrowhead, Okanogan County",331106,Arrowhead,2017-12-15 03:26:39.169865
2012-09-23,14:30,80.7,80.8,48.4,32.3,0.0,SW@4.9,7.1,,68.9,0.0,0.0,422,,"Arrowhead, Okanogan County",331106,Arrowhead,2017-12-15 03:26:39.169865
2012-09-23,14:45,81.6,81.7,48.3,31.3,0.0,SW@3.9,5.7,,69.1,0.0,0.0,402,,"Arrowhead, Okanogan County",331106,Arrowhead,2017-12-15 03:26:39.169865
2012-09-23,15:00,82.0,82.1,48.3,30.8,0.0,SW@3.6,4.9,,69.3,0.0,0.0,353,,"Arrowhead, Okanogan County",331106,Arrowhead,2017-12-15 03:26:39.169865
2012-09-23,15:15,82.5,82.6,48.2,30.3,0.0,SW@3.2,4.2,,69.6,0.0,0.0,334,,"Arrowhead, Okanogan County",331106,Arrowhead,2017-12-15 03:26:39.169865
2012-09-23,15:30,82.7,82.8,47.9,29.7,0.0,SW@2.7,3.9,,69.8,0.0,0.0,297,,"Arrowhead, Okanogan County",331106,Arrowhead,2017-12-15 03:26:39.169865
2012-09-23,15:45,81.9,82.0,48.3,31.0,0.0,S@2.5,3.5,,70.0,0.0,0.0,258,,"Arrowhead, Okanogan County",331106,Arrowhead,2017-12-15 03:26:39.169865
2012-09-23,16:00,81.7,82.0,48.0,30.8,0.0,S@1.6,2.8,,70.3,0.0,0.0,218,,"Arrowhead, Okanogan County",331106,Arrowhead,2017-12-15 03:26:39.169865
2012-09-23,16:15,82.5,82.7,47.9,29.9,0.0,S@1.0,2.4,,70.5,0.0,0.0,179,,"Arrowhead, Okanogan County",331106,Arrowhead,2017-12-15 03:26:39.169865
2012-09-23,16:30,79.7,80.1,60.9,52.6,0.0,N@3.0,3.9,,70.7,0.0,0.0,143,,"Arrowhead, Okanogan County",331106,Arrowhead,2017-12-15 03:26:39.169865
2012-09-23,16:45,77.5,78.0,55.2,46.1,0.0,SW@4.5,14.6,,70.9,0.0,0.0,110,,"Arrowhead, Okanogan County",331106,Arrowhead,2017-12-15 03:26:39.169865
2012-09-23,17:00,78.1,78.1,50.1,37.5,0.0,SW@5.6,10.7,,71.1,0.0,0.0,79,,"Arrowhead, Okanogan County",331106,Arrowhead,2017-12-15 03:26:39.169865
2012-09-23,17:15,77.1,77.1,49.8,38.3,0.0,W@5.2,10.7,,71.3,0.0,0.0,55,,"Arrowhead, Okanogan County",331106,Arrowhead,2017-12-15 03:26:39.169865
2012-09-23,17:30,75.6,75.5,49.7,40.2,0.0,NW@4.2,8.5,,71.5,0.0,0.0,32,,"Arrowhead, Okanogan County",331106,Arrowhead,2017-12-15 03:26:39.169865
2012-09-23,17:45,73.7,73.7,49.9,43.0,0.0,N@3.7,7.8,,71.7,0.0,0.0,16,,"Arrowhead, Okanogan County",331106,Arrowhead,2017-12-15 03:26:39.169865
2012-09-23,18:00,71.5,71.5,50.6,47.5,0.0,N@4.7,8.2,,71.9,0.0,0.0,5,,"Arrowhead, Okanogan County",331106,Arrowhead,2017-12-15 03:26:39.169865
2012-09-23,18:15,70.4,70.5,49.9,48.2,0.0,NW@4.6,8.5,,72.0,0.0,0.0,0,,"Arrowhead, Okanogan County",331106,Arrowhead,2017-12-15 03:26:39.169865
2012-09-23,18:30,69.9,70.2,49.0,47.4,0.0,NW@3.2,5.7,,72.2,0.0,0.0,0,,"Arrowhead, Okanogan County",331106,Arrowhead,2017-12-15 03:26:39.169865
2012-09-23,18:45,69.0,68.7,49.4,49.7,0.0,N@4.1,6.7,,72.3,0.0,0.0,0,,"Arrowhead, Okanogan County",331106,Arrowhead,2017-12-15 03:26:39.169865
2012-09-23,19:00,68.3,68.6,48.5,49.2,0.0,NW@3.6,6.4,,72.4,0.0,0.0,0,,"Arrowhead, Okanogan County",331106,Arrowhead,2017-12-15 03:26:39.169865
2012-09-23,19:15,66.8,66.4,49.5,53.7,0.0,NE@3.4,5.7,,72.5,0.0,0.0,0,,"Arrowhead, Okanogan County",331106,Arrowhead,2017-12-15 03:26:39.169865
2012-09-23,19:30,61.4,61.1,51.0,68.6,0.0,N@4.9,6.0,,72.5,0.0,0.0,0,,"Arrowhead, Okanogan County",331106,Arrowhead,2017-12-15 03:26:39.169865
2012-09-23,19:45,60.0,60.2,50.9,71.7,0.0,N@4.9,5.7,,72.6,0.0,0.0,0,,"Arrowhead, Okanogan County",331106,Arrowhead,2017-12-15 03:26:39.169865
2012-09-23,20:00,60.0,60.1,50.7,71.2,0.0,N@4.5,5.7,,72.6,0.0,0.0,0,,"Arrowhead, Okanogan County",331106,Arrowhead,2017-12-15 03:26:39.169865
2012-09-23,20:15,60.7,61.3,49.9,67.3,0.0,N@4.2,6.0,,72.7,0.0,0.0,0,,"Arrowhead, Okanogan County",331106,Arrowhead,2017-12-15 03:26:39.169865
2012-09-23,20:30,61.0,61.1,49.7,66.3,0.0,NE@4.1,5.7,,72.7,0.0,0.0,0,,"Arrowhead, Okanogan County",331106,Arrowhead,2017-12-15 03:26:39.169865
2012-09-23,20:45,60.6,60.7,49.6,67.1,0.0,N@3.4,4.6,,72.7,0.0,0.0,0,,"Arrowhead, Okanogan County",331106,Arrowhead,2017-12-15 03:26:39.169865
2012-09-23,21:00,59.7,59.7,49.6,69.3,0.0,N@3.6,5.3,,72.7,0.0,0.0,0,,"Arrowhead, Okanogan County",331106,Arrowhead,2017-12-15 03:26:39.169865
2012-09-23,21:15,58.8,58.9,49.5,71.1,0.0,N@3.4,5.3,,72.6,0.0,0.0,0,,"Arrowhead, Okanogan County",331106,Arrowhead,2017-12-15 03:26:39.169865
2012-09-23,21:30,59.0,59.2,49.3,70.1,0.0,N@3.7,5.7,,72.6,0.0,0.0,0,,"Arrowhead, Okanogan County",331106,Arrowhead,2017-12-15 03:26:39.169865
2012-09-23,21:45,57.7,58.0,49.2,73.4,0.0,N@3.2,4.6,,72.5,0.0,0.0,0,,"Arrowhead, Okanogan County",331106,Arrowhead,2017-12-15 03:26:39.169865
2012-09-23,22:00,59.6,60.2,49.4,68.8,0.0,NE@2.9,4.6,,72.5,0.0,0.0,0,,"Arrowhead, Okanogan County",331106,Arrowhead,2017-12-15 03:26:39.169865
2012-09-23,22:15,58.6,58.6,48.8,70.0,0.0,N@4.1,5.7,,72.4,0.0,0.0,0,,"Arrowhead, Okanogan County",331106,Arrowhead,2017-12-15 03:26:39.169865
2012-09-23,22:30,60.4,61.1,48.6,65.0,0.0,NE@4.2,7.1,,72.4,0.0,0.0,0,,"Arrowhead, Okanogan County",331106,Arrowhead,2017-12-15 03:26:39.169865
2012-09-23,22:45,61.5,61.6,48.0,61.0,0.0,NE@4.4,7.1,,72.3,0.0,0.0,0,,"Arrowhead, Okanogan County",331106,Arrowhead,2017-12-15 03:26:39.169865
2012-09-23,23:00,61.3,61.3,48.3,62.2,0.0,NE@3.8,5.7,,72.2,0.0,0.0,0,,"Arrowhead, Okanogan County",331106,Arrowhead,2017-12-15 03:26:39.169865
2012-09-24,23:15,59.6,59.5,49.3,68.6,0.0,E@2.7,4.6,,72.1,0.0,0.0,0,,"Arrowhead, Okanogan County",331106,Arrowhead,2017-12-15 03:26:39.169865
2012-09-24,23:30,59.7,59.7,49.9,69.8,0.0,E@1.6,3.9,,72.0,0.0,0.0,0,,"Arrowhead, Okanogan County",331106,Arrowhead,2017-12-15 03:26:39.169865
2012-09-24,23:45,56.6,56.3,48.5,74.4,0.0,N@2.5,3.9,,71.9,0.0,0.0,0,,"Arrowhead, Okanogan County",331106,Arrowhead,2017-12-15 03:26:39.169865
2012-09-24,24:00,55.6,56.1,48.9,78.1,0.0,NE@2.3,3.5,,71.8,0.0,0.0,0,,"Arrowhead, Okanogan County",331106,Arrowhead,2017-12-15 03:26:39.169865
2012-09-24,00:15,55.5,55.5,48.5,77.1,0.0,N@2.4,3.5,,71.7,0.0,0.0,0,,"Arrowhead, Okanogan County",331106,Arrowhead,2017-12-15 03:26:39.169865
2012-09-24,00:30,52.3,52.4,48.0,85.2,0.0,NW@2.8,3.5,,71.6,0.0,0.0,0,,"Arrowhead, Okanogan County",331106,Arrowhead,2017-12-15 03:26:39.169865
2012-09-24,00:45,53.3,53.5,48.2,82.5,0.0,NW@1.5,2.8,,71.5,0.0,0.0,0,,"Arrowhead, Okanogan County",331106,Arrowhead,2017-12-15 03:26:39.169865
2012-09-24,01:00,53.0,53.3,48.0,83.0,0.0,NW@2.4,4.2,,71.4,0.0,0.0,0,,"Arrowhead, Okanogan County",331106,Arrowhead,2017-12-15 03:26:39.169865
2012-09-24,01:15,53.6,53.8,47.8,80.5,0.0,NW@2.2,3.1,,71.3,0.0,0.0,0,,"Arrowhead, Okanogan County",331106,Arrowhead,2017-12-15 03:26:39.169865
2012-09-24,01:30,52.9,53.1,47.8,82.7,0.0,NW@2.1,2.8,,71.2,0.0,0.0,0,,"Arrowhead, Okanogan County",331106,Arrowhead,2017-12-15 03:26:39.169865
2012-09-24,01:45,50.2,50.3,46.9,88.2,0.06,NW@2.6,3.1,,71.1,0.0,0.0,0,,"Arrowhead, Okanogan County",331106,Arrowhead,2017-12-15 03:26:39.169865
2012-09-24,02:00,50.0,50.1,47.3,90.2,0.13,N@2.5,3.1,,71.0,0.0,0.0,0,,"Arrowhead, Okanogan County",331106,Arrowhead,2017-12-15 03:26:39.169865
2012-09-24,02:15,50.2,50.2,47.6,90.6,0.18,N@2.4,3.1,,70.9,0.0,0.0,0,,"Arrowhead, Okanogan County",331106,Arrowhead,2017-12-15 03:26:39.169865
2012-09-24,02:30,49.8,49.7,46.9,89.8,0.21,N@2.8,3.9,,70.7,0.0,0.0,0,,"Arrowhead, Okanogan County",331106,Arrowhead,2017-12-15 03:26:39.169865
2012-09-24,02:45,50.3,50.6,47.7,90.6,0.24,NW@2.4,3.9,,70.6,0.0,0.0,0,,"Arrowhead, Okanogan County",331106,Arrowhead,2017-12-15 03:26:39.169865
2012-09-24,03:00,52.7,52.8,49.0,87.4,0.26,W@1.1,2.8,,70.5,0.0,0.0,0,,"Arrowhead, Okanogan County",331106,Arrowhead,2017-12-15 03:26:39.169865
2012-09-24,03:15,49.9,49.9,46.7,88.7,0.26,NW@2.9,3.5,,70.4,0.0,0.0,0,,"Arrowhead, Okanogan County",331106,Arrowhead,2017-12-15 03:26:39.169865
2012-09-24,03:30,50.0,50.4,47.3,90.2,0.27,NW@2.4,3.1,,70.2,0.0,0.0,0,,"Arrowhead, Okanogan County",331106,Arrowhead,2017-12-15 03:26:39.169865
2012-09-24,03:45,50.9,51.0,47.1,86.6,0.21,NW@2.3,3.1,,70.1,0.0,0.0,0,,"Arrowhead, Okanogan County",331106,Arrowhead,2017-12-15 03:26:39.169865
2012-09-24,04:00,50.3,50.6,47.1,88.6,0.22,NW@1.9,2.4,,70.0,0.0,0.0,0,,"Arrowhead, Okanogan County",331106,Arrowhead,2017-12-15 03:26:39.169865
2012-09-24,04:15,51.1,51.4,48.1,89.7,0.26,W@1.3,2.8,,69.9,0.0,0.0,0,,"Arrowhead, Okanogan County",331106,Arrowhead,2017-12-15 03:26:39.169865
2012-09-24,04:30,50.2,50.2,46.9,88.5,0.27,NW@3.1,4.9,,69.7,0.0,0.0,0,,"Arrowhead, Okanogan County",331106,Arrowhead,2017-12-15 03:26:39.169865
2012-09-24,04:45,49.8,50.2,47.6,92.0,0.32,NW@2.6,4.6,,69.6,0.0,0.0,0,,"Arrowhead, Okanogan County",331106,Arrowhead,2017-12-15 03:26:39.169865
2012-09-24,05:00,50.5,50.5,46.9,87.6,0.34,NW@1.6,3.5,,69.5,0.0,0.0,0,,"Arrowhead, Okanogan County",331106,Arrowhead,2017-12-15 03:26:39.169865
2012-09-24,05:15,47.9,48.4,45.8,92.4,0.4,NW@2.6,3.5,,69.4,0.0,0.0,0,,"Arrowhead, Okanogan County",331106,Arrowhead,2017-12-15 03:26:39.169865
2012-09-24,05:30,48.7,48.9,45.9,89.9,0.44,NW@2.3,3.1,,69.2,0.0,0.0,0,,"Arrowhead, Okanogan County",331106,Arrowhead,2017-12-15 03:26:39.169865
2012-09-24,05:45,47.1,47.0,44.7,91.4,0.49,NW@2.7,3.1,,69.1,0.0,0.0,1,,"Arrowhead, Okanogan County",331106,Arrowhead,2017-12-15 03:26:39.169865
2012-09-24,06:00,46.7,46.9,44.9,93.4,0.59,NW@2.2,2.8,,69.0,0.0,0.0,5,,"Arrowhead, Okanogan County",331106,Arrowhead,2017-12-15 03:26:39.169865
2012-09-24,06:15,45.8,45.8,43.9,93.0,0.66,N@2.6,3.1,,68.8,0.0,0.0,14,,"Arrowhead, Okanogan County",331106,Arrowhead,2017-12-15 03:26:39.169865
2012-09-24,06:30,45.9,46.0,44.3,94.1,0.73,N@2.6,3.5,,68.7,0.0,0.0,26,,"Arrowhead, Okanogan County",331106,Arrowhead,2017-12-15 03:26:39.169865
2012-09-24,06:45,47.1,47.2,45.6,94.3,0.78,N@2.3,3.1,,68.6,0.0,0.0,46,,"Arrowhead, Okanogan County",331106,Arrowhead,2017-12-15 03:26:39.169865
2012-09-24,07:00,49.6,49.9,47.6,92.9,0.79,N@0.2,1.7,,68.5,0.0,0.0,74,,"Arrowhead, Okanogan County",331106,Arrowhead,2017-12-15 03:26:39.169865
2012-09-24,07:15,51.1,51.4,48.4,90.5,0.77,N@0.0,0.0,,68.3,0.0,0.0,103,,"Arrowhead, Okanogan County",331106,Arrowhead,2017-12-15 03:26:39.169865
2012-09-24,07:30,52.6,53.1,49.6,89.5,0.7,N@0.0,0.0,,68.2,0.0,0.0,131,,"Arrowhead, Okanogan County",331106,Arrowhead,2017-12-15 03:26:39.169865
2012-09-24,07:45,54.7,55.1,50.2,84.7,0.21,E@0.2,2.1,,68.1,0.0,0.0,169,,"Arrowhead, Okanogan County",331106,Arrowhead,2017-12-15 03:26:39.169865
2012-09-24,08:00,56.4,56.5,49.9,78.8,0.0,S@2.2,3.9,,68.0,0.0,0.0,205,,"Arrowhead, Okanogan County",331106,Arrowhead,2017-12-15 03:26:39.169865
2012-09-24,08:15,57.1,57.3,50.0,76.9,0.0,SW@1.6,2.8,,67.9,0.0,0.0,237,,"Arrowhead, Okanogan County",331106,Arrowhead,2017-12-15 03:26:39.169865
2012-09-24,08:30,58.3,58.5,49.9,73.7,0.0,S@2.4,3.5,,67.7,0.0,0.0,274,,"Arrowhead, Okanogan County",331106,Arrowhead,2017-12-15 03:26:39.169865
2012-09-24,08:45,59.0,59.1,50.2,72.3,0.0,SW@2.8,4.6,,67.6,0.0,0.0,310,,"Arrowhead, Okanogan County",331106,Arrowhead,2017-12-15 03:26:39.169865
2012-09-24,09:00,59.8,59.9,49.9,69.7,0.0,S@2.9,4.9,,67.5,0.0,0.0,343,,"Arrowhead, Okanogan County",331106,Arrowhead,2017-12-15 03:26:39.169865
2012-09-24,09:15,61.3,61.6,49.2,64.4,0.0,S@2.5,3.9,,67.4,0.0,0.0,370,,"Arrowhead, Okanogan County",331106,Arrowhead,2017-12-15 03:26:39.169865
2012-09-24,09:30,61.7,61.7,49.2,63.5,0.0,S@3.0,4.2,,67.3,0.0,0.0,394,,"Arrowhead, Okanogan County",331106,Arrowhead,2017-12-15 03:26:39.169865
2012-09-24,09:45,62.3,62.4,49.5,62.6,0.0,S@3.1,4.9,,67.3,0.0,0.0,422,,"Arrowhead, Okanogan County",331106,Arrowhead,2017-12-15 03:26:39.169865
2012-09-24,10:00,64.2,64.3,48.9,57.5,0.0,S@2.9,4.2,,67.2,0.0,0.0,448,,"Arrowhead, Okanogan County",331106,Arrowhead,2017-12-15 03:26:39.169865
2012-09-24,10:15,65.3,65.3,47.6,52.7,0.0,S@3.0,4.2,,67.1,0.0,0.0,470,,"Arrowhead, Okanogan County",331106,Arrowhead,2017-12-15 03:26:39.169865
2012-09-24,10:30,66.6,66.6,47.6,50.3,0.0,S@3.2,4.2,,67.1,0.0,0.0,492,,"Arrowhead, Okanogan County",331106,Arrowhead,2017-12-15 03:26:39.169865
2012-09-24,10:45,68.1,68.4,47.3,47.4,0.0,S@3.1,4.2,,67.1,0.0,0.0,518,,"Arrowhead, Okanogan County",331106,Arrowhead,2017-12-15 03:26:39.169865
2012-09-24,11:00,69.3,69.4,47.6,45.9,0.0,S@3.2,4.2,,67.1,0.0,0.0,536,,"Arrowhead, Okanogan County",331106,Arrowhead,2017-12-15 03:26:39.169865
2012-09-24,11:15,69.6,69.6,47.7,45.6,0.0,S@3.6,4.9,,67.1,0.0,0.0,548,,"Arrowhead, Okanogan County",331106,Arrowhead,2017-12-15 03:26:39.169865
2012-09-24,11:30,70.2,70.3,47.4,44.2,0.0,S@3.7,5.3,,67.1,0.0,0.0,555,,"Arrowhead, Okanogan County",331106,Arrowhead,2017-12-15 03:26:39.169865
2012-09-24,11:45,71.6,71.7,47.6,42.4,0.0,S@3.4,4.6,,67.2,0.0,0.0,554,,"Arrowhead, Okanogan County",331106,Arrowhead,2017-12-15 03:26:39.169865
2012-09-24,12:00,73.1,73.2,47.8,40.7,0.0,S@3.2,4.2,,67.3,0.0,0.0,550,,"Arrowhead, Okanogan County",331106,Arrowhead,2017-12-15 03:26:39.169865
2012-09-24,12:15,74.4,74.4,48.6,40.0,0.0,SE@2.5,4.6,,67.3,0.0,0.0,545,,"Arrowhead, Okanogan County",331106,Arrowhead,2017-12-15 03:26:39.169865
2012-09-24,12:30,74.3,74.4,48.6,40.2,0.0,S@3.3,4.9,,67.4,0.0,0.0,541,,"Arrowhead, Okanogan County",331106,Arrowhead,2017-12-15 03:26:39.169865
2012-09-24,12:45,75.2,75.5,49.1,39.7,0.0,SE@3.4,4.9,,67.6,0.0,0.0,530,,"Arrowhead, Okanogan County",331106,Arrowhead,2017-12-15 03:26:39.169865
2012-09-24,13:00,76.9,77.1,48.6,36.9,0.0,S@2.8,4.2,,67.7,0.0,0.0,517,,"Arrowhead, Okanogan County",331106,Arrowhead,2017-12-15 03:26:39.169865
2012-09-24,13:15,78.3,78.5,48.0,34.5,0.0,SE@2.5,4.2,,67.9,0.0,0.0,506,,"Arrowhead, Okanogan County",331106,Arrowhead,2017-12-15 03:26:39.169865
2012-09-24,13:30,79.5,79.4,47.9,33.1,0.0,N@2.9,4.9,,68.0,0.0,0.0,482,,"Arrowhead, Okanogan County",331106,Arrowhead,2017-12-15 03:26:39.169865
2012-09-24,13:45,79.9,80.2,48.1,32.8,0.0,N@3.0,4.2,,68.2,0.0,0.0,436,,"Arrowhead, Okanogan County",331106,Arrowhead,2017-12-15 03:26:39.169865
2012-09-24,14:00,79.7,79.9,48.1,33.0,0.0,SW@2.5,4.2,,68.4,0.0,0.0,412,,"Arrowhead, Okanogan County",331106,Arrowhead,2017-12-15 03:26:39.169865
2012-09-24,14:15,80.5,80.8,49.7,34.2,0.0,NW@2.7,4.9,,68.6,0.0,0.0,416,,"Arrowhead, Okanogan County",331106,Arrowhead,2017-12-15 03:26:39.169865
2012-09-24,14:30,81.5,81.7,48.1,31.1,0.0,SE@2.9,5.7,,68.8,0.0,0.0,386,,"Arrowhead, Okanogan County",331106,Arrowhead,2017-12-15 03:26:39.169865
2012-09-24,14:45,81.1,81.0,47.7,31.1,0.0,SE@5.3,8.5,,69.0,0.0,0.0,336,,"Arrowhead, Okanogan County",331106,Arrowhead,2017-12-15 03:26:39.169865
2012-09-24,15:00,81.0,81.1,47.6,31.0,0.0,SE@6.0,11.0,,69.2,0.0,0.0,327,,"Arrowhead, Okanogan County",331106,Arrowhead,2017-12-15 03:26:39.169865
2012-09-24,15:15,80.9,80.9,47.4,30.9,0.0,S@5.3,8.9,,69.4,0.0,0.0,267,,"Arrowhead, Okanogan County",331106,Arrowhead,2017-12-15 03:26:39.169865
2012-09-24,15:30,80.1,80.1,47.3,31.6,0.0,SE@5.9,10.7,,69.7,0.0,0.0,242,,"Arrowhead, Okanogan County",331106,Arrowhead,2017-12-15 03:26:39.169865
2012-09-24,15:45,79.5,79.5,47.7,32.6,0.0,SE@6.5,10.3,,69.9,0.0,0.0,226,,"Arrowhead, Okanogan County",331106,Arrowhead,2017-12-15 03:26:39.169865
2012-09-24,16:00,78.9,78.9,47.8,33.5,0.0,SE@8.6,14.2,,70.1,0.0,0.0,183,,"Arrowhead, Okanogan County",331106,Arrowhead,2017-12-15 03:26:39.169865
2012-09-24,16:15,78.4,78.5,47.9,34.2,0.0,S@7.8,12.8,,70.3,0.0,0.0,130,,"Arrowhead, Okanogan County",331106,Arrowhead,2017-12-15 03:26:39.169865
2012-09-24,16:30,77.6,77.7,47.9,35.1,0.0,S@5.0,10.0,,70.5,0.0,0.0,73,,"Arrowhead, Okanogan County",331106,Arrowhead,2017-12-15 03:26:39.169865
2012-09-24,16:45,76.7,76.8,47.9,36.2,0.0,SW@3.3,8.5,,70.7,0.0,0.0,39,,"Arrowhead, Okanogan County",331106,Arrowhead,2017-12-15 03:26:39.169865
2012-09-24,17:00,75.7,75.7,47.8,37.1,0.0,W@3.5,6.4,,70.9,0.0,0.0,21,,"Arrowhead, Okanogan County",331106,Arrowhead,2017-12-15 03:26:39.169865
2012-09-24,17:15,73.9,73.8,48.5,40.6,0.0,NE@3.8,8.5,,71.1,0.0,0.0,15,,"Arrowhead, Okanogan County",331106,Arrowhead,2017-12-15 03:26:39.169865
2012-09-24,17:30,72.7,72.6,49.0,43.0,0.0,N@3.5,8.5,,71.2,0.0,0.0,9,,"Arrowhead, Okanogan County",331106,Arrowhead,2017-12-15 03:26:39.169865
2012-09-24,17:45,69.8,69.6,50.5,50.3,0.0,N@3.5,5.7,,71.4,0.0,0.0,5,,"Arrowhead, Okanogan County",331106,Arrowhead,2017-12-15 03:26:39.169865
2012-09-24,18:00,67.3,67.3,51.0,56.0,0.0,NW@3.4,4.9,,71.5,0.0,0.0,2,,"Arrowhead, Okanogan County",331106,Arrowhead,2017-12-15 03:26:39.169865
2012-09-24,18:15,66.1,66.5,50.6,57.4,0.0,N@5.3,7.8,,71.6,0.0,0.0,0,,"Arrowhead, Okanogan County",331106,Arrowhead,2017-12-15 03:26:39.169865
2012-09-24,18:30,68.4,68.5,49.7,51.3,0.0,N@4.2,10.3,,71.8,0.0,0.0,0,,"Arrowhead, Okanogan County",331106,Arrowhead,2017-12-15 03:26:39.169865
2012-09-24,18:45,65.7,65.9,50.4,57.8,0.0,N@3.2,5.3,,71.8,0.0,0.0,0,,"Arrowhead, Okanogan County",331106,Arrowhead,2017-12-15 03:26:39.169865
2012-09-24,19:00,66.8,66.7,50.3,55.3,0.0,N@3.6,6.0,,71.9,0.0,0.0,0,,"Arrowhead, Okanogan County",331106,Arrowhead,2017-12-15 03:26:39.169865
2012-09-24,19:15,63.4,63.6,51.1,64.0,0.0,N@4.9,6.0,,72.0,0.0,0.0,0,,"Arrowhead, Okanogan County",331106,Arrowhead,2017-12-15 03:26:39.169865
2012-09-24,19:30,62.0,61.9,51.6,68.8,0.0,N@4.4,6.4,,72.0,0.0,0.0,0,,"Arrowhead, Okanogan County",331106,Arrowhead,2017-12-15 03:26:39.169865
2012-09-24,19:45,63.0,63.6,50.7,64.0,0.0,N@3.6,4.9,,72.1,0.0,0.0,0,,"Arrowhead, Okanogan County",331106,Arrowhead,2017-12-15 03:26:39.169865
2012-09-24,20:00,65.1,65.8,49.8,57.6,0.0,NE@3.9,6.7,,72.1,0.0,0.0,0,,"Arrowhead, Okanogan County",331106,Arrowhead,2017-12-15 03:26:39.169865
2012-09-24,20:15,67.3,67.4,49.1,52.2,0.0,E@4.0,7.1,,72.1,0.0,0.0,0,,"Arrowhead, Okanogan County",331106,Arrowhead,2017-12-15 03:26:39.169865
2012-09-24,20:30,63.9,63.7,50.5,61.7,0.0,N@3.5,5.3,,72.1,0.0,0.0,0,,"Arrowhead, Okanogan County",331106,Arrowhead,2017-12-15 03:26:39.169865
2012-09-24,20:45,62.9,63.2,50.0,62.5,0.0,N@3.5,5.3,,72.1,0.0,0.0,0,,"Arrowhead, Okanogan County",331106,Arrowhead,2017-12-15 03:26:39.169865
2012-09-24,21:00,65.1,65.4,49.2,56.3,0.0,NE@3.4,6.7,,72.0,0.0,0.0,0,,"Arrowhead, Okanogan County",331106,Arrowhead,2017-12-15 03:26:39.169865
2012-09-24,21:15,65.5,65.7,48.5,54.3,0.0,E@4.4,7.1,,72.0,0.0,0.0,0,,"Arrowhead, Okanogan County",331106,Arrowhead,2017-12-15 03:26:39.169865
2012-09-24,21:30,64.8,64.7,50.7,60.2,0.0,E@2.1,4.9,,72.0,0.0,0.0,0,,"Arrowhead, Okanogan County",331106,Arrowhead,2017-12-15 03:26:39.169865
2012-09-24,21:45,61.9,61.6,51.8,69.4,0.0,N@1.8,3.1,,71.9,0.0,0.0,0,,"Arrowhead, Okanogan County",331106,Arrowhead,2017-12-15 03:26:39.169865
2012-09-24,22:00,59.6,59.9,51.4,74.1,0.0,NW@0.6,2.8,,71.9,0.0,0.0,0,,"Arrowhead, Okanogan County",331106,Arrowhead,2017-12-15 03:26:39.169865
2012-09-24,22:15,59.6,59.7,50.9,72.8,0.0,NW@2.1,3.5,,71.8,0.0,0.0,0,,"Arrowhead, Okanogan County",331106,Arrowhead,2017-12-15 03:26:39.169865
2012-09-24,22:30,56.9,57.0,50.6,79.4,0.0,N@2.6,3.1,,71.7,0.0,0.0,0,,"Arrowhead, Okanogan County",331106,Arrowhead,2017-12-15 03:26:39.169865
2012-09-24,22:45,55.5,55.7,50.3,82.6,0.0,N@1.2,2.8,,71.7,0.0,0.0,0,,"Arrowhead, Okanogan County",331106,Arrowhead,2017-12-15 03:26:39.169865
2012-09-24,23:00,57.4,57.9,51.9,81.9,0.0,N@0.6,3.1,,71.6,0.0,0.0,0,,"Arrowhead, Okanogan County",331106,Arrowhead,2017-12-15 03:26:39.169865
2012-09-25,23:15,55.3,55.4,50.4,83.5,0.0,NW@3.0,3.5,,71.5,0.0,0.0,0,,"Arrowhead, Okanogan County",331106,Arrowhead,2017-12-15 03:26:39.169865
2012-09-25,23:30,55.3,55.6,50.6,84.2,0.0,NW@2.0,3.1,,71.5,0.0,0.0,0,,"Arrowhead, Okanogan County",331106,Arrowhead,2017-12-15 03:26:39.169865
2012-09-25,23:45,57.3,57.6,51.0,79.4,0.0,W@1.7,3.1,,71.4,0.0,0.0,0,,"Arrowhead, Okanogan County",331106,Arrowhead,2017-12-15 03:26:39.169865
2012-09-25,24:00,54.0,53.8,50.0,86.3,0.04,NW@2.9,3.9,,71.3,0.0,0.0,0,,"Arrowhead, Okanogan County",331106,Arrowhead,2017-12-15 03:26:39.169865
2012-09-25,00:15,55.2,55.8,50.7,84.7,0.05,W@0.2,2.1,,71.2,0.0,0.0,0,,"Arrowhead, Okanogan County",331106,Arrowhead,2017-12-15 03:26:39.169865
2012-09-25,00:30,53.0,52.9,48.9,85.8,0.12,NW@2.7,4.2,,71.1,0.0,0.0,0,,"Arrowhead, Okanogan County",331106,Arrowhead,2017-12-15 03:26:39.169865
2012-09-25,00:45,53.1,53.5,49.3,86.7,0.13,NW@2.2,3.1,,71.0,0.0,0.0,0,,"Arrowhead, Okanogan County",331106,Arrowhead,2017-12-15 03:26:39.169865
2012-09-25,01:00,52.4,52.5,48.5,86.4,0.13,NW@2.1,3.1,,70.9,0.0,0.0,0,,"Arrowhead, Okanogan County",331106,Arrowhead,2017-12-15 03:26:39.169865
2012-09-25,01:15,50.8,51.0,48.0,89.9,0.23,NW@2.6,3.5,,70.8,0.0,0.0,0,,"Arrowhead, Okanogan County",331106,Arrowhead,2017-12-15 03:26:39.169865
2012-09-25,01:30,51.4,51.6,48.0,87.9,0.24,NW@2.5,3.1,,70.7,0.0,0.0,0,,"Arrowhead, Okanogan County",331106,Arrowhead,2017-12-15 03:26:39.169865
2012-09-25,01:45,51.6,51.8,47.5,85.8,0.2,NW@1.8,3.9,,70.6,0.0,0.0,0,,"Arrowhead, Okanogan County",331106,Arrowhead,2017-12-15 03:26:39.169865
2012-09-25,02:00,49.4,49.5,46.8,90.7,0.27,N@2.3,4.2,,70.5,0.0,0.0,0,,"Arrowhead, Okanogan County",331106,Arrowhead,2017-12-15 03:26:39.169865
2012-09-25,02:15,50.5,50.3,47.7,89.9,0.34,N@2.6,3.5,,70.4,0.0,0.0,0,,"Arrowhead, Okanogan County",331106,Arrowhead,2017-12-15 03:26:39.169865
2012-09-25,02:30,49.9,49.9,47.1,89.9,0.4,N@2.5,3.9,,70.3,0.0,0.0,0,,"Arrowhead, Okanogan County",331106,Arrowhead,2017-12-15 03:26:39.169865
2012-09-25,02:45,51.2,51.2,47.2,86.3,0.4,NW@2.4,3.5,,70.2,0.0,0.0,0,,"Arrowhead, Okanogan County",331106,Arrowhead,2017-12-15 03:26:39.169865
2012-09-25,03:00,49.9,50.0,46.7,88.6,0.37,NW@2.5,3.1,,70.1,0.0,0.0,0,,"Arrowhead, Okanogan County",331106,Arrowhead,2017-12-15 03:26:39.169865
2012-09-25,03:15,50.8,51.1,47.5,88.5,0.37,W@2.3,3.1,,70.0,0.0,0.0,0,,"Arrowhead, Okanogan County",331106,Arrowhead,2017-12-15 03:26:39.169865
2012-09-25,03:30,49.7,49.6,46.4,88.4,0.35,NW@2.5,3.5,,69.9,0.0,0.0,0,,"Arrowhead, Okanogan County",331106,Arrowhead,2017-12-15 03:26:39.169865
2012-09-25,03:45,49.5,50.0,47.0,90.9,0.42,NW@2.2,3.5,,69.7,0.0,0.0,0,,"Arrowhead, Okanogan County",331106,Arrowhead,2017-12-15 03:26:39.169865
2012-09-25,04:00,48.4,48.7,45.9,90.9,0.43,NW@2.5,3.5,,69.6,0.0,0.0,0,,"Arrowhead, Okanogan County",331106,Arrowhead,2017-12-15 03:26:39.169865
2012-09-25,04:15,49.3,49.6,46.6,90.3,0.46,NW@2.3,3.1,,69.5,0.0,0.0,0,,"Arrowhead, Okanogan County",331106,Arrowhead,2017-12-15 03:26:39.169865
2012-09-25,04:30,49.8,49.8,46.3,87.8,0.46,NW@2.2,3.1,,69.4,0.0,0.0,0,,"Arrowhead, Okanogan County",331106,Arrowhead,2017-12-15 03:26:39.169865
2012-09-25,04:45,48.5,48.8,45.8,90.5,0.47,NW@2.9,3.5,,69.2,0.0,0.0,0,,"Arrowhead, Okanogan County",331106,Arrowhead,2017-12-15 03:26:39.169865
2012-09-25,05:00,49.2,49.4,46.4,90.1,0.48,NW@1.4,2.8,,69.1,0.0,0.0,0,,"Arrowhead, Okanogan County",331106,Arrowhead,2017-12-15 03:26:39.169865
2012-09-25,05:15,48.2,48.2,45.1,88.9,0.5,NW@2.9,4.2,,69.0,0.0,0.0,0,,"Arrowhead, Okanogan County",331106,Arrowhead,2017-12-15 03:26:39.169865
2012-09-25,05:30,48.3,48.5,45.9,91.2,0.52,NW@2.5,3.9,,68.9,0.0,0.0,0,,"Arrowhead, Okanogan County",331106,Arrowhead,2017-12-15 03:26:39.169865
2012-09-25,05:45,48.2,48.2,45.6,90.7,0.56,NW@2.5,4.2,,68.7,0.0,0.0,1,,"Arrowhead, Okanogan County",331106,Arrowhead,2017-12-15 03:26:39.169865
2012-09-25,06:00,48.4,48.8,45.9,91.0,0.61,NW@2.2,3.5,,68.6,0.0,0.0,5,,"Arrowhead, Okanogan County",331106,Arrowhead,2017-12-15 03:26:39.169865
2012-09-25,06:15,47.6,47.8,44.6,89.1,0.62,NW@2.4,3.9,,68.5,0.0,0.0,14,,"Arrowhead, Okanogan County",331106,Arrowhead,2017-12-15 03:26:39.169865
2012-09-25,06:30,47.5,47.7,45.0,90.9,0.63,NW@2.4,3.5,,68.4,0.0,0.0,26,,"Arrowhead, Okanogan County",331106,Arrowhead,2017-12-15 03:26:39.169865
2012-09-25,06:45,48.2,48.5,45.6,90.8,0.64,NW@2.5,3.9,,68.2,0.0,0.0,52,,"Arrowhead, Okanogan County",331106,Arrowhead,2017-12-15 03:26:39.169865
2012-09-25,07:00,50.5,51.0,47.3,88.4,0.55,W@2.8,5.7,,68.1,0.0,0.0,91,,"Arrowhead, Okanogan County",331106,Arrowhead,2017-12-15 03:26:39.169865
2012-09-25,07:15,52.4,52.6,47.9,84.7,0.06,NW@3.5,6.0,,68.0,0.0,0.0,122,,"Arrowhead, Okanogan County",331106,Arrowhead,2017-12-15 03:26:39.169865
2012-09-25,07:30,53.5,53.8,48.7,83.4,0.0,NW@3.0,5.3,,67.9,0.0,0.0,162,,"Arrowhead, Okanogan County",331106,Arrowhead,2017-12-15 03:26:39.169865
2012-09-25,07:45,56.4,56.7,49.5,77.5,0.0,W@4.8,8.2,,67.7,0.0,0.0,208,,"Arrowhead, Okanogan County",331106,Arrowhead,2017-12-15 03:26:39.169865
2012-09-25,08:00,58.5,58.7,49.8,72.9,0.0,W@4.5,8.9,,67.6,0.0,0.0,260,,"Arrowhead, Okanogan County",331106,Arrowhead,2017-12-15 03:26:39.169865
2012-09-25,08:15,60.2,60.2,50.9,71.2,0.0,SW@6.7,11.7,,67.5,0.0,0.0,289,,"Arrowhead, Okanogan County",331106,Arrowhead,2017-12-15 03:26:39.169865
2012-09-25,08:30,61.6,61.7,51.4,69.3,0.0,SW@6.2,10.0,,67.4,0.0,0.0,333,,"Arrowhead, Okanogan County",331106,Arrowhead,2017-12-15 03:26:39.169865
2012-09-25,08:45,63.2,63.2,51.8,66.3,0.0,SW@7.3,10.7,,67.3,0.0,0.0,385,,"Arrowhead, Okanogan County",331106,Arrowhead,2017-12-15 03:26:39.169865
2012-09-25,09:00,65.0,65.1,51.4,61.2,0.0,SW@7.1,10.0,,67.2,0.0,0.0,411,,"Arrowhead, Okanogan County",331106,Arrowhead,2017-12-15 03:26:39.169865
2012-09-25,09:15,67.7,67.8,51.5,56.0,0.0,SW@5.7,8.5,,67.1,0.0,0.0,451,,"Arrowhead, Okanogan County",331106,Arrowhead,2017-12-15 03:26:39.169865
2012-09-25,09:30,70.7,70.8,49.4,46.8,0.0,SW@5.0,7.8,,67.0,0.0,0.0,479,,"Arrowhead, Okanogan County",331106,Arrowhead,2017-12-15 03:26:39.169865
2012-09-25,09:45,72.4,72.3,45.9,38.8,0.0,NE@6.1,15.3,,66.9,0.0,0.0,510,,"Arrowhead, Okanogan County",331106,Arrowhead,2017-12-15 03:26:39.169865
2012-09-25,10:00,73.2,73.0,43.1,33.9,0.0,N@10.4,20.0,,66.9,0.0,0.0,535,,"Arrowhead, Okanogan County",331106,Arrowhead,2017-12-15 03:26:39.169865
2012-09-25,10:15,73.2,73.2,42.7,33.4,0.0,N@10.7,18.2,,66.8,0.0,0.0,520,,"Arrowhead, Okanogan County",331106,Arrowhead,2017-12-15 03:26:39.169865
2012-09-25,10:30,74.4,74.3,42.7,32.1,0.0,N@10.0,15.7,,66.8,0.0,0.0,590,,"Arrowhead, Okanogan County",331106,Arrowhead,2017-12-15 03:26:39.169865
2012-09-25,10:45,74.6,74.7,43.0,32.1,0.0,N@9.9,15.7,,66.8,0.0,0.0,605,,"Arrowhead, Okanogan County",331106,Arrowhead,2017-12-15 03:26:39.169865
2012-09-25,11:00,75.0,74.9,42.8,31.6,0.0,N@9.9,15.7,,66.8,0.0,0.0,513,,"Arrowhead, Okanogan County",331106,Arrowhead,2017-12-15 03:26:39.169865
2012-09-25,11:15,75.4,75.4,43.3,31.8,0.0,N@9.0,14.6,,66.8,0.0,0.0,617,,"Arrowhead, Okanogan County",331106,Arrowhead,2017-12-15 03:26:39.169865
2012-09-25,11:30,76.5,76.4,42.7,29.9,0.0,N@8.6,13.2,,66.9,0.0,0.0,631,,"Arrowhead, Okanogan County",331106,Arrowhead,2017-12-15 03:26:39.169865
2012-09-25,11:45,77.0,76.9,41.8,28.4,0.0,N@7.2,10.7,,67.0,0.0,0.0,590,,"Arrowhead, Okanogan County",331106,Arrowhead,2017-12-15 03:26:39.169865
2012-09-25,12:00,77.9,78.1,40.0,25.7,0.0,N@4.7,10.7,,67.0,0.0,0.0,634,,"Arrowhead, Okanogan County",331106,Arrowhead,2017-12-15 03:26:39.169865
2012-09-25,12:15,79.5,79.6,39.2,23.7,0.0,SW@3.3,5.7,,67.1,0.0,0.0,631,,"Arrowhead, Okanogan County",331106,Arrowhead,2017-12-15 03:26:39.169865
2012-09-25,12:30,79.3,79.1,39.1,23.7,0.0,N@3.2,6.0,,67.3,0.0,0.0,623,,"Arrowhead, Okanogan County",331106,Arrowhead,2017-12-15 03:26:39.169865
2012-09-25,12:45,79.6,79.7,40.0,24.3,0.0,N@3.9,11.0,,67.4,0.0,0.0,614,,"Arrowhead, Okanogan County",331106,Arrowhead,2017-12-15 03:26:39.169865
2012-09-25,13:00,80.5,80.9,39.9,23.5,0.0,NW@3.2,7.4,,67.5,0.0,0.0,634,,"Arrowhead, Okanogan County",331106,Arrowhead,2017-12-15 03:26:39.169865
2012-09-25,13:15,80.1,79.9,41.2,25.0,0.0,NW@5.8,11.7,,67.7,0.0,0.0,599,,"Arrowhead, Okanogan County",331106,Arrowhead,2017-12-15 03:26:39.169865
2012-09-25,13:30,79.8,80.0,39.1,23.3,0.0,NW@3.4,5.7,,67.8,0.0,0.0,609,,"Arrowhead, Okanogan County",331106,Arrowhead,2017-12-15 03:26:39.169865
2012-09-25,13:45,81.6,81.7,41.9,24.5,0.0,S@4.1,8.2,,68.0,0.0,0.0,570,,"Arrowhead, Okanogan County",331106,Arrowhead,2017-12-15 03:26:39.169865
2012-09-25,14:00,81.2,81.2,39.3,22.5,0.0,N@3.1,6.7,,68.2,0.0,0.0,538,,"Arrowhead, Okanogan County",331106,Arrowhead,2017-12-15 03:26:39.169865
2012-09-25,14:15,80.9,81.1,38.3,21.8,0.0,NW@4.6,12.5,,68.4,0.0,0.0,512,,"Arrowhead, Okanogan County",331106,Arrowhead,2017-12-15 03:26:39.169865
2012-09-25,14:30,81.2,81.4,37.2,20.7,0.0,W@3.1,5.3,,68.7,0.0,0.0,474,,"Arrowhead, Okanogan County",331106,Arrowhead,2017-12-15 03:26:39.169865
2012-09-25,14:45,81.2,81.8,38.4,21.7,0.0,NW@2.5,6.4,,68.9,0.0,0.0,438,,"Arrowhead, Okanogan County",331106,Arrowhead,2017-12-15 03:26:39.169865
2012-09-25,15:00,81.0,81.2,39.2,22.5,0.0,S@2.9,4.6,,69.1,0.0,0.0,398,,"Arrowhead, Okanogan County",331106,Arrowhead,2017-12-15 03:26:39.169865
2012-09-25,15:15,80.4,80.7,40.9,24.5,0.0,NW@3.3,6.0,,69.4,0.0,0.0,330,,"Arrowhead, Okanogan County",331106,Arrowhead,2017-12-15 03:26:39.169865
2012-09-25,15:30,79.8,79.7,42.1,26.2,0.0,W@5.1,7.8,,69.6,0.0,0.0,324,,"Arrowhead, Okanogan County",331106,Arrowhead,2017-12-15 03:26:39.169865
2012-09-25,15:45,79.6,79.6,41.3,25.5,0.0,SW@5.3,8.5,,69.9,0.0,0.0,299,,"Arrowhead, Okanogan County",331106,Arrowhead,2017-12-15 03:26:39.169865
2012-09-25,16:00,79.5,79.5,41.1,25.5,0.0,SW@4.4,6.7,,70.1,0.0,0.0,258,,"Arrowhead, Okanogan County",331106,Arrowhead,2017-12-15 03:26:39.169865
2012-09-25,16:15,79.0,78.9,40.8,25.5,0.0,SW@4.3,6.4,,70.3,0.0,0.0,220,,"Arrowhead, Okanogan County",331106,Arrowhead,2017-12-15 03:26:39.169865
2012-09-25,16:30,78.2,78.1,42.4,27.9,0.0,W@3.5,5.3,,70.6,0.0,0.0,150,,"Arrowhead, Okanogan County",331106,Arrowhead,2017-12-15 03:26:39.169865
2012-09-25,16:45,77.5,77.4,42.1,28.3,0.0,W@3.7,6.7,,70.8,0.0,0.0,140,,"Arrowhead, Okanogan County",331106,Arrowhead,2017-12-15 03:26:39.169865
2012-09-25,17:00,75.7,75.5,48.8,38.7,0.0,NW@2.4,3.5,,71.0,0.0,0.0,111,,"Arrowhead, Okanogan County",331106,Arrowhead,2017-12-15 03:26:39.169865
2012-09-25,17:15,72.1,72.3,51.2,47.8,0.0,NW@1.2,3.1,,71.2,0.0,0.0,67,,"Arrowhead, Okanogan County",331106,Arrowhead,2017-12-15 03:26:39.169865
2012-09-25,17:30,67.8,67.9,52.2,57.3,0.0,N@3.5,5.7,,71.4,0.0,0.0,33,,"Arrowhead, Okanogan County",331106,Arrowhead,2017-12-15 03:26:39.169865
2012-09-25,17:45,66.8,67.0,47.2,49.2,0.0,N@2.9,3.9,,71.6,0.0,0.0,19,,"Arrowhead, Okanogan County",331106,Arrowhead,2017-12-15 03:26:39.169865
2012-09-25,18:00,66.7,66.8,45.8,46.8,0.0,N@3.5,5.7,,71.8,0.0,0.0,7,,"Arrowhead, Okanogan County",331106,Arrowhead,2017-12-15 03:26:39.169865
2012-09-25,18:15,67.4,67.5,43.2,41.5,0.0,NW@2.9,4.2,,71.9,0.0,0.0,1,,"Arrowhead, Okanogan County",331106,Arrowhead,2017-12-15 03:26:39.169865
2012-09-25,18:30,66.1,66.3,42.3,42.0,0.0,NW@0.6,2.8,,72.1,0.0,0.0,0,,"Arrowhead, Okanogan County",331106,Arrowhead,2017-12-15 03:26:39.169865
2012-09-25,18:45,67.0,67.4,41.9,40.0,0.0,W@2.0,3.5,,72.2,0.0,0.0,0,,"Arrowhead, Okanogan County",331106,Arrowhead,2017-12-15 03:26:39.169865
2012-09-25,19:00,68.1,68.2,40.2,36.0,0.0,W@2.4,3.9,,72.3,0.0,0.0,0,,"Arrowhead, Okanogan County",331106,Arrowhead,2017-12-15 03:26:39.169865
2012-09-25,19:15,69.1,69.2,39.4,33.8,0.0,S@2.8,6.4,,72.4,0.0,0.0,0,,"Arrowhead, Okanogan County",331106,Arrowhead,2017-12-15 03:26:39.169865
2012-09-25,19:30,67.0,66.9,43.0,41.8,0.0,W@4.2,7.1,,72.4,0.0,0.0,0,,"Arrowhead, Okanogan County",331106,Arrowhead,2017-12-15 03:26:39.169865
2012-09-25,19:45,65.5,65.5,46.1,49.5,0.0,SW@3.2,4.6,,72.5,0.0,0.0,0,,"Arrowhead, Okanogan County",331106,Arrowhead,2017-12-15 03:26:39.169865
2012-09-25,20:00,64.4,64.6,45.1,49.5,0.0,W@3.7,6.0,,72.5,0.0,0.0,0,,"Arrowhead, Okanogan County",331106,Arrowhead,2017-12-15 03:26:39.169865
2012-09-25,20:15,65.8,65.9,43.0,43.4,0.0,W@4.0,6.0,,72.5,0.0,0.0,0,,"Arrowhead, Okanogan County",331106,Arrowhead,2017-12-15 03:26:39.169865
2012-09-25,20:30,64.7,64.8,43.4,45.9,0.0,W@3.5,6.0,,72.5,0.0,0.0,0,,"Arrowhead, Okanogan County",331106,Arrowhead,2017-12-15 03:26:39.169865
2012-09-25,20:45,63.9,64.1,43.5,47.4,0.0,W@3.9,7.1,,72.5,0.0,0.0,0,,"Arrowhead, Okanogan County",331106,Arrowhead,2017-12-15 03:26:39.169865
2012-09-25,21:00,66.6,67.1,41.6,40.0,0.0,W@3.1,6.7,,72.5,0.0,0.0,0,,"Arrowhead, Okanogan County",331106,Arrowhead,2017-12-15 03:26:39.169865
2012-09-25,21:15,66.8,66.8,43.1,42.2,0.0,W@2.8,4.9,,72.5,0.0,0.0,0,,"Arrowhead, Okanogan County",331106,Arrowhead,2017-12-15 03:26:39.169865
2012-09-25,21:30,66.3,66.3,42.6,42.1,0.0,W@3.2,5.3,,72.4,0.0,0.0,0,,"Arrowhead, Okanogan County",331106,Arrowhead,2017-12-15 03:26:39.169865
2012-09-25,21:45,64.3,64.6,43.4,46.5,0.0,W@3.8,6.0,,72.3,0.0,0.0,0,,"Arrowhead, Okanogan County",331106,Arrowhead,2017-12-15 03:26:39.169865
2012-09-25,22:00,65.0,65.1,43.1,44.7,0.0,W@4.1,7.4,,72.3,0.0,0.0,0,,"Arrowhead, Okanogan County",331106,Arrowhead,2017-12-15 03:26:39.169865
2012-09-25,22:15,65.1,65.2,42.2,43.3,0.0,NW@4.5,7.1,,72.2,0.0,0.0,0,,"Arrowhead, Okanogan County",331106,Arrowhead,2017-12-15 03:26:39.169865
2012-09-25,22:30,65.3,65.8,40.9,40.8,0.0,NW@6.8,12.1,,72.1,0.0,0.0,0,,"Arrowhead, Okanogan County",331106,Arrowhead,2017-12-15 03:26:39.169865
2012-09-25,22:45,67.6,67.9,40.4,36.9,0.0,N@7.8,12.8,,72.1,0.0,0.0,0,,"Arrowhead, Okanogan County",331106,Arrowhead,2017-12-15 03:26:39.169865
2012-09-25,23:00,68.0,68.0,40.6,36.7,0.0,NE@5.2,11.7,,72.0,0.0,0.0,0,,"Arrowhead, Okanogan County",331106,Arrowhead,2017-12-15 03:26:39.169865
2012-09-26,23:15,66.6,66.9,40.7,38.7,0.0,N@7.2,14.2,,71.9,0.0,0.0,0,,"Arrowhead, Okanogan County",331106,Arrowhead,2017-12-15 03:26:39.169865
2012-09-26,23:30,65.7,65.9,41.1,40.5,0.0,NW@7.1,12.5,,71.8,0.0,0.0,0,,"Arrowhead, Okanogan County",331106,Arrowhead,2017-12-15 03:26:39.169865
2012-09-26,23:45,66.6,66.8,40.7,38.7,0.0,N@9.3,15.0,,71.7,0.0,0.0,0,,"Arrowhead, Okanogan County",331106,Arrowhead,2017-12-15 03:26:39.169865
2012-09-26,24:00,66.6,66.9,40.7,38.7,0.0,N@9.2,14.6,,71.6,0.0,0.0,0,,"Arrowhead, Okanogan County",331106,Arrowhead,2017-12-15 03:26:39.169865
2012-09-26,00:15,66.9,67.1,40.7,38.4,0.0,N@9.1,15.7,,71.5,0.0,0.0,0,,"Arrowhead, Okanogan County",331106,Arrowhead,2017-12-15 03:26:39.169865
2012-09-26,00:30,67.1,67.3,40.7,38.1,0.0,NE@6.3,12.5,,71.4,0.0,0.0,0,,"Arrowhead, Okanogan County",331106,Arrowhead,2017-12-15 03:26:39.169865
2012-09-26,00:45,63.2,62.7,42.1,46.0,0.0,N@2.9,7.4,,71.3,0.0,0.0,0,,"Arrowhead, Okanogan County",331106,Arrowhead,2017-12-15 03:26:39.169865
2012-09-26,01:00,59.3,59.4,43.3,55.2,0.0,W@3.5,7.1,,71.2,0.0,0.0,0,,"Arrowhead, Okanogan County",331106,Arrowhead,2017-12-15 03:26:39.169865
2012-09-26,01:15,59.7,59.9,43.5,54.8,0.0,SW@3.5,7.4,,71.1,0.0,0.0,0,,"Arrowhead, Okanogan County",331106,Arrowhead,2017-12-15 03:26:39.169865
2012-09-26,01:30,58.5,58.5,44.3,59.2,0.0,W@4.2,7.8,,71.0,0.0,0.0,0,,"Arrowhead, Okanogan County",331106,Arrowhead,2017-12-15 03:26:39.169865
2012-09-26,01:45,57.7,57.6,44.7,62.0,0.0,W@3.0,5.3,,70.9,0.0,0.0,0,,"Arrowhead, Okanogan County",331106,Arrowhead,2017-12-15 03:26:39.169865
2012-09-26,02:00,54.9,55.3,43.8,66.1,0.0,W@3.8,5.3,,70.8,0.0,0.0,0,,"Arrowhead, Okanogan County",331106,Arrowhead,2017-12-15 03:26:39.169865
2012-09-26,02:15,57.6,57.8,43.1,58.5,0.0,SW@2.9,5.7,,70.7,0.0,0.0,0,,"Arrowhead, Okanogan County",331106,Arrowhead,2017-12-15 03:26:39.169865
2012-09-26,02:30,57.6,57.6,43.0,58.3,0.0,W@3.5,6.4,,70.6,0.0,0.0,0,,"Arrowhead, Okanogan County",331106,Arrowhead,2017-12-15 03:26:39.169865
2012-09-26,02:45,57.3,57.4,42.6,57.7,0.0,W@3.8,6.7,,70.5,0.0,0.0,0,,"Arrowhead, Okanogan County",331106,Arrowhead,2017-12-15 03:26:39.169865
2012-09-26,03:00,55.2,55.4,42.3,61.7,0.0,W@3.3,5.7,,70.4,0.0,0.0,0,,"Arrowhead, Okanogan County",331106,Arrowhead,2017-12-15 03:26:39.169865
2012-09-26,03:15,55.7,56.0,43.6,63.7,0.0,W@4.7,8.2,,70.4,0.0,0.0,0,,"Arrowhead, Okanogan County",331106,Arrowhead,2017-12-15 03:26:39.169865
2012-09-26,03:30,55.7,55.9,43.8,64.2,0.0,SW@4.6,7.1,,70.2,0.0,0.0,0,,"Arrowhead, Okanogan County",331106,Arrowhead,2017-12-15 03:26:39.169865
2012-09-26,03:45,55.2,55.3,43.6,64.8,0.0,W@4.0,7.1,,70.1,0.0,0.0,0,,"Arrowhead, Okanogan County",331106,Arrowhead,2017-12-15 03:26:39.169865
2012-09-26,04:00,55.2,55.4,43.0,63.3,0.0,W@3.9,7.1,,70.1,0.0,0.0,0,,"Arrowhead, Okanogan County",331106,Arrowhead,2017-12-15 03:26:39.169865
2012-09-26,04:15,55.0,55.2,42.5,62.6,0.0,W@3.6,8.2,,69.9,0.0,0.0,0,,"Arrowhead, Okanogan County",331106,Arrowhead,2017-12-15 03:26:39.169865
2012-09-26,04:30,55.7,56.0,42.2,60.3,0.0,W@6.3,9.6,,69.8,0.0,0.0,0,,"Arrowhead, Okanogan County",331106,Arrowhead,2017-12-15 03:26:39.169865
2012-09-26,04:45,55.8,56.0,43.2,62.4,0.0,W@4.6,7.8,,69.7,0.0,0.0,0,,"Arrowhead, Okanogan County",331106,Arrowhead,2017-12-15 03:26:39.169865
2012-09-26,05:00,55.0,55.1,43.7,65.6,0.0,W@2.6,7.1,,69.6,0.0,0.0,0,,"Arrowhead, Okanogan County",331106,Arrowhead,2017-12-15 03:26:39.169865
2012-09-26,05:15,54.2,54.3,42.4,64.4,0.0,NW@3.6,7.1,,69.5,0.0,0.0,0,,"Arrowhead, Okanogan County",331106,Arrowhead,2017-12-15 03:26:39.169865
2012-09-26,05:30,54.1,54.3,42.2,63.9,0.0,W@3.8,7.4,,69.4,0.0,0.0,0,,"Arrowhead, Okanogan County",331106,Arrowhead,2017-12-15 03:26:39.169865
2012-09-26,05:45,53.6,53.9,42.6,66.0,0.0,W@3.6,7.4,,69.3,0.0,0.0,1,,"Arrowhead, Okanogan County",331106,Arrowhead,2017-12-15 03:26:39.169865
2012-09-26,06:00,53.2,53.3,42.1,65.9,0.0,W@2.9,5.3,,69.2,0.0,0.0,5,,"Arrowhead, Okanogan County",331106,Arrowhead,2017-12-15 03:26:39.169865
2012-09-26,06:15,52.9,53.2,41.6,65.2,0.0,W@3.5,5.7,,69.1,0.0,0.0,13,,"Arrowhead, Okanogan County",331106,Arrowhead,2017-12-15 03:26:39.169865
2012-09-26,06:30,52.1,52.2,41.3,66.5,0.0,N@2.5,4.9,,69.0,0.0,0.0,17,,"Arrowhead, Okanogan County",331106,Arrowhead,2017-12-15 03:26:39.169865
2012-09-26,06:45,52.4,52.6,42.2,68.0,0.0,NW@2.0,4.2,,68.9,0.0,0.0,51,,"Arrowhead, Okanogan County",331106,Arrowhead,2017-12-15 03:26:39.169865
2012-09-26,07:00,54.9,55.2,42.5,62.7,0.0,W@4.2,7.8,,68.7,0.0,0.0,123,,"Arrowhead, Okanogan County",331106,Arrowhead,2017-12-15 03:26:39.169865
2012-09-26,07:15,57.0,57.3,43.4,60.2,0.0,SW@3.5,6.4,,68.6,0.0,0.0,161,,"Arrowhead, Okanogan County",331106,Arrowhead,2017-12-15 03:26:39.169865
2012-09-26,07:30,58.4,58.5,44.1,58.9,0.0,SW@5.3,8.2,,68.5,0.0,0.0,204,,"Arrowhead, Okanogan County",331106,Arrowhead,2017-12-15 03:26:39.169865
2012-09-26,07:45,59.9,59.9,44.5,56.7,0.0,SW@6.1,9.6,,68.4,0.0,0.0,247,,"Arrowhead, Okanogan County",331106,Arrowhead,2017-12-15 03:26:39.169865
2012-09-26,08:00,61.2,61.3,43.4,51.9,0.0,SW@5.8,9.6,,68.3,0.0,0.0,269,,"Arrowhead, Okanogan County",331106,Arrowhead,2017-12-15 03:26:39.169865
2012-09-26,08:15,63.6,63.7,42.6,46.4,0.0,SW@5.3,8.2,,68.2,0.0,0.0,328,,"Arrowhead, Okanogan County",331106,Arrowhead,2017-12-15 03:26:39.169865
2012-09-26,08:30,64.5,64.4,42.2,44.0,0.0,SW@6.1,8.5,,68.1,0.0,0.0,369,,"Arrowhead, Okanogan County",331106,Arrowhead,2017-12-15 03:26:39.169865
2012-09-26,08:45,65.1,65.0,42.3,43.5,0.0,SW@5.7,8.9,,68.0,0.0,0.0,413,,"Arrowhead, Okanogan County",331106,Arrowhead,2017-12-15 03:26:39.169865
2012-09-26,09:00,65.7,65.6,42.2,42.3,0.0,SW@6.0,8.5,,67.9,0.0,0.0,435,,"Arrowhead, Okanogan County",331106,Arrowhead,2017-12-15 03:26:39.169865
2012-09-26,09:15,66.7,66.6,42.1,40.7,0.0,SW@4.9,8.2,,67.8,0.0,0.0,447,,"Arrowhead, Okanogan County",331106,Arrowhead,2017-12-15 03:26:39.169865
2012-09-26,09:30,66.8,66.7,41.7,39.9,0.0,SW@5.4,8.2,,67.7,0.0,0.0,485,,"Arrowhead, Okanogan County",331106,Arrowhead,2017-12-15 03:26:39.169865
2012-09-26,09:45,67.4,67.4,41.6,39.0,0.0,SW@5.2,7.8,,67.7,0.0,0.0,473,,"Arrowhead, Okanogan County",331106,Arrowhead,2017-12-15 03:26:39.169865
2012-09-26,10:00,67.5,67.4,40.5,37.2,0.0,SW@3.7,6.4,,67.6,0.0,0.0,458,,"Arrowhead, Okanogan County",331106,Arrowhead,2017-12-15 03:26:39.169865
2012-09-26,10:15,68.3,68.5,40.3,35.9,0.0,S@3.5,4.9,,67.6,0.0,0.0,558,,"Arrowhead, Okanogan County",331106,Arrowhead,2017-12-15 03:26:39.169865
2012-09-26,10:30,69.6,69.6,40.3,34.3,0.0,S@3.4,4.6,,67.6,0.0,0.0,594,,"Arrowhead, Okanogan County",331106,Arrowhead,2017-12-15 03:26:39.169865
2012-09-26,10:45,70.0,70.0,40.2,33.8,0.0,S@3.5,4.9,,67.6,0.0,0.0,618,,"Arrowhead, Okanogan County",331106,Arrowhead,2017-12-15 03:26:39.169865
2012-09-26,11:00,72.0,72.1,40.2,31.6,0.0,S@2.9,4.9,,67.6,0.0,0.0,598,,"Arrowhead, Okanogan County",331106,Arrowhead,2017-12-15 03:26:39.169865
2012-09-26,11:15,71.7,71.6,40.2,31.8,0.0,S@3.5,4.9,,67.6,0.0,0.0,616,,"Arrowhead, Okanogan County",331106,Arrowhead,2017-12-15 03:26:39.169865
2012-09-26,11:30,72.4,72.2,40.7,31.8,0.0,SW@3.4,4.9,,67.7,0.0,0.0,619,,"Arrowhead, Okanogan County",331106,Arrowhead,2017-12-15 03:26:39.169865
2012-09-26,11:45,73.5,73.6,41.2,31.2,0.0,S@3.4,5.3,,67.7,0.0,0.0,636,,"Arrowhead, Okanogan County",331106,Arrowhead,2017-12-15 03:26:39.169865
2012-09-26,12:00,74.7,74.7,41.4,30.1,0.0,SW@3.3,4.6,,67.8,0.0,0.0,629,,"Arrowhead, Okanogan County",331106,Arrowhead,2017-12-15 03:26:39.169865
2012-09-26,12:15,75.8,75.8,41.3,29.0,0.0,SW@3.0,4.9,,67.9,0.0,0.0,595,,"Arrowhead, Okanogan County",331106,Arrowhead,2017-12-15 03:26:39.169865
2012-09-26,12:30,75.6,75.5,42.0,29.9,0.0,S@3.6,5.3,,68.1,0.0,0.0,482,,"Arrowhead, Okanogan County",331106,Arrowhead,2017-12-15 03:26:39.169865
2012-09-26,12:45,75.3,75.5,45.1,34.0,0.0,SW@4.1,7.1,,68.2,0.0,0.0,606,,"Arrowhead, Okanogan County",331106,Arrowhead,2017-12-15 03:26:39.169865
2012-09-26,13:00,78.0,78.0,40.9,26.5,0.0,SW@4.8,7.4,,68.4,0.0,0.0,553,,"Arrowhead, Okanogan County",331106,Arrowhead,2017-12-15 03:26:39.169865
2012-09-26,13:15,77.1,76.9,43.2,29.9,0.0,SW@5.6,7.8,,68.5,0.0,0.0,457,,"Arrowhead, Okanogan County",331106,Arrowhead,2017-12-15 03:26:39.169865
2012-09-26,13:30,78.1,78.1,41.5,27.2,0.0,SW@5.5,8.2,,68.8,0.0,0.0,530,,"Arrowhead, Okanogan County",331106,Arrowhead,2017-12-15 03:26:39.169865
2012-09-26,13:45,78.6,78.6,41.4,26.6,0.0,SW@5.0,7.1,,69.0,0.0,0.0,531,,"Arrowhead, Okanogan County",331106,Arrowhead,2017-12-15 03:26:39.169865
2012-09-26,14:00,79.8,79.8,38.0,22.4,0.0,SW@4.4,6.7,,69.2,0.0,0.0,512,,"Arrowhead, Okanogan County",331106,Arrowhead,2017-12-15 03:26:39.169865
2012-09-26,14:15,80.2,80.0,38.0,22.1,0.0,SW@4.5,6.7,,69.4,0.0,0.0,492,,"Arrowhead, Okanogan County",331106,Arrowhead,2017-12-15 03:26:39.169865
2012-09-26,14:30,80.1,80.1,38.3,22.4,0.0,SW@4.7,6.7,,69.6,0.0,0.0,458,,"Arrowhead, Okanogan County",331106,Arrowhead,2017-12-15 03:26:39.169865
2012-09-26,14:45,80.5,80.4,36.5,20.6,0.0,SW@4.5,6.4,,69.8,0.0,0.0,424,,"Arrowhead, Okanogan County",331106,Arrowhead,2017-12-15 03:26:39.169865
2012-09-26,15:00,80.2,80.1,35.8,20.2,0.0,SW@4.2,6.4,,70.1,0.0,0.0,391,,"Arrowhead, Okanogan County",331106,Arrowhead,2017-12-15 03:26:39.169865
2012-09-26,15:15,80.4,80.5,35.1,19.5,0.0,SW@3.3,4.9,,70.3,0.0,0.0,365,,"Arrowhead, Okanogan County",331106,Arrowhead,2017-12-15 03:26:39.169865
2012-09-26,15:30,80.3,80.4,35.9,20.3,0.0,W@2.8,4.2,,70.5,0.0,0.0,322,,"Arrowhead, Okanogan County",331106,Arrowhead,2017-12-15 03:26:39.169865
2012-09-26,15:45,79.9,80.0,36.3,20.8,0.0,SW@2.2,3.5,,70.8,0.0,0.0,280,,"Arrowhead, Okanogan County",331106,Arrowhead,2017-12-15 03:26:39.169865
2012-09-26,16:00,79.5,79.8,35.3,20.3,0.0,S@1.8,2.8,,71.0,0.0,0.0,242,,"Arrowhead, Okanogan County",331106,Arrowhead,2017-12-15 03:26:39.169865
2012-09-26,16:15,79.4,79.7,35.2,20.3,0.0,SE@0.5,2.1,,71.2,0.0,0.0,203,,"Arrowhead, Okanogan County",331106,Arrowhead,2017-12-15 03:26:39.169865
2012-09-26,16:30,79.1,79.0,40.8,25.6,0.0,NE@0.8,2.1,,71.4,0.0,0.0,165,,"Arrowhead, Okanogan County",331106,Arrowhead,2017-12-15 03:26:39.169865
2012-09-26,16:45,77.6,77.5,46.5,33.3,0.0,N@0.8,3.5,,71.6,0.0,0.0,125,,"Arrowhead, Okanogan County",331106,Arrowhead,2017-12-15 03:26:39.169865
2012-09-26,17:00,71.9,72.3,56.0,57.3,0.0,N@2.9,3.5,,71.8,0.0,0.0,80,,"Arrowhead, Okanogan County",331106,Arrowhead,2017-12-15 03:26:39.169865
2012-09-26,17:15,67.6,68.1,53.6,60.8,0.0,N@3.3,3.9,,72.0,0.0,0.0,39,,"Arrowhead, Okanogan County",331106,Arrowhead,2017-12-15 03:26:39.169865
2012-09-26,17:30,64.8,65.0,49.7,58.1,0.0,NW@2.5,3.5,,72.2,0.0,0.0,11,,"Arrowhead, Okanogan County",331106,Arrowhead,2017-12-15 03:26:39.169865
2012-09-26,17:45,65.0,65.2,47.2,52.5,0.0,NW@1.1,2.4,,72.3,0.0,0.0,5,,"Arrowhead, Okanogan County",331106,Arrowhead,2017-12-15 03:26:39.169865
2012-09-26,18:00,61.4,61.0,47.2,59.6,0.0,N@2.8,3.5,,72.5,0.0,0.0,2,,"Arrowhead, Okanogan County",331106,Arrowhead,2017-12-15 03:26:39.169865
2012-09-26,18:15,58.0,57.9,46.4,65.2,0.0,N@3.4,4.2,,72.6,0.0,0.0,0,,"Arrowhead, Okanogan County",331106,Arrowhead,2017-12-15 03:26:39.169865
2012-09-26,18:30,57.7,57.6,45.4,63.7,0.0,N@3.1,3.9,,72.8,0.0,0.0,0,,"Arrowhead, Okanogan County",331106,Arrowhead,2017-12-15 03:26:39.169865
2012-09-26,18:45,57.3,57.1,44.8,63.0,0.0,N@3.4,4.2,,72.9,0.0,0.0,0,,"Arrowhead, Okanogan County",331106,Arrowhead,2017-12-15 03:26:39.169865
2012-09-26,19:00,57.1,57.0,44.3,62.2,0.0,N@3.4,4.2,,73.0,0.0,0.0,0,,"Arrowhead, Okanogan County",331106,Arrowhead,2017-12-15 03:26:39.169865
2012-09-26,19:15,57.0,57.4,43.9,61.4,0.0,NW@2.3,3.5,,73.0,0.0,0.0,0,,"Arrowhead, Okanogan County",331106,Arrowhead,2017-12-15 03:26:39.169865
2012-09-26,19:30,56.3,56.6,43.7,62.5,0.0,W@2.5,4.6,,73.1,0.0,0.0,0,,"Arrowhead, Okanogan County",331106,Arrowhead,2017-12-15 03:26:39.169865
2012-09-26,19:45,57.6,57.8,43.8,59.8,0.0,NW@3.5,5.3,,73.1,0.0,0.0,0,,"Arrowhead, Okanogan County",331106,Arrowhead,2017-12-15 03:26:39.169865
2012-09-26,20:00,58.7,59.1,45.0,60.3,0.0,W@1.6,2.8,,73.1,0.0,0.0,0,,"Arrowhead, Okanogan County",331106,Arrowhead,2017-12-15 03:26:39.169865
2012-09-26,20:15,57.0,56.9,43.2,59.8,0.0,N@3.1,4.6,,73.1,0.0,0.0,0,,"Arrowhead, Okanogan County",331106,Arrowhead,2017-12-15 03:26:39.169865
2012-09-26,20:30,54.9,55.3,43.3,64.8,0.0,NW@2.8,4.2,,73.1,0.0,0.0,0,,"Arrowhead, Okanogan County",331106,Arrowhead,2017-12-15 03:26:39.169865
2012-09-26,20:45,55.0,55.2,43.3,64.6,0.0,N@1.7,4.6,,73.1,0.0,0.0,0,,"Arrowhead, Okanogan County",331106,Arrowhead,2017-12-15 03:26:39.169865
2012-09-26,21:00,54.5,54.8,43.8,66.9,0.0,N@3.1,3.9,,73.0,0.0,0.0,0,,"Arrowhead, Okanogan County",331106,Arrowhead,2017-12-15 03:26:39.169865
2012-09-26,21:15,56.5,57.1,42.8,60.0,0.0,N@2.4,3.1,,73.0,0.0,0.0,0,,"Arrowhead, Okanogan County",331106,Arrowhead,2017-12-15 03:26:39.169865
2012-09-26,21:30,58.8,59.3,41.9,53.2,0.0,N@0.2,2.4,,72.9,0.0,0.0,0,,"Arrowhead, Okanogan County",331106,Arrowhead,2017-12-15 03:26:39.169865
2012-09-26,21:45,57.8,57.6,45.0,62.4,0.0,NW@1.3,3.5,,72.8,0.0,0.0,0,,"Arrowhead, Okanogan County",331106,Arrowhead,2017-12-15 03:26:39.169865
2012-09-26,22:00,54.2,54.8,45.2,71.4,0.0,NW@1.9,4.2,,72.7,0.0,0.0,0,,"Arrowhead, Okanogan County",331106,Arrowhead,2017-12-15 03:26:39.169865
2012-09-26,22:15,55.5,55.6,45.2,68.0,0.0,NW@1.7,3.1,,72.6,0.0,0.0,0,,"Arrowhead, Okanogan County",331106,Arrowhead,2017-12-15 03:26:39.169865
2012-09-26,22:30,51.9,52.0,45.0,77.2,0.0,N@2.6,3.1,,72.5,0.0,0.0,0,,"Arrowhead, Okanogan County",331106,Arrowhead,2017-12-15 03:26:39.169865
2012-09-26,22:45,53.4,53.5,44.5,71.7,0.0,NW@2.3,3.1,,72.4,0.0,0.0,0,,"Arrowhead, Okanogan County",331106,Arrowhead,2017-12-15 03:26:39.169865
2012-09-26,23:00,54.3,54.8,44.3,68.8,0.0,W@2.0,3.9,,72.3,0.0,0.0,0,,"Arrowhead, Okanogan County",331106,Arrowhead,2017-12-15 03:26:39.169865
2012-09-27,23:15,52.0,52.0,43.9,73.7,0.0,NW@2.2,3.1,,72.2,0.0,0.0,0,,"Arrowhead, Okanogan County",331106,Arrowhead,2017-12-15 03:26:39.169865
2012-09-27,23:30,51.4,51.7,43.3,73.7,0.0,NW@2.1,2.8,,72.1,0.0,0.0,0,,"Arrowhead, Okanogan County",331106,Arrowhead,2017-12-15 03:26:39.169865
2012-09-27,23:45,51.8,52.1,42.4,70.0,0.0,NW@1.4,2.8,,72.0,0.0,0.0,0,,"Arrowhead, Okanogan County",331106,Arrowhead,2017-12-15 03:26:39.169865
2012-09-27,24:00,50.2,50.5,42.3,74.3,0.0,NW@2.6,3.5,,71.8,0.0,0.0,0,,"Arrowhead, Okanogan County",331106,Arrowhead,2017-12-15 03:26:39.169865
2012-09-27,00:15,50.9,51.2,41.9,71.2,0.0,NW@2.2,3.5,,71.7,0.0,0.0,0,,"Arrowhead, Okanogan County",331106,Arrowhead,2017-12-15 03:26:39.169865
2012-09-27,00:30,47.7,47.8,42.2,81.2,0.0,NW@2.8,3.9,,71.6,0.0,0.0,0,,"Arrowhead, Okanogan County",331106,Arrowhead,2017-12-15 03:26:39.169865
2012-09-27,00:45,49.2,49.6,42.3,76.8,0.0,NW@2.3,3.1,,71.5,0.0,0.0,0,,"Arrowhead, Okanogan County",331106,Arrowhead,2017-12-15 03:26:39.169865
2012-09-27,01:00,48.9,49.1,42.1,77.4,0.0,NW@2.0,2.8,,71.3,0.0,0.0,0,,"Arrowhead, Okanogan County",331106,Arrowhead,2017-12-15 03:26:39.169865
2012-09-27,01:15,49.3,49.6,41.6,74.6,0.0,W@2.2,2.8,,71.2,0.0,0.0,0,,"Arrowhead, Okanogan County",331106,Arrowhead,2017-12-15 03:26:39.169865
2012-09-27,01:30,49.4,49.6,41.6,74.2,0.0,NW@2.3,3.1,,71.1,0.0,0.0,0,,"Arrowhead, Okanogan County",331106,Arrowhead,2017-12-15 03:26:39.169865
2012-09-27,01:45,50.1,50.3,41.7,72.7,0.0,NW@1.8,3.1,,70.9,0.0,0.0,0,,"Arrowhead, Okanogan County",331106,Arrowhead,2017-12-15 03:26:39.169865
2012-09-27,02:00,46.0,45.8,41.7,84.8,0.0,NW@3.1,3.5,,70.8,0.0,0.0,0,,"Arrowhead, Okanogan County",331106,Arrowhead,2017-12-15 03:26:39.169865
2012-09-27,02:15,46.7,47.1,42.4,85.1,0.0,NW@2.3,3.1,,70.7,0.0,0.0,0,,"Arrowhead, Okanogan County",331106,Arrowhead,2017-12-15 03:26:39.169865
2012-09-27,02:30,47.2,47.3,41.5,80.4,0.0,NW@2.4,3.1,,70.5,0.0,0.0,0,,"Arrowhead, Okanogan County",331106,Arrowhead,2017-12-15 03:26:39.169865
2012-09-27,02:45,44.7,44.7,41.1,87.1,0.02,N@3.0,3.5,,70.4,0.0,0.0,0,,"Arrowhead, Okanogan County",331106,Arrowhead,2017-12-15 03:26:39.169865
2012-09-27,03:00,46.4,46.8,41.6,83.2,0.0,NW@2.2,3.1,,70.2,0.0,0.0,0,,"Arrowhead, Okanogan County",331106,Arrowhead,2017-12-15 03:26:39.169865
2012-09-27,03:15,45.7,45.8,41.1,83.6,0.0,NW@2.8,3.5,,70.1,0.0,0.0,0,,"Arrowhead, Okanogan County",331106,Arrowhead,2017-12-15 03:26:39.169865
2012-09-27,03:30,45.3,45.4,41.3,85.7,0.0,NW@2.8,3.5,,69.9,0.0,0.0,0,,"Arrowhead, Okanogan County",331106,Arrowhead,2017-12-15 03:26:39.169865
2012-09-27,03:45,45.8,45.8,41.1,83.7,0.0,NW@2.8,3.9,,69.8,0.0,0.0,0,,"Arrowhead, Okanogan County",331106,Arrowhead,2017-12-15 03:26:39.169865
2012-09-27,04:00,45.6,45.6,41.0,84.0,0.0,NW@2.7,3.5,,69.7,0.0,0.0,0,,"Arrowhead, Okanogan County",331106,Arrowhead,2017-12-15 03:26:39.169865
2012-09-27,04:15,46.4,46.6,41.0,81.1,0.0,NW@1.1,3.5,,69.5,0.0,0.0,0,,"Arrowhead, Okanogan County",331106,Arrowhead,2017-12-15 03:26:39.169865
2012-09-27,04:30,45.7,45.7,40.3,81.2,0.0,NW@2.8,3.9,,69.4,0.0,0.0,0,,"Arrowhead, Okanogan County",331106,Arrowhead,2017-12-15 03:26:39.169865
2012-09-27,04:45,44.4,44.4,39.9,84.1,0.0,NW@2.7,3.1,,69.2,0.0,0.0,0,,"Arrowhead, Okanogan County",331106,Arrowhead,2017-12-15 03:26:39.169865
2012-09-27,05:00,44.1,44.4,39.8,84.8,0.0,NW@2.4,3.5,,69.1,0.0,0.0,0,,"Arrowhead, Okanogan County",331106,Arrowhead,2017-12-15 03:26:39.169865
2012-09-27,05:15,45.1,45.3,39.9,82.0,0.0,NW@2.5,3.9,,68.9,0.0,0.0,0,,"Arrowhead, Okanogan County",331106,Arrowhead,2017-12-15 03:26:39.169865
2012-09-27,05:30,43.0,43.1,39.9,88.6,0.05,NW@2.9,3.5,,68.8,0.0,0.0,0,,"Arrowhead, Okanogan County",331106,Arrowhead,2017-12-15 03:26:39.169865
2012-09-27,05:45,43.2,43.3,39.9,88.0,0.08,NW@3.1,3.5,,68.7,0.0,0.0,1,,"Arrowhead, Okanogan County",331106,Arrowhead,2017-12-15 03:26:39.169865
2012-09-27,06:00,43.7,43.9,39.7,85.5,0.03,NW@2.6,3.1,,68.5,0.0,0.0,4,,"Arrowhead, Okanogan County",331106,Arrowhead,2017-12-15 03:26:39.169865
2012-09-27,06:15,43.5,43.5,39.6,86.1,0.05,NW@2.5,3.1,,68.4,0.0,0.0,13,,"Arrowhead, Okanogan County",331106,Arrowhead,2017-12-15 03:26:39.169865
2012-09-27,06:30,43.5,43.7,39.6,86.1,0.05,NW@2.5,3.5,,68.2,0.0,0.0,21,,"Arrowhead, Okanogan County",331106,Arrowhead,2017-12-15 03:26:39.169865
2012-09-27,06:45,43.5,43.9,40.3,88.3,0.05,NW@2.8,3.1,,68.1,0.0,0.0,45,,"Arrowhead, Okanogan County",331106,Arrowhead,2017-12-15 03:26:39.169865
2012-09-27,07:00,48.1,48.6,43.0,82.4,0.0,NW@2.1,3.1,,67.9,0.0,0.0,113,,"Arrowhead, Okanogan County",331106,Arrowhead,2017-12-15 03:26:39.169865
2012-09-27,07:15,51.0,51.5,44.6,78.4,0.0,W@0.6,3.1,,67.8,0.0,0.0,151,,"Arrowhead, Okanogan County",331106,Arrowhead,2017-12-15 03:26:39.169865
2012-09-27,07:30,53.4,53.8,45.0,73.1,0.0,NW@1.4,3.1,,67.7,0.0,0.0,190,,"Arrowhead, Okanogan County",331106,Arrowhead,2017-12-15 03:26:39.169865
2012-09-27,07:45,54.6,54.9,44.1,67.7,0.0,SW@2.0,3.9,,67.5,0.0,0.0,230,,"Arrowhead, Okanogan County",331106,Arrowhead,2017-12-15 03:26:39.169865
2012-09-27,08:00,55.2,55.3,42.2,61.2,0.0,S@3.4,4.9,,67.4,0.0,0.0,269,,"Arrowhead, Okanogan County",331106,Arrowhead,2017-12-15 03:26:39.169865
2012-09-27,08:15,56.2,56.3,41.8,58.5,0.0,SW@3.0,4.2,,67.3,0.0,0.0,307,,"Arrowhead, Okanogan County",331106,Arrowhead,2017-12-15 03:26:39.169865
2012-09-27,08:30,57.1,57.1,41.9,56.7,0.0,SW@3.3,4.9,,67.1,0.0,0.0,345,,"Arrowhead, Okanogan County",331106,Arrowhead,2017-12-15 03:26:39.169865
2012-09-27,08:45,58.3,58.3,40.3,51.1,0.0,SW@3.7,5.7,,67.0,0.0,0.0,380,,"Arrowhead, Okanogan County",331106,Arrowhead,2017-12-15 03:26:39.169865
2012-09-27,09:00,59.5,59.5,40.0,48.3,0.0,SW@3.1,5.3,,66.9,0.0,0.0,414,,"Arrowhead, Okanogan County",331106,Arrowhead,2017-12-15 03:26:39.169865
2012-09-27,09:15,60.5,60.5,39.6,46.0,0.0,SW@3.5,5.3,,66.8,0.0,0.0,445,,"Arrowhead, Okanogan County",331106,Arrowhead,2017-12-15 03:26:39.169865
2012-09-27,09:30,61.4,61.4,39.7,44.6,0.0,S@3.5,5.7,,66.7,0.0,0.0,474,,"Arrowhead, Okanogan County",331106,Arrowhead,2017-12-15 03:26:39.169865
2012-09-27,09:45,62.0,62.0,41.2,46.4,0.0,S@3.6,4.9,,66.6,0.0,0.0,501,,"Arrowhead, Okanogan County",331106,Arrowhead,2017-12-15 03:26:39.169865
2012-09-27,10:00,63.3,63.5,41.1,44.0,0.0,SW@2.9,4.2,,66.5,0.0,0.0,524,,"Arrowhead, Okanogan County",331106,Arrowhead,2017-12-15 03:26:39.169865
2012-09-27,10:15,64.2,64.3,41.8,43.8,0.0,SW@3.4,5.3,,66.5,0.0,0.0,545,,"Arrowhead, Okanogan County",331106,Arrowhead,2017-12-15 03:26:39.169865
2012-09-27,10:30,66.1,66.2,41.0,39.9,0.0,S@3.5,5.3,,66.5,0.0,0.0,563,,"Arrowhead, Okanogan County",331106,Arrowhead,2017-12-15 03:26:39.169865
2012-09-27,10:45,67.1,67.1,39.1,35.7,0.0,SW@3.5,4.9,,66.4,0.0,0.0,578,,"Arrowhead, Okanogan County",331106,Arrowhead,2017-12-15 03:26:39.169865
2012-09-27,11:00,68.0,68.0,38.6,34.0,0.0,SW@3.3,4.6,,66.5,0.0,0.0,589,,"Arrowhead, Okanogan County",331106,Arrowhead,2017-12-15 03:26:39.169865
2012-09-27,11:15,68.9,68.9,39.9,34.5,0.0,S@3.7,5.7,,66.5,0.0,0.0,597,,"Arrowhead, Okanogan County",331106,Arrowhead,2017-12-15 03:26:39.169865
2012-09-27,11:30,70.4,70.6,39.5,32.4,0.0,SW@3.4,4.6,,66.5,0.0,0.0,603,,"Arrowhead, Okanogan County",331106,Arrowhead,2017-12-15 03:26:39.169865
2012-09-27,11:45,72.2,72.2,39.0,29.9,0.0,SW@3.1,4.9,,66.6,0.0,0.0,605,,"Arrowhead, Okanogan County",331106,Arrowhead,2017-12-15 03:26:39.169865
2012-09-27,12:00,73.1,73.1,38.4,28.4,0.0,SW@3.4,4.6,,66.7,0.0,0.0,604,,"Arrowhead, Okanogan County",331106,Arrowhead,2017-12-15 03:26:39.169865
2012-09-27,12:15,73.8,73.8,38.3,27.6,0.0,S@3.6,4.9,,66.8,0.0,0.0,601,,"Arrowhead, Okanogan County",331106,Arrowhead,2017-12-15 03:26:39.169865
2012-09-27,12:30,74.8,75.1,38.5,26.9,0.0,S@3.5,4.6,,66.9,0.0,0.0,595,,"Arrowhead, Okanogan County",331106,Arrowhead,2017-12-15 03:26:39.169865
2012-09-27,12:45,75.1,75.1,38.4,26.5,0.0,S@3.3,4.2,,67.1,0.0,0.0,586,,"Arrowhead, Okanogan County",331106,Arrowhead,2017-12-15 03:26:39.169865
2012-09-27,13:00,76.4,76.6,38.4,25.3,0.0,S@3.3,4.6,,67.2,0.0,0.0,576,,"Arrowhead, Okanogan County",331106,Arrowhead,2017-12-15 03:26:39.169865
2012-09-27,13:15,78.1,78.2,39.4,25.0,0.0,S@3.6,5.3,,67.4,0.0,0.0,561,,"Arrowhead, Okanogan County",331106,Arrowhead,2017-12-15 03:26:39.169865
2012-09-27,13:30,78.5,78.4,40.2,25.4,0.0,S@3.7,4.6,,67.6,0.0,0.0,543,,"Arrowhead, Okanogan County",331106,Arrowhead,2017-12-15 03:26:39.169865
2012-09-27,13:45,79.3,79.5,41.2,25.7,0.0,SE@3.2,4.2,,67.8,0.0,0.0,521,,"Arrowhead, Okanogan County",331106,Arrowhead,2017-12-15 03:26:39.169865
2012-09-27,14:00,80.7,80.6,41.1,24.4,0.0,SE@3.2,4.9,,68.0,0.0,0.0,499,,"Arrowhead, Okanogan County",331106,Arrowhead,2017-12-15 03:26:39.169865
2012-09-27,14:15,80.5,80.5,41.3,24.8,0.0,SE@3.8,5.3,,68.3,0.0,0.0,473,,"Arrowhead, Okanogan County",331106,Arrowhead,2017-12-15 03:26:39.169865
2012-09-27,14:30,81.5,81.6,40.3,23.1,0.0,E@4.7,6.4,,68.5,0.0,0.0,444,,"Arrowhead, Okanogan County",331106,Arrowhead,2017-12-15 03:26:39.169865
2012-09-27,14:45,82.5,82.5,41.6,23.5,0.0,NE@3.5,4.9,,68.7,0.0,0.0,411,,"Arrowhead, Okanogan County",331106,Arrowhead,2017-12-15 03:26:39.169865
2012-09-27,15:00,83.1,82.8,41.5,23.0,0.0,NE@2.9,4.2,,69.0,0.0,0.0,379,,"Arrowhead, Okanogan County",331106,Arrowhead,2017-12-15 03:26:39.169865
2012-09-27,15:15,82.4,82.9,42.9,24.8,0.0,NW@2.7,3.9,,69.2,0.0,0.0,343,,"Arrowhead, Okanogan County",331106,Arrowhead,2017-12-15 03:26:39.169865
2012-09-27,15:30,82.2,82.6,42.3,24.4,0.0,E@2.2,3.5,,69.5,0.0,0.0,307,,"Arrowhead, Okanogan County",331106,Arrowhead,2017-12-15 03:26:39.169865
2012-09-27,15:45,82.8,82.6,42.4,24.0,0.01,NE@2.2,3.1,,69.7,0.0,0.0,270,,"Arrowhead, Okanogan County",331106,Arrowhead,2017-12-15 03:26:39.169865
2012-09-27,16:00,82.7,82.3,46.7,28.4,0.0,NE@2.2,3.1,,70.0,0.0,0.0,232,,"Arrowhead, Okanogan County",331106,Arrowhead,2017-12-15 03:26:39.169865
2012-09-27,16:15,82.2,82.7,47.1,29.4,0.0,N@1.9,2.8,,70.2,0.0,0.0,195,,"Arrowhead, Okanogan County",331106,Arrowhead,2017-12-15 03:26:39.169865
2012-09-27,16:30,81.6,82.0,48.8,31.8,0.0,NE@1.5,2.4,,70.5,0.0,0.0,159,,"Arrowhead, Okanogan County",331106,Arrowhead,2017-12-15 03:26:39.169865
2012-09-27,16:45,79.5,79.2,52.5,39.1,0.0,N@2.4,3.1,,70.7,0.0,0.0,123,,"Arrowhead, Okanogan County",331106,Arrowhead,2017-12-15 03:26:39.169865
2012-09-27,17:00,74.4,75.0,59.2,59.1,0.0,N@2.7,3.1,,70.9,0.0,0.0,89,,"Arrowhead, Okanogan County",331106,Arrowhead,2017-12-15 03:26:39.169865
2012-09-27,17:15,70.6,71.4,58.5,65.6,0.0,N@2.8,3.5,,71.1,0.0,0.0,57,,"Arrowhead, Okanogan County",331106,Arrowhead,2017-12-15 03:26:39.169865
2012-09-27,17:30,67.5,67.8,54.0,61.9,0.0,NW@2.5,3.9,,71.3,0.0,0.0,20,,"Arrowhead, Okanogan County",331106,Arrowhead,2017-12-15 03:26:39.169865
2012-09-27,17:45,66.5,66.7,50.6,56.7,0.0,NW@2.7,3.9,,71.5,0.0,0.0,8,,"Arrowhead, Okanogan County",331106,Arrowhead,2017-12-15 03:26:39.169865
2012-09-27,18:00,63.8,63.6,50.3,61.4,0.0,NW@4.0,6.0,,71.7,0.0,0.0,2,,"Arrowhead, Okanogan County",331106,Arrowhead,2017-12-15 03:26:39.169865
2012-09-27,18:15,63.8,64.2,48.4,57.2,0.0,N@3.6,5.7,,71.8,0.0,0.0,0,,"Arrowhead, Okanogan County",331106,Arrowhead,2017-12-15 03:26:39.169865
2012-09-27,18:30,65.1,65.3,46.9,51.5,0.0,N@3.6,5.3,,72.0,0.0,0.0,0,,"Arrowhead, Okanogan County",331106,Arrowhead,2017-12-15 03:26:39.169865
2012-09-27,18:45,62.0,62.1,47.7,59.5,0.0,N@3.9,5.3,,72.1,0.0,0.0,0,,"Arrowhead, Okanogan County",331106,Arrowhead,2017-12-15 03:26:39.169865
2012-09-27,19:00,63.4,63.6,46.3,53.7,0.0,NW@3.1,5.3,,72.2,0.0,0.0,0,,"Arrowhead, Okanogan County",331106,Arrowhead,2017-12-15 03:26:39.169865
2012-09-27,19:15,62.6,63.0,46.0,54.5,0.0,NW@3.1,4.2,,72.3,0.0,0.0,0,,"Arrowhead, Okanogan County",331106,Arrowhead,2017-12-15 03:26:39.169865
2012-09-27,19:30,60.6,60.7,46.8,60.3,0.0,NW@3.0,4.6,,72.4,0.0,0.0,0,,"Arrowhead, Okanogan County",331106,Arrowhead,2017-12-15 03:26:39.169865
2012-09-27,19:45,58.3,58.5,46.7,65.2,0.0,NW@3.2,4.6,,72.5,0.0,0.0,0,,"Arrowhead, Okanogan County",331106,Arrowhead,2017-12-15 03:26:39.169865
2012-09-27,20:00,56.0,56.0,47.7,73.6,0.0,N@2.8,3.9,,72.5,0.0,0.0,0,,"Arrowhead, Okanogan County",331106,Arrowhead,2017-12-15 03:26:39.169865
2012-09-27,20:15,56.1,56.5,46.8,70.9,0.0,N@2.8,3.9,,72.5,0.0,0.0,0,,"Arrowhead, Okanogan County",331106,Arrowhead,2017-12-15 03:26:39.169865
2012-09-27,20:30,56.5,57.2,46.0,67.8,0.0,N@2.9,4.2,,72.5,0.0,0.0,0,,"Arrowhead, Okanogan County",331106,Arrowhead,2017-12-15 03:26:39.169865
2012-09-27,20:45,54.3,54.4,46.7,75.4,0.0,N@3.3,3.9,,72.5,0.0,0.0,0,,"Arrowhead, Okanogan County",331106,Arrowhead,2017-12-15 03:26:39.169865
2012-09-27,21:00,53.8,53.8,47.0,77.6,0.0,N@3.3,4.2,,72.5,0.0,0.0,0,,"Arrowhead, Okanogan County",331106,Arrowhead,2017-12-15 03:26:39.169865
2012-09-27,21:15,55.0,54.7,46.4,72.8,0.0,N@3.7,4.9,,72.5,0.0,0.0,0,,"Arrowhead, Okanogan County",331106,Arrowhead,2017-12-15 03:26:39.169865
2012-09-27,21:30,55.3,55.4,45.9,70.4,0.0,N@3.9,4.9,,72.4,0.0,0.0,0,,"Arrowhead, Okanogan County",331106,Arrowhead,2017-12-15 03:26:39.169865
2012-09-27,21:45,57.7,57.9,44.8,62.0,0.0,N@1.6,3.5,,72.4,0.0,0.0,0,,"Arrowhead, Okanogan County",331106,Arrowhead,2017-12-15 03:26:39.169865
2012-09-27,22:00,58.2,58.6,43.8,58.7,0.0,N@1.7,3.5,,72.3,0.0,0.0,0,,"Arrowhead, Okanogan County",331106,Arrowhead,2017-12-15 03:26:39.169865
2012-09-27,22:15,58.5,58.4,43.2,56.8,0.0,N@3.4,5.3,,72.2,0.0,0.0,0,,"Arrowhead, Okanogan County",331106,Arrowhead,2017-12-15 03:26:39.169865
2012-09-27,22:30,58.0,58.1,43.5,58.4,0.0,N@1.9,3.9,,72.1,0.0,0.0,0,,"Arrowhead, Okanogan County",331106,Arrowhead,2017-12-15 03:26:39.169865
2012-09-27,22:45,54.0,54.2,44.6,70.2,0.0,NW@2.2,3.1,,72.0,0.0,0.0,0,,"Arrowhead, Okanogan County",331106,Arrowhead,2017-12-15 03:26:39.169865
2012-09-27,23:00,52.4,52.7,44.5,74.4,0.0,NW@2.1,3.5,,71.9,0.0,0.0,0,,"Arrowhead, Okanogan County",331106,Arrowhead,2017-12-15 03:26:39.169865
2012-09-28,23:15,54.0,54.7,44.1,69.3,0.0,NW@1.8,2.8,,71.8,0.0,0.0,0,,"Arrowhead, Okanogan County",331106,Arrowhead,2017-12-15 03:26:39.169865
2012-09-28,23:30,55.9,56.2,43.2,62.2,0.0,NW@0.3,2.1,,71.7,0.0,0.0,0,,"Arrowhead, Okanogan County",331106,Arrowhead,2017-12-15 03:26:39.169865
2012-09-28,23:45,53.2,53.4,43.1,68.5,0.0,NW@1.9,2.8,,71.6,0.0,0.0,0,,"Arrowhead, Okanogan County",331106,Arrowhead,2017-12-15 03:26:39.169865
2012-09-28,24:00,50.6,50.9,43.8,77.4,0.0,NW@2.6,3.1,,71.5,0.0,0.0,0,,"Arrowhead, Okanogan County",331106,Arrowhead,2017-12-15 03:26:39.169865
2012-09-28,00:15,52.0,52.4,43.8,73.5,0.0,NW@1.2,2.8,,71.4,0.0,0.0,0,,"Arrowhead, Okanogan County",331106,Arrowhead,2017-12-15 03:26:39.169865
2012-09-28,00:30,51.0,51.1,43.3,74.8,0.0,NW@2.0,2.8,,71.2,0.0,0.0,0,,"Arrowhead, Okanogan County",331106,Arrowhead,2017-12-15 03:26:39.169865
2012-09-28,00:45,49.4,49.9,43.8,80.8,0.0,W@2.3,3.1,,71.1,0.0,0.0,0,,"Arrowhead, Okanogan County",331106,Arrowhead,2017-12-15 03:26:39.169865
2012-09-28,01:00,49.6,49.5,43.5,79.5,0.0,NW@2.8,3.9,,71.0,0.0,0.0,0,,"Arrowhead, Okanogan County",331106,Arrowhead,2017-12-15 03:26:39.169865
2012-09-28,01:15,49.5,49.9,43.1,78.5,0.0,NW@2.3,2.8,,70.8,0.0,0.0,0,,"Arrowhead, Okanogan County",331106,Arrowhead,2017-12-15 03:26:39.169865
2012-09-28,01:30,49.1,49.1,43.1,79.7,0.0,NW@2.6,3.1,,70.7,0.0,0.0,0,,"Arrowhead, Okanogan County",331106,Arrowhead,2017-12-15 03:26:39.169865
2012-09-28,01:45,47.4,47.6,42.6,83.2,0.0,NW@2.8,3.5,,70.6,0.0,0.0,0,,"Arrowhead, Okanogan County",331106,Arrowhead,2017-12-15 03:26:39.169865
2012-09-28,02:00,46.6,46.7,42.7,86.2,0.02,NW@2.8,4.2,,70.4,0.0,0.0,0,,"Arrowhead, Okanogan County",331106,Arrowhead,2017-12-15 03:26:39.169865
2012-09-28,02:15,46.3,46.3,42.6,86.8,0.08,NW@3.0,3.5,,70.3,0.0,0.0,0,,"Arrowhead, Okanogan County",331106,Arrowhead,2017-12-15 03:26:39.169865
2012-09-28,02:30,45.8,45.7,42.2,87.3,0.1,NW@3.0,3.5,,70.1,0.0,0.0,0,,"Arrowhead, Okanogan County",331106,Arrowhead,2017-12-15 03:26:39.169865
2012-09-28,02:45,45.9,45.9,42.1,86.7,0.1,NW@2.8,3.5,,70.0,0.0,0.0,0,,"Arrowhead, Okanogan County",331106,Arrowhead,2017-12-15 03:26:39.169865
2012-09-28,03:00,45.4,45.4,41.6,86.6,0.1,NW@3.0,3.5,,69.8,0.0,0.0,0,,"Arrowhead, Okanogan County",331106,Arrowhead,2017-12-15 03:26:39.169865
2012-09-28,03:15,45.5,45.6,41.7,86.7,0.11,NW@2.4,3.1,,69.7,0.0,0.0,0,,"Arrowhead, Okanogan County",331106,Arrowhead,2017-12-15 03:26:39.169865
2012-09-28,03:30,45.1,45.1,41.2,86.2,0.12,NW@2.6,3.1,,69.6,0.0,0.0,0,,"Arrowhead, Okanogan County",331106,Arrowhead,2017-12-15 03:26:39.169865
2012-09-28,03:45,43.7,43.8,40.7,89.4,0.16,NW@2.7,3.5,,69.4,0.0,0.0,0,,"Arrowhead, Okanogan County",331106,Arrowhead,2017-12-15 03:26:39.169865
2012-09-28,04:00,46.3,47.0,42.1,85.0,0.12,NW@1.7,3.1,,69.3,0.0,0.0,0,,"Arrowhead, Okanogan County",331106,Arrowhead,2017-12-15 03:26:39.169865
2012-09-28,04:15,43.7,43.7,40.1,86.9,0.13,NW@3.0,3.9,,69.1,0.0,0.0,0,,"Arrowhead, Okanogan County",331106,Arrowhead,2017-12-15 03:26:39.169865
2012-09-28,04:30,44.5,44.8,41.2,88.2,0.16,NW@2.0,3.1,,69.0,0.0,0.0,0,,"Arrowhead, Okanogan County",331106,Arrowhead,2017-12-15 03:26:39.169865
2012-09-28,04:45,45.3,45.3,41.2,85.4,0.15,NW@2.6,3.1,,68.8,0.0,0.0,0,,"Arrowhead, Okanogan County",331106,Arrowhead,2017-12-15 03:26:39.169865
2012-09-28,05:00,44.0,44.0,40.6,87.4,0.16,NW@2.8,3.1,,68.7,0.0,0.0,0,,"Arrowhead, Okanogan County",331106,Arrowhead,2017-12-15 03:26:39.169865
2012-09-28,05:15,43.6,43.8,40.4,88.3,0.19,NW@2.6,3.1,,68.6,0.0,0.0,0,,"Arrowhead, Okanogan County",331106,Arrowhead,2017-12-15 03:26:39.169865
2012-09-28,05:30,43.9,44.0,40.0,86.0,0.18,NW@2.7,3.5,,68.4,0.0,0.0,0,,"Arrowhead, Okanogan County",331106,Arrowhead,2017-12-15 03:26:39.169865
2012-09-28,05:45,42.3,42.5,39.6,90.0,0.22,NW@2.7,3.5,,68.3,0.0,0.0,0,,"Arrowhead, Okanogan County",331106,Arrowhead,2017-12-15 03:26:39.169865
2012-09-28,06:00,44.1,44.6,40.9,88.4,0.23,NW@2.2,2.8,,68.1,0.0,0.0,4,,"Arrowhead, Okanogan County",331106,Arrowhead,2017-12-15 03:26:39.169865
2012-09-28,06:15,45.1,45.2,41.0,85.2,0.16,NW@3.1,3.9,,68.0,0.0,0.0,13,,"Arrowhead, Okanogan County",331106,Arrowhead,2017-12-15 03:26:39.169865
2012-09-28,06:30,45.2,45.5,41.5,86.8,0.1,NW@2.0,3.9,,67.8,0.0,0.0,23,,"Arrowhead, Okanogan County",331106,Arrowhead,2017-12-15 03:26:39.169865
2012-09-28,06:45,45.6,45.7,41.7,85.9,0.1,NW@2.4,3.5,,67.7,0.0,0.0,43,,"Arrowhead, Okanogan County",331106,Arrowhead,2017-12-15 03:26:39.169865
2012-09-28,07:00,45.7,46.2,42.5,88.6,0.04,N@2.5,3.1,,67.6,0.0,0.0,107,,"Arrowhead, Okanogan County",331106,Arrowhead,2017-12-15 03:26:39.169865
2012-09-28,07:15,49.4,50.1,45.0,84.7,0.0,NW@1.2,3.1,,67.4,0.0,0.0,142,,"Arrowhead, Okanogan County",331106,Arrowhead,2017-12-15 03:26:39.169865
2012-09-28,07:30,53.0,53.3,45.5,75.5,0.0,S@2.0,3.1,,67.3,0.0,0.0,178,,"Arrowhead, Okanogan County",331106,Arrowhead,2017-12-15 03:26:39.169865
2012-09-28,07:45,54.4,54.6,45.3,71.5,0.0,SE@1.7,3.1,,67.1,0.0,0.0,215,,"Arrowhead, Okanogan County",331106,Arrowhead,2017-12-15 03:26:39.169865
2012-09-28,08:00,55.5,55.7,45.4,68.6,0.0,SE@1.6,3.9,,67.0,0.0,0.0,257,,"Arrowhead, Okanogan County",331106,Arrowhead,2017-12-15 03:26:39.169865
2012-09-28,08:15,56.2,56.4,45.7,67.8,0.0,S@2.3,3.9,,66.9,0.0,0.0,285,,"Arrowhead, Okanogan County",331106,Arrowhead,2017-12-15 03:26:39.169865
2012-09-28,08:30,57.4,57.7,45.8,65.0,0.0,SW@1.9,4.6,,66.7,0.0,0.0,311,,"Arrowhead, Okanogan County",331106,Arrowhead,2017-12-15 03:26:39.169865
2012-09-28,08:45,58.0,58.4,45.9,63.8,0.0,W@2.2,3.9,,66.6,0.0,0.0,345,,"Arrowhead, Okanogan County",331106,Arrowhead,2017-12-15 03:26:39.169865
2012-09-28,09:00,59.6,59.8,45.3,58.9,0.0,SW@3.0,4.9,,66.5,0.0,0.0,380,,"Arrowhead, Okanogan County",331106,Arrowhead,2017-12-15 03:26:39.169865
2012-09-28,09:15,59.6,59.7,43.1,54.3,0.0,SW@3.6,4.9,,66.4,0.0,0.0,396,,"Arrowhead, Okanogan County",331106,Arrowhead,2017-12-15 03:26:39.169865
2012-09-28,09:30,61.1,61.3,43.2,51.7,0.0,SW@2.9,4.6,,66.3,0.0,0.0,415,,"Arrowhead, Okanogan County",331106,Arrowhead,2017-12-15 03:26:39.169865
2012-09-28,09:45,63.6,63.5,42.1,45.3,0.0,S@3.2,4.6,,66.2,0.0,0.0,444,,"Arrowhead, Okanogan County",331106,Arrowhead,2017-12-15 03:26:39.169865
2012-09-28,10:00,63.4,63.4,42.6,46.5,0.0,S@3.5,4.9,,66.1,0.0,0.0,474,,"Arrowhead, Okanogan County",331106,Arrowhead,2017-12-15 03:26:39.169865
2012-09-28,10:15,64.5,64.5,42.1,44.0,0.0,S@3.2,4.9,,66.1,0.0,0.0,500,,"Arrowhead, Okanogan County",331106,Arrowhead,2017-12-15 03:26:39.169865
2012-09-28,10:30,65.9,66.1,42.3,42.2,0.0,S@2.8,4.2,,66.1,0.0,0.0,531,,"Arrowhead, Okanogan County",331106,Arrowhead,2017-12-15 03:26:39.169865
2012-09-28,10:45,66.2,66.2,43.3,43.5,0.0,S@3.4,4.9,,66.0,0.0,0.0,560,,"Arrowhead, Okanogan County",331106,Arrowhead,2017-12-15 03:26:39.169865
2012-09-28,11:00,68.8,69.3,42.7,38.7,0.0,SW@2.4,4.2,,66.1,0.0,0.0,570,,"Arrowhead, Okanogan County",331106,Arrowhead,2017-12-15 03:26:39.169865
2012-09-28,11:15,69.7,69.8,43.2,38.2,0.0,SW@2.6,4.2,,66.1,0.0,0.0,469,,"Arrowhead, Okanogan County",331106,Arrowhead,2017-12-15 03:26:39.169865
2012-09-28,11:30,70.6,70.6,42.1,35.7,0.0,SW@3.1,4.9,,66.1,0.0,0.0,565,,"Arrowhead, Okanogan County",331106,Arrowhead,2017-12-15 03:26:39.169865
2012-09-28,11:45,72.0,72.1,41.0,32.5,0.0,SW@2.9,4.6,,66.2,0.0,0.0,487,,"Arrowhead, Okanogan County",331106,Arrowhead,2017-12-15 03:26:39.169865
2012-09-28,12:00,72.5,72.8,43.0,34.6,0.0,W@2.3,3.9,,66.3,0.0,0.0,383,,"Arrowhead, Okanogan County",331106,Arrowhead,2017-12-15 03:26:39.169865
2012-09-28,12:15,74.1,74.3,43.9,33.9,0.0,W@2.7,4.6,,66.4,0.0,0.0,591,,"Arrowhead, Okanogan County",331106,Arrowhead,2017-12-15 03:26:39.169865
2012-09-28,12:30,74.6,74.5,42.5,31.6,0.0,SW@3.4,4.6,,66.5,0.0,0.0,571,,"Arrowhead, Okanogan County",331106,Arrowhead,2017-12-15 03:26:39.169865
2012-09-28,12:45,74.1,74.4,42.2,31.7,0.0,SW@2.0,3.9,,66.6,0.0,0.0,265,,"Arrowhead, Okanogan County",331106,Arrowhead,2017-12-15 03:26:39.169865
2012-09-28,13:00,73.9,74.3,46.2,37.2,0.0,NW@1.3,3.9,,66.7,0.0,0.0,182,,"Arrowhead, Okanogan County",331106,Arrowhead,2017-12-15 03:26:39.169865
2012-09-28,13:15,73.2,73.1,45.5,37.2,0.0,SW@1.6,3.5,,66.9,0.0,0.0,166,,"Arrowhead, Okanogan County",331106,Arrowhead,2017-12-15 03:26:39.169865
2012-09-28,13:30,73.1,73.3,48.7,41.9,0.0,W@2.6,3.9,,67.1,0.0,0.0,246,,"Arrowhead, Okanogan County",331106,Arrowhead,2017-12-15 03:26:39.169865
2012-09-28,13:45,74.6,74.6,45.6,35.6,0.0,SW@3.4,5.7,,67.2,0.0,0.0,330,,"Arrowhead, Okanogan County",331106,Arrowhead,2017-12-15 03:26:39.169865
2012-09-28,14:00,74.9,74.9,44.3,33.5,0.0,SW@3.8,6.0,,67.4,0.0,0.0,279,,"Arrowhead, Okanogan County",331106,Arrowhead,2017-12-15 03:26:39.169865
2012-09-28,14:15,74.5,74.5,48.1,39.2,0.0,SW@4.0,5.7,,67.6,0.0,0.0,256,,"Arrowhead, Okanogan County",331106,Arrowhead,2017-12-15 03:26:39.169865
2012-09-28,14:30,74.8,74.9,47.1,37.4,0.0,W@4.0,6.4,,67.8,0.0,0.0,240,,"Arrowhead, Okanogan County",331106,Arrowhead,2017-12-15 03:26:39.169865
2012-09-28,14:45,73.7,73.5,50.3,43.7,0.0,SW@3.9,6.4,,68.0,0.0,0.0,167,,"Arrowhead, Okanogan County",331106,Arrowhead,2017-12-15 03:26:39.169865
2012-09-28,15:00,72.7,72.8,47.3,40.4,0.0,W@3.5,5.3,,68.2,0.0,0.0,138,,"Arrowhead, Okanogan County",331106,Arrowhead,2017-12-15 03:26:39.169865
2012-09-28,15:15,73.2,73.2,46.5,38.6,0.0,SW@2.9,4.2,,68.4,0.0,0.0,94,,"Arrowhead, Okanogan County",331106,Arrowhead,2017-12-15 03:26:39.169865
2012-09-28,15:30,71.8,71.8,52.4,50.3,0.0,W@1.7,3.5,,68.6,0.0,0.0,65,,"Arrowhead, Okanogan County",331106,Arrowhead,2017-12-15 03:26:39.169865
2012-09-28,15:45,71.1,71.1,51.0,48.9,0.0,SW@2.6,6.0,,68.7,0.0,0.0,83,,"Arrowhead, Okanogan County",331106,Arrowhead,2017-12-15 03:26:39.169865
2012-09-28,16:00,70.3,70.3,52.8,53.9,0.0,NW@3.8,4.9,,68.9,0.0,0.0,110,,"Arrowhead, Okanogan County",331106,Arrowhead,2017-12-15 03:26:39.169865
2012-09-28,16:15,70.4,70.6,53.4,54.9,0.0,E@2.2,3.9,,69.1,0.0,0.0,103,,"Arrowhead, Okanogan County",331106,Arrowhead,2017-12-15 03:26:39.169865
2012-09-28,16:30,71.2,71.3,50.1,47.3,0.0,SW@2.1,3.5,,69.2,0.0,0.0,78,,"Arrowhead, Okanogan County",331106,Arrowhead,2017-12-15 03:26:39.169865
2012-09-28,16:45,68.5,68.5,56.5,65.3,0.0,NW@3.2,4.2,,69.3,0.0,0.0,62,,"Arrowhead, Okanogan County",331106,Arrowhead,2017-12-15 03:26:39.169865
2012-09-28,17:00,68.4,68.6,54.5,61.0,0.0,W@1.7,2.4,,69.5,0.0,0.0,50,,"Arrowhead, Okanogan County",331106,Arrowhead,2017-12-15 03:26:39.169865
2012-09-28,17:15,66.3,66.0,56.9,71.8,0.0,N@2.5,3.5,,69.6,0.0,0.0,28,,"Arrowhead, Okanogan County",331106,Arrowhead,2017-12-15 03:26:39.169865
2012-09-28,17:30,63.7,63.8,56.2,76.3,0.0,N@2.1,3.5,,69.7,0.0,0.0,17,,"Arrowhead, Okanogan County",331106,Arrowhead,2017-12-15 03:26:39.169865
2012-09-28,17:45,63.6,63.6,54.9,73.1,0.0,NW@1.9,3.5,,69.8,0.0,0.0,10,,"Arrowhead, Okanogan County",331106,Arrowhead,2017-12-15 03:26:39.169865
2012-09-28,18:00,62.4,62.6,54.3,74.8,0.0,NW@1.2,3.1,,69.9,0.0,0.0,1,,"Arrowhead, Okanogan County",331106,Arrowhead,2017-12-15 03:26:39.169865
2012-09-28,18:15,60.7,60.8,54.4,79.6,0.0,NW@3.0,3.9,,70.0,0.0,0.0,0,,"Arrowhead, Okanogan County",331106,Arrowhead,2017-12-15 03:26:39.169865
2012-09-28,18:30,59.8,60.0,53.9,80.8,0.0,N@1.8,3.5,,70.1,0.0,0.0,0,,"Arrowhead, Okanogan County",331106,Arrowhead,2017-12-15 03:26:39.169865
2012-09-28,18:45,60.0,60.1,53.0,77.8,0.0,NW@2.6,4.2,,70.1,0.0,0.0,0,,"Arrowhead, Okanogan County",331106,Arrowhead,2017-12-15 03:26:39.169865
2012-09-28,19:00,61.0,61.3,53.1,75.2,0.0,NE@3.0,5.7,,70.2,0.0,0.0,0,,"Arrowhead, Okanogan County",331106,Arrowhead,2017-12-15 03:26:39.169865
2012-09-28,19:15,60.0,60.3,51.4,73.2,0.0,N@3.3,5.3,,70.2,0.0,0.0,0,,"Arrowhead, Okanogan County",331106,Arrowhead,2017-12-15 03:26:39.169865
2012-09-28,19:30,60.9,61.3,50.9,69.7,0.0,NW@2.2,3.9,,70.2,0.0,0.0,0,,"Arrowhead, Okanogan County",331106,Arrowhead,2017-12-15 03:26:39.169865
2012-09-28,19:45,58.9,59.0,50.6,73.8,0.0,N@2.3,3.9,,70.3,0.0,0.0,0,,"Arrowhead, Okanogan County",331106,Arrowhead,2017-12-15 03:26:39.169865
2012-09-28,20:00,58.2,58.6,50.2,74.6,0.0,N@2.8,3.9,,70.3,0.0,0.0,0,,"Arrowhead, Okanogan County",331106,Arrowhead,2017-12-15 03:26:39.169865
2012-09-28,20:15,60.2,60.4,49.6,67.9,0.0,N@2.4,3.5,,70.3,0.0,0.0,0,,"Arrowhead, Okanogan County",331106,Arrowhead,2017-12-15 03:26:39.169865
2012-09-28,20:30,58.9,59.0,49.4,70.5,0.0,NW@2.0,3.1,,70.3,0.0,0.0,0,,"Arrowhead, Okanogan County",331106,Arrowhead,2017-12-15 03:26:39.169865
2012-09-28,20:45,57.6,57.9,49.2,73.3,0.0,NW@1.1,2.8,,70.2,0.0,0.0,0,,"Arrowhead, Okanogan County",331106,Arrowhead,2017-12-15 03:26:39.169865
2012-09-28,21:00,56.8,57.1,49.4,76.2,0.0,NW@1.8,2.8,,70.2,0.0,0.0,0,,"Arrowhead, Okanogan County",331106,Arrowhead,2017-12-15 03:26:39.169865
2012-09-28,21:15,56.9,57.0,49.4,76.0,0.0,W@2.7,3.9,,70.2,0.0,0.0,0,,"Arrowhead, Okanogan County",331106,Arrowhead,2017-12-15 03:26:39.169865
2012-09-28,21:30,53.7,53.8,48.1,81.1,0.0,NW@2.8,3.5,,70.1,0.0,0.0,0,,"Arrowhead, Okanogan County",331106,Arrowhead,2017-12-15 03:26:39.169865
2012-09-28,21:45,54.0,54.1,47.9,79.6,0.0,N@2.6,3.5,,70.1,0.0,0.0,0,,"Arrowhead, Okanogan County",331106,Arrowhead,2017-12-15 03:26:39.169865
2012-09-28,22:00,55.3,55.5,47.7,75.3,0.0,N@1.4,3.1,,70.0,0.0,0.0,0,,"Arrowhead, Okanogan County",331106,Arrowhead,2017-12-15 03:26:39.169865
2012-09-28,22:15,55.2,55.3,47.8,76.0,0.0,N@2.4,3.5,,70.0,0.0,0.0,0,,"Arrowhead, Okanogan County",331106,Arrowhead,2017-12-15 03:26:39.169865
2012-09-28,22:30,54.6,55.0,48.4,79.4,0.0,N@2.1,2.8,,69.9,0.0,0.0,0,,"Arrowhead, Okanogan County",331106,Arrowhead,2017-12-15 03:26:39.169865
2012-09-28,22:45,54.8,54.8,48.0,77.7,0.0,NW@1.8,3.5,,69.9,0.0,0.0,0,,"Arrowhead, Okanogan County",331106,Arrowhead,2017-12-15 03:26:39.169865
2012-09-28,23:00,53.8,54.0,47.7,79.5,0.0,NW@1.8,4.2,,69.8,0.0,0.0,0,,"Arrowhead, Okanogan County",331106,Arrowhead,2017-12-15 03:26:39.169865
2012-09-29,23:15,51.5,52.1,47.2,85.4,0.0,N@3.3,4.2,,69.7,0.0,0.0,0,,"Arrowhead, Okanogan County",331106,Arrowhead,2017-12-15 03:26:39.169865
2012-09-29,23:30,53.4,54.0,47.2,79.4,0.0,N@3.3,4.2,,69.6,0.0,0.0,0,,"Arrowhead, Okanogan County",331106,Arrowhead,2017-12-15 03:26:39.169865
2012-09-29,23:45,54.2,54.7,47.4,77.8,0.0,N@1.2,3.5,,69.5,0.0,0.0,0,,"Arrowhead, Okanogan County",331106,Arrowhead,2017-12-15 03:26:39.169865
2012-09-29,24:00,56.3,56.6,48.0,73.6,0.0,W@1.8,3.5,,69.4,0.0,0.0,0,,"Arrowhead, Okanogan County",331106,Arrowhead,2017-12-15 03:26:39.169865
