Date,Time PDT,Air Temp °F, 2<sup>nd</sup> Air Temp °F, Dew Point °F, Rel Hum %, Leaf Wet u., Wind Dir @ Speed mph, Wind Gust mph, 2 in. Soil Tmp °F, 8 in. Soil Tmp °F, Soil VWC %, Tot Prec in, Solar Rad W/m², Atm. Press. inHg,Location,Station ID,Station Name,Download Timestamp
2018-05-29,00:15,58.3,58.2,49.2,71.6,0.0,SW@3.1,8.5,62.5,68.2,36.8,0.0,0,30.12,"Stevenson, Stevenson, Skamania County",300207,Stevenson,2018-09-13 15:32:09.684469
2018-05-29,00:30,57.7,57.5,49.1,72.7,0.0,S@2.6,6.0,62.4,68.1,36.8,0.0,0,30.12,"Stevenson, Stevenson, Skamania County",300207,Stevenson,2018-09-13 15:32:09.684469
2018-05-29,00:45,57.1,57.0,48.8,73.8,0.0,SW@3.5,6.7,62.3,68.1,36.8,0.0,0,30.12,"Stevenson, Stevenson, Skamania County",300207,Stevenson,2018-09-13 15:32:09.684469
2018-05-29,01:00,56.5,56.4,48.6,74.6,0.0,S@3.5,6.7,62.2,68.0,36.8,0.0,0,30.12,"Stevenson, Stevenson, Skamania County",300207,Stevenson,2018-09-13 15:32:09.684469
2018-05-29,01:15,56.0,55.9,48.2,74.7,0.0,SW@3.6,6.7,62.1,67.9,36.8,0.0,0,30.12,"Stevenson, Stevenson, Skamania County",300207,Stevenson,2018-09-13 15:32:09.684469
2018-05-29,01:30,55.6,55.4,47.7,74.8,0.0,SW@4.3,11.0,62.0,67.8,36.8,0.0,0,30.12,"Stevenson, Stevenson, Skamania County",300207,Stevenson,2018-09-13 15:32:09.684469
2018-05-29,01:45,55.2,55.1,47.3,74.5,0.0,S@4.6,11.7,61.9,67.7,36.8,0.0,0,30.12,"Stevenson, Stevenson, Skamania County",300207,Stevenson,2018-09-13 15:32:09.684469
2018-05-29,02:00,54.8,54.6,46.9,74.6,0.0,S@4.7,9.6,61.7,67.6,36.8,0.0,0,30.12,"Stevenson, Stevenson, Skamania County",300207,Stevenson,2018-09-13 15:32:09.684469
2018-05-29,02:15,54.4,54.2,46.4,74.3,0.0,S@4.6,11.4,61.6,67.5,36.8,0.0,0,30.12,"Stevenson, Stevenson, Skamania County",300207,Stevenson,2018-09-13 15:32:09.684469
2018-05-29,02:30,53.7,53.6,46.0,75.0,0.0,S@4.4,10.3,61.5,67.5,36.8,0.0,0,30.12,"Stevenson, Stevenson, Skamania County",300207,Stevenson,2018-09-13 15:32:09.684469
2018-05-29,02:45,53.2,53.0,45.7,75.5,0.0,S@4.6,8.5,61.4,67.4,36.8,0.0,0,30.12,"Stevenson, Stevenson, Skamania County",300207,Stevenson,2018-09-13 15:32:09.684469
2018-05-29,03:00,52.9,52.7,45.0,74.4,0.0,S@5.2,11.4,61.3,67.3,36.8,0.0,0,30.12,"Stevenson, Stevenson, Skamania County",300207,Stevenson,2018-09-13 15:32:09.684469
2018-05-29,03:15,52.8,52.6,44.3,72.8,0.0,S@5.4,12.4,61.2,67.2,36.8,0.0,0,30.12,"Stevenson, Stevenson, Skamania County",300207,Stevenson,2018-09-13 15:32:09.684469
2018-05-29,03:30,52.6,52.5,44.1,72.5,0.0,S@5.2,10.7,61.0,67.1,36.8,0.0,0,30.12,"Stevenson, Stevenson, Skamania County",300207,Stevenson,2018-09-13 15:32:09.684469
2018-05-29,03:45,52.3,52.1,43.7,72.2,0.0,S@5.3,10.7,60.9,67.0,36.8,0.0,0,30.12,"Stevenson, Stevenson, Skamania County",300207,Stevenson,2018-09-13 15:32:09.684469
2018-05-29,04:00,51.9,51.7,43.5,72.7,0.0,S@5.3,11.7,60.8,66.9,36.8,0.0,0,30.12,"Stevenson, Stevenson, Skamania County",300207,Stevenson,2018-09-13 15:32:09.684469
2018-05-29,04:15,51.8,51.6,43.3,72.7,0.0,S@5.3,10.3,60.7,66.8,36.8,0.0,0,30.12,"Stevenson, Stevenson, Skamania County",300207,Stevenson,2018-09-13 15:32:09.684469
2018-05-29,04:30,51.8,51.6,43.2,72.5,0.0,S@5.9,13.2,60.5,66.7,36.8,0.0,0,30.12,"Stevenson, Stevenson, Skamania County",300207,Stevenson,2018-09-13 15:32:09.684469
2018-05-29,04:45,51.7,51.5,43.1,72.4,0.0,S@5.1,11.7,60.4,66.6,36.8,0.0,0,30.12,"Stevenson, Stevenson, Skamania County",300207,Stevenson,2018-09-13 15:32:09.684469
2018-05-29,05:00,51.5,51.3,43.1,73.0,0.0,S@5.2,9.6,60.3,66.5,36.7,0.0,0,30.12,"Stevenson, Stevenson, Skamania County",300207,Stevenson,2018-09-13 15:32:09.684469
2018-05-29,05:15,51.5,51.3,43.0,72.8,0.0,S@5.3,11.0,60.2,66.5,36.7,0.0,0,30.12,"Stevenson, Stevenson, Skamania County",300207,Stevenson,2018-09-13 15:32:09.684469
2018-05-29,05:30,51.5,51.4,43.1,72.7,0.0,S@4.8,10.7,60.1,66.4,36.7,0.0,3,30.12,"Stevenson, Stevenson, Skamania County",300207,Stevenson,2018-09-13 15:32:09.684469
2018-05-29,05:45,51.5,51.4,43.1,72.7,0.0,S@5.2,10.7,60.0,66.3,36.7,0.0,4,30.12,"Stevenson, Stevenson, Skamania County",300207,Stevenson,2018-09-13 15:32:09.684469
2018-05-29,06:00,51.3,51.2,43.0,73.1,0.0,S@4.9,9.9,59.9,66.2,36.7,0.0,10,30.12,"Stevenson, Stevenson, Skamania County",300207,Stevenson,2018-09-13 15:32:09.684469
2018-05-29,06:15,51.3,51.2,43.2,73.6,0.0,S@5.3,11.7,59.8,66.1,36.7,0.0,15,30.13,"Stevenson, Stevenson, Skamania County",300207,Stevenson,2018-09-13 15:32:09.684469
2018-05-29,06:30,51.4,51.2,43.4,74.0,0.0,S@4.4,9.2,59.7,66.0,36.7,0.0,19,30.13,"Stevenson, Stevenson, Skamania County",300207,Stevenson,2018-09-13 15:32:09.684469
2018-05-29,06:45,51.6,51.4,43.4,73.6,0.0,S@4.7,9.6,59.6,65.9,36.7,0.0,38,30.14,"Stevenson, Stevenson, Skamania County",300207,Stevenson,2018-09-13 15:32:09.684469
2018-05-29,07:00,51.7,51.6,43.3,72.9,0.0,S@3.6,8.9,59.6,65.9,36.7,0.0,49,30.14,"Stevenson, Stevenson, Skamania County",300207,Stevenson,2018-09-13 15:32:09.684469
2018-05-29,07:15,52.6,52.4,43.5,70.8,0.0,S@3.7,7.1,59.5,65.8,36.7,0.0,158,30.14,"Stevenson, Stevenson, Skamania County",300207,Stevenson,2018-09-13 15:32:09.684469
2018-05-29,07:30,54.1,54.0,43.6,67.5,0.0,S@4.3,10.3,59.5,65.7,36.7,0.0,304,30.14,"Stevenson, Stevenson, Skamania County",300207,Stevenson,2018-09-13 15:32:09.684469
2018-05-29,07:45,55.7,56.0,43.7,63.9,0.0,S@4.3,8.2,59.5,65.6,36.7,0.0,428,30.14,"Stevenson, Stevenson, Skamania County",300207,Stevenson,2018-09-13 15:32:09.684469
2018-05-29,08:00,55.7,55.9,43.8,64.2,0.0,S@4.7,9.6,59.5,65.6,36.7,0.0,381,30.13,"Stevenson, Stevenson, Skamania County",300207,Stevenson,2018-09-13 15:32:09.684469
2018-05-29,08:15,55.7,55.7,43.6,63.8,0.0,S@4.4,10.3,59.5,65.5,36.6,0.0,401,30.13,"Stevenson, Stevenson, Skamania County",300207,Stevenson,2018-09-13 15:32:09.684469
2018-05-29,08:30,55.9,55.8,43.1,62.0,0.0,SW@4.7,9.6,59.6,65.4,36.6,0.0,443,30.13,"Stevenson, Stevenson, Skamania County",300207,Stevenson,2018-09-13 15:32:09.684469
2018-05-29,08:45,56.2,56.1,42.4,59.7,0.0,S@5.6,14.2,59.6,65.3,36.6,0.0,486,30.13,"Stevenson, Stevenson, Skamania County",300207,Stevenson,2018-09-13 15:32:09.684469
2018-05-29,09:00,57.0,56.8,41.1,55.1,0.0,S@5.7,14.2,59.7,65.3,36.6,0.0,545,30.13,"Stevenson, Stevenson, Skamania County",300207,Stevenson,2018-09-13 15:32:09.684469
2018-05-29,09:15,57.2,57.1,40.3,53.0,0.0,SW@5.2,12.1,59.7,65.2,36.6,0.0,570,30.13,"Stevenson, Stevenson, Skamania County",300207,Stevenson,2018-09-13 15:32:09.684469
2018-05-29,09:30,57.8,57.7,40.8,53.0,0.0,S@5.1,11.7,59.8,65.1,36.6,0.0,608,30.13,"Stevenson, Stevenson, Skamania County",300207,Stevenson,2018-09-13 15:32:09.684469
2018-05-29,09:45,58.0,57.9,40.2,51.3,0.0,S@5.8,11.4,59.8,65.1,36.6,0.0,572,30.13,"Stevenson, Stevenson, Skamania County",300207,Stevenson,2018-09-13 15:32:09.684469
2018-05-29,10:00,58.1,57.9,39.8,50.4,0.0,S@6.6,14.6,59.9,65.0,36.6,0.0,663,30.13,"Stevenson, Stevenson, Skamania County",300207,Stevenson,2018-09-13 15:32:09.684469
2018-05-29,10:15,59.0,58.9,40.0,49.2,0.0,S@6.9,13.9,60.0,64.9,36.6,0.0,727,30.13,"Stevenson, Stevenson, Skamania County",300207,Stevenson,2018-09-13 15:32:09.684469
2018-05-29,10:30,59.1,59.0,39.5,48.1,0.0,S@7.1,14.6,60.1,64.9,36.5,0.0,733,30.12,"Stevenson, Stevenson, Skamania County",300207,Stevenson,2018-09-13 15:32:09.684469
2018-05-29,10:45,60.4,60.3,40.0,46.9,0.0,S@6.4,15.3,60.3,64.8,36.5,0.0,828,30.12,"Stevenson, Stevenson, Skamania County",300207,Stevenson,2018-09-13 15:32:09.684469
2018-05-29,11:00,61.0,60.9,40.0,45.7,0.0,S@6.5,13.5,60.4,64.8,36.5,0.0,864,30.11,"Stevenson, Stevenson, Skamania County",300207,Stevenson,2018-09-13 15:32:09.684469
2018-05-29,11:15,60.9,60.8,39.3,44.6,0.0,S@6.8,13.2,60.6,64.8,36.5,0.0,748,30.11,"Stevenson, Stevenson, Skamania County",300207,Stevenson,2018-09-13 15:32:09.684469
2018-05-29,11:30,60.6,60.6,39.9,46.2,0.0,S@6.0,12.4,60.8,64.7,36.5,0.0,589,30.11,"Stevenson, Stevenson, Skamania County",300207,Stevenson,2018-09-13 15:32:09.684469
2018-05-29,11:45,60.1,60.0,39.6,46.5,0.0,S@6.2,15.3,61.0,64.7,36.4,0.0,511,30.11,"Stevenson, Stevenson, Skamania County",300207,Stevenson,2018-09-13 15:32:09.684469
2018-05-29,12:00,61.1,61.0,40.2,45.9,0.0,S@6.5,15.7,61.2,64.7,36.4,0.0,711,30.11,"Stevenson, Stevenson, Skamania County",300207,Stevenson,2018-09-13 15:32:09.684469
2018-05-29,12:15,61.1,61.0,40.6,46.6,0.0,S@6.6,13.9,61.4,64.7,36.4,0.0,618,30.1,"Stevenson, Stevenson, Skamania County",300207,Stevenson,2018-09-13 15:32:09.684469
2018-05-29,12:30,60.9,60.8,40.5,46.9,0.0,S@6.4,13.5,61.6,64.7,36.4,0.0,479,30.1,"Stevenson, Stevenson, Skamania County",300207,Stevenson,2018-09-13 15:32:09.684469
2018-05-29,12:45,60.5,60.4,40.3,47.3,0.0,S@6.7,12.1,61.7,64.7,36.4,0.0,496,30.1,"Stevenson, Stevenson, Skamania County",300207,Stevenson,2018-09-13 15:32:09.684469
2018-05-29,13:00,60.7,60.6,40.8,47.8,0.0,S@5.8,11.4,61.9,64.7,36.4,0.0,480,30.1,"Stevenson, Stevenson, Skamania County",300207,Stevenson,2018-09-13 15:32:09.684469
2018-05-29,13:15,60.3,60.2,40.9,48.7,0.0,SW@5.6,12.1,62.0,64.7,36.4,0.0,429,30.1,"Stevenson, Stevenson, Skamania County",300207,Stevenson,2018-09-13 15:32:09.684469
2018-05-29,13:30,60.0,59.9,41.2,49.7,0.0,S@6.8,14.6,62.0,64.7,36.4,0.0,369,30.1,"Stevenson, Stevenson, Skamania County",300207,Stevenson,2018-09-13 15:32:09.684469
2018-05-29,13:45,60.0,59.9,41.7,50.5,0.0,S@5.6,12.1,62.1,64.8,36.4,0.0,325,30.09,"Stevenson, Stevenson, Skamania County",300207,Stevenson,2018-09-13 15:32:09.684469
2018-05-29,14:00,60.2,60.0,42.1,51.2,0.0,S@6.1,11.7,62.1,64.8,36.4,0.0,395,30.09,"Stevenson, Stevenson, Skamania County",300207,Stevenson,2018-09-13 15:32:09.684469
2018-05-29,14:15,60.7,60.7,43.1,52.0,0.0,S@4.8,8.9,62.2,64.9,36.4,0.0,349,30.09,"Stevenson, Stevenson, Skamania County",300207,Stevenson,2018-09-13 15:32:09.684469
2018-05-29,14:30,61.0,60.9,42.9,51.2,0.0,S@4.6,10.7,62.2,64.9,36.4,0.0,405,30.09,"Stevenson, Stevenson, Skamania County",300207,Stevenson,2018-09-13 15:32:09.684469
2018-05-29,14:45,61.9,61.9,43.0,49.7,0.0,S@5.6,11.7,62.2,65.0,36.4,0.0,577,30.08,"Stevenson, Stevenson, Skamania County",300207,Stevenson,2018-09-13 15:32:09.684469
2018-05-29,15:00,62.1,62.1,42.4,48.4,0.0,S@5.6,10.7,62.3,65.0,36.4,0.0,436,30.08,"Stevenson, Stevenson, Skamania County",300207,Stevenson,2018-09-13 15:32:09.684469
2018-05-29,15:15,61.1,61.0,41.9,49.1,0.0,S@5.4,11.0,62.4,65.1,36.4,0.0,356,30.08,"Stevenson, Stevenson, Skamania County",300207,Stevenson,2018-09-13 15:32:09.684469
2018-05-29,15:30,61.8,61.7,42.1,48.4,0.0,S@5.3,9.6,62.5,65.1,36.4,0.0,410,30.07,"Stevenson, Stevenson, Skamania County",300207,Stevenson,2018-09-13 15:32:09.684469
2018-05-29,15:45,62.0,62.0,41.9,47.5,0.0,S@6.1,12.4,62.5,65.2,36.4,0.0,406,30.07,"Stevenson, Stevenson, Skamania County",300207,Stevenson,2018-09-13 15:32:09.684469
2018-05-29,16:00,62.6,62.5,41.7,46.3,0.0,S@5.4,11.4,62.6,65.2,36.4,0.0,421,30.06,"Stevenson, Stevenson, Skamania County",300207,Stevenson,2018-09-13 15:32:09.684469
2018-05-29,16:15,63.5,63.4,42.2,45.8,0.0,S@5.1,8.5,62.6,65.3,36.4,0.0,442,30.06,"Stevenson, Stevenson, Skamania County",300207,Stevenson,2018-09-13 15:32:09.684469
2018-05-29,16:30,64.4,64.4,41.9,43.7,0.0,S@6.5,12.4,62.7,65.3,36.4,0.0,534,30.05,"Stevenson, Stevenson, Skamania County",300207,Stevenson,2018-09-13 15:32:09.684469
2018-05-29,16:45,65.6,65.5,42.5,42.9,0.0,S@5.2,12.8,62.8,65.4,36.4,0.0,617,30.05,"Stevenson, Stevenson, Skamania County",300207,Stevenson,2018-09-13 15:32:09.684469
2018-05-29,17:00,65.6,65.6,42.2,42.4,0.0,S@6.1,11.0,63.0,65.5,36.4,0.0,591,30.04,"Stevenson, Stevenson, Skamania County",300207,Stevenson,2018-09-13 15:32:09.684469
2018-05-29,17:15,65.3,65.3,42.0,42.6,0.0,S@5.0,9.6,63.2,65.5,36.4,0.0,433,30.04,"Stevenson, Stevenson, Skamania County",300207,Stevenson,2018-09-13 15:32:09.684469
2018-05-29,17:30,64.9,64.8,41.7,42.7,0.0,S@5.3,10.7,63.4,65.6,36.4,0.0,388,30.03,"Stevenson, Stevenson, Skamania County",300207,Stevenson,2018-09-13 15:32:09.684469
2018-05-29,17:45,64.0,63.9,41.2,43.2,0.0,S@5.6,11.4,63.5,65.6,36.4,0.0,284,30.02,"Stevenson, Stevenson, Skamania County",300207,Stevenson,2018-09-13 15:32:09.684469
2018-05-29,18:00,65.0,65.0,41.2,41.7,0.0,S@5.8,11.4,63.6,65.7,36.4,0.0,454,30.02,"Stevenson, Stevenson, Skamania County",300207,Stevenson,2018-09-13 15:32:09.684469
2018-05-29,18:15,65.4,65.5,41.5,41.7,0.0,S@4.7,10.3,63.6,65.8,36.4,0.0,395,30.01,"Stevenson, Stevenson, Skamania County",300207,Stevenson,2018-09-13 15:32:09.684469
2018-05-29,18:30,64.4,64.6,40.9,42.1,0.0,S@5.3,12.8,63.8,65.8,36.4,0.0,238,30.01,"Stevenson, Stevenson, Skamania County",300207,Stevenson,2018-09-13 15:32:09.684469
2018-05-29,18:45,63.1,63.1,40.6,43.5,0.0,S@4.4,11.4,64.0,65.9,36.4,0.0,91,30.01,"Stevenson, Stevenson, Skamania County",300207,Stevenson,2018-09-13 15:32:09.684469
2018-05-29,19:00,62.6,62.5,40.4,43.8,0.0,S@3.7,11.4,64.0,66.0,36.4,0.0,64,30.0,"Stevenson, Stevenson, Skamania County",300207,Stevenson,2018-09-13 15:32:09.684469
2018-05-29,19:15,62.1,62.0,40.2,44.4,0.0,SW@3.2,6.7,64.0,66.0,36.4,0.0,48,30.0,"Stevenson, Stevenson, Skamania County",300207,Stevenson,2018-09-13 15:32:09.684469
2018-05-29,19:30,61.9,61.8,39.9,44.2,0.0,SW@3.1,6.4,63.8,66.1,36.4,0.0,39,30.0,"Stevenson, Stevenson, Skamania County",300207,Stevenson,2018-09-13 15:32:09.684469
2018-05-29,19:45,61.6,61.5,39.8,44.5,0.0,SW@3.5,9.9,63.7,66.2,36.4,0.0,28,29.99,"Stevenson, Stevenson, Skamania County",300207,Stevenson,2018-09-13 15:32:09.684469
2018-05-29,20:00,60.6,60.5,40.1,46.6,0.0,SW@2.1,6.7,63.5,66.2,36.4,0.0,21,30.0,"Stevenson, Stevenson, Skamania County",300207,Stevenson,2018-09-13 15:32:09.684469
2018-05-29,20:15,59.7,59.5,40.5,48.9,0.0,SW@1.7,4.9,63.3,66.3,36.4,0.0,17,30.0,"Stevenson, Stevenson, Skamania County",300207,Stevenson,2018-09-13 15:32:09.684469
2018-05-29,20:30,58.2,57.9,40.6,51.9,0.0,SW@0.3,2.4,63.1,66.3,36.4,0.0,12,30.01,"Stevenson, Stevenson, Skamania County",300207,Stevenson,2018-09-13 15:32:09.684469
2018-05-29,20:45,58.2,57.9,39.9,50.4,0.0,W@1.3,4.2,62.8,66.3,36.4,0.0,7,30.01,"Stevenson, Stevenson, Skamania County",300207,Stevenson,2018-09-13 15:32:09.684469
2018-05-29,21:00,58.1,57.8,39.7,50.3,0.0,W@1.7,6.7,62.6,66.4,36.4,0.0,2,30.02,"Stevenson, Stevenson, Skamania County",300207,Stevenson,2018-09-13 15:32:09.684469
2018-05-29,21:15,58.3,58.0,39.4,49.4,0.0,E@2.7,8.5,62.3,66.4,36.4,0.0,0,30.02,"Stevenson, Stevenson, Skamania County",300207,Stevenson,2018-09-13 15:32:09.684469
2018-05-29,21:30,57.6,57.3,39.5,50.7,0.0,S@3.1,7.4,62.1,66.4,36.4,0.0,0,30.03,"Stevenson, Stevenson, Skamania County",300207,Stevenson,2018-09-13 15:32:09.684469
2018-05-29,21:45,57.3,57.1,39.3,50.9,0.0,S@4.1,9.6,61.9,66.4,36.4,0.0,0,30.04,"Stevenson, Stevenson, Skamania County",300207,Stevenson,2018-09-13 15:32:09.684469
2018-05-29,22:00,57.3,57.1,38.8,49.9,0.0,S@5.8,11.4,61.7,66.4,36.4,0.0,0,30.04,"Stevenson, Stevenson, Skamania County",300207,Stevenson,2018-09-13 15:32:09.684469
2018-05-29,22:15,56.4,56.2,39.1,52.2,0.0,S@3.6,7.1,61.6,66.4,36.4,0.0,0,30.05,"Stevenson, Stevenson, Skamania County",300207,Stevenson,2018-09-13 15:32:09.684469
2018-05-29,22:30,55.4,55.3,39.2,54.3,0.0,SW@2.8,6.0,61.4,66.4,36.5,0.0,0,30.05,"Stevenson, Stevenson, Skamania County",300207,Stevenson,2018-09-13 15:32:09.684469
2018-05-29,22:45,54.8,54.6,39.2,55.4,0.0,SW@2.6,5.3,61.2,66.3,36.5,0.0,0,30.05,"Stevenson, Stevenson, Skamania County",300207,Stevenson,2018-09-13 15:32:09.684469
2018-05-29,23:00,54.2,54.0,39.2,56.9,0.0,SW@2.8,6.0,61.1,66.3,36.5,0.0,0,30.05,"Stevenson, Stevenson, Skamania County",300207,Stevenson,2018-09-13 15:32:09.684469
2018-05-29,23:15,53.8,53.7,39.1,57.3,0.0,SW@3.3,8.2,60.9,66.2,36.5,0.0,0,30.06,"Stevenson, Stevenson, Skamania County",300207,Stevenson,2018-09-13 15:32:09.684469
2018-05-29,23:30,53.3,53.2,39.1,58.3,0.0,SW@3.7,7.4,60.8,66.2,36.5,0.0,0,30.06,"Stevenson, Stevenson, Skamania County",300207,Stevenson,2018-09-13 15:32:09.684469
2018-05-29,23:45,52.8,52.6,39.2,59.8,0.0,SW@3.1,6.4,60.6,66.1,36.5,0.0,0,30.06,"Stevenson, Stevenson, Skamania County",300207,Stevenson,2018-09-13 15:32:09.684469
2018-05-29,24:00,51.9,51.8,39.4,62.1,0.0,SW@1.9,4.2,60.4,66.1,36.5,0.0,0,30.06,"Stevenson, Stevenson, Skamania County",300207,Stevenson,2018-09-13 15:32:09.684469
2018-05-30,00:15,51.6,51.4,39.6,63.2,0.0,SW@2.5,5.3,60.3,66.0,36.5,0.0,0,30.06,"Stevenson, Stevenson, Skamania County",300207,Stevenson,2018-09-13 15:32:09.684469
2018-05-30,00:30,51.4,51.2,39.4,63.4,0.0,SW@2.7,6.7,60.1,66.0,36.5,0.0,0,30.06,"Stevenson, Stevenson, Skamania County",300207,Stevenson,2018-09-13 15:32:09.684469
2018-05-30,00:45,51.2,51.0,39.5,63.9,0.0,SW@2.7,7.8,60.0,65.9,36.5,0.0,0,30.06,"Stevenson, Stevenson, Skamania County",300207,Stevenson,2018-09-13 15:32:09.684469
2018-05-30,01:00,50.7,50.5,39.6,65.7,0.0,SW@2.7,8.2,59.8,65.8,36.5,0.0,0,30.06,"Stevenson, Stevenson, Skamania County",300207,Stevenson,2018-09-13 15:32:09.684469
2018-05-30,01:15,50.3,50.1,39.9,67.3,0.0,SW@3.1,6.7,59.7,65.8,36.5,0.0,0,30.06,"Stevenson, Stevenson, Skamania County",300207,Stevenson,2018-09-13 15:32:09.684469
2018-05-30,01:30,50.0,49.7,40.2,68.9,0.0,SW@3.2,6.4,59.6,65.7,36.5,0.0,0,30.06,"Stevenson, Stevenson, Skamania County",300207,Stevenson,2018-09-13 15:32:09.684469
2018-05-30,01:45,49.6,49.3,40.1,69.7,0.0,NW@1.9,5.3,59.4,65.6,36.4,0.0,0,30.06,"Stevenson, Stevenson, Skamania County",300207,Stevenson,2018-09-13 15:32:09.684469
2018-05-30,02:00,48.9,48.6,40.2,71.8,0.0,NW@1.3,3.9,59.3,65.5,36.4,0.0,0,30.06,"Stevenson, Stevenson, Skamania County",300207,Stevenson,2018-09-13 15:32:09.684469
2018-05-30,02:15,47.8,47.5,40.4,75.5,0.0,NW@1.9,3.9,59.1,65.5,36.4,0.0,0,30.06,"Stevenson, Stevenson, Skamania County",300207,Stevenson,2018-09-13 15:32:09.684469
2018-05-30,02:30,47.0,46.7,40.5,77.8,0.0,NW@2.4,4.6,58.9,65.4,36.4,0.0,0,30.06,"Stevenson, Stevenson, Skamania County",300207,Stevenson,2018-09-13 15:32:09.684469
2018-05-30,02:45,46.2,45.9,39.8,78.2,0.0,NW@2.9,4.9,58.7,65.3,36.4,0.0,0,30.06,"Stevenson, Stevenson, Skamania County",300207,Stevenson,2018-09-13 15:32:09.684469
2018-05-30,03:00,45.2,45.0,39.8,81.2,0.0,NW@3.3,5.3,58.5,65.2,36.4,0.0,0,30.06,"Stevenson, Stevenson, Skamania County",300207,Stevenson,2018-09-13 15:32:09.684469
2018-05-30,03:15,44.9,44.6,39.5,81.3,0.0,N@3.7,6.0,58.3,65.1,36.4,0.0,0,30.06,"Stevenson, Stevenson, Skamania County",300207,Stevenson,2018-09-13 15:32:09.684469
2018-05-30,03:30,45.0,44.7,38.6,78.3,0.0,N@3.4,5.7,58.2,65.0,36.4,0.0,0,30.06,"Stevenson, Stevenson, Skamania County",300207,Stevenson,2018-09-13 15:32:09.684469
2018-05-30,03:45,44.7,44.4,38.3,78.1,0.0,N@3.3,6.0,58.0,65.0,36.4,0.0,0,30.06,"Stevenson, Stevenson, Skamania County",300207,Stevenson,2018-09-13 15:32:09.684469
2018-05-30,04:00,44.9,44.7,38.3,77.4,0.0,NW@3.8,6.0,57.8,64.9,36.4,0.0,0,30.05,"Stevenson, Stevenson, Skamania County",300207,Stevenson,2018-09-13 15:32:09.684469
2018-05-30,04:15,44.5,44.2,38.3,78.8,0.0,N@3.4,5.3,57.6,64.8,36.4,0.0,0,30.05,"Stevenson, Stevenson, Skamania County",300207,Stevenson,2018-09-13 15:32:09.684469
2018-05-30,04:30,44.3,44.0,38.1,78.8,0.0,N@3.8,6.4,57.5,64.7,36.4,0.0,0,30.05,"Stevenson, Stevenson, Skamania County",300207,Stevenson,2018-09-13 15:32:09.684469
2018-05-30,04:45,43.9,43.6,38.0,79.6,0.0,NW@3.0,5.3,57.3,64.6,36.4,0.0,0,30.05,"Stevenson, Stevenson, Skamania County",300207,Stevenson,2018-09-13 15:32:09.684469
2018-05-30,05:00,43.8,43.5,37.7,79.1,0.0,NW@2.6,5.3,57.2,64.5,36.4,0.0,0,30.05,"Stevenson, Stevenson, Skamania County",300207,Stevenson,2018-09-13 15:32:09.684469
2018-05-30,05:15,43.1,42.8,37.7,81.1,0.0,NW@1.6,4.6,57.0,64.4,36.4,0.0,1,30.05,"Stevenson, Stevenson, Skamania County",300207,Stevenson,2018-09-13 15:32:09.684469
2018-05-30,05:30,42.9,42.5,37.6,81.4,0.0,NW@0.9,3.9,56.9,64.3,36.4,0.0,5,30.04,"Stevenson, Stevenson, Skamania County",300207,Stevenson,2018-09-13 15:32:09.684469
2018-05-30,05:45,42.7,42.4,37.7,82.4,0.0,NW@2.1,4.2,56.7,64.3,36.4,0.0,14,30.04,"Stevenson, Stevenson, Skamania County",300207,Stevenson,2018-09-13 15:32:09.684469
2018-05-30,06:00,43.3,43.0,37.6,80.1,0.0,NW@1.8,4.6,56.6,64.2,36.4,0.0,37,30.04,"Stevenson, Stevenson, Skamania County",300207,Stevenson,2018-09-13 15:32:09.684469
2018-05-30,06:15,44.3,44.0,37.8,77.7,0.0,N@2.6,4.2,56.4,64.1,36.3,0.0,58,30.04,"Stevenson, Stevenson, Skamania County",300207,Stevenson,2018-09-13 15:32:09.684469
2018-05-30,06:30,45.2,44.8,38.0,75.8,0.0,N@2.6,4.2,56.3,64.0,36.3,0.0,50,30.04,"Stevenson, Stevenson, Skamania County",300207,Stevenson,2018-09-13 15:32:09.684469
2018-05-30,06:45,45.9,45.5,38.5,75.1,0.0,N@2.1,3.1,56.2,63.9,36.3,0.0,50,30.04,"Stevenson, Stevenson, Skamania County",300207,Stevenson,2018-09-13 15:32:09.684469
2018-05-30,07:00,47.1,46.8,38.3,71.3,0.0,NW@2.8,4.6,56.1,63.8,36.3,0.0,61,30.04,"Stevenson, Stevenson, Skamania County",300207,Stevenson,2018-09-13 15:32:09.684469
2018-05-30,07:15,48.7,48.5,38.7,68.2,0.0,N@2.0,3.9,56.0,63.7,36.3,0.0,185,30.04,"Stevenson, Stevenson, Skamania County",300207,Stevenson,2018-09-13 15:32:09.684469
2018-05-30,07:30,50.5,50.4,41.2,70.1,0.0,S@2.4,6.7,56.0,63.6,36.3,0.0,225,30.04,"Stevenson, Stevenson, Skamania County",300207,Stevenson,2018-09-13 15:32:09.684469
2018-05-30,07:45,51.4,51.5,41.6,69.0,0.0,S@3.6,6.7,56.0,63.6,36.3,0.0,294,30.04,"Stevenson, Stevenson, Skamania County",300207,Stevenson,2018-09-13 15:32:09.684469
2018-05-30,08:00,52.6,52.8,41.5,65.7,0.0,S@4.2,7.4,56.0,63.5,36.3,0.0,322,30.03,"Stevenson, Stevenson, Skamania County",300207,Stevenson,2018-09-13 15:32:09.684469
2018-05-30,08:15,53.2,53.2,41.4,64.1,0.0,S@4.4,10.3,56.0,63.4,36.3,0.0,348,30.02,"Stevenson, Stevenson, Skamania County",300207,Stevenson,2018-09-13 15:32:09.684469
2018-05-30,08:30,54.3,54.2,41.1,60.9,0.0,S@4.5,8.5,56.1,63.3,36.3,0.0,429,30.02,"Stevenson, Stevenson, Skamania County",300207,Stevenson,2018-09-13 15:32:09.684469
2018-05-30,08:45,55.5,55.4,41.0,57.9,0.0,S@4.4,7.8,56.2,63.2,36.2,0.0,479,30.01,"Stevenson, Stevenson, Skamania County",300207,Stevenson,2018-09-13 15:32:09.684469
2018-05-30,09:00,55.6,55.5,39.4,54.4,0.0,S@5.3,10.3,56.3,63.2,36.2,0.0,504,30.01,"Stevenson, Stevenson, Skamania County",300207,Stevenson,2018-09-13 15:32:09.684469
2018-05-30,09:15,56.4,56.4,39.7,53.3,0.0,S@4.9,11.0,56.5,63.1,36.2,0.0,564,30.0,"Stevenson, Stevenson, Skamania County",300207,Stevenson,2018-09-13 15:32:09.684469
2018-05-30,09:30,57.0,57.1,39.9,52.7,0.0,S@5.8,15.0,56.6,63.0,36.2,0.0,617,29.99,"Stevenson, Stevenson, Skamania County",300207,Stevenson,2018-09-13 15:32:09.684469
2018-05-30,09:45,57.7,57.8,40.0,51.5,0.0,S@5.8,11.0,56.8,62.9,36.2,0.0,660,29.97,"Stevenson, Stevenson, Skamania County",300207,Stevenson,2018-09-13 15:32:09.684469
2018-05-30,10:00,58.1,58.2,40.2,51.2,0.0,S@5.3,11.0,57.0,62.9,36.2,0.0,612,29.96,"Stevenson, Stevenson, Skamania County",300207,Stevenson,2018-09-13 15:32:09.684469
2018-05-30,10:15,58.3,58.3,40.1,50.5,0.0,S@5.1,9.9,57.2,62.8,36.2,0.0,707,29.96,"Stevenson, Stevenson, Skamania County",300207,Stevenson,2018-09-13 15:32:09.684469
2018-05-30,10:30,59.9,59.9,40.2,48.0,0.0,S@4.8,11.0,57.5,62.7,36.2,0.0,786,29.95,"Stevenson, Stevenson, Skamania County",300207,Stevenson,2018-09-13 15:32:09.684469
2018-05-30,10:45,59.3,59.3,39.7,48.0,0.0,S@4.7,8.9,57.7,62.7,36.2,0.0,633,29.94,"Stevenson, Stevenson, Skamania County",300207,Stevenson,2018-09-13 15:32:09.684469
2018-05-30,11:00,59.2,59.1,39.2,47.4,0.0,S@5.6,12.1,58.0,62.6,36.1,0.0,709,29.94,"Stevenson, Stevenson, Skamania County",300207,Stevenson,2018-09-13 15:32:09.684469
2018-05-30,11:15,60.4,60.3,39.7,46.3,0.0,S@5.2,11.4,58.2,62.6,36.1,0.0,791,29.93,"Stevenson, Stevenson, Skamania County",300207,Stevenson,2018-09-13 15:32:09.684469
2018-05-30,11:30,61.1,61.2,39.5,44.8,0.0,S@5.9,9.9,58.5,62.6,36.1,0.0,761,29.92,"Stevenson, Stevenson, Skamania County",300207,Stevenson,2018-09-13 15:32:09.684469
2018-05-30,11:45,61.1,61.2,40.2,45.9,0.0,S@5.1,9.6,58.8,62.5,36.1,0.0,703,29.91,"Stevenson, Stevenson, Skamania County",300207,Stevenson,2018-09-13 15:32:09.684469
2018-05-30,12:00,62.2,62.3,41.1,45.8,0.0,S@4.6,8.9,59.1,62.5,36.1,0.0,667,29.91,"Stevenson, Stevenson, Skamania County",300207,Stevenson,2018-09-13 15:32:09.684469
2018-05-30,12:15,61.8,61.8,41.1,46.4,0.0,S@4.8,9.9,59.4,62.5,36.1,0.0,664,29.9,"Stevenson, Stevenson, Skamania County",300207,Stevenson,2018-09-13 15:32:09.684469
2018-05-30,12:30,62.9,62.8,41.2,44.9,0.0,S@5.2,9.2,59.7,62.5,36.1,0.0,862,29.89,"Stevenson, Stevenson, Skamania County",300207,Stevenson,2018-09-13 15:32:09.684469
2018-05-30,12:45,62.8,62.8,41.2,45.0,0.0,S@5.1,10.7,60.0,62.6,36.1,0.0,734,29.89,"Stevenson, Stevenson, Skamania County",300207,Stevenson,2018-09-13 15:32:09.684469
2018-05-30,13:00,62.9,62.8,41.7,45.8,0.0,S@5.9,10.7,60.4,62.6,36.1,0.0,785,29.88,"Stevenson, Stevenson, Skamania County",300207,Stevenson,2018-09-13 15:32:09.684469
2018-05-30,13:15,64.5,64.5,42.2,44.2,0.0,S@5.3,12.4,60.7,62.6,36.0,0.0,900,29.87,"Stevenson, Stevenson, Skamania County",300207,Stevenson,2018-09-13 15:32:09.684469
2018-05-30,13:30,65.2,65.3,42.5,43.5,0.0,S@4.7,12.1,61.1,62.7,36.0,0.0,780,29.86,"Stevenson, Stevenson, Skamania County",300207,Stevenson,2018-09-13 15:32:09.684469
2018-05-30,13:45,65.1,65.2,42.4,43.5,0.0,S@5.4,10.3,61.6,62.7,36.0,0.0,814,29.86,"Stevenson, Stevenson, Skamania County",300207,Stevenson,2018-09-13 15:32:09.684469
2018-05-30,14:00,66.0,66.0,43.6,44.3,0.0,S@5.6,12.4,62.0,62.8,36.0,0.0,760,29.85,"Stevenson, Stevenson, Skamania County",300207,Stevenson,2018-09-13 15:32:09.684469
2018-05-30,14:15,65.4,65.3,43.8,45.4,0.0,S@6.1,11.0,62.3,62.9,36.0,0.0,657,29.85,"Stevenson, Stevenson, Skamania County",300207,Stevenson,2018-09-13 15:32:09.684469
2018-05-30,14:30,65.1,65.1,45.0,48.1,0.0,S@5.5,11.7,62.6,63.0,36.0,0.0,662,29.84,"Stevenson, Stevenson, Skamania County",300207,Stevenson,2018-09-13 15:32:09.684469
2018-05-30,14:45,65.7,65.7,45.1,47.1,0.0,S@5.7,12.4,62.8,63.1,36.0,0.0,691,29.84,"Stevenson, Stevenson, Skamania County",300207,Stevenson,2018-09-13 15:32:09.684469
2018-05-30,15:00,65.2,65.1,44.4,46.8,0.0,S@6.5,12.8,63.0,63.2,36.0,0.0,631,29.83,"Stevenson, Stevenson, Skamania County",300207,Stevenson,2018-09-13 15:32:09.684469
2018-05-30,15:15,65.8,65.7,44.8,46.5,0.0,S@5.9,13.9,63.1,63.3,36.0,0.0,638,29.83,"Stevenson, Stevenson, Skamania County",300207,Stevenson,2018-09-13 15:32:09.684469
2018-05-30,15:30,66.1,66.0,44.3,45.2,0.0,S@5.9,12.1,63.3,63.4,36.0,0.0,609,29.82,"Stevenson, Stevenson, Skamania County",300207,Stevenson,2018-09-13 15:32:09.684469
2018-05-30,15:45,66.7,66.7,44.9,45.2,0.0,S@5.0,11.4,63.4,63.6,36.0,0.0,549,29.82,"Stevenson, Stevenson, Skamania County",300207,Stevenson,2018-09-13 15:32:09.684469
2018-05-30,16:00,66.1,66.1,44.7,45.9,0.0,S@6.3,12.4,63.5,63.7,36.0,0.0,504,29.81,"Stevenson, Stevenson, Skamania County",300207,Stevenson,2018-09-13 15:32:09.684469
2018-05-30,16:15,66.2,66.1,44.9,46.1,0.0,S@6.2,11.4,63.5,63.9,36.0,0.0,379,29.81,"Stevenson, Stevenson, Skamania County",300207,Stevenson,2018-09-13 15:32:09.684469
2018-05-30,16:30,65.8,65.8,45.0,46.8,0.0,S@5.7,11.4,63.6,64.0,36.0,0.0,355,29.81,"Stevenson, Stevenson, Skamania County",300207,Stevenson,2018-09-13 15:32:09.684469
2018-05-30,16:45,66.0,66.0,44.7,46.0,0.0,S@5.5,12.8,63.6,64.2,36.0,0.0,377,29.8,"Stevenson, Stevenson, Skamania County",300207,Stevenson,2018-09-13 15:32:09.684469
2018-05-30,17:00,66.5,66.4,44.5,45.0,0.0,S@5.8,13.2,63.6,64.3,36.0,0.0,423,29.8,"Stevenson, Stevenson, Skamania County",300207,Stevenson,2018-09-13 15:32:09.684469
2018-05-30,17:15,66.6,66.5,44.0,43.9,0.0,S@5.1,11.0,63.6,64.4,36.0,0.0,369,29.8,"Stevenson, Stevenson, Skamania County",300207,Stevenson,2018-09-13 15:32:09.684469
2018-05-30,17:30,66.9,66.9,43.4,42.4,0.0,S@5.3,10.3,63.6,64.6,36.1,0.0,385,29.79,"Stevenson, Stevenson, Skamania County",300207,Stevenson,2018-09-13 15:32:09.684469
2018-05-30,17:45,66.8,66.7,42.9,42.0,0.0,S@4.9,9.9,63.6,64.7,36.0,0.0,307,29.79,"Stevenson, Stevenson, Skamania County",300207,Stevenson,2018-09-13 15:32:09.684469
2018-05-30,18:00,66.9,66.8,42.8,41.6,0.0,S@4.9,11.0,63.7,64.9,36.0,0.0,307,29.79,"Stevenson, Stevenson, Skamania County",300207,Stevenson,2018-09-13 15:32:09.684469
2018-05-30,18:15,66.5,66.5,42.0,40.8,0.0,S@5.2,11.0,63.7,65.0,36.0,0.0,276,29.78,"Stevenson, Stevenson, Skamania County",300207,Stevenson,2018-09-13 15:32:09.684469
2018-05-30,18:30,66.1,66.0,41.9,41.3,0.0,S@4.3,8.9,63.7,65.1,36.0,0.0,197,29.78,"Stevenson, Stevenson, Skamania County",300207,Stevenson,2018-09-13 15:32:09.684469
2018-05-30,18:45,65.8,65.7,41.5,41.1,0.0,S@4.7,10.3,63.7,65.3,36.1,0.0,149,29.78,"Stevenson, Stevenson, Skamania County",300207,Stevenson,2018-09-13 15:32:09.684469
2018-05-30,19:00,65.4,65.4,41.5,41.5,0.0,S@4.0,8.5,63.7,65.4,36.1,0.0,124,29.78,"Stevenson, Stevenson, Skamania County",300207,Stevenson,2018-09-13 15:32:09.684469
2018-05-30,19:15,65.1,65.0,41.0,41.2,0.0,S@4.0,8.5,63.6,65.5,36.1,0.0,87,29.78,"Stevenson, Stevenson, Skamania County",300207,Stevenson,2018-09-13 15:32:09.684469
2018-05-30,19:30,64.4,64.3,40.9,42.0,0.0,SW@3.3,8.2,63.5,65.6,36.1,0.0,52,29.78,"Stevenson, Stevenson, Skamania County",300207,Stevenson,2018-09-13 15:32:09.684469
2018-05-30,19:45,63.7,63.6,40.9,43.1,0.0,SW@3.4,8.5,63.4,65.7,36.1,0.0,37,29.78,"Stevenson, Stevenson, Skamania County",300207,Stevenson,2018-09-13 15:32:09.684469
2018-05-30,20:00,63.3,63.2,40.8,43.6,0.0,SW@3.2,7.1,63.2,65.8,36.2,0.0,28,29.78,"Stevenson, Stevenson, Skamania County",300207,Stevenson,2018-09-13 15:32:09.684469
2018-05-30,20:15,62.5,62.4,40.9,44.9,0.0,SW@2.7,6.7,63.1,65.8,36.2,0.0,19,29.78,"Stevenson, Stevenson, Skamania County",300207,Stevenson,2018-09-13 15:32:09.684469
2018-05-30,20:30,61.7,61.6,41.1,46.7,0.0,SW@2.3,6.4,62.9,65.9,36.2,0.0,12,29.79,"Stevenson, Stevenson, Skamania County",300207,Stevenson,2018-09-13 15:32:09.684469
2018-05-30,20:45,61.2,61.0,41.2,47.7,0.0,W@2.0,4.9,62.7,65.9,36.2,0.0,6,29.79,"Stevenson, Stevenson, Skamania County",300207,Stevenson,2018-09-13 15:32:09.684469
2018-05-30,21:00,60.5,60.5,41.6,49.6,0.0,SW@2.7,7.1,62.5,66.0,36.2,0.0,2,29.8,"Stevenson, Stevenson, Skamania County",300207,Stevenson,2018-09-13 15:32:09.684469
2018-05-30,21:15,60.7,60.5,42.1,50.3,0.0,SW@3.0,6.7,62.3,66.0,36.2,0.0,0,29.8,"Stevenson, Stevenson, Skamania County",300207,Stevenson,2018-09-13 15:32:09.684469
2018-05-30,21:30,60.3,60.1,42.6,51.9,0.0,SW@3.3,7.4,62.1,66.1,36.2,0.0,0,29.81,"Stevenson, Stevenson, Skamania County",300207,Stevenson,2018-09-13 15:32:09.684469
2018-05-30,21:45,60.1,59.9,42.7,52.5,0.0,SW@3.0,7.8,61.9,66.1,36.2,0.0,0,29.81,"Stevenson, Stevenson, Skamania County",300207,Stevenson,2018-09-13 15:32:09.684469
2018-05-30,22:00,59.7,59.5,43.0,53.8,0.0,SW@3.2,6.7,61.8,66.1,36.2,0.0,0,29.82,"Stevenson, Stevenson, Skamania County",300207,Stevenson,2018-09-13 15:32:09.684469
2018-05-30,22:15,59.2,59.0,43.2,55.2,0.0,S@3.2,8.9,61.6,66.1,36.3,0.0,0,29.83,"Stevenson, Stevenson, Skamania County",300207,Stevenson,2018-09-13 15:32:09.684469
2018-05-30,22:30,58.5,58.3,43.5,57.3,0.0,S@3.3,6.7,61.4,66.1,36.3,0.0,0,29.83,"Stevenson, Stevenson, Skamania County",300207,Stevenson,2018-09-13 15:32:09.684469
2018-05-30,22:45,58.0,57.8,43.5,58.4,0.0,SW@2.6,6.4,61.3,66.0,36.3,0.0,0,29.83,"Stevenson, Stevenson, Skamania County",300207,Stevenson,2018-09-13 15:32:09.684469
2018-05-30,23:00,57.1,56.9,43.3,59.7,0.0,W@1.9,5.7,61.2,66.0,36.3,0.0,0,29.83,"Stevenson, Stevenson, Skamania County",300207,Stevenson,2018-09-13 15:32:09.684469
2018-05-30,23:15,56.4,56.1,43.2,61.3,0.0,W@1.6,4.2,61.0,66.0,36.3,0.0,0,29.84,"Stevenson, Stevenson, Skamania County",300207,Stevenson,2018-09-13 15:32:09.684469
2018-05-30,23:30,55.8,55.6,43.3,62.8,0.0,W@2.0,5.3,60.9,65.9,36.3,0.0,0,29.84,"Stevenson, Stevenson, Skamania County",300207,Stevenson,2018-09-13 15:32:09.684469
2018-05-30,23:45,55.4,55.1,43.2,63.4,0.0,W@2.0,4.6,60.7,65.9,36.3,0.0,0,29.84,"Stevenson, Stevenson, Skamania County",300207,Stevenson,2018-09-13 15:32:09.684469
2018-05-30,24:00,55.2,55.0,43.1,63.7,0.0,W@1.0,5.3,60.6,65.9,36.3,0.0,0,29.85,"Stevenson, Stevenson, Skamania County",300207,Stevenson,2018-09-13 15:32:09.684469
2018-05-31,00:15,55.1,54.9,42.9,63.4,0.0,SW@1.5,5.7,60.4,65.8,36.3,0.0,0,29.85,"Stevenson, Stevenson, Skamania County",300207,Stevenson,2018-09-13 15:32:09.684469
2018-05-31,00:30,54.7,54.5,42.8,64.0,0.0,S@2.2,6.7,60.3,65.8,36.3,0.0,0,29.85,"Stevenson, Stevenson, Skamania County",300207,Stevenson,2018-09-13 15:32:09.684469
2018-05-31,00:45,54.5,54.3,42.6,63.9,0.0,SW@3.4,7.1,60.2,65.7,36.3,0.0,0,29.85,"Stevenson, Stevenson, Skamania County",300207,Stevenson,2018-09-13 15:32:09.684469
2018-05-31,01:00,54.3,54.1,42.4,63.9,0.0,SW@2.9,7.8,60.1,65.7,36.3,0.0,0,29.85,"Stevenson, Stevenson, Skamania County",300207,Stevenson,2018-09-13 15:32:09.684469
2018-05-31,01:15,54.4,54.2,42.0,62.9,0.0,SW@3.7,9.2,59.9,65.6,36.3,0.0,0,29.85,"Stevenson, Stevenson, Skamania County",300207,Stevenson,2018-09-13 15:32:09.684469
2018-05-31,01:30,54.2,54.1,41.8,62.9,0.0,SW@4.8,12.1,59.8,65.5,36.3,0.0,0,29.85,"Stevenson, Stevenson, Skamania County",300207,Stevenson,2018-09-13 15:32:09.684469
2018-05-31,01:45,53.9,53.7,41.7,63.3,0.0,SW@3.9,10.3,59.7,65.5,36.3,0.0,0,29.85,"Stevenson, Stevenson, Skamania County",300207,Stevenson,2018-09-13 15:32:09.684469
2018-05-31,02:00,53.7,53.5,41.7,63.7,0.0,SW@4.2,10.3,59.6,65.4,36.3,0.0,0,29.85,"Stevenson, Stevenson, Skamania County",300207,Stevenson,2018-09-13 15:32:09.684469
2018-05-31,02:15,53.3,53.2,41.7,64.4,0.0,S@4.1,11.4,59.5,65.4,36.3,0.0,0,29.86,"Stevenson, Stevenson, Skamania County",300207,Stevenson,2018-09-13 15:32:09.684469
2018-05-31,02:30,53.0,52.9,41.7,65.2,0.0,S@3.9,7.1,59.4,65.3,36.3,0.0,0,29.86,"Stevenson, Stevenson, Skamania County",300207,Stevenson,2018-09-13 15:32:09.684469
2018-05-31,02:45,52.8,52.6,41.7,65.8,0.0,S@4.5,10.3,59.3,65.2,36.3,0.0,0,29.86,"Stevenson, Stevenson, Skamania County",300207,Stevenson,2018-09-13 15:32:09.684469
2018-05-31,03:00,52.6,52.4,41.6,66.0,0.0,SW@5.0,12.8,59.2,65.1,36.3,0.0,0,29.87,"Stevenson, Stevenson, Skamania County",300207,Stevenson,2018-09-13 15:32:09.684469
2018-05-31,03:15,52.5,52.4,41.4,65.8,0.0,SW@5.5,11.4,59.1,65.1,36.3,0.0,0,29.87,"Stevenson, Stevenson, Skamania County",300207,Stevenson,2018-09-13 15:32:09.684469
2018-05-31,03:30,52.4,52.3,41.4,65.8,0.0,SW@4.8,9.9,59.1,65.0,36.3,0.0,0,29.88,"Stevenson, Stevenson, Skamania County",300207,Stevenson,2018-09-13 15:32:09.684469
2018-05-31,03:45,52.4,52.2,41.3,65.8,0.0,SW@4.7,11.4,59.0,64.9,36.3,0.0,0,29.88,"Stevenson, Stevenson, Skamania County",300207,Stevenson,2018-09-13 15:32:09.684469
2018-05-31,04:00,52.2,52.0,41.3,66.4,0.0,SW@3.7,10.3,58.9,64.9,36.3,0.0,0,29.89,"Stevenson, Stevenson, Skamania County",300207,Stevenson,2018-09-13 15:32:09.684469
2018-05-31,04:15,51.9,51.8,41.2,66.7,0.0,S@4.3,9.9,58.8,64.8,36.3,0.0,0,29.89,"Stevenson, Stevenson, Skamania County",300207,Stevenson,2018-09-13 15:32:09.684469
2018-05-31,04:30,51.8,51.6,41.2,67.0,0.0,S@4.7,9.6,58.7,64.7,36.2,0.0,0,29.89,"Stevenson, Stevenson, Skamania County",300207,Stevenson,2018-09-13 15:32:09.684469
2018-05-31,04:45,51.6,51.4,41.1,67.3,0.0,SW@4.1,7.4,58.6,64.7,36.2,0.0,0,29.89,"Stevenson, Stevenson, Skamania County",300207,Stevenson,2018-09-13 15:32:09.684469
2018-05-31,05:00,51.4,51.2,41.2,67.9,0.0,SW@3.7,7.8,58.5,64.6,36.2,0.0,0,29.89,"Stevenson, Stevenson, Skamania County",300207,Stevenson,2018-09-13 15:32:09.684469
2018-05-31,05:15,51.0,50.9,41.4,69.5,0.0,S@3.6,7.1,58.5,64.5,36.2,0.0,0,29.88,"Stevenson, Stevenson, Skamania County",300207,Stevenson,2018-09-13 15:32:09.684469
2018-05-31,05:30,50.8,50.6,41.4,69.9,0.0,SW@2.5,8.2,58.4,64.5,36.2,0.0,1,29.89,"Stevenson, Stevenson, Skamania County",300207,Stevenson,2018-09-13 15:32:09.684469
2018-05-31,05:45,51.0,50.8,41.0,68.5,0.0,W@3.1,7.4,58.3,64.4,36.2,0.0,5,29.88,"Stevenson, Stevenson, Skamania County",300207,Stevenson,2018-09-13 15:32:09.684469
2018-05-31,06:00,50.9,50.7,41.1,69.0,0.0,SW@3.3,8.9,58.2,64.3,36.2,0.0,12,29.89,"Stevenson, Stevenson, Skamania County",300207,Stevenson,2018-09-13 15:32:09.684469
2018-05-31,06:15,50.8,50.6,41.5,70.3,0.0,SW@3.8,9.2,58.2,64.3,36.2,0.0,24,29.89,"Stevenson, Stevenson, Skamania County",300207,Stevenson,2018-09-13 15:32:09.684469
2018-05-31,06:30,50.9,50.7,41.6,70.3,0.0,S@3.8,9.9,58.1,64.2,36.2,0.0,48,29.9,"Stevenson, Stevenson, Skamania County",300207,Stevenson,2018-09-13 15:32:09.684469
2018-05-31,06:45,51.3,51.1,41.9,69.9,0.0,S@4.3,8.9,58.0,64.1,36.2,0.0,81,29.9,"Stevenson, Stevenson, Skamania County",300207,Stevenson,2018-09-13 15:32:09.684469
2018-05-31,07:00,51.6,51.4,41.7,68.9,0.0,S@5.5,15.0,58.0,64.1,36.2,0.0,104,29.91,"Stevenson, Stevenson, Skamania County",300207,Stevenson,2018-09-13 15:32:09.684469
2018-05-31,07:15,51.5,51.4,41.8,69.4,0.0,S@5.8,11.0,58.0,64.0,36.2,0.0,94,29.91,"Stevenson, Stevenson, Skamania County",300207,Stevenson,2018-09-13 15:32:09.684469
2018-05-31,07:30,51.6,51.4,42.3,70.4,0.0,S@4.6,10.7,57.9,64.0,36.2,0.0,89,29.91,"Stevenson, Stevenson, Skamania County",300207,Stevenson,2018-09-13 15:32:09.684469
2018-05-31,07:45,52.2,52.0,42.3,68.9,0.0,S@5.0,11.7,57.9,63.9,36.2,0.0,195,29.92,"Stevenson, Stevenson, Skamania County",300207,Stevenson,2018-09-13 15:32:09.684469
2018-05-31,08:00,53.9,53.8,42.4,65.1,0.0,S@5.4,10.7,57.9,63.8,36.2,0.0,299,29.92,"Stevenson, Stevenson, Skamania County",300207,Stevenson,2018-09-13 15:32:09.684469
2018-05-31,08:15,53.5,53.4,42.5,66.1,0.0,S@4.3,8.5,57.9,63.8,36.2,0.0,223,29.92,"Stevenson, Stevenson, Skamania County",300207,Stevenson,2018-09-13 15:32:09.684469
2018-05-31,08:30,53.3,53.1,42.3,66.3,0.0,S@4.5,11.0,57.9,63.7,36.1,0.0,177,29.91,"Stevenson, Stevenson, Skamania County",300207,Stevenson,2018-09-13 15:32:09.684469
2018-05-31,08:45,55.1,54.8,43.0,63.6,0.0,S@4.7,9.6,57.9,63.7,36.1,0.0,413,29.91,"Stevenson, Stevenson, Skamania County",300207,Stevenson,2018-09-13 15:32:09.684469
2018-05-31,09:00,56.1,55.9,42.1,59.2,0.0,S@5.7,11.7,58.0,63.6,36.1,0.0,366,29.91,"Stevenson, Stevenson, Skamania County",300207,Stevenson,2018-09-13 15:32:09.684469
2018-05-31,09:15,57.8,57.6,42.0,55.6,0.0,S@6.1,12.4,58.0,63.6,36.1,0.0,681,29.91,"Stevenson, Stevenson, Skamania County",300207,Stevenson,2018-09-13 15:32:09.684469
2018-05-31,09:30,57.7,57.6,41.8,55.1,0.0,S@6.7,13.9,58.1,63.5,36.1,0.0,528,29.91,"Stevenson, Stevenson, Skamania County",300207,Stevenson,2018-09-13 15:32:09.684469
2018-05-31,09:45,57.7,57.6,42.1,56.0,0.0,S@6.1,11.4,58.3,63.5,36.1,0.0,535,29.9,"Stevenson, Stevenson, Skamania County",300207,Stevenson,2018-09-13 15:32:09.684469
2018-05-31,10:00,56.3,56.2,41.7,58.0,0.0,S@6.4,11.7,58.4,63.4,36.0,0.0,384,29.91,"Stevenson, Stevenson, Skamania County",300207,Stevenson,2018-09-13 15:32:09.684469
2018-05-31,10:15,58.1,58.0,42.2,55.3,0.0,S@6.1,14.6,58.5,63.4,36.1,0.0,642,29.91,"Stevenson, Stevenson, Skamania County",300207,Stevenson,2018-09-13 15:32:09.684469
2018-05-31,10:30,58.8,58.7,42.4,54.3,0.0,S@6.1,12.8,58.7,63.3,36.1,0.0,680,29.91,"Stevenson, Stevenson, Skamania County",300207,Stevenson,2018-09-13 15:32:09.684469
2018-05-31,10:45,59.0,58.9,42.1,53.5,0.0,S@6.6,13.9,58.8,63.3,36.1,0.0,645,29.9,"Stevenson, Stevenson, Skamania County",300207,Stevenson,2018-09-13 15:32:09.684469
2018-05-31,11:00,58.1,58.0,42.1,55.0,0.0,S@6.8,13.5,59.0,63.3,36.1,0.0,546,29.9,"Stevenson, Stevenson, Skamania County",300207,Stevenson,2018-09-13 15:32:09.684469
2018-05-31,11:15,57.5,57.4,41.9,56.1,0.0,S@6.7,15.7,59.2,63.2,36.1,0.0,429,29.91,"Stevenson, Stevenson, Skamania County",300207,Stevenson,2018-09-13 15:32:09.684469
2018-05-31,11:30,57.3,57.2,42.8,58.1,0.0,S@6.8,12.4,59.3,63.2,36.0,0.0,456,29.91,"Stevenson, Stevenson, Skamania County",300207,Stevenson,2018-09-13 15:32:09.684469
2018-05-31,11:45,57.4,57.4,43.2,58.9,0.0,S@6.3,11.7,59.5,63.2,36.0,0.0,480,29.92,"Stevenson, Stevenson, Skamania County",300207,Stevenson,2018-09-13 15:32:09.684469
2018-05-31,12:00,56.1,56.0,43.1,61.6,0.0,S@6.4,13.2,59.6,63.2,36.0,0.0,392,29.92,"Stevenson, Stevenson, Skamania County",300207,Stevenson,2018-09-13 15:32:09.684469
2018-05-31,12:15,55.9,55.7,43.3,62.4,0.0,S@6.6,15.3,59.7,63.2,36.0,0.0,389,29.93,"Stevenson, Stevenson, Skamania County",300207,Stevenson,2018-09-13 15:32:09.684469
2018-05-31,12:30,55.8,55.7,42.4,60.7,0.0,S@5.9,14.6,59.8,63.2,36.0,0.0,252,29.94,"Stevenson, Stevenson, Skamania County",300207,Stevenson,2018-09-13 15:32:09.684469
2018-05-31,12:45,55.8,55.7,42.0,59.6,0.0,S@5.7,11.0,59.8,63.2,36.0,0.0,185,29.94,"Stevenson, Stevenson, Skamania County",300207,Stevenson,2018-09-13 15:32:09.684469
2018-05-31,13:00,56.5,56.4,42.0,58.1,0.0,S@5.3,12.4,59.8,63.2,36.0,0.0,218,29.95,"Stevenson, Stevenson, Skamania County",300207,Stevenson,2018-09-13 15:32:09.684469
2018-05-31,13:15,57.2,57.1,41.8,56.3,0.0,S@5.1,9.6,59.8,63.3,36.0,0.0,200,29.95,"Stevenson, Stevenson, Skamania County",300207,Stevenson,2018-09-13 15:32:09.684469
2018-05-31,13:30,57.6,57.5,41.7,55.3,0.0,S@4.5,9.9,59.8,63.3,36.0,0.0,195,29.95,"Stevenson, Stevenson, Skamania County",300207,Stevenson,2018-09-13 15:32:09.684469
2018-05-31,13:45,57.8,57.7,41.5,54.3,0.0,S@4.3,9.6,59.7,63.3,36.0,0.0,171,29.95,"Stevenson, Stevenson, Skamania County",300207,Stevenson,2018-09-13 15:32:09.684469
2018-05-31,14:00,58.4,58.3,41.4,53.1,0.0,S@4.7,10.7,59.7,63.4,36.0,0.0,173,29.94,"Stevenson, Stevenson, Skamania County",300207,Stevenson,2018-09-13 15:32:09.684469
2018-05-31,14:15,59.0,58.9,41.1,51.3,0.0,S@4.3,8.5,59.7,63.4,36.0,0.0,185,29.94,"Stevenson, Stevenson, Skamania County",300207,Stevenson,2018-09-13 15:32:09.684469
2018-05-31,14:30,60.1,60.0,41.4,50.0,0.0,S@4.9,10.7,59.7,63.4,35.9,0.0,256,29.94,"Stevenson, Stevenson, Skamania County",300207,Stevenson,2018-09-13 15:32:09.684469
2018-05-31,14:45,61.1,61.1,41.7,48.6,0.0,S@6.2,12.8,59.7,63.5,35.9,0.0,327,29.93,"Stevenson, Stevenson, Skamania County",300207,Stevenson,2018-09-13 15:32:09.684469
2018-05-31,15:00,61.6,61.6,42.0,48.5,0.0,S@5.4,10.7,59.7,63.5,35.9,0.0,336,29.93,"Stevenson, Stevenson, Skamania County",300207,Stevenson,2018-09-13 15:32:09.684469
2018-05-31,15:15,60.7,60.6,41.9,49.9,0.0,S@5.3,13.2,59.8,63.5,35.9,0.0,160,29.93,"Stevenson, Stevenson, Skamania County",300207,Stevenson,2018-09-13 15:32:09.684469
2018-05-31,15:30,60.7,60.5,42.2,50.4,0.0,SW@4.3,9.6,59.8,63.6,35.9,0.0,220,29.93,"Stevenson, Stevenson, Skamania County",300207,Stevenson,2018-09-13 15:32:09.684469
2018-05-31,15:45,62.2,62.1,42.4,48.3,0.0,S@4.5,9.9,59.9,63.6,35.9,0.0,385,29.93,"Stevenson, Stevenson, Skamania County",300207,Stevenson,2018-09-13 15:32:09.684469
2018-05-31,16:00,62.2,62.1,42.3,48.0,0.0,S@5.5,11.7,59.9,63.6,35.9,0.0,435,29.93,"Stevenson, Stevenson, Skamania County",300207,Stevenson,2018-09-13 15:32:09.684469
2018-05-31,16:15,63.3,63.3,42.1,45.8,0.0,SW@4.8,11.0,60.0,63.6,35.9,0.0,250,29.93,"Stevenson, Stevenson, Skamania County",300207,Stevenson,2018-09-13 15:32:09.684469
2018-05-31,16:30,64.7,64.8,42.0,43.4,0.0,S@5.6,11.4,60.1,63.6,35.9,0.0,399,29.92,"Stevenson, Stevenson, Skamania County",300207,Stevenson,2018-09-13 15:32:09.684469
2018-05-31,16:45,65.1,65.0,41.5,42.2,0.0,S@5.9,12.4,60.4,63.7,35.9,0.0,568,29.92,"Stevenson, Stevenson, Skamania County",300207,Stevenson,2018-09-13 15:32:09.684469
2018-05-31,17:00,66.2,66.2,41.0,39.7,0.0,S@5.7,15.7,60.6,63.7,35.9,0.0,631,29.92,"Stevenson, Stevenson, Skamania County",300207,Stevenson,2018-09-13 15:32:09.684469
2018-05-31,17:15,65.7,65.7,41.6,41.2,0.0,S@5.9,13.5,60.9,63.7,35.9,0.0,663,29.93,"Stevenson, Stevenson, Skamania County",300207,Stevenson,2018-09-13 15:32:09.684469
2018-05-31,17:30,65.6,65.5,41.7,41.7,0.0,S@6.4,16.0,61.1,63.7,35.9,0.0,636,29.93,"Stevenson, Stevenson, Skamania County",300207,Stevenson,2018-09-13 15:32:09.684469
2018-05-31,17:45,64.0,64.0,41.3,43.3,0.0,S@5.8,12.1,61.4,63.8,35.9,0.0,321,29.93,"Stevenson, Stevenson, Skamania County",300207,Stevenson,2018-09-13 15:32:09.684469
2018-05-31,18:00,61.6,61.5,41.6,47.7,0.0,S@4.9,9.9,61.7,63.8,35.9,0.0,80,29.94,"Stevenson, Stevenson, Skamania County",300207,Stevenson,2018-09-13 15:32:09.684469
2018-05-31,18:15,58.8,58.7,44.7,59.4,0.76,SW@3.1,9.9,61.8,63.8,35.9,0.0,106,29.95,"Stevenson, Stevenson, Skamania County",300207,Stevenson,2018-09-13 15:32:09.684469
2018-05-31,18:30,58.0,57.7,46.2,64.6,0.9,SW@0.8,4.2,61.8,63.9,35.9,0.0,141,29.96,"Stevenson, Stevenson, Skamania County",300207,Stevenson,2018-09-13 15:32:09.684469
2018-05-31,18:45,58.8,58.4,45.9,62.0,0.15,N@0.7,4.6,61.8,64.0,35.9,0.0,88,29.97,"Stevenson, Stevenson, Skamania County",300207,Stevenson,2018-09-13 15:32:09.684469
2018-05-31,19:00,58.8,58.5,45.2,60.4,0.0,S@1.5,5.3,61.7,64.0,35.9,0.0,46,29.97,"Stevenson, Stevenson, Skamania County",300207,Stevenson,2018-09-13 15:32:09.684469
2018-05-31,19:15,57.8,57.6,44.7,61.5,0.0,S@5.8,12.8,61.6,64.1,35.9,0.0,47,29.98,"Stevenson, Stevenson, Skamania County",300207,Stevenson,2018-09-13 15:32:09.684469
2018-05-31,19:30,56.7,56.5,44.1,62.6,0.0,S@4.5,10.3,61.5,64.2,35.9,0.0,29,29.99,"Stevenson, Stevenson, Skamania County",300207,Stevenson,2018-09-13 15:32:09.684469
2018-05-31,19:45,56.4,56.3,43.4,61.5,0.0,S@3.9,8.2,61.3,64.2,35.9,0.0,25,30.0,"Stevenson, Stevenson, Skamania County",300207,Stevenson,2018-09-13 15:32:09.684469
2018-05-31,20:00,56.6,56.5,43.0,60.3,0.0,S@4.8,11.0,61.1,64.3,36.0,0.0,35,30.0,"Stevenson, Stevenson, Skamania County",300207,Stevenson,2018-09-13 15:32:09.684469
2018-05-31,20:15,56.6,56.4,44.3,63.4,0.03,S@3.6,8.5,61.0,64.4,36.0,0.0,36,30.01,"Stevenson, Stevenson, Skamania County",300207,Stevenson,2018-09-13 15:32:09.684469
2018-05-31,20:30,55.6,55.4,46.0,69.9,0.03,S@3.8,8.5,60.8,64.4,36.0,0.0,19,30.01,"Stevenson, Stevenson, Skamania County",300207,Stevenson,2018-09-13 15:32:09.684469
2018-05-31,20:45,54.7,54.6,46.2,72.9,0.0,S@3.7,7.1,60.7,64.5,36.0,0.0,4,30.02,"Stevenson, Stevenson, Skamania County",300207,Stevenson,2018-09-13 15:32:09.684469
2018-05-31,21:00,54.4,54.3,46.9,75.5,0.07,S@2.7,7.1,60.6,64.5,36.0,0.0,2,30.03,"Stevenson, Stevenson, Skamania County",300207,Stevenson,2018-09-13 15:32:09.684469
2018-05-31,21:15,54.0,53.8,47.6,78.8,0.07,S@1.9,5.7,60.4,64.5,36.0,0.0,0,30.03,"Stevenson, Stevenson, Skamania County",300207,Stevenson,2018-09-13 15:32:09.684469
2018-05-31,21:30,53.7,53.5,47.1,78.2,0.0,SW@1.6,4.6,60.3,64.5,36.0,0.0,0,30.04,"Stevenson, Stevenson, Skamania County",300207,Stevenson,2018-09-13 15:32:09.684469
2018-05-31,21:45,53.8,53.5,47.1,77.9,0.06,S@1.7,4.6,60.2,64.5,36.0,0.0,0,30.04,"Stevenson, Stevenson, Skamania County",300207,Stevenson,2018-09-13 15:32:09.684469
2018-05-31,22:00,53.7,53.5,47.4,78.9,0.5,S@2.7,6.0,60.1,64.5,36.0,0.0,0,30.05,"Stevenson, Stevenson, Skamania County",300207,Stevenson,2018-09-13 15:32:09.684469
2018-05-31,22:15,52.8,52.6,48.7,85.9,0.94,SW@2.8,5.7,59.9,64.5,36.0,0.0,0,30.06,"Stevenson, Stevenson, Skamania County",300207,Stevenson,2018-09-13 15:32:09.684469
2018-05-31,22:30,52.3,52.1,49.4,89.8,1.0,S@2.8,7.4,59.8,64.5,36.0,0.0,0,30.07,"Stevenson, Stevenson, Skamania County",300207,Stevenson,2018-09-13 15:32:09.684469
2018-05-31,22:45,52.0,51.8,49.8,91.9,1.0,S@3.1,6.0,59.7,64.5,36.0,0.0,0,30.07,"Stevenson, Stevenson, Skamania County",300207,Stevenson,2018-09-13 15:32:09.684469
2018-05-31,23:00,51.9,51.7,50.0,93.0,1.0,SW@2.8,6.7,59.6,64.5,36.0,0.0,0,30.07,"Stevenson, Stevenson, Skamania County",300207,Stevenson,2018-09-13 15:32:09.684469
2018-05-31,23:15,51.8,51.6,49.8,92.9,1.0,SW@2.6,6.7,59.5,64.5,36.1,0.0,0,30.07,"Stevenson, Stevenson, Skamania County",300207,Stevenson,2018-09-13 15:32:09.684469
2018-05-31,23:30,51.7,51.5,49.8,93.1,1.0,SW@2.3,5.7,59.4,64.4,36.1,0.0,0,30.08,"Stevenson, Stevenson, Skamania County",300207,Stevenson,2018-09-13 15:32:09.684469
2018-05-31,23:45,51.8,51.6,49.8,93.0,1.0,SW@2.0,4.2,59.3,64.4,36.1,0.0,0,30.08,"Stevenson, Stevenson, Skamania County",300207,Stevenson,2018-09-13 15:32:09.684469
2018-05-31,24:00,51.6,51.4,49.6,92.7,1.0,W@1.4,4.2,59.2,64.4,36.1,0.0,0,30.08,"Stevenson, Stevenson, Skamania County",300207,Stevenson,2018-09-13 15:32:09.684469
2018-06-01,00:15,51.5,51.3,49.3,91.9,1.0,SW@1.7,3.9,59.1,64.3,36.1,0.0,0,30.09,"Stevenson, Stevenson, Skamania County",300207,Stevenson,2018-09-13 15:32:09.684469
2018-06-01,00:30,51.6,51.3,49.2,91.7,1.0,SW@1.0,4.2,59.0,64.3,36.1,0.0,0,30.09,"Stevenson, Stevenson, Skamania County",300207,Stevenson,2018-09-13 15:32:09.684469
2018-06-01,00:45,51.6,51.4,49.1,91.0,1.0,SW@2.0,5.3,58.9,64.2,36.1,0.0,0,30.09,"Stevenson, Stevenson, Skamania County",300207,Stevenson,2018-09-13 15:32:09.684469
2018-06-01,01:00,51.8,51.5,49.0,90.0,1.0,SW@1.2,4.2,58.8,64.2,36.0,0.0,0,30.09,"Stevenson, Stevenson, Skamania County",300207,Stevenson,2018-09-13 15:32:09.684469
2018-06-01,01:15,51.9,51.6,48.7,88.9,1.0,SW@2.0,4.2,58.8,64.1,36.0,0.01,0,30.1,"Stevenson, Stevenson, Skamania County",300207,Stevenson,2018-09-13 15:32:09.684469
2018-06-01,01:30,52.1,51.8,48.3,86.7,1.0,S@3.1,6.7,58.7,64.1,36.0,0.0,0,30.1,"Stevenson, Stevenson, Skamania County",300207,Stevenson,2018-09-13 15:32:09.684469
2018-06-01,01:45,52.2,52.0,47.3,83.3,0.94,SW@3.0,7.1,58.6,64.0,36.0,0.0,0,30.11,"Stevenson, Stevenson, Skamania County",300207,Stevenson,2018-09-13 15:32:09.684469
2018-06-01,02:00,51.9,51.6,47.0,83.1,0.91,SW@2.0,4.6,58.5,64.0,36.0,0.0,0,30.11,"Stevenson, Stevenson, Skamania County",300207,Stevenson,2018-09-13 15:32:09.684469
2018-06-01,02:15,51.7,51.5,46.6,82.7,0.83,SW@1.8,4.9,58.5,63.9,36.0,0.0,0,30.11,"Stevenson, Stevenson, Skamania County",300207,Stevenson,2018-09-13 15:32:09.684469
2018-06-01,02:30,51.4,51.1,46.5,83.3,0.63,S@1.4,3.9,58.4,63.9,36.0,0.0,0,30.12,"Stevenson, Stevenson, Skamania County",300207,Stevenson,2018-09-13 15:32:09.684469
2018-06-01,02:45,50.9,50.7,46.8,85.5,0.37,S@1.4,4.2,58.3,63.8,36.0,0.0,0,30.12,"Stevenson, Stevenson, Skamania County",300207,Stevenson,2018-09-13 15:32:09.684469
2018-06-01,03:00,51.2,50.9,46.7,84.7,0.11,S@1.7,4.9,58.3,63.8,36.0,0.0,0,30.13,"Stevenson, Stevenson, Skamania County",300207,Stevenson,2018-09-13 15:32:09.684469
2018-06-01,03:15,51.4,51.1,46.4,83.0,0.0,S@1.8,4.9,58.2,63.7,36.0,0.0,0,30.13,"Stevenson, Stevenson, Skamania County",300207,Stevenson,2018-09-13 15:32:09.684469
2018-06-01,03:30,51.3,51.0,46.5,83.4,0.0,S@1.5,5.3,58.1,63.7,36.0,0.0,0,30.14,"Stevenson, Stevenson, Skamania County",300207,Stevenson,2018-09-13 15:32:09.684469
2018-06-01,03:45,51.3,51.0,46.0,82.0,0.0,S@1.7,4.2,58.1,63.6,36.0,0.0,0,30.14,"Stevenson, Stevenson, Skamania County",300207,Stevenson,2018-09-13 15:32:09.684469
2018-06-01,04:00,51.2,51.0,46.0,82.1,0.0,S@1.2,4.2,58.0,63.5,36.0,0.0,0,30.14,"Stevenson, Stevenson, Skamania County",300207,Stevenson,2018-09-13 15:32:09.684469
2018-06-01,04:15,51.4,51.1,45.7,80.9,0.0,S@1.7,4.6,58.0,63.5,36.0,0.0,0,30.15,"Stevenson, Stevenson, Skamania County",300207,Stevenson,2018-09-13 15:32:09.684469
2018-06-01,04:30,51.4,51.1,46.0,81.7,0.0,S@1.2,4.6,57.9,63.4,36.0,0.0,0,30.15,"Stevenson, Stevenson, Skamania County",300207,Stevenson,2018-09-13 15:32:09.684469
2018-06-01,04:45,51.3,51.0,45.9,81.6,0.0,S@1.5,4.6,57.9,63.4,36.0,0.0,0,30.15,"Stevenson, Stevenson, Skamania County",300207,Stevenson,2018-09-13 15:32:09.684469
2018-06-01,05:00,51.2,50.9,46.0,82.1,0.0,S@1.6,4.6,57.8,63.3,35.9,0.0,0,30.16,"Stevenson, Stevenson, Skamania County",300207,Stevenson,2018-09-13 15:32:09.684469
2018-06-01,05:15,50.9,50.6,45.9,82.7,0.0,S@1.1,3.5,57.8,63.3,35.9,0.0,0,30.16,"Stevenson, Stevenson, Skamania County",300207,Stevenson,2018-09-13 15:32:09.684469
2018-06-01,05:30,50.7,50.4,45.8,83.3,0.0,S@1.5,3.9,57.7,63.2,35.9,0.0,3,30.16,"Stevenson, Stevenson, Skamania County",300207,Stevenson,2018-09-13 15:32:09.684469
2018-06-01,05:45,51.0,50.7,45.4,81.0,0.0,SW@1.3,3.5,57.6,63.1,35.9,0.0,9,30.17,"Stevenson, Stevenson, Skamania County",300207,Stevenson,2018-09-13 15:32:09.684469
2018-06-01,06:00,51.2,51.0,45.4,80.3,0.0,SW@1.7,4.2,57.6,63.1,35.9,0.0,16,30.17,"Stevenson, Stevenson, Skamania County",300207,Stevenson,2018-09-13 15:32:09.684469
2018-06-01,06:15,51.6,51.4,45.4,79.1,0.0,SW@2.1,4.2,57.5,63.0,35.9,0.0,27,30.18,"Stevenson, Stevenson, Skamania County",300207,Stevenson,2018-09-13 15:32:09.684469
2018-06-01,06:30,52.0,51.8,45.5,78.4,0.0,SW@2.3,4.9,57.5,63.0,35.9,0.0,42,30.18,"Stevenson, Stevenson, Skamania County",300207,Stevenson,2018-09-13 15:32:09.684469
2018-06-01,06:45,52.5,52.3,45.8,77.9,0.0,SW@1.7,4.9,57.4,62.9,35.9,0.0,53,30.18,"Stevenson, Stevenson, Skamania County",300207,Stevenson,2018-09-13 15:32:09.684469
2018-06-01,07:00,53.0,52.8,46.2,77.5,0.0,SW@2.0,4.6,57.4,62.9,35.9,0.0,66,30.19,"Stevenson, Stevenson, Skamania County",300207,Stevenson,2018-09-13 15:32:09.684469
2018-06-01,07:15,53.4,53.2,46.1,76.3,0.0,SW@2.8,6.4,57.4,62.8,35.9,0.0,82,30.19,"Stevenson, Stevenson, Skamania County",300207,Stevenson,2018-09-13 15:32:09.684469
2018-06-01,07:30,53.7,53.6,46.0,74.9,0.0,S@3.3,7.1,57.4,62.8,35.9,0.0,97,30.2,"Stevenson, Stevenson, Skamania County",300207,Stevenson,2018-09-13 15:32:09.684469
2018-06-01,07:45,54.1,53.9,45.8,73.4,0.0,S@3.9,8.2,57.4,62.7,35.9,0.0,119,30.2,"Stevenson, Stevenson, Skamania County",300207,Stevenson,2018-09-13 15:32:09.684469
2018-06-01,08:00,54.6,54.4,46.0,72.7,0.0,S@3.9,6.7,57.4,62.7,35.9,0.0,141,30.21,"Stevenson, Stevenson, Skamania County",300207,Stevenson,2018-09-13 15:32:09.684469
2018-06-01,08:15,55.7,55.6,46.3,70.8,0.0,S@4.1,7.1,57.5,62.6,35.9,0.0,253,30.21,"Stevenson, Stevenson, Skamania County",300207,Stevenson,2018-09-13 15:32:09.684469
2018-06-01,08:30,55.7,55.7,46.4,70.8,0.0,S@4.3,8.5,57.5,62.6,35.9,0.0,208,30.21,"Stevenson, Stevenson, Skamania County",300207,Stevenson,2018-09-13 15:32:09.684469
2018-06-01,08:45,56.0,55.9,46.0,68.9,0.0,S@4.2,8.2,57.6,62.5,35.9,0.0,226,30.22,"Stevenson, Stevenson, Skamania County",300207,Stevenson,2018-09-13 15:32:09.684469
2018-06-01,09:00,56.7,56.6,46.0,67.3,0.0,S@4.1,8.2,57.6,62.5,35.9,0.0,287,30.22,"Stevenson, Stevenson, Skamania County",300207,Stevenson,2018-09-13 15:32:09.684469
2018-06-01,09:15,57.7,57.7,46.4,66.0,0.0,S@4.4,9.9,57.7,62.4,35.8,0.0,336,30.22,"Stevenson, Stevenson, Skamania County",300207,Stevenson,2018-09-13 15:32:09.684469
2018-06-01,09:30,57.8,57.7,46.8,66.6,0.0,S@4.2,9.2,57.8,62.4,35.8,0.0,357,30.22,"Stevenson, Stevenson, Skamania County",300207,Stevenson,2018-09-13 15:32:09.684469
2018-06-01,09:45,58.2,58.2,46.6,65.2,0.0,S@5.4,11.0,58.0,62.4,35.8,0.0,378,30.23,"Stevenson, Stevenson, Skamania County",300207,Stevenson,2018-09-13 15:32:09.684469
2018-06-01,10:00,57.6,57.6,46.5,66.3,0.0,S@3.8,8.5,58.1,62.3,35.8,0.0,290,30.22,"Stevenson, Stevenson, Skamania County",300207,Stevenson,2018-09-13 15:32:09.684469
2018-06-01,10:15,59.2,59.2,46.5,62.6,0.0,S@3.8,7.4,58.2,62.3,35.8,0.0,414,30.22,"Stevenson, Stevenson, Skamania County",300207,Stevenson,2018-09-13 15:32:09.684469
2018-06-01,10:30,59.5,59.5,45.8,60.4,0.0,S@5.1,10.7,58.4,62.3,35.8,0.0,522,30.22,"Stevenson, Stevenson, Skamania County",300207,Stevenson,2018-09-13 15:32:09.684469
2018-06-01,10:45,62.5,62.7,46.6,55.9,0.0,S@5.9,10.3,58.5,62.3,35.8,0.0,915,30.22,"Stevenson, Stevenson, Skamania County",300207,Stevenson,2018-09-13 15:32:09.684469
2018-06-01,11:00,61.3,61.4,45.2,55.4,0.0,S@5.2,9.2,58.7,62.3,35.8,0.0,571,30.22,"Stevenson, Stevenson, Skamania County",300207,Stevenson,2018-09-13 15:32:09.684469
2018-06-01,11:15,63.0,63.1,43.7,49.3,0.0,S@5.1,11.4,58.9,62.3,35.8,0.0,764,30.22,"Stevenson, Stevenson, Skamania County",300207,Stevenson,2018-09-13 15:32:09.684469
2018-06-01,11:30,63.0,63.1,42.6,47.1,0.0,S@5.5,10.7,59.2,62.2,35.8,0.0,647,30.21,"Stevenson, Stevenson, Skamania County",300207,Stevenson,2018-09-13 15:32:09.684469
2018-06-01,11:45,64.9,64.9,42.3,43.7,0.0,S@5.0,10.7,59.4,62.2,35.8,0.0,962,30.22,"Stevenson, Stevenson, Skamania County",300207,Stevenson,2018-09-13 15:32:09.684469
2018-06-01,12:00,65.2,65.3,42.0,42.7,0.0,S@5.6,10.3,59.7,62.2,35.8,0.0,952,30.22,"Stevenson, Stevenson, Skamania County",300207,Stevenson,2018-09-13 15:32:09.684469
2018-06-01,12:15,66.1,66.3,42.3,41.8,0.0,S@4.7,11.7,60.0,62.3,35.8,0.0,835,30.22,"Stevenson, Stevenson, Skamania County",300207,Stevenson,2018-09-13 15:32:09.684469
2018-06-01,12:30,67.1,67.2,42.5,40.8,0.0,S@5.0,9.9,60.4,62.3,35.8,0.0,954,30.22,"Stevenson, Stevenson, Skamania County",300207,Stevenson,2018-09-13 15:32:09.684469
2018-06-01,12:45,67.2,67.5,42.3,40.2,0.0,S@4.4,9.2,60.8,62.3,35.7,0.0,938,30.22,"Stevenson, Stevenson, Skamania County",300207,Stevenson,2018-09-13 15:32:09.684469
2018-06-01,13:00,67.7,68.0,42.6,40.1,0.0,S@5.0,9.2,61.3,62.4,35.7,0.0,952,30.21,"Stevenson, Stevenson, Skamania County",300207,Stevenson,2018-09-13 15:32:09.684469
2018-06-01,13:15,67.8,68.1,42.2,39.3,0.0,S@5.6,9.9,61.8,62.4,35.7,0.0,916,30.21,"Stevenson, Stevenson, Skamania County",300207,Stevenson,2018-09-13 15:32:09.684469
2018-06-01,13:30,68.5,68.7,42.4,38.7,0.0,S@5.4,13.5,62.3,62.5,35.7,0.0,915,30.21,"Stevenson, Stevenson, Skamania County",300207,Stevenson,2018-09-13 15:32:09.684469
2018-06-01,13:45,68.0,68.1,42.7,39.8,0.0,S@5.6,10.7,62.8,62.6,35.7,0.0,897,30.2,"Stevenson, Stevenson, Skamania County",300207,Stevenson,2018-09-13 15:32:09.684469
2018-06-01,14:00,68.2,68.3,42.8,39.8,0.0,S@5.8,10.3,63.2,62.6,35.7,0.0,886,30.2,"Stevenson, Stevenson, Skamania County",300207,Stevenson,2018-09-13 15:32:09.684469
2018-06-01,14:15,69.4,69.5,43.5,39.2,0.0,S@5.7,10.3,63.6,62.7,35.7,0.0,875,30.21,"Stevenson, Stevenson, Skamania County",300207,Stevenson,2018-09-13 15:32:09.684469
2018-06-01,14:30,69.6,69.8,43.2,38.4,0.0,S@4.8,10.3,63.9,62.9,35.7,0.0,843,30.21,"Stevenson, Stevenson, Skamania County",300207,Stevenson,2018-09-13 15:32:09.684469
2018-06-01,14:45,70.1,70.3,43.2,37.6,0.0,S@5.4,13.5,64.2,63.0,35.7,0.0,828,30.21,"Stevenson, Stevenson, Skamania County",300207,Stevenson,2018-09-13 15:32:09.684469
2018-06-01,15:00,70.0,70.1,42.8,37.4,0.0,S@5.3,11.0,64.5,63.1,35.7,0.0,803,30.21,"Stevenson, Stevenson, Skamania County",300207,Stevenson,2018-09-13 15:32:09.684469
2018-06-01,15:15,70.3,70.4,42.8,36.9,0.0,S@4.3,11.0,64.7,63.3,35.7,0.0,779,30.21,"Stevenson, Stevenson, Skamania County",300207,Stevenson,2018-09-13 15:32:09.684469
2018-06-01,15:30,70.4,70.5,42.9,37.0,0.0,S@4.4,11.0,64.8,63.4,35.7,0.0,752,30.21,"Stevenson, Stevenson, Skamania County",300207,Stevenson,2018-09-13 15:32:09.684469
2018-06-01,15:45,71.2,71.4,43.7,37.1,0.0,S@5.3,9.9,65.0,63.6,35.7,0.0,723,30.2,"Stevenson, Stevenson, Skamania County",300207,Stevenson,2018-09-13 15:32:09.684469
2018-06-01,16:00,70.8,70.9,44.1,38.2,0.0,S@5.6,9.6,65.1,63.8,35.7,0.0,673,30.2,"Stevenson, Stevenson, Skamania County",300207,Stevenson,2018-09-13 15:32:09.684469
2018-06-01,16:15,71.3,71.5,43.7,36.9,0.0,S@5.3,10.7,65.2,63.9,35.7,0.0,210,30.2,"Stevenson, Stevenson, Skamania County",300207,Stevenson,2018-09-13 15:32:09.684469
2018-06-01,16:30,70.7,70.9,43.1,36.9,0.0,S@5.1,14.2,65.3,64.1,35.7,0.0,277,30.2,"Stevenson, Stevenson, Skamania County",300207,Stevenson,2018-09-13 15:32:09.684469
2018-06-01,16:45,70.9,70.8,43.0,36.5,0.0,S@5.3,9.9,65.4,64.3,35.7,0.0,566,30.2,"Stevenson, Stevenson, Skamania County",300207,Stevenson,2018-09-13 15:32:09.684469
2018-06-01,17:00,70.9,71.0,42.8,36.1,0.0,S@5.0,10.3,65.5,64.5,35.7,0.0,536,30.2,"Stevenson, Stevenson, Skamania County",300207,Stevenson,2018-09-13 15:32:09.684469
2018-06-01,17:15,70.9,70.9,43.3,37.0,0.0,S@5.7,10.3,65.6,64.7,35.7,0.0,508,30.2,"Stevenson, Stevenson, Skamania County",300207,Stevenson,2018-09-13 15:32:09.684469
2018-06-01,17:30,71.0,71.2,42.5,35.7,0.0,S@4.5,9.2,65.6,64.9,35.8,0.0,466,30.19,"Stevenson, Stevenson, Skamania County",300207,Stevenson,2018-09-13 15:32:09.684469
2018-06-01,17:45,70.6,70.6,41.9,35.4,0.0,S@4.9,9.6,65.6,65.1,35.8,0.0,430,30.2,"Stevenson, Stevenson, Skamania County",300207,Stevenson,2018-09-13 15:32:09.684469
2018-06-01,18:00,70.4,70.5,42.3,36.1,0.0,S@4.6,10.7,65.7,65.3,35.8,0.0,386,30.19,"Stevenson, Stevenson, Skamania County",300207,Stevenson,2018-09-13 15:32:09.684469
2018-06-01,18:15,70.2,70.4,41.8,35.7,0.0,S@4.3,7.4,65.8,65.5,35.8,0.0,335,30.19,"Stevenson, Stevenson, Skamania County",300207,Stevenson,2018-09-13 15:32:09.684469
2018-06-01,18:30,69.2,69.5,41.4,36.3,0.0,S@3.8,8.9,65.9,65.7,35.8,0.0,179,30.19,"Stevenson, Stevenson, Skamania County",300207,Stevenson,2018-09-13 15:32:09.684469
2018-06-01,18:45,67.6,67.5,41.8,39.0,0.0,S@3.7,8.5,66.0,65.9,35.8,0.0,56,30.19,"Stevenson, Stevenson, Skamania County",300207,Stevenson,2018-09-13 15:32:09.684469
2018-06-01,19:00,66.9,66.8,41.5,39.5,0.0,S@4.3,9.2,66.0,66.1,35.9,0.0,41,30.19,"Stevenson, Stevenson, Skamania County",300207,Stevenson,2018-09-13 15:32:09.684469
2018-06-01,19:15,66.2,66.1,41.5,40.5,0.0,SW@2.6,6.7,65.8,66.2,35.9,0.0,27,30.19,"Stevenson, Stevenson, Skamania County",300207,Stevenson,2018-09-13 15:32:09.684469
2018-06-01,19:30,65.7,65.6,41.1,40.7,0.0,SW@3.2,7.1,65.6,66.3,35.9,0.0,26,30.2,"Stevenson, Stevenson, Skamania County",300207,Stevenson,2018-09-13 15:32:09.684469
2018-06-01,19:45,64.9,64.8,41.5,42.3,0.0,SW@1.9,4.9,65.3,66.5,35.9,0.0,25,30.2,"Stevenson, Stevenson, Skamania County",300207,Stevenson,2018-09-13 15:32:09.684469
2018-06-01,20:00,64.5,64.3,41.5,42.9,0.0,SW@1.9,6.0,65.1,66.6,35.9,0.0,23,30.2,"Stevenson, Stevenson, Skamania County",300207,Stevenson,2018-09-13 15:32:09.684469
2018-06-01,20:15,64.0,63.8,41.6,43.9,0.0,SW@1.9,6.0,64.8,66.7,36.0,0.0,19,30.2,"Stevenson, Stevenson, Skamania County",300207,Stevenson,2018-09-13 15:32:09.684469
2018-06-01,20:30,62.9,62.7,41.9,46.0,0.0,W@0.5,2.4,64.5,66.8,36.0,0.0,12,30.2,"Stevenson, Stevenson, Skamania County",300207,Stevenson,2018-09-13 15:32:09.684469
2018-06-01,20:45,61.1,60.9,43.4,52.0,0.0,W@0.0,1.4,64.3,66.9,36.0,0.0,7,30.21,"Stevenson, Stevenson, Skamania County",300207,Stevenson,2018-09-13 15:32:09.684469
2018-06-01,21:00,58.6,58.3,44.7,59.9,0.0,S@0.0,1.4,64.0,66.9,36.0,0.0,2,30.22,"Stevenson, Stevenson, Skamania County",300207,Stevenson,2018-09-13 15:32:09.684469
2018-06-01,21:15,57.2,56.7,45.3,64.4,0.0,NW@0.6,2.8,63.7,67.0,36.0,0.0,0,30.23,"Stevenson, Stevenson, Skamania County",300207,Stevenson,2018-09-13 15:32:09.684469
2018-06-01,21:30,57.8,57.4,44.4,60.8,0.0,NW@0.4,2.1,63.4,67.0,36.0,0.0,0,30.23,"Stevenson, Stevenson, Skamania County",300207,Stevenson,2018-09-13 15:32:09.684469
2018-06-01,21:45,58.0,57.5,43.8,59.2,0.0,W@0.8,4.6,63.0,67.0,36.0,0.0,0,30.24,"Stevenson, Stevenson, Skamania County",300207,Stevenson,2018-09-13 15:32:09.684469
2018-06-01,22:00,58.3,58.0,43.6,58.0,0.0,W@1.2,4.6,62.7,67.0,36.1,0.0,0,30.24,"Stevenson, Stevenson, Skamania County",300207,Stevenson,2018-09-13 15:32:09.684469
2018-06-01,22:15,57.6,57.3,43.5,59.1,0.0,W@1.1,5.3,62.4,67.0,36.1,0.0,0,30.25,"Stevenson, Stevenson, Skamania County",300207,Stevenson,2018-09-13 15:32:09.684469
2018-06-01,22:30,56.7,56.3,43.7,61.7,0.0,NW@0.8,3.9,62.2,67.0,36.1,0.0,0,30.25,"Stevenson, Stevenson, Skamania County",300207,Stevenson,2018-09-13 15:32:09.684469
2018-06-01,22:45,56.4,56.1,43.5,62.0,0.0,W@0.6,5.7,61.9,67.0,36.1,0.0,0,30.25,"Stevenson, Stevenson, Skamania County",300207,Stevenson,2018-09-13 15:32:09.684469
2018-06-01,23:00,55.9,55.6,43.7,63.5,0.0,NW@0.8,4.2,61.7,66.9,36.1,0.0,0,30.25,"Stevenson, Stevenson, Skamania County",300207,Stevenson,2018-09-13 15:32:09.684469
2018-06-01,23:15,55.0,54.7,44.0,66.3,0.0,W@0.6,4.9,61.5,66.9,36.1,0.0,0,30.26,"Stevenson, Stevenson, Skamania County",300207,Stevenson,2018-09-13 15:32:09.684469
2018-06-01,23:30,53.9,53.5,43.7,68.1,0.0,SW@0.0,1.7,61.3,66.9,36.1,0.0,0,30.25,"Stevenson, Stevenson, Skamania County",300207,Stevenson,2018-09-13 15:32:09.684469
2018-06-01,23:45,53.0,52.7,43.6,70.3,0.0,N@0.0,0.0,61.1,66.8,36.2,0.0,0,30.26,"Stevenson, Stevenson, Skamania County",300207,Stevenson,2018-09-13 15:32:09.684469
2018-06-01,24:00,52.2,51.9,44.3,74.5,0.0,N@0.0,0.0,60.8,66.7,36.2,0.0,0,30.26,"Stevenson, Stevenson, Skamania County",300207,Stevenson,2018-09-13 15:32:09.684469
2018-06-02,00:15,51.2,51.0,44.2,76.7,0.0,N@0.3,2.8,60.6,66.7,36.2,0.0,0,30.26,"Stevenson, Stevenson, Skamania County",300207,Stevenson,2018-09-13 15:32:09.684469
2018-06-02,00:30,51.2,50.8,43.9,76.0,0.0,NW@0.2,2.8,60.4,66.6,36.2,0.0,0,30.26,"Stevenson, Stevenson, Skamania County",300207,Stevenson,2018-09-13 15:32:09.684469
2018-06-02,00:45,50.9,50.5,43.7,76.2,0.0,NW@0.0,1.4,60.2,66.5,36.2,0.0,0,30.27,"Stevenson, Stevenson, Skamania County",300207,Stevenson,2018-09-13 15:32:09.684469
2018-06-02,01:00,50.9,50.6,43.6,75.7,0.0,N@0.0,0.0,59.9,66.5,36.2,0.0,0,30.27,"Stevenson, Stevenson, Skamania County",300207,Stevenson,2018-09-13 15:32:09.684469
2018-06-02,01:15,50.5,50.0,43.7,77.4,0.0,N@0.0,0.0,59.7,66.4,36.2,0.0,0,30.26,"Stevenson, Stevenson, Skamania County",300207,Stevenson,2018-09-13 15:32:09.684469
2018-06-02,01:30,50.4,50.0,43.8,77.8,0.0,N@0.8,3.9,59.5,66.3,36.2,0.0,0,30.26,"Stevenson, Stevenson, Skamania County",300207,Stevenson,2018-09-13 15:32:09.684469
2018-06-02,01:45,51.6,51.2,43.5,73.7,0.0,NE@0.0,1.7,59.3,66.2,36.2,0.0,0,30.26,"Stevenson, Stevenson, Skamania County",300207,Stevenson,2018-09-13 15:32:09.684469
2018-06-02,02:00,49.1,48.7,43.3,80.5,0.0,N@0.0,0.0,59.1,66.1,36.2,0.0,0,30.26,"Stevenson, Stevenson, Skamania County",300207,Stevenson,2018-09-13 15:32:09.684469
2018-06-02,02:15,48.4,47.8,43.5,83.2,0.0,N@0.0,0.0,58.9,66.1,36.2,0.0,0,30.26,"Stevenson, Stevenson, Skamania County",300207,Stevenson,2018-09-13 15:32:09.684469
2018-06-02,02:30,48.4,47.9,43.5,83.0,0.03,N@0.0,0.0,58.7,66.0,36.2,0.0,0,30.26,"Stevenson, Stevenson, Skamania County",300207,Stevenson,2018-09-13 15:32:09.684469
2018-06-02,02:45,48.7,48.3,43.5,82.0,0.02,N@0.0,0.0,58.5,65.9,36.2,0.0,0,30.26,"Stevenson, Stevenson, Skamania County",300207,Stevenson,2018-09-13 15:32:09.684469
2018-06-02,03:00,47.3,47.0,43.0,84.9,0.07,N@0.0,0.0,58.3,65.8,36.2,0.0,0,30.26,"Stevenson, Stevenson, Skamania County",300207,Stevenson,2018-09-13 15:32:09.684469
2018-06-02,03:15,46.5,46.2,43.1,87.6,0.1,N@0.0,0.0,58.1,65.7,36.2,0.0,0,30.26,"Stevenson, Stevenson, Skamania County",300207,Stevenson,2018-09-13 15:32:09.684469
2018-06-02,03:30,46.1,45.7,43.0,88.8,0.15,N@0.0,0.0,57.9,65.6,36.1,0.0,0,30.26,"Stevenson, Stevenson, Skamania County",300207,Stevenson,2018-09-13 15:32:09.684469
2018-06-02,03:45,46.1,45.6,43.4,90.3,0.23,N@0.0,0.0,57.7,65.5,36.1,0.0,0,30.26,"Stevenson, Stevenson, Skamania County",300207,Stevenson,2018-09-13 15:32:09.684469
2018-06-02,04:00,46.4,45.9,43.5,89.6,0.33,N@0.0,0.0,57.5,65.4,36.1,0.0,0,30.26,"Stevenson, Stevenson, Skamania County",300207,Stevenson,2018-09-13 15:32:09.684469
2018-06-02,04:15,48.5,48.1,44.0,84.2,0.36,N@0.0,0.0,57.3,65.3,36.1,0.0,0,30.26,"Stevenson, Stevenson, Skamania County",300207,Stevenson,2018-09-13 15:32:09.684469
2018-06-02,04:30,46.9,46.4,42.9,86.1,0.38,N@0.0,0.0,57.2,65.2,36.1,0.0,0,30.26,"Stevenson, Stevenson, Skamania County",300207,Stevenson,2018-09-13 15:32:09.684469
2018-06-02,04:45,46.8,46.4,43.9,89.8,0.47,N@0.0,0.0,57.0,65.1,36.1,0.0,0,30.26,"Stevenson, Stevenson, Skamania County",300207,Stevenson,2018-09-13 15:32:09.684469
2018-06-02,05:00,46.5,46.3,43.8,90.1,0.55,N@0.0,0.0,56.8,65.0,36.1,0.0,0,30.26,"Stevenson, Stevenson, Skamania County",300207,Stevenson,2018-09-13 15:32:09.684469
2018-06-02,05:15,47.5,47.2,44.2,88.5,0.61,NW@0.4,3.5,56.7,64.9,36.1,0.0,0,30.26,"Stevenson, Stevenson, Skamania County",300207,Stevenson,2018-09-13 15:32:09.684469
2018-06-02,05:30,48.9,48.8,44.4,84.2,0.57,NW@1.8,4.6,56.5,64.8,36.1,0.0,4,30.26,"Stevenson, Stevenson, Skamania County",300207,Stevenson,2018-09-13 15:32:09.684469
2018-06-02,05:45,49.8,49.4,44.3,81.3,0.46,N@0.2,2.8,56.4,64.7,36.0,0.0,9,30.26,"Stevenson, Stevenson, Skamania County",300207,Stevenson,2018-09-13 15:32:09.684469
2018-06-02,06:00,49.9,49.5,44.7,82.2,0.36,SW@0.5,3.9,56.3,64.6,36.0,0.0,24,30.27,"Stevenson, Stevenson, Skamania County",300207,Stevenson,2018-09-13 15:32:09.684469
2018-06-02,06:15,50.4,50.0,44.5,80.2,0.11,NW@0.9,3.9,56.3,64.5,36.0,0.0,60,30.27,"Stevenson, Stevenson, Skamania County",300207,Stevenson,2018-09-13 15:32:09.684469
2018-06-02,06:30,51.5,51.1,44.7,77.5,0.0,NW@1.1,3.9,56.2,64.4,36.0,0.0,39,30.27,"Stevenson, Stevenson, Skamania County",300207,Stevenson,2018-09-13 15:32:09.684469
2018-06-02,06:45,52.5,52.2,45.1,75.7,0.0,N@1.0,3.5,56.2,64.3,36.1,0.0,57,30.26,"Stevenson, Stevenson, Skamania County",300207,Stevenson,2018-09-13 15:32:09.684469
2018-06-02,07:00,52.9,52.7,44.9,74.1,0.0,N@2.2,4.6,56.2,64.2,36.1,0.0,49,30.26,"Stevenson, Stevenson, Skamania County",300207,Stevenson,2018-09-13 15:32:09.684469
2018-06-02,07:15,53.0,52.8,45.7,76.1,0.0,N@0.3,2.4,56.2,64.1,36.0,0.0,103,30.26,"Stevenson, Stevenson, Skamania County",300207,Stevenson,2018-09-13 15:32:09.684469
2018-06-02,07:30,55.1,55.0,45.8,70.6,0.0,N@2.1,4.2,56.2,64.0,36.0,0.0,235,30.26,"Stevenson, Stevenson, Skamania County",300207,Stevenson,2018-09-13 15:32:09.684469
2018-06-02,07:45,56.8,57.1,45.9,66.9,0.0,N@2.2,5.3,56.2,63.9,36.0,0.0,289,30.26,"Stevenson, Stevenson, Skamania County",300207,Stevenson,2018-09-13 15:32:09.684469
2018-06-02,08:00,57.6,58.2,46.6,66.6,0.0,NE@1.8,5.3,56.3,63.9,36.0,0.0,342,30.26,"Stevenson, Stevenson, Skamania County",300207,Stevenson,2018-09-13 15:32:09.684469
2018-06-02,08:15,59.3,59.7,47.3,64.2,0.0,NE@1.8,6.0,56.4,63.8,36.0,0.0,380,30.26,"Stevenson, Stevenson, Skamania County",300207,Stevenson,2018-09-13 15:32:09.684469
2018-06-02,08:30,59.5,59.4,46.4,62.0,0.0,NE@2.4,6.0,56.5,63.7,36.0,0.0,421,30.25,"Stevenson, Stevenson, Skamania County",300207,Stevenson,2018-09-13 15:32:09.684469
2018-06-02,08:45,60.6,60.5,45.8,57.9,0.0,N@2.2,5.7,56.7,63.6,35.9,0.0,463,30.24,"Stevenson, Stevenson, Skamania County",300207,Stevenson,2018-09-13 15:32:09.684469
2018-06-02,09:00,62.3,62.0,46.6,56.4,0.0,NE@1.4,4.6,56.8,63.5,35.9,0.0,515,30.24,"Stevenson, Stevenson, Skamania County",300207,Stevenson,2018-09-13 15:32:09.684469
2018-06-02,09:15,63.4,63.3,47.1,55.3,0.0,E@1.1,2.8,57.0,63.5,35.9,0.0,558,30.24,"Stevenson, Stevenson, Skamania County",300207,Stevenson,2018-09-13 15:32:09.684469
2018-06-02,09:30,64.4,64.2,47.0,53.1,0.0,E@0.8,4.2,57.2,63.4,35.9,0.0,607,30.23,"Stevenson, Stevenson, Skamania County",300207,Stevenson,2018-09-13 15:32:09.684469
2018-06-02,09:45,64.9,64.4,46.6,51.4,0.0,NE@1.4,3.9,57.4,63.3,35.9,0.0,632,30.22,"Stevenson, Stevenson, Skamania County",300207,Stevenson,2018-09-13 15:32:09.684469
2018-06-02,10:00,66.4,66.1,46.8,49.1,0.0,NE@1.0,3.9,57.7,63.2,35.9,0.0,671,30.22,"Stevenson, Stevenson, Skamania County",300207,Stevenson,2018-09-13 15:32:09.684469
2018-06-02,10:15,66.2,66.3,46.7,49.3,0.0,NE@0.8,3.1,57.9,63.2,35.9,0.0,514,30.21,"Stevenson, Stevenson, Skamania County",300207,Stevenson,2018-09-13 15:32:09.684469
2018-06-02,10:30,66.0,66.0,46.2,48.7,0.0,E@0.4,2.4,58.2,63.1,35.9,0.0,631,30.2,"Stevenson, Stevenson, Skamania County",300207,Stevenson,2018-09-13 15:32:09.684469
2018-06-02,10:45,67.8,68.0,46.4,46.0,0.0,SE@1.0,3.5,58.5,63.1,35.8,0.0,757,30.2,"Stevenson, Stevenson, Skamania County",300207,Stevenson,2018-09-13 15:32:09.684469
2018-06-02,11:00,69.2,69.0,47.4,45.7,0.0,SE@1.1,3.9,58.8,63.0,35.8,0.0,783,30.2,"Stevenson, Stevenson, Skamania County",300207,Stevenson,2018-09-13 15:32:09.684469
2018-06-02,11:15,68.8,68.6,46.9,45.4,0.0,E@1.5,4.2,59.1,63.0,35.8,0.0,803,30.19,"Stevenson, Stevenson, Skamania County",300207,Stevenson,2018-09-13 15:32:09.684469
2018-06-02,11:30,70.0,70.1,47.2,44.2,0.0,E@0.6,2.4,59.5,63.0,35.8,0.0,836,30.18,"Stevenson, Stevenson, Skamania County",300207,Stevenson,2018-09-13 15:32:09.684469
2018-06-02,11:45,72.4,72.6,47.8,41.6,0.0,E@1.3,3.1,59.8,63.0,35.8,0.0,850,30.18,"Stevenson, Stevenson, Skamania County",300207,Stevenson,2018-09-13 15:32:09.684469
2018-06-02,12:00,73.0,73.2,48.7,42.1,0.0,E@1.4,3.5,60.3,63.0,35.8,0.0,860,30.17,"Stevenson, Stevenson, Skamania County",300207,Stevenson,2018-09-13 15:32:09.684469
2018-06-02,12:15,74.0,74.3,47.3,38.6,0.0,E@1.0,3.5,60.7,63.0,35.8,0.0,874,30.17,"Stevenson, Stevenson, Skamania County",300207,Stevenson,2018-09-13 15:32:09.684469
2018-06-02,12:30,75.6,75.6,46.7,35.8,0.0,E@1.5,3.9,61.2,63.0,35.8,0.0,884,30.16,"Stevenson, Stevenson, Skamania County",300207,Stevenson,2018-09-13 15:32:09.684469
2018-06-02,12:45,76.0,76.4,45.4,33.7,0.0,SE@1.3,4.2,61.8,63.0,35.8,0.0,889,30.15,"Stevenson, Stevenson, Skamania County",300207,Stevenson,2018-09-13 15:32:09.684469
2018-06-02,13:00,77.3,77.9,46.7,33.9,0.0,SE@1.5,4.9,62.4,63.0,35.7,0.0,889,30.15,"Stevenson, Stevenson, Skamania County",300207,Stevenson,2018-09-13 15:32:09.684469
2018-06-02,13:15,78.1,78.6,48.3,35.0,0.0,S@3.5,7.1,62.9,63.1,35.7,0.0,888,30.14,"Stevenson, Stevenson, Skamania County",300207,Stevenson,2018-09-13 15:32:09.684469
2018-06-02,13:30,80.0,80.3,47.8,32.2,0.0,S@3.8,7.1,63.5,63.1,35.7,0.0,884,30.13,"Stevenson, Stevenson, Skamania County",300207,Stevenson,2018-09-13 15:32:09.684469
2018-06-02,13:45,80.6,80.9,47.9,31.9,0.0,S@4.0,8.9,64.0,63.2,35.7,0.0,877,30.13,"Stevenson, Stevenson, Skamania County",300207,Stevenson,2018-09-13 15:32:09.684469
2018-06-02,14:00,81.0,81.4,48.4,32.0,0.0,S@4.0,7.4,64.5,63.3,35.7,0.0,866,30.12,"Stevenson, Stevenson, Skamania County",300207,Stevenson,2018-09-13 15:32:09.684469
2018-06-02,14:15,81.3,81.6,50.1,33.7,0.0,S@3.1,7.1,65.0,63.4,35.7,0.0,853,30.12,"Stevenson, Stevenson, Skamania County",300207,Stevenson,2018-09-13 15:32:09.684469
2018-06-02,14:30,81.8,82.0,51.4,34.8,0.0,S@4.0,9.9,65.4,63.5,35.7,0.0,833,30.11,"Stevenson, Stevenson, Skamania County",300207,Stevenson,2018-09-13 15:32:09.684469
2018-06-02,14:45,81.3,81.7,51.9,36.0,0.0,S@4.7,8.2,65.7,63.6,35.6,0.0,813,30.11,"Stevenson, Stevenson, Skamania County",300207,Stevenson,2018-09-13 15:32:09.684469
2018-06-02,15:00,81.4,81.6,52.9,37.4,0.0,SE@3.3,8.2,66.1,63.8,35.6,0.0,792,30.1,"Stevenson, Stevenson, Skamania County",300207,Stevenson,2018-09-13 15:32:09.684469
2018-06-02,15:15,82.0,82.2,51.6,34.8,0.0,S@4.0,9.9,66.3,63.9,35.6,0.0,766,30.1,"Stevenson, Stevenson, Skamania County",300207,Stevenson,2018-09-13 15:32:09.684469
2018-06-02,15:30,82.0,82.1,50.4,33.3,0.0,S@4.2,9.9,66.6,64.1,35.6,0.0,720,30.09,"Stevenson, Stevenson, Skamania County",300207,Stevenson,2018-09-13 15:32:09.684469
2018-06-02,15:45,82.1,82.2,49.8,32.4,0.0,S@4.8,11.7,66.7,64.2,35.6,0.0,697,30.09,"Stevenson, Stevenson, Skamania County",300207,Stevenson,2018-09-13 15:32:09.684469
2018-06-02,16:00,81.8,81.9,49.5,32.4,0.0,S@5.3,13.2,66.9,64.4,35.6,0.0,671,30.08,"Stevenson, Stevenson, Skamania County",300207,Stevenson,2018-09-13 15:32:09.684469
2018-06-02,16:15,82.5,82.5,49.1,31.3,0.0,S@5.0,9.9,67.0,64.6,35.6,0.0,218,30.08,"Stevenson, Stevenson, Skamania County",300207,Stevenson,2018-09-13 15:32:09.684469
2018-06-02,16:30,82.4,82.6,48.7,31.0,0.0,S@4.7,9.6,67.2,64.8,35.6,0.0,217,30.07,"Stevenson, Stevenson, Skamania County",300207,Stevenson,2018-09-13 15:32:09.684469
2018-06-02,16:45,82.8,82.7,48.2,30.0,0.0,S@5.1,10.3,67.3,65.0,35.7,0.0,562,30.07,"Stevenson, Stevenson, Skamania County",300207,Stevenson,2018-09-13 15:32:09.684469
2018-06-02,17:00,82.6,82.7,47.3,29.2,0.0,S@4.9,11.0,67.4,65.2,35.7,0.0,546,30.07,"Stevenson, Stevenson, Skamania County",300207,Stevenson,2018-09-13 15:32:09.684469
2018-06-02,17:15,82.5,82.6,46.9,28.8,0.0,S@4.4,11.4,67.5,65.5,35.7,0.0,501,30.06,"Stevenson, Stevenson, Skamania County",300207,Stevenson,2018-09-13 15:32:09.684469
2018-06-02,17:30,82.8,82.9,47.2,28.9,0.0,S@4.3,11.4,67.6,65.7,35.7,0.0,460,30.06,"Stevenson, Stevenson, Skamania County",300207,Stevenson,2018-09-13 15:32:09.684469
2018-06-02,17:45,82.7,82.8,47.3,29.1,0.0,S@3.6,9.2,67.7,65.9,35.7,0.0,405,30.05,"Stevenson, Stevenson, Skamania County",300207,Stevenson,2018-09-13 15:32:09.684469
2018-06-02,18:00,82.6,82.7,47.3,29.1,0.0,S@4.1,9.6,67.7,66.1,35.7,0.0,390,30.05,"Stevenson, Stevenson, Skamania County",300207,Stevenson,2018-09-13 15:32:09.684469
2018-06-02,18:15,82.3,82.5,47.2,29.4,0.0,S@3.4,7.4,67.8,66.3,35.8,0.0,345,30.05,"Stevenson, Stevenson, Skamania County",300207,Stevenson,2018-09-13 15:32:09.684469
2018-06-02,18:30,80.8,81.1,47.3,30.9,0.0,S@3.4,8.2,67.9,66.5,35.7,0.0,187,30.05,"Stevenson, Stevenson, Skamania County",300207,Stevenson,2018-09-13 15:32:09.684469
2018-06-02,18:45,79.0,79.0,47.0,32.4,0.0,S@2.9,8.2,68.1,66.7,35.8,0.0,74,30.05,"Stevenson, Stevenson, Skamania County",300207,Stevenson,2018-09-13 15:32:09.684469
2018-06-02,19:00,78.2,78.1,46.5,32.8,0.0,S@2.5,6.7,68.1,66.9,35.8,0.0,38,30.04,"Stevenson, Stevenson, Skamania County",300207,Stevenson,2018-09-13 15:32:09.684469
2018-06-02,19:15,77.5,77.4,46.8,33.9,0.0,S@2.4,6.7,68.0,67.1,35.8,0.0,27,30.04,"Stevenson, Stevenson, Skamania County",300207,Stevenson,2018-09-13 15:32:09.684469
2018-06-02,19:30,77.1,77.0,46.9,34.4,0.0,S@2.2,8.2,67.8,67.3,35.9,0.0,24,30.03,"Stevenson, Stevenson, Skamania County",300207,Stevenson,2018-09-13 15:32:09.684469
2018-06-02,19:45,76.4,76.4,47.2,35.5,0.0,S@1.9,8.2,67.6,67.4,35.9,0.0,21,30.04,"Stevenson, Stevenson, Skamania County",300207,Stevenson,2018-09-13 15:32:09.684469
2018-06-02,20:00,75.6,75.5,47.4,36.8,0.0,S@1.5,4.9,67.3,67.6,35.9,0.0,19,30.03,"Stevenson, Stevenson, Skamania County",300207,Stevenson,2018-09-13 15:32:09.684469
2018-06-02,20:15,74.8,74.7,47.3,37.7,0.0,SW@0.6,3.9,67.1,67.7,35.9,0.0,16,30.03,"Stevenson, Stevenson, Skamania County",300207,Stevenson,2018-09-13 15:32:09.684469
2018-06-02,20:30,73.5,73.3,48.1,40.6,0.0,SW@0.4,4.2,66.9,67.8,35.9,0.0,12,30.03,"Stevenson, Stevenson, Skamania County",300207,Stevenson,2018-09-13 15:32:09.684469
2018-06-02,20:45,71.2,71.1,48.6,44.5,0.0,S@0.1,2.4,66.6,67.9,36.0,0.0,7,30.03,"Stevenson, Stevenson, Skamania County",300207,Stevenson,2018-09-13 15:32:09.684469
2018-06-02,21:00,69.9,69.7,49.2,47.6,0.0,NW@0.1,2.1,66.4,68.0,36.0,0.0,3,30.03,"Stevenson, Stevenson, Skamania County",300207,Stevenson,2018-09-13 15:32:09.684469
2018-06-02,21:15,69.0,68.9,50.1,50.9,0.0,NW@0.0,1.4,66.1,68.0,36.0,0.0,0,30.03,"Stevenson, Stevenson, Skamania County",300207,Stevenson,2018-09-13 15:32:09.684469
2018-06-02,21:30,69.2,69.0,49.0,48.5,0.0,NW@1.5,6.0,65.9,68.1,36.0,0.0,0,30.04,"Stevenson, Stevenson, Skamania County",300207,Stevenson,2018-09-13 15:32:09.684469
2018-06-02,21:45,67.9,67.8,49.5,51.6,0.0,NW@0.2,3.5,65.6,68.1,36.0,0.0,0,30.04,"Stevenson, Stevenson, Skamania County",300207,Stevenson,2018-09-13 15:32:09.684469
2018-06-02,22:00,66.6,66.3,49.4,53.9,0.0,SW@0.0,1.4,65.3,68.1,36.0,0.0,0,30.04,"Stevenson, Stevenson, Skamania County",300207,Stevenson,2018-09-13 15:32:09.684469
2018-06-02,22:15,65.4,65.2,49.9,57.3,0.0,SW@0.0,1.4,65.1,68.2,36.0,0.0,0,30.05,"Stevenson, Stevenson, Skamania County",300207,Stevenson,2018-09-13 15:32:09.684469
2018-06-02,22:30,63.7,63.4,49.9,60.7,0.0,SE@0.0,1.4,64.8,68.1,36.1,0.0,0,30.05,"Stevenson, Stevenson, Skamania County",300207,Stevenson,2018-09-13 15:32:09.684469
2018-06-02,22:45,64.6,64.3,49.3,57.6,0.0,W@0.0,1.4,64.5,68.1,36.1,0.0,0,30.05,"Stevenson, Stevenson, Skamania County",300207,Stevenson,2018-09-13 15:32:09.684469
2018-06-02,23:00,64.1,63.9,49.3,58.5,0.0,NW@0.0,1.4,64.3,68.1,36.1,0.0,0,30.05,"Stevenson, Stevenson, Skamania County",300207,Stevenson,2018-09-13 15:32:09.684469
2018-06-02,23:15,63.7,63.5,49.4,59.7,0.0,NW@0.0,1.4,64.0,68.1,36.1,0.0,0,30.05,"Stevenson, Stevenson, Skamania County",300207,Stevenson,2018-09-13 15:32:09.684469
2018-06-02,23:30,63.0,62.9,49.4,61.0,0.0,NW@0.3,2.8,63.8,68.1,36.1,0.0,0,30.05,"Stevenson, Stevenson, Skamania County",300207,Stevenson,2018-09-13 15:32:09.684469
2018-06-02,23:45,62.0,61.8,49.9,64.3,0.0,NW@0.1,2.8,63.5,68.1,36.1,0.0,0,30.06,"Stevenson, Stevenson, Skamania County",300207,Stevenson,2018-09-13 15:32:09.684469
2018-06-02,24:00,60.6,60.3,50.0,68.0,0.0,NW@0.0,1.7,63.3,68.0,36.2,0.0,0,30.06,"Stevenson, Stevenson, Skamania County",300207,Stevenson,2018-09-13 15:32:09.684469
2018-06-03,00:15,61.1,60.6,49.6,65.8,0.0,NW@0.7,6.0,63.0,68.0,36.1,0.0,0,30.06,"Stevenson, Stevenson, Skamania County",300207,Stevenson,2018-09-13 15:32:09.684469
2018-06-03,00:30,61.3,61.1,49.4,64.9,0.0,NW@0.2,2.1,62.8,67.9,36.1,0.0,0,30.06,"Stevenson, Stevenson, Skamania County",300207,Stevenson,2018-09-13 15:32:09.684469
2018-06-03,00:45,60.2,60.0,49.5,67.8,0.0,W@0.0,1.4,62.6,67.8,36.1,0.0,0,30.06,"Stevenson, Stevenson, Skamania County",300207,Stevenson,2018-09-13 15:32:09.684469
2018-06-03,01:00,59.2,58.8,49.6,70.2,0.0,W@0.0,1.4,62.4,67.8,36.1,0.0,0,30.06,"Stevenson, Stevenson, Skamania County",300207,Stevenson,2018-09-13 15:32:09.684469
2018-06-03,01:15,58.1,57.6,49.8,73.9,0.0,N@0.0,0.0,62.2,67.7,36.1,0.0,0,30.07,"Stevenson, Stevenson, Skamania County",300207,Stevenson,2018-09-13 15:32:09.684469
2018-06-03,01:30,57.4,57.0,50.1,76.6,0.0,N@0.1,2.1,62.0,67.6,36.1,0.0,0,30.07,"Stevenson, Stevenson, Skamania County",300207,Stevenson,2018-09-13 15:32:09.684469
2018-06-03,01:45,58.4,58.2,49.5,72.0,0.0,W@0.5,2.8,61.8,67.6,36.1,0.0,0,30.07,"Stevenson, Stevenson, Skamania County",300207,Stevenson,2018-09-13 15:32:09.684469
2018-06-03,02:00,57.8,57.4,49.3,73.1,0.0,NW@0.2,2.4,61.6,67.5,36.1,0.0,0,30.07,"Stevenson, Stevenson, Skamania County",300207,Stevenson,2018-09-13 15:32:09.684469
2018-06-03,02:15,57.1,56.8,49.4,75.5,0.0,NW@0.4,3.5,61.4,67.4,36.1,0.0,0,30.06,"Stevenson, Stevenson, Skamania County",300207,Stevenson,2018-09-13 15:32:09.684469
2018-06-03,02:30,56.3,56.0,49.1,76.8,0.0,NW@0.1,1.7,61.3,67.3,36.1,0.0,0,30.06,"Stevenson, Stevenson, Skamania County",300207,Stevenson,2018-09-13 15:32:09.684469
2018-06-03,02:45,55.8,55.5,49.0,78.0,0.0,N@0.0,0.0,61.1,67.3,36.1,0.0,0,30.06,"Stevenson, Stevenson, Skamania County",300207,Stevenson,2018-09-13 15:32:09.684469
2018-06-03,03:00,55.0,54.6,48.9,79.8,0.0,N@0.0,0.0,60.9,67.2,36.1,0.0,0,30.06,"Stevenson, Stevenson, Skamania County",300207,Stevenson,2018-09-13 15:32:09.684469
2018-06-03,03:15,54.5,54.2,50.1,85.0,0.03,N@0.6,2.4,60.7,67.1,36.2,0.0,0,30.06,"Stevenson, Stevenson, Skamania County",300207,Stevenson,2018-09-13 15:32:09.684469
2018-06-03,03:30,54.1,53.9,49.8,85.3,0.05,N@0.0,1.7,60.5,67.0,36.2,0.0,0,30.06,"Stevenson, Stevenson, Skamania County",300207,Stevenson,2018-09-13 15:32:09.684469
2018-06-03,03:45,53.4,53.1,49.4,86.2,0.07,N@0.3,1.7,60.4,66.9,36.2,0.0,0,30.06,"Stevenson, Stevenson, Skamania County",300207,Stevenson,2018-09-13 15:32:09.684469
2018-06-03,04:00,53.7,53.5,49.7,86.2,0.09,NW@0.7,3.1,60.2,66.8,36.2,0.0,0,30.06,"Stevenson, Stevenson, Skamania County",300207,Stevenson,2018-09-13 15:32:09.684469
2018-06-03,04:15,54.0,53.7,49.6,85.0,0.08,N@0.8,2.8,60.0,66.7,36.2,0.0,0,30.06,"Stevenson, Stevenson, Skamania County",300207,Stevenson,2018-09-13 15:32:09.684469
2018-06-03,04:30,53.5,53.0,49.2,85.4,0.09,NW@0.8,2.8,59.9,66.6,36.1,0.0,0,30.06,"Stevenson, Stevenson, Skamania County",300207,Stevenson,2018-09-13 15:32:09.684469
2018-06-03,04:45,53.6,53.3,49.3,85.3,0.08,NW@1.0,2.8,59.7,66.6,36.1,0.0,0,30.06,"Stevenson, Stevenson, Skamania County",300207,Stevenson,2018-09-13 15:32:09.684469
2018-06-03,05:00,52.5,52.1,48.9,87.6,0.09,NW@0.4,2.1,59.6,66.5,36.1,0.0,0,30.06,"Stevenson, Stevenson, Skamania County",300207,Stevenson,2018-09-13 15:32:09.684469
2018-06-03,05:15,52.0,51.6,48.7,88.4,0.15,N@0.0,0.0,59.4,66.4,36.1,0.0,1,30.06,"Stevenson, Stevenson, Skamania County",300207,Stevenson,2018-09-13 15:32:09.684469
2018-06-03,05:30,51.6,51.1,48.9,90.4,0.25,N@0.0,1.4,59.3,66.3,36.1,0.0,4,30.06,"Stevenson, Stevenson, Skamania County",300207,Stevenson,2018-09-13 15:32:09.684469
2018-06-03,05:45,51.6,51.2,48.7,90.0,0.32,N@0.0,0.0,59.1,66.2,36.1,0.0,8,30.06,"Stevenson, Stevenson, Skamania County",300207,Stevenson,2018-09-13 15:32:09.684469
2018-06-03,06:00,51.5,51.2,49.1,91.1,0.42,N@0.0,0.0,59.0,66.1,36.1,0.0,32,30.06,"Stevenson, Stevenson, Skamania County",300207,Stevenson,2018-09-13 15:32:09.684469
2018-06-03,06:15,54.0,53.5,49.5,84.6,0.4,N@0.0,0.0,58.8,66.0,36.1,0.0,75,30.06,"Stevenson, Stevenson, Skamania County",300207,Stevenson,2018-09-13 15:32:09.684469
2018-06-03,06:30,56.0,55.6,49.8,79.4,0.18,N@0.0,0.0,58.7,65.9,36.1,0.0,53,30.06,"Stevenson, Stevenson, Skamania County",300207,Stevenson,2018-09-13 15:32:09.684469
2018-06-03,06:45,56.3,55.8,50.7,81.4,0.06,N@0.0,0.0,58.6,65.9,36.1,0.0,43,30.06,"Stevenson, Stevenson, Skamania County",300207,Stevenson,2018-09-13 15:32:09.684469
2018-06-03,07:00,57.1,56.8,51.1,80.3,0.0,SE@1.2,4.2,58.5,65.8,36.0,0.0,41,30.05,"Stevenson, Stevenson, Skamania County",300207,Stevenson,2018-09-13 15:32:09.684469
2018-06-03,07:15,58.9,58.9,51.0,74.8,0.0,S@1.8,3.9,58.5,65.7,36.0,0.0,193,30.05,"Stevenson, Stevenson, Skamania County",300207,Stevenson,2018-09-13 15:32:09.684469
2018-06-03,07:30,60.6,60.6,51.1,70.7,0.0,S@2.7,6.0,58.5,65.6,36.0,0.0,255,30.04,"Stevenson, Stevenson, Skamania County",300207,Stevenson,2018-09-13 15:32:09.684469
2018-06-03,07:45,61.0,61.3,50.8,69.0,0.0,S@2.9,5.7,58.5,65.5,36.0,0.0,289,30.03,"Stevenson, Stevenson, Skamania County",300207,Stevenson,2018-09-13 15:32:09.684469
2018-06-03,08:00,61.5,61.9,51.2,68.9,0.0,S@3.4,6.4,58.6,65.4,36.0,0.0,336,30.02,"Stevenson, Stevenson, Skamania County",300207,Stevenson,2018-09-13 15:32:09.684469
2018-06-03,08:15,62.1,62.3,51.7,68.7,0.0,SE@3.9,7.1,58.7,65.3,36.0,0.0,365,30.01,"Stevenson, Stevenson, Skamania County",300207,Stevenson,2018-09-13 15:32:09.684469
2018-06-03,08:30,62.9,63.1,51.7,66.6,0.0,S@4.1,7.1,58.8,65.3,36.0,0.0,412,30.01,"Stevenson, Stevenson, Skamania County",300207,Stevenson,2018-09-13 15:32:09.684469
2018-06-03,08:45,63.8,63.8,51.7,64.6,0.0,S@3.6,6.7,58.9,65.2,36.0,0.0,448,30.0,"Stevenson, Stevenson, Skamania County",300207,Stevenson,2018-09-13 15:32:09.684469
2018-06-03,09:00,64.2,64.3,51.5,63.3,0.0,S@4.6,10.3,59.1,65.1,36.0,0.0,492,30.0,"Stevenson, Stevenson, Skamania County",300207,Stevenson,2018-09-13 15:32:09.684469
2018-06-03,09:15,65.4,65.5,51.5,60.8,0.0,S@4.4,9.2,59.2,65.0,36.0,0.0,506,29.99,"Stevenson, Stevenson, Skamania County",300207,Stevenson,2018-09-13 15:32:09.684469
2018-06-03,09:30,66.1,66.3,52.0,60.3,0.0,S@4.6,9.9,59.4,64.9,36.0,0.0,581,29.99,"Stevenson, Stevenson, Skamania County",300207,Stevenson,2018-09-13 15:32:09.684469
2018-06-03,09:45,67.2,67.2,51.4,56.9,0.0,S@5.2,9.9,59.6,64.9,35.9,0.0,608,29.99,"Stevenson, Stevenson, Skamania County",300207,Stevenson,2018-09-13 15:32:09.684469
2018-06-03,10:00,67.1,67.0,51.5,57.3,0.0,S@6.0,12.4,59.8,64.8,35.9,0.0,619,29.98,"Stevenson, Stevenson, Skamania County",300207,Stevenson,2018-09-13 15:32:09.684469
2018-06-03,10:15,66.9,66.8,52.0,58.7,0.0,S@5.8,14.6,60.0,64.7,35.9,0.0,665,29.98,"Stevenson, Stevenson, Skamania County",300207,Stevenson,2018-09-13 15:32:09.684469
2018-06-03,10:30,67.0,66.9,52.1,58.7,0.0,S@5.6,11.0,60.2,64.7,35.9,0.0,575,29.97,"Stevenson, Stevenson, Skamania County",300207,Stevenson,2018-09-13 15:32:09.684469
2018-06-03,10:45,67.4,67.3,52.4,58.6,0.0,SW@5.9,12.4,60.5,64.6,35.9,0.0,689,29.97,"Stevenson, Stevenson, Skamania County",300207,Stevenson,2018-09-13 15:32:09.684469
2018-06-03,11:00,67.3,67.1,52.8,59.8,0.0,S@5.7,11.0,60.7,64.6,35.9,0.0,457,29.97,"Stevenson, Stevenson, Skamania County",300207,Stevenson,2018-09-13 15:32:09.684469
2018-06-03,11:15,66.6,66.4,53.2,62.1,0.0,S@5.7,12.8,61.0,64.6,35.9,0.0,435,29.96,"Stevenson, Stevenson, Skamania County",300207,Stevenson,2018-09-13 15:32:09.684469
2018-06-03,11:30,67.5,67.3,53.6,61.0,0.0,S@5.5,12.8,61.2,64.5,35.9,0.0,556,29.96,"Stevenson, Stevenson, Skamania County",300207,Stevenson,2018-09-13 15:32:09.684469
2018-06-03,11:45,69.9,69.8,54.4,57.8,0.0,S@5.6,12.1,61.4,64.5,35.9,0.0,774,29.95,"Stevenson, Stevenson, Skamania County",300207,Stevenson,2018-09-13 15:32:09.684469
2018-06-03,12:00,71.2,71.3,54.4,55.3,0.0,S@6.2,14.6,61.6,64.5,35.9,0.0,794,29.95,"Stevenson, Stevenson, Skamania County",300207,Stevenson,2018-09-13 15:32:09.684469
2018-06-03,12:15,71.4,71.4,54.0,54.1,0.0,S@6.4,13.5,61.9,64.5,35.8,0.0,750,29.95,"Stevenson, Stevenson, Skamania County",300207,Stevenson,2018-09-13 15:32:09.684469
2018-06-03,12:30,71.7,71.7,54.3,54.2,0.0,S@6.9,12.8,62.3,64.5,35.8,0.0,786,29.96,"Stevenson, Stevenson, Skamania County",300207,Stevenson,2018-09-13 15:32:09.684469
2018-06-03,12:45,72.7,72.7,54.5,52.8,0.0,S@7.1,16.4,62.7,64.5,35.8,0.0,870,29.96,"Stevenson, Stevenson, Skamania County",300207,Stevenson,2018-09-13 15:32:09.684469
2018-06-03,13:00,73.6,73.6,53.9,50.0,0.0,S@6.2,12.4,63.1,64.5,35.8,0.0,845,29.96,"Stevenson, Stevenson, Skamania County",300207,Stevenson,2018-09-13 15:32:09.684469
2018-06-03,13:15,74.2,74.3,53.0,47.5,0.0,S@7.0,12.4,63.5,64.6,35.8,0.0,858,29.96,"Stevenson, Stevenson, Skamania County",300207,Stevenson,2018-09-13 15:32:09.684469
2018-06-03,13:30,74.3,74.4,51.8,45.3,0.0,S@7.2,13.2,63.9,64.6,35.8,0.0,848,29.95,"Stevenson, Stevenson, Skamania County",300207,Stevenson,2018-09-13 15:32:09.684469
2018-06-03,13:45,73.8,73.9,51.6,45.6,0.0,S@6.7,14.6,64.4,64.7,35.8,0.0,716,29.95,"Stevenson, Stevenson, Skamania County",300207,Stevenson,2018-09-13 15:32:09.684469
2018-06-03,14:00,73.8,73.8,51.7,45.9,0.0,S@6.7,12.8,64.7,64.7,35.8,0.0,696,29.95,"Stevenson, Stevenson, Skamania County",300207,Stevenson,2018-09-13 15:32:09.684469
2018-06-03,14:15,73.0,73.0,50.8,45.6,0.0,S@7.2,15.0,65.0,64.8,35.8,0.0,597,29.95,"Stevenson, Stevenson, Skamania County",300207,Stevenson,2018-09-13 15:32:09.684469
2018-06-03,14:30,73.2,73.1,49.9,43.8,0.0,S@5.8,12.1,65.2,64.9,35.8,0.0,559,29.95,"Stevenson, Stevenson, Skamania County",300207,Stevenson,2018-09-13 15:32:09.684469
2018-06-03,14:45,73.3,73.3,47.8,40.4,0.0,S@6.7,13.9,65.4,65.0,35.8,0.0,623,29.95,"Stevenson, Stevenson, Skamania County",300207,Stevenson,2018-09-13 15:32:09.684469
2018-06-03,15:00,74.2,74.2,47.1,38.0,0.0,S@6.9,14.6,65.5,65.1,35.8,0.0,713,29.94,"Stevenson, Stevenson, Skamania County",300207,Stevenson,2018-09-13 15:32:09.684469
2018-06-03,15:15,75.0,75.0,46.5,36.3,0.0,S@6.3,13.2,65.6,65.2,35.8,0.0,749,29.95,"Stevenson, Stevenson, Skamania County",300207,Stevenson,2018-09-13 15:32:09.684469
2018-06-03,15:30,75.1,75.1,45.2,34.5,0.0,S@7.0,14.6,65.7,65.3,35.8,0.0,668,29.96,"Stevenson, Stevenson, Skamania County",300207,Stevenson,2018-09-13 15:32:09.684469
2018-06-03,15:45,73.5,73.5,45.2,36.3,0.0,S@6.1,14.2,65.8,65.4,35.8,0.0,427,29.96,"Stevenson, Stevenson, Skamania County",300207,Stevenson,2018-09-13 15:32:09.684469
2018-06-03,16:00,74.2,74.2,45.7,36.2,0.0,S@6.6,14.2,65.9,65.6,35.8,0.0,656,29.95,"Stevenson, Stevenson, Skamania County",300207,Stevenson,2018-09-13 15:32:09.684469
2018-06-03,16:15,75.0,75.0,46.7,36.5,0.0,S@6.7,14.2,66.0,65.7,35.8,0.0,268,29.95,"Stevenson, Stevenson, Skamania County",300207,Stevenson,2018-09-13 15:32:09.684469
2018-06-03,16:30,74.2,74.3,46.6,37.4,0.0,S@6.2,13.5,66.1,65.8,35.8,0.0,209,29.94,"Stevenson, Stevenson, Skamania County",300207,Stevenson,2018-09-13 15:32:09.684469
2018-06-03,16:45,74.1,74.0,46.5,37.5,0.0,S@6.1,15.0,66.2,66.0,35.7,0.0,570,29.94,"Stevenson, Stevenson, Skamania County",300207,Stevenson,2018-09-13 15:32:09.684469
2018-06-03,17:00,73.8,73.7,46.2,37.4,0.0,S@6.1,13.5,66.3,66.1,35.7,0.0,490,29.94,"Stevenson, Stevenson, Skamania County",300207,Stevenson,2018-09-13 15:32:09.684469
2018-06-03,17:15,73.2,73.2,45.5,37.2,0.0,S@5.9,11.7,66.4,66.3,35.7,0.0,467,29.95,"Stevenson, Stevenson, Skamania County",300207,Stevenson,2018-09-13 15:32:09.684469
2018-06-03,17:30,72.5,72.5,45.2,37.6,0.0,S@5.9,12.8,66.4,66.4,35.8,0.0,330,29.95,"Stevenson, Stevenson, Skamania County",300207,Stevenson,2018-09-13 15:32:09.684469
2018-06-03,17:45,72.6,72.6,44.3,36.3,0.0,S@5.1,9.6,66.5,66.6,35.8,0.0,266,29.95,"Stevenson, Stevenson, Skamania County",300207,Stevenson,2018-09-13 15:32:09.684469
2018-06-03,18:00,71.4,71.4,44.8,38.4,0.0,S@4.1,9.6,66.5,66.7,35.8,0.0,193,29.95,"Stevenson, Stevenson, Skamania County",300207,Stevenson,2018-09-13 15:32:09.684469
2018-06-03,18:15,70.9,70.8,45.4,40.0,0.0,S@3.9,8.2,66.4,66.9,35.8,0.0,165,29.95,"Stevenson, Stevenson, Skamania County",300207,Stevenson,2018-09-13 15:32:09.684469
2018-06-03,18:30,70.1,70.0,45.7,41.5,0.0,S@4.6,9.9,66.3,67.0,35.8,0.0,156,29.94,"Stevenson, Stevenson, Skamania County",300207,Stevenson,2018-09-13 15:32:09.684469
2018-06-03,18:45,69.6,69.6,46.7,43.8,0.0,S@2.9,6.4,66.2,67.1,35.9,0.0,122,29.95,"Stevenson, Stevenson, Skamania County",300207,Stevenson,2018-09-13 15:32:09.684469
2018-06-03,19:00,69.1,69.0,46.4,44.2,0.0,SW@2.9,7.4,66.1,67.3,35.9,0.0,142,29.95,"Stevenson, Stevenson, Skamania County",300207,Stevenson,2018-09-13 15:32:09.684469
2018-06-03,19:15,67.8,67.8,46.2,45.8,0.0,S@5.0,10.3,66.0,67.4,35.9,0.0,90,29.96,"Stevenson, Stevenson, Skamania County",300207,Stevenson,2018-09-13 15:32:09.684469
2018-06-03,19:30,66.6,66.6,46.3,47.8,0.0,SW@3.9,7.1,65.8,67.5,35.9,0.0,38,29.96,"Stevenson, Stevenson, Skamania County",300207,Stevenson,2018-09-13 15:32:09.684469
2018-06-03,19:45,66.3,66.2,46.5,48.8,0.0,S@4.0,9.6,65.7,67.6,35.9,0.0,66,29.96,"Stevenson, Stevenson, Skamania County",300207,Stevenson,2018-09-13 15:32:09.684469
2018-06-03,20:00,65.9,65.9,47.1,50.5,0.0,S@4.3,11.0,65.5,67.7,35.9,0.0,50,29.96,"Stevenson, Stevenson, Skamania County",300207,Stevenson,2018-09-13 15:32:09.684469
2018-06-03,20:15,65.1,65.0,47.6,52.9,0.0,S@3.6,7.1,65.3,67.8,35.9,0.0,16,29.96,"Stevenson, Stevenson, Skamania County",300207,Stevenson,2018-09-13 15:32:09.684469
2018-06-03,20:30,65.0,64.9,47.9,53.9,0.0,SW@3.7,9.2,65.2,67.8,36.0,0.0,7,29.96,"Stevenson, Stevenson, Skamania County",300207,Stevenson,2018-09-13 15:32:09.684469
2018-06-03,20:45,64.6,64.5,48.4,55.6,0.0,S@4.3,10.7,65.0,67.9,36.0,0.0,5,29.97,"Stevenson, Stevenson, Skamania County",300207,Stevenson,2018-09-13 15:32:09.684469
2018-06-03,21:00,64.1,64.0,49.1,58.0,0.0,S@3.5,7.4,64.8,67.9,36.0,0.0,3,29.98,"Stevenson, Stevenson, Skamania County",300207,Stevenson,2018-09-13 15:32:09.684469
2018-06-03,21:15,63.5,63.4,50.2,61.7,0.0,S@3.8,8.2,64.7,68.0,36.0,0.0,0,29.99,"Stevenson, Stevenson, Skamania County",300207,Stevenson,2018-09-13 15:32:09.684469
2018-06-03,21:30,62.7,62.6,50.2,63.8,0.0,S@4.1,10.3,64.5,68.0,36.0,0.0,0,29.99,"Stevenson, Stevenson, Skamania County",300207,Stevenson,2018-09-13 15:32:09.684469
2018-06-03,21:45,62.0,61.9,50.2,65.1,0.0,S@3.7,8.9,64.3,68.0,36.0,0.0,0,30.0,"Stevenson, Stevenson, Skamania County",300207,Stevenson,2018-09-13 15:32:09.684469
2018-06-03,22:00,61.7,61.6,50.2,66.0,0.0,S@4.5,9.2,64.2,68.0,36.0,0.0,0,30.01,"Stevenson, Stevenson, Skamania County",300207,Stevenson,2018-09-13 15:32:09.684469
2018-06-03,22:15,61.5,61.3,50.2,66.4,0.0,S@4.0,9.9,64.0,68.0,36.0,0.0,0,30.01,"Stevenson, Stevenson, Skamania County",300207,Stevenson,2018-09-13 15:32:09.684469
2018-06-03,22:30,60.8,60.7,49.7,66.8,0.0,S@4.3,9.6,63.9,68.0,36.0,0.0,0,30.01,"Stevenson, Stevenson, Skamania County",300207,Stevenson,2018-09-13 15:32:09.684469
2018-06-03,22:45,60.2,60.1,49.1,66.8,0.0,S@5.1,9.9,63.7,68.0,36.0,0.0,0,30.02,"Stevenson, Stevenson, Skamania County",300207,Stevenson,2018-09-13 15:32:09.684469
2018-06-03,23:00,59.8,59.7,48.8,66.9,0.0,S@4.9,8.9,63.6,68.0,36.0,0.0,0,30.02,"Stevenson, Stevenson, Skamania County",300207,Stevenson,2018-09-13 15:32:09.684469
2018-06-03,23:15,59.6,59.5,48.4,66.4,0.0,S@4.8,10.7,63.5,68.0,36.0,0.0,0,30.02,"Stevenson, Stevenson, Skamania County",300207,Stevenson,2018-09-13 15:32:09.684469
2018-06-03,23:30,59.3,59.2,47.7,65.3,0.0,S@5.5,11.7,63.3,67.9,36.0,0.0,0,30.03,"Stevenson, Stevenson, Skamania County",300207,Stevenson,2018-09-13 15:32:09.684469
2018-06-03,23:45,59.1,59.0,47.1,64.4,0.0,S@5.3,11.4,63.2,67.9,36.0,0.0,0,30.03,"Stevenson, Stevenson, Skamania County",300207,Stevenson,2018-09-13 15:32:09.684469
2018-06-03,24:00,58.9,58.8,46.8,63.9,0.0,S@5.0,10.3,63.1,67.8,36.0,0.0,0,30.04,"Stevenson, Stevenson, Skamania County",300207,Stevenson,2018-09-13 15:32:09.684469
2018-06-04,00:15,58.5,58.4,46.6,64.3,0.0,S@5.3,11.7,62.9,67.8,36.0,0.0,0,30.04,"Stevenson, Stevenson, Skamania County",300207,Stevenson,2018-09-13 15:32:09.684469
2018-06-04,00:30,58.2,58.1,46.6,65.3,0.0,S@5.3,11.4,62.8,67.8,36.0,0.0,0,30.04,"Stevenson, Stevenson, Skamania County",300207,Stevenson,2018-09-13 15:32:09.684469
2018-06-04,00:45,57.9,57.8,46.6,65.9,0.0,S@5.0,9.2,62.7,67.7,36.1,0.0,0,30.05,"Stevenson, Stevenson, Skamania County",300207,Stevenson,2018-09-13 15:32:09.684469
2018-06-04,01:00,57.7,57.6,46.7,66.6,0.0,S@4.4,10.3,62.6,67.6,36.1,0.0,0,30.05,"Stevenson, Stevenson, Skamania County",300207,Stevenson,2018-09-13 15:32:09.684469
2018-06-04,01:15,57.3,57.2,46.7,67.4,0.0,S@3.8,7.4,62.4,67.6,36.1,0.0,0,30.05,"Stevenson, Stevenson, Skamania County",300207,Stevenson,2018-09-13 15:32:09.684469
2018-06-04,01:30,57.0,56.9,46.2,67.2,0.0,SW@4.1,9.2,62.3,67.5,36.1,0.0,0,30.05,"Stevenson, Stevenson, Skamania County",300207,Stevenson,2018-09-13 15:32:09.684469
2018-06-04,01:45,56.6,56.5,45.8,66.8,0.0,SW@3.3,7.8,62.2,67.5,36.1,0.0,0,30.06,"Stevenson, Stevenson, Skamania County",300207,Stevenson,2018-09-13 15:32:09.684469
2018-06-04,02:00,56.4,56.3,45.5,66.8,0.0,SW@3.1,9.2,62.1,67.4,36.1,0.0,0,30.06,"Stevenson, Stevenson, Skamania County",300207,Stevenson,2018-09-13 15:32:09.684469
2018-06-04,02:15,56.1,55.9,45.2,66.7,0.0,SW@3.7,7.4,62.0,67.3,36.0,0.0,0,30.06,"Stevenson, Stevenson, Skamania County",300207,Stevenson,2018-09-13 15:32:09.684469
2018-06-04,02:30,55.9,55.8,45.2,67.1,0.0,SW@3.4,7.8,61.9,67.3,36.0,0.0,0,30.07,"Stevenson, Stevenson, Skamania County",300207,Stevenson,2018-09-13 15:32:09.684469
2018-06-04,02:45,55.8,55.6,45.3,67.6,0.0,S@3.1,7.1,61.8,67.2,36.0,0.0,0,30.07,"Stevenson, Stevenson, Skamania County",300207,Stevenson,2018-09-13 15:32:09.684469
2018-06-04,03:00,55.6,55.4,45.1,67.8,0.0,SW@4.0,10.3,61.6,67.2,36.0,0.0,0,30.08,"Stevenson, Stevenson, Skamania County",300207,Stevenson,2018-09-13 15:32:09.684469
2018-06-04,03:15,55.4,55.2,44.9,67.5,0.0,SW@3.6,8.2,61.5,67.1,36.0,0.0,0,30.08,"Stevenson, Stevenson, Skamania County",300207,Stevenson,2018-09-13 15:32:09.684469
2018-06-04,03:30,55.3,55.1,44.8,67.7,0.0,SW@3.6,7.4,61.4,67.0,36.0,0.0,0,30.08,"Stevenson, Stevenson, Skamania County",300207,Stevenson,2018-09-13 15:32:09.684469
2018-06-04,03:45,55.2,55.0,44.7,67.8,0.0,SW@3.6,8.9,61.3,67.0,36.0,0.0,0,30.08,"Stevenson, Stevenson, Skamania County",300207,Stevenson,2018-09-13 15:32:09.684469
2018-06-04,04:00,54.9,54.7,44.8,68.7,0.0,SW@3.3,7.4,61.2,66.9,36.0,0.0,0,30.08,"Stevenson, Stevenson, Skamania County",300207,Stevenson,2018-09-13 15:32:09.684469
2018-06-04,04:15,54.7,54.5,44.8,69.3,0.0,SW@3.3,7.8,61.1,66.8,36.0,0.0,0,30.09,"Stevenson, Stevenson, Skamania County",300207,Stevenson,2018-09-13 15:32:09.684469
2018-06-04,04:30,54.5,54.4,44.9,69.7,0.0,SW@3.2,8.5,61.0,66.8,36.0,0.0,0,30.09,"Stevenson, Stevenson, Skamania County",300207,Stevenson,2018-09-13 15:32:09.684469
2018-06-04,04:45,54.5,54.3,45.0,70.3,0.0,S@3.4,7.8,60.9,66.7,36.0,0.0,0,30.09,"Stevenson, Stevenson, Skamania County",300207,Stevenson,2018-09-13 15:32:09.684469
2018-06-04,05:00,54.3,54.1,45.1,71.0,0.0,S@3.6,6.4,60.8,66.6,36.0,0.0,0,30.1,"Stevenson, Stevenson, Skamania County",300207,Stevenson,2018-09-13 15:32:09.684469
2018-06-04,05:15,54.3,54.1,45.0,70.6,0.0,S@3.4,7.4,60.7,66.6,36.0,0.0,0,30.09,"Stevenson, Stevenson, Skamania County",300207,Stevenson,2018-09-13 15:32:09.684469
2018-06-04,05:30,54.2,54.0,44.9,70.6,0.0,S@2.7,6.4,60.7,66.5,36.0,0.0,2,30.09,"Stevenson, Stevenson, Skamania County",300207,Stevenson,2018-09-13 15:32:09.684469
2018-06-04,05:45,54.3,54.1,44.8,69.9,0.0,S@3.1,5.7,60.6,66.4,36.0,0.0,5,30.1,"Stevenson, Stevenson, Skamania County",300207,Stevenson,2018-09-13 15:32:09.684469
2018-06-04,06:00,54.6,54.4,44.4,68.5,0.0,S@3.0,7.1,60.5,66.4,36.0,0.0,9,30.1,"Stevenson, Stevenson, Skamania County",300207,Stevenson,2018-09-13 15:32:09.684469
2018-06-04,06:15,54.5,54.3,44.8,69.7,0.0,S@3.5,8.9,60.4,66.3,36.0,0.0,14,30.09,"Stevenson, Stevenson, Skamania County",300207,Stevenson,2018-09-13 15:32:09.684469
2018-06-04,06:30,54.3,54.1,45.0,70.8,0.0,S@3.9,8.9,60.4,66.2,36.0,0.0,21,30.09,"Stevenson, Stevenson, Skamania County",300207,Stevenson,2018-09-13 15:32:09.684469
2018-06-04,06:45,54.5,54.3,44.5,68.9,0.0,S@4.4,8.9,60.3,66.2,36.0,0.0,42,30.09,"Stevenson, Stevenson, Skamania County",300207,Stevenson,2018-09-13 15:32:09.684469
2018-06-04,07:00,55.0,54.8,44.8,68.4,0.0,S@3.4,8.2,60.3,66.1,36.0,0.0,73,30.09,"Stevenson, Stevenson, Skamania County",300207,Stevenson,2018-09-13 15:32:09.684469
2018-06-04,07:15,55.2,55.1,44.7,67.5,0.0,SW@3.9,7.4,60.2,66.1,36.0,0.0,117,30.09,"Stevenson, Stevenson, Skamania County",300207,Stevenson,2018-09-13 15:32:09.684469
2018-06-04,07:30,56.6,56.4,44.4,63.7,0.0,S@4.4,10.3,60.2,66.0,36.0,0.0,255,30.09,"Stevenson, Stevenson, Skamania County",300207,Stevenson,2018-09-13 15:32:09.684469
2018-06-04,07:45,57.3,57.3,44.1,61.2,0.0,S@4.5,8.5,60.2,65.9,36.0,0.0,290,30.09,"Stevenson, Stevenson, Skamania County",300207,Stevenson,2018-09-13 15:32:09.684469
2018-06-04,08:00,57.9,58.0,44.4,60.5,0.0,S@5.5,11.7,60.1,65.9,36.0,0.0,364,30.09,"Stevenson, Stevenson, Skamania County",300207,Stevenson,2018-09-13 15:32:09.684469
2018-06-04,08:15,58.1,58.1,44.5,60.6,0.0,S@5.4,10.7,60.1,65.8,36.0,0.0,366,30.08,"Stevenson, Stevenson, Skamania County",300207,Stevenson,2018-09-13 15:32:09.684469
2018-06-04,08:30,58.5,58.5,44.5,59.7,0.0,S@5.8,12.8,60.2,65.8,35.9,0.0,392,30.08,"Stevenson, Stevenson, Skamania County",300207,Stevenson,2018-09-13 15:32:09.684469
2018-06-04,08:45,59.0,59.0,44.6,58.6,0.0,S@6.3,11.4,60.2,65.7,35.9,0.0,449,30.09,"Stevenson, Stevenson, Skamania County",300207,Stevenson,2018-09-13 15:32:09.684469
2018-06-04,09:00,59.3,59.3,44.6,58.1,0.0,S@6.7,13.2,60.2,65.6,35.9,0.0,498,30.09,"Stevenson, Stevenson, Skamania County",300207,Stevenson,2018-09-13 15:32:09.684469
2018-06-04,09:15,59.9,60.0,44.7,57.1,0.0,S@6.7,11.0,60.2,65.6,35.9,0.0,563,30.09,"Stevenson, Stevenson, Skamania County",300207,Stevenson,2018-09-13 15:32:09.684469
2018-06-04,09:30,60.7,60.7,44.2,54.6,0.0,S@7.3,13.2,60.3,65.5,35.9,0.0,609,30.09,"Stevenson, Stevenson, Skamania County",300207,Stevenson,2018-09-13 15:32:09.684469
2018-06-04,09:45,61.5,61.5,43.9,52.3,0.0,S@7.6,14.2,60.4,65.5,35.9,0.0,655,30.09,"Stevenson, Stevenson, Skamania County",300207,Stevenson,2018-09-13 15:32:09.684469
2018-06-04,10:00,61.1,61.1,42.9,51.2,0.0,S@8.1,16.0,60.5,65.4,35.9,0.0,488,30.08,"Stevenson, Stevenson, Skamania County",300207,Stevenson,2018-09-13 15:32:09.684469
2018-06-04,10:15,61.0,61.0,43.1,51.6,0.0,S@6.0,11.7,60.6,65.4,35.9,0.0,399,30.09,"Stevenson, Stevenson, Skamania County",300207,Stevenson,2018-09-13 15:32:09.684469
2018-06-04,10:30,61.2,61.1,41.9,49.0,0.0,S@6.4,11.7,60.7,65.3,35.9,0.0,420,30.09,"Stevenson, Stevenson, Skamania County",300207,Stevenson,2018-09-13 15:32:09.684469
2018-06-04,10:45,62.3,62.2,41.1,45.7,0.0,S@6.6,11.0,60.8,65.3,35.9,0.0,607,30.09,"Stevenson, Stevenson, Skamania County",300207,Stevenson,2018-09-13 15:32:09.684469
2018-06-04,11:00,63.9,63.8,41.8,44.3,0.0,S@7.1,13.5,60.9,65.2,35.9,0.0,895,30.08,"Stevenson, Stevenson, Skamania County",300207,Stevenson,2018-09-13 15:32:09.684469
2018-06-04,11:15,64.0,64.0,43.0,46.2,0.0,S@6.5,13.9,61.0,65.2,35.8,0.0,727,30.08,"Stevenson, Stevenson, Skamania County",300207,Stevenson,2018-09-13 15:32:09.684469
2018-06-04,11:30,65.3,65.2,42.5,43.4,0.0,S@6.1,12.1,61.2,65.2,35.8,0.0,935,30.08,"Stevenson, Stevenson, Skamania County",300207,Stevenson,2018-09-13 15:32:09.684469
2018-06-04,11:45,65.6,65.6,42.9,43.5,0.0,S@6.2,13.2,61.5,65.1,35.8,0.0,865,30.08,"Stevenson, Stevenson, Skamania County",300207,Stevenson,2018-09-13 15:32:09.684469
2018-06-04,12:00,65.5,65.6,43.3,44.4,0.0,S@7.5,14.2,61.8,65.1,35.8,0.0,852,30.08,"Stevenson, Stevenson, Skamania County",300207,Stevenson,2018-09-13 15:32:09.684469
2018-06-04,12:15,65.5,65.7,43.0,44.0,0.0,S@7.6,15.0,62.1,65.1,35.8,0.0,938,30.07,"Stevenson, Stevenson, Skamania County",300207,Stevenson,2018-09-13 15:32:09.684469
2018-06-04,12:30,68.0,68.1,43.3,40.7,0.0,S@5.8,10.7,62.5,65.1,35.8,0.0,994,30.07,"Stevenson, Stevenson, Skamania County",300207,Stevenson,2018-09-13 15:32:09.684469
2018-06-04,12:45,67.8,68.0,42.9,40.4,0.0,S@7.1,13.2,62.9,65.1,35.8,0.0,944,30.06,"Stevenson, Stevenson, Skamania County",300207,Stevenson,2018-09-13 15:32:09.684469
2018-06-04,13:00,68.4,68.4,42.8,39.5,0.0,S@7.0,15.7,63.3,65.1,35.8,0.0,1054,30.06,"Stevenson, Stevenson, Skamania County",300207,Stevenson,2018-09-13 15:32:09.684469
2018-06-04,13:15,69.6,69.8,43.0,38.2,0.0,S@6.5,13.2,63.8,65.2,35.8,0.0,1045,30.06,"Stevenson, Stevenson, Skamania County",300207,Stevenson,2018-09-13 15:32:09.684469
2018-06-04,13:30,68.9,69.0,42.3,38.1,0.0,S@7.0,12.8,64.3,65.2,35.8,0.0,943,30.06,"Stevenson, Stevenson, Skamania County",300207,Stevenson,2018-09-13 15:32:09.684469
2018-06-04,13:45,69.1,69.0,42.9,38.6,0.0,S@5.6,16.7,64.8,65.2,35.8,0.0,949,30.06,"Stevenson, Stevenson, Skamania County",300207,Stevenson,2018-09-13 15:32:09.684469
2018-06-04,14:00,69.7,69.8,43.3,38.4,0.0,S@6.8,15.0,65.2,65.3,35.8,0.0,866,30.06,"Stevenson, Stevenson, Skamania County",300207,Stevenson,2018-09-13 15:32:09.684469
2018-06-04,14:15,67.2,67.3,42.9,41.2,0.0,S@5.7,12.8,65.6,65.4,35.7,0.0,484,30.06,"Stevenson, Stevenson, Skamania County",300207,Stevenson,2018-09-13 15:32:09.684469
2018-06-04,14:30,70.1,70.2,43.4,38.0,0.0,S@5.6,14.6,65.8,65.4,35.7,0.0,851,30.06,"Stevenson, Stevenson, Skamania County",300207,Stevenson,2018-09-13 15:32:09.684469
2018-06-04,14:45,69.1,69.1,43.0,38.8,0.0,S@6.1,14.6,66.0,65.5,35.7,0.0,814,30.06,"Stevenson, Stevenson, Skamania County",300207,Stevenson,2018-09-13 15:32:09.684469
2018-06-04,15:00,69.7,69.8,43.2,38.2,0.0,S@6.0,12.4,66.1,65.7,35.7,0.0,774,30.06,"Stevenson, Stevenson, Skamania County",300207,Stevenson,2018-09-13 15:32:09.684469
2018-06-04,15:15,68.6,68.6,42.9,39.4,0.0,S@5.5,12.8,66.3,65.8,35.7,0.0,551,30.05,"Stevenson, Stevenson, Skamania County",300207,Stevenson,2018-09-13 15:32:09.684469
2018-06-04,15:30,70.4,70.4,43.3,37.6,0.0,S@5.1,9.9,66.4,65.9,35.7,0.0,794,30.05,"Stevenson, Stevenson, Skamania County",300207,Stevenson,2018-09-13 15:32:09.684469
2018-06-04,15:45,70.3,70.4,42.8,37.1,0.0,S@7.1,14.6,66.5,66.1,35.8,0.0,767,30.05,"Stevenson, Stevenson, Skamania County",300207,Stevenson,2018-09-13 15:32:09.684469
2018-06-04,16:00,70.2,70.3,42.9,37.3,0.0,S@6.4,13.9,66.5,66.2,35.7,0.0,727,30.05,"Stevenson, Stevenson, Skamania County",300207,Stevenson,2018-09-13 15:32:09.684469
2018-06-04,16:15,70.4,70.3,42.6,36.5,0.0,S@5.3,12.8,66.6,66.4,35.7,0.0,322,30.04,"Stevenson, Stevenson, Skamania County",300207,Stevenson,2018-09-13 15:32:09.684469
2018-06-04,16:30,68.2,68.3,41.9,38.3,0.0,S@4.6,12.1,66.7,66.5,35.7,0.0,196,30.04,"Stevenson, Stevenson, Skamania County",300207,Stevenson,2018-09-13 15:32:09.684469
2018-06-04,16:45,67.0,67.0,41.5,39.3,0.0,S@4.9,12.1,66.7,66.7,35.7,0.0,242,30.04,"Stevenson, Stevenson, Skamania County",300207,Stevenson,2018-09-13 15:32:09.684469
2018-06-04,17:00,66.8,66.7,42.0,40.4,0.0,S@4.4,9.2,66.6,66.8,35.7,0.0,166,30.04,"Stevenson, Stevenson, Skamania County",300207,Stevenson,2018-09-13 15:32:09.684469
2018-06-04,17:15,68.0,67.9,42.8,40.0,0.0,S@4.9,9.6,66.5,67.0,35.7,0.0,398,30.03,"Stevenson, Stevenson, Skamania County",300207,Stevenson,2018-09-13 15:32:09.684469
2018-06-04,17:30,68.1,68.1,43.2,40.5,0.0,S@4.7,11.0,66.4,67.2,35.8,0.0,418,30.03,"Stevenson, Stevenson, Skamania County",300207,Stevenson,2018-09-13 15:32:09.684469
2018-06-04,17:45,68.4,68.4,44.0,41.2,0.0,S@4.1,8.5,66.3,67.4,35.8,0.0,400,30.03,"Stevenson, Stevenson, Skamania County",300207,Stevenson,2018-09-13 15:32:09.684469
2018-06-04,18:00,67.9,68.0,43.5,41.1,0.0,S@4.7,11.4,66.3,67.5,35.8,0.0,346,30.03,"Stevenson, Stevenson, Skamania County",300207,Stevenson,2018-09-13 15:32:09.684469
2018-06-04,18:15,67.6,67.7,42.7,40.3,0.0,S@4.4,9.9,66.3,67.7,35.8,0.0,334,30.02,"Stevenson, Stevenson, Skamania County",300207,Stevenson,2018-09-13 15:32:09.684469
2018-06-04,18:30,66.2,66.3,42.6,42.3,0.0,S@3.9,10.7,66.4,67.8,35.8,0.0,163,30.02,"Stevenson, Stevenson, Skamania County",300207,Stevenson,2018-09-13 15:32:09.684469
2018-06-04,18:45,65.4,65.3,42.2,42.8,0.0,S@3.5,9.9,66.4,68.0,35.9,0.0,124,30.01,"Stevenson, Stevenson, Skamania County",300207,Stevenson,2018-09-13 15:32:09.684469
2018-06-04,19:00,65.0,64.9,41.8,42.8,0.0,S@2.8,10.7,66.3,68.1,35.9,0.0,101,30.01,"Stevenson, Stevenson, Skamania County",300207,Stevenson,2018-09-13 15:32:09.684469
2018-06-04,19:15,64.5,64.4,42.4,44.5,0.0,S@2.4,7.1,66.2,68.2,35.9,0.0,82,30.01,"Stevenson, Stevenson, Skamania County",300207,Stevenson,2018-09-13 15:32:09.684469
2018-06-04,19:30,64.1,64.0,42.2,44.7,0.0,SW@2.1,8.2,66.0,68.3,35.9,0.0,73,30.01,"Stevenson, Stevenson, Skamania County",300207,Stevenson,2018-09-13 15:32:09.684469
2018-06-04,19:45,63.6,63.6,42.4,45.8,0.0,S@1.7,4.9,65.8,68.4,35.9,0.0,61,30.0,"Stevenson, Stevenson, Skamania County",300207,Stevenson,2018-09-13 15:32:09.684469
2018-06-04,20:00,63.2,63.1,42.6,46.9,0.0,S@2.4,6.7,65.6,68.5,35.9,0.0,48,30.0,"Stevenson, Stevenson, Skamania County",300207,Stevenson,2018-09-13 15:32:09.684469
2018-06-04,20:15,62.6,62.4,41.7,46.2,0.0,SW@1.3,5.7,65.4,68.5,36.0,0.0,28,30.0,"Stevenson, Stevenson, Skamania County",300207,Stevenson,2018-09-13 15:32:09.684469
2018-06-04,20:30,61.7,61.6,41.9,48.0,0.0,SW@0.1,2.1,65.2,68.6,36.0,0.0,17,29.99,"Stevenson, Stevenson, Skamania County",300207,Stevenson,2018-09-13 15:32:09.684469
2018-06-04,20:45,59.9,59.7,43.1,53.6,0.0,SW@0.0,1.4,65.0,68.6,36.0,0.0,11,29.99,"Stevenson, Stevenson, Skamania County",300207,Stevenson,2018-09-13 15:32:09.684469
2018-06-04,21:00,58.3,58.1,43.8,58.3,0.0,N@0.0,0.0,64.7,68.7,36.0,0.0,4,30.0,"Stevenson, Stevenson, Skamania County",300207,Stevenson,2018-09-13 15:32:09.684469
2018-06-04,21:15,56.8,56.4,44.5,63.3,0.0,N@0.0,0.0,64.5,68.7,36.0,0.0,0,30.0,"Stevenson, Stevenson, Skamania County",300207,Stevenson,2018-09-13 15:32:09.684469
2018-06-04,21:30,55.9,55.5,44.7,65.9,0.0,N@0.0,1.4,64.1,68.7,36.0,0.0,0,30.0,"Stevenson, Stevenson, Skamania County",300207,Stevenson,2018-09-13 15:32:09.684469
2018-06-04,21:45,56.0,55.6,44.9,66.2,0.0,N@0.0,0.0,63.8,68.7,36.0,0.0,0,30.01,"Stevenson, Stevenson, Skamania County",300207,Stevenson,2018-09-13 15:32:09.684469
2018-06-04,22:00,55.8,55.5,44.7,66.0,0.0,N@0.0,1.4,63.5,68.7,36.0,0.0,0,30.01,"Stevenson, Stevenson, Skamania County",300207,Stevenson,2018-09-13 15:32:09.684469
2018-06-04,22:15,53.7,53.4,44.8,71.8,0.0,N@0.0,0.0,63.2,68.7,36.0,0.0,0,30.02,"Stevenson, Stevenson, Skamania County",300207,Stevenson,2018-09-13 15:32:09.684469
2018-06-04,22:30,53.7,53.3,44.8,71.8,0.0,N@0.0,0.0,62.8,68.6,36.0,0.0,0,30.02,"Stevenson, Stevenson, Skamania County",300207,Stevenson,2018-09-13 15:32:09.684469
2018-06-04,22:45,55.2,54.9,43.9,65.7,0.0,SW@0.6,4.6,62.5,68.6,36.0,0.0,0,30.01,"Stevenson, Stevenson, Skamania County",300207,Stevenson,2018-09-13 15:32:09.684469
2018-06-04,23:00,54.4,54.0,43.6,66.7,0.0,NW@0.5,4.2,62.2,68.6,36.1,0.0,0,30.01,"Stevenson, Stevenson, Skamania County",300207,Stevenson,2018-09-13 15:32:09.684469
2018-06-04,23:15,54.3,54.0,43.1,65.8,0.0,W@0.4,4.2,62.0,68.5,36.1,0.0,0,30.01,"Stevenson, Stevenson, Skamania County",300207,Stevenson,2018-09-13 15:32:09.684469
2018-06-04,23:30,54.4,54.2,42.9,64.8,0.0,NW@1.6,4.9,61.8,68.5,36.1,0.0,0,30.01,"Stevenson, Stevenson, Skamania County",300207,Stevenson,2018-09-13 15:32:09.684469
2018-06-04,23:45,53.8,53.5,42.7,65.9,0.0,NW@0.3,2.4,61.5,68.4,36.1,0.0,0,30.01,"Stevenson, Stevenson, Skamania County",300207,Stevenson,2018-09-13 15:32:09.684469
2018-06-04,24:00,52.6,52.3,42.5,68.4,0.0,W@0.5,2.4,61.3,68.3,36.1,0.0,0,30.01,"Stevenson, Stevenson, Skamania County",300207,Stevenson,2018-09-13 15:32:09.684469
