Date,Time PST,Air Temp °F, 2<sup>nd</sup> Air Temp °F, Dew Point °F, Rel Hum %, Leaf Wet u., Wind Dir @ Speed mph, Wind Gust mph, 8 in. Soil Tmp °F, Tot Prec in, Solar Rad W/m²,Location,Station ID,Station Name,Download Timestamp
2015-12-30,00:15,38.0,38.2,37.1,96.7,1.0,N@0.0,0.0,42.4,0.0,0,"Corvallis East, Linn County",810105,Corvallis East,2017-11-20 22:50:46.466135
2015-12-30,00:30,37.9,38.2,37.3,97.3,1.0,NE@1.9,6.4,42.4,0.0,0,"Corvallis East, Linn County",810105,Corvallis East,2017-11-20 22:50:46.466135
2015-12-30,00:45,38.2,38.4,37.5,97.4,1.0,NE@3.1,6.7,42.4,0.0,0,"Corvallis East, Linn County",810105,Corvallis East,2017-11-20 22:50:46.466135
2015-12-30,01:00,38.0,38.3,37.2,97.0,1.0,NE@6.3,10.3,42.4,0.0,0,"Corvallis East, Linn County",810105,Corvallis East,2017-11-20 22:50:46.466135
2015-12-30,01:15,37.6,37.9,36.2,94.7,0.96,N@7.5,10.7,42.4,0.0,0,"Corvallis East, Linn County",810105,Corvallis East,2017-11-20 22:50:46.466135
2015-12-30,01:30,37.3,37.6,35.9,94.3,0.01,N@6.9,11.7,42.4,0.0,0,"Corvallis East, Linn County",810105,Corvallis East,2017-11-20 22:50:46.466135
2015-12-30,01:45,37.0,37.3,35.7,94.8,0.31,NE@5.8,8.9,42.3,0.0,0,"Corvallis East, Linn County",810105,Corvallis East,2017-11-20 22:50:46.466135
2015-12-30,02:00,36.7,37.0,35.2,94.1,0.0,NE@6.1,8.5,42.3,0.0,0,"Corvallis East, Linn County",810105,Corvallis East,2017-11-20 22:50:46.466135
2015-12-30,02:15,36.5,36.8,35.1,94.4,0.0,NE@4.7,7.1,42.3,0.0,0,"Corvallis East, Linn County",810105,Corvallis East,2017-11-20 22:50:46.466135
2015-12-30,02:30,36.5,36.8,35.0,94.1,0.0,NE@5.6,8.9,42.3,0.0,0,"Corvallis East, Linn County",810105,Corvallis East,2017-11-20 22:50:46.466135
2015-12-30,02:45,36.6,36.9,34.8,92.8,0.0,NE@5.8,9.9,42.3,0.0,0,"Corvallis East, Linn County",810105,Corvallis East,2017-11-20 22:50:46.466135
2015-12-30,03:00,36.8,37.1,34.2,89.9,0.0,NE@8.0,12.8,42.3,0.0,0,"Corvallis East, Linn County",810105,Corvallis East,2017-11-20 22:50:46.466135
2015-12-30,03:15,36.8,37.1,34.1,89.7,0.0,NE@5.7,9.9,42.3,0.0,0,"Corvallis East, Linn County",810105,Corvallis East,2017-11-20 22:50:46.466135
2015-12-30,03:30,36.8,37.0,34.4,90.9,0.0,NE@6.2,9.9,42.3,0.0,0,"Corvallis East, Linn County",810105,Corvallis East,2017-11-20 22:50:46.466135
2015-12-30,03:45,36.8,37.0,34.0,89.5,0.0,NE@6.0,10.7,42.2,0.0,0,"Corvallis East, Linn County",810105,Corvallis East,2017-11-20 22:50:46.466135
2015-12-30,04:00,36.6,36.9,33.6,88.8,0.0,NE@5.7,8.9,42.2,0.0,0,"Corvallis East, Linn County",810105,Corvallis East,2017-11-20 22:50:46.466135
2015-12-30,04:15,36.4,36.7,33.4,88.6,0.0,NE@6.7,11.4,42.2,0.0,0,"Corvallis East, Linn County",810105,Corvallis East,2017-11-20 22:50:46.466135
2015-12-30,04:30,36.1,36.3,33.0,88.3,0.0,NE@6.2,9.9,42.2,0.0,0,"Corvallis East, Linn County",810105,Corvallis East,2017-11-20 22:50:46.466135
2015-12-30,04:45,35.5,35.7,32.5,88.7,0.0,NE@6.1,8.9,42.2,0.0,0,"Corvallis East, Linn County",810105,Corvallis East,2017-11-20 22:50:46.466135
2015-12-30,05:00,35.0,35.1,32.2,89.6,0.0,NE@4.7,8.2,42.2,0.0,0,"Corvallis East, Linn County",810105,Corvallis East,2017-11-20 22:50:46.466135
2015-12-30,05:15,34.6,34.8,32.0,90.0,0.0,NE@3.5,6.4,42.1,0.0,0,"Corvallis East, Linn County",810105,Corvallis East,2017-11-20 22:50:46.466135
2015-12-30,05:30,33.9,34.0,31.6,91.1,0.0,NE@1.5,5.3,42.1,0.0,0,"Corvallis East, Linn County",810105,Corvallis East,2017-11-20 22:50:46.466135
2015-12-30,05:45,33.9,34.1,31.8,91.7,0.0,NE@1.4,7.4,42.1,0.0,0,"Corvallis East, Linn County",810105,Corvallis East,2017-11-20 22:50:46.466135
2015-12-30,06:00,33.6,33.7,31.6,92.4,0.0,NE@1.5,6.4,42.1,0.0,0,"Corvallis East, Linn County",810105,Corvallis East,2017-11-20 22:50:46.466135
2015-12-30,06:15,33.3,33.4,31.4,92.4,0.0,NE@0.6,4.6,42.1,0.0,0,"Corvallis East, Linn County",810105,Corvallis East,2017-11-20 22:50:46.466135
2015-12-30,06:30,33.1,33.3,31.5,93.6,0.0,NE@0.3,4.2,42.1,0.0,0,"Corvallis East, Linn County",810105,Corvallis East,2017-11-20 22:50:46.466135
2015-12-30,06:45,32.6,32.6,30.8,93.2,0.33,N@0.0,0.0,42.0,0.0,0,"Corvallis East, Linn County",810105,Corvallis East,2017-11-20 22:50:46.466135
2015-12-30,07:00,31.1,31.3,29.2,93.5,1.0,N@0.0,0.0,42.0,0.0,0,"Corvallis East, Linn County",810105,Corvallis East,2017-11-20 22:50:46.466135
2015-12-30,07:15,30.6,30.9,29.1,95.1,1.0,N@0.0,0.0,42.0,0.0,0,"Corvallis East, Linn County",810105,Corvallis East,2017-11-20 22:50:46.466135
2015-12-30,07:30,31.3,31.1,30.2,96.6,1.0,E@0.3,3.5,42.0,0.0,0,"Corvallis East, Linn County",810105,Corvallis East,2017-11-20 22:50:46.466135
2015-12-30,07:45,30.6,30.6,29.6,97.6,1.0,E@1.4,3.9,42.0,0.0,2,"Corvallis East, Linn County",810105,Corvallis East,2017-11-20 22:50:46.466135
2015-12-30,08:00,30.1,30.0,29.2,98.0,1.0,N@0.0,0.0,41.9,0.0,6,"Corvallis East, Linn County",810105,Corvallis East,2017-11-20 22:50:46.466135
2015-12-30,08:15,29.7,29.7,28.8,98.1,1.0,N@0.0,0.0,41.9,0.0,16,"Corvallis East, Linn County",810105,Corvallis East,2017-11-20 22:50:46.466135
2015-12-30,08:30,31.0,31.2,30.4,98.9,1.0,NE@0.0,1.4,41.9,0.0,23,"Corvallis East, Linn County",810105,Corvallis East,2017-11-20 22:50:46.466135
2015-12-30,08:45,31.8,32.0,31.2,98.4,1.0,N@0.0,0.0,41.8,0.0,27,"Corvallis East, Linn County",810105,Corvallis East,2017-11-20 22:50:46.466135
2015-12-30,09:00,32.5,32.9,31.8,97.0,1.0,NE@3.9,7.1,41.8,0.0,33,"Corvallis East, Linn County",810105,Corvallis East,2017-11-20 22:50:46.466135
2015-12-30,09:15,33.4,33.8,31.8,93.8,1.0,NE@4.3,8.2,41.8,0.0,50,"Corvallis East, Linn County",810105,Corvallis East,2017-11-20 22:50:46.466135
2015-12-30,09:30,34.0,34.3,31.8,91.7,1.0,NE@6.6,9.6,41.8,0.0,87,"Corvallis East, Linn County",810105,Corvallis East,2017-11-20 22:50:46.466135
2015-12-30,09:45,34.9,35.3,32.0,89.0,0.06,NE@5.7,9.6,41.7,0.0,154,"Corvallis East, Linn County",810105,Corvallis East,2017-11-20 22:50:46.466135
2015-12-30,10:00,35.6,36.0,32.2,87.4,0.0,NE@5.6,9.2,41.7,0.0,225,"Corvallis East, Linn County",810105,Corvallis East,2017-11-20 22:50:46.466135
2015-12-30,10:15,36.0,36.5,31.9,84.7,0.0,NE@7.1,10.7,41.7,0.0,257,"Corvallis East, Linn County",810105,Corvallis East,2017-11-20 22:50:46.466135
2015-12-30,10:30,36.4,37.1,32.5,85.7,0.0,NE@5.7,9.9,41.6,0.0,274,"Corvallis East, Linn County",810105,Corvallis East,2017-11-20 22:50:46.466135
2015-12-30,10:45,36.8,37.8,32.7,84.9,0.0,NE@6.1,11.0,41.6,0.0,301,"Corvallis East, Linn County",810105,Corvallis East,2017-11-20 22:50:46.466135
2015-12-30,11:00,37.3,38.0,32.8,83.4,0.0,NE@6.4,10.3,41.6,0.0,320,"Corvallis East, Linn County",810105,Corvallis East,2017-11-20 22:50:46.466135
2015-12-30,11:15,38.0,39.3,32.9,81.6,0.0,N@6.5,11.4,41.5,0.0,336,"Corvallis East, Linn County",810105,Corvallis East,2017-11-20 22:50:46.466135
2015-12-30,11:30,38.2,39.3,33.0,81.3,0.0,N@8.2,11.4,41.5,0.0,342,"Corvallis East, Linn County",810105,Corvallis East,2017-11-20 22:50:46.466135
2015-12-30,11:45,38.6,39.9,33.2,80.7,0.0,N@7.8,11.4,41.5,0.0,357,"Corvallis East, Linn County",810105,Corvallis East,2017-11-20 22:50:46.466135
2015-12-30,12:00,38.9,40.4,33.0,79.1,0.0,N@8.2,11.0,41.5,0.0,357,"Corvallis East, Linn County",810105,Corvallis East,2017-11-20 22:50:46.466135
2015-12-30,12:15,39.3,40.9,33.0,77.8,0.0,N@8.1,11.0,41.4,0.0,371,"Corvallis East, Linn County",810105,Corvallis East,2017-11-20 22:50:46.466135
2015-12-30,12:30,39.8,41.7,33.0,76.2,0.0,N@7.0,10.3,41.4,0.0,372,"Corvallis East, Linn County",810105,Corvallis East,2017-11-20 22:50:46.466135
2015-12-30,12:45,40.4,41.7,33.5,76.2,0.0,NE@5.2,8.5,41.4,0.0,372,"Corvallis East, Linn County",810105,Corvallis East,2017-11-20 22:50:46.466135
2015-12-30,13:00,40.7,41.8,34.0,76.7,0.0,N@6.1,9.6,41.3,0.0,366,"Corvallis East, Linn County",810105,Corvallis East,2017-11-20 22:50:46.466135
2015-12-30,13:15,40.9,41.9,33.9,75.9,0.0,N@6.5,9.9,41.3,0.0,355,"Corvallis East, Linn County",810105,Corvallis East,2017-11-20 22:50:46.466135
2015-12-30,13:30,41.2,42.4,34.0,75.3,0.0,N@7.1,9.9,41.3,0.0,344,"Corvallis East, Linn County",810105,Corvallis East,2017-11-20 22:50:46.466135
2015-12-30,13:45,41.3,42.5,34.0,75.0,0.0,N@7.7,12.1,41.3,0.0,329,"Corvallis East, Linn County",810105,Corvallis East,2017-11-20 22:50:46.466135
2015-12-30,14:00,41.4,42.2,34.0,74.9,0.0,NE@7.3,11.4,41.3,0.0,312,"Corvallis East, Linn County",810105,Corvallis East,2017-11-20 22:50:46.466135
2015-12-30,14:15,41.4,42.1,34.2,75.4,0.0,NE@7.4,11.4,41.3,0.0,290,"Corvallis East, Linn County",810105,Corvallis East,2017-11-20 22:50:46.466135
2015-12-30,14:30,41.6,42.2,34.3,75.0,0.0,NE@7.4,13.9,41.3,0.0,269,"Corvallis East, Linn County",810105,Corvallis East,2017-11-20 22:50:46.466135
2015-12-30,14:45,41.5,42.3,34.1,74.9,0.0,NE@7.0,11.0,41.3,0.0,242,"Corvallis East, Linn County",810105,Corvallis East,2017-11-20 22:50:46.466135
2015-12-30,15:00,41.6,42.6,34.4,75.5,0.0,N@7.2,11.0,41.3,0.0,214,"Corvallis East, Linn County",810105,Corvallis East,2017-11-20 22:50:46.466135
2015-12-30,15:15,41.3,42.4,34.2,75.6,0.0,N@7.6,11.4,41.3,0.0,185,"Corvallis East, Linn County",810105,Corvallis East,2017-11-20 22:50:46.466135
2015-12-30,15:30,41.4,42.9,34.2,75.3,0.0,N@6.4,10.3,41.3,0.0,154,"Corvallis East, Linn County",810105,Corvallis East,2017-11-20 22:50:46.466135
2015-12-30,15:45,41.3,42.5,34.3,75.9,0.0,NE@3.6,6.0,41.3,0.0,125,"Corvallis East, Linn County",810105,Corvallis East,2017-11-20 22:50:46.466135
2015-12-30,16:00,41.0,42.5,33.6,74.8,0.0,N@5.7,8.2,41.4,0.0,89,"Corvallis East, Linn County",810105,Corvallis East,2017-11-20 22:50:46.466135
2015-12-30,16:15,40.4,41.6,33.5,76.3,0.0,N@4.8,6.7,41.4,0.0,53,"Corvallis East, Linn County",810105,Corvallis East,2017-11-20 22:50:46.466135
2015-12-30,16:30,39.5,40.7,33.2,77.9,0.0,N@3.2,5.3,41.4,0.0,23,"Corvallis East, Linn County",810105,Corvallis East,2017-11-20 22:50:46.466135
2015-12-30,16:45,38.5,38.6,32.7,79.2,0.0,N@1.3,4.2,41.4,0.0,7,"Corvallis East, Linn County",810105,Corvallis East,2017-11-20 22:50:46.466135
2015-12-30,17:00,37.7,37.5,32.3,80.4,0.0,N@0.0,0.0,41.4,0.0,2,"Corvallis East, Linn County",810105,Corvallis East,2017-11-20 22:50:46.466135
2015-12-30,17:15,37.6,37.1,32.2,80.6,0.0,N@0.0,0.0,41.5,0.0,0,"Corvallis East, Linn County",810105,Corvallis East,2017-11-20 22:50:46.466135
2015-12-30,17:30,36.3,35.9,32.0,84.0,0.0,N@0.0,0.0,41.5,0.0,0,"Corvallis East, Linn County",810105,Corvallis East,2017-11-20 22:50:46.466135
2015-12-30,17:45,35.3,35.2,32.0,87.6,0.0,N@0.0,0.0,41.5,0.0,0,"Corvallis East, Linn County",810105,Corvallis East,2017-11-20 22:50:46.466135
2015-12-30,18:00,34.6,34.2,31.0,86.8,0.1,N@0.0,0.0,41.5,0.0,0,"Corvallis East, Linn County",810105,Corvallis East,2017-11-20 22:50:46.466135
2015-12-30,18:15,33.0,33.0,30.6,90.8,1.0,N@0.0,0.0,41.6,0.0,0,"Corvallis East, Linn County",810105,Corvallis East,2017-11-20 22:50:46.466135
2015-12-30,18:30,33.1,32.8,31.0,92.1,1.0,N@0.0,0.0,41.6,0.0,0,"Corvallis East, Linn County",810105,Corvallis East,2017-11-20 22:50:46.466135
2015-12-30,18:45,32.7,32.5,31.0,93.6,1.0,SE@0.0,1.4,41.6,0.0,0,"Corvallis East, Linn County",810105,Corvallis East,2017-11-20 22:50:46.466135
2015-12-30,19:00,32.7,32.7,31.1,93.6,1.0,N@0.0,0.0,41.6,0.0,0,"Corvallis East, Linn County",810105,Corvallis East,2017-11-20 22:50:46.466135
2015-12-30,19:15,32.4,32.2,30.9,94.4,1.0,N@0.0,0.0,41.6,0.0,0,"Corvallis East, Linn County",810105,Corvallis East,2017-11-20 22:50:46.466135
2015-12-30,19:30,32.0,31.8,30.5,94.7,1.0,N@0.0,0.0,41.6,0.0,0,"Corvallis East, Linn County",810105,Corvallis East,2017-11-20 22:50:46.466135
2015-12-30,19:45,30.9,30.9,29.3,94.8,1.0,N@0.0,0.0,41.6,0.0,0,"Corvallis East, Linn County",810105,Corvallis East,2017-11-20 22:50:46.466135
2015-12-30,20:00,31.1,30.6,30.0,96.4,1.0,N@0.0,0.0,41.6,0.0,0,"Corvallis East, Linn County",810105,Corvallis East,2017-11-20 22:50:46.466135
2015-12-30,20:15,30.7,29.8,29.6,96.8,1.0,NE@0.0,1.4,41.7,0.0,0,"Corvallis East, Linn County",810105,Corvallis East,2017-11-20 22:50:46.466135
2015-12-30,20:30,31.3,31.3,30.5,97.5,1.0,N@0.0,0.0,41.7,0.0,0,"Corvallis East, Linn County",810105,Corvallis East,2017-11-20 22:50:46.466135
2015-12-30,20:45,31.9,32.2,30.0,93.2,1.0,NE@1.0,5.3,41.7,0.0,0,"Corvallis East, Linn County",810105,Corvallis East,2017-11-20 22:50:46.466135
2015-12-30,21:00,32.5,32.7,29.6,88.6,1.0,NE@3.5,4.6,41.6,0.0,0,"Corvallis East, Linn County",810105,Corvallis East,2017-11-20 22:50:46.466135
2015-12-30,21:15,33.2,33.4,29.2,84.9,1.0,NE@3.5,6.7,41.6,0.0,0,"Corvallis East, Linn County",810105,Corvallis East,2017-11-20 22:50:46.466135
2015-12-30,21:30,33.1,33.0,28.9,84.3,1.0,NE@1.6,6.7,41.6,0.0,0,"Corvallis East, Linn County",810105,Corvallis East,2017-11-20 22:50:46.466135
2015-12-30,21:45,33.0,33.0,28.7,84.0,0.31,NE@2.8,5.7,41.6,0.0,0,"Corvallis East, Linn County",810105,Corvallis East,2017-11-20 22:50:46.466135
2015-12-30,22:00,33.0,33.1,28.6,83.7,0.0,NE@2.5,5.3,41.6,0.0,0,"Corvallis East, Linn County",810105,Corvallis East,2017-11-20 22:50:46.466135
2015-12-30,22:15,32.6,32.6,28.4,84.4,0.0,NE@2.7,5.7,41.6,0.0,0,"Corvallis East, Linn County",810105,Corvallis East,2017-11-20 22:50:46.466135
2015-12-30,22:30,32.5,32.6,28.3,84.3,0.0,NE@2.5,4.9,41.5,0.0,0,"Corvallis East, Linn County",810105,Corvallis East,2017-11-20 22:50:46.466135
2015-12-30,22:45,32.3,32.4,28.0,84.0,0.0,NE@3.2,5.3,41.5,0.0,0,"Corvallis East, Linn County",810105,Corvallis East,2017-11-20 22:50:46.466135
2015-12-30,23:00,32.2,32.2,27.8,83.8,0.0,NE@2.0,5.7,41.5,0.0,0,"Corvallis East, Linn County",810105,Corvallis East,2017-11-20 22:50:46.466135
2015-12-30,23:15,32.1,32.0,27.6,83.3,0.0,NE@1.2,5.7,41.5,0.0,0,"Corvallis East, Linn County",810105,Corvallis East,2017-11-20 22:50:46.466135
2015-12-30,23:30,31.0,30.4,26.7,84.9,0.0,N@0.0,0.0,41.5,0.0,0,"Corvallis East, Linn County",810105,Corvallis East,2017-11-20 22:50:46.466135
2015-12-30,23:45,29.2,28.9,25.5,88.1,0.0,N@0.0,0.0,41.4,0.0,0,"Corvallis East, Linn County",810105,Corvallis East,2017-11-20 22:50:46.466135
2015-12-30,24:00,28.7,28.2,26.5,93.7,0.29,N@0.0,0.0,41.4,0.0,0,"Corvallis East, Linn County",810105,Corvallis East,2017-11-20 22:50:46.466135
2015-12-31,00:15,29.0,28.8,27.4,95.8,1.0,NE@0.1,4.2,41.4,0.0,0,"Corvallis East, Linn County",810105,Corvallis East,2017-11-20 22:50:46.466135
2015-12-31,00:30,30.2,30.3,27.5,91.1,0.22,NE@3.1,7.1,41.3,0.0,0,"Corvallis East, Linn County",810105,Corvallis East,2017-11-20 22:50:46.466135
2015-12-31,00:45,30.0,29.7,26.2,87.2,0.0,N@2.1,5.7,41.3,0.0,0,"Corvallis East, Linn County",810105,Corvallis East,2017-11-20 22:50:46.466135
2015-12-31,01:00,31.0,30.8,26.8,85.0,0.0,NE@2.5,6.7,41.3,0.0,0,"Corvallis East, Linn County",810105,Corvallis East,2017-11-20 22:50:46.466135
2015-12-31,01:15,30.9,30.5,26.4,84.4,0.0,NE@0.2,3.5,41.3,0.0,0,"Corvallis East, Linn County",810105,Corvallis East,2017-11-20 22:50:46.466135
2015-12-31,01:30,30.8,30.6,26.5,84.8,0.0,NE@0.3,3.5,41.2,0.0,0,"Corvallis East, Linn County",810105,Corvallis East,2017-11-20 22:50:46.466135
2015-12-31,01:45,30.6,30.6,26.1,84.3,0.0,N@0.0,0.0,41.2,0.0,0,"Corvallis East, Linn County",810105,Corvallis East,2017-11-20 22:50:46.466135
2015-12-31,02:00,30.0,29.9,25.8,85.4,0.0,N@0.0,0.0,41.2,0.0,0,"Corvallis East, Linn County",810105,Corvallis East,2017-11-20 22:50:46.466135
2015-12-31,02:15,28.4,28.2,24.5,87.3,0.0,N@0.0,0.0,41.1,0.0,0,"Corvallis East, Linn County",810105,Corvallis East,2017-11-20 22:50:46.466135
2015-12-31,02:30,27.1,27.1,24.0,90.9,0.0,N@0.0,0.0,41.1,0.0,0,"Corvallis East, Linn County",810105,Corvallis East,2017-11-20 22:50:46.466135
2015-12-31,02:45,27.1,27.1,24.7,93.6,0.0,N@0.0,0.0,41.1,0.0,0,"Corvallis East, Linn County",810105,Corvallis East,2017-11-20 22:50:46.466135
2015-12-31,03:00,26.6,26.6,24.1,93.7,0.04,N@0.0,0.0,41.1,0.0,0,"Corvallis East, Linn County",810105,Corvallis East,2017-11-20 22:50:46.466135
2015-12-31,03:15,26.3,26.8,24.3,95.4,1.0,N@0.0,0.0,41.0,0.0,0,"Corvallis East, Linn County",810105,Corvallis East,2017-11-20 22:50:46.466135
2015-12-31,03:30,26.1,26.5,24.2,96.4,1.0,N@0.0,0.0,41.0,0.0,0,"Corvallis East, Linn County",810105,Corvallis East,2017-11-20 22:50:46.466135
2015-12-31,03:45,26.6,26.6,25.0,97.1,1.0,N@0.0,0.0,41.0,0.0,0,"Corvallis East, Linn County",810105,Corvallis East,2017-11-20 22:50:46.466135
2015-12-31,04:00,26.7,26.7,25.2,97.5,1.0,N@0.0,0.0,40.9,0.0,0,"Corvallis East, Linn County",810105,Corvallis East,2017-11-20 22:50:46.466135
2015-12-31,04:15,25.9,25.9,24.2,97.1,1.0,N@0.0,0.0,40.9,0.0,0,"Corvallis East, Linn County",810105,Corvallis East,2017-11-20 22:50:46.466135
2015-12-31,04:30,26.3,26.5,24.8,97.4,1.0,N@0.0,1.7,40.9,0.0,0,"Corvallis East, Linn County",810105,Corvallis East,2017-11-20 22:50:46.466135
2015-12-31,04:45,26.5,26.7,24.8,96.5,0.98,N@0.2,4.2,40.9,0.0,0,"Corvallis East, Linn County",810105,Corvallis East,2017-11-20 22:50:46.466135
2015-12-31,05:00,26.4,26.5,24.2,94.8,0.09,N@0.0,0.0,40.8,0.0,0,"Corvallis East, Linn County",810105,Corvallis East,2017-11-20 22:50:46.466135
2015-12-31,05:15,26.3,26.3,24.0,94.4,0.33,N@0.0,0.0,40.8,0.0,0,"Corvallis East, Linn County",810105,Corvallis East,2017-11-20 22:50:46.466135
2015-12-31,05:30,25.7,25.9,23.4,94.5,0.26,N@0.0,0.0,40.8,0.0,0,"Corvallis East, Linn County",810105,Corvallis East,2017-11-20 22:50:46.466135
2015-12-31,05:45,25.7,25.9,23.6,95.3,0.84,N@0.0,0.0,40.8,0.0,0,"Corvallis East, Linn County",810105,Corvallis East,2017-11-20 22:50:46.466135
2015-12-31,06:00,25.7,26.0,23.8,96.3,1.0,N@0.0,0.0,40.7,0.0,0,"Corvallis East, Linn County",810105,Corvallis East,2017-11-20 22:50:46.466135
2015-12-31,06:15,25.1,25.1,23.1,96.4,1.0,N@0.0,0.0,40.7,0.0,0,"Corvallis East, Linn County",810105,Corvallis East,2017-11-20 22:50:46.466135
2015-12-31,06:30,24.5,24.7,22.6,96.9,1.0,N@0.0,0.0,40.7,0.0,0,"Corvallis East, Linn County",810105,Corvallis East,2017-11-20 22:50:46.466135
2015-12-31,06:45,25.6,25.6,24.1,97.8,1.0,NE@0.2,4.2,40.6,0.0,0,"Corvallis East, Linn County",810105,Corvallis East,2017-11-20 22:50:46.466135
2015-12-31,07:00,25.3,25.2,23.6,97.4,1.0,N@0.0,0.0,40.6,0.0,0,"Corvallis East, Linn County",810105,Corvallis East,2017-11-20 22:50:46.466135
2015-12-31,07:15,26.7,26.8,25.0,96.4,0.77,NE@2.3,6.0,40.6,0.0,0,"Corvallis East, Linn County",810105,Corvallis East,2017-11-20 22:50:46.466135
2015-12-31,07:30,29.3,29.5,25.3,86.6,0.0,NE@4.4,6.4,40.6,0.0,0,"Corvallis East, Linn County",810105,Corvallis East,2017-11-20 22:50:46.466135
2015-12-31,07:45,29.6,29.8,25.0,84.4,0.0,NE@5.4,9.6,40.5,0.0,2,"Corvallis East, Linn County",810105,Corvallis East,2017-11-20 22:50:46.466135
2015-12-31,08:00,29.9,30.1,25.0,83.1,0.0,NE@5.6,9.2,40.5,0.0,6,"Corvallis East, Linn County",810105,Corvallis East,2017-11-20 22:50:46.466135
2015-12-31,08:15,30.3,30.5,25.0,81.5,0.0,NE@5.8,8.9,40.5,0.0,18,"Corvallis East, Linn County",810105,Corvallis East,2017-11-20 22:50:46.466135
2015-12-31,08:30,30.2,30.3,25.1,82.6,0.0,NE@4.2,7.8,40.5,0.0,25,"Corvallis East, Linn County",810105,Corvallis East,2017-11-20 22:50:46.466135
2015-12-31,08:45,30.5,30.6,25.5,82.6,0.0,NE@2.5,6.0,40.4,0.0,26,"Corvallis East, Linn County",810105,Corvallis East,2017-11-20 22:50:46.466135
2015-12-31,09:00,31.4,31.6,25.8,80.4,0.0,NE@3.9,6.0,40.4,0.0,32,"Corvallis East, Linn County",810105,Corvallis East,2017-11-20 22:50:46.466135
2015-12-31,09:15,32.0,32.1,26.9,81.1,0.0,N@1.5,4.9,40.4,0.0,48,"Corvallis East, Linn County",810105,Corvallis East,2017-11-20 22:50:46.466135
2015-12-31,09:30,32.8,33.3,27.1,79.5,0.0,N@2.5,5.3,40.3,0.0,80,"Corvallis East, Linn County",810105,Corvallis East,2017-11-20 22:50:46.466135
2015-12-31,09:45,34.2,33.8,28.5,79.2,0.0,NW@2.2,4.9,40.3,0.0,151,"Corvallis East, Linn County",810105,Corvallis East,2017-11-20 22:50:46.466135
2015-12-31,10:00,35.1,34.6,27.9,74.6,0.0,NE@2.7,9.6,40.3,0.0,228,"Corvallis East, Linn County",810105,Corvallis East,2017-11-20 22:50:46.466135
2015-12-31,10:15,34.7,35.5,26.9,72.7,0.0,NE@6.8,9.9,40.3,0.0,262,"Corvallis East, Linn County",810105,Corvallis East,2017-11-20 22:50:46.466135
2015-12-31,10:30,35.0,35.9,26.8,71.9,0.0,N@10.2,17.5,40.3,0.0,286,"Corvallis East, Linn County",810105,Corvallis East,2017-11-20 22:50:46.466135
2015-12-31,10:45,35.5,36.4,27.2,71.5,0.0,N@8.5,15.7,40.2,0.0,308,"Corvallis East, Linn County",810105,Corvallis East,2017-11-20 22:50:46.466135
2015-12-31,11:00,36.2,37.3,27.2,69.7,0.0,N@8.8,13.9,40.2,0.0,327,"Corvallis East, Linn County",810105,Corvallis East,2017-11-20 22:50:46.466135
2015-12-31,11:15,36.9,38.1,27.3,67.9,0.0,N@9.0,14.2,40.2,0.0,343,"Corvallis East, Linn County",810105,Corvallis East,2017-11-20 22:50:46.466135
2015-12-31,11:30,37.4,38.2,27.2,66.4,0.0,N@9.5,15.3,40.2,0.0,357,"Corvallis East, Linn County",810105,Corvallis East,2017-11-20 22:50:46.466135
2015-12-31,11:45,37.7,38.5,27.8,67.3,0.0,N@10.0,16.7,40.1,0.0,368,"Corvallis East, Linn County",810105,Corvallis East,2017-11-20 22:50:46.466135
2015-12-31,12:00,38.1,39.2,27.7,65.7,0.0,N@10.7,16.7,40.1,0.0,375,"Corvallis East, Linn County",810105,Corvallis East,2017-11-20 22:50:46.466135
2015-12-31,12:15,38.5,39.5,27.5,64.2,0.0,N@11.0,15.3,40.1,0.0,379,"Corvallis East, Linn County",810105,Corvallis East,2017-11-20 22:50:46.466135
2015-12-31,12:30,39.3,40.3,27.8,63.3,0.0,N@10.2,15.3,40.1,0.0,380,"Corvallis East, Linn County",810105,Corvallis East,2017-11-20 22:50:46.466135
2015-12-31,12:45,39.7,40.6,27.9,62.4,0.0,N@11.3,17.8,40.0,0.0,378,"Corvallis East, Linn County",810105,Corvallis East,2017-11-20 22:50:46.466135
2015-12-31,13:00,39.7,40.6,27.8,61.9,0.0,N@13.0,20.3,40.0,0.0,372,"Corvallis East, Linn County",810105,Corvallis East,2017-11-20 22:50:46.466135
2015-12-31,13:15,40.1,41.1,28.0,61.6,0.0,N@12.4,17.8,40.0,0.0,363,"Corvallis East, Linn County",810105,Corvallis East,2017-11-20 22:50:46.466135
2015-12-31,13:30,40.6,41.6,28.5,61.7,0.0,N@11.8,16.0,40.0,0.0,351,"Corvallis East, Linn County",810105,Corvallis East,2017-11-20 22:50:46.466135
2015-12-31,13:45,41.3,42.4,28.7,60.6,0.0,N@11.8,18.2,39.9,0.0,336,"Corvallis East, Linn County",810105,Corvallis East,2017-11-20 22:50:46.466135
2015-12-31,14:00,41.5,42.5,28.3,58.9,0.0,N@12.8,19.2,39.9,0.0,318,"Corvallis East, Linn County",810105,Corvallis East,2017-11-20 22:50:46.466135
2015-12-31,14:15,41.4,42.2,28.4,59.4,0.0,N@12.8,19.2,39.9,0.0,297,"Corvallis East, Linn County",810105,Corvallis East,2017-11-20 22:50:46.466135
2015-12-31,14:30,41.2,42.0,28.3,59.7,0.0,N@12.5,19.2,39.9,0.0,275,"Corvallis East, Linn County",810105,Corvallis East,2017-11-20 22:50:46.466135
2015-12-31,14:45,41.3,42.3,27.9,58.6,0.0,N@12.2,17.1,39.9,0.0,250,"Corvallis East, Linn County",810105,Corvallis East,2017-11-20 22:50:46.466135
2015-12-31,15:00,41.2,42.7,27.5,57.9,0.0,N@11.7,17.5,39.8,0.0,223,"Corvallis East, Linn County",810105,Corvallis East,2017-11-20 22:50:46.466135
2015-12-31,15:15,41.1,42.3,27.7,58.7,0.0,N@10.7,16.4,39.8,0.0,193,"Corvallis East, Linn County",810105,Corvallis East,2017-11-20 22:50:46.466135
2015-12-31,15:30,40.8,42.0,27.5,58.7,0.0,N@10.4,15.7,39.8,0.0,163,"Corvallis East, Linn County",810105,Corvallis East,2017-11-20 22:50:46.466135
2015-12-31,15:45,40.3,41.5,27.3,59.5,0.0,N@11.3,16.7,39.8,0.0,132,"Corvallis East, Linn County",810105,Corvallis East,2017-11-20 22:50:46.466135
2015-12-31,16:00,39.2,40.3,26.7,60.6,0.0,N@12.4,17.1,39.8,0.0,96,"Corvallis East, Linn County",810105,Corvallis East,2017-11-20 22:50:46.466135
2015-12-31,16:15,38.5,39.4,26.4,61.5,0.0,N@11.7,19.2,39.8,0.0,58,"Corvallis East, Linn County",810105,Corvallis East,2017-11-20 22:50:46.466135
2015-12-31,16:30,37.7,38.5,26.2,62.7,0.0,N@10.2,14.6,39.7,0.0,28,"Corvallis East, Linn County",810105,Corvallis East,2017-11-20 22:50:46.466135
2015-12-31,16:45,37.1,37.3,25.9,63.6,0.0,N@9.9,13.5,39.7,0.0,8,"Corvallis East, Linn County",810105,Corvallis East,2017-11-20 22:50:46.466135
2015-12-31,17:00,36.3,36.4,26.0,65.9,0.0,N@9.7,15.0,39.7,0.0,2,"Corvallis East, Linn County",810105,Corvallis East,2017-11-20 22:50:46.466135
2015-12-31,17:15,36.2,36.4,25.7,65.4,0.0,N@10.8,16.4,39.7,0.0,0,"Corvallis East, Linn County",810105,Corvallis East,2017-11-20 22:50:46.466135
2015-12-31,17:30,36.3,36.4,25.4,64.2,0.0,N@12.1,17.8,39.7,0.0,0,"Corvallis East, Linn County",810105,Corvallis East,2017-11-20 22:50:46.466135
2015-12-31,17:45,36.0,36.1,25.2,64.4,0.0,N@12.1,18.5,39.7,0.0,0,"Corvallis East, Linn County",810105,Corvallis East,2017-11-20 22:50:46.466135
2015-12-31,18:00,35.5,35.6,25.2,65.9,0.0,N@10.1,15.3,39.7,0.0,0,"Corvallis East, Linn County",810105,Corvallis East,2017-11-20 22:50:46.466135
2015-12-31,18:15,34.9,35.1,25.4,67.8,0.0,N@10.2,13.9,39.7,0.0,0,"Corvallis East, Linn County",810105,Corvallis East,2017-11-20 22:50:46.466135
2015-12-31,18:30,34.6,34.7,25.3,68.5,0.0,N@10.3,15.3,39.7,0.0,0,"Corvallis East, Linn County",810105,Corvallis East,2017-11-20 22:50:46.466135
2015-12-31,18:45,34.4,34.6,25.1,68.4,0.0,N@11.2,14.6,39.7,0.0,0,"Corvallis East, Linn County",810105,Corvallis East,2017-11-20 22:50:46.466135
2015-12-31,19:00,34.0,34.1,25.0,69.4,0.0,N@9.4,15.3,39.7,0.0,0,"Corvallis East, Linn County",810105,Corvallis East,2017-11-20 22:50:46.466135
2015-12-31,19:15,34.0,34.1,24.7,68.5,0.0,N@11.5,16.4,39.7,0.0,0,"Corvallis East, Linn County",810105,Corvallis East,2017-11-20 22:50:46.466135
2015-12-31,19:30,33.7,33.9,24.4,68.4,0.0,N@12.1,18.2,39.7,0.0,0,"Corvallis East, Linn County",810105,Corvallis East,2017-11-20 22:50:46.466135
2015-12-31,19:45,33.6,33.7,24.2,68.1,0.0,N@11.6,15.7,39.7,0.0,0,"Corvallis East, Linn County",810105,Corvallis East,2017-11-20 22:50:46.466135
2015-12-31,20:00,33.3,33.5,24.2,68.9,0.0,N@10.9,17.1,39.7,0.0,0,"Corvallis East, Linn County",810105,Corvallis East,2017-11-20 22:50:46.466135
2015-12-31,20:15,33.0,33.2,24.0,69.2,0.0,N@11.2,17.1,39.7,0.0,0,"Corvallis East, Linn County",810105,Corvallis East,2017-11-20 22:50:46.466135
2015-12-31,20:30,32.8,33.0,24.0,69.7,0.0,N@11.2,17.5,39.7,0.0,0,"Corvallis East, Linn County",810105,Corvallis East,2017-11-20 22:50:46.466135
2015-12-31,20:45,32.6,32.8,23.8,69.6,0.0,N@11.5,16.4,39.7,0.0,0,"Corvallis East, Linn County",810105,Corvallis East,2017-11-20 22:50:46.466135
2015-12-31,21:00,32.8,32.9,23.4,68.2,0.0,N@11.2,16.0,39.7,0.0,0,"Corvallis East, Linn County",810105,Corvallis East,2017-11-20 22:50:46.466135
2015-12-31,21:15,32.5,32.5,23.3,68.6,0.0,N@8.5,13.2,39.7,0.0,0,"Corvallis East, Linn County",810105,Corvallis East,2017-11-20 22:50:46.466135
2015-12-31,21:30,32.4,32.5,23.2,68.4,0.0,N@9.9,17.1,39.7,0.0,0,"Corvallis East, Linn County",810105,Corvallis East,2017-11-20 22:50:46.466135
2015-12-31,21:45,32.1,32.2,23.2,69.4,0.0,N@9.9,13.9,39.7,0.0,0,"Corvallis East, Linn County",810105,Corvallis East,2017-11-20 22:50:46.466135
2015-12-31,22:00,31.8,31.9,23.1,70.3,0.0,N@9.3,13.9,39.7,0.0,0,"Corvallis East, Linn County",810105,Corvallis East,2017-11-20 22:50:46.466135
2015-12-31,22:15,31.7,31.8,22.9,70.2,0.0,N@9.2,13.2,39.6,0.0,0,"Corvallis East, Linn County",810105,Corvallis East,2017-11-20 22:50:46.466135
2015-12-31,22:30,31.6,31.7,22.8,70.1,0.0,N@9.4,13.5,39.6,0.0,0,"Corvallis East, Linn County",810105,Corvallis East,2017-11-20 22:50:46.466135
2015-12-31,22:45,31.3,31.5,22.8,71.0,0.0,N@8.0,12.8,39.6,0.0,0,"Corvallis East, Linn County",810105,Corvallis East,2017-11-20 22:50:46.466135
2015-12-31,23:00,31.3,31.5,22.7,70.7,0.0,N@10.4,15.3,39.6,0.0,0,"Corvallis East, Linn County",810105,Corvallis East,2017-11-20 22:50:46.466135
2015-12-31,23:15,31.1,31.3,22.6,71.2,0.0,N@10.5,18.9,39.6,0.0,0,"Corvallis East, Linn County",810105,Corvallis East,2017-11-20 22:50:46.466135
2015-12-31,23:30,31.2,31.4,22.5,70.4,0.0,NE@9.5,13.9,39.6,0.0,0,"Corvallis East, Linn County",810105,Corvallis East,2017-11-20 22:50:46.466135
2015-12-31,23:45,31.0,31.2,22.4,70.7,0.0,N@9.9,15.7,39.6,0.0,0,"Corvallis East, Linn County",810105,Corvallis East,2017-11-20 22:50:46.466135
2015-12-31,24:00,31.0,31.2,22.3,70.5,0.0,N@10.5,14.2,39.6,0.0,0,"Corvallis East, Linn County",810105,Corvallis East,2017-11-20 22:50:46.466135
2016-01-01,00:15,31.2,31.4,22.2,69.3,0.0,N@10.5,16.7,39.6,0.0,0,"Corvallis East, Linn County",810105,Corvallis East,2017-11-20 22:50:46.466135
2016-01-01,00:30,31.2,31.4,22.0,69.0,0.0,N@10.0,16.0,39.5,0.0,0,"Corvallis East, Linn County",810105,Corvallis East,2017-11-20 22:50:46.466135
2016-01-01,00:45,31.2,31.4,22.0,69.0,0.0,N@10.3,15.0,39.5,0.0,0,"Corvallis East, Linn County",810105,Corvallis East,2017-11-20 22:50:46.466135
2016-01-01,01:00,31.3,31.5,21.8,68.1,0.0,N@10.6,16.0,39.5,0.0,0,"Corvallis East, Linn County",810105,Corvallis East,2017-11-20 22:50:46.466135
2016-01-01,01:15,31.3,31.5,21.7,67.8,0.0,N@9.1,13.5,39.5,0.0,0,"Corvallis East, Linn County",810105,Corvallis East,2017-11-20 22:50:46.466135
2016-01-01,01:30,31.1,31.2,21.5,67.8,0.0,N@8.0,11.7,39.5,0.0,0,"Corvallis East, Linn County",810105,Corvallis East,2017-11-20 22:50:46.466135
2016-01-01,01:45,31.1,31.1,21.4,67.5,0.0,N@7.4,11.4,39.5,0.0,0,"Corvallis East, Linn County",810105,Corvallis East,2017-11-20 22:50:46.466135
2016-01-01,02:00,31.1,31.2,21.3,67.5,0.0,N@8.3,14.6,39.5,0.0,0,"Corvallis East, Linn County",810105,Corvallis East,2017-11-20 22:50:46.466135
2016-01-01,02:15,31.4,31.5,21.3,66.4,0.0,N@9.7,13.9,39.4,0.0,0,"Corvallis East, Linn County",810105,Corvallis East,2017-11-20 22:50:46.466135
2016-01-01,02:30,31.1,31.4,21.3,67.1,0.0,N@11.5,16.0,39.4,0.0,0,"Corvallis East, Linn County",810105,Corvallis East,2017-11-20 22:50:46.466135
2016-01-01,02:45,31.3,31.5,21.1,66.1,0.0,N@11.9,16.7,39.4,0.0,0,"Corvallis East, Linn County",810105,Corvallis East,2017-11-20 22:50:46.466135
2016-01-01,03:00,31.3,31.5,21.0,65.7,0.0,N@11.0,16.0,39.4,0.0,0,"Corvallis East, Linn County",810105,Corvallis East,2017-11-20 22:50:46.466135
2016-01-01,03:15,31.4,31.5,20.9,65.2,0.0,N@13.1,18.5,39.4,0.0,0,"Corvallis East, Linn County",810105,Corvallis East,2017-11-20 22:50:46.466135
2016-01-01,03:30,31.0,31.2,20.9,66.5,0.0,N@11.2,17.5,39.4,0.0,0,"Corvallis East, Linn County",810105,Corvallis East,2017-11-20 22:50:46.466135
2016-01-01,03:45,31.1,31.2,20.7,65.7,0.0,N@11.1,17.8,39.3,0.0,0,"Corvallis East, Linn County",810105,Corvallis East,2017-11-20 22:50:46.466135
2016-01-01,04:00,31.1,31.2,20.5,65.1,0.0,N@11.0,16.4,39.3,0.0,0,"Corvallis East, Linn County",810105,Corvallis East,2017-11-20 22:50:46.466135
2016-01-01,04:15,30.9,31.1,20.5,65.4,0.0,N@11.4,16.4,39.3,0.0,0,"Corvallis East, Linn County",810105,Corvallis East,2017-11-20 22:50:46.466135
2016-01-01,04:30,30.7,30.8,20.4,66.1,0.0,N@11.1,16.0,39.3,0.0,0,"Corvallis East, Linn County",810105,Corvallis East,2017-11-20 22:50:46.466135
2016-01-01,04:45,30.8,30.9,20.2,65.2,0.0,N@12.6,17.5,39.3,0.0,0,"Corvallis East, Linn County",810105,Corvallis East,2017-11-20 22:50:46.466135
2016-01-01,05:00,31.0,31.0,20.1,64.4,0.0,N@12.1,17.1,39.3,0.0,0,"Corvallis East, Linn County",810105,Corvallis East,2017-11-20 22:50:46.466135
2016-01-01,05:15,30.8,30.9,20.1,64.9,0.0,N@11.0,16.7,39.2,0.0,0,"Corvallis East, Linn County",810105,Corvallis East,2017-11-20 22:50:46.466135
2016-01-01,05:30,30.6,30.8,19.9,65.0,0.0,N@10.0,15.3,39.2,0.0,0,"Corvallis East, Linn County",810105,Corvallis East,2017-11-20 22:50:46.466135
2016-01-01,05:45,30.6,30.7,19.9,64.8,0.0,N@9.0,12.8,39.2,0.0,0,"Corvallis East, Linn County",810105,Corvallis East,2017-11-20 22:50:46.466135
2016-01-01,06:00,30.5,30.7,19.9,65.1,0.0,N@9.8,17.1,39.2,0.0,0,"Corvallis East, Linn County",810105,Corvallis East,2017-11-20 22:50:46.466135
2016-01-01,06:15,30.5,30.6,19.8,65.0,0.0,N@11.0,16.4,39.2,0.0,0,"Corvallis East, Linn County",810105,Corvallis East,2017-11-20 22:50:46.466135
2016-01-01,06:30,30.3,30.4,19.7,65.5,0.0,N@9.8,15.0,39.2,0.0,0,"Corvallis East, Linn County",810105,Corvallis East,2017-11-20 22:50:46.466135
2016-01-01,06:45,30.4,30.5,19.5,64.4,0.0,N@11.9,18.2,39.1,0.0,0,"Corvallis East, Linn County",810105,Corvallis East,2017-11-20 22:50:46.466135
2016-01-01,07:00,30.3,30.4,19.4,64.4,0.0,N@10.8,17.1,39.1,0.0,0,"Corvallis East, Linn County",810105,Corvallis East,2017-11-20 22:50:46.466135
2016-01-01,07:15,30.2,30.4,19.4,64.6,0.0,N@11.5,16.7,39.1,0.0,0,"Corvallis East, Linn County",810105,Corvallis East,2017-11-20 22:50:46.466135
2016-01-01,07:30,30.1,30.3,19.4,64.9,0.0,N@11.8,16.4,39.1,0.0,0,"Corvallis East, Linn County",810105,Corvallis East,2017-11-20 22:50:46.466135
2016-01-01,07:45,30.1,30.3,19.3,64.8,0.0,N@9.1,15.7,39.1,0.0,2,"Corvallis East, Linn County",810105,Corvallis East,2017-11-20 22:50:46.466135
2016-01-01,08:00,29.9,30.1,19.2,65.1,0.0,N@10.0,15.3,39.0,0.0,6,"Corvallis East, Linn County",810105,Corvallis East,2017-11-20 22:50:46.466135
2016-01-01,08:15,30.2,30.6,19.1,64.0,0.0,N@12.2,16.7,39.0,0.0,14,"Corvallis East, Linn County",810105,Corvallis East,2017-11-20 22:50:46.466135
2016-01-01,08:30,30.4,30.7,19.1,63.3,0.0,N@12.6,20.7,39.0,0.0,21,"Corvallis East, Linn County",810105,Corvallis East,2017-11-20 22:50:46.466135
2016-01-01,08:45,30.7,30.9,19.4,63.3,0.0,N@11.3,18.5,39.0,0.0,25,"Corvallis East, Linn County",810105,Corvallis East,2017-11-20 22:50:46.466135
2016-01-01,09:00,31.0,31.3,19.6,62.9,0.0,N@11.3,17.8,39.0,0.0,31,"Corvallis East, Linn County",810105,Corvallis East,2017-11-20 22:50:46.466135
2016-01-01,09:15,31.6,32.0,19.6,61.3,0.0,N@11.7,17.1,39.0,0.0,47,"Corvallis East, Linn County",810105,Corvallis East,2017-11-20 22:50:46.466135
2016-01-01,09:30,32.1,32.6,20.2,61.0,0.0,N@10.5,16.0,38.9,0.0,77,"Corvallis East, Linn County",810105,Corvallis East,2017-11-20 22:50:46.466135
2016-01-01,09:45,32.6,33.4,20.3,60.2,0.0,N@11.9,19.6,38.9,0.0,145,"Corvallis East, Linn County",810105,Corvallis East,2017-11-20 22:50:46.466135
2016-01-01,10:00,33.2,34.2,20.3,58.7,0.0,N@12.4,17.5,38.9,0.0,226,"Corvallis East, Linn County",810105,Corvallis East,2017-11-20 22:50:46.466135
2016-01-01,10:15,33.9,35.0,20.6,57.8,0.0,N@12.1,19.6,38.9,0.0,265,"Corvallis East, Linn County",810105,Corvallis East,2017-11-20 22:50:46.466135
2016-01-01,10:30,34.5,35.5,21.0,57.3,0.0,N@11.8,16.7,38.9,0.0,290,"Corvallis East, Linn County",810105,Corvallis East,2017-11-20 22:50:46.466135
2016-01-01,10:45,34.8,35.8,21.2,57.0,0.0,N@11.5,18.5,38.9,0.0,312,"Corvallis East, Linn County",810105,Corvallis East,2017-11-20 22:50:46.466135
2016-01-01,11:00,35.1,36.1,20.9,55.8,0.0,N@13.0,19.2,38.9,0.0,331,"Corvallis East, Linn County",810105,Corvallis East,2017-11-20 22:50:46.466135
2016-01-01,11:15,35.4,36.4,21.2,55.9,0.0,N@13.8,19.6,38.8,0.0,347,"Corvallis East, Linn County",810105,Corvallis East,2017-11-20 22:50:46.466135
2016-01-01,11:30,36.0,37.1,21.5,55.1,0.0,N@12.4,17.8,38.8,0.0,361,"Corvallis East, Linn County",810105,Corvallis East,2017-11-20 22:50:46.466135
2016-01-01,11:45,36.5,37.5,21.5,54.1,0.0,N@13.8,21.0,38.8,0.0,372,"Corvallis East, Linn County",810105,Corvallis East,2017-11-20 22:50:46.466135
2016-01-01,12:00,36.7,37.6,21.6,53.9,0.0,N@14.2,19.6,38.8,0.0,380,"Corvallis East, Linn County",810105,Corvallis East,2017-11-20 22:50:46.466135
2016-01-01,12:15,37.2,38.0,22.0,53.9,0.0,N@13.8,20.3,38.8,0.0,384,"Corvallis East, Linn County",810105,Corvallis East,2017-11-20 22:50:46.466135
2016-01-01,12:30,37.7,38.4,22.2,53.4,0.0,N@13.7,20.0,38.8,0.0,385,"Corvallis East, Linn County",810105,Corvallis East,2017-11-20 22:50:46.466135
2016-01-01,12:45,38.1,38.8,22.6,53.4,0.0,N@13.4,20.3,38.7,0.0,383,"Corvallis East, Linn County",810105,Corvallis East,2017-11-20 22:50:46.466135
2016-01-01,13:00,38.5,39.3,22.9,53.1,0.0,N@14.0,20.7,38.7,0.0,377,"Corvallis East, Linn County",810105,Corvallis East,2017-11-20 22:50:46.466135
2016-01-01,13:15,38.8,39.7,22.9,52.5,0.0,N@13.4,19.2,38.7,0.0,369,"Corvallis East, Linn County",810105,Corvallis East,2017-11-20 22:50:46.466135
2016-01-01,13:30,39.1,39.9,23.3,52.7,0.0,N@12.4,19.2,38.7,0.0,357,"Corvallis East, Linn County",810105,Corvallis East,2017-11-20 22:50:46.466135
2016-01-01,13:45,39.5,40.3,23.0,51.3,0.0,N@12.4,18.9,38.7,0.0,342,"Corvallis East, Linn County",810105,Corvallis East,2017-11-20 22:50:46.466135
2016-01-01,14:00,39.8,40.5,23.4,51.6,0.0,N@11.7,18.2,38.7,0.0,325,"Corvallis East, Linn County",810105,Corvallis East,2017-11-20 22:50:46.466135
2016-01-01,14:15,40.0,40.6,23.6,51.6,0.0,N@11.9,17.1,38.7,0.0,304,"Corvallis East, Linn County",810105,Corvallis East,2017-11-20 22:50:46.466135
2016-01-01,14:30,40.1,40.9,22.9,49.9,0.0,N@13.0,19.2,38.7,0.0,280,"Corvallis East, Linn County",810105,Corvallis East,2017-11-20 22:50:46.466135
2016-01-01,14:45,40.5,41.6,22.6,48.4,0.0,N@11.5,18.9,38.6,0.0,255,"Corvallis East, Linn County",810105,Corvallis East,2017-11-20 22:50:46.466135
2016-01-01,15:00,40.5,41.5,22.6,48.4,0.0,N@12.6,17.1,38.6,0.0,228,"Corvallis East, Linn County",810105,Corvallis East,2017-11-20 22:50:46.466135
2016-01-01,15:15,40.6,41.6,22.4,47.9,0.0,N@12.3,17.8,38.6,0.0,199,"Corvallis East, Linn County",810105,Corvallis East,2017-11-20 22:50:46.466135
2016-01-01,15:30,40.3,41.4,22.1,47.9,0.0,N@11.7,17.8,38.6,0.0,168,"Corvallis East, Linn County",810105,Corvallis East,2017-11-20 22:50:46.466135
2016-01-01,15:45,39.9,41.2,22.1,48.6,0.0,N@9.6,15.0,38.6,0.0,137,"Corvallis East, Linn County",810105,Corvallis East,2017-11-20 22:50:46.466135
2016-01-01,16:00,39.4,40.4,22.0,49.3,0.0,N@10.6,15.7,38.6,0.0,100,"Corvallis East, Linn County",810105,Corvallis East,2017-11-20 22:50:46.466135
2016-01-01,16:15,38.7,39.5,21.8,50.3,0.0,N@9.9,14.6,38.6,0.0,61,"Corvallis East, Linn County",810105,Corvallis East,2017-11-20 22:50:46.466135
2016-01-01,16:30,38.1,38.7,21.5,50.9,0.0,N@9.8,15.0,38.5,0.0,29,"Corvallis East, Linn County",810105,Corvallis East,2017-11-20 22:50:46.466135
2016-01-01,16:45,37.5,37.7,21.5,52.2,0.0,N@9.0,15.0,38.5,0.0,8,"Corvallis East, Linn County",810105,Corvallis East,2017-11-20 22:50:46.466135
2016-01-01,17:00,37.0,37.2,21.4,52.7,0.0,N@9.0,15.0,38.5,0.0,3,"Corvallis East, Linn County",810105,Corvallis East,2017-11-20 22:50:46.466135
2016-01-01,17:15,36.4,36.6,21.4,54.2,0.0,N@8.4,13.2,38.5,0.0,0,"Corvallis East, Linn County",810105,Corvallis East,2017-11-20 22:50:46.466135
2016-01-01,17:30,36.2,36.4,21.2,54.1,0.0,NE@6.8,11.4,38.5,0.0,0,"Corvallis East, Linn County",810105,Corvallis East,2017-11-20 22:50:46.466135
2016-01-01,17:45,35.7,35.9,21.1,54.8,0.0,N@8.8,15.7,38.5,0.0,0,"Corvallis East, Linn County",810105,Corvallis East,2017-11-20 22:50:46.466135
2016-01-01,18:00,35.3,35.5,20.8,55.1,0.0,N@8.0,12.1,38.5,0.0,0,"Corvallis East, Linn County",810105,Corvallis East,2017-11-20 22:50:46.466135
2016-01-01,18:15,35.0,35.1,20.6,55.3,0.0,N@10.0,16.0,38.5,0.0,0,"Corvallis East, Linn County",810105,Corvallis East,2017-11-20 22:50:46.466135
2016-01-01,18:30,34.7,34.9,20.6,56.0,0.0,N@11.5,16.4,38.5,0.0,0,"Corvallis East, Linn County",810105,Corvallis East,2017-11-20 22:50:46.466135
2016-01-01,18:45,34.1,34.3,21.1,58.6,0.0,NE@8.0,13.9,38.5,0.0,0,"Corvallis East, Linn County",810105,Corvallis East,2017-11-20 22:50:46.466135
2016-01-01,19:00,33.6,33.7,20.6,58.4,0.0,N@6.3,9.6,38.5,0.0,0,"Corvallis East, Linn County",810105,Corvallis East,2017-11-20 22:50:46.466135
2016-01-01,19:15,33.4,33.3,20.3,58.2,0.0,N@5.1,8.2,38.5,0.0,0,"Corvallis East, Linn County",810105,Corvallis East,2017-11-20 22:50:46.466135
2016-01-01,19:30,33.2,33.1,20.1,58.1,0.0,N@7.5,11.0,38.4,0.0,0,"Corvallis East, Linn County",810105,Corvallis East,2017-11-20 22:50:46.466135
2016-01-01,19:45,32.4,32.4,20.4,60.9,0.0,N@6.6,8.9,38.4,0.0,0,"Corvallis East, Linn County",810105,Corvallis East,2017-11-20 22:50:46.466135
2016-01-01,20:00,31.7,31.5,20.4,63.1,0.0,N@2.0,7.1,38.4,0.0,0,"Corvallis East, Linn County",810105,Corvallis East,2017-11-20 22:50:46.466135
2016-01-01,20:15,30.8,30.5,20.0,64.6,0.0,N@0.1,2.8,38.4,0.0,0,"Corvallis East, Linn County",810105,Corvallis East,2017-11-20 22:50:46.466135
2016-01-01,20:30,30.9,30.4,20.2,64.8,0.0,N@3.9,6.4,38.4,0.0,0,"Corvallis East, Linn County",810105,Corvallis East,2017-11-20 22:50:46.466135
2016-01-01,20:45,30.6,30.5,20.0,65.0,0.0,N@4.8,8.2,38.4,0.0,0,"Corvallis East, Linn County",810105,Corvallis East,2017-11-20 22:50:46.466135
2016-01-01,21:00,30.9,30.9,19.6,63.2,0.0,N@7.1,10.7,38.4,0.0,0,"Corvallis East, Linn County",810105,Corvallis East,2017-11-20 22:50:46.466135
2016-01-01,21:15,30.6,30.5,19.3,63.4,0.0,N@6.0,8.5,38.4,0.0,0,"Corvallis East, Linn County",810105,Corvallis East,2017-11-20 22:50:46.466135
2016-01-01,21:30,30.4,30.3,19.3,63.9,0.0,N@6.1,10.7,38.4,0.0,0,"Corvallis East, Linn County",810105,Corvallis East,2017-11-20 22:50:46.466135
2016-01-01,21:45,30.8,31.0,19.0,61.8,0.0,N@10.0,16.4,38.4,0.0,0,"Corvallis East, Linn County",810105,Corvallis East,2017-11-20 22:50:46.466135
2016-01-01,22:00,30.9,31.1,18.8,61.1,0.0,N@10.1,15.7,38.4,0.0,0,"Corvallis East, Linn County",810105,Corvallis East,2017-11-20 22:50:46.466135
2016-01-01,22:15,30.8,30.9,18.6,60.8,0.0,N@10.1,16.4,38.4,0.0,0,"Corvallis East, Linn County",810105,Corvallis East,2017-11-20 22:50:46.466135
2016-01-01,22:30,30.4,30.5,18.5,61.7,0.0,N@8.8,12.1,38.4,0.0,0,"Corvallis East, Linn County",810105,Corvallis East,2017-11-20 22:50:46.466135
2016-01-01,22:45,30.3,30.4,18.5,62.1,0.0,N@7.2,14.2,38.4,0.0,0,"Corvallis East, Linn County",810105,Corvallis East,2017-11-20 22:50:46.466135
2016-01-01,23:00,30.0,30.1,18.4,62.7,0.0,N@6.8,12.1,38.4,0.0,0,"Corvallis East, Linn County",810105,Corvallis East,2017-11-20 22:50:46.466135
2016-01-01,23:15,30.0,30.0,18.3,62.3,0.0,N@7.0,11.0,38.4,0.0,0,"Corvallis East, Linn County",810105,Corvallis East,2017-11-20 22:50:46.466135
2016-01-01,23:30,29.6,29.7,18.4,63.8,0.0,N@7.0,9.6,38.4,0.0,0,"Corvallis East, Linn County",810105,Corvallis East,2017-11-20 22:50:46.466135
2016-01-01,23:45,29.5,29.5,18.2,63.3,0.0,N@4.8,8.5,38.3,0.0,0,"Corvallis East, Linn County",810105,Corvallis East,2017-11-20 22:50:46.466135
2016-01-01,24:00,28.7,28.2,18.1,65.7,0.0,N@3.4,5.7,38.3,0.0,0,"Corvallis East, Linn County",810105,Corvallis East,2017-11-20 22:50:46.466135
2016-01-02,00:15,28.5,28.0,18.1,66.4,0.0,N@1.3,4.9,38.3,0.0,0,"Corvallis East, Linn County",810105,Corvallis East,2017-11-20 22:50:46.466135
2016-01-02,00:30,26.9,26.8,18.2,71.7,0.0,N@0.0,0.0,38.3,0.0,0,"Corvallis East, Linn County",810105,Corvallis East,2017-11-20 22:50:46.466135
2016-01-02,00:45,25.8,25.5,19.0,78.3,0.0,N@0.0,0.0,38.3,0.0,0,"Corvallis East, Linn County",810105,Corvallis East,2017-11-20 22:50:46.466135
2016-01-02,01:00,24.8,24.9,19.0,82.2,0.0,SW@0.0,2.4,38.3,0.0,0,"Corvallis East, Linn County",810105,Corvallis East,2017-11-20 22:50:46.466135
2016-01-02,01:15,23.9,24.1,19.2,86.1,0.0,SW@1.6,4.2,38.3,0.0,0,"Corvallis East, Linn County",810105,Corvallis East,2017-11-20 22:50:46.466135
2016-01-02,01:30,24.0,23.9,19.2,85.8,0.0,N@0.0,0.0,38.3,0.0,0,"Corvallis East, Linn County",810105,Corvallis East,2017-11-20 22:50:46.466135
2016-01-02,01:45,23.4,23.4,19.2,88.4,0.0,N@0.0,0.0,38.3,0.0,0,"Corvallis East, Linn County",810105,Corvallis East,2017-11-20 22:50:46.466135
2016-01-02,02:00,22.9,22.7,18.8,89.0,0.0,N@0.0,0.0,38.3,0.0,0,"Corvallis East, Linn County",810105,Corvallis East,2017-11-20 22:50:46.466135
2016-01-02,02:15,22.8,21.9,19.0,90.0,0.0,N@0.0,0.0,38.2,0.0,0,"Corvallis East, Linn County",810105,Corvallis East,2017-11-20 22:50:46.466135
2016-01-02,02:30,22.3,22.9,18.8,91.4,0.0,N@0.0,0.0,38.2,0.0,0,"Corvallis East, Linn County",810105,Corvallis East,2017-11-20 22:50:46.466135
2016-01-02,02:45,22.8,22.9,19.5,92.1,0.0,N@0.0,0.0,38.2,0.0,0,"Corvallis East, Linn County",810105,Corvallis East,2017-11-20 22:50:46.466135
2016-01-02,03:00,22.8,22.9,19.6,92.2,0.0,N@0.0,0.0,38.2,0.0,0,"Corvallis East, Linn County",810105,Corvallis East,2017-11-20 22:50:46.466135
2016-01-02,03:15,22.5,22.8,19.2,92.1,0.0,N@0.0,0.0,38.2,0.0,0,"Corvallis East, Linn County",810105,Corvallis East,2017-11-20 22:50:46.466135
2016-01-02,03:30,22.1,22.2,19.0,93.1,0.0,N@0.0,0.0,38.2,0.0,0,"Corvallis East, Linn County",810105,Corvallis East,2017-11-20 22:50:46.466135
2016-01-02,03:45,22.2,22.1,19.1,93.4,0.0,N@0.0,0.0,38.2,0.0,0,"Corvallis East, Linn County",810105,Corvallis East,2017-11-20 22:50:46.466135
2016-01-02,04:00,21.7,21.8,18.4,92.8,0.0,SW@0.5,4.6,38.2,0.0,0,"Corvallis East, Linn County",810105,Corvallis East,2017-11-20 22:50:46.466135
2016-01-02,04:15,21.4,21.6,18.5,93.9,0.0,S@0.2,3.5,38.2,0.0,0,"Corvallis East, Linn County",810105,Corvallis East,2017-11-20 22:50:46.466135
2016-01-02,04:30,22.2,22.7,19.2,93.6,0.0,SE@0.1,3.1,38.1,0.0,0,"Corvallis East, Linn County",810105,Corvallis East,2017-11-20 22:50:46.466135
2016-01-02,04:45,21.6,21.6,18.6,94.0,0.01,N@0.0,0.0,38.1,0.0,0,"Corvallis East, Linn County",810105,Corvallis East,2017-11-20 22:50:46.466135
2016-01-02,05:00,20.4,20.4,17.3,93.7,0.0,N@0.0,0.0,38.1,0.0,0,"Corvallis East, Linn County",810105,Corvallis East,2017-11-20 22:50:46.466135
2016-01-02,05:15,20.8,20.8,18.2,95.4,0.73,N@0.0,0.0,38.1,0.0,0,"Corvallis East, Linn County",810105,Corvallis East,2017-11-20 22:50:46.466135
2016-01-02,05:30,21.1,21.2,18.2,94.6,0.04,N@0.0,0.0,38.1,0.0,0,"Corvallis East, Linn County",810105,Corvallis East,2017-11-20 22:50:46.466135
2016-01-02,05:45,20.4,20.5,17.4,94.4,0.0,N@0.0,0.0,38.1,0.0,0,"Corvallis East, Linn County",810105,Corvallis East,2017-11-20 22:50:46.466135
2016-01-02,06:00,20.2,20.1,17.3,94.6,0.25,N@0.0,0.0,38.1,0.0,0,"Corvallis East, Linn County",810105,Corvallis East,2017-11-20 22:50:46.466135
2016-01-02,06:15,20.0,19.9,17.2,94.9,0.47,N@0.0,0.0,38.1,0.0,0,"Corvallis East, Linn County",810105,Corvallis East,2017-11-20 22:50:46.466135
2016-01-02,06:30,19.7,19.6,16.8,94.6,0.22,N@0.0,0.0,38.1,0.0,0,"Corvallis East, Linn County",810105,Corvallis East,2017-11-20 22:50:46.466135
2016-01-02,06:45,18.7,18.9,15.6,94.4,0.11,N@0.0,0.0,38.0,0.0,0,"Corvallis East, Linn County",810105,Corvallis East,2017-11-20 22:50:46.466135
2016-01-02,07:00,19.7,19.7,17.0,95.6,1.0,N@0.0,0.0,38.0,0.0,0,"Corvallis East, Linn County",810105,Corvallis East,2017-11-20 22:50:46.466135
2016-01-02,07:15,19.1,19.4,16.1,94.7,0.06,N@0.0,0.0,38.0,0.0,0,"Corvallis East, Linn County",810105,Corvallis East,2017-11-20 22:50:46.466135
2016-01-02,07:30,18.7,18.9,15.8,95.2,0.61,N@0.0,0.0,38.0,0.0,0,"Corvallis East, Linn County",810105,Corvallis East,2017-11-20 22:50:46.466135
2016-01-02,07:45,19.8,20.0,17.2,95.9,1.0,N@0.0,0.0,38.0,0.0,2,"Corvallis East, Linn County",810105,Corvallis East,2017-11-20 22:50:46.466135
2016-01-02,08:00,20.6,20.8,17.9,95.2,0.78,N@0.0,0.0,38.0,0.0,6,"Corvallis East, Linn County",810105,Corvallis East,2017-11-20 22:50:46.466135
2016-01-02,08:15,20.4,20.2,17.4,93.9,0.0,N@0.0,0.0,38.0,0.0,15,"Corvallis East, Linn County",810105,Corvallis East,2017-11-20 22:50:46.466135
2016-01-02,08:30,21.1,21.1,17.7,92.2,0.0,N@0.0,0.0,38.0,0.0,24,"Corvallis East, Linn County",810105,Corvallis East,2017-11-20 22:50:46.466135
2016-01-02,08:45,21.8,21.8,18.5,92.5,0.0,N@0.0,0.0,37.9,0.0,30,"Corvallis East, Linn County",810105,Corvallis East,2017-11-20 22:50:46.466135
2016-01-02,09:00,23.1,23.4,20.3,94.0,0.0,N@0.0,0.0,37.9,0.0,35,"Corvallis East, Linn County",810105,Corvallis East,2017-11-20 22:50:46.466135
2016-01-02,09:15,26.2,26.6,21.2,84.3,0.0,NE@2.0,6.7,37.9,0.0,59,"Corvallis East, Linn County",810105,Corvallis East,2017-11-20 22:50:46.466135
2016-01-02,09:30,28.6,29.1,20.0,71.5,0.0,NE@4.1,7.8,37.9,0.0,85,"Corvallis East, Linn County",810105,Corvallis East,2017-11-20 22:50:46.466135
2016-01-02,09:45,29.6,30.2,19.6,67.2,0.0,NE@4.4,7.1,37.9,0.0,140,"Corvallis East, Linn County",810105,Corvallis East,2017-11-20 22:50:46.466135
2016-01-02,10:00,30.1,30.6,18.8,63.5,0.0,NE@6.2,9.9,37.9,0.0,222,"Corvallis East, Linn County",810105,Corvallis East,2017-11-20 22:50:46.466135
2016-01-02,10:15,30.5,30.9,18.8,62.3,0.0,NE@6.8,11.4,37.9,0.0,260,"Corvallis East, Linn County",810105,Corvallis East,2017-11-20 22:50:46.466135
2016-01-02,10:30,30.9,31.4,18.8,61.0,0.0,NE@6.1,9.9,37.9,0.0,285,"Corvallis East, Linn County",810105,Corvallis East,2017-11-20 22:50:46.466135
2016-01-02,10:45,31.2,31.8,19.0,60.8,0.0,NE@7.6,12.8,37.9,0.0,306,"Corvallis East, Linn County",810105,Corvallis East,2017-11-20 22:50:46.466135
2016-01-02,11:00,31.4,32.2,19.6,61.5,0.0,NE@8.0,12.1,37.9,0.0,324,"Corvallis East, Linn County",810105,Corvallis East,2017-11-20 22:50:46.466135
2016-01-02,11:15,32.0,33.0,19.9,60.6,0.0,NE@8.1,12.4,37.8,0.0,341,"Corvallis East, Linn County",810105,Corvallis East,2017-11-20 22:50:46.466135
2016-01-02,11:30,32.6,33.7,19.9,59.1,0.0,N@9.2,13.2,37.8,0.0,354,"Corvallis East, Linn County",810105,Corvallis East,2017-11-20 22:50:46.466135
2016-01-02,11:45,33.0,34.0,19.7,57.6,0.0,N@9.5,15.0,37.8,0.0,364,"Corvallis East, Linn County",810105,Corvallis East,2017-11-20 22:50:46.466135
2016-01-02,12:00,33.6,34.6,19.8,56.6,0.0,N@8.6,13.5,37.8,0.0,371,"Corvallis East, Linn County",810105,Corvallis East,2017-11-20 22:50:46.466135
2016-01-02,12:15,33.8,34.5,19.9,56.3,0.0,NE@8.8,13.2,37.8,0.0,376,"Corvallis East, Linn County",810105,Corvallis East,2017-11-20 22:50:46.466135
2016-01-02,12:30,34.1,34.8,20.1,56.1,0.0,NE@9.5,13.9,37.8,0.0,377,"Corvallis East, Linn County",810105,Corvallis East,2017-11-20 22:50:46.466135
2016-01-02,12:45,34.5,35.2,20.5,56.3,0.0,N@9.7,14.2,37.8,0.0,374,"Corvallis East, Linn County",810105,Corvallis East,2017-11-20 22:50:46.466135
2016-01-02,13:00,34.7,35.5,20.9,56.6,0.0,N@9.1,13.2,37.8,0.0,369,"Corvallis East, Linn County",810105,Corvallis East,2017-11-20 22:50:46.466135
2016-01-02,13:15,35.1,35.8,21.4,57.0,0.0,N@9.3,15.0,37.7,0.0,361,"Corvallis East, Linn County",810105,Corvallis East,2017-11-20 22:50:46.466135
2016-01-02,13:30,35.1,35.8,21.2,56.4,0.0,NE@9.6,17.8,37.7,0.0,349,"Corvallis East, Linn County",810105,Corvallis East,2017-11-20 22:50:46.466135
2016-01-02,13:45,35.4,36.1,21.1,55.7,0.0,N@10.1,16.0,37.7,0.0,334,"Corvallis East, Linn County",810105,Corvallis East,2017-11-20 22:50:46.466135
2016-01-02,14:00,35.6,36.1,21.0,54.8,0.0,N@9.5,14.6,37.7,0.0,317,"Corvallis East, Linn County",810105,Corvallis East,2017-11-20 22:50:46.466135
2016-01-02,14:15,35.6,36.2,20.9,54.5,0.0,N@9.5,13.9,37.7,0.0,296,"Corvallis East, Linn County",810105,Corvallis East,2017-11-20 22:50:46.466135
2016-01-02,14:30,35.8,36.8,20.3,53.0,0.0,N@11.3,16.4,37.7,0.0,273,"Corvallis East, Linn County",810105,Corvallis East,2017-11-20 22:50:46.466135
2016-01-02,14:45,36.1,37.2,20.5,52.9,0.0,N@8.8,12.4,37.7,0.0,248,"Corvallis East, Linn County",810105,Corvallis East,2017-11-20 22:50:46.466135
2016-01-02,15:00,36.1,36.9,20.4,52.6,0.0,N@8.0,12.8,37.7,0.0,221,"Corvallis East, Linn County",810105,Corvallis East,2017-11-20 22:50:46.466135
2016-01-02,15:15,36.0,37.0,20.8,53.4,0.0,N@8.3,15.0,37.7,0.0,193,"Corvallis East, Linn County",810105,Corvallis East,2017-11-20 22:50:46.466135
2016-01-02,15:30,35.7,36.5,20.2,52.9,0.0,N@10.2,14.6,37.7,0.0,163,"Corvallis East, Linn County",810105,Corvallis East,2017-11-20 22:50:46.466135
2016-01-02,15:45,35.4,35.8,19.9,52.8,0.0,N@10.5,15.0,37.6,0.0,132,"Corvallis East, Linn County",810105,Corvallis East,2017-11-20 22:50:46.466135
2016-01-02,16:00,35.0,35.6,19.8,53.4,0.0,N@9.2,15.7,37.6,0.0,97,"Corvallis East, Linn County",810105,Corvallis East,2017-11-20 22:50:46.466135
2016-01-02,16:15,34.6,34.6,19.4,53.3,0.0,N@9.1,15.0,37.6,0.0,59,"Corvallis East, Linn County",810105,Corvallis East,2017-11-20 22:50:46.466135
2016-01-02,16:30,34.2,34.5,19.2,53.8,0.0,N@7.5,11.7,37.6,0.0,29,"Corvallis East, Linn County",810105,Corvallis East,2017-11-20 22:50:46.466135
2016-01-02,16:45,33.5,33.7,19.1,55.1,0.0,N@4.3,7.4,37.6,0.0,9,"Corvallis East, Linn County",810105,Corvallis East,2017-11-20 22:50:46.466135
2016-01-02,17:00,33.1,33.0,19.8,57.6,0.0,N@3.4,6.0,37.6,0.0,3,"Corvallis East, Linn County",810105,Corvallis East,2017-11-20 22:50:46.466135
2016-01-02,17:15,32.3,32.1,19.9,59.8,0.0,N@2.5,5.3,37.6,0.0,0,"Corvallis East, Linn County",810105,Corvallis East,2017-11-20 22:50:46.466135
2016-01-02,17:30,32.0,31.9,20.6,62.3,0.0,N@2.0,5.3,37.6,0.0,0,"Corvallis East, Linn County",810105,Corvallis East,2017-11-20 22:50:46.466135
2016-01-02,17:45,30.8,30.5,20.3,65.4,0.0,N@1.3,4.2,37.5,0.0,0,"Corvallis East, Linn County",810105,Corvallis East,2017-11-20 22:50:46.466135
2016-01-02,18:00,30.9,30.6,20.1,64.6,0.0,N@3.5,5.7,37.5,0.0,0,"Corvallis East, Linn County",810105,Corvallis East,2017-11-20 22:50:46.466135
2016-01-02,18:15,31.2,30.9,19.8,63.0,0.0,N@4.5,7.8,37.5,0.0,0,"Corvallis East, Linn County",810105,Corvallis East,2017-11-20 22:50:46.466135
2016-01-02,18:30,30.8,30.7,19.7,63.6,0.0,N@4.7,7.4,37.5,0.0,0,"Corvallis East, Linn County",810105,Corvallis East,2017-11-20 22:50:46.466135
2016-01-02,18:45,31.1,31.0,19.0,61.0,0.0,N@8.2,12.4,37.5,0.0,0,"Corvallis East, Linn County",810105,Corvallis East,2017-11-20 22:50:46.466135
2016-01-02,19:00,30.8,30.8,18.6,60.8,0.0,N@7.4,10.7,37.5,0.0,0,"Corvallis East, Linn County",810105,Corvallis East,2017-11-20 22:50:46.466135
2016-01-02,19:15,30.7,30.8,18.3,60.3,0.0,N@8.6,11.4,37.5,0.0,0,"Corvallis East, Linn County",810105,Corvallis East,2017-11-20 22:50:46.466135
2016-01-02,19:30,30.4,30.5,18.1,60.7,0.0,N@8.3,12.1,37.5,0.0,0,"Corvallis East, Linn County",810105,Corvallis East,2017-11-20 22:50:46.466135
2016-01-02,19:45,30.1,30.2,18.0,61.2,0.0,N@8.3,11.7,37.5,0.0,0,"Corvallis East, Linn County",810105,Corvallis East,2017-11-20 22:50:46.466135
2016-01-02,20:00,29.9,30.0,17.7,61.1,0.0,N@8.9,11.4,37.5,0.0,0,"Corvallis East, Linn County",810105,Corvallis East,2017-11-20 22:50:46.466135
2016-01-02,20:15,29.5,29.6,17.8,62.5,0.0,N@8.7,13.2,37.5,0.0,0,"Corvallis East, Linn County",810105,Corvallis East,2017-11-20 22:50:46.466135
2016-01-02,20:30,29.1,29.3,17.6,62.9,0.0,N@8.2,12.4,37.5,0.0,0,"Corvallis East, Linn County",810105,Corvallis East,2017-11-20 22:50:46.466135
2016-01-02,20:45,29.0,29.1,17.3,62.6,0.0,N@8.9,12.4,37.4,0.0,0,"Corvallis East, Linn County",810105,Corvallis East,2017-11-20 22:50:46.466135
2016-01-02,21:00,28.7,28.9,17.1,63.0,0.0,N@8.0,13.2,37.4,0.0,0,"Corvallis East, Linn County",810105,Corvallis East,2017-11-20 22:50:46.466135
2016-01-02,21:15,28.5,28.6,17.0,63.1,0.0,N@7.5,11.4,37.4,0.0,0,"Corvallis East, Linn County",810105,Corvallis East,2017-11-20 22:50:46.466135
2016-01-02,21:30,28.2,28.3,17.0,64.1,0.0,N@7.4,11.7,37.4,0.0,0,"Corvallis East, Linn County",810105,Corvallis East,2017-11-20 22:50:46.466135
2016-01-02,21:45,27.9,27.9,16.8,64.4,0.0,N@6.1,9.9,37.4,0.0,0,"Corvallis East, Linn County",810105,Corvallis East,2017-11-20 22:50:46.466135
2016-01-02,22:00,27.7,27.6,16.5,64.4,0.0,N@6.2,8.9,37.4,0.0,0,"Corvallis East, Linn County",810105,Corvallis East,2017-11-20 22:50:46.466135
2016-01-02,22:15,27.6,27.4,16.2,63.7,0.0,N@5.3,9.6,37.4,0.0,0,"Corvallis East, Linn County",810105,Corvallis East,2017-11-20 22:50:46.466135
2016-01-02,22:30,27.4,27.2,16.0,63.8,0.0,N@2.8,6.4,37.4,0.0,0,"Corvallis East, Linn County",810105,Corvallis East,2017-11-20 22:50:46.466135
2016-01-02,22:45,27.0,26.9,16.1,65.3,0.0,NE@2.7,7.1,37.4,0.0,0,"Corvallis East, Linn County",810105,Corvallis East,2017-11-20 22:50:46.466135
2016-01-02,23:00,26.8,26.7,16.0,65.4,0.0,N@3.7,7.8,37.4,0.0,0,"Corvallis East, Linn County",810105,Corvallis East,2017-11-20 22:50:46.466135
2016-01-02,23:15,26.8,26.8,15.8,64.9,0.0,NE@4.3,8.5,37.4,0.0,0,"Corvallis East, Linn County",810105,Corvallis East,2017-11-20 22:50:46.466135
2016-01-02,23:30,26.8,26.7,15.7,64.8,0.0,N@4.3,7.4,37.3,0.0,0,"Corvallis East, Linn County",810105,Corvallis East,2017-11-20 22:50:46.466135
2016-01-02,23:45,26.8,26.9,15.5,64.2,0.0,NE@5.0,7.8,37.3,0.0,0,"Corvallis East, Linn County",810105,Corvallis East,2017-11-20 22:50:46.466135
2016-01-02,24:00,26.5,26.6,15.6,65.3,0.0,NE@5.2,9.2,37.3,0.0,0,"Corvallis East, Linn County",810105,Corvallis East,2017-11-20 22:50:46.466135
2016-01-03,00:15,26.2,26.3,15.7,66.5,0.0,NE@4.9,8.5,37.3,0.0,0,"Corvallis East, Linn County",810105,Corvallis East,2017-11-20 22:50:46.466135
2016-01-03,00:30,25.8,25.8,15.7,67.6,0.0,NE@3.6,7.1,37.3,0.0,0,"Corvallis East, Linn County",810105,Corvallis East,2017-11-20 22:50:46.466135
2016-01-03,00:45,25.7,25.7,15.7,68.3,0.0,N@5.7,9.2,37.3,0.0,0,"Corvallis East, Linn County",810105,Corvallis East,2017-11-20 22:50:46.466135
2016-01-03,01:00,25.4,25.4,15.7,69.0,0.0,N@4.5,7.1,37.3,0.0,0,"Corvallis East, Linn County",810105,Corvallis East,2017-11-20 22:50:46.466135
2016-01-03,01:15,24.8,24.6,15.6,70.7,0.0,N@3.1,6.4,37.3,0.0,0,"Corvallis East, Linn County",810105,Corvallis East,2017-11-20 22:50:46.466135
2016-01-03,01:30,25.2,25.1,15.5,69.1,0.0,N@3.5,8.2,37.3,0.0,0,"Corvallis East, Linn County",810105,Corvallis East,2017-11-20 22:50:46.466135
2016-01-03,01:45,24.7,24.4,15.5,71.0,0.0,NE@0.1,2.4,37.3,0.0,0,"Corvallis East, Linn County",810105,Corvallis East,2017-11-20 22:50:46.466135
2016-01-03,02:00,23.4,23.1,16.1,77.2,0.0,N@1.5,3.9,37.3,0.0,0,"Corvallis East, Linn County",810105,Corvallis East,2017-11-20 22:50:46.466135
2016-01-03,02:15,22.2,22.1,17.0,84.8,0.0,SW@0.1,2.8,37.3,0.0,0,"Corvallis East, Linn County",810105,Corvallis East,2017-11-20 22:50:46.466135
2016-01-03,02:30,21.8,21.9,17.5,88.4,0.0,SW@0.3,3.1,37.3,0.0,0,"Corvallis East, Linn County",810105,Corvallis East,2017-11-20 22:50:46.466135
2016-01-03,02:45,23.2,23.4,18.6,87.0,0.0,S@2.6,7.1,37.3,0.0,0,"Corvallis East, Linn County",810105,Corvallis East,2017-11-20 22:50:46.466135
2016-01-03,03:00,24.5,24.7,17.9,79.3,0.0,S@2.3,6.7,37.3,0.0,0,"Corvallis East, Linn County",810105,Corvallis East,2017-11-20 22:50:46.466135
2016-01-03,03:15,25.0,25.3,18.7,80.0,0.0,SW@0.3,3.9,37.2,0.0,0,"Corvallis East, Linn County",810105,Corvallis East,2017-11-20 22:50:46.466135
2016-01-03,03:30,25.1,25.4,19.1,81.1,0.0,N@0.0,0.0,37.2,0.0,0,"Corvallis East, Linn County",810105,Corvallis East,2017-11-20 22:50:46.466135
2016-01-03,03:45,25.6,25.8,18.9,78.6,0.0,N@0.0,0.0,37.2,0.0,0,"Corvallis East, Linn County",810105,Corvallis East,2017-11-20 22:50:46.466135
2016-01-03,04:00,25.6,25.8,19.4,80.0,0.0,N@0.0,0.0,37.2,0.0,0,"Corvallis East, Linn County",810105,Corvallis East,2017-11-20 22:50:46.466135
2016-01-03,04:15,25.5,25.8,19.8,82.2,0.0,NE@1.2,5.7,37.2,0.0,0,"Corvallis East, Linn County",810105,Corvallis East,2017-11-20 22:50:46.466135
2016-01-03,04:30,25.6,25.8,20.1,83.0,0.0,NE@5.3,8.2,37.2,0.0,0,"Corvallis East, Linn County",810105,Corvallis East,2017-11-20 22:50:46.466135
2016-01-03,04:45,25.5,25.7,20.5,84.8,0.0,N@5.1,7.8,37.2,0.0,0,"Corvallis East, Linn County",810105,Corvallis East,2017-11-20 22:50:46.466135
2016-01-03,05:00,25.5,25.7,20.2,83.7,0.0,NE@5.1,7.8,37.2,0.0,0,"Corvallis East, Linn County",810105,Corvallis East,2017-11-20 22:50:46.466135
2016-01-03,05:15,25.4,25.7,19.8,82.3,0.0,NE@4.9,7.4,37.2,0.0,0,"Corvallis East, Linn County",810105,Corvallis East,2017-11-20 22:50:46.466135
2016-01-03,05:30,25.4,25.7,19.9,82.8,0.0,NE@4.4,7.1,37.2,0.0,0,"Corvallis East, Linn County",810105,Corvallis East,2017-11-20 22:50:46.466135
2016-01-03,05:45,25.6,25.9,20.1,82.7,0.0,NE@3.9,7.1,37.2,0.0,0,"Corvallis East, Linn County",810105,Corvallis East,2017-11-20 22:50:46.466135
2016-01-03,06:00,25.7,25.9,19.9,81.6,0.0,NE@4.9,7.4,37.2,0.0,0,"Corvallis East, Linn County",810105,Corvallis East,2017-11-20 22:50:46.466135
2016-01-03,06:15,25.8,26.1,20.2,82.2,0.0,NE@4.5,7.4,37.2,0.0,0,"Corvallis East, Linn County",810105,Corvallis East,2017-11-20 22:50:46.466135
2016-01-03,06:30,25.9,26.1,20.1,81.6,0.0,NE@4.6,7.1,37.1,0.0,0,"Corvallis East, Linn County",810105,Corvallis East,2017-11-20 22:50:46.466135
2016-01-03,06:45,25.9,26.2,20.1,81.3,0.0,N@5.8,8.9,37.1,0.0,0,"Corvallis East, Linn County",810105,Corvallis East,2017-11-20 22:50:46.466135
2016-01-03,07:00,26.0,26.3,20.2,81.3,0.0,N@5.7,8.2,37.1,0.0,0,"Corvallis East, Linn County",810105,Corvallis East,2017-11-20 22:50:46.466135
2016-01-03,07:15,26.1,26.4,20.8,83.2,0.0,N@4.5,7.8,37.1,0.0,0,"Corvallis East, Linn County",810105,Corvallis East,2017-11-20 22:50:46.466135
2016-01-03,07:30,26.3,26.6,21.0,83.0,0.0,NE@1.9,4.9,37.1,0.0,0,"Corvallis East, Linn County",810105,Corvallis East,2017-11-20 22:50:46.466135
2016-01-03,07:45,26.2,26.4,21.1,83.8,0.0,NE@3.6,7.4,37.1,0.0,0,"Corvallis East, Linn County",810105,Corvallis East,2017-11-20 22:50:46.466135
2016-01-03,08:00,26.1,26.4,21.2,84.5,0.0,N@5.4,8.5,37.1,0.0,1,"Corvallis East, Linn County",810105,Corvallis East,2017-11-20 22:50:46.466135
2016-01-03,08:15,26.0,26.3,21.4,85.5,0.0,NE@5.3,8.2,37.1,0.0,2,"Corvallis East, Linn County",810105,Corvallis East,2017-11-20 22:50:46.466135
2016-01-03,08:30,26.0,26.3,21.8,87.2,0.0,NE@4.8,7.4,37.1,0.0,4,"Corvallis East, Linn County",810105,Corvallis East,2017-11-20 22:50:46.466135
2016-01-03,08:45,26.1,26.3,22.2,88.5,0.0,NE@4.7,7.1,37.1,0.0,7,"Corvallis East, Linn County",810105,Corvallis East,2017-11-20 22:50:46.466135
2016-01-03,09:00,26.0,26.3,22.5,89.8,0.0,NE@5.4,8.5,37.1,0.0,10,"Corvallis East, Linn County",810105,Corvallis East,2017-11-20 22:50:46.466135
2016-01-03,09:15,26.0,26.2,22.5,90.2,0.0,NE@6.3,9.9,37.1,0.0,15,"Corvallis East, Linn County",810105,Corvallis East,2017-11-20 22:50:46.466135
2016-01-03,09:30,26.1,26.4,22.7,90.2,0.0,N@5.9,9.2,37.1,0.0,22,"Corvallis East, Linn County",810105,Corvallis East,2017-11-20 22:50:46.466135
2016-01-03,09:45,26.1,26.4,22.6,89.9,0.0,NE@5.2,8.5,37.1,0.0,22,"Corvallis East, Linn County",810105,Corvallis East,2017-11-20 22:50:46.466135
2016-01-03,10:00,26.3,26.6,22.9,90.3,0.0,NE@5.3,8.2,37.0,0.0,32,"Corvallis East, Linn County",810105,Corvallis East,2017-11-20 22:50:46.466135
2016-01-03,10:15,26.6,26.9,23.4,91.0,0.0,N@5.9,8.9,37.0,0.0,58,"Corvallis East, Linn County",810105,Corvallis East,2017-11-20 22:50:46.466135
2016-01-03,10:30,26.8,27.1,23.9,91.9,0.0,N@5.6,8.9,37.0,0.0,67,"Corvallis East, Linn County",810105,Corvallis East,2017-11-20 22:50:46.466135
2016-01-03,10:45,26.7,27.0,23.8,91.5,0.0,NE@4.9,7.4,37.0,0.0,44,"Corvallis East, Linn County",810105,Corvallis East,2017-11-20 22:50:46.466135
2016-01-03,11:00,26.8,27.1,24.0,92.1,0.0,NE@5.9,8.5,37.0,0.0,46,"Corvallis East, Linn County",810105,Corvallis East,2017-11-20 22:50:46.466135
2016-01-03,11:15,27.1,27.5,24.6,93.2,0.0,N@6.3,9.9,37.0,0.0,55,"Corvallis East, Linn County",810105,Corvallis East,2017-11-20 22:50:46.466135
2016-01-03,11:30,27.2,27.5,24.6,92.8,0.0,NE@4.1,6.7,37.0,0.0,55,"Corvallis East, Linn County",810105,Corvallis East,2017-11-20 22:50:46.466135
2016-01-03,11:45,27.4,27.7,24.9,92.9,0.0,NE@4.3,6.7,37.0,0.0,61,"Corvallis East, Linn County",810105,Corvallis East,2017-11-20 22:50:46.466135
2016-01-03,12:00,27.7,27.9,25.3,93.6,0.0,NE@5.4,7.8,37.0,0.0,59,"Corvallis East, Linn County",810105,Corvallis East,2017-11-20 22:50:46.466135
2016-01-03,12:15,27.8,28.1,25.5,93.8,0.17,NE@4.2,7.4,37.0,0.0,60,"Corvallis East, Linn County",810105,Corvallis East,2017-11-20 22:50:46.466135
2016-01-03,12:30,27.8,28.2,25.6,94.0,0.96,NE@3.3,5.3,37.0,0.0,53,"Corvallis East, Linn County",810105,Corvallis East,2017-11-20 22:50:46.466135
2016-01-03,12:45,28.1,28.4,26.0,94.4,0.92,NE@4.4,6.4,37.0,0.0,62,"Corvallis East, Linn County",810105,Corvallis East,2017-11-20 22:50:46.466135
2016-01-03,13:00,28.3,28.6,26.2,94.2,0.14,NE@4.6,6.4,37.0,0.0,59,"Corvallis East, Linn County",810105,Corvallis East,2017-11-20 22:50:46.466135
2016-01-03,13:15,28.2,28.5,26.0,94.0,0.0,NE@4.1,6.4,37.0,0.0,73,"Corvallis East, Linn County",810105,Corvallis East,2017-11-20 22:50:46.466135
2016-01-03,13:30,28.4,28.7,26.4,94.5,0.28,NE@4.0,6.4,37.0,0.0,92,"Corvallis East, Linn County",810105,Corvallis East,2017-11-20 22:50:46.466135
2016-01-03,13:45,28.6,28.8,26.5,94.2,0.94,NE@3.3,4.9,37.0,0.0,74,"Corvallis East, Linn County",810105,Corvallis East,2017-11-20 22:50:46.466135
2016-01-03,14:00,28.9,29.3,27.0,94.8,1.0,NE@3.5,5.3,37.0,0.0,56,"Corvallis East, Linn County",810105,Corvallis East,2017-11-20 22:50:46.466135
2016-01-03,14:15,29.0,29.4,27.3,95.4,1.0,NE@3.5,6.4,37.0,0.0,32,"Corvallis East, Linn County",810105,Corvallis East,2017-11-20 22:50:46.466135
2016-01-03,14:30,29.1,29.4,27.4,95.3,0.92,N@3.7,6.7,36.9,0.0,25,"Corvallis East, Linn County",810105,Corvallis East,2017-11-20 22:50:46.466135
2016-01-03,14:45,29.3,29.6,27.7,95.7,1.0,NE@2.9,5.7,36.9,0.0,28,"Corvallis East, Linn County",810105,Corvallis East,2017-11-20 22:50:46.466135
2016-01-03,15:00,29.4,29.7,27.8,95.7,1.0,NE@4.3,6.4,36.9,0.0,27,"Corvallis East, Linn County",810105,Corvallis East,2017-11-20 22:50:46.466135
2016-01-03,15:15,29.4,29.7,27.8,95.7,1.0,NE@4.2,6.7,36.9,0.0,27,"Corvallis East, Linn County",810105,Corvallis East,2017-11-20 22:50:46.466135
2016-01-03,15:30,29.5,29.7,27.9,95.7,1.0,NE@4.5,6.7,36.9,0.0,32,"Corvallis East, Linn County",810105,Corvallis East,2017-11-20 22:50:46.466135
2016-01-03,15:45,29.6,29.8,28.1,95.9,1.0,NE@4.7,7.1,36.9,0.0,22,"Corvallis East, Linn County",810105,Corvallis East,2017-11-20 22:50:46.466135
2016-01-03,16:00,29.7,29.9,28.4,96.6,1.0,NE@4.5,6.4,36.9,0.0,12,"Corvallis East, Linn County",810105,Corvallis East,2017-11-20 22:50:46.466135
2016-01-03,16:15,29.7,29.9,28.5,97.2,1.0,NE@3.9,7.1,36.9,0.0,10,"Corvallis East, Linn County",810105,Corvallis East,2017-11-20 22:50:46.466135
2016-01-03,16:30,29.9,30.1,28.8,97.4,1.0,NE@3.8,6.4,36.9,0.0,14,"Corvallis East, Linn County",810105,Corvallis East,2017-11-20 22:50:46.466135
2016-01-03,16:45,30.0,30.2,29.0,97.8,1.0,NE@4.8,8.2,36.9,0.0,6,"Corvallis East, Linn County",810105,Corvallis East,2017-11-20 22:50:46.466135
2016-01-03,17:00,29.9,30.2,29.0,97.8,1.0,NE@3.2,7.1,36.9,0.0,2,"Corvallis East, Linn County",810105,Corvallis East,2017-11-20 22:50:46.466135
2016-01-03,17:15,29.9,30.2,29.0,97.8,1.0,NE@4.1,6.0,36.9,0.0,0,"Corvallis East, Linn County",810105,Corvallis East,2017-11-20 22:50:46.466135
2016-01-03,17:30,30.1,30.3,29.1,97.8,1.0,NE@4.4,8.2,36.9,0.0,0,"Corvallis East, Linn County",810105,Corvallis East,2017-11-20 22:50:46.466135
2016-01-03,17:45,30.1,30.4,29.2,97.9,1.0,NE@4.7,7.8,36.9,0.0,0,"Corvallis East, Linn County",810105,Corvallis East,2017-11-20 22:50:46.466135
2016-01-03,18:00,30.1,30.3,29.1,97.8,1.0,NE@4.1,7.8,36.9,0.0,0,"Corvallis East, Linn County",810105,Corvallis East,2017-11-20 22:50:46.466135
2016-01-03,18:15,30.2,30.5,29.1,97.3,1.0,NE@4.7,7.8,36.9,0.0,0,"Corvallis East, Linn County",810105,Corvallis East,2017-11-20 22:50:46.466135
2016-01-03,18:30,30.4,30.7,29.5,97.7,1.0,NE@3.3,7.1,36.9,0.0,0,"Corvallis East, Linn County",810105,Corvallis East,2017-11-20 22:50:46.466135
2016-01-03,18:45,30.3,30.6,29.5,97.8,1.0,NE@0.9,4.6,36.9,0.0,0,"Corvallis East, Linn County",810105,Corvallis East,2017-11-20 22:50:46.466135
2016-01-03,19:00,30.4,30.6,29.4,97.4,1.0,NE@3.0,7.1,36.8,0.0,0,"Corvallis East, Linn County",810105,Corvallis East,2017-11-20 22:50:46.466135
2016-01-03,19:15,30.5,30.7,29.4,97.1,1.0,NE@3.6,6.0,36.8,0.0,0,"Corvallis East, Linn County",810105,Corvallis East,2017-11-20 22:50:46.466135
2016-01-03,19:30,30.5,30.7,29.3,96.7,1.0,NE@2.3,5.3,36.8,0.0,0,"Corvallis East, Linn County",810105,Corvallis East,2017-11-20 22:50:46.466135
2016-01-03,19:45,30.5,30.8,29.4,96.8,1.0,NE@3.1,5.7,36.8,0.0,0,"Corvallis East, Linn County",810105,Corvallis East,2017-11-20 22:50:46.466135
2016-01-03,20:00,30.6,30.8,29.5,96.9,1.0,NE@1.3,3.9,36.8,0.0,0,"Corvallis East, Linn County",810105,Corvallis East,2017-11-20 22:50:46.466135
2016-01-03,20:15,30.7,30.9,29.6,96.8,1.0,NE@3.6,7.4,36.8,0.0,0,"Corvallis East, Linn County",810105,Corvallis East,2017-11-20 22:50:46.466135
2016-01-03,20:30,30.6,30.8,29.4,96.2,1.0,NE@1.0,4.6,36.8,0.0,0,"Corvallis East, Linn County",810105,Corvallis East,2017-11-20 22:50:46.466135
2016-01-03,20:45,30.7,30.9,29.4,96.4,1.0,NE@2.9,7.1,36.8,0.0,0,"Corvallis East, Linn County",810105,Corvallis East,2017-11-20 22:50:46.466135
2016-01-03,21:00,30.7,31.0,29.6,96.6,1.0,NE@1.3,5.3,36.8,0.0,0,"Corvallis East, Linn County",810105,Corvallis East,2017-11-20 22:50:46.466135
2016-01-03,21:15,30.8,31.0,29.6,96.3,1.0,NE@2.6,7.1,36.8,0.0,0,"Corvallis East, Linn County",810105,Corvallis East,2017-11-20 22:50:46.466135
2016-01-03,21:30,30.9,31.1,29.7,96.4,1.0,NE@1.8,5.7,36.8,0.0,0,"Corvallis East, Linn County",810105,Corvallis East,2017-11-20 22:50:46.466135
2016-01-03,21:45,30.9,31.1,29.8,96.7,1.0,NE@1.4,4.9,36.8,0.0,0,"Corvallis East, Linn County",810105,Corvallis East,2017-11-20 22:50:46.466135
2016-01-03,22:00,30.8,31.0,29.7,96.7,1.0,NE@0.8,4.6,36.8,0.0,0,"Corvallis East, Linn County",810105,Corvallis East,2017-11-20 22:50:46.466135
2016-01-03,22:15,30.7,30.9,29.6,96.7,1.0,NE@0.5,3.1,36.8,0.0,0,"Corvallis East, Linn County",810105,Corvallis East,2017-11-20 22:50:46.466135
2016-01-03,22:30,30.8,30.9,29.7,96.9,1.0,N@0.0,0.0,36.8,0.0,0,"Corvallis East, Linn County",810105,Corvallis East,2017-11-20 22:50:46.466135
2016-01-03,22:45,30.8,30.9,29.7,96.9,1.0,N@0.0,0.0,36.8,0.0,0,"Corvallis East, Linn County",810105,Corvallis East,2017-11-20 22:50:46.466135
2016-01-03,23:00,30.6,30.8,29.6,97.1,1.0,N@0.0,0.0,36.8,0.0,0,"Corvallis East, Linn County",810105,Corvallis East,2017-11-20 22:50:46.466135
2016-01-03,23:15,30.6,30.7,29.7,97.6,1.0,N@0.0,0.0,36.8,0.0,0,"Corvallis East, Linn County",810105,Corvallis East,2017-11-20 22:50:46.466135
2016-01-03,23:30,30.7,30.9,29.8,97.8,1.0,N@0.0,0.0,36.8,0.0,0,"Corvallis East, Linn County",810105,Corvallis East,2017-11-20 22:50:46.466135
2016-01-03,23:45,30.5,30.4,29.6,97.7,1.0,N@0.0,0.0,36.8,0.0,0,"Corvallis East, Linn County",810105,Corvallis East,2017-11-20 22:50:46.466135
2016-01-03,24:00,30.3,30.3,29.4,97.9,1.0,N@0.0,0.0,36.8,0.0,0,"Corvallis East, Linn County",810105,Corvallis East,2017-11-20 22:50:46.466135
2016-01-04,00:15,29.8,29.9,28.9,97.9,1.0,N@0.0,0.0,36.8,0.0,0,"Corvallis East, Linn County",810105,Corvallis East,2017-11-20 22:50:46.466135
2016-01-04,00:30,29.9,30.0,29.0,98.2,1.0,N@0.0,0.0,36.7,0.0,0,"Corvallis East, Linn County",810105,Corvallis East,2017-11-20 22:50:46.466135
2016-01-04,00:45,30.1,30.1,29.3,98.3,1.0,N@0.0,1.7,36.7,0.0,0,"Corvallis East, Linn County",810105,Corvallis East,2017-11-20 22:50:46.466135
2016-01-04,01:00,30.2,30.2,29.4,98.3,1.0,N@0.0,0.0,36.7,0.0,0,"Corvallis East, Linn County",810105,Corvallis East,2017-11-20 22:50:46.466135
2016-01-04,01:15,30.3,30.4,29.5,98.4,1.0,E@0.0,1.4,36.7,0.0,0,"Corvallis East, Linn County",810105,Corvallis East,2017-11-20 22:50:46.466135
2016-01-04,01:30,30.4,30.6,29.7,98.4,1.0,E@0.1,1.7,36.7,0.0,0,"Corvallis East, Linn County",810105,Corvallis East,2017-11-20 22:50:46.466135
2016-01-04,01:45,30.4,30.6,29.7,98.3,1.0,N@0.0,0.0,36.7,0.0,0,"Corvallis East, Linn County",810105,Corvallis East,2017-11-20 22:50:46.466135
2016-01-04,02:00,30.5,30.6,29.7,98.3,1.0,N@0.0,0.0,36.7,0.0,0,"Corvallis East, Linn County",810105,Corvallis East,2017-11-20 22:50:46.466135
2016-01-04,02:15,30.5,30.6,29.7,98.3,1.0,N@0.0,0.0,36.7,0.0,0,"Corvallis East, Linn County",810105,Corvallis East,2017-11-20 22:50:46.466135
2016-01-04,02:30,30.5,30.6,29.7,98.3,1.0,N@0.0,0.0,36.7,0.0,0,"Corvallis East, Linn County",810105,Corvallis East,2017-11-20 22:50:46.466135
2016-01-04,02:45,30.5,30.7,29.7,98.2,1.0,N@0.0,0.0,36.7,0.0,0,"Corvallis East, Linn County",810105,Corvallis East,2017-11-20 22:50:46.466135
2016-01-04,03:00,30.6,30.7,29.8,98.1,1.0,N@0.0,0.0,36.7,0.0,0,"Corvallis East, Linn County",810105,Corvallis East,2017-11-20 22:50:46.466135
2016-01-04,03:15,30.7,30.9,29.9,98.2,1.0,N@0.0,0.0,36.7,0.0,0,"Corvallis East, Linn County",810105,Corvallis East,2017-11-20 22:50:46.466135
2016-01-04,03:30,30.7,30.9,30.0,98.2,1.0,N@0.0,0.0,36.7,0.0,0,"Corvallis East, Linn County",810105,Corvallis East,2017-11-20 22:50:46.466135
2016-01-04,03:45,30.8,30.9,30.0,98.2,1.0,N@0.0,0.0,36.7,0.0,0,"Corvallis East, Linn County",810105,Corvallis East,2017-11-20 22:50:46.466135
2016-01-04,04:00,30.7,30.8,30.0,98.3,1.0,N@0.0,0.0,36.7,0.0,0,"Corvallis East, Linn County",810105,Corvallis East,2017-11-20 22:50:46.466135
2016-01-04,04:15,30.7,30.9,30.0,98.4,1.0,N@0.0,0.0,36.7,0.0,0,"Corvallis East, Linn County",810105,Corvallis East,2017-11-20 22:50:46.466135
2016-01-04,04:30,30.8,30.9,30.1,98.5,1.0,N@0.0,0.0,36.7,0.0,0,"Corvallis East, Linn County",810105,Corvallis East,2017-11-20 22:50:46.466135
2016-01-04,04:45,30.9,31.0,30.2,98.7,1.0,N@0.0,0.0,36.7,0.0,0,"Corvallis East, Linn County",810105,Corvallis East,2017-11-20 22:50:46.466135
2016-01-04,05:00,30.9,31.1,30.3,98.8,1.0,N@0.0,0.0,36.7,0.0,0,"Corvallis East, Linn County",810105,Corvallis East,2017-11-20 22:50:46.466135
2016-01-04,05:15,31.0,31.1,30.4,98.8,1.0,N@0.0,0.0,36.7,0.0,0,"Corvallis East, Linn County",810105,Corvallis East,2017-11-20 22:50:46.466135
2016-01-04,05:30,31.0,31.1,30.4,98.8,1.0,N@0.0,0.0,36.7,0.0,0,"Corvallis East, Linn County",810105,Corvallis East,2017-11-20 22:50:46.466135
2016-01-04,05:45,31.1,31.2,30.6,98.9,1.0,N@0.0,0.0,36.7,0.0,0,"Corvallis East, Linn County",810105,Corvallis East,2017-11-20 22:50:46.466135
2016-01-04,06:00,31.2,31.3,30.7,98.8,1.0,N@0.0,0.0,36.7,0.0,0,"Corvallis East, Linn County",810105,Corvallis East,2017-11-20 22:50:46.466135
2016-01-04,06:15,31.2,31.3,30.7,98.9,1.0,N@0.0,0.0,36.7,0.0,0,"Corvallis East, Linn County",810105,Corvallis East,2017-11-20 22:50:46.466135
2016-01-04,06:30,31.2,31.3,30.7,99.1,1.0,N@0.0,0.0,36.7,0.0,0,"Corvallis East, Linn County",810105,Corvallis East,2017-11-20 22:50:46.466135
2016-01-04,06:45,31.1,31.3,30.7,99.2,1.0,N@0.0,0.0,36.7,0.0,0,"Corvallis East, Linn County",810105,Corvallis East,2017-11-20 22:50:46.466135
2016-01-04,07:00,31.2,31.3,30.8,99.2,1.0,N@0.0,0.0,36.6,0.0,0,"Corvallis East, Linn County",810105,Corvallis East,2017-11-20 22:50:46.466135
2016-01-04,07:15,31.3,31.4,30.9,99.3,1.0,N@0.0,0.0,36.6,0.0,0,"Corvallis East, Linn County",810105,Corvallis East,2017-11-20 22:50:46.466135
2016-01-04,07:30,31.3,31.4,30.9,99.3,1.0,N@0.0,0.0,36.6,0.0,0,"Corvallis East, Linn County",810105,Corvallis East,2017-11-20 22:50:46.466135
2016-01-04,07:45,31.3,31.4,30.9,99.3,1.0,N@0.0,0.0,36.6,0.0,1,"Corvallis East, Linn County",810105,Corvallis East,2017-11-20 22:50:46.466135
2016-01-04,08:00,31.4,31.5,31.0,99.3,1.0,N@0.0,0.0,36.6,0.0,3,"Corvallis East, Linn County",810105,Corvallis East,2017-11-20 22:50:46.466135
2016-01-04,08:15,31.5,31.6,31.1,99.2,1.0,N@0.0,0.0,36.6,0.0,9,"Corvallis East, Linn County",810105,Corvallis East,2017-11-20 22:50:46.466135
2016-01-04,08:30,31.5,31.6,31.1,99.3,1.0,N@0.0,0.0,36.6,0.0,21,"Corvallis East, Linn County",810105,Corvallis East,2017-11-20 22:50:46.466135
2016-01-04,08:45,31.7,31.8,31.4,99.3,1.0,N@0.0,0.0,36.6,0.0,44,"Corvallis East, Linn County",810105,Corvallis East,2017-11-20 22:50:46.466135
2016-01-04,09:00,31.9,32.0,31.5,99.2,1.0,N@0.0,0.0,36.6,0.0,57,"Corvallis East, Linn County",810105,Corvallis East,2017-11-20 22:50:46.466135
2016-01-04,09:15,31.8,32.0,31.5,99.1,1.0,N@0.0,0.0,36.6,0.0,65,"Corvallis East, Linn County",810105,Corvallis East,2017-11-20 22:50:46.466135
2016-01-04,09:30,32.0,32.2,31.8,99.0,1.0,N@0.0,0.0,36.6,0.0,77,"Corvallis East, Linn County",810105,Corvallis East,2017-11-20 22:50:46.466135
2016-01-04,09:45,32.1,32.3,31.9,99.0,1.0,N@0.0,0.0,36.6,0.01,109,"Corvallis East, Linn County",810105,Corvallis East,2017-11-20 22:50:46.466135
2016-01-04,10:00,32.1,32.4,31.8,98.8,1.0,N@0.0,0.0,36.6,0.01,80,"Corvallis East, Linn County",810105,Corvallis East,2017-11-20 22:50:46.466135
2016-01-04,10:15,32.1,32.4,31.8,98.7,1.0,N@0.0,0.0,36.6,0.01,66,"Corvallis East, Linn County",810105,Corvallis East,2017-11-20 22:50:46.466135
2016-01-04,10:30,32.1,32.5,31.8,98.6,1.0,N@0.0,0.0,36.6,0.01,85,"Corvallis East, Linn County",810105,Corvallis East,2017-11-20 22:50:46.466135
2016-01-04,10:45,32.1,32.4,31.8,98.6,1.0,NE@0.4,3.5,36.6,0.01,110,"Corvallis East, Linn County",810105,Corvallis East,2017-11-20 22:50:46.466135
2016-01-04,11:00,32.3,32.5,31.9,98.4,1.0,NE@0.2,3.5,36.6,0.0,129,"Corvallis East, Linn County",810105,Corvallis East,2017-11-20 22:50:46.466135
2016-01-04,11:15,32.3,32.5,31.8,98.3,1.0,NE@0.8,3.9,36.6,0.02,117,"Corvallis East, Linn County",810105,Corvallis East,2017-11-20 22:50:46.466135
2016-01-04,11:30,32.5,32.7,32.0,98.2,1.0,N@0.0,0.0,36.6,0.01,121,"Corvallis East, Linn County",810105,Corvallis East,2017-11-20 22:50:46.466135
2016-01-04,11:45,32.7,32.9,32.2,98.0,1.0,N@0.0,0.0,36.6,0.01,99,"Corvallis East, Linn County",810105,Corvallis East,2017-11-20 22:50:46.466135
2016-01-04,12:00,32.7,32.9,32.1,97.8,1.0,N@0.0,0.0,36.6,0.02,83,"Corvallis East, Linn County",810105,Corvallis East,2017-11-20 22:50:46.466135
2016-01-04,12:15,32.8,33.1,32.2,97.6,1.0,N@0.0,0.0,36.6,0.0,69,"Corvallis East, Linn County",810105,Corvallis East,2017-11-20 22:50:46.466135
2016-01-04,12:30,32.7,33.1,32.1,97.8,1.0,N@0.0,0.0,36.6,0.02,83,"Corvallis East, Linn County",810105,Corvallis East,2017-11-20 22:50:46.466135
2016-01-04,12:45,32.6,32.8,32.0,97.8,1.0,NE@1.0,4.6,36.6,0.0,65,"Corvallis East, Linn County",810105,Corvallis East,2017-11-20 22:50:46.466135
2016-01-04,13:00,32.5,32.7,32.1,98.1,1.0,N@0.0,0.0,36.6,0.01,56,"Corvallis East, Linn County",810105,Corvallis East,2017-11-20 22:50:46.466135
2016-01-04,13:15,32.6,32.8,32.2,98.3,1.0,E@0.0,1.4,36.6,0.01,51,"Corvallis East, Linn County",810105,Corvallis East,2017-11-20 22:50:46.466135
2016-01-04,13:30,32.7,32.9,32.3,98.6,1.0,NE@0.4,3.5,36.6,0.01,57,"Corvallis East, Linn County",810105,Corvallis East,2017-11-20 22:50:46.466135
2016-01-04,13:45,32.9,33.0,32.5,98.7,1.0,NE@0.1,3.1,36.6,0.01,63,"Corvallis East, Linn County",810105,Corvallis East,2017-11-20 22:50:46.466135
2016-01-04,14:00,32.9,33.0,32.6,98.9,1.0,NE@1.6,4.6,36.6,0.01,58,"Corvallis East, Linn County",810105,Corvallis East,2017-11-20 22:50:46.466135
2016-01-04,14:15,33.0,33.2,32.8,99.2,1.0,NE@0.5,4.6,36.6,0.0,54,"Corvallis East, Linn County",810105,Corvallis East,2017-11-20 22:50:46.466135
2016-01-04,14:30,33.0,33.3,32.9,99.3,1.0,NE@0.4,3.5,36.6,0.01,52,"Corvallis East, Linn County",810105,Corvallis East,2017-11-20 22:50:46.466135
2016-01-04,14:45,33.2,33.4,33.1,99.2,1.0,N@0.0,0.0,36.5,0.0,58,"Corvallis East, Linn County",810105,Corvallis East,2017-11-20 22:50:46.466135
2016-01-04,15:00,33.3,33.5,33.1,99.1,1.0,N@0.0,0.0,36.5,0.01,41,"Corvallis East, Linn County",810105,Corvallis East,2017-11-20 22:50:46.466135
2016-01-04,15:15,33.3,33.6,33.1,99.1,1.0,N@0.0,0.0,36.5,0.0,38,"Corvallis East, Linn County",810105,Corvallis East,2017-11-20 22:50:46.466135
2016-01-04,15:30,33.3,33.5,33.0,99.1,1.0,N@0.0,0.0,36.5,0.0,20,"Corvallis East, Linn County",810105,Corvallis East,2017-11-20 22:50:46.466135
2016-01-04,15:45,33.2,33.5,33.0,99.1,1.0,N@0.0,0.0,36.5,0.0,15,"Corvallis East, Linn County",810105,Corvallis East,2017-11-20 22:50:46.466135
2016-01-04,16:00,33.0,33.2,32.8,99.2,1.0,N@0.0,0.0,36.5,0.0,10,"Corvallis East, Linn County",810105,Corvallis East,2017-11-20 22:50:46.466135
2016-01-04,16:15,32.9,33.1,32.7,99.4,1.0,N@0.0,0.0,36.5,0.0,6,"Corvallis East, Linn County",810105,Corvallis East,2017-11-20 22:50:46.466135
2016-01-04,16:30,32.8,32.9,32.6,99.4,1.0,N@0.0,0.0,36.5,0.0,4,"Corvallis East, Linn County",810105,Corvallis East,2017-11-20 22:50:46.466135
2016-01-04,16:45,32.7,32.9,32.6,99.5,1.0,N@0.0,0.0,36.5,0.0,2,"Corvallis East, Linn County",810105,Corvallis East,2017-11-20 22:50:46.466135
2016-01-04,17:00,32.6,32.8,32.5,99.6,1.0,N@0.0,0.0,36.5,0.01,1,"Corvallis East, Linn County",810105,Corvallis East,2017-11-20 22:50:46.466135
2016-01-04,17:15,32.5,32.7,32.4,99.7,1.0,N@0.0,0.0,36.5,0.0,0,"Corvallis East, Linn County",810105,Corvallis East,2017-11-20 22:50:46.466135
2016-01-04,17:30,32.5,32.6,32.4,99.7,1.0,N@0.0,0.0,36.5,0.0,0,"Corvallis East, Linn County",810105,Corvallis East,2017-11-20 22:50:46.466135
2016-01-04,17:45,32.6,32.7,32.5,99.8,1.0,N@0.3,3.1,36.5,0.0,0,"Corvallis East, Linn County",810105,Corvallis East,2017-11-20 22:50:46.466135
2016-01-04,18:00,32.8,33.0,32.8,100.0,1.0,NE@3.1,6.0,36.5,0.0,0,"Corvallis East, Linn County",810105,Corvallis East,2017-11-20 22:50:46.466135
2016-01-04,18:15,32.9,33.2,32.9,100.0,1.0,NE@5.5,8.5,36.5,0.01,0,"Corvallis East, Linn County",810105,Corvallis East,2017-11-20 22:50:46.466135
2016-01-04,18:30,32.9,33.2,32.9,99.8,1.0,NE@6.1,11.4,36.5,0.0,0,"Corvallis East, Linn County",810105,Corvallis East,2017-11-20 22:50:46.466135
2016-01-04,18:45,33.0,33.3,32.8,99.5,1.0,NE@6.0,9.6,36.5,0.0,0,"Corvallis East, Linn County",810105,Corvallis East,2017-11-20 22:50:46.466135
2016-01-04,19:00,33.0,33.3,32.8,99.2,1.0,NE@5.1,7.8,36.5,0.0,0,"Corvallis East, Linn County",810105,Corvallis East,2017-11-20 22:50:46.466135
2016-01-04,19:15,32.9,33.3,32.7,99.1,1.0,NE@3.9,6.4,36.5,0.0,0,"Corvallis East, Linn County",810105,Corvallis East,2017-11-20 22:50:46.466135
2016-01-04,19:30,32.8,33.0,32.5,98.7,1.0,N@2.8,5.3,36.5,0.0,0,"Corvallis East, Linn County",810105,Corvallis East,2017-11-20 22:50:46.466135
2016-01-04,19:45,32.4,32.4,32.1,98.9,1.0,N@2.3,4.9,36.5,0.0,0,"Corvallis East, Linn County",810105,Corvallis East,2017-11-20 22:50:46.466135
2016-01-04,20:00,32.3,32.6,32.1,99.2,1.0,W@0.0,1.7,36.5,0.0,0,"Corvallis East, Linn County",810105,Corvallis East,2017-11-20 22:50:46.466135
2016-01-04,20:15,32.1,32.3,31.9,99.2,1.0,N@0.0,0.0,36.5,0.0,0,"Corvallis East, Linn County",810105,Corvallis East,2017-11-20 22:50:46.466135
2016-01-04,20:30,32.0,32.2,31.9,99.3,1.0,SW@0.5,3.1,36.5,0.0,0,"Corvallis East, Linn County",810105,Corvallis East,2017-11-20 22:50:46.466135
2016-01-04,20:45,32.4,32.6,32.3,99.5,1.0,SW@0.1,2.8,36.4,0.0,0,"Corvallis East, Linn County",810105,Corvallis East,2017-11-20 22:50:46.466135
2016-01-04,21:00,32.6,32.7,32.4,99.5,1.0,S@0.6,6.0,36.4,0.0,0,"Corvallis East, Linn County",810105,Corvallis East,2017-11-20 22:50:46.466135
2016-01-04,21:15,32.6,32.9,32.6,99.7,1.0,S@5.0,7.8,36.4,0.0,0,"Corvallis East, Linn County",810105,Corvallis East,2017-11-20 22:50:46.466135
2016-01-04,21:30,32.7,33.0,32.6,99.7,1.0,S@2.7,7.8,36.4,0.0,0,"Corvallis East, Linn County",810105,Corvallis East,2017-11-20 22:50:46.466135
2016-01-04,21:45,32.7,32.9,32.6,99.7,1.0,N@3.2,4.9,36.4,0.04,0,"Corvallis East, Linn County",810105,Corvallis East,2017-11-20 22:50:46.466135
2016-01-04,22:00,32.7,32.9,32.7,99.8,1.0,N@2.4,4.9,36.4,0.02,0,"Corvallis East, Linn County",810105,Corvallis East,2017-11-20 22:50:46.466135
2016-01-04,22:15,32.7,32.9,32.7,99.9,1.0,NE@2.9,6.7,36.4,0.01,0,"Corvallis East, Linn County",810105,Corvallis East,2017-11-20 22:50:46.466135
2016-01-04,22:30,32.8,33.1,32.8,100.0,1.0,E@2.1,5.7,36.4,0.0,0,"Corvallis East, Linn County",810105,Corvallis East,2017-11-20 22:50:46.466135
2016-01-04,22:45,33.0,33.4,32.9,99.8,1.0,E@3.6,7.1,36.4,0.0,0,"Corvallis East, Linn County",810105,Corvallis East,2017-11-20 22:50:46.466135
2016-01-04,23:00,33.1,33.6,32.9,99.1,1.0,E@3.3,6.4,36.4,0.0,0,"Corvallis East, Linn County",810105,Corvallis East,2017-11-20 22:50:46.466135
2016-01-04,23:15,33.2,33.7,32.7,98.1,1.0,NE@1.6,4.6,36.4,0.0,0,"Corvallis East, Linn County",810105,Corvallis East,2017-11-20 22:50:46.466135
2016-01-04,23:30,33.2,33.5,32.6,97.8,1.0,NE@0.4,3.5,36.4,0.0,0,"Corvallis East, Linn County",810105,Corvallis East,2017-11-20 22:50:46.466135
2016-01-04,23:45,33.1,33.3,32.6,98.0,1.0,NW@0.0,1.4,36.4,0.0,0,"Corvallis East, Linn County",810105,Corvallis East,2017-11-20 22:50:46.466135
2016-01-04,24:00,32.9,33.1,32.5,98.2,1.0,SW@0.2,2.1,36.4,0.0,0,"Corvallis East, Linn County",810105,Corvallis East,2017-11-20 22:50:46.466135
2016-01-05,00:15,32.9,33.1,32.5,98.5,1.0,SW@0.5,3.9,36.4,0.0,0,"Corvallis East, Linn County",810105,Corvallis East,2017-11-20 22:50:46.466135
2016-01-05,00:30,32.8,32.9,32.4,98.6,1.0,E@0.2,3.1,36.4,0.0,0,"Corvallis East, Linn County",810105,Corvallis East,2017-11-20 22:50:46.466135
2016-01-05,00:45,32.6,32.8,32.3,98.9,1.0,N@0.0,0.0,36.4,0.0,0,"Corvallis East, Linn County",810105,Corvallis East,2017-11-20 22:50:46.466135
2016-01-05,01:00,32.5,32.7,32.3,99.1,1.0,S@0.6,3.9,36.4,0.0,0,"Corvallis East, Linn County",810105,Corvallis East,2017-11-20 22:50:46.466135
2016-01-05,01:15,32.5,32.6,32.3,99.3,1.0,S@0.1,2.1,36.4,0.0,0,"Corvallis East, Linn County",810105,Corvallis East,2017-11-20 22:50:46.466135
2016-01-05,01:30,32.4,32.5,32.2,99.4,1.0,N@0.0,0.0,36.4,0.0,0,"Corvallis East, Linn County",810105,Corvallis East,2017-11-20 22:50:46.466135
2016-01-05,01:45,32.3,32.4,32.2,99.5,1.0,N@0.0,0.0,36.4,0.0,0,"Corvallis East, Linn County",810105,Corvallis East,2017-11-20 22:50:46.466135
2016-01-05,02:00,32.6,32.8,32.5,99.7,1.0,S@0.4,4.6,36.4,0.0,0,"Corvallis East, Linn County",810105,Corvallis East,2017-11-20 22:50:46.466135
2016-01-05,02:15,32.7,32.9,32.7,99.6,1.0,N@0.0,0.0,36.4,0.02,0,"Corvallis East, Linn County",810105,Corvallis East,2017-11-20 22:50:46.466135
2016-01-05,02:30,32.6,32.8,32.5,99.6,1.0,N@1.2,4.6,36.4,0.01,0,"Corvallis East, Linn County",810105,Corvallis East,2017-11-20 22:50:46.466135
2016-01-05,02:45,32.6,32.8,32.6,99.9,1.0,N@0.2,3.1,36.4,0.01,0,"Corvallis East, Linn County",810105,Corvallis East,2017-11-20 22:50:46.466135
2016-01-05,03:00,32.7,32.9,32.7,99.9,1.0,N@0.0,0.0,36.3,0.0,0,"Corvallis East, Linn County",810105,Corvallis East,2017-11-20 22:50:46.466135
2016-01-05,03:15,32.7,32.8,32.6,99.8,1.0,N@0.0,0.0,36.3,0.01,0,"Corvallis East, Linn County",810105,Corvallis East,2017-11-20 22:50:46.466135
2016-01-05,03:30,32.7,32.9,32.7,99.9,1.0,N@0.0,0.0,36.3,0.0,0,"Corvallis East, Linn County",810105,Corvallis East,2017-11-20 22:50:46.466135
2016-01-05,03:45,32.7,32.9,32.7,99.9,1.0,N@0.0,0.0,36.3,0.0,0,"Corvallis East, Linn County",810105,Corvallis East,2017-11-20 22:50:46.466135
2016-01-05,04:00,32.8,33.0,32.8,99.9,1.0,N@0.0,0.0,36.3,0.0,0,"Corvallis East, Linn County",810105,Corvallis East,2017-11-20 22:50:46.466135
2016-01-05,04:15,33.1,33.2,33.0,99.9,1.0,N@0.0,0.0,36.3,0.0,0,"Corvallis East, Linn County",810105,Corvallis East,2017-11-20 22:50:46.466135
2016-01-05,04:30,32.9,33.1,32.9,99.9,1.0,S@0.0,1.4,36.3,0.01,0,"Corvallis East, Linn County",810105,Corvallis East,2017-11-20 22:50:46.466135
2016-01-05,04:45,33.0,33.3,33.0,99.9,1.0,S@0.2,3.1,36.3,0.0,0,"Corvallis East, Linn County",810105,Corvallis East,2017-11-20 22:50:46.466135
2016-01-05,05:00,33.1,33.3,33.0,99.9,1.0,N@0.0,0.0,36.3,0.0,0,"Corvallis East, Linn County",810105,Corvallis East,2017-11-20 22:50:46.466135
2016-01-05,05:15,33.1,33.3,33.1,99.9,1.0,N@0.0,0.0,36.3,0.0,0,"Corvallis East, Linn County",810105,Corvallis East,2017-11-20 22:50:46.466135
2016-01-05,05:30,33.2,33.5,33.2,99.9,1.0,S@0.4,3.5,36.3,0.0,0,"Corvallis East, Linn County",810105,Corvallis East,2017-11-20 22:50:46.466135
2016-01-05,05:45,33.2,33.5,33.2,99.8,1.0,S@0.0,1.7,36.3,0.0,0,"Corvallis East, Linn County",810105,Corvallis East,2017-11-20 22:50:46.466135
2016-01-05,06:00,33.1,33.3,33.0,99.7,1.0,N@0.0,0.0,36.3,0.0,0,"Corvallis East, Linn County",810105,Corvallis East,2017-11-20 22:50:46.466135
2016-01-05,06:15,33.0,33.2,32.9,99.8,1.0,N@0.0,0.0,36.3,0.01,0,"Corvallis East, Linn County",810105,Corvallis East,2017-11-20 22:50:46.466135
2016-01-05,06:30,33.0,33.2,33.0,99.8,1.0,N@0.0,0.0,36.3,0.0,0,"Corvallis East, Linn County",810105,Corvallis East,2017-11-20 22:50:46.466135
2016-01-05,06:45,33.0,33.2,33.0,99.8,1.0,N@0.0,0.0,36.3,0.0,0,"Corvallis East, Linn County",810105,Corvallis East,2017-11-20 22:50:46.466135
2016-01-05,07:00,32.9,33.1,32.8,99.8,1.0,N@0.0,0.0,36.3,0.0,0,"Corvallis East, Linn County",810105,Corvallis East,2017-11-20 22:50:46.466135
2016-01-05,07:15,32.9,33.1,32.8,99.9,1.0,N@0.0,0.0,36.3,0.0,0,"Corvallis East, Linn County",810105,Corvallis East,2017-11-20 22:50:46.466135
2016-01-05,07:30,32.9,33.1,32.8,99.8,1.0,N@0.0,0.0,36.3,0.0,0,"Corvallis East, Linn County",810105,Corvallis East,2017-11-20 22:50:46.466135
2016-01-05,07:45,32.9,33.1,32.8,99.8,1.0,N@0.0,0.0,36.3,0.0,0,"Corvallis East, Linn County",810105,Corvallis East,2017-11-20 22:50:46.466135
2016-01-05,08:00,33.0,33.2,32.9,99.8,1.0,N@0.0,0.0,36.3,0.0,1,"Corvallis East, Linn County",810105,Corvallis East,2017-11-20 22:50:46.466135
2016-01-05,08:15,33.1,33.3,33.0,99.8,1.0,N@0.0,0.0,36.3,0.0,5,"Corvallis East, Linn County",810105,Corvallis East,2017-11-20 22:50:46.466135
2016-01-05,08:30,33.1,33.3,33.0,99.8,1.0,N@0.0,0.0,36.3,0.0,12,"Corvallis East, Linn County",810105,Corvallis East,2017-11-20 22:50:46.466135
2016-01-05,08:45,33.3,33.6,33.3,99.8,1.0,SW@0.3,3.5,36.3,0.0,13,"Corvallis East, Linn County",810105,Corvallis East,2017-11-20 22:50:46.466135
2016-01-05,09:00,33.5,33.9,33.4,99.8,1.0,S@0.8,4.2,36.3,0.0,14,"Corvallis East, Linn County",810105,Corvallis East,2017-11-20 22:50:46.466135
2016-01-05,09:15,33.6,33.9,33.5,99.6,1.0,N@0.0,0.0,36.3,0.0,10,"Corvallis East, Linn County",810105,Corvallis East,2017-11-20 22:50:46.466135
2016-01-05,09:30,33.8,34.1,33.7,99.5,1.0,N@0.0,0.0,36.3,0.0,26,"Corvallis East, Linn County",810105,Corvallis East,2017-11-20 22:50:46.466135
2016-01-05,09:45,34.1,34.3,33.9,99.4,1.0,S@0.3,3.9,36.3,0.0,38,"Corvallis East, Linn County",810105,Corvallis East,2017-11-20 22:50:46.466135
2016-01-05,10:00,34.3,34.7,34.1,99.4,1.0,S@0.3,3.5,36.3,0.0,92,"Corvallis East, Linn County",810105,Corvallis East,2017-11-20 22:50:46.466135
2016-01-05,10:15,34.6,35.1,34.3,99.0,1.0,N@0.0,0.0,36.3,0.0,79,"Corvallis East, Linn County",810105,Corvallis East,2017-11-20 22:50:46.466135
2016-01-05,10:30,34.6,35.1,34.3,98.7,1.0,N@0.0,0.0,36.2,0.0,75,"Corvallis East, Linn County",810105,Corvallis East,2017-11-20 22:50:46.466135
2016-01-05,10:45,34.8,35.4,34.4,98.4,1.0,N@0.0,0.0,36.2,0.0,120,"Corvallis East, Linn County",810105,Corvallis East,2017-11-20 22:50:46.466135
2016-01-05,11:00,35.1,35.6,34.5,97.6,1.0,N@0.0,0.0,36.2,0.0,144,"Corvallis East, Linn County",810105,Corvallis East,2017-11-20 22:50:46.466135
2016-01-05,11:15,35.3,35.9,34.4,96.4,1.0,N@0.0,0.0,36.2,0.0,155,"Corvallis East, Linn County",810105,Corvallis East,2017-11-20 22:50:46.466135
2016-01-05,11:30,35.8,36.2,34.7,95.8,1.0,N@0.0,0.0,36.2,0.0,160,"Corvallis East, Linn County",810105,Corvallis East,2017-11-20 22:50:46.466135
2016-01-05,11:45,36.0,36.5,34.8,95.3,0.99,N@0.0,0.0,36.2,0.0,169,"Corvallis East, Linn County",810105,Corvallis East,2017-11-20 22:50:46.466135
2016-01-05,12:00,36.5,36.9,35.0,94.3,0.11,N@0.0,0.0,36.2,0.0,191,"Corvallis East, Linn County",810105,Corvallis East,2017-11-20 22:50:46.466135
2016-01-05,12:15,36.6,36.9,34.6,92.3,0.0,N@0.0,0.0,36.2,0.0,160,"Corvallis East, Linn County",810105,Corvallis East,2017-11-20 22:50:46.466135
2016-01-05,12:30,36.9,37.3,34.7,91.7,0.0,N@0.0,0.0,36.2,0.0,130,"Corvallis East, Linn County",810105,Corvallis East,2017-11-20 22:50:46.466135
2016-01-05,12:45,37.2,37.5,34.9,91.0,0.0,N@0.0,0.0,36.2,0.0,165,"Corvallis East, Linn County",810105,Corvallis East,2017-11-20 22:50:46.466135
2016-01-05,13:00,37.5,37.8,34.9,90.3,0.0,E@0.1,3.1,36.2,0.0,194,"Corvallis East, Linn County",810105,Corvallis East,2017-11-20 22:50:46.466135
2016-01-05,13:15,38.2,38.5,35.3,89.2,0.0,N@0.0,0.0,36.2,0.0,273,"Corvallis East, Linn County",810105,Corvallis East,2017-11-20 22:50:46.466135
2016-01-05,13:30,38.5,39.2,34.9,86.9,0.0,NE@0.3,3.5,36.2,0.0,186,"Corvallis East, Linn County",810105,Corvallis East,2017-11-20 22:50:46.466135
2016-01-05,13:45,38.9,39.0,35.5,87.5,0.0,SW@0.1,2.8,36.2,0.0,151,"Corvallis East, Linn County",810105,Corvallis East,2017-11-20 22:50:46.466135
2016-01-05,14:00,39.0,39.4,35.7,87.8,0.0,N@0.0,0.0,36.2,0.0,121,"Corvallis East, Linn County",810105,Corvallis East,2017-11-20 22:50:46.466135
2016-01-05,14:15,39.1,39.6,36.1,89.0,0.0,NE@1.7,4.9,36.2,0.0,133,"Corvallis East, Linn County",810105,Corvallis East,2017-11-20 22:50:46.466135
2016-01-05,14:30,39.0,39.4,36.4,90.2,0.0,NE@3.8,5.3,36.2,0.0,269,"Corvallis East, Linn County",810105,Corvallis East,2017-11-20 22:50:46.466135
2016-01-05,14:45,39.4,39.9,36.9,90.5,0.0,NE@4.1,6.4,36.2,0.0,164,"Corvallis East, Linn County",810105,Corvallis East,2017-11-20 22:50:46.466135
2016-01-05,15:00,39.1,39.5,36.8,91.4,0.0,NE@3.1,6.4,36.3,0.0,125,"Corvallis East, Linn County",810105,Corvallis East,2017-11-20 22:50:46.466135
2016-01-05,15:15,38.8,39.4,36.8,92.3,0.0,N@4.1,6.4,36.3,0.0,88,"Corvallis East, Linn County",810105,Corvallis East,2017-11-20 22:50:46.466135
2016-01-05,15:30,38.4,39.0,36.7,93.5,0.0,N@2.0,6.0,36.3,0.0,60,"Corvallis East, Linn County",810105,Corvallis East,2017-11-20 22:50:46.466135
2016-01-05,15:45,38.0,38.4,36.5,94.3,0.0,NE@2.0,5.3,36.3,0.0,36,"Corvallis East, Linn County",810105,Corvallis East,2017-11-20 22:50:46.466135
2016-01-05,16:00,37.7,38.1,36.4,94.7,0.0,NE@3.2,4.9,36.3,0.0,46,"Corvallis East, Linn County",810105,Corvallis East,2017-11-20 22:50:46.466135
2016-01-05,16:15,37.5,37.8,36.1,94.8,0.21,N@0.2,3.1,36.4,0.0,16,"Corvallis East, Linn County",810105,Corvallis East,2017-11-20 22:50:46.466135
2016-01-05,16:30,37.3,37.5,36.2,95.6,1.0,N@0.0,0.0,36.4,0.0,7,"Corvallis East, Linn County",810105,Corvallis East,2017-11-20 22:50:46.466135
2016-01-05,16:45,36.7,36.7,35.6,95.9,1.0,N@0.0,0.0,36.4,0.0,4,"Corvallis East, Linn County",810105,Corvallis East,2017-11-20 22:50:46.466135
2016-01-05,17:00,35.8,35.8,35.0,96.7,1.0,N@0.0,0.0,36.4,0.0,2,"Corvallis East, Linn County",810105,Corvallis East,2017-11-20 22:50:46.466135
2016-01-05,17:15,35.1,35.0,34.3,96.9,1.0,N@0.0,0.0,36.5,0.0,0,"Corvallis East, Linn County",810105,Corvallis East,2017-11-20 22:50:46.466135
2016-01-05,17:30,34.7,34.7,34.0,97.4,1.0,N@0.0,0.0,36.5,0.0,0,"Corvallis East, Linn County",810105,Corvallis East,2017-11-20 22:50:46.466135
2016-01-05,17:45,34.8,34.8,34.3,97.9,1.0,N@0.0,0.0,36.5,0.0,0,"Corvallis East, Linn County",810105,Corvallis East,2017-11-20 22:50:46.466135
2016-01-05,18:00,35.3,35.4,34.8,98.3,1.0,E@0.2,2.8,36.6,0.0,0,"Corvallis East, Linn County",810105,Corvallis East,2017-11-20 22:50:46.466135
2016-01-05,18:15,35.6,35.8,35.2,98.2,1.0,N@0.0,0.0,36.6,0.0,0,"Corvallis East, Linn County",810105,Corvallis East,2017-11-20 22:50:46.466135
2016-01-05,18:30,35.6,35.8,35.2,98.3,1.0,N@0.0,0.0,36.6,0.0,0,"Corvallis East, Linn County",810105,Corvallis East,2017-11-20 22:50:46.466135
2016-01-05,18:45,35.8,35.9,35.4,98.4,1.0,N@0.0,0.0,36.7,0.0,0,"Corvallis East, Linn County",810105,Corvallis East,2017-11-20 22:50:46.466135
2016-01-05,19:00,35.7,35.8,35.3,98.3,1.0,N@0.0,0.0,36.7,0.0,0,"Corvallis East, Linn County",810105,Corvallis East,2017-11-20 22:50:46.466135
2016-01-05,19:15,35.6,35.7,35.2,98.4,1.0,N@0.0,0.0,36.7,0.0,0,"Corvallis East, Linn County",810105,Corvallis East,2017-11-20 22:50:46.466135
2016-01-05,19:30,35.6,35.7,35.3,98.7,1.0,N@0.0,0.0,36.8,0.0,0,"Corvallis East, Linn County",810105,Corvallis East,2017-11-20 22:50:46.466135
2016-01-05,19:45,35.5,35.6,35.2,98.8,1.0,N@0.0,0.0,36.8,0.0,0,"Corvallis East, Linn County",810105,Corvallis East,2017-11-20 22:50:46.466135
2016-01-05,20:00,35.5,35.6,35.2,98.9,1.0,N@0.0,0.0,36.8,0.0,0,"Corvallis East, Linn County",810105,Corvallis East,2017-11-20 22:50:46.466135
2016-01-05,20:15,35.5,35.5,35.2,99.0,1.0,N@0.0,0.0,36.8,0.0,0,"Corvallis East, Linn County",810105,Corvallis East,2017-11-20 22:50:46.466135
2016-01-05,20:30,35.5,35.6,35.2,99.0,1.0,N@0.0,0.0,36.9,0.0,0,"Corvallis East, Linn County",810105,Corvallis East,2017-11-20 22:50:46.466135
2016-01-05,20:45,35.6,35.7,35.4,99.1,1.0,N@0.0,0.0,36.9,0.0,0,"Corvallis East, Linn County",810105,Corvallis East,2017-11-20 22:50:46.466135
2016-01-05,21:00,35.7,35.7,35.4,99.1,1.0,N@0.0,0.0,36.9,0.0,0,"Corvallis East, Linn County",810105,Corvallis East,2017-11-20 22:50:46.466135
2016-01-05,21:15,36.0,36.1,35.8,99.3,1.0,N@0.0,0.0,36.9,0.0,0,"Corvallis East, Linn County",810105,Corvallis East,2017-11-20 22:50:46.466135
2016-01-05,21:30,36.0,36.2,35.9,99.4,1.0,S@0.6,5.3,36.9,0.0,0,"Corvallis East, Linn County",810105,Corvallis East,2017-11-20 22:50:46.466135
2016-01-05,21:45,35.9,36.1,35.8,99.5,1.0,S@0.4,3.5,37.0,0.0,0,"Corvallis East, Linn County",810105,Corvallis East,2017-11-20 22:50:46.466135
2016-01-05,22:00,35.8,36.0,35.7,99.5,1.0,N@0.0,0.0,37.0,0.0,0,"Corvallis East, Linn County",810105,Corvallis East,2017-11-20 22:50:46.466135
2016-01-05,22:15,35.8,36.0,35.7,99.5,1.0,N@0.0,0.0,37.0,0.0,0,"Corvallis East, Linn County",810105,Corvallis East,2017-11-20 22:50:46.466135
2016-01-05,22:30,35.8,35.9,35.7,99.5,1.0,N@0.0,0.0,37.0,0.0,0,"Corvallis East, Linn County",810105,Corvallis East,2017-11-20 22:50:46.466135
2016-01-05,22:45,35.6,35.8,35.5,99.6,1.0,N@0.0,0.0,37.0,0.0,0,"Corvallis East, Linn County",810105,Corvallis East,2017-11-20 22:50:46.466135
2016-01-05,23:00,35.8,35.9,35.7,99.7,1.0,N@0.0,0.0,37.0,0.0,0,"Corvallis East, Linn County",810105,Corvallis East,2017-11-20 22:50:46.466135
2016-01-05,23:15,35.9,36.0,35.8,99.7,1.0,N@0.0,0.0,37.0,0.0,0,"Corvallis East, Linn County",810105,Corvallis East,2017-11-20 22:50:46.466135
2016-01-05,23:30,35.8,35.9,35.8,99.8,1.0,N@0.0,0.0,37.0,0.0,0,"Corvallis East, Linn County",810105,Corvallis East,2017-11-20 22:50:46.466135
2016-01-05,23:45,35.8,36.0,35.8,99.9,1.0,NE@0.1,2.1,37.0,0.0,0,"Corvallis East, Linn County",810105,Corvallis East,2017-11-20 22:50:46.466135
2016-01-05,24:00,35.8,36.0,35.8,100.0,1.0,E@1.7,4.9,37.1,0.0,0,"Corvallis East, Linn County",810105,Corvallis East,2017-11-20 22:50:46.466135
