Date,Time PDT,Air Temp °F, 2<sup>nd</sup> Air Temp °F, Dew Point °F, Rel Hum %, Leaf Wet u., Wind Dir @ Speed mph, Wind Gust mph, 8 in. Soil Tmp °F, Tot Prec in, Solar Rad W/m²,Location,Station ID,Station Name,Download Timestamp
2019-01-18,23:15,42.0,42.5,41.6,98.7,0.17,NW@4.2,6.0,39.3,0.0,0,"Paterson.W (Paterson West), Benton County",300026,Paterson.W,2019-06-25 06:00:48.157875
2019-01-18,23:30,41.8,42.4,41.6,99.2,0.23,NW@2.1,3.9,39.3,0.01,0,"Paterson.W (Paterson West), Benton County",300026,Paterson.W,2019-06-25 06:00:48.157875
2019-01-18,23:45,41.8,42.3,41.6,99.2,0.24,N@4.0,5.7,39.3,0.02,0,"Paterson.W (Paterson West), Benton County",300026,Paterson.W,2019-06-25 06:00:48.157875
2019-01-18,24:00,41.6,42.1,41.4,99.3,0.23,N@3.8,6.7,39.4,0.02,0,"Paterson.W (Paterson West), Benton County",300026,Paterson.W,2019-06-25 06:00:48.157875
2019-01-19,00:15,41.9,42.5,41.7,99.3,0.23,E@3.4,9.2,39.4,0.01,0,"Paterson.W (Paterson West), Benton County",300026,Paterson.W,2019-06-25 06:00:48.157875
2019-01-19,00:30,42.2,42.8,42.0,99.3,0.26,SW@3.4,4.9,39.4,0.01,0,"Paterson.W (Paterson West), Benton County",300026,Paterson.W,2019-06-25 06:00:48.157875
2019-01-19,00:45,41.8,42.4,41.6,99.3,0.27,SW@2.9,3.5,39.4,0.0,0,"Paterson.W (Paterson West), Benton County",300026,Paterson.W,2019-06-25 06:00:48.157875
2019-01-19,01:00,41.6,42.1,41.4,99.3,0.28,SW@0.7,3.9,39.4,0.0,0,"Paterson.W (Paterson West), Benton County",300026,Paterson.W,2019-06-25 06:00:48.157875
2019-01-19,01:15,41.0,41.5,40.8,99.3,0.28,W@2.0,3.5,39.4,0.0,0,"Paterson.W (Paterson West), Benton County",300026,Paterson.W,2019-06-25 06:00:48.157875
2019-01-19,01:30,40.4,40.9,40.2,99.3,0.29,W@3.4,4.6,39.4,0.0,0,"Paterson.W (Paterson West), Benton County",300026,Paterson.W,2019-06-25 06:00:48.157875
2019-01-19,01:45,40.5,41.0,40.3,99.3,0.29,NW@2.6,3.5,39.5,0.0,0,"Paterson.W (Paterson West), Benton County",300026,Paterson.W,2019-06-25 06:00:48.157875
2019-01-19,02:00,40.7,41.3,40.5,99.3,0.3,NW@2.6,3.5,39.5,0.0,0,"Paterson.W (Paterson West), Benton County",300026,Paterson.W,2019-06-25 06:00:48.157875
2019-01-19,02:15,41.0,41.6,40.8,99.3,0.31,N@1.2,3.5,39.5,0.0,0,"Paterson.W (Paterson West), Benton County",300026,Paterson.W,2019-06-25 06:00:48.157875
2019-01-19,02:30,41.1,41.7,40.9,99.3,0.31,N@1.6,3.1,39.5,0.0,0,"Paterson.W (Paterson West), Benton County",300026,Paterson.W,2019-06-25 06:00:48.157875
2019-01-19,02:45,40.6,41.2,40.4,99.3,0.31,N@3.4,4.2,39.5,0.0,0,"Paterson.W (Paterson West), Benton County",300026,Paterson.W,2019-06-25 06:00:48.157875
2019-01-19,03:00,40.3,40.8,40.1,99.3,0.32,NW@3.3,4.6,39.5,0.0,0,"Paterson.W (Paterson West), Benton County",300026,Paterson.W,2019-06-25 06:00:48.157875
2019-01-19,03:15,40.3,40.9,40.1,99.3,0.31,NW@4.2,5.7,39.5,0.0,0,"Paterson.W (Paterson West), Benton County",300026,Paterson.W,2019-06-25 06:00:48.157875
2019-01-19,03:30,40.1,40.7,40.0,99.3,0.29,NW@3.2,4.6,39.5,0.0,0,"Paterson.W (Paterson West), Benton County",300026,Paterson.W,2019-06-25 06:00:48.157875
2019-01-19,03:45,40.0,40.6,39.8,99.3,0.28,NW@3.6,5.3,39.6,0.0,0,"Paterson.W (Paterson West), Benton County",300026,Paterson.W,2019-06-25 06:00:48.157875
2019-01-19,04:00,40.0,40.5,39.8,99.3,0.34,W@3.3,4.6,39.6,0.0,0,"Paterson.W (Paterson West), Benton County",300026,Paterson.W,2019-06-25 06:00:48.157875
2019-01-19,04:15,40.0,40.6,39.8,99.3,0.36,SW@3.2,4.9,39.6,0.0,0,"Paterson.W (Paterson West), Benton County",300026,Paterson.W,2019-06-25 06:00:48.157875
2019-01-19,04:30,40.1,40.6,39.9,99.3,0.36,SW@2.1,5.3,39.6,0.0,0,"Paterson.W (Paterson West), Benton County",300026,Paterson.W,2019-06-25 06:00:48.157875
2019-01-19,04:45,40.1,40.6,39.9,99.3,0.33,S@3.5,5.7,39.6,0.01,0,"Paterson.W (Paterson West), Benton County",300026,Paterson.W,2019-06-25 06:00:48.157875
2019-01-19,05:00,40.4,40.9,40.2,99.3,0.31,S@5.9,7.8,39.6,0.01,0,"Paterson.W (Paterson West), Benton County",300026,Paterson.W,2019-06-25 06:00:48.157875
2019-01-19,05:15,40.6,41.1,40.4,99.3,0.31,SW@4.7,7.1,39.6,0.02,0,"Paterson.W (Paterson West), Benton County",300026,Paterson.W,2019-06-25 06:00:48.157875
2019-01-19,05:30,40.7,41.2,40.5,99.3,0.3,SW@4.1,6.4,39.6,0.0,0,"Paterson.W (Paterson West), Benton County",300026,Paterson.W,2019-06-25 06:00:48.157875
2019-01-19,05:45,40.7,41.3,40.6,99.3,0.3,SW@4.6,6.4,39.6,0.01,0,"Paterson.W (Paterson West), Benton County",300026,Paterson.W,2019-06-25 06:00:48.157875
2019-01-19,06:00,40.7,41.2,40.5,99.3,0.3,SW@2.9,7.1,39.6,0.0,0,"Paterson.W (Paterson West), Benton County",300026,Paterson.W,2019-06-25 06:00:48.157875
2019-01-19,06:15,40.6,41.1,40.4,99.3,0.31,SW@5.7,8.5,39.6,0.0,0,"Paterson.W (Paterson West), Benton County",300026,Paterson.W,2019-06-25 06:00:48.157875
2019-01-19,06:30,40.5,41.1,40.3,99.3,0.31,S@4.7,8.5,39.6,0.0,0,"Paterson.W (Paterson West), Benton County",300026,Paterson.W,2019-06-25 06:00:48.157875
2019-01-19,06:45,40.6,41.2,40.5,99.3,0.32,SW@3.7,6.0,39.6,0.0,0,"Paterson.W (Paterson West), Benton County",300026,Paterson.W,2019-06-25 06:00:48.157875
2019-01-19,07:00,40.7,41.2,40.5,99.3,0.33,S@3.2,6.4,39.7,0.0,0,"Paterson.W (Paterson West), Benton County",300026,Paterson.W,2019-06-25 06:00:48.157875
2019-01-19,07:15,40.8,41.4,40.6,99.3,0.34,SW@3.0,4.9,39.7,0.0,0,"Paterson.W (Paterson West), Benton County",300026,Paterson.W,2019-06-25 06:00:48.157875
2019-01-19,07:30,40.8,41.4,40.6,99.3,0.34,SW@4.1,6.7,39.7,0.0,0,"Paterson.W (Paterson West), Benton County",300026,Paterson.W,2019-06-25 06:00:48.157875
2019-01-19,07:45,40.7,41.2,40.5,99.3,0.35,SE@1.9,4.9,39.7,0.0,1,"Paterson.W (Paterson West), Benton County",300026,Paterson.W,2019-06-25 06:00:48.157875
2019-01-19,08:00,40.7,41.2,40.5,99.3,0.36,SE@3.3,4.9,39.7,0.0,4,"Paterson.W (Paterson West), Benton County",300026,Paterson.W,2019-06-25 06:00:48.157875
2019-01-19,08:15,40.7,41.3,40.5,99.3,0.37,S@1.1,5.3,39.7,0.0,9,"Paterson.W (Paterson West), Benton County",300026,Paterson.W,2019-06-25 06:00:48.157875
2019-01-19,08:30,40.8,41.3,40.6,99.3,0.37,SE@2.8,5.3,39.7,0.0,14,"Paterson.W (Paterson West), Benton County",300026,Paterson.W,2019-06-25 06:00:48.157875
2019-01-19,08:45,41.0,41.6,40.8,99.3,0.38,E@0.9,4.2,39.7,0.0,25,"Paterson.W (Paterson West), Benton County",300026,Paterson.W,2019-06-25 06:00:48.157875
2019-01-19,09:00,41.3,41.9,41.2,99.3,0.38,SE@0.0,1.4,39.7,0.0,22,"Paterson.W (Paterson West), Benton County",300026,Paterson.W,2019-06-25 06:00:48.157875
2019-01-19,09:15,41.4,42.0,41.3,99.3,0.38,SW@0.4,2.8,39.8,0.0,26,"Paterson.W (Paterson West), Benton County",300026,Paterson.W,2019-06-25 06:00:48.157875
2019-01-19,09:30,41.7,42.3,41.6,99.3,0.39,E@0.0,1.4,39.8,0.0,52,"Paterson.W (Paterson West), Benton County",300026,Paterson.W,2019-06-25 06:00:48.157875
2019-01-19,09:45,41.8,42.4,41.7,99.3,0.37,E@0.2,2.8,39.8,0.0,57,"Paterson.W (Paterson West), Benton County",300026,Paterson.W,2019-06-25 06:00:48.157875
2019-01-19,10:00,41.9,42.5,41.7,99.3,0.34,S@1.2,3.9,39.8,0.0,55,"Paterson.W (Paterson West), Benton County",300026,Paterson.W,2019-06-25 06:00:48.157875
2019-01-19,10:15,42.1,42.7,41.9,99.3,0.32,S@3.4,5.7,39.8,0.0,53,"Paterson.W (Paterson West), Benton County",300026,Paterson.W,2019-06-25 06:00:48.157875
2019-01-19,10:30,42.0,42.6,41.8,99.3,0.25,SE@2.1,4.2,39.8,0.0,59,"Paterson.W (Paterson West), Benton County",300026,Paterson.W,2019-06-25 06:00:48.157875
2019-01-19,10:45,42.0,42.6,41.9,99.3,0.18,SE@1.5,3.9,39.8,0.0,83,"Paterson.W (Paterson West), Benton County",300026,Paterson.W,2019-06-25 06:00:48.157875
2019-01-19,11:00,42.3,42.8,42.1,99.3,0.11,S@0.3,3.9,39.8,0.0,74,"Paterson.W (Paterson West), Benton County",300026,Paterson.W,2019-06-25 06:00:48.157875
2019-01-19,11:15,42.5,43.1,42.3,99.3,0.08,W@2.2,7.4,39.9,0.0,93,"Paterson.W (Paterson West), Benton County",300026,Paterson.W,2019-06-25 06:00:48.157875
2019-01-19,11:30,43.0,43.8,42.8,99.3,0.05,W@2.0,4.9,39.9,0.0,129,"Paterson.W (Paterson West), Benton County",300026,Paterson.W,2019-06-25 06:00:48.157875
2019-01-19,11:45,43.4,44.2,43.2,99.3,0.04,NW@1.2,3.5,39.9,0.0,160,"Paterson.W (Paterson West), Benton County",300026,Paterson.W,2019-06-25 06:00:48.157875
2019-01-19,12:00,43.6,44.4,43.4,99.3,0.03,N@2.1,5.3,39.9,0.0,122,"Paterson.W (Paterson West), Benton County",300026,Paterson.W,2019-06-25 06:00:48.157875
2019-01-19,12:15,43.8,44.6,43.6,99.3,0.03,N@0.0,0.0,39.9,0.0,91,"Paterson.W (Paterson West), Benton County",300026,Paterson.W,2019-06-25 06:00:48.157875
2019-01-19,12:30,44.4,45.2,44.3,99.3,0.02,E@0.3,4.6,40.0,0.0,99,"Paterson.W (Paterson West), Benton County",300026,Paterson.W,2019-06-25 06:00:48.157875
2019-01-19,12:45,45.0,45.9,44.8,99.3,0.02,SE@1.9,5.7,40.0,0.0,96,"Paterson.W (Paterson West), Benton County",300026,Paterson.W,2019-06-25 06:00:48.157875
2019-01-19,13:00,44.8,45.4,44.6,99.3,0.02,SE@1.9,4.9,40.1,0.0,103,"Paterson.W (Paterson West), Benton County",300026,Paterson.W,2019-06-25 06:00:48.157875
2019-01-19,13:15,44.7,45.4,44.5,99.3,0.02,S@3.8,9.9,40.1,0.0,130,"Paterson.W (Paterson West), Benton County",300026,Paterson.W,2019-06-25 06:00:48.157875
2019-01-19,13:30,47.2,48.1,46.0,95.3,0.0,SW@7.9,11.7,40.1,0.0,133,"Paterson.W (Paterson West), Benton County",300026,Paterson.W,2019-06-25 06:00:48.157875
2019-01-19,13:45,47.3,48.0,45.3,92.7,0.0,SW@7.9,11.4,40.2,0.0,99,"Paterson.W (Paterson West), Benton County",300026,Paterson.W,2019-06-25 06:00:48.157875
2019-01-19,14:00,47.3,48.1,45.7,93.9,0.0,SW@6.4,8.9,40.3,0.0,123,"Paterson.W (Paterson West), Benton County",300026,Paterson.W,2019-06-25 06:00:48.157875
2019-01-19,14:15,47.6,48.3,45.6,92.5,0.0,SW@7.1,9.6,40.3,0.0,103,"Paterson.W (Paterson West), Benton County",300026,Paterson.W,2019-06-25 06:00:48.157875
2019-01-19,14:30,48.0,48.7,45.6,91.4,0.0,SW@7.2,9.2,40.4,0.0,122,"Paterson.W (Paterson West), Benton County",300026,Paterson.W,2019-06-25 06:00:48.157875
2019-01-19,14:45,48.4,49.1,45.7,90.3,0.0,SW@7.0,10.3,40.4,0.0,98,"Paterson.W (Paterson West), Benton County",300026,Paterson.W,2019-06-25 06:00:48.157875
2019-01-19,15:00,48.2,48.9,46.3,93.2,0.0,SW@6.5,9.2,40.5,0.0,96,"Paterson.W (Paterson West), Benton County",300026,Paterson.W,2019-06-25 06:00:48.157875
2019-01-19,15:15,46.5,47.0,45.5,96.3,0.01,S@4.6,6.7,40.5,0.0,85,"Paterson.W (Paterson West), Benton County",300026,Paterson.W,2019-06-25 06:00:48.157875
2019-01-19,15:30,46.4,47.2,45.8,97.4,0.01,S@3.5,6.0,40.6,0.0,73,"Paterson.W (Paterson West), Benton County",300026,Paterson.W,2019-06-25 06:00:48.157875
2019-01-19,15:45,48.3,49.2,45.1,88.6,0.0,SW@5.8,14.2,40.7,0.0,53,"Paterson.W (Paterson West), Benton County",300026,Paterson.W,2019-06-25 06:00:48.157875
2019-01-19,16:00,49.1,49.9,44.0,82.4,0.0,SW@7.9,13.5,40.7,0.0,34,"Paterson.W (Paterson West), Benton County",300026,Paterson.W,2019-06-25 06:00:48.157875
2019-01-19,16:15,49.1,49.8,43.3,80.4,0.0,SW@9.4,16.4,40.8,0.0,19,"Paterson.W (Paterson West), Benton County",300026,Paterson.W,2019-06-25 06:00:48.157875
2019-01-19,16:30,48.5,49.3,43.3,82.1,0.0,SW@8.6,12.4,40.8,0.0,13,"Paterson.W (Paterson West), Benton County",300026,Paterson.W,2019-06-25 06:00:48.157875
2019-01-19,16:45,47.8,48.6,43.4,84.4,0.0,SW@7.0,12.4,40.9,0.0,4,"Paterson.W (Paterson West), Benton County",300026,Paterson.W,2019-06-25 06:00:48.157875
2019-01-19,17:00,46.4,47.1,43.7,90.1,0.0,SW@6.7,9.2,40.9,0.0,1,"Paterson.W (Paterson West), Benton County",300026,Paterson.W,2019-06-25 06:00:48.157875
2019-01-19,17:15,46.0,46.8,43.4,90.5,0.0,SW@6.9,9.6,41.0,0.0,0,"Paterson.W (Paterson West), Benton County",300026,Paterson.W,2019-06-25 06:00:48.157875
2019-01-19,17:30,45.4,46.1,43.0,91.1,0.0,SW@6.1,8.2,41.1,0.0,0,"Paterson.W (Paterson West), Benton County",300026,Paterson.W,2019-06-25 06:00:48.157875
2019-01-19,17:45,44.8,45.5,42.8,92.7,0.0,W@5.0,7.1,41.1,0.0,0,"Paterson.W (Paterson West), Benton County",300026,Paterson.W,2019-06-25 06:00:48.157875
2019-01-19,18:00,45.1,45.8,42.7,91.2,0.01,NE@2.0,4.6,41.1,0.0,0,"Paterson.W (Paterson West), Benton County",300026,Paterson.W,2019-06-25 06:00:48.157875
2019-01-19,18:15,44.9,45.6,42.5,91.0,0.01,S@2.5,3.9,41.2,0.0,0,"Paterson.W (Paterson West), Benton County",300026,Paterson.W,2019-06-25 06:00:48.157875
2019-01-19,18:30,43.8,44.2,41.9,93.1,0.03,S@2.6,3.5,41.2,0.0,0,"Paterson.W (Paterson West), Benton County",300026,Paterson.W,2019-06-25 06:00:48.157875
2019-01-19,18:45,42.5,43.0,41.8,97.3,0.09,NW@2.1,4.6,41.2,0.0,0,"Paterson.W (Paterson West), Benton County",300026,Paterson.W,2019-06-25 06:00:48.157875
2019-01-19,19:00,41.4,41.8,41.2,99.1,0.19,N@2.6,4.9,41.3,0.0,0,"Paterson.W (Paterson West), Benton County",300026,Paterson.W,2019-06-25 06:00:48.157875
2019-01-19,19:15,41.4,41.8,41.2,99.3,0.35,N@1.6,4.9,41.3,0.0,0,"Paterson.W (Paterson West), Benton County",300026,Paterson.W,2019-06-25 06:00:48.157875
2019-01-19,19:30,41.1,41.5,40.9,99.3,0.38,NE@2.6,4.6,41.3,0.0,0,"Paterson.W (Paterson West), Benton County",300026,Paterson.W,2019-06-25 06:00:48.157875
2019-01-19,19:45,40.9,41.3,40.7,99.3,0.39,N@1.7,3.9,41.3,0.0,0,"Paterson.W (Paterson West), Benton County",300026,Paterson.W,2019-06-25 06:00:48.157875
2019-01-19,20:00,40.8,41.2,40.6,99.3,0.38,E@1.2,3.1,41.3,0.0,0,"Paterson.W (Paterson West), Benton County",300026,Paterson.W,2019-06-25 06:00:48.157875
2019-01-19,20:15,40.1,40.5,39.9,99.3,0.38,NW@2.0,4.6,41.3,0.0,0,"Paterson.W (Paterson West), Benton County",300026,Paterson.W,2019-06-25 06:00:48.157875
2019-01-19,20:30,40.2,40.7,40.0,99.3,0.37,SE@1.4,3.1,41.3,0.0,0,"Paterson.W (Paterson West), Benton County",300026,Paterson.W,2019-06-25 06:00:48.157875
2019-01-19,20:45,39.2,39.7,39.0,99.3,0.37,NW@3.3,6.4,41.3,0.0,0,"Paterson.W (Paterson West), Benton County",300026,Paterson.W,2019-06-25 06:00:48.157875
2019-01-19,21:00,38.8,39.3,38.6,99.3,0.37,NW@2.3,4.9,41.3,0.0,0,"Paterson.W (Paterson West), Benton County",300026,Paterson.W,2019-06-25 06:00:48.157875
2019-01-19,21:15,38.6,39.1,38.4,99.3,0.37,NW@2.0,4.6,41.3,0.0,0,"Paterson.W (Paterson West), Benton County",300026,Paterson.W,2019-06-25 06:00:48.157875
2019-01-19,21:30,38.8,39.3,38.6,99.3,0.38,NW@1.0,4.2,41.3,0.0,0,"Paterson.W (Paterson West), Benton County",300026,Paterson.W,2019-06-25 06:00:48.157875
2019-01-19,21:45,39.2,39.7,39.0,99.3,0.38,N@1.5,4.6,41.3,0.0,0,"Paterson.W (Paterson West), Benton County",300026,Paterson.W,2019-06-25 06:00:48.157875
2019-01-19,22:00,38.4,38.8,38.2,99.3,0.38,N@3.4,4.9,41.2,0.0,0,"Paterson.W (Paterson West), Benton County",300026,Paterson.W,2019-06-25 06:00:48.157875
2019-01-19,22:15,37.9,38.3,37.7,99.3,0.38,N@1.2,3.9,41.2,0.0,0,"Paterson.W (Paterson West), Benton County",300026,Paterson.W,2019-06-25 06:00:48.157875
2019-01-19,22:30,37.9,38.4,37.7,99.3,0.38,NW@1.1,4.6,41.2,0.0,0,"Paterson.W (Paterson West), Benton County",300026,Paterson.W,2019-06-25 06:00:48.157875
2019-01-19,22:45,37.9,38.4,37.7,99.3,0.38,N@1.0,4.2,41.2,0.0,0,"Paterson.W (Paterson West), Benton County",300026,Paterson.W,2019-06-25 06:00:48.157875
2019-01-19,23:00,36.5,36.9,36.3,99.3,0.38,NW@2.7,4.6,41.2,0.0,0,"Paterson.W (Paterson West), Benton County",300026,Paterson.W,2019-06-25 06:00:48.157875
2019-01-19,23:15,36.4,36.9,36.2,99.3,0.38,NW@1.9,4.2,41.1,0.0,0,"Paterson.W (Paterson West), Benton County",300026,Paterson.W,2019-06-25 06:00:48.157875
2019-01-19,23:30,37.0,37.4,36.8,99.3,0.38,N@4.0,5.3,41.1,0.0,0,"Paterson.W (Paterson West), Benton County",300026,Paterson.W,2019-06-25 06:00:48.157875
2019-01-19,23:45,36.9,37.3,36.7,99.3,0.38,N@4.2,5.3,41.1,0.0,0,"Paterson.W (Paterson West), Benton County",300026,Paterson.W,2019-06-25 06:00:48.157875
2019-01-19,24:00,37.0,37.5,36.8,99.3,0.38,N@4.6,6.0,41.0,0.0,0,"Paterson.W (Paterson West), Benton County",300026,Paterson.W,2019-06-25 06:00:48.157875
2019-01-20,00:15,37.1,37.6,36.9,99.3,0.38,NE@4.1,5.3,41.0,0.0,0,"Paterson.W (Paterson West), Benton County",300026,Paterson.W,2019-06-25 06:00:48.157875
2019-01-20,00:30,37.4,38.0,37.2,99.3,0.39,NE@3.1,5.3,41.0,0.0,0,"Paterson.W (Paterson West), Benton County",300026,Paterson.W,2019-06-25 06:00:48.157875
2019-01-20,00:45,37.4,38.0,37.2,99.3,0.39,NE@4.0,4.9,40.9,0.0,0,"Paterson.W (Paterson West), Benton County",300026,Paterson.W,2019-06-25 06:00:48.157875
2019-01-20,01:00,37.6,38.3,37.4,99.3,0.39,NE@4.9,6.0,40.9,0.0,0,"Paterson.W (Paterson West), Benton County",300026,Paterson.W,2019-06-25 06:00:48.157875
2019-01-20,01:15,37.2,37.9,37.0,99.3,0.4,N@5.1,6.0,40.9,0.0,0,"Paterson.W (Paterson West), Benton County",300026,Paterson.W,2019-06-25 06:00:48.157875
2019-01-20,01:30,37.2,38.0,37.0,99.3,0.4,NE@5.0,6.0,40.8,0.0,0,"Paterson.W (Paterson West), Benton County",300026,Paterson.W,2019-06-25 06:00:48.157875
2019-01-20,01:45,37.3,38.1,37.1,99.3,0.41,N@5.0,7.1,40.8,0.0,0,"Paterson.W (Paterson West), Benton County",300026,Paterson.W,2019-06-25 06:00:48.157875
2019-01-20,02:00,37.1,37.9,37.0,99.3,0.42,N@5.4,6.7,40.7,0.0,0,"Paterson.W (Paterson West), Benton County",300026,Paterson.W,2019-06-25 06:00:48.157875
2019-01-20,02:15,37.3,38.1,37.1,99.3,0.42,NE@6.5,8.2,40.7,0.0,0,"Paterson.W (Paterson West), Benton County",300026,Paterson.W,2019-06-25 06:00:48.157875
2019-01-20,02:30,37.2,37.9,37.0,99.3,0.42,N@5.6,7.4,40.7,0.0,0,"Paterson.W (Paterson West), Benton County",300026,Paterson.W,2019-06-25 06:00:48.157875
2019-01-20,02:45,37.0,37.6,36.8,99.3,0.42,N@5.4,6.4,40.7,0.0,0,"Paterson.W (Paterson West), Benton County",300026,Paterson.W,2019-06-25 06:00:48.157875
2019-01-20,03:00,36.9,37.4,36.7,99.3,0.43,N@4.5,6.0,40.6,0.0,0,"Paterson.W (Paterson West), Benton County",300026,Paterson.W,2019-06-25 06:00:48.157875
2019-01-20,03:15,36.9,37.4,36.7,99.3,0.42,N@4.7,5.7,40.6,0.0,0,"Paterson.W (Paterson West), Benton County",300026,Paterson.W,2019-06-25 06:00:48.157875
2019-01-20,03:30,36.8,37.4,36.6,99.3,0.42,N@4.7,5.7,40.6,0.0,0,"Paterson.W (Paterson West), Benton County",300026,Paterson.W,2019-06-25 06:00:48.157875
2019-01-20,03:45,36.9,37.5,36.7,99.3,0.39,N@5.0,6.0,40.5,0.0,0,"Paterson.W (Paterson West), Benton County",300026,Paterson.W,2019-06-25 06:00:48.157875
2019-01-20,04:00,37.0,37.6,36.8,99.3,0.35,N@3.6,4.9,40.5,0.0,0,"Paterson.W (Paterson West), Benton County",300026,Paterson.W,2019-06-25 06:00:48.157875
2019-01-20,04:15,37.4,38.1,37.2,99.3,0.29,N@4.9,6.7,40.5,0.0,0,"Paterson.W (Paterson West), Benton County",300026,Paterson.W,2019-06-25 06:00:48.157875
2019-01-20,04:30,37.6,38.3,37.4,99.3,0.17,N@5.7,6.7,40.4,0.0,0,"Paterson.W (Paterson West), Benton County",300026,Paterson.W,2019-06-25 06:00:48.157875
2019-01-20,04:45,37.6,38.3,37.4,99.3,0.1,N@6.5,8.9,40.4,0.0,0,"Paterson.W (Paterson West), Benton County",300026,Paterson.W,2019-06-25 06:00:48.157875
2019-01-20,05:00,38.5,39.3,38.2,98.7,0.04,N@9.1,12.8,40.4,0.0,0,"Paterson.W (Paterson West), Benton County",300026,Paterson.W,2019-06-25 06:00:48.157875
2019-01-20,05:15,38.7,39.3,38.0,97.5,0.03,NE@10.5,14.2,40.4,0.0,0,"Paterson.W (Paterson West), Benton County",300026,Paterson.W,2019-06-25 06:00:48.157875
2019-01-20,05:30,38.5,39.2,38.0,98.1,0.03,NE@12.4,16.0,40.3,0.0,0,"Paterson.W (Paterson West), Benton County",300026,Paterson.W,2019-06-25 06:00:48.157875
2019-01-20,05:45,38.7,39.4,38.1,97.5,0.02,NE@12.6,16.7,40.3,0.0,0,"Paterson.W (Paterson West), Benton County",300026,Paterson.W,2019-06-25 06:00:48.157875
2019-01-20,06:00,38.9,39.5,38.6,98.9,0.04,NE@11.8,16.7,40.3,0.0,0,"Paterson.W (Paterson West), Benton County",300026,Paterson.W,2019-06-25 06:00:48.157875
2019-01-20,06:15,38.8,39.4,38.6,99.2,0.2,NE@11.3,15.0,40.3,0.0,0,"Paterson.W (Paterson West), Benton County",300026,Paterson.W,2019-06-25 06:00:48.157875
2019-01-20,06:30,38.6,39.3,38.5,99.2,0.37,NE@10.4,14.2,40.2,0.0,0,"Paterson.W (Paterson West), Benton County",300026,Paterson.W,2019-06-25 06:00:48.157875
2019-01-20,06:45,38.5,39.1,38.3,99.2,0.33,NE@9.9,13.9,40.2,0.0,0,"Paterson.W (Paterson West), Benton County",300026,Paterson.W,2019-06-25 06:00:48.157875
2019-01-20,07:00,38.4,39.0,38.2,99.2,0.29,NE@10.4,16.0,40.2,0.01,0,"Paterson.W (Paterson West), Benton County",300026,Paterson.W,2019-06-25 06:00:48.157875
2019-01-20,07:15,38.3,39.1,38.1,99.2,0.3,N@11.9,18.2,40.2,0.0,0,"Paterson.W (Paterson West), Benton County",300026,Paterson.W,2019-06-25 06:00:48.157875
2019-01-20,07:30,38.4,39.1,38.2,99.2,0.29,N@13.8,18.5,40.2,0.02,0,"Paterson.W (Paterson West), Benton County",300026,Paterson.W,2019-06-25 06:00:48.157875
2019-01-20,07:45,38.5,39.1,38.2,99.1,0.28,N@12.3,18.9,40.1,0.01,0,"Paterson.W (Paterson West), Benton County",300026,Paterson.W,2019-06-25 06:00:48.157875
2019-01-20,08:00,37.9,38.5,37.8,99.2,0.28,N@11.1,15.0,40.1,0.01,3,"Paterson.W (Paterson West), Benton County",300026,Paterson.W,2019-06-25 06:00:48.157875
2019-01-20,08:15,37.7,38.3,37.5,99.2,0.27,N@9.4,13.9,40.1,0.02,5,"Paterson.W (Paterson West), Benton County",300026,Paterson.W,2019-06-25 06:00:48.157875
2019-01-20,08:30,37.7,38.3,37.5,99.2,0.26,N@11.3,15.7,40.1,0.02,7,"Paterson.W (Paterson West), Benton County",300026,Paterson.W,2019-06-25 06:00:48.157875
2019-01-20,08:45,37.9,38.4,37.7,99.3,0.26,N@12.4,17.5,40.1,0.02,11,"Paterson.W (Paterson West), Benton County",300026,Paterson.W,2019-06-25 06:00:48.157875
2019-01-20,09:00,37.9,38.5,37.7,99.3,0.27,N@9.5,12.1,40.1,0.02,14,"Paterson.W (Paterson West), Benton County",300026,Paterson.W,2019-06-25 06:00:48.157875
2019-01-20,09:15,38.0,38.5,37.8,99.3,0.26,N@7.7,11.0,40.1,0.01,31,"Paterson.W (Paterson West), Benton County",300026,Paterson.W,2019-06-25 06:00:48.157875
2019-01-20,09:30,38.2,38.9,38.0,99.3,0.26,N@8.1,12.4,40.1,0.02,38,"Paterson.W (Paterson West), Benton County",300026,Paterson.W,2019-06-25 06:00:48.157875
2019-01-20,09:45,38.2,38.9,38.0,99.2,0.26,N@9.9,13.2,40.1,0.01,34,"Paterson.W (Paterson West), Benton County",300026,Paterson.W,2019-06-25 06:00:48.157875
2019-01-20,10:00,38.0,38.6,37.8,99.2,0.26,N@10.3,15.7,40.0,0.02,31,"Paterson.W (Paterson West), Benton County",300026,Paterson.W,2019-06-25 06:00:48.157875
2019-01-20,10:15,37.7,38.3,37.5,99.2,0.25,N@10.7,14.6,40.0,0.01,35,"Paterson.W (Paterson West), Benton County",300026,Paterson.W,2019-06-25 06:00:48.157875
2019-01-20,10:30,37.7,38.3,37.5,99.2,0.25,N@11.5,17.8,40.0,0.01,40,"Paterson.W (Paterson West), Benton County",300026,Paterson.W,2019-06-25 06:00:48.157875
2019-01-20,10:45,37.4,38.0,37.2,99.2,0.25,N@12.8,17.1,40.0,0.01,50,"Paterson.W (Paterson West), Benton County",300026,Paterson.W,2019-06-25 06:00:48.157875
2019-01-20,11:00,37.6,38.2,37.4,99.2,0.25,NW@11.7,15.7,40.0,0.01,48,"Paterson.W (Paterson West), Benton County",300026,Paterson.W,2019-06-25 06:00:48.157875
2019-01-20,11:15,37.9,38.5,37.7,99.2,0.25,NW@11.0,16.7,40.0,0.0,48,"Paterson.W (Paterson West), Benton County",300026,Paterson.W,2019-06-25 06:00:48.157875
2019-01-20,11:30,37.9,38.5,37.7,99.2,0.25,NW@10.7,15.7,40.0,0.01,64,"Paterson.W (Paterson West), Benton County",300026,Paterson.W,2019-06-25 06:00:48.157875
2019-01-20,11:45,38.1,38.7,37.9,99.2,0.26,N@10.0,13.5,40.0,0.0,71,"Paterson.W (Paterson West), Benton County",300026,Paterson.W,2019-06-25 06:00:48.157875
2019-01-20,12:00,38.0,38.6,37.8,99.2,0.27,NW@10.2,13.2,40.0,0.0,62,"Paterson.W (Paterson West), Benton County",300026,Paterson.W,2019-06-25 06:00:48.157875
2019-01-20,12:15,38.0,38.7,37.9,99.2,0.27,N@9.4,13.2,40.0,0.01,79,"Paterson.W (Paterson West), Benton County",300026,Paterson.W,2019-06-25 06:00:48.157875
2019-01-20,12:30,38.3,38.9,38.1,99.2,0.28,N@10.9,14.6,40.0,0.0,91,"Paterson.W (Paterson West), Benton County",300026,Paterson.W,2019-06-25 06:00:48.157875
2019-01-20,12:45,38.4,39.0,38.2,99.2,0.26,NW@8.5,11.4,39.9,0.0,55,"Paterson.W (Paterson West), Benton County",300026,Paterson.W,2019-06-25 06:00:48.157875
2019-01-20,13:00,38.3,38.9,38.0,99.1,0.26,NW@8.5,13.2,39.9,0.01,52,"Paterson.W (Paterson West), Benton County",300026,Paterson.W,2019-06-25 06:00:48.157875
2019-01-20,13:15,38.1,38.7,37.9,99.2,0.25,NW@8.4,12.1,39.9,0.01,42,"Paterson.W (Paterson West), Benton County",300026,Paterson.W,2019-06-25 06:00:48.157875
2019-01-20,13:30,38.2,38.8,38.0,99.2,0.24,NW@7.6,10.3,39.9,0.01,44,"Paterson.W (Paterson West), Benton County",300026,Paterson.W,2019-06-25 06:00:48.157875
2019-01-20,13:45,38.2,38.8,38.0,99.2,0.23,W@8.1,11.0,39.9,0.01,38,"Paterson.W (Paterson West), Benton County",300026,Paterson.W,2019-06-25 06:00:48.157875
2019-01-20,14:00,38.4,39.0,38.2,99.2,0.23,W@7.5,11.0,39.9,0.02,44,"Paterson.W (Paterson West), Benton County",300026,Paterson.W,2019-06-25 06:00:48.157875
2019-01-20,14:15,38.4,39.0,38.2,99.2,0.22,W@7.6,10.7,39.9,0.01,31,"Paterson.W (Paterson West), Benton County",300026,Paterson.W,2019-06-25 06:00:48.157875
2019-01-20,14:30,38.0,38.6,37.8,99.2,0.22,W@8.9,11.7,39.9,0.02,29,"Paterson.W (Paterson West), Benton County",300026,Paterson.W,2019-06-25 06:00:48.157875
2019-01-20,14:45,37.3,37.9,37.1,99.2,0.21,W@9.3,12.8,39.9,0.02,22,"Paterson.W (Paterson West), Benton County",300026,Paterson.W,2019-06-25 06:00:48.157875
2019-01-20,15:00,36.9,37.5,36.7,99.2,0.21,W@7.3,11.7,40.0,0.02,28,"Paterson.W (Paterson West), Benton County",300026,Paterson.W,2019-06-25 06:00:48.157875
2019-01-20,15:15,37.3,37.9,37.1,99.3,0.21,W@6.3,8.2,40.0,0.02,50,"Paterson.W (Paterson West), Benton County",300026,Paterson.W,2019-06-25 06:00:48.157875
2019-01-20,15:30,37.6,38.2,37.4,99.3,0.22,SW@6.6,8.9,40.0,0.01,22,"Paterson.W (Paterson West), Benton County",300026,Paterson.W,2019-06-25 06:00:48.157875
2019-01-20,15:45,37.5,38.1,37.4,99.3,0.22,SW@6.9,8.9,40.0,0.02,11,"Paterson.W (Paterson West), Benton County",300026,Paterson.W,2019-06-25 06:00:48.157875
2019-01-20,16:00,37.6,38.2,37.4,99.3,0.23,SW@5.4,7.8,40.0,0.02,20,"Paterson.W (Paterson West), Benton County",300026,Paterson.W,2019-06-25 06:00:48.157875
2019-01-20,16:15,37.8,38.3,37.6,99.3,0.23,SW@5.2,6.4,40.0,0.01,13,"Paterson.W (Paterson West), Benton County",300026,Paterson.W,2019-06-25 06:00:48.157875
2019-01-20,16:30,38.0,38.5,37.8,99.3,0.22,W@5.4,7.4,40.0,0.02,8,"Paterson.W (Paterson West), Benton County",300026,Paterson.W,2019-06-25 06:00:48.157875
2019-01-20,16:45,38.0,38.5,37.8,99.3,0.23,W@5.0,7.1,40.0,0.01,3,"Paterson.W (Paterson West), Benton County",300026,Paterson.W,2019-06-25 06:00:48.157875
2019-01-20,17:00,38.0,38.5,37.8,99.3,0.23,W@4.4,6.4,40.0,0.01,0,"Paterson.W (Paterson West), Benton County",300026,Paterson.W,2019-06-25 06:00:48.157875
2019-01-20,17:15,38.0,38.6,37.8,99.3,0.22,W@4.0,5.3,39.9,0.01,0,"Paterson.W (Paterson West), Benton County",300026,Paterson.W,2019-06-25 06:00:48.157875
2019-01-20,17:30,38.0,38.5,37.8,99.3,0.23,SW@3.2,4.2,39.9,0.01,0,"Paterson.W (Paterson West), Benton County",300026,Paterson.W,2019-06-25 06:00:48.157875
2019-01-20,17:45,37.9,38.4,37.8,99.3,0.23,SW@2.7,3.5,39.9,0.01,0,"Paterson.W (Paterson West), Benton County",300026,Paterson.W,2019-06-25 06:00:48.157875
2019-01-20,18:00,37.9,38.4,37.7,99.3,0.23,SW@0.7,3.1,39.9,0.0,0,"Paterson.W (Paterson West), Benton County",300026,Paterson.W,2019-06-25 06:00:48.157875
2019-01-20,18:15,37.9,38.4,37.7,99.3,0.23,N@0.0,0.0,39.9,0.01,0,"Paterson.W (Paterson West), Benton County",300026,Paterson.W,2019-06-25 06:00:48.157875
2019-01-20,18:30,37.8,38.3,37.6,99.3,0.23,W@1.8,3.1,39.9,0.0,0,"Paterson.W (Paterson West), Benton County",300026,Paterson.W,2019-06-25 06:00:48.157875
2019-01-20,18:45,37.7,38.2,37.5,99.3,0.24,W@2.7,3.5,39.9,0.0,0,"Paterson.W (Paterson West), Benton County",300026,Paterson.W,2019-06-25 06:00:48.157875
2019-01-20,19:00,37.6,38.1,37.4,99.3,0.24,W@2.3,3.1,39.9,0.01,0,"Paterson.W (Paterson West), Benton County",300026,Paterson.W,2019-06-25 06:00:48.157875
2019-01-20,19:15,37.5,38.0,37.4,99.3,0.25,W@2.3,3.5,39.9,0.0,0,"Paterson.W (Paterson West), Benton County",300026,Paterson.W,2019-06-25 06:00:48.157875
2019-01-20,19:30,37.5,38.0,37.3,99.3,0.26,SW@1.5,3.5,39.9,0.0,0,"Paterson.W (Paterson West), Benton County",300026,Paterson.W,2019-06-25 06:00:48.157875
2019-01-20,19:45,37.4,37.8,37.2,99.3,0.26,N@0.0,0.0,39.9,0.0,0,"Paterson.W (Paterson West), Benton County",300026,Paterson.W,2019-06-25 06:00:48.157875
2019-01-20,20:00,37.2,37.7,37.1,99.3,0.26,N@0.0,0.0,39.9,0.0,0,"Paterson.W (Paterson West), Benton County",300026,Paterson.W,2019-06-25 06:00:48.157875
2019-01-20,20:15,36.9,37.4,36.7,99.3,0.26,S@1.2,3.1,39.9,0.0,0,"Paterson.W (Paterson West), Benton County",300026,Paterson.W,2019-06-25 06:00:48.157875
2019-01-20,20:30,36.7,37.2,36.6,99.3,0.27,N@0.0,0.0,39.9,0.0,0,"Paterson.W (Paterson West), Benton County",300026,Paterson.W,2019-06-25 06:00:48.157875
2019-01-20,20:45,36.6,37.0,36.4,99.3,0.27,NW@0.6,4.2,39.9,0.0,0,"Paterson.W (Paterson West), Benton County",300026,Paterson.W,2019-06-25 06:00:48.157875
2019-01-20,21:00,36.7,37.2,36.5,99.3,0.27,N@2.3,4.2,39.9,0.0,0,"Paterson.W (Paterson West), Benton County",300026,Paterson.W,2019-06-25 06:00:48.157875
2019-01-20,21:15,36.6,37.0,36.4,99.3,0.28,NW@0.9,3.1,39.9,0.0,0,"Paterson.W (Paterson West), Benton County",300026,Paterson.W,2019-06-25 06:00:48.157875
2019-01-20,21:30,36.9,37.4,36.7,99.3,0.28,NW@2.8,4.6,39.9,0.0,0,"Paterson.W (Paterson West), Benton County",300026,Paterson.W,2019-06-25 06:00:48.157875
2019-01-20,21:45,36.7,37.2,36.6,99.3,0.28,W@0.7,3.5,39.8,0.0,0,"Paterson.W (Paterson West), Benton County",300026,Paterson.W,2019-06-25 06:00:48.157875
2019-01-20,22:00,36.5,37.0,36.4,99.3,0.28,S@0.4,3.1,39.8,0.0,0,"Paterson.W (Paterson West), Benton County",300026,Paterson.W,2019-06-25 06:00:48.157875
2019-01-20,22:15,36.6,37.1,36.5,99.3,0.28,NW@0.8,3.1,39.8,0.0,0,"Paterson.W (Paterson West), Benton County",300026,Paterson.W,2019-06-25 06:00:48.157875
2019-01-20,22:30,36.5,37.0,36.3,99.3,0.28,SW@1.4,3.5,39.8,0.0,0,"Paterson.W (Paterson West), Benton County",300026,Paterson.W,2019-06-25 06:00:48.157875
2019-01-20,22:45,36.3,36.8,36.2,99.3,0.27,W@0.3,3.1,39.8,0.0,0,"Paterson.W (Paterson West), Benton County",300026,Paterson.W,2019-06-25 06:00:48.157875
2019-01-20,23:00,35.9,36.4,35.7,99.3,0.27,N@0.0,0.0,39.8,0.0,0,"Paterson.W (Paterson West), Benton County",300026,Paterson.W,2019-06-25 06:00:48.157875
2019-01-20,23:15,35.3,35.8,35.1,99.3,0.26,N@0.0,0.0,39.8,0.0,0,"Paterson.W (Paterson West), Benton County",300026,Paterson.W,2019-06-25 06:00:48.157875
2019-01-20,23:30,35.4,35.8,35.2,99.3,0.27,SE@0.0,1.4,39.7,0.0,0,"Paterson.W (Paterson West), Benton County",300026,Paterson.W,2019-06-25 06:00:48.157875
2019-01-20,23:45,35.0,35.3,34.8,99.3,0.28,SE@1.2,3.5,39.7,0.0,0,"Paterson.W (Paterson West), Benton County",300026,Paterson.W,2019-06-25 06:00:48.157875
2019-01-20,24:00,34.2,34.6,34.1,99.3,0.27,SE@1.3,4.2,39.7,0.0,0,"Paterson.W (Paterson West), Benton County",300026,Paterson.W,2019-06-25 06:00:48.157875
2019-01-21,00:15,34.0,34.4,33.9,99.3,0.26,E@1.3,3.9,39.7,0.0,0,"Paterson.W (Paterson West), Benton County",300026,Paterson.W,2019-06-25 06:00:48.157875
2019-01-21,00:30,33.2,33.7,33.1,99.3,0.26,E@3.5,4.2,39.7,0.0,0,"Paterson.W (Paterson West), Benton County",300026,Paterson.W,2019-06-25 06:00:48.157875
2019-01-21,00:45,33.3,33.7,33.1,99.3,0.26,SE@3.8,5.7,39.6,0.0,0,"Paterson.W (Paterson West), Benton County",300026,Paterson.W,2019-06-25 06:00:48.157875
2019-01-21,01:00,34.1,34.6,33.9,99.3,0.27,SE@4.7,6.4,39.6,0.0,0,"Paterson.W (Paterson West), Benton County",300026,Paterson.W,2019-06-25 06:00:48.157875
2019-01-21,01:15,34.5,35.0,34.3,99.3,0.27,SE@3.7,5.3,39.6,0.0,0,"Paterson.W (Paterson West), Benton County",300026,Paterson.W,2019-06-25 06:00:48.157875
2019-01-21,01:30,34.1,34.6,34.0,99.3,0.27,SE@3.1,4.6,39.5,0.0,0,"Paterson.W (Paterson West), Benton County",300026,Paterson.W,2019-06-25 06:00:48.157875
2019-01-21,01:45,33.6,34.0,33.4,99.3,0.27,S@2.5,3.5,39.5,0.0,0,"Paterson.W (Paterson West), Benton County",300026,Paterson.W,2019-06-25 06:00:48.157875
2019-01-21,02:00,32.8,33.3,32.7,99.3,0.27,S@0.4,2.8,39.4,0.0,0,"Paterson.W (Paterson West), Benton County",300026,Paterson.W,2019-06-25 06:00:48.157875
2019-01-21,02:15,31.8,32.2,31.5,99.3,0.25,NW@0.6,3.1,39.4,0.0,0,"Paterson.W (Paterson West), Benton County",300026,Paterson.W,2019-06-25 06:00:48.157875
2019-01-21,02:30,31.8,32.3,31.5,99.3,0.21,NE@2.0,3.9,39.4,0.0,0,"Paterson.W (Paterson West), Benton County",300026,Paterson.W,2019-06-25 06:00:48.157875
2019-01-21,02:45,31.1,31.5,30.7,99.3,0.14,E@0.6,2.8,39.3,0.0,0,"Paterson.W (Paterson West), Benton County",300026,Paterson.W,2019-06-25 06:00:48.157875
2019-01-21,03:00,30.2,30.8,29.7,99.3,0.09,NW@3.5,6.0,39.3,0.0,0,"Paterson.W (Paterson West), Benton County",300026,Paterson.W,2019-06-25 06:00:48.157875
2019-01-21,03:15,28.9,29.2,28.2,99.3,0.07,NW@3.6,6.0,39.2,0.0,0,"Paterson.W (Paterson West), Benton County",300026,Paterson.W,2019-06-25 06:00:48.157875
2019-01-21,03:30,29.2,29.9,28.5,99.3,0.07,NE@1.3,4.2,39.2,0.0,0,"Paterson.W (Paterson West), Benton County",300026,Paterson.W,2019-06-25 06:00:48.157875
2019-01-21,03:45,30.2,30.8,29.6,99.3,0.09,N@3.6,4.9,39.2,0.0,0,"Paterson.W (Paterson West), Benton County",300026,Paterson.W,2019-06-25 06:00:48.157875
2019-01-21,04:00,30.0,30.4,29.4,99.3,0.09,NW@3.0,3.9,39.1,0.0,0,"Paterson.W (Paterson West), Benton County",300026,Paterson.W,2019-06-25 06:00:48.157875
2019-01-21,04:15,30.5,31.1,30.0,99.3,0.13,N@3.5,4.6,39.1,0.0,0,"Paterson.W (Paterson West), Benton County",300026,Paterson.W,2019-06-25 06:00:48.157875
2019-01-21,04:30,30.8,31.4,30.3,99.3,0.16,N@3.5,4.6,39.0,0.0,0,"Paterson.W (Paterson West), Benton County",300026,Paterson.W,2019-06-25 06:00:48.157875
2019-01-21,04:45,31.1,31.8,30.7,99.3,0.17,N@0.6,3.1,39.0,0.0,0,"Paterson.W (Paterson West), Benton County",300026,Paterson.W,2019-06-25 06:00:48.157875
2019-01-21,05:00,31.5,32.1,31.1,99.3,0.21,N@3.1,4.6,39.0,0.0,0,"Paterson.W (Paterson West), Benton County",300026,Paterson.W,2019-06-25 06:00:48.157875
2019-01-21,05:15,31.5,32.1,31.2,99.3,0.16,N@0.9,3.9,38.9,0.0,0,"Paterson.W (Paterson West), Benton County",300026,Paterson.W,2019-06-25 06:00:48.157875
2019-01-21,05:30,31.5,32.1,31.2,99.3,0.17,NW@1.0,2.8,38.9,0.0,0,"Paterson.W (Paterson West), Benton County",300026,Paterson.W,2019-06-25 06:00:48.157875
2019-01-21,05:45,31.6,32.1,31.3,99.3,0.21,NW@2.5,4.2,38.8,0.0,0,"Paterson.W (Paterson West), Benton County",300026,Paterson.W,2019-06-25 06:00:48.157875
2019-01-21,06:00,31.6,32.1,31.3,99.3,0.22,NW@1.9,3.5,38.8,0.0,0,"Paterson.W (Paterson West), Benton County",300026,Paterson.W,2019-06-25 06:00:48.157875
2019-01-21,06:15,31.6,32.1,31.3,99.3,0.25,NW@1.3,4.6,38.8,0.0,0,"Paterson.W (Paterson West), Benton County",300026,Paterson.W,2019-06-25 06:00:48.157875
2019-01-21,06:30,31.5,32.1,31.1,99.3,0.21,W@3.1,4.2,38.7,0.0,0,"Paterson.W (Paterson West), Benton County",300026,Paterson.W,2019-06-25 06:00:48.157875
2019-01-21,06:45,31.4,32.0,31.0,99.3,0.2,NW@3.0,3.9,38.7,0.0,0,"Paterson.W (Paterson West), Benton County",300026,Paterson.W,2019-06-25 06:00:48.157875
2019-01-21,07:00,31.4,31.9,31.0,99.3,0.2,NW@2.0,3.5,38.7,0.0,0,"Paterson.W (Paterson West), Benton County",300026,Paterson.W,2019-06-25 06:00:48.157875
2019-01-21,07:15,31.4,31.9,31.0,99.3,0.21,N@1.6,3.5,38.6,0.0,0,"Paterson.W (Paterson West), Benton County",300026,Paterson.W,2019-06-25 06:00:48.157875
2019-01-21,07:30,31.4,31.9,31.1,99.3,0.2,N@1.1,2.8,38.6,0.0,2,"Paterson.W (Paterson West), Benton County",300026,Paterson.W,2019-06-25 06:00:48.157875
2019-01-21,07:45,31.2,31.5,30.8,99.3,0.16,N@1.6,3.5,38.6,0.0,8,"Paterson.W (Paterson West), Benton County",300026,Paterson.W,2019-06-25 06:00:48.157875
2019-01-21,08:00,31.0,31.3,30.5,99.3,0.17,NW@2.5,3.5,38.5,0.0,30,"Paterson.W (Paterson West), Benton County",300026,Paterson.W,2019-06-25 06:00:48.157875
2019-01-21,08:15,30.9,31.3,30.4,99.3,0.18,NW@3.4,4.6,38.5,0.0,44,"Paterson.W (Paterson West), Benton County",300026,Paterson.W,2019-06-25 06:00:48.157875
2019-01-21,08:30,30.2,30.4,29.6,99.3,0.13,NW@3.0,4.6,38.5,0.0,56,"Paterson.W (Paterson West), Benton County",300026,Paterson.W,2019-06-25 06:00:48.157875
2019-01-21,08:45,29.5,29.9,28.9,99.3,0.1,NW@2.8,3.9,38.4,0.0,67,"Paterson.W (Paterson West), Benton County",300026,Paterson.W,2019-06-25 06:00:48.157875
2019-01-21,09:00,29.4,29.9,28.7,99.3,0.11,N@2.2,3.9,38.4,0.0,77,"Paterson.W (Paterson West), Benton County",300026,Paterson.W,2019-06-25 06:00:48.157875
2019-01-21,09:15,29.7,30.2,29.0,99.3,0.12,NE@2.8,4.2,38.4,0.0,95,"Paterson.W (Paterson West), Benton County",300026,Paterson.W,2019-06-25 06:00:48.157875
2019-01-21,09:30,30.3,31.0,29.8,99.3,0.17,E@1.8,4.6,38.3,0.0,118,"Paterson.W (Paterson West), Benton County",300026,Paterson.W,2019-06-25 06:00:48.157875
2019-01-21,09:45,30.6,31.2,30.1,99.3,0.22,SE@3.1,4.9,38.3,0.0,178,"Paterson.W (Paterson West), Benton County",300026,Paterson.W,2019-06-25 06:00:48.157875
2019-01-21,10:00,30.9,31.6,30.5,99.3,0.31,SE@2.8,4.6,38.3,0.0,202,"Paterson.W (Paterson West), Benton County",300026,Paterson.W,2019-06-25 06:00:48.157875
2019-01-21,10:15,31.3,32.0,30.9,99.3,0.33,SE@4.4,6.0,38.2,0.0,223,"Paterson.W (Paterson West), Benton County",300026,Paterson.W,2019-06-25 06:00:48.157875
2019-01-21,10:30,31.7,32.1,31.3,99.3,0.29,SE@4.1,6.0,38.2,0.0,279,"Paterson.W (Paterson West), Benton County",300026,Paterson.W,2019-06-25 06:00:48.157875
2019-01-21,10:45,32.1,32.5,32.0,99.3,0.27,SE@3.7,5.3,38.2,0.0,174,"Paterson.W (Paterson West), Benton County",300026,Paterson.W,2019-06-25 06:00:48.157875
2019-01-21,11:00,32.5,33.2,32.3,99.3,0.28,SE@3.8,6.7,38.2,0.0,229,"Paterson.W (Paterson West), Benton County",300026,Paterson.W,2019-06-25 06:00:48.157875
2019-01-21,11:15,33.9,34.6,33.7,99.3,0.28,S@1.1,3.9,38.2,0.0,362,"Paterson.W (Paterson West), Benton County",300026,Paterson.W,2019-06-25 06:00:48.157875
2019-01-21,11:30,35.5,36.1,35.3,99.3,0.23,SW@1.6,4.9,38.2,0.0,360,"Paterson.W (Paterson West), Benton County",300026,Paterson.W,2019-06-25 06:00:48.157875
2019-01-21,11:45,36.5,37.0,36.3,99.3,0.16,SW@3.0,4.9,38.2,0.0,371,"Paterson.W (Paterson West), Benton County",300026,Paterson.W,2019-06-25 06:00:48.157875
2019-01-21,12:00,37.9,38.4,37.7,99.3,0.11,SW@2.0,5.3,38.2,0.0,379,"Paterson.W (Paterson West), Benton County",300026,Paterson.W,2019-06-25 06:00:48.157875
2019-01-21,12:15,38.6,39.3,38.5,99.3,0.06,SW@4.6,6.7,38.2,0.0,374,"Paterson.W (Paterson West), Benton County",300026,Paterson.W,2019-06-25 06:00:48.157875
2019-01-21,12:30,39.8,41.2,39.6,99.3,0.03,SW@4.4,7.8,38.3,0.0,371,"Paterson.W (Paterson West), Benton County",300026,Paterson.W,2019-06-25 06:00:48.157875
2019-01-21,12:45,40.6,42.5,40.4,99.3,0.03,SW@4.3,7.1,38.3,0.0,363,"Paterson.W (Paterson West), Benton County",300026,Paterson.W,2019-06-25 06:00:48.157875
2019-01-21,13:00,40.8,42.9,40.6,99.3,0.02,S@3.7,6.7,38.4,0.0,355,"Paterson.W (Paterson West), Benton County",300026,Paterson.W,2019-06-25 06:00:48.157875
2019-01-21,13:15,42.0,43.9,41.8,99.3,0.01,SW@3.8,7.4,38.4,0.0,345,"Paterson.W (Paterson West), Benton County",300026,Paterson.W,2019-06-25 06:00:48.157875
2019-01-21,13:30,43.4,45.0,43.2,99.3,0.0,SW@5.3,8.2,38.5,0.0,334,"Paterson.W (Paterson West), Benton County",300026,Paterson.W,2019-06-25 06:00:48.157875
2019-01-21,13:45,44.9,45.9,40.7,85.0,0.0,SW@6.5,8.9,38.6,0.0,321,"Paterson.W (Paterson West), Benton County",300026,Paterson.W,2019-06-25 06:00:48.157875
2019-01-21,14:00,45.7,46.4,38.8,76.6,0.0,SW@7.5,10.7,38.8,0.0,305,"Paterson.W (Paterson West), Benton County",300026,Paterson.W,2019-06-25 06:00:48.157875
2019-01-21,14:15,46.3,47.1,38.5,74.1,0.0,SW@6.3,8.9,38.9,0.0,286,"Paterson.W (Paterson West), Benton County",300026,Paterson.W,2019-06-25 06:00:48.157875
2019-01-21,14:30,46.6,47.3,37.8,71.4,0.0,SW@6.6,8.5,39.0,0.0,265,"Paterson.W (Paterson West), Benton County",300026,Paterson.W,2019-06-25 06:00:48.157875
2019-01-21,14:45,46.6,47.3,37.8,71.3,0.0,SW@6.2,9.2,39.1,0.0,242,"Paterson.W (Paterson West), Benton County",300026,Paterson.W,2019-06-25 06:00:48.157875
2019-01-21,15:00,46.5,47.3,37.5,70.6,0.0,SW@6.5,9.9,39.2,0.0,218,"Paterson.W (Paterson West), Benton County",300026,Paterson.W,2019-06-25 06:00:48.157875
2019-01-21,15:15,46.3,47.1,36.8,69.2,0.0,SW@5.7,8.5,39.4,0.0,191,"Paterson.W (Paterson West), Benton County",300026,Paterson.W,2019-06-25 06:00:48.157875
2019-01-21,15:30,46.5,47.3,36.5,67.8,0.0,SW@4.9,7.4,39.5,0.0,167,"Paterson.W (Paterson West), Benton County",300026,Paterson.W,2019-06-25 06:00:48.157875
2019-01-21,15:45,46.5,47.3,35.3,65.0,0.0,SW@5.0,7.4,39.6,0.0,136,"Paterson.W (Paterson West), Benton County",300026,Paterson.W,2019-06-25 06:00:48.157875
2019-01-21,16:00,45.7,46.5,35.1,66.1,0.0,SW@5.7,8.2,39.7,0.0,89,"Paterson.W (Paterson West), Benton County",300026,Paterson.W,2019-06-25 06:00:48.157875
2019-01-21,16:15,45.1,45.8,36.6,71.8,0.0,SW@3.4,5.7,39.8,0.0,79,"Paterson.W (Paterson West), Benton County",300026,Paterson.W,2019-06-25 06:00:48.157875
2019-01-21,16:30,43.5,44.2,36.4,75.7,0.0,SW@4.7,6.0,39.9,0.0,50,"Paterson.W (Paterson West), Benton County",300026,Paterson.W,2019-06-25 06:00:48.157875
2019-01-21,16:45,41.8,42.5,35.6,78.5,0.0,W@3.7,4.9,40.0,0.0,15,"Paterson.W (Paterson West), Benton County",300026,Paterson.W,2019-06-25 06:00:48.157875
2019-01-21,17:00,41.0,41.7,34.3,76.8,0.0,W@3.9,5.7,40.1,0.0,3,"Paterson.W (Paterson West), Benton County",300026,Paterson.W,2019-06-25 06:00:48.157875
2019-01-21,17:15,39.8,40.4,33.4,77.6,0.0,W@5.5,6.7,40.2,0.0,0,"Paterson.W (Paterson West), Benton County",300026,Paterson.W,2019-06-25 06:00:48.157875
2019-01-21,17:30,39.3,40.0,32.7,76.9,0.0,W@5.1,7.4,40.3,0.0,0,"Paterson.W (Paterson West), Benton County",300026,Paterson.W,2019-06-25 06:00:48.157875
2019-01-21,17:45,39.7,40.4,34.2,80.5,0.0,SW@5.2,7.8,40.3,0.0,0,"Paterson.W (Paterson West), Benton County",300026,Paterson.W,2019-06-25 06:00:48.157875
2019-01-21,18:00,39.1,39.7,34.3,82.9,0.0,SW@6.1,8.2,40.4,0.0,0,"Paterson.W (Paterson West), Benton County",300026,Paterson.W,2019-06-25 06:00:48.157875
2019-01-21,18:15,39.1,39.7,34.7,84.2,0.0,SW@7.2,8.5,40.4,0.0,0,"Paterson.W (Paterson West), Benton County",300026,Paterson.W,2019-06-25 06:00:48.157875
2019-01-21,18:30,38.6,39.2,34.7,85.9,0.0,SW@7.4,8.9,40.4,0.0,0,"Paterson.W (Paterson West), Benton County",300026,Paterson.W,2019-06-25 06:00:48.157875
2019-01-21,18:45,37.1,37.6,34.4,89.7,0.01,W@5.3,7.8,40.4,0.0,0,"Paterson.W (Paterson West), Benton County",300026,Paterson.W,2019-06-25 06:00:48.157875
2019-01-21,19:00,35.4,35.9,33.3,92.0,0.02,NW@3.4,5.7,40.4,0.0,0,"Paterson.W (Paterson West), Benton County",300026,Paterson.W,2019-06-25 06:00:48.157875
2019-01-21,19:15,36.1,36.7,32.7,87.2,0.0,NW@1.3,4.2,40.4,0.0,0,"Paterson.W (Paterson West), Benton County",300026,Paterson.W,2019-06-25 06:00:48.157875
2019-01-21,19:30,36.6,37.1,32.4,84.5,0.01,N@0.0,0.0,40.4,0.0,0,"Paterson.W (Paterson West), Benton County",300026,Paterson.W,2019-06-25 06:00:48.157875
2019-01-21,19:45,36.2,36.6,32.4,86.1,0.02,SE@0.9,3.5,40.4,0.0,0,"Paterson.W (Paterson West), Benton County",300026,Paterson.W,2019-06-25 06:00:48.157875
2019-01-21,20:00,35.4,35.8,32.8,90.2,0.05,SE@2.5,3.5,40.3,0.0,0,"Paterson.W (Paterson West), Benton County",300026,Paterson.W,2019-06-25 06:00:48.157875
2019-01-21,20:15,34.5,34.8,33.0,94.1,0.15,SE@1.1,3.1,40.3,0.0,0,"Paterson.W (Paterson West), Benton County",300026,Paterson.W,2019-06-25 06:00:48.157875
2019-01-21,20:30,34.0,34.5,32.9,95.7,0.23,SE@3.1,4.6,40.3,0.0,0,"Paterson.W (Paterson West), Benton County",300026,Paterson.W,2019-06-25 06:00:48.157875
2019-01-21,20:45,34.0,34.5,32.6,94.5,0.22,S@3.0,4.6,40.2,0.0,0,"Paterson.W (Paterson West), Benton County",300026,Paterson.W,2019-06-25 06:00:48.157875
2019-01-21,21:00,33.9,34.4,32.6,94.9,0.21,SE@3.1,3.9,40.2,0.0,0,"Paterson.W (Paterson West), Benton County",300026,Paterson.W,2019-06-25 06:00:48.157875
2019-01-21,21:15,33.1,33.6,31.8,94.9,0.17,S@3.6,4.9,40.1,0.0,0,"Paterson.W (Paterson West), Benton County",300026,Paterson.W,2019-06-25 06:00:48.157875
2019-01-21,21:30,33.4,33.9,31.9,94.3,0.09,S@3.7,4.9,40.1,0.0,0,"Paterson.W (Paterson West), Benton County",300026,Paterson.W,2019-06-25 06:00:48.157875
2019-01-21,21:45,33.0,33.4,31.7,94.9,0.08,S@3.4,4.6,40.0,0.0,0,"Paterson.W (Paterson West), Benton County",300026,Paterson.W,2019-06-25 06:00:48.157875
2019-01-21,22:00,33.0,33.5,31.8,95.5,0.12,S@3.5,4.6,40.0,0.0,0,"Paterson.W (Paterson West), Benton County",300026,Paterson.W,2019-06-25 06:00:48.157875
2019-01-21,22:15,33.0,33.5,31.7,94.9,0.08,S@3.1,4.6,39.9,0.0,0,"Paterson.W (Paterson West), Benton County",300026,Paterson.W,2019-06-25 06:00:48.157875
2019-01-21,22:30,32.7,33.1,31.5,95.2,0.1,S@2.3,3.1,39.9,0.0,0,"Paterson.W (Paterson West), Benton County",300026,Paterson.W,2019-06-25 06:00:48.157875
2019-01-21,22:45,32.8,33.3,31.7,95.4,0.12,S@0.4,2.4,39.8,0.0,0,"Paterson.W (Paterson West), Benton County",300026,Paterson.W,2019-06-25 06:00:48.157875
2019-01-21,23:00,32.7,33.2,31.6,95.6,0.1,SE@3.4,4.9,39.7,0.0,0,"Paterson.W (Paterson West), Benton County",300026,Paterson.W,2019-06-25 06:00:48.157875
2019-01-21,23:15,32.9,33.4,32.0,96.7,0.06,SE@3.6,4.9,39.7,0.0,0,"Paterson.W (Paterson West), Benton County",300026,Paterson.W,2019-06-25 06:00:48.157875
2019-01-21,23:30,33.3,33.8,32.3,96.0,0.03,SE@3.8,5.3,39.6,0.0,0,"Paterson.W (Paterson West), Benton County",300026,Paterson.W,2019-06-25 06:00:48.157875
2019-01-21,23:45,33.3,33.8,32.2,95.9,0.03,SE@4.4,6.0,39.6,0.0,0,"Paterson.W (Paterson West), Benton County",300026,Paterson.W,2019-06-25 06:00:48.157875
2019-01-21,24:00,33.1,33.6,32.1,96.2,0.03,SE@3.8,5.7,39.5,0.0,0,"Paterson.W (Paterson West), Benton County",300026,Paterson.W,2019-06-25 06:00:48.157875
2019-01-22,00:15,33.0,33.5,32.2,96.9,0.03,SE@4.4,5.7,39.5,0.0,0,"Paterson.W (Paterson West), Benton County",300026,Paterson.W,2019-06-25 06:00:48.157875
2019-01-22,00:30,32.9,33.4,32.1,97.1,0.03,SE@3.7,6.0,39.4,0.0,0,"Paterson.W (Paterson West), Benton County",300026,Paterson.W,2019-06-25 06:00:48.157875
2019-01-22,00:45,32.8,33.4,31.9,96.2,0.03,SE@3.0,4.2,39.4,0.0,0,"Paterson.W (Paterson West), Benton County",300026,Paterson.W,2019-06-25 06:00:48.157875
2019-01-22,01:00,33.1,33.7,31.9,95.3,0.02,SE@3.1,4.2,39.3,0.0,0,"Paterson.W (Paterson West), Benton County",300026,Paterson.W,2019-06-25 06:00:48.157875
2019-01-22,01:15,33.2,33.8,31.9,94.8,0.02,SE@2.4,3.5,39.3,0.0,0,"Paterson.W (Paterson West), Benton County",300026,Paterson.W,2019-06-25 06:00:48.157875
2019-01-22,01:30,33.3,33.9,32.0,94.6,0.02,SE@3.1,4.2,39.2,0.0,0,"Paterson.W (Paterson West), Benton County",300026,Paterson.W,2019-06-25 06:00:48.157875
2019-01-22,01:45,33.1,33.6,31.8,94.9,0.02,E@2.9,4.2,39.2,0.0,0,"Paterson.W (Paterson West), Benton County",300026,Paterson.W,2019-06-25 06:00:48.157875
2019-01-22,02:00,32.8,33.3,31.7,95.7,0.03,E@1.0,3.5,39.1,0.0,0,"Paterson.W (Paterson West), Benton County",300026,Paterson.W,2019-06-25 06:00:48.157875
2019-01-22,02:15,32.5,32.8,31.5,96.4,0.05,NE@0.3,2.4,39.1,0.0,0,"Paterson.W (Paterson West), Benton County",300026,Paterson.W,2019-06-25 06:00:48.157875
2019-01-22,02:30,32.4,32.9,31.7,97.4,0.05,SE@2.5,4.2,39.0,0.0,0,"Paterson.W (Paterson West), Benton County",300026,Paterson.W,2019-06-25 06:00:48.157875
2019-01-22,02:45,32.8,33.3,31.9,96.7,0.02,SE@2.9,4.2,39.0,0.0,0,"Paterson.W (Paterson West), Benton County",300026,Paterson.W,2019-06-25 06:00:48.157875
2019-01-22,03:00,32.8,33.3,32.0,96.8,0.03,SE@3.2,4.2,38.9,0.0,0,"Paterson.W (Paterson West), Benton County",300026,Paterson.W,2019-06-25 06:00:48.157875
2019-01-22,03:15,32.7,33.1,32.2,98.0,0.05,SE@2.8,3.5,38.9,0.0,0,"Paterson.W (Paterson West), Benton County",300026,Paterson.W,2019-06-25 06:00:48.157875
2019-01-22,03:30,32.5,32.9,32.3,99.0,0.09,SE@1.6,3.5,38.9,0.0,0,"Paterson.W (Paterson West), Benton County",300026,Paterson.W,2019-06-25 06:00:48.157875
2019-01-22,03:45,32.6,33.0,32.4,99.2,0.1,SE@1.3,2.8,38.8,0.0,0,"Paterson.W (Paterson West), Benton County",300026,Paterson.W,2019-06-25 06:00:48.157875
2019-01-22,04:00,32.5,32.8,32.3,99.2,0.1,SE@1.4,3.1,38.8,0.0,0,"Paterson.W (Paterson West), Benton County",300026,Paterson.W,2019-06-25 06:00:48.157875
2019-01-22,04:15,32.5,32.9,32.3,99.2,0.1,SE@2.0,3.5,38.7,0.0,0,"Paterson.W (Paterson West), Benton County",300026,Paterson.W,2019-06-25 06:00:48.157875
2019-01-22,04:30,32.5,33.0,32.3,99.2,0.09,SE@1.4,2.8,38.7,0.0,0,"Paterson.W (Paterson West), Benton County",300026,Paterson.W,2019-06-25 06:00:48.157875
2019-01-22,04:45,32.5,33.0,32.3,99.2,0.08,SE@1.6,2.8,38.7,0.0,0,"Paterson.W (Paterson West), Benton County",300026,Paterson.W,2019-06-25 06:00:48.157875
2019-01-22,05:00,32.2,32.6,32.1,99.2,0.09,N@1.2,4.2,38.6,0.0,0,"Paterson.W (Paterson West), Benton County",300026,Paterson.W,2019-06-25 06:00:48.157875
2019-01-22,05:15,30.5,30.9,30.0,99.3,0.1,N@3.4,5.7,38.6,0.0,0,"Paterson.W (Paterson West), Benton County",300026,Paterson.W,2019-06-25 06:00:48.157875
2019-01-22,05:30,30.7,31.0,30.2,99.3,0.11,N@0.4,2.4,38.5,0.0,0,"Paterson.W (Paterson West), Benton County",300026,Paterson.W,2019-06-25 06:00:48.157875
2019-01-22,05:45,31.4,31.9,31.0,99.3,0.13,E@0.5,2.8,38.5,0.0,0,"Paterson.W (Paterson West), Benton County",300026,Paterson.W,2019-06-25 06:00:48.157875
2019-01-22,06:00,32.0,32.5,31.7,99.3,0.12,N@0.0,0.0,38.5,0.0,0,"Paterson.W (Paterson West), Benton County",300026,Paterson.W,2019-06-25 06:00:48.157875
2019-01-22,06:15,32.0,32.5,31.8,99.3,0.13,E@1.0,3.1,38.4,0.0,0,"Paterson.W (Paterson West), Benton County",300026,Paterson.W,2019-06-25 06:00:48.157875
2019-01-22,06:30,32.2,32.8,32.1,99.3,0.14,E@0.1,2.1,38.4,0.0,0,"Paterson.W (Paterson West), Benton County",300026,Paterson.W,2019-06-25 06:00:48.157875
2019-01-22,06:45,32.4,33.0,32.2,99.3,0.13,SE@1.0,3.9,38.4,0.0,0,"Paterson.W (Paterson West), Benton County",300026,Paterson.W,2019-06-25 06:00:48.157875
2019-01-22,07:00,32.8,33.5,32.6,99.2,0.05,SE@2.9,4.9,38.3,0.0,0,"Paterson.W (Paterson West), Benton County",300026,Paterson.W,2019-06-25 06:00:48.157875
2019-01-22,07:15,33.1,33.7,32.6,97.8,0.04,SE@3.2,5.7,38.3,0.0,0,"Paterson.W (Paterson West), Benton County",300026,Paterson.W,2019-06-25 06:00:48.157875
2019-01-22,07:30,32.4,32.8,31.9,97.8,0.06,N@1.5,3.1,38.3,0.0,0,"Paterson.W (Paterson West), Benton County",300026,Paterson.W,2019-06-25 06:00:48.157875
2019-01-22,07:45,32.1,32.5,32.0,99.2,0.12,SE@0.4,3.1,38.2,0.0,3,"Paterson.W (Paterson West), Benton County",300026,Paterson.W,2019-06-25 06:00:48.157875
2019-01-22,08:00,32.5,33.0,32.3,99.2,0.12,E@0.7,3.1,38.2,0.0,11,"Paterson.W (Paterson West), Benton County",300026,Paterson.W,2019-06-25 06:00:48.157875
2019-01-22,08:15,32.8,33.3,32.6,99.0,0.09,SE@1.8,3.5,38.2,0.0,22,"Paterson.W (Paterson West), Benton County",300026,Paterson.W,2019-06-25 06:00:48.157875
2019-01-22,08:30,33.1,33.6,32.7,98.2,0.03,SE@3.3,4.2,38.2,0.0,34,"Paterson.W (Paterson West), Benton County",300026,Paterson.W,2019-06-25 06:00:48.157875
2019-01-22,08:45,33.4,33.9,32.9,97.8,0.02,SE@3.1,3.9,38.1,0.0,42,"Paterson.W (Paterson West), Benton County",300026,Paterson.W,2019-06-25 06:00:48.157875
2019-01-22,09:00,33.8,34.3,33.3,97.8,0.02,S@1.5,3.9,38.1,0.0,45,"Paterson.W (Paterson West), Benton County",300026,Paterson.W,2019-06-25 06:00:48.157875
2019-01-22,09:15,34.2,34.7,33.5,97.3,0.02,S@3.0,3.9,38.1,0.0,77,"Paterson.W (Paterson West), Benton County",300026,Paterson.W,2019-06-25 06:00:48.157875
2019-01-22,09:30,34.8,35.3,34.0,96.8,0.02,SE@2.8,4.2,38.0,0.0,94,"Paterson.W (Paterson West), Benton County",300026,Paterson.W,2019-06-25 06:00:48.157875
2019-01-22,09:45,35.1,35.7,34.3,96.6,0.01,SE@3.2,4.6,38.0,0.0,81,"Paterson.W (Paterson West), Benton County",300026,Paterson.W,2019-06-25 06:00:48.157875
2019-01-22,10:00,35.6,36.2,34.7,96.2,0.01,SE@2.9,3.9,38.0,0.0,94,"Paterson.W (Paterson West), Benton County",300026,Paterson.W,2019-06-25 06:00:48.157875
2019-01-22,10:15,36.1,36.7,35.1,95.8,0.01,SE@3.1,4.6,38.0,0.0,117,"Paterson.W (Paterson West), Benton County",300026,Paterson.W,2019-06-25 06:00:48.157875
2019-01-22,10:30,36.6,37.2,35.2,94.3,0.0,S@3.3,4.6,37.9,0.0,80,"Paterson.W (Paterson West), Benton County",300026,Paterson.W,2019-06-25 06:00:48.157875
2019-01-22,10:45,37.0,37.7,35.1,92.7,0.0,SE@4.3,6.0,37.9,0.0,69,"Paterson.W (Paterson West), Benton County",300026,Paterson.W,2019-06-25 06:00:48.157875
2019-01-22,11:00,37.7,38.3,34.9,89.4,0.0,S@5.4,7.8,37.9,0.0,78,"Paterson.W (Paterson West), Benton County",300026,Paterson.W,2019-06-25 06:00:48.157875
2019-01-22,11:15,38.0,38.5,35.2,89.6,0.0,S@4.9,6.7,37.9,0.0,81,"Paterson.W (Paterson West), Benton County",300026,Paterson.W,2019-06-25 06:00:48.157875
2019-01-22,11:30,38.6,39.3,35.2,87.4,0.0,S@6.0,10.3,37.8,0.0,80,"Paterson.W (Paterson West), Benton County",300026,Paterson.W,2019-06-25 06:00:48.157875
2019-01-22,11:45,40.0,40.6,34.7,81.2,0.0,S@6.4,11.0,37.8,0.0,86,"Paterson.W (Paterson West), Benton County",300026,Paterson.W,2019-06-25 06:00:48.157875
2019-01-22,12:00,39.8,40.5,35.0,82.6,0.0,S@4.8,6.7,37.8,0.0,98,"Paterson.W (Paterson West), Benton County",300026,Paterson.W,2019-06-25 06:00:48.157875
2019-01-22,12:15,40.6,41.2,35.6,82.2,0.0,S@4.5,6.4,37.8,0.0,101,"Paterson.W (Paterson West), Benton County",300026,Paterson.W,2019-06-25 06:00:48.157875
2019-01-22,12:30,41.1,41.8,35.4,80.0,0.0,S@5.3,7.8,37.8,0.0,78,"Paterson.W (Paterson West), Benton County",300026,Paterson.W,2019-06-25 06:00:48.157875
2019-01-22,12:45,41.9,42.6,35.7,78.3,0.0,S@7.0,10.7,37.8,0.0,75,"Paterson.W (Paterson West), Benton County",300026,Paterson.W,2019-06-25 06:00:48.157875
2019-01-22,13:00,42.7,43.4,34.4,72.2,0.0,S@7.8,11.7,37.8,0.0,76,"Paterson.W (Paterson West), Benton County",300026,Paterson.W,2019-06-25 06:00:48.157875
2019-01-22,13:15,42.7,43.4,34.1,71.3,0.0,S@7.7,11.4,37.8,0.0,62,"Paterson.W (Paterson West), Benton County",300026,Paterson.W,2019-06-25 06:00:48.157875
2019-01-22,13:30,42.9,43.6,33.2,68.3,0.0,SW@8.7,13.2,37.8,0.0,53,"Paterson.W (Paterson West), Benton County",300026,Paterson.W,2019-06-25 06:00:48.157875
2019-01-22,13:45,42.4,43.1,33.9,71.6,0.0,SW@8.1,12.1,37.8,0.0,41,"Paterson.W (Paterson West), Benton County",300026,Paterson.W,2019-06-25 06:00:48.157875
2019-01-22,14:00,42.0,42.7,34.4,74.3,0.08,SW@7.6,12.4,37.8,0.01,31,"Paterson.W (Paterson West), Benton County",300026,Paterson.W,2019-06-25 06:00:48.157875
2019-01-22,14:15,41.5,42.2,35.1,77.8,0.09,SW@7.2,11.0,37.9,0.0,24,"Paterson.W (Paterson West), Benton County",300026,Paterson.W,2019-06-25 06:00:48.157875
2019-01-22,14:30,41.2,41.9,35.7,80.7,0.08,SW@6.4,9.9,37.9,0.0,29,"Paterson.W (Paterson West), Benton County",300026,Paterson.W,2019-06-25 06:00:48.157875
2019-01-22,14:45,41.0,41.7,36.2,82.7,0.21,SW@5.2,8.5,37.9,0.0,29,"Paterson.W (Paterson West), Benton County",300026,Paterson.W,2019-06-25 06:00:48.157875
2019-01-22,15:00,41.0,41.7,36.1,82.5,0.07,S@6.6,8.9,38.0,0.01,21,"Paterson.W (Paterson West), Benton County",300026,Paterson.W,2019-06-25 06:00:48.157875
2019-01-22,15:15,40.6,41.2,36.7,85.8,0.07,S@5.8,8.5,38.0,0.0,20,"Paterson.W (Paterson West), Benton County",300026,Paterson.W,2019-06-25 06:00:48.157875
2019-01-22,15:30,40.1,40.6,37.3,89.9,0.17,S@4.0,6.4,38.0,0.01,13,"Paterson.W (Paterson West), Benton County",300026,Paterson.W,2019-06-25 06:00:48.157875
2019-01-22,15:45,39.8,40.3,37.7,92.1,0.24,S@4.4,6.0,38.1,0.02,9,"Paterson.W (Paterson West), Benton County",300026,Paterson.W,2019-06-25 06:00:48.157875
2019-01-22,16:00,39.7,40.3,37.5,92.0,0.23,S@5.5,8.5,38.1,0.01,6,"Paterson.W (Paterson West), Benton County",300026,Paterson.W,2019-06-25 06:00:48.157875
2019-01-22,16:15,39.3,39.7,37.8,94.5,0.23,S@3.9,4.9,38.1,0.02,3,"Paterson.W (Paterson West), Benton County",300026,Paterson.W,2019-06-25 06:00:48.157875
2019-01-22,16:30,39.0,39.5,38.2,97.1,0.22,S@3.3,4.6,38.2,0.01,3,"Paterson.W (Paterson West), Benton County",300026,Paterson.W,2019-06-25 06:00:48.157875
2019-01-22,16:45,38.9,39.4,38.3,98.0,0.23,S@2.9,3.9,38.2,0.02,1,"Paterson.W (Paterson West), Benton County",300026,Paterson.W,2019-06-25 06:00:48.157875
2019-01-22,17:00,38.7,39.2,38.5,99.0,0.22,SE@3.3,4.2,38.2,0.01,0,"Paterson.W (Paterson West), Benton County",300026,Paterson.W,2019-06-25 06:00:48.157875
2019-01-22,17:15,38.7,39.2,38.5,99.2,0.22,SE@3.1,4.6,38.3,0.0,0,"Paterson.W (Paterson West), Benton County",300026,Paterson.W,2019-06-25 06:00:48.157875
2019-01-22,17:30,38.7,39.2,38.5,99.2,0.22,SE@3.6,4.9,38.3,0.01,0,"Paterson.W (Paterson West), Benton County",300026,Paterson.W,2019-06-25 06:00:48.157875
2019-01-22,17:45,38.5,39.0,38.3,99.2,0.22,SE@3.0,4.2,38.3,0.01,0,"Paterson.W (Paterson West), Benton County",300026,Paterson.W,2019-06-25 06:00:48.157875
2019-01-22,18:00,38.3,38.7,38.1,99.2,0.22,E@3.6,4.6,38.3,0.01,0,"Paterson.W (Paterson West), Benton County",300026,Paterson.W,2019-06-25 06:00:48.157875
2019-01-22,18:15,38.1,38.6,37.9,99.2,0.22,E@4.0,4.9,38.4,0.01,0,"Paterson.W (Paterson West), Benton County",300026,Paterson.W,2019-06-25 06:00:48.157875
2019-01-22,18:30,38.1,38.7,37.9,99.3,0.23,SE@4.6,7.1,38.4,0.0,0,"Paterson.W (Paterson West), Benton County",300026,Paterson.W,2019-06-25 06:00:48.157875
2019-01-22,18:45,38.0,38.6,37.9,99.3,0.24,E@6.0,7.8,38.4,0.0,0,"Paterson.W (Paterson West), Benton County",300026,Paterson.W,2019-06-25 06:00:48.157875
2019-01-22,19:00,38.0,38.5,37.8,99.3,0.25,E@5.0,6.7,38.4,0.0,0,"Paterson.W (Paterson West), Benton County",300026,Paterson.W,2019-06-25 06:00:48.157875
2019-01-22,19:15,37.9,38.5,37.7,99.3,0.26,E@5.0,6.4,38.4,0.01,0,"Paterson.W (Paterson West), Benton County",300026,Paterson.W,2019-06-25 06:00:48.157875
2019-01-22,19:30,38.0,38.7,37.9,99.3,0.23,SE@5.1,6.7,38.4,0.0,0,"Paterson.W (Paterson West), Benton County",300026,Paterson.W,2019-06-25 06:00:48.157875
2019-01-22,19:45,38.1,38.7,37.9,99.3,0.17,SE@5.1,6.7,38.5,0.0,0,"Paterson.W (Paterson West), Benton County",300026,Paterson.W,2019-06-25 06:00:48.157875
2019-01-22,20:00,38.1,38.6,37.9,99.3,0.12,SE@4.9,6.0,38.5,0.0,0,"Paterson.W (Paterson West), Benton County",300026,Paterson.W,2019-06-25 06:00:48.157875
2019-01-22,20:15,38.1,38.8,38.0,99.3,0.08,SE@3.9,5.3,38.5,0.0,0,"Paterson.W (Paterson West), Benton County",300026,Paterson.W,2019-06-25 06:00:48.157875
2019-01-22,20:30,38.3,38.9,38.1,99.3,0.05,SE@4.4,5.7,38.5,0.0,0,"Paterson.W (Paterson West), Benton County",300026,Paterson.W,2019-06-25 06:00:48.157875
2019-01-22,20:45,38.2,38.8,38.0,99.3,0.05,SE@4.7,6.0,38.5,0.0,0,"Paterson.W (Paterson West), Benton County",300026,Paterson.W,2019-06-25 06:00:48.157875
2019-01-22,21:00,38.3,39.0,38.2,99.2,0.04,SE@4.5,6.0,38.5,0.0,0,"Paterson.W (Paterson West), Benton County",300026,Paterson.W,2019-06-25 06:00:48.157875
2019-01-22,21:15,38.4,39.0,38.2,99.2,0.03,SE@4.8,6.7,38.5,0.0,0,"Paterson.W (Paterson West), Benton County",300026,Paterson.W,2019-06-25 06:00:48.157875
2019-01-22,21:30,38.5,39.1,38.3,99.2,0.03,SE@4.8,6.4,38.6,0.0,0,"Paterson.W (Paterson West), Benton County",300026,Paterson.W,2019-06-25 06:00:48.157875
2019-01-22,21:45,38.4,39.0,38.2,99.2,0.03,SE@5.3,7.1,38.6,0.0,0,"Paterson.W (Paterson West), Benton County",300026,Paterson.W,2019-06-25 06:00:48.157875
2019-01-22,22:00,38.2,38.8,38.0,99.2,0.04,SE@4.2,6.0,38.6,0.0,0,"Paterson.W (Paterson West), Benton County",300026,Paterson.W,2019-06-25 06:00:48.157875
2019-01-22,22:15,38.1,38.6,37.9,99.3,0.04,SE@4.2,6.4,38.6,0.0,0,"Paterson.W (Paterson West), Benton County",300026,Paterson.W,2019-06-25 06:00:48.157875
2019-01-22,22:30,38.1,38.6,37.9,99.3,0.07,SE@4.2,5.7,38.6,0.0,0,"Paterson.W (Paterson West), Benton County",300026,Paterson.W,2019-06-25 06:00:48.157875
2019-01-22,22:45,37.9,38.4,37.7,99.3,0.1,SE@3.3,4.9,38.6,0.0,0,"Paterson.W (Paterson West), Benton County",300026,Paterson.W,2019-06-25 06:00:48.157875
2019-01-22,23:00,37.7,38.1,37.5,99.3,0.18,E@3.1,4.2,38.6,0.0,0,"Paterson.W (Paterson West), Benton County",300026,Paterson.W,2019-06-25 06:00:48.157875
2019-01-22,23:15,38.1,38.6,37.9,99.3,0.16,E@2.8,4.6,38.6,0.0,0,"Paterson.W (Paterson West), Benton County",300026,Paterson.W,2019-06-25 06:00:48.157875
2019-01-22,23:30,38.7,39.2,38.5,99.3,0.11,NE@4.0,7.4,38.6,0.0,0,"Paterson.W (Paterson West), Benton County",300026,Paterson.W,2019-06-25 06:00:48.157875
2019-01-22,23:45,38.6,39.1,38.4,99.3,0.1,NE@3.9,6.0,38.6,0.0,0,"Paterson.W (Paterson West), Benton County",300026,Paterson.W,2019-06-25 06:00:48.157875
2019-01-22,24:00,38.8,39.4,38.6,99.3,0.11,NE@0.5,4.2,38.6,0.0,0,"Paterson.W (Paterson West), Benton County",300026,Paterson.W,2019-06-25 06:00:48.157875
2019-01-23,00:15,39.0,39.6,38.8,99.3,0.06,N@2.7,6.0,38.6,0.0,0,"Paterson.W (Paterson West), Benton County",300026,Paterson.W,2019-06-25 06:00:48.157875
2019-01-23,00:30,39.3,40.1,39.2,99.3,0.03,E@3.7,6.7,38.7,0.0,0,"Paterson.W (Paterson West), Benton County",300026,Paterson.W,2019-06-25 06:00:48.157875
2019-01-23,00:45,39.8,40.7,39.6,99.3,0.02,SE@1.0,4.9,38.7,0.0,0,"Paterson.W (Paterson West), Benton County",300026,Paterson.W,2019-06-25 06:00:48.157875
2019-01-23,01:00,39.4,40.0,39.3,99.2,0.02,E@1.7,6.7,38.7,0.0,0,"Paterson.W (Paterson West), Benton County",300026,Paterson.W,2019-06-25 06:00:48.157875
2019-01-23,01:15,39.8,40.5,39.6,99.2,0.03,W@1.3,4.2,38.7,0.0,0,"Paterson.W (Paterson West), Benton County",300026,Paterson.W,2019-06-25 06:00:48.157875
2019-01-23,01:30,38.9,39.4,38.7,99.2,0.18,SW@0.7,3.5,38.7,0.0,0,"Paterson.W (Paterson West), Benton County",300026,Paterson.W,2019-06-25 06:00:48.157875
2019-01-23,01:45,38.3,38.8,38.1,99.2,0.26,E@1.8,4.2,38.7,0.0,0,"Paterson.W (Paterson West), Benton County",300026,Paterson.W,2019-06-25 06:00:48.157875
2019-01-23,02:00,38.4,39.0,38.2,99.3,0.28,E@0.6,4.9,38.7,0.0,0,"Paterson.W (Paterson West), Benton County",300026,Paterson.W,2019-06-25 06:00:48.157875
2019-01-23,02:15,39.8,40.5,39.5,99.2,0.3,S@2.3,6.0,38.7,0.0,0,"Paterson.W (Paterson West), Benton County",300026,Paterson.W,2019-06-25 06:00:48.157875
2019-01-23,02:30,41.0,41.7,40.1,96.3,0.12,SE@2.9,4.9,38.7,0.0,0,"Paterson.W (Paterson West), Benton County",300026,Paterson.W,2019-06-25 06:00:48.157875
2019-01-23,02:45,42.2,42.9,40.4,93.1,0.01,S@5.0,9.2,38.7,0.0,0,"Paterson.W (Paterson West), Benton County",300026,Paterson.W,2019-06-25 06:00:48.157875
2019-01-23,03:00,41.9,42.5,40.2,93.6,0.01,S@4.7,6.4,38.7,0.0,0,"Paterson.W (Paterson West), Benton County",300026,Paterson.W,2019-06-25 06:00:48.157875
2019-01-23,03:15,41.4,42.0,40.4,96.2,0.01,S@4.4,6.4,38.7,0.0,0,"Paterson.W (Paterson West), Benton County",300026,Paterson.W,2019-06-25 06:00:48.157875
2019-01-23,03:30,43.1,43.9,41.1,92.6,0.0,S@3.2,5.3,38.7,0.0,0,"Paterson.W (Paterson West), Benton County",300026,Paterson.W,2019-06-25 06:00:48.157875
2019-01-23,03:45,45.7,46.6,41.4,84.7,0.0,SE@4.1,7.8,38.7,0.0,0,"Paterson.W (Paterson West), Benton County",300026,Paterson.W,2019-06-25 06:00:48.157875
2019-01-23,04:00,47.5,48.2,41.1,78.5,0.0,S@5.6,11.0,38.7,0.0,0,"Paterson.W (Paterson West), Benton County",300026,Paterson.W,2019-06-25 06:00:48.157875
2019-01-23,04:15,47.2,47.9,41.1,79.1,0.0,SW@5.5,9.9,38.7,0.0,0,"Paterson.W (Paterson West), Benton County",300026,Paterson.W,2019-06-25 06:00:48.157875
2019-01-23,04:30,47.9,48.6,41.1,76.9,0.0,W@2.5,6.0,38.7,0.0,0,"Paterson.W (Paterson West), Benton County",300026,Paterson.W,2019-06-25 06:00:48.157875
2019-01-23,04:45,47.3,47.9,41.2,79.3,0.0,W@2.4,4.6,38.7,0.0,0,"Paterson.W (Paterson West), Benton County",300026,Paterson.W,2019-06-25 06:00:48.157875
2019-01-23,05:00,47.5,48.2,41.3,78.9,0.0,SW@5.9,12.1,38.7,0.0,0,"Paterson.W (Paterson West), Benton County",300026,Paterson.W,2019-06-25 06:00:48.157875
2019-01-23,05:15,46.7,47.4,41.3,81.1,0.0,SW@7.9,10.3,38.7,0.0,0,"Paterson.W (Paterson West), Benton County",300026,Paterson.W,2019-06-25 06:00:48.157875
2019-01-23,05:30,46.0,46.7,41.2,83.1,0.0,SW@7.9,11.0,38.7,0.0,0,"Paterson.W (Paterson West), Benton County",300026,Paterson.W,2019-06-25 06:00:48.157875
2019-01-23,05:45,45.0,45.7,40.7,84.8,0.0,SW@8.3,11.4,38.7,0.0,0,"Paterson.W (Paterson West), Benton County",300026,Paterson.W,2019-06-25 06:00:48.157875
2019-01-23,06:00,45.5,46.2,40.9,83.8,0.0,SW@6.7,11.4,38.8,0.0,0,"Paterson.W (Paterson West), Benton County",300026,Paterson.W,2019-06-25 06:00:48.157875
2019-01-23,06:15,45.3,46.0,40.9,84.4,0.0,SW@6.5,9.6,38.8,0.0,0,"Paterson.W (Paterson West), Benton County",300026,Paterson.W,2019-06-25 06:00:48.157875
2019-01-23,06:30,46.8,47.6,42.0,83.0,0.0,SW@7.6,14.2,38.8,0.0,0,"Paterson.W (Paterson West), Benton County",300026,Paterson.W,2019-06-25 06:00:48.157875
2019-01-23,06:45,49.3,50.1,43.6,80.4,0.0,SW@13.3,22.1,38.8,0.0,0,"Paterson.W (Paterson West), Benton County",300026,Paterson.W,2019-06-25 06:00:48.157875
2019-01-23,07:00,51.1,51.9,44.1,76.7,0.0,SW@15.6,22.8,38.8,0.0,0,"Paterson.W (Paterson West), Benton County",300026,Paterson.W,2019-06-25 06:00:48.157875
2019-01-23,07:15,51.0,51.8,44.0,76.9,0.0,SW@14.4,20.3,38.9,0.0,0,"Paterson.W (Paterson West), Benton County",300026,Paterson.W,2019-06-25 06:00:48.157875
2019-01-23,07:30,50.9,51.7,43.9,76.8,0.0,W@16.0,22.1,38.9,0.0,3,"Paterson.W (Paterson West), Benton County",300026,Paterson.W,2019-06-25 06:00:48.157875
2019-01-23,07:45,50.4,51.2,43.7,77.4,0.0,W@13.3,21.4,38.9,0.0,10,"Paterson.W (Paterson West), Benton County",300026,Paterson.W,2019-06-25 06:00:48.157875
2019-01-23,08:00,50.8,51.6,43.7,76.3,0.0,W@13.4,19.2,38.9,0.0,30,"Paterson.W (Paterson West), Benton County",300026,Paterson.W,2019-06-25 06:00:48.157875
2019-01-23,08:15,50.6,51.4,44.0,77.8,0.0,W@9.6,14.6,38.9,0.0,49,"Paterson.W (Paterson West), Benton County",300026,Paterson.W,2019-06-25 06:00:48.157875
2019-01-23,08:30,49.8,50.5,44.2,81.0,0.0,W@7.7,11.0,38.9,0.0,33,"Paterson.W (Paterson West), Benton County",300026,Paterson.W,2019-06-25 06:00:48.157875
2019-01-23,08:45,50.0,50.8,44.1,80.1,0.0,SW@8.0,11.0,39.0,0.0,32,"Paterson.W (Paterson West), Benton County",300026,Paterson.W,2019-06-25 06:00:48.157875
2019-01-23,09:00,50.9,51.7,44.5,78.7,0.0,SW@6.8,10.3,39.0,0.0,56,"Paterson.W (Paterson West), Benton County",300026,Paterson.W,2019-06-25 06:00:48.157875
2019-01-23,09:15,52.7,53.5,45.8,77.0,0.0,SW@7.0,9.9,39.0,0.0,127,"Paterson.W (Paterson West), Benton County",300026,Paterson.W,2019-06-25 06:00:48.157875
2019-01-23,09:30,52.9,53.8,45.6,76.0,0.0,W@6.7,12.4,39.1,0.0,61,"Paterson.W (Paterson West), Benton County",300026,Paterson.W,2019-06-25 06:00:48.157875
2019-01-23,09:45,52.9,53.7,45.6,76.1,0.0,W@6.0,12.8,39.1,0.0,62,"Paterson.W (Paterson West), Benton County",300026,Paterson.W,2019-06-25 06:00:48.157875
2019-01-23,10:00,52.6,53.3,46.5,79.7,0.0,W@4.6,6.4,39.1,0.0,71,"Paterson.W (Paterson West), Benton County",300026,Paterson.W,2019-06-25 06:00:48.157875
2019-01-23,10:15,53.4,54.2,46.0,75.8,0.0,W@6.2,8.9,39.2,0.0,78,"Paterson.W (Paterson West), Benton County",300026,Paterson.W,2019-06-25 06:00:48.157875
2019-01-23,10:30,53.3,54.1,46.3,76.9,0.0,W@5.5,7.8,39.2,0.0,88,"Paterson.W (Paterson West), Benton County",300026,Paterson.W,2019-06-25 06:00:48.157875
2019-01-23,10:45,53.3,54.1,46.7,78.1,0.0,N@6.5,12.1,39.3,0.0,92,"Paterson.W (Paterson West), Benton County",300026,Paterson.W,2019-06-25 06:00:48.157875
2019-01-23,11:00,51.5,52.2,45.4,79.6,0.0,NE@9.8,13.5,39.3,0.0,116,"Paterson.W (Paterson West), Benton County",300026,Paterson.W,2019-06-25 06:00:48.157875
2019-01-23,11:15,52.1,53.0,45.2,76.9,0.0,NE@7.2,9.6,39.4,0.0,192,"Paterson.W (Paterson West), Benton County",300026,Paterson.W,2019-06-25 06:00:48.157875
2019-01-23,11:30,55.3,56.1,46.0,70.9,0.0,NE@5.9,7.8,39.5,0.0,350,"Paterson.W (Paterson West), Benton County",300026,Paterson.W,2019-06-25 06:00:48.157875
2019-01-23,11:45,57.3,57.9,44.5,62.3,0.0,NE@4.3,6.7,39.5,0.0,355,"Paterson.W (Paterson West), Benton County",300026,Paterson.W,2019-06-25 06:00:48.157875
2019-01-23,12:00,57.0,57.4,46.0,66.5,0.0,NE@5.3,9.6,39.6,0.0,256,"Paterson.W (Paterson West), Benton County",300026,Paterson.W,2019-06-25 06:00:48.157875
2019-01-23,12:15,54.5,55.1,47.4,76.8,0.0,NE@8.7,11.0,39.7,0.0,274,"Paterson.W (Paterson West), Benton County",300026,Paterson.W,2019-06-25 06:00:48.157875
2019-01-23,12:30,52.7,53.4,46.8,80.0,0.0,NE@9.9,14.6,39.8,0.0,179,"Paterson.W (Paterson West), Benton County",300026,Paterson.W,2019-06-25 06:00:48.157875
2019-01-23,12:45,49.4,50.1,44.9,84.2,0.0,NE@11.3,14.6,39.8,0.0,197,"Paterson.W (Paterson West), Benton County",300026,Paterson.W,2019-06-25 06:00:48.157875
2019-01-23,13:00,50.1,50.8,45.4,83.7,0.0,NE@10.1,12.8,40.0,0.0,326,"Paterson.W (Paterson West), Benton County",300026,Paterson.W,2019-06-25 06:00:48.157875
2019-01-23,13:15,50.9,51.6,45.7,82.2,0.0,NE@10.4,14.2,40.1,0.0,359,"Paterson.W (Paterson West), Benton County",300026,Paterson.W,2019-06-25 06:00:48.157875
2019-01-23,13:30,51.3,52.0,45.4,79.9,0.0,NE@11.3,14.2,40.2,0.0,357,"Paterson.W (Paterson West), Benton County",300026,Paterson.W,2019-06-25 06:00:48.157875
2019-01-23,13:45,51.3,52.0,45.2,79.5,0.0,NE@9.4,12.1,40.3,0.0,259,"Paterson.W (Paterson West), Benton County",300026,Paterson.W,2019-06-25 06:00:48.157875
2019-01-23,14:00,51.5,52.2,44.4,76.4,0.0,NE@10.4,15.0,40.4,0.0,180,"Paterson.W (Paterson West), Benton County",300026,Paterson.W,2019-06-25 06:00:48.157875
2019-01-23,14:15,50.2,51.0,43.7,78.1,0.0,NE@9.6,13.9,40.5,0.0,118,"Paterson.W (Paterson West), Benton County",300026,Paterson.W,2019-06-25 06:00:48.157875
2019-01-23,14:30,51.1,51.9,44.3,77.2,0.0,E@7.5,10.7,40.7,0.0,221,"Paterson.W (Paterson West), Benton County",300026,Paterson.W,2019-06-25 06:00:48.157875
2019-01-23,14:45,51.7,52.5,43.9,74.4,0.0,SE@5.6,7.8,40.8,0.0,198,"Paterson.W (Paterson West), Benton County",300026,Paterson.W,2019-06-25 06:00:48.157875
2019-01-23,15:00,52.3,52.9,43.3,71.4,0.0,SE@7.3,11.0,40.9,0.0,240,"Paterson.W (Paterson West), Benton County",300026,Paterson.W,2019-06-25 06:00:48.157875
2019-01-23,15:15,51.2,51.9,43.4,74.4,0.0,SE@8.5,11.4,41.0,0.0,223,"Paterson.W (Paterson West), Benton County",300026,Paterson.W,2019-06-25 06:00:48.157875
2019-01-23,15:30,50.0,50.8,42.5,75.1,0.0,SE@8.1,11.4,41.1,0.0,77,"Paterson.W (Paterson West), Benton County",300026,Paterson.W,2019-06-25 06:00:48.157875
2019-01-23,15:45,49.1,49.9,42.0,76.5,0.0,SE@8.0,10.7,41.2,0.0,52,"Paterson.W (Paterson West), Benton County",300026,Paterson.W,2019-06-25 06:00:48.157875
2019-01-23,16:00,48.8,49.5,42.0,77.3,0.0,SE@7.2,9.9,41.3,0.0,51,"Paterson.W (Paterson West), Benton County",300026,Paterson.W,2019-06-25 06:00:48.157875
2019-01-23,16:15,48.1,48.8,41.9,79.0,0.0,SE@7.5,11.0,41.4,0.0,31,"Paterson.W (Paterson West), Benton County",300026,Paterson.W,2019-06-25 06:00:48.157875
2019-01-23,16:30,47.3,48.1,41.6,80.4,0.0,SE@7.5,10.3,41.5,0.0,26,"Paterson.W (Paterson West), Benton County",300026,Paterson.W,2019-06-25 06:00:48.157875
2019-01-23,16:45,46.8,47.5,41.0,80.2,0.0,SE@7.0,9.2,41.6,0.0,27,"Paterson.W (Paterson West), Benton County",300026,Paterson.W,2019-06-25 06:00:48.157875
2019-01-23,17:00,45.9,46.7,40.9,82.4,0.0,E@6.2,8.9,41.7,0.0,3,"Paterson.W (Paterson West), Benton County",300026,Paterson.W,2019-06-25 06:00:48.157875
2019-01-23,17:15,45.4,46.1,40.4,82.7,0.0,E@6.9,9.2,41.8,0.0,0,"Paterson.W (Paterson West), Benton County",300026,Paterson.W,2019-06-25 06:00:48.157875
2019-01-23,17:30,45.1,45.9,40.0,82.1,0.0,E@7.4,9.6,41.8,0.0,0,"Paterson.W (Paterson West), Benton County",300026,Paterson.W,2019-06-25 06:00:48.157875
2019-01-23,17:45,45.0,45.7,39.7,81.3,0.0,E@7.4,9.9,41.9,0.0,0,"Paterson.W (Paterson West), Benton County",300026,Paterson.W,2019-06-25 06:00:48.157875
2019-01-23,18:00,44.5,45.2,38.9,80.7,0.0,E@7.8,11.0,42.0,0.0,0,"Paterson.W (Paterson West), Benton County",300026,Paterson.W,2019-06-25 06:00:48.157875
2019-01-23,18:15,43.8,44.4,38.5,81.5,0.0,E@8.5,11.7,42.0,0.0,0,"Paterson.W (Paterson West), Benton County",300026,Paterson.W,2019-06-25 06:00:48.157875
2019-01-23,18:30,43.0,43.7,38.4,83.4,0.0,E@8.3,11.0,42.1,0.0,0,"Paterson.W (Paterson West), Benton County",300026,Paterson.W,2019-06-25 06:00:48.157875
2019-01-23,18:45,42.6,43.3,38.5,85.2,0.0,E@7.6,9.9,42.1,0.0,0,"Paterson.W (Paterson West), Benton County",300026,Paterson.W,2019-06-25 06:00:48.157875
2019-01-23,19:00,42.2,42.8,38.5,86.7,0.0,E@5.5,8.5,42.1,0.0,0,"Paterson.W (Paterson West), Benton County",300026,Paterson.W,2019-06-25 06:00:48.157875
2019-01-23,19:15,41.4,42.0,38.3,88.4,0.0,NE@5.2,6.4,42.1,0.0,0,"Paterson.W (Paterson West), Benton County",300026,Paterson.W,2019-06-25 06:00:48.157875
2019-01-23,19:30,40.1,40.6,38.0,92.2,0.01,NE@6.2,7.8,42.1,0.0,0,"Paterson.W (Paterson West), Benton County",300026,Paterson.W,2019-06-25 06:00:48.157875
2019-01-23,19:45,39.8,40.5,38.2,93.7,0.01,NE@6.1,7.4,42.2,0.0,0,"Paterson.W (Paterson West), Benton County",300026,Paterson.W,2019-06-25 06:00:48.157875
2019-01-23,20:00,39.4,40.0,37.8,94.0,0.02,NE@6.8,8.5,42.2,0.0,0,"Paterson.W (Paterson West), Benton County",300026,Paterson.W,2019-06-25 06:00:48.157875
2019-01-23,20:15,38.5,39.2,37.3,95.3,0.04,N@5.0,6.7,42.1,0.0,0,"Paterson.W (Paterson West), Benton County",300026,Paterson.W,2019-06-25 06:00:48.157875
2019-01-23,20:30,38.2,38.7,37.0,95.4,0.05,N@3.9,5.3,42.1,0.0,0,"Paterson.W (Paterson West), Benton County",300026,Paterson.W,2019-06-25 06:00:48.157875
2019-01-23,20:45,38.4,39.0,37.0,94.5,0.04,N@4.9,6.7,42.1,0.0,0,"Paterson.W (Paterson West), Benton County",300026,Paterson.W,2019-06-25 06:00:48.157875
2019-01-23,21:00,37.8,38.4,36.5,95.1,0.04,NW@4.2,6.0,42.1,0.0,0,"Paterson.W (Paterson West), Benton County",300026,Paterson.W,2019-06-25 06:00:48.157875
2019-01-23,21:15,36.8,37.3,36.0,97.0,0.06,NW@5.4,6.7,42.1,0.0,0,"Paterson.W (Paterson West), Benton County",300026,Paterson.W,2019-06-25 06:00:48.157875
2019-01-23,21:30,35.7,36.3,35.3,98.3,0.08,NW@6.0,8.2,42.0,0.0,0,"Paterson.W (Paterson West), Benton County",300026,Paterson.W,2019-06-25 06:00:48.157875
2019-01-23,21:45,36.2,36.8,35.6,97.6,0.05,N@6.3,7.8,42.0,0.0,0,"Paterson.W (Paterson West), Benton County",300026,Paterson.W,2019-06-25 06:00:48.157875
2019-01-23,22:00,37.0,37.6,35.8,95.4,0.04,N@4.3,6.7,42.0,0.0,0,"Paterson.W (Paterson West), Benton County",300026,Paterson.W,2019-06-25 06:00:48.157875
2019-01-23,22:15,37.4,38.0,35.4,92.6,0.02,N@5.2,6.4,41.9,0.0,0,"Paterson.W (Paterson West), Benton County",300026,Paterson.W,2019-06-25 06:00:48.157875
2019-01-23,22:30,37.1,37.6,35.3,93.0,0.03,N@4.4,5.3,41.9,0.0,0,"Paterson.W (Paterson West), Benton County",300026,Paterson.W,2019-06-25 06:00:48.157875
2019-01-23,22:45,35.2,35.7,34.2,95.8,0.05,NW@5.0,5.7,41.8,0.0,0,"Paterson.W (Paterson West), Benton County",300026,Paterson.W,2019-06-25 06:00:48.157875
2019-01-23,23:00,35.2,35.8,34.5,97.2,0.05,NW@5.2,6.4,41.8,0.0,0,"Paterson.W (Paterson West), Benton County",300026,Paterson.W,2019-06-25 06:00:48.157875
2019-01-23,23:15,34.8,35.3,34.2,97.8,0.07,NW@5.7,6.7,41.7,0.0,0,"Paterson.W (Paterson West), Benton County",300026,Paterson.W,2019-06-25 06:00:48.157875
2019-01-23,23:30,33.7,34.2,33.5,99.1,0.09,NW@5.7,7.1,41.6,0.0,0,"Paterson.W (Paterson West), Benton County",300026,Paterson.W,2019-06-25 06:00:48.157875
2019-01-23,23:45,33.5,34.1,33.3,99.2,0.09,NW@5.7,7.1,41.6,0.0,0,"Paterson.W (Paterson West), Benton County",300026,Paterson.W,2019-06-25 06:00:48.157875
2019-01-23,24:00,34.6,35.3,34.2,98.1,0.03,NW@4.7,5.7,41.5,0.0,0,"Paterson.W (Paterson West), Benton County",300026,Paterson.W,2019-06-25 06:00:48.157875
2019-01-24,00:15,35.4,36.0,33.9,94.0,0.01,N@4.6,6.0,41.5,0.0,0,"Paterson.W (Paterson West), Benton County",300026,Paterson.W,2019-06-25 06:00:48.157875
2019-01-24,00:30,35.4,36.0,33.7,93.6,0.01,N@4.7,6.0,41.4,0.0,0,"Paterson.W (Paterson West), Benton County",300026,Paterson.W,2019-06-25 06:00:48.157875
2019-01-24,00:45,35.4,36.0,33.9,94.2,0.01,N@5.0,6.4,41.3,0.0,0,"Paterson.W (Paterson West), Benton County",300026,Paterson.W,2019-06-25 06:00:48.157875
2019-01-24,01:00,35.4,36.0,33.9,94.4,0.01,N@5.8,7.1,41.3,0.0,0,"Paterson.W (Paterson West), Benton County",300026,Paterson.W,2019-06-25 06:00:48.157875
2019-01-24,01:15,35.4,36.0,34.0,94.7,0.01,NE@4.8,6.0,41.2,0.0,0,"Paterson.W (Paterson West), Benton County",300026,Paterson.W,2019-06-25 06:00:48.157875
2019-01-24,01:30,35.6,36.1,34.4,95.3,0.02,NE@3.0,3.9,41.1,0.0,0,"Paterson.W (Paterson West), Benton County",300026,Paterson.W,2019-06-25 06:00:48.157875
2019-01-24,01:45,35.8,36.4,34.5,94.8,0.02,NE@3.8,4.9,41.1,0.0,0,"Paterson.W (Paterson West), Benton County",300026,Paterson.W,2019-06-25 06:00:48.157875
2019-01-24,02:00,36.2,36.7,35.1,95.8,0.04,SE@3.7,4.9,41.0,0.0,0,"Paterson.W (Paterson West), Benton County",300026,Paterson.W,2019-06-25 06:00:48.157875
2019-01-24,02:15,35.5,36.0,35.2,98.7,0.1,S@3.8,4.6,40.9,0.0,0,"Paterson.W (Paterson West), Benton County",300026,Paterson.W,2019-06-25 06:00:48.157875
2019-01-24,02:30,35.3,35.8,35.1,99.2,0.23,S@3.5,4.2,40.9,0.0,0,"Paterson.W (Paterson West), Benton County",300026,Paterson.W,2019-06-25 06:00:48.157875
2019-01-24,02:45,35.3,35.8,35.1,99.2,0.33,S@2.6,3.5,40.8,0.0,0,"Paterson.W (Paterson West), Benton County",300026,Paterson.W,2019-06-25 06:00:48.157875
2019-01-24,03:00,35.3,35.8,35.1,99.3,0.36,S@0.5,3.9,40.8,0.0,0,"Paterson.W (Paterson West), Benton County",300026,Paterson.W,2019-06-25 06:00:48.157875
2019-01-24,03:15,34.6,35.1,34.4,99.3,0.35,NE@3.0,5.3,40.7,0.0,0,"Paterson.W (Paterson West), Benton County",300026,Paterson.W,2019-06-25 06:00:48.157875
2019-01-24,03:30,33.8,34.3,33.7,99.3,0.35,NE@3.8,5.3,40.7,0.0,0,"Paterson.W (Paterson West), Benton County",300026,Paterson.W,2019-06-25 06:00:48.157875
2019-01-24,03:45,34.3,34.7,34.1,99.3,0.35,NE@2.6,3.9,40.6,0.0,0,"Paterson.W (Paterson West), Benton County",300026,Paterson.W,2019-06-25 06:00:48.157875
2019-01-24,04:00,35.1,35.7,34.9,99.3,0.34,NE@0.5,3.1,40.6,0.0,0,"Paterson.W (Paterson West), Benton County",300026,Paterson.W,2019-06-25 06:00:48.157875
2019-01-24,04:15,34.5,35.0,34.3,99.3,0.34,N@3.2,4.2,40.5,0.0,0,"Paterson.W (Paterson West), Benton County",300026,Paterson.W,2019-06-25 06:00:48.157875
2019-01-24,04:30,32.9,33.4,32.7,99.3,0.34,N@3.4,4.6,40.5,0.0,0,"Paterson.W (Paterson West), Benton County",300026,Paterson.W,2019-06-25 06:00:48.157875
2019-01-24,04:45,33.3,33.8,33.2,99.3,0.33,N@1.1,3.1,40.4,0.0,0,"Paterson.W (Paterson West), Benton County",300026,Paterson.W,2019-06-25 06:00:48.157875
2019-01-24,05:00,33.6,34.0,33.4,99.3,0.32,N@2.8,3.1,40.4,0.0,0,"Paterson.W (Paterson West), Benton County",300026,Paterson.W,2019-06-25 06:00:48.157875
2019-01-24,05:15,33.3,33.7,33.1,99.3,0.32,N@3.0,3.5,40.3,0.0,0,"Paterson.W (Paterson West), Benton County",300026,Paterson.W,2019-06-25 06:00:48.157875
2019-01-24,05:30,33.1,33.6,32.9,99.3,0.32,N@2.0,3.9,40.3,0.0,0,"Paterson.W (Paterson West), Benton County",300026,Paterson.W,2019-06-25 06:00:48.157875
2019-01-24,05:45,33.2,33.7,33.0,99.3,0.32,N@4.1,6.0,40.2,0.0,0,"Paterson.W (Paterson West), Benton County",300026,Paterson.W,2019-06-25 06:00:48.157875
2019-01-24,06:00,32.6,33.2,32.4,99.3,0.33,NW@3.6,4.6,40.2,0.0,0,"Paterson.W (Paterson West), Benton County",300026,Paterson.W,2019-06-25 06:00:48.157875
2019-01-24,06:15,33.2,33.7,33.0,99.3,0.34,N@2.0,3.5,40.1,0.0,0,"Paterson.W (Paterson West), Benton County",300026,Paterson.W,2019-06-25 06:00:48.157875
2019-01-24,06:30,34.0,34.4,33.8,99.3,0.33,E@2.7,3.5,40.1,0.0,0,"Paterson.W (Paterson West), Benton County",300026,Paterson.W,2019-06-25 06:00:48.157875
2019-01-24,06:45,35.0,35.6,34.8,99.3,0.33,SE@3.4,4.9,40.0,0.0,0,"Paterson.W (Paterson West), Benton County",300026,Paterson.W,2019-06-25 06:00:48.157875
2019-01-24,07:00,34.8,35.3,34.6,99.3,0.33,SW@1.7,3.9,40.0,0.0,0,"Paterson.W (Paterson West), Benton County",300026,Paterson.W,2019-06-25 06:00:48.157875
2019-01-24,07:15,32.8,33.3,32.6,99.3,0.32,NW@4.0,5.7,39.9,0.0,0,"Paterson.W (Paterson West), Benton County",300026,Paterson.W,2019-06-25 06:00:48.157875
2019-01-24,07:30,31.1,31.6,30.7,99.3,0.32,NW@4.9,6.0,39.9,0.0,5,"Paterson.W (Paterson West), Benton County",300026,Paterson.W,2019-06-25 06:00:48.157875
2019-01-24,07:45,31.7,32.3,31.4,99.3,0.32,NW@4.1,5.3,39.8,0.0,17,"Paterson.W (Paterson West), Benton County",300026,Paterson.W,2019-06-25 06:00:48.157875
2019-01-24,08:00,32.8,33.3,32.6,99.3,0.33,N@3.8,4.6,39.8,0.0,50,"Paterson.W (Paterson West), Benton County",300026,Paterson.W,2019-06-25 06:00:48.157875
2019-01-24,08:15,33.7,34.3,33.5,99.3,0.34,N@3.5,4.2,39.7,0.0,68,"Paterson.W (Paterson West), Benton County",300026,Paterson.W,2019-06-25 06:00:48.157875
2019-01-24,08:30,34.2,34.8,34.0,99.3,0.34,N@2.6,3.5,39.7,0.0,82,"Paterson.W (Paterson West), Benton County",300026,Paterson.W,2019-06-25 06:00:48.157875
2019-01-24,08:45,35.0,35.3,34.8,99.3,0.35,N@0.4,3.5,39.6,0.0,104,"Paterson.W (Paterson West), Benton County",300026,Paterson.W,2019-06-25 06:00:48.157875
2019-01-24,09:00,35.6,36.2,35.4,99.3,0.36,N@2.7,3.9,39.6,0.0,120,"Paterson.W (Paterson West), Benton County",300026,Paterson.W,2019-06-25 06:00:48.157875
2019-01-24,09:15,36.6,37.4,36.4,99.3,0.37,N@1.1,2.8,39.5,0.0,140,"Paterson.W (Paterson West), Benton County",300026,Paterson.W,2019-06-25 06:00:48.157875
2019-01-24,09:30,39.1,39.5,38.8,99.0,0.39,N@0.0,0.0,39.5,0.0,156,"Paterson.W (Paterson West), Benton County",300026,Paterson.W,2019-06-25 06:00:48.157875
2019-01-24,09:45,40.9,41.2,39.8,96.0,0.37,SE@1.4,4.9,39.4,0.0,197,"Paterson.W (Paterson West), Benton County",300026,Paterson.W,2019-06-25 06:00:48.157875
2019-01-24,10:00,41.1,41.7,39.6,94.2,0.24,S@2.3,3.9,39.4,0.0,230,"Paterson.W (Paterson West), Benton County",300026,Paterson.W,2019-06-25 06:00:48.157875
2019-01-24,10:15,40.9,41.5,39.5,94.6,0.12,S@4.0,6.0,39.3,0.0,257,"Paterson.W (Paterson West), Benton County",300026,Paterson.W,2019-06-25 06:00:48.157875
2019-01-24,10:30,41.1,41.8,39.6,94.1,0.05,S@4.3,6.7,39.3,0.0,267,"Paterson.W (Paterson West), Benton County",300026,Paterson.W,2019-06-25 06:00:48.157875
2019-01-24,10:45,41.0,41.6,39.5,94.0,0.02,SE@4.8,7.1,39.3,0.0,275,"Paterson.W (Paterson West), Benton County",300026,Paterson.W,2019-06-25 06:00:48.157875
2019-01-24,11:00,40.8,41.5,39.3,94.4,0.01,S@4.4,6.7,39.3,0.0,275,"Paterson.W (Paterson West), Benton County",300026,Paterson.W,2019-06-25 06:00:48.157875
2019-01-24,11:15,42.0,42.8,39.9,92.1,0.0,S@4.0,6.7,39.3,0.0,353,"Paterson.W (Paterson West), Benton County",300026,Paterson.W,2019-06-25 06:00:48.157875
2019-01-24,11:30,43.1,43.8,40.2,89.4,0.0,SW@3.6,6.7,39.3,0.0,353,"Paterson.W (Paterson West), Benton County",300026,Paterson.W,2019-06-25 06:00:48.157875
2019-01-24,11:45,44.3,45.0,40.7,87.3,0.0,SW@3.3,5.7,39.3,0.0,354,"Paterson.W (Paterson West), Benton County",300026,Paterson.W,2019-06-25 06:00:48.157875
2019-01-24,12:00,45.4,46.0,41.3,85.3,0.0,NW@2.0,5.3,39.3,0.0,357,"Paterson.W (Paterson West), Benton County",300026,Paterson.W,2019-06-25 06:00:48.157875
2019-01-24,12:15,45.9,46.5,41.7,84.9,0.0,NW@3.0,4.9,39.4,0.0,361,"Paterson.W (Paterson West), Benton County",300026,Paterson.W,2019-06-25 06:00:48.157875
2019-01-24,12:30,46.7,47.4,42.1,83.8,0.0,W@3.1,6.0,39.4,0.0,362,"Paterson.W (Paterson West), Benton County",300026,Paterson.W,2019-06-25 06:00:48.157875
2019-01-24,12:45,47.4,48.0,42.4,82.6,0.0,W@4.3,7.1,39.5,0.0,360,"Paterson.W (Paterson West), Benton County",300026,Paterson.W,2019-06-25 06:00:48.157875
2019-01-24,13:00,48.1,48.8,42.3,80.1,0.0,W@3.1,5.7,39.6,0.0,358,"Paterson.W (Paterson West), Benton County",300026,Paterson.W,2019-06-25 06:00:48.157875
2019-01-24,13:15,49.0,49.5,42.6,78.3,0.0,SE@3.2,6.0,39.7,0.0,353,"Paterson.W (Paterson West), Benton County",300026,Paterson.W,2019-06-25 06:00:48.157875
2019-01-24,13:30,49.7,50.2,42.4,75.8,0.0,SE@2.8,5.7,39.8,0.0,344,"Paterson.W (Paterson West), Benton County",300026,Paterson.W,2019-06-25 06:00:48.157875
2019-01-24,13:45,50.1,50.8,42.2,74.3,0.0,SW@3.4,6.0,39.9,0.0,327,"Paterson.W (Paterson West), Benton County",300026,Paterson.W,2019-06-25 06:00:48.157875
2019-01-24,14:00,49.8,50.5,41.9,74.1,0.0,SE@3.6,5.3,40.1,0.0,295,"Paterson.W (Paterson West), Benton County",300026,Paterson.W,2019-06-25 06:00:48.157875
2019-01-24,14:15,49.4,50.1,41.6,74.4,0.0,SE@4.9,7.1,40.2,0.0,252,"Paterson.W (Paterson West), Benton County",300026,Paterson.W,2019-06-25 06:00:48.157875
2019-01-24,14:30,49.6,50.3,41.0,72.2,0.0,SE@4.0,6.4,40.3,0.0,242,"Paterson.W (Paterson West), Benton County",300026,Paterson.W,2019-06-25 06:00:48.157875
2019-01-24,14:45,50.3,51.1,40.7,69.4,0.0,S@3.9,6.4,40.5,0.0,209,"Paterson.W (Paterson West), Benton County",300026,Paterson.W,2019-06-25 06:00:48.157875
2019-01-24,15:00,50.6,51.5,40.4,67.7,0.0,S@4.3,6.4,40.6,0.0,181,"Paterson.W (Paterson West), Benton County",300026,Paterson.W,2019-06-25 06:00:48.157875
2019-01-24,15:15,49.5,50.2,40.6,71.2,0.0,SE@4.4,6.0,40.8,0.0,125,"Paterson.W (Paterson West), Benton County",300026,Paterson.W,2019-06-25 06:00:48.157875
2019-01-24,15:30,48.9,49.7,41.0,73.8,0.0,S@4.0,5.7,40.9,0.0,125,"Paterson.W (Paterson West), Benton County",300026,Paterson.W,2019-06-25 06:00:48.157875
2019-01-24,15:45,48.6,49.3,41.0,75.0,0.0,S@3.5,4.9,41.1,0.0,93,"Paterson.W (Paterson West), Benton County",300026,Paterson.W,2019-06-25 06:00:48.157875
2019-01-24,16:00,47.9,48.6,41.0,76.9,0.0,S@3.5,4.9,41.2,0.0,67,"Paterson.W (Paterson West), Benton County",300026,Paterson.W,2019-06-25 06:00:48.157875
2019-01-24,16:15,47.3,48.0,41.0,78.6,0.0,S@2.7,3.9,41.3,0.0,43,"Paterson.W (Paterson West), Benton County",300026,Paterson.W,2019-06-25 06:00:48.157875
2019-01-24,16:30,46.7,47.3,40.9,80.2,0.0,SE@2.4,3.9,41.4,0.0,28,"Paterson.W (Paterson West), Benton County",300026,Paterson.W,2019-06-25 06:00:48.157875
2019-01-24,16:45,46.3,47.0,40.9,81.3,0.0,SE@2.2,3.9,41.5,0.0,13,"Paterson.W (Paterson West), Benton County",300026,Paterson.W,2019-06-25 06:00:48.157875
2019-01-24,17:00,45.5,46.1,40.6,82.8,0.0,SE@3.8,4.6,41.6,0.0,3,"Paterson.W (Paterson West), Benton County",300026,Paterson.W,2019-06-25 06:00:48.157875
2019-01-24,17:15,44.6,45.2,40.5,85.1,0.0,E@3.5,4.2,41.7,0.0,0,"Paterson.W (Paterson West), Benton County",300026,Paterson.W,2019-06-25 06:00:48.157875
2019-01-24,17:30,44.1,44.8,40.4,86.6,0.0,E@4.0,4.9,41.8,0.0,0,"Paterson.W (Paterson West), Benton County",300026,Paterson.W,2019-06-25 06:00:48.157875
2019-01-24,17:45,44.3,45.0,40.3,85.4,0.0,E@4.3,4.9,41.9,0.0,0,"Paterson.W (Paterson West), Benton County",300026,Paterson.W,2019-06-25 06:00:48.157875
2019-01-24,18:00,44.6,45.3,40.2,84.5,0.0,E@4.3,5.3,41.9,0.0,0,"Paterson.W (Paterson West), Benton County",300026,Paterson.W,2019-06-25 06:00:48.157875
2019-01-24,18:15,44.7,45.4,40.0,83.5,0.0,SE@4.5,5.3,42.0,0.0,0,"Paterson.W (Paterson West), Benton County",300026,Paterson.W,2019-06-25 06:00:48.157875
2019-01-24,18:30,45.2,45.9,40.1,82.2,0.0,SE@4.4,5.3,42.0,0.0,0,"Paterson.W (Paterson West), Benton County",300026,Paterson.W,2019-06-25 06:00:48.157875
2019-01-24,18:45,45.3,46.0,39.9,81.4,0.0,SE@4.0,4.9,42.0,0.0,0,"Paterson.W (Paterson West), Benton County",300026,Paterson.W,2019-06-25 06:00:48.157875
2019-01-24,19:00,44.8,45.4,39.6,82.0,0.0,SE@3.5,4.6,42.1,0.0,0,"Paterson.W (Paterson West), Benton County",300026,Paterson.W,2019-06-25 06:00:48.157875
2019-01-24,19:15,43.7,44.3,39.4,84.7,0.0,SE@2.6,3.5,42.1,0.0,0,"Paterson.W (Paterson West), Benton County",300026,Paterson.W,2019-06-25 06:00:48.157875
2019-01-24,19:30,43.9,44.7,39.6,84.6,0.0,E@3.4,3.9,42.1,0.0,0,"Paterson.W (Paterson West), Benton County",300026,Paterson.W,2019-06-25 06:00:48.157875
2019-01-24,19:45,44.1,44.7,39.5,83.8,0.0,SE@3.1,3.9,42.1,0.0,0,"Paterson.W (Paterson West), Benton County",300026,Paterson.W,2019-06-25 06:00:48.157875
2019-01-24,20:00,42.3,42.9,39.0,87.9,0.0,S@3.4,4.2,42.1,0.0,0,"Paterson.W (Paterson West), Benton County",300026,Paterson.W,2019-06-25 06:00:48.157875
2019-01-24,20:15,41.4,42.0,39.0,91.2,0.01,S@3.1,3.9,42.0,0.0,0,"Paterson.W (Paterson West), Benton County",300026,Paterson.W,2019-06-25 06:00:48.157875
2019-01-24,20:30,41.5,42.1,39.2,91.4,0.01,SW@2.1,3.5,42.0,0.0,0,"Paterson.W (Paterson West), Benton County",300026,Paterson.W,2019-06-25 06:00:48.157875
2019-01-24,20:45,41.1,41.7,39.1,92.2,0.02,NE@0.9,2.8,42.0,0.0,0,"Paterson.W (Paterson West), Benton County",300026,Paterson.W,2019-06-25 06:00:48.157875
2019-01-24,21:00,40.9,41.4,39.1,93.2,0.02,NE@1.7,3.1,42.0,0.0,0,"Paterson.W (Paterson West), Benton County",300026,Paterson.W,2019-06-25 06:00:48.157875
2019-01-24,21:15,40.8,41.3,39.1,93.7,0.02,N@0.3,2.8,42.0,0.0,0,"Paterson.W (Paterson West), Benton County",300026,Paterson.W,2019-06-25 06:00:48.157875
2019-01-24,21:30,40.2,40.7,39.0,95.4,0.03,NE@1.7,3.1,42.0,0.0,0,"Paterson.W (Paterson West), Benton County",300026,Paterson.W,2019-06-25 06:00:48.157875
2019-01-24,21:45,40.3,40.9,39.1,95.2,0.03,N@0.0,0.0,41.9,0.0,0,"Paterson.W (Paterson West), Benton County",300026,Paterson.W,2019-06-25 06:00:48.157875
2019-01-24,22:00,40.4,40.9,39.1,95.3,0.02,E@0.7,2.4,41.9,0.0,0,"Paterson.W (Paterson West), Benton County",300026,Paterson.W,2019-06-25 06:00:48.157875
2019-01-24,22:15,40.8,41.4,39.3,94.6,0.02,SE@0.8,2.8,41.9,0.0,0,"Paterson.W (Paterson West), Benton County",300026,Paterson.W,2019-06-25 06:00:48.157875
2019-01-24,22:30,40.0,40.5,38.6,94.7,0.03,NW@2.6,7.8,41.8,0.0,0,"Paterson.W (Paterson West), Benton County",300026,Paterson.W,2019-06-25 06:00:48.157875
2019-01-24,22:45,37.4,37.9,37.2,99.0,0.13,NW@3.6,5.3,41.8,0.0,0,"Paterson.W (Paterson West), Benton County",300026,Paterson.W,2019-06-25 06:00:48.157875
2019-01-24,23:00,37.3,37.9,37.1,99.2,0.28,N@3.4,4.2,41.8,0.0,0,"Paterson.W (Paterson West), Benton County",300026,Paterson.W,2019-06-25 06:00:48.157875
2019-01-24,23:15,37.2,37.8,37.0,99.2,0.41,NE@3.0,3.9,41.8,0.0,0,"Paterson.W (Paterson West), Benton County",300026,Paterson.W,2019-06-25 06:00:48.157875
2019-01-24,23:30,37.9,38.5,37.7,99.3,0.4,NE@1.7,3.1,41.7,0.0,0,"Paterson.W (Paterson West), Benton County",300026,Paterson.W,2019-06-25 06:00:48.157875
2019-01-24,23:45,38.9,39.6,38.8,99.3,0.39,N@0.0,0.0,41.7,0.0,0,"Paterson.W (Paterson West), Benton County",300026,Paterson.W,2019-06-25 06:00:48.157875
2019-01-24,24:00,39.4,40.0,39.1,99.0,0.39,S@2.9,4.2,41.7,0.0,0,"Paterson.W (Paterson West), Benton County",300026,Paterson.W,2019-06-25 06:00:48.157875
2019-01-25,00:15,38.5,39.0,38.3,99.1,0.38,S@2.5,3.1,41.6,0.0,0,"Paterson.W (Paterson West), Benton County",300026,Paterson.W,2019-06-25 06:00:48.157875
2019-01-25,00:30,38.4,38.8,38.2,99.2,0.37,SW@2.4,3.5,41.6,0.0,0,"Paterson.W (Paterson West), Benton County",300026,Paterson.W,2019-06-25 06:00:48.157875
2019-01-25,00:45,36.3,36.7,36.1,99.3,0.36,NW@1.1,2.8,41.6,0.0,0,"Paterson.W (Paterson West), Benton County",300026,Paterson.W,2019-06-25 06:00:48.157875
2019-01-25,01:00,35.1,35.5,34.9,99.3,0.35,W@2.8,4.2,41.5,0.0,0,"Paterson.W (Paterson West), Benton County",300026,Paterson.W,2019-06-25 06:00:48.157875
2019-01-25,01:15,35.8,36.3,35.7,99.3,0.34,SW@3.7,4.2,41.5,0.0,0,"Paterson.W (Paterson West), Benton County",300026,Paterson.W,2019-06-25 06:00:48.157875
2019-01-25,01:30,35.2,35.7,35.0,99.3,0.33,W@3.1,4.6,41.4,0.0,0,"Paterson.W (Paterson West), Benton County",300026,Paterson.W,2019-06-25 06:00:48.157875
2019-01-25,01:45,34.7,35.2,34.5,99.3,0.31,NW@0.2,2.8,41.4,0.0,0,"Paterson.W (Paterson West), Benton County",300026,Paterson.W,2019-06-25 06:00:48.157875
2019-01-25,02:00,35.4,35.8,35.2,99.3,0.31,N@0.5,3.1,41.3,0.0,0,"Paterson.W (Paterson West), Benton County",300026,Paterson.W,2019-06-25 06:00:48.157875
2019-01-25,02:15,32.2,32.6,32.0,99.3,0.29,NE@4.4,6.0,41.3,0.0,0,"Paterson.W (Paterson West), Benton County",300026,Paterson.W,2019-06-25 06:00:48.157875
2019-01-25,02:30,32.1,32.6,32.0,99.3,0.29,NE@3.5,4.6,41.2,0.0,0,"Paterson.W (Paterson West), Benton County",300026,Paterson.W,2019-06-25 06:00:48.157875
2019-01-25,02:45,33.7,34.1,33.5,99.3,0.29,NE@3.3,3.9,41.1,0.0,0,"Paterson.W (Paterson West), Benton County",300026,Paterson.W,2019-06-25 06:00:48.157875
2019-01-25,03:00,34.4,34.8,34.3,99.3,0.28,E@3.0,4.2,41.1,0.0,0,"Paterson.W (Paterson West), Benton County",300026,Paterson.W,2019-06-25 06:00:48.157875
2019-01-25,03:15,34.5,35.0,34.3,99.3,0.27,SE@3.2,4.2,41.0,0.0,0,"Paterson.W (Paterson West), Benton County",300026,Paterson.W,2019-06-25 06:00:48.157875
2019-01-25,03:30,34.1,34.5,33.9,99.3,0.27,SE@2.5,3.5,40.9,0.0,0,"Paterson.W (Paterson West), Benton County",300026,Paterson.W,2019-06-25 06:00:48.157875
2019-01-25,03:45,33.0,33.4,32.9,99.3,0.27,SE@3.2,4.2,40.9,0.0,0,"Paterson.W (Paterson West), Benton County",300026,Paterson.W,2019-06-25 06:00:48.157875
2019-01-25,04:00,32.3,32.7,32.1,99.3,0.27,SE@3.5,4.9,40.8,0.0,0,"Paterson.W (Paterson West), Benton County",300026,Paterson.W,2019-06-25 06:00:48.157875
2019-01-25,04:15,32.1,32.6,31.9,99.3,0.27,S@2.8,4.9,40.8,0.0,0,"Paterson.W (Paterson West), Benton County",300026,Paterson.W,2019-06-25 06:00:48.157875
2019-01-25,04:30,30.8,31.3,30.3,99.3,0.16,NW@4.8,7.1,40.7,0.0,0,"Paterson.W (Paterson West), Benton County",300026,Paterson.W,2019-06-25 06:00:48.157875
2019-01-25,04:45,30.8,31.4,30.3,99.3,0.15,NW@1.8,3.1,40.6,0.0,0,"Paterson.W (Paterson West), Benton County",300026,Paterson.W,2019-06-25 06:00:48.157875
2019-01-25,05:00,31.0,31.6,30.6,99.3,0.14,E@0.0,1.4,40.6,0.0,0,"Paterson.W (Paterson West), Benton County",300026,Paterson.W,2019-06-25 06:00:48.157875
2019-01-25,05:15,31.2,31.6,30.7,99.3,0.14,NE@0.9,3.1,40.5,0.0,0,"Paterson.W (Paterson West), Benton County",300026,Paterson.W,2019-06-25 06:00:48.157875
2019-01-25,05:30,30.9,31.3,30.5,99.3,0.11,SE@0.7,3.1,40.4,0.0,0,"Paterson.W (Paterson West), Benton County",300026,Paterson.W,2019-06-25 06:00:48.157875
2019-01-25,05:45,30.4,30.7,29.9,99.3,0.1,SE@0.4,2.8,40.4,0.0,0,"Paterson.W (Paterson West), Benton County",300026,Paterson.W,2019-06-25 06:00:48.157875
2019-01-25,06:00,30.2,30.6,29.7,99.3,0.1,N@0.4,2.1,40.3,0.0,0,"Paterson.W (Paterson West), Benton County",300026,Paterson.W,2019-06-25 06:00:48.157875
2019-01-25,06:15,30.2,30.7,29.7,99.3,0.1,NW@0.1,1.7,40.3,0.0,0,"Paterson.W (Paterson West), Benton County",300026,Paterson.W,2019-06-25 06:00:48.157875
2019-01-25,06:30,30.4,30.9,29.9,99.3,0.12,N@1.3,3.1,40.2,0.0,0,"Paterson.W (Paterson West), Benton County",300026,Paterson.W,2019-06-25 06:00:48.157875
2019-01-25,06:45,30.4,30.9,29.9,99.3,0.13,N@2.3,4.6,40.2,0.0,0,"Paterson.W (Paterson West), Benton County",300026,Paterson.W,2019-06-25 06:00:48.157875
2019-01-25,07:00,30.5,31.1,30.1,99.3,0.15,N@6.0,7.8,40.1,0.0,0,"Paterson.W (Paterson West), Benton County",300026,Paterson.W,2019-06-25 06:00:48.157875
2019-01-25,07:15,31.2,31.8,30.8,99.3,0.18,N@4.1,6.7,40.1,0.0,0,"Paterson.W (Paterson West), Benton County",300026,Paterson.W,2019-06-25 06:00:48.157875
2019-01-25,07:30,31.5,32.1,31.1,99.3,0.24,NE@3.0,4.2,40.0,0.0,2,"Paterson.W (Paterson West), Benton County",300026,Paterson.W,2019-06-25 06:00:48.157875
2019-01-25,07:45,31.5,32.1,31.2,99.3,0.24,E@3.8,5.3,40.0,0.0,7,"Paterson.W (Paterson West), Benton County",300026,Paterson.W,2019-06-25 06:00:48.157875
2019-01-25,08:00,31.6,32.1,31.2,99.3,0.3,E@4.1,5.7,39.9,0.0,17,"Paterson.W (Paterson West), Benton County",300026,Paterson.W,2019-06-25 06:00:48.157875
2019-01-25,08:15,31.8,32.2,31.4,99.3,0.4,SE@3.9,5.7,39.9,0.0,25,"Paterson.W (Paterson West), Benton County",300026,Paterson.W,2019-06-25 06:00:48.157875
2019-01-25,08:30,32.2,32.8,32.0,99.3,0.3,SE@4.7,7.4,39.8,0.0,33,"Paterson.W (Paterson West), Benton County",300026,Paterson.W,2019-06-25 06:00:48.157875
2019-01-25,08:45,32.7,33.4,32.5,99.3,0.26,SE@4.8,6.4,39.8,0.0,48,"Paterson.W (Paterson West), Benton County",300026,Paterson.W,2019-06-25 06:00:48.157875
2019-01-25,09:00,33.0,33.6,32.8,99.3,0.28,SE@4.7,6.7,39.7,0.0,74,"Paterson.W (Paterson West), Benton County",300026,Paterson.W,2019-06-25 06:00:48.157875
2019-01-25,09:15,33.3,33.9,33.1,99.3,0.29,SE@3.5,4.9,39.7,0.0,79,"Paterson.W (Paterson West), Benton County",300026,Paterson.W,2019-06-25 06:00:48.157875
2019-01-25,09:30,33.4,33.9,33.2,99.3,0.3,SE@2.9,4.9,39.6,0.0,78,"Paterson.W (Paterson West), Benton County",300026,Paterson.W,2019-06-25 06:00:48.157875
2019-01-25,09:45,33.4,33.9,33.2,99.3,0.31,SE@1.6,4.6,39.6,0.0,99,"Paterson.W (Paterson West), Benton County",300026,Paterson.W,2019-06-25 06:00:48.157875
2019-01-25,10:00,33.8,34.3,33.6,99.3,0.32,NE@1.3,3.5,39.5,0.0,104,"Paterson.W (Paterson West), Benton County",300026,Paterson.W,2019-06-25 06:00:48.157875
2019-01-25,10:15,34.2,34.7,34.0,99.3,0.33,N@1.1,3.1,39.5,0.0,107,"Paterson.W (Paterson West), Benton County",300026,Paterson.W,2019-06-25 06:00:48.157875
2019-01-25,10:30,34.6,35.2,34.5,99.3,0.33,NE@1.4,3.5,39.5,0.0,109,"Paterson.W (Paterson West), Benton County",300026,Paterson.W,2019-06-25 06:00:48.157875
2019-01-25,10:45,35.0,35.5,34.8,99.3,0.31,E@1.4,3.5,39.4,0.0,112,"Paterson.W (Paterson West), Benton County",300026,Paterson.W,2019-06-25 06:00:48.157875
2019-01-25,11:00,35.5,36.1,35.4,99.3,0.23,E@2.2,4.9,39.4,0.0,126,"Paterson.W (Paterson West), Benton County",300026,Paterson.W,2019-06-25 06:00:48.157875
2019-01-25,11:15,35.9,36.5,35.8,99.3,0.12,E@3.5,6.0,39.4,0.0,130,"Paterson.W (Paterson West), Benton County",300026,Paterson.W,2019-06-25 06:00:48.157875
2019-01-25,11:30,36.4,36.9,36.2,99.3,0.07,SE@3.0,5.3,39.4,0.0,187,"Paterson.W (Paterson West), Benton County",300026,Paterson.W,2019-06-25 06:00:48.157875
2019-01-25,11:45,36.7,37.3,36.6,99.3,0.05,SE@3.7,6.0,39.4,0.0,207,"Paterson.W (Paterson West), Benton County",300026,Paterson.W,2019-06-25 06:00:48.157875
2019-01-25,12:00,37.7,38.2,37.5,99.3,0.03,SE@2.6,4.9,39.4,0.0,284,"Paterson.W (Paterson West), Benton County",300026,Paterson.W,2019-06-25 06:00:48.157875
2019-01-25,12:15,38.8,39.3,38.6,99.3,0.02,SE@2.8,4.6,39.4,0.0,300,"Paterson.W (Paterson West), Benton County",300026,Paterson.W,2019-06-25 06:00:48.157875
2019-01-25,12:30,39.7,40.2,39.5,99.3,0.0,SE@2.0,5.3,39.4,0.0,371,"Paterson.W (Paterson West), Benton County",300026,Paterson.W,2019-06-25 06:00:48.157875
2019-01-25,12:45,39.6,40.4,39.5,99.3,0.0,E@3.4,6.0,39.5,0.0,197,"Paterson.W (Paterson West), Benton County",300026,Paterson.W,2019-06-25 06:00:48.157875
2019-01-25,13:00,39.8,41.2,39.6,99.3,0.0,SE@3.6,6.0,39.5,0.0,187,"Paterson.W (Paterson West), Benton County",300026,Paterson.W,2019-06-25 06:00:48.157875
2019-01-25,13:15,39.7,41.4,39.5,99.3,0.0,S@3.7,6.4,39.5,0.0,176,"Paterson.W (Paterson West), Benton County",300026,Paterson.W,2019-06-25 06:00:48.157875
2019-01-25,13:30,39.7,41.4,39.5,99.3,0.0,S@3.1,5.7,39.6,0.0,167,"Paterson.W (Paterson West), Benton County",300026,Paterson.W,2019-06-25 06:00:48.157875
2019-01-25,13:45,40.4,42.1,40.2,99.3,0.0,SW@3.3,5.3,39.7,0.0,220,"Paterson.W (Paterson West), Benton County",300026,Paterson.W,2019-06-25 06:00:48.157875
2019-01-25,14:00,41.9,43.8,41.7,99.3,0.0,SW@2.8,4.9,39.7,0.0,369,"Paterson.W (Paterson West), Benton County",300026,Paterson.W,2019-06-25 06:00:48.157875
2019-01-25,14:15,43.1,44.9,43.0,99.3,0.0,SE@2.0,4.6,39.8,0.0,311,"Paterson.W (Paterson West), Benton County",300026,Paterson.W,2019-06-25 06:00:48.157875
2019-01-25,14:30,42.5,44.2,42.4,99.3,0.0,SW@2.1,3.9,39.9,0.0,189,"Paterson.W (Paterson West), Benton County",300026,Paterson.W,2019-06-25 06:00:48.157875
2019-01-25,14:45,43.0,44.5,42.8,99.3,0.0,NW@2.7,3.9,40.0,0.0,194,"Paterson.W (Paterson West), Benton County",300026,Paterson.W,2019-06-25 06:00:48.157875
2019-01-25,15:00,43.0,44.1,42.6,98.4,0.0,W@2.8,4.2,40.1,0.0,139,"Paterson.W (Paterson West), Benton County",300026,Paterson.W,2019-06-25 06:00:48.157875
2019-01-25,15:15,43.8,44.7,42.1,93.5,0.0,W@4.3,7.1,40.2,0.0,179,"Paterson.W (Paterson West), Benton County",300026,Paterson.W,2019-06-25 06:00:48.157875
2019-01-25,15:30,42.9,43.7,41.5,94.8,0.0,NW@4.7,6.4,40.3,0.0,99,"Paterson.W (Paterson West), Benton County",300026,Paterson.W,2019-06-25 06:00:48.157875
2019-01-25,15:45,42.7,43.4,41.6,95.7,0.0,NW@4.3,6.7,40.4,0.0,96,"Paterson.W (Paterson West), Benton County",300026,Paterson.W,2019-06-25 06:00:48.157875
2019-01-25,16:00,42.9,43.6,41.6,95.1,0.0,NW@4.3,5.7,40.5,0.0,120,"Paterson.W (Paterson West), Benton County",300026,Paterson.W,2019-06-25 06:00:48.157875
2019-01-25,16:15,42.7,43.3,41.5,95.5,0.0,NW@4.0,4.9,40.6,0.0,79,"Paterson.W (Paterson West), Benton County",300026,Paterson.W,2019-06-25 06:00:48.157875
2019-01-25,16:30,42.1,42.7,41.4,97.5,0.01,NW@4.2,5.3,40.7,0.0,64,"Paterson.W (Paterson West), Benton County",300026,Paterson.W,2019-06-25 06:00:48.157875
2019-01-25,16:45,40.8,41.4,40.5,99.1,0.04,NW@3.7,4.6,40.8,0.0,29,"Paterson.W (Paterson West), Benton County",300026,Paterson.W,2019-06-25 06:00:48.157875
2019-01-25,17:00,39.3,39.8,39.1,99.2,0.14,NW@3.8,4.2,40.9,0.0,8,"Paterson.W (Paterson West), Benton County",300026,Paterson.W,2019-06-25 06:00:48.157875
2019-01-25,17:15,38.5,39.1,38.3,99.3,0.26,NW@4.0,4.6,41.0,0.0,2,"Paterson.W (Paterson West), Benton County",300026,Paterson.W,2019-06-25 06:00:48.157875
2019-01-25,17:30,38.0,38.6,37.8,99.3,0.29,NW@4.1,4.6,41.0,0.0,0,"Paterson.W (Paterson West), Benton County",300026,Paterson.W,2019-06-25 06:00:48.157875
2019-01-25,17:45,38.5,39.3,38.3,99.3,0.3,NW@3.6,4.2,41.1,0.0,0,"Paterson.W (Paterson West), Benton County",300026,Paterson.W,2019-06-25 06:00:48.157875
2019-01-25,18:00,39.4,40.0,39.3,99.3,0.31,N@2.8,3.1,41.1,0.0,0,"Paterson.W (Paterson West), Benton County",300026,Paterson.W,2019-06-25 06:00:48.157875
2019-01-25,18:15,39.7,40.2,39.6,99.3,0.32,N@2.9,3.5,41.2,0.0,0,"Paterson.W (Paterson West), Benton County",300026,Paterson.W,2019-06-25 06:00:48.157875
2019-01-25,18:30,39.1,39.6,38.9,99.3,0.32,N@2.4,3.1,41.2,0.0,0,"Paterson.W (Paterson West), Benton County",300026,Paterson.W,2019-06-25 06:00:48.157875
2019-01-25,18:45,38.9,39.4,38.7,99.3,0.32,NE@2.3,3.5,41.2,0.0,0,"Paterson.W (Paterson West), Benton County",300026,Paterson.W,2019-06-25 06:00:48.157875
2019-01-25,19:00,37.4,37.7,37.3,99.3,0.31,NE@2.9,3.5,41.2,0.0,0,"Paterson.W (Paterson West), Benton County",300026,Paterson.W,2019-06-25 06:00:48.157875
2019-01-25,19:15,37.4,37.8,37.2,99.3,0.31,SE@2.2,3.9,41.2,0.0,0,"Paterson.W (Paterson West), Benton County",300026,Paterson.W,2019-06-25 06:00:48.157875
2019-01-25,19:30,36.9,37.4,36.8,99.3,0.3,S@2.4,3.5,41.2,0.0,0,"Paterson.W (Paterson West), Benton County",300026,Paterson.W,2019-06-25 06:00:48.157875
2019-01-25,19:45,36.7,37.1,36.6,99.3,0.3,W@1.7,3.5,41.2,0.0,0,"Paterson.W (Paterson West), Benton County",300026,Paterson.W,2019-06-25 06:00:48.157875
2019-01-25,20:00,33.9,34.3,33.7,99.3,0.29,NW@3.8,5.3,41.2,0.0,0,"Paterson.W (Paterson West), Benton County",300026,Paterson.W,2019-06-25 06:00:48.157875
2019-01-25,20:15,34.0,34.5,33.8,99.3,0.28,N@2.4,3.1,41.1,0.0,0,"Paterson.W (Paterson West), Benton County",300026,Paterson.W,2019-06-25 06:00:48.157875
2019-01-25,20:30,33.5,33.9,33.3,99.3,0.27,N@2.8,3.5,41.1,0.0,0,"Paterson.W (Paterson West), Benton County",300026,Paterson.W,2019-06-25 06:00:48.157875
2019-01-25,20:45,33.2,33.6,33.0,99.3,0.27,N@3.0,3.5,41.1,0.0,0,"Paterson.W (Paterson West), Benton County",300026,Paterson.W,2019-06-25 06:00:48.157875
2019-01-25,21:00,33.1,33.5,33.0,99.3,0.27,N@3.4,3.9,41.0,0.0,0,"Paterson.W (Paterson West), Benton County",300026,Paterson.W,2019-06-25 06:00:48.157875
2019-01-25,21:15,33.2,33.5,33.0,99.3,0.27,N@3.6,4.2,41.0,0.0,0,"Paterson.W (Paterson West), Benton County",300026,Paterson.W,2019-06-25 06:00:48.157875
2019-01-25,21:30,32.4,32.8,32.2,99.3,0.27,N@3.6,4.6,40.9,0.0,0,"Paterson.W (Paterson West), Benton County",300026,Paterson.W,2019-06-25 06:00:48.157875
2019-01-25,21:45,32.3,32.8,32.1,99.3,0.27,N@3.5,4.6,40.9,0.0,0,"Paterson.W (Paterson West), Benton County",300026,Paterson.W,2019-06-25 06:00:48.157875
2019-01-25,22:00,32.1,32.6,32.0,99.3,0.2,N@2.7,4.2,40.8,0.0,0,"Paterson.W (Paterson West), Benton County",300026,Paterson.W,2019-06-25 06:00:48.157875
2019-01-25,22:15,32.8,33.3,32.6,99.3,0.17,NE@2.1,3.5,40.8,0.0,0,"Paterson.W (Paterson West), Benton County",300026,Paterson.W,2019-06-25 06:00:48.157875
2019-01-25,22:30,33.4,33.9,33.2,99.3,0.28,SE@2.6,3.5,40.7,0.0,0,"Paterson.W (Paterson West), Benton County",300026,Paterson.W,2019-06-25 06:00:48.157875
2019-01-25,22:45,32.7,33.1,32.5,99.3,0.23,S@1.8,3.1,40.6,0.0,0,"Paterson.W (Paterson West), Benton County",300026,Paterson.W,2019-06-25 06:00:48.157875
2019-01-25,23:00,31.8,32.3,31.5,99.3,0.17,S@2.6,3.5,40.6,0.0,0,"Paterson.W (Paterson West), Benton County",300026,Paterson.W,2019-06-25 06:00:48.157875
