Date,Time PST,Air Temp °F, 2<sup>nd</sup> Air Temp °F, Dew Point °F, Rel Hum %, Leaf Wet u., Wind Dir @ Speed mph, Wind Gust mph, 8 in. Soil Tmp °F, Tot Prec in, Solar Rad W/m²,Location,Station ID,Station Name,Download Timestamp
2014-02-04,00:15,24.6,23.9,18.1,79.8,0.0,N@7.8,12.1,33.4,0.0,0,"Triple-S, Benton County",100039,Triple-S,2017-12-04 17:52:21.366705
2014-02-04,00:30,24.0,23.4,17.2,78.7,0.0,N@9.9,14.2,33.4,0.0,0,"Triple-S, Benton County",100039,Triple-S,2017-12-04 17:52:21.366705
2014-02-04,00:45,23.5,22.9,15.8,76.0,0.0,N@11.1,14.6,33.4,0.0,0,"Triple-S, Benton County",100039,Triple-S,2017-12-04 17:52:21.366705
2014-02-04,01:00,23.2,22.5,16.0,77.6,0.0,N@10.8,14.2,33.3,0.0,0,"Triple-S, Benton County",100039,Triple-S,2017-12-04 17:52:21.366705
2014-02-04,01:15,22.9,22.3,15.9,78.4,0.0,N@12.3,16.4,33.3,0.0,0,"Triple-S, Benton County",100039,Triple-S,2017-12-04 17:52:21.366705
2014-02-04,01:30,22.5,21.9,15.3,77.9,0.0,N@12.0,18.2,33.3,0.0,0,"Triple-S, Benton County",100039,Triple-S,2017-12-04 17:52:21.366705
2014-02-04,01:45,22.3,21.7,15.0,77.9,0.0,N@12.3,17.8,33.4,0.0,0,"Triple-S, Benton County",100039,Triple-S,2017-12-04 17:52:21.366705
2014-02-04,02:00,22.0,21.3,14.7,77.9,0.0,N@12.8,18.5,33.3,0.0,0,"Triple-S, Benton County",100039,Triple-S,2017-12-04 17:52:21.366705
2014-02-04,02:15,21.5,20.9,13.4,75.0,0.0,N@12.1,17.5,33.3,0.0,0,"Triple-S, Benton County",100039,Triple-S,2017-12-04 17:52:21.366705
2014-02-04,02:30,21.2,20.6,12.6,73.6,0.0,N@13.6,18.9,33.3,0.0,0,"Triple-S, Benton County",100039,Triple-S,2017-12-04 17:52:21.366705
2014-02-04,02:45,20.6,19.9,11.2,71.1,0.0,N@12.5,17.1,33.3,0.0,0,"Triple-S, Benton County",100039,Triple-S,2017-12-04 17:52:21.366705
2014-02-04,03:00,20.4,19.8,10.3,69.0,0.0,N@13.4,18.2,33.3,0.0,0,"Triple-S, Benton County",100039,Triple-S,2017-12-04 17:52:21.366705
2014-02-04,03:15,20.2,19.6,9.7,67.8,0.0,N@13.8,17.8,33.3,0.0,0,"Triple-S, Benton County",100039,Triple-S,2017-12-04 17:52:21.366705
2014-02-04,03:30,20.2,19.6,9.2,66.4,0.0,N@14.1,17.5,33.3,0.0,0,"Triple-S, Benton County",100039,Triple-S,2017-12-04 17:52:21.366705
2014-02-04,03:45,20.0,19.4,9.0,66.2,0.0,N@13.7,19.6,33.3,0.0,0,"Triple-S, Benton County",100039,Triple-S,2017-12-04 17:52:21.366705
2014-02-04,04:00,20.0,19.3,8.9,66.1,0.0,N@15.1,20.0,33.3,0.0,0,"Triple-S, Benton County",100039,Triple-S,2017-12-04 17:52:21.366705
2014-02-04,04:15,19.9,19.3,8.6,65.5,0.0,N@15.1,20.0,33.3,0.0,0,"Triple-S, Benton County",100039,Triple-S,2017-12-04 17:52:21.366705
2014-02-04,04:30,20.0,19.3,8.5,65.0,0.0,N@16.3,21.4,33.3,0.0,0,"Triple-S, Benton County",100039,Triple-S,2017-12-04 17:52:21.366705
2014-02-04,04:45,19.9,19.2,8.1,64.0,0.0,N@17.0,23.2,33.3,0.0,0,"Triple-S, Benton County",100039,Triple-S,2017-12-04 17:52:21.366705
2014-02-04,05:00,19.7,19.1,7.7,63.5,0.0,N@17.2,21.8,33.3,0.0,0,"Triple-S, Benton County",100039,Triple-S,2017-12-04 17:52:21.366705
2014-02-04,05:15,19.8,19.1,7.5,62.6,0.0,N@17.1,22.1,33.3,0.0,0,"Triple-S, Benton County",100039,Triple-S,2017-12-04 17:52:21.366705
2014-02-04,05:30,19.7,19.1,7.3,62.1,0.0,N@17.4,22.8,33.3,0.0,0,"Triple-S, Benton County",100039,Triple-S,2017-12-04 17:52:21.366705
2014-02-04,05:45,19.5,18.9,6.7,61.2,0.0,N@18.4,22.8,33.3,0.0,0,"Triple-S, Benton County",100039,Triple-S,2017-12-04 17:52:21.366705
2014-02-04,06:00,19.5,18.8,6.4,60.5,0.0,N@18.2,22.8,33.3,0.0,0,"Triple-S, Benton County",100039,Triple-S,2017-12-04 17:52:21.366705
2014-02-04,06:15,19.2,18.6,6.0,60.1,0.0,N@18.6,23.5,33.3,0.0,0,"Triple-S, Benton County",100039,Triple-S,2017-12-04 17:52:21.366705
2014-02-04,06:30,18.9,18.3,5.7,59.9,0.0,N@18.6,24.6,33.3,0.0,0,"Triple-S, Benton County",100039,Triple-S,2017-12-04 17:52:21.366705
2014-02-04,06:45,18.7,18.0,5.3,59.7,0.0,N@18.3,25.3,33.3,0.0,0,"Triple-S, Benton County",100039,Triple-S,2017-12-04 17:52:21.366705
2014-02-04,07:00,18.4,17.8,5.0,59.6,0.0,N@18.1,23.9,33.3,0.0,0,"Triple-S, Benton County",100039,Triple-S,2017-12-04 17:52:21.366705
2014-02-04,07:15,18.3,17.6,4.8,59.2,0.0,N@19.1,25.0,33.3,0.0,1,"Triple-S, Benton County",100039,Triple-S,2017-12-04 17:52:21.366705
2014-02-04,07:30,18.1,17.4,4.4,58.8,0.0,N@20.6,27.5,33.3,0.0,4,"Triple-S, Benton County",100039,Triple-S,2017-12-04 17:52:21.366705
2014-02-04,07:45,18.0,17.3,4.1,58.3,0.0,N@20.7,26.4,33.3,0.0,12,"Triple-S, Benton County",100039,Triple-S,2017-12-04 17:52:21.366705
2014-02-04,08:00,17.8,17.1,3.7,57.9,0.0,N@20.5,25.0,33.3,0.0,23,"Triple-S, Benton County",100039,Triple-S,2017-12-04 17:52:21.366705
2014-02-04,08:15,17.7,17.1,3.4,57.4,0.0,N@20.7,26.4,33.3,0.0,37,"Triple-S, Benton County",100039,Triple-S,2017-12-04 17:52:21.366705
2014-02-04,08:30,17.6,17.0,3.2,57.0,0.0,N@20.6,26.8,33.3,0.0,57,"Triple-S, Benton County",100039,Triple-S,2017-12-04 17:52:21.366705
2014-02-04,08:45,17.6,17.0,3.0,56.5,0.0,N@20.9,28.2,33.2,0.0,80,"Triple-S, Benton County",100039,Triple-S,2017-12-04 17:52:21.366705
2014-02-04,09:00,17.6,16.9,2.7,55.7,0.0,N@21.9,27.8,33.2,0.0,109,"Triple-S, Benton County",100039,Triple-S,2017-12-04 17:52:21.366705
2014-02-04,09:15,17.7,17.0,2.6,55.1,0.0,N@21.2,26.8,33.2,0.0,133,"Triple-S, Benton County",100039,Triple-S,2017-12-04 17:52:21.366705
2014-02-04,09:30,18.0,17.2,2.6,54.4,0.0,N@21.7,27.1,33.2,0.0,170,"Triple-S, Benton County",100039,Triple-S,2017-12-04 17:52:21.366705
2014-02-04,09:45,18.3,17.5,2.5,53.4,0.0,N@22.4,28.6,33.2,0.0,237,"Triple-S, Benton County",100039,Triple-S,2017-12-04 17:52:21.366705
2014-02-04,10:00,19.5,18.6,3.0,51.7,0.0,N@21.8,28.2,33.2,0.0,340,"Triple-S, Benton County",100039,Triple-S,2017-12-04 17:52:21.366705
2014-02-04,10:15,19.3,18.4,2.5,51.0,0.0,N@21.8,27.1,33.2,0.0,273,"Triple-S, Benton County",100039,Triple-S,2017-12-04 17:52:21.366705
2014-02-04,10:30,19.6,18.7,2.5,50.2,0.0,N@21.5,27.1,33.2,0.0,305,"Triple-S, Benton County",100039,Triple-S,2017-12-04 17:52:21.366705
2014-02-04,10:45,20.1,19.3,2.6,49.1,0.0,N@20.8,26.8,33.2,0.0,371,"Triple-S, Benton County",100039,Triple-S,2017-12-04 17:52:21.366705
2014-02-04,11:00,20.7,19.8,2.7,48.0,0.0,N@20.8,27.8,33.2,0.0,376,"Triple-S, Benton County",100039,Triple-S,2017-12-04 17:52:21.366705
2014-02-04,11:15,21.4,20.4,2.7,46.6,0.0,N@21.2,28.2,33.2,0.0,411,"Triple-S, Benton County",100039,Triple-S,2017-12-04 17:52:21.366705
2014-02-04,11:30,21.5,20.6,2.7,46.1,0.0,N@21.1,27.8,33.2,0.0,418,"Triple-S, Benton County",100039,Triple-S,2017-12-04 17:52:21.366705
2014-02-04,11:45,21.6,20.6,2.5,45.8,0.0,N@21.5,27.5,33.2,0.0,399,"Triple-S, Benton County",100039,Triple-S,2017-12-04 17:52:21.366705
2014-02-04,12:00,22.3,21.4,2.9,45.0,0.0,N@21.4,27.5,33.2,0.0,430,"Triple-S, Benton County",100039,Triple-S,2017-12-04 17:52:21.366705
2014-02-04,12:15,22.3,21.4,2.9,45.1,0.0,N@20.8,29.6,33.2,0.0,376,"Triple-S, Benton County",100039,Triple-S,2017-12-04 17:52:21.366705
2014-02-04,12:30,23.1,22.2,3.2,43.8,0.0,N@21.3,27.5,33.1,0.0,486,"Triple-S, Benton County",100039,Triple-S,2017-12-04 17:52:21.366705
2014-02-04,12:45,23.3,22.5,3.4,44.0,0.0,N@20.3,26.4,33.1,0.0,426,"Triple-S, Benton County",100039,Triple-S,2017-12-04 17:52:21.366705
2014-02-04,13:00,23.0,22.1,3.1,44.0,0.0,N@20.7,26.4,33.1,0.0,364,"Triple-S, Benton County",100039,Triple-S,2017-12-04 17:52:21.366705
2014-02-04,13:15,22.9,22.2,3.1,44.1,0.0,N@20.5,27.1,33.1,0.0,355,"Triple-S, Benton County",100039,Triple-S,2017-12-04 17:52:21.366705
2014-02-04,13:30,23.2,22.5,3.2,43.8,0.0,N@20.4,28.6,33.1,0.0,369,"Triple-S, Benton County",100039,Triple-S,2017-12-04 17:52:21.366705
2014-02-04,13:45,23.3,22.6,3.2,43.6,0.0,N@20.5,26.4,33.1,0.0,337,"Triple-S, Benton County",100039,Triple-S,2017-12-04 17:52:21.366705
2014-02-04,14:00,23.3,22.7,3.3,43.8,0.0,N@19.1,27.1,33.1,0.0,327,"Triple-S, Benton County",100039,Triple-S,2017-12-04 17:52:21.366705
2014-02-04,14:15,23.3,22.5,3.2,43.6,0.0,N@19.1,26.0,33.1,0.0,293,"Triple-S, Benton County",100039,Triple-S,2017-12-04 17:52:21.366705
2014-02-04,14:30,23.1,22.3,3.1,43.8,0.0,N@18.3,25.0,33.1,0.0,268,"Triple-S, Benton County",100039,Triple-S,2017-12-04 17:52:21.366705
2014-02-04,14:45,22.7,22.0,3.0,44.3,0.0,N@18.5,24.3,33.1,0.0,221,"Triple-S, Benton County",100039,Triple-S,2017-12-04 17:52:21.366705
2014-02-04,15:00,22.7,22.0,3.2,44.6,0.0,N@16.2,22.1,33.1,0.0,186,"Triple-S, Benton County",100039,Triple-S,2017-12-04 17:52:21.366705
2014-02-04,15:15,22.2,21.4,2.8,45.0,0.0,N@16.9,24.6,33.1,0.0,140,"Triple-S, Benton County",100039,Triple-S,2017-12-04 17:52:21.366705
2014-02-04,15:30,22.8,22.1,2.9,44.1,0.0,N@16.2,23.2,33.1,0.0,216,"Triple-S, Benton County",100039,Triple-S,2017-12-04 17:52:21.366705
2014-02-04,15:45,22.1,21.4,2.6,44.8,0.0,N@16.4,23.2,33.1,0.0,136,"Triple-S, Benton County",100039,Triple-S,2017-12-04 17:52:21.366705
2014-02-04,16:00,21.9,21.1,2.5,45.0,0.0,N@15.9,22.1,33.1,0.0,129,"Triple-S, Benton County",100039,Triple-S,2017-12-04 17:52:21.366705
2014-02-04,16:15,21.6,20.8,2.3,45.3,0.0,N@16.4,21.8,33.1,0.0,114,"Triple-S, Benton County",100039,Triple-S,2017-12-04 17:52:21.366705
2014-02-04,16:30,21.0,20.3,2.0,45.8,0.0,N@17.0,22.8,33.1,0.0,86,"Triple-S, Benton County",100039,Triple-S,2017-12-04 17:52:21.366705
2014-02-04,16:45,20.4,19.7,1.7,46.6,0.0,N@18.0,25.0,33.1,0.0,31,"Triple-S, Benton County",100039,Triple-S,2017-12-04 17:52:21.366705
2014-02-04,17:00,19.9,19.3,1.6,47.5,0.0,N@17.0,23.2,33.1,0.0,12,"Triple-S, Benton County",100039,Triple-S,2017-12-04 17:52:21.366705
2014-02-04,17:15,19.7,19.0,1.7,48.1,0.0,N@16.8,24.3,33.1,0.0,4,"Triple-S, Benton County",100039,Triple-S,2017-12-04 17:52:21.366705
2014-02-04,17:30,19.4,18.8,1.5,48.3,0.0,N@17.6,22.8,33.1,0.0,1,"Triple-S, Benton County",100039,Triple-S,2017-12-04 17:52:21.366705
2014-02-04,17:45,19.2,18.6,1.3,48.3,0.0,N@20.2,26.0,33.1,0.0,0,"Triple-S, Benton County",100039,Triple-S,2017-12-04 17:52:21.366705
2014-02-04,18:00,18.9,18.3,1.0,48.4,0.0,N@19.9,24.6,33.1,0.0,0,"Triple-S, Benton County",100039,Triple-S,2017-12-04 17:52:21.366705
2014-02-04,18:15,18.6,18.0,0.9,48.9,0.0,N@19.3,25.3,33.0,0.0,0,"Triple-S, Benton County",100039,Triple-S,2017-12-04 17:52:21.366705
2014-02-04,18:30,18.3,17.6,0.8,49.5,0.0,N@19.8,26.8,33.0,0.0,0,"Triple-S, Benton County",100039,Triple-S,2017-12-04 17:52:21.366705
2014-02-04,18:45,17.7,17.0,0.8,50.7,0.0,N@18.3,24.6,33.0,0.0,0,"Triple-S, Benton County",100039,Triple-S,2017-12-04 17:52:21.366705
2014-02-04,19:00,17.2,16.5,0.6,51.6,0.0,N@17.4,23.5,33.0,0.0,0,"Triple-S, Benton County",100039,Triple-S,2017-12-04 17:52:21.366705
2014-02-04,19:15,16.5,15.7,0.4,52.9,0.0,N@16.5,22.1,33.0,0.0,0,"Triple-S, Benton County",100039,Triple-S,2017-12-04 17:52:21.366705
2014-02-04,19:30,15.9,15.1,0.2,53.6,0.0,N@17.4,23.5,33.0,0.0,0,"Triple-S, Benton County",100039,Triple-S,2017-12-04 17:52:21.366705
2014-02-04,19:45,15.3,14.7,-0.2,54.2,0.0,N@17.9,22.5,33.0,0.0,0,"Triple-S, Benton County",100039,Triple-S,2017-12-04 17:52:21.366705
2014-02-04,20:00,14.9,14.1,-0.4,54.7,0.0,N@17.3,21.8,33.0,0.0,0,"Triple-S, Benton County",100039,Triple-S,2017-12-04 17:52:21.366705
2014-02-04,20:15,14.5,13.8,-0.9,54.7,0.0,N@17.5,23.5,33.0,0.0,0,"Triple-S, Benton County",100039,Triple-S,2017-12-04 17:52:21.366705
2014-02-04,20:30,14.3,13.6,-1.2,54.4,0.0,N@16.9,21.4,33.0,0.0,0,"Triple-S, Benton County",100039,Triple-S,2017-12-04 17:52:21.366705
2014-02-04,20:45,14.3,13.6,-1.4,53.9,0.0,N@16.8,21.8,33.0,0.0,0,"Triple-S, Benton County",100039,Triple-S,2017-12-04 17:52:21.366705
2014-02-04,21:00,14.1,13.3,-1.6,53.9,0.0,N@16.1,20.3,33.0,0.0,0,"Triple-S, Benton County",100039,Triple-S,2017-12-04 17:52:21.366705
2014-02-04,21:15,14.0,13.3,-1.8,53.5,0.0,N@16.8,21.0,33.0,0.0,0,"Triple-S, Benton County",100039,Triple-S,2017-12-04 17:52:21.366705
2014-02-04,21:30,14.0,13.3,-1.9,53.3,0.0,N@16.1,20.7,33.0,0.0,0,"Triple-S, Benton County",100039,Triple-S,2017-12-04 17:52:21.366705
2014-02-04,21:45,14.1,13.4,-2.1,52.6,0.0,N@16.4,20.7,33.0,0.0,0,"Triple-S, Benton County",100039,Triple-S,2017-12-04 17:52:21.366705
2014-02-04,22:00,14.0,13.2,-2.5,51.9,0.0,N@16.3,20.7,33.0,0.0,0,"Triple-S, Benton County",100039,Triple-S,2017-12-04 17:52:21.366705
2014-02-04,22:15,13.7,13.0,-2.7,52.0,0.0,N@15.2,19.6,33.0,0.0,0,"Triple-S, Benton County",100039,Triple-S,2017-12-04 17:52:21.366705
2014-02-04,22:30,13.7,13.0,-2.8,51.7,0.0,N@15.6,20.7,32.9,0.0,0,"Triple-S, Benton County",100039,Triple-S,2017-12-04 17:52:21.366705
2014-02-04,22:45,13.8,13.0,-3.1,50.9,0.0,N@16.3,21.4,32.9,0.0,0,"Triple-S, Benton County",100039,Triple-S,2017-12-04 17:52:21.366705
2014-02-04,23:00,13.7,12.9,-3.3,50.7,0.0,N@16.4,21.4,32.9,0.0,0,"Triple-S, Benton County",100039,Triple-S,2017-12-04 17:52:21.366705
2014-02-04,23:15,13.6,12.9,-3.2,51.1,0.0,N@16.7,21.4,32.9,0.0,0,"Triple-S, Benton County",100039,Triple-S,2017-12-04 17:52:21.366705
2014-02-04,23:30,13.8,13.1,-3.4,50.0,0.0,N@17.4,25.3,32.9,0.0,0,"Triple-S, Benton County",100039,Triple-S,2017-12-04 17:52:21.366705
2014-02-04,23:45,13.9,13.1,-3.6,49.6,0.0,N@18.0,25.0,32.9,0.0,0,"Triple-S, Benton County",100039,Triple-S,2017-12-04 17:52:21.366705
2014-02-04,24:00,13.7,13.0,-4.1,48.6,0.0,N@19.7,25.3,32.9,0.0,0,"Triple-S, Benton County",100039,Triple-S,2017-12-04 17:52:21.366705
2014-02-05,00:15,13.4,12.6,-4.4,48.6,0.0,N@19.5,25.0,32.9,0.0,0,"Triple-S, Benton County",100039,Triple-S,2017-12-04 17:52:21.366705
2014-02-05,00:30,13.0,12.3,-5.0,48.1,0.0,N@20.7,25.3,32.9,0.0,0,"Triple-S, Benton County",100039,Triple-S,2017-12-04 17:52:21.366705
2014-02-05,00:45,12.7,11.9,-5.3,48.3,0.0,N@19.4,24.6,32.9,0.0,0,"Triple-S, Benton County",100039,Triple-S,2017-12-04 17:52:21.366705
2014-02-05,01:00,12.1,11.3,-5.7,48.7,0.0,N@19.5,26.8,32.9,0.0,0,"Triple-S, Benton County",100039,Triple-S,2017-12-04 17:52:21.366705
2014-02-05,01:15,11.7,10.8,-6.1,48.7,0.0,N@19.4,25.7,32.9,0.0,0,"Triple-S, Benton County",100039,Triple-S,2017-12-04 17:52:21.366705
2014-02-05,01:30,11.3,10.5,-6.5,48.6,0.0,N@20.4,26.4,32.8,0.0,0,"Triple-S, Benton County",100039,Triple-S,2017-12-04 17:52:21.366705
2014-02-05,01:45,10.9,10.2,-6.9,48.6,0.0,N@19.9,26.8,32.8,0.0,0,"Triple-S, Benton County",100039,Triple-S,2017-12-04 17:52:21.366705
2014-02-05,02:00,10.6,9.8,-7.3,48.6,0.0,N@19.9,27.1,32.8,0.0,0,"Triple-S, Benton County",100039,Triple-S,2017-12-04 17:52:21.366705
2014-02-05,02:15,10.4,9.6,-7.5,48.5,0.0,N@19.4,24.3,32.8,0.0,0,"Triple-S, Benton County",100039,Triple-S,2017-12-04 17:52:21.366705
2014-02-05,02:30,10.1,9.3,-7.8,48.5,0.0,N@20.4,27.1,32.8,0.0,0,"Triple-S, Benton County",100039,Triple-S,2017-12-04 17:52:21.366705
2014-02-05,02:45,9.8,9.0,-8.1,48.5,0.0,N@20.3,25.7,32.8,0.0,0,"Triple-S, Benton County",100039,Triple-S,2017-12-04 17:52:21.366705
2014-02-05,03:00,9.6,8.7,-8.3,48.5,0.0,N@19.4,25.7,32.8,0.0,0,"Triple-S, Benton County",100039,Triple-S,2017-12-04 17:52:21.366705
2014-02-05,03:15,9.5,8.6,-8.5,48.3,0.0,N@20.0,25.3,32.8,0.0,0,"Triple-S, Benton County",100039,Triple-S,2017-12-04 17:52:21.366705
2014-02-05,03:30,9.3,8.5,-8.9,47.8,0.0,N@20.0,27.1,32.8,0.0,0,"Triple-S, Benton County",100039,Triple-S,2017-12-04 17:52:21.366705
2014-02-05,03:45,9.4,8.5,-9.2,47.1,0.0,N@20.5,26.8,32.8,0.0,0,"Triple-S, Benton County",100039,Triple-S,2017-12-04 17:52:21.366705
2014-02-05,04:00,9.2,8.4,-9.6,46.4,0.0,N@20.8,27.8,32.7,0.0,0,"Triple-S, Benton County",100039,Triple-S,2017-12-04 17:52:21.366705
2014-02-05,04:15,9.2,8.3,-9.8,45.9,0.0,N@20.2,27.8,32.7,0.0,0,"Triple-S, Benton County",100039,Triple-S,2017-12-04 17:52:21.366705
2014-02-05,04:30,9.1,8.2,-10.1,45.6,0.0,N@19.3,26.8,32.7,0.0,0,"Triple-S, Benton County",100039,Triple-S,2017-12-04 17:52:21.366705
2014-02-05,04:45,9.0,8.1,-10.4,44.9,0.0,N@20.5,28.6,32.7,0.0,0,"Triple-S, Benton County",100039,Triple-S,2017-12-04 17:52:21.366705
2014-02-05,05:00,8.8,8.0,-10.7,44.7,0.0,N@20.7,27.5,32.7,0.0,0,"Triple-S, Benton County",100039,Triple-S,2017-12-04 17:52:21.366705
2014-02-05,05:15,8.7,7.9,-11.1,44.3,0.0,N@21.7,28.9,32.7,0.0,0,"Triple-S, Benton County",100039,Triple-S,2017-12-04 17:52:21.366705
2014-02-05,05:30,8.4,7.6,-11.3,44.2,0.0,N@22.1,28.2,32.7,0.0,0,"Triple-S, Benton County",100039,Triple-S,2017-12-04 17:52:21.366705
2014-02-05,05:45,8.2,7.5,-11.6,44.1,0.0,N@21.8,28.2,32.7,0.0,0,"Triple-S, Benton County",100039,Triple-S,2017-12-04 17:52:21.366705
2014-02-05,06:00,8.1,7.3,-11.7,44.0,0.0,N@21.6,29.3,32.6,0.0,0,"Triple-S, Benton County",100039,Triple-S,2017-12-04 17:52:21.366705
2014-02-05,06:15,7.9,7.1,-11.9,44.0,0.0,N@22.2,29.6,32.6,0.0,0,"Triple-S, Benton County",100039,Triple-S,2017-12-04 17:52:21.366705
2014-02-05,06:30,7.7,6.8,-12.2,44.0,0.0,N@21.8,30.0,32.6,0.0,0,"Triple-S, Benton County",100039,Triple-S,2017-12-04 17:52:21.366705
2014-02-05,06:45,7.4,6.6,-12.5,43.8,0.0,N@21.7,28.9,32.6,0.0,0,"Triple-S, Benton County",100039,Triple-S,2017-12-04 17:52:21.366705
2014-02-05,07:00,7.3,6.5,-12.7,43.7,0.0,N@22.3,29.3,32.6,0.0,0,"Triple-S, Benton County",100039,Triple-S,2017-12-04 17:52:21.366705
2014-02-05,07:15,7.2,6.3,-12.8,43.6,0.0,N@22.0,27.8,32.6,0.0,2,"Triple-S, Benton County",100039,Triple-S,2017-12-04 17:52:21.366705
2014-02-05,07:30,7.0,6.2,-13.0,43.5,0.0,N@22.2,29.3,32.6,0.0,7,"Triple-S, Benton County",100039,Triple-S,2017-12-04 17:52:21.366705
2014-02-05,07:45,7.0,6.1,-13.1,43.5,0.0,N@21.7,28.9,32.6,0.0,21,"Triple-S, Benton County",100039,Triple-S,2017-12-04 17:52:21.366705
2014-02-05,08:00,7.1,6.2,-13.1,43.3,0.0,N@21.1,28.9,32.5,0.0,48,"Triple-S, Benton County",100039,Triple-S,2017-12-04 17:52:21.366705
2014-02-05,08:15,7.2,6.3,-13.1,42.9,0.0,N@22.4,28.6,32.5,0.0,67,"Triple-S, Benton County",100039,Triple-S,2017-12-04 17:52:21.366705
2014-02-05,08:30,7.7,6.7,-12.9,42.3,0.0,N@21.5,27.1,32.5,0.0,107,"Triple-S, Benton County",100039,Triple-S,2017-12-04 17:52:21.366705
2014-02-05,08:45,8.2,7.2,-12.8,41.5,0.0,N@21.9,28.6,32.5,0.0,152,"Triple-S, Benton County",100039,Triple-S,2017-12-04 17:52:21.366705
2014-02-05,09:00,8.9,7.7,-12.5,40.6,0.0,N@21.8,28.9,32.5,0.0,206,"Triple-S, Benton County",100039,Triple-S,2017-12-04 17:52:21.366705
2014-02-05,09:15,9.5,8.3,-12.1,40.4,0.0,N@21.3,30.0,32.5,0.0,228,"Triple-S, Benton County",100039,Triple-S,2017-12-04 17:52:21.366705
2014-02-05,09:30,10.1,8.9,-11.9,39.7,0.0,N@21.6,28.6,32.5,0.0,287,"Triple-S, Benton County",100039,Triple-S,2017-12-04 17:52:21.366705
2014-02-05,09:45,10.6,9.5,-11.8,38.7,0.0,N@21.8,28.6,32.5,0.0,333,"Triple-S, Benton County",100039,Triple-S,2017-12-04 17:52:21.366705
2014-02-05,10:00,10.7,9.6,-11.8,38.5,0.0,N@21.6,28.2,32.4,0.0,333,"Triple-S, Benton County",100039,Triple-S,2017-12-04 17:52:21.366705
2014-02-05,10:15,10.3,9.1,-11.9,39.3,0.0,N@20.8,27.5,32.4,0.0,220,"Triple-S, Benton County",100039,Triple-S,2017-12-04 17:52:21.366705
2014-02-05,10:30,11.3,10.3,-11.1,38.8,0.0,N@20.9,27.5,32.4,0.0,423,"Triple-S, Benton County",100039,Triple-S,2017-12-04 17:52:21.366705
2014-02-05,10:45,12.5,11.3,-10.6,37.8,0.0,N@19.3,26.4,32.4,0.0,431,"Triple-S, Benton County",100039,Triple-S,2017-12-04 17:52:21.366705
2014-02-05,11:00,12.5,11.4,-10.6,37.5,0.0,N@19.9,26.4,32.4,0.0,341,"Triple-S, Benton County",100039,Triple-S,2017-12-04 17:52:21.366705
2014-02-05,11:15,13.1,12.1,-10.1,37.4,0.0,N@19.2,26.8,32.4,0.0,394,"Triple-S, Benton County",100039,Triple-S,2017-12-04 17:52:21.366705
2014-02-05,11:30,13.7,12.5,-9.8,36.8,0.0,N@20.0,27.8,32.3,0.0,431,"Triple-S, Benton County",100039,Triple-S,2017-12-04 17:52:21.366705
2014-02-05,11:45,13.9,12.7,-9.7,36.6,0.0,N@20.9,27.1,32.3,0.0,406,"Triple-S, Benton County",100039,Triple-S,2017-12-04 17:52:21.366705
2014-02-05,12:00,14.5,13.4,-9.2,36.6,0.0,N@19.7,25.3,32.3,0.0,465,"Triple-S, Benton County",100039,Triple-S,2017-12-04 17:52:21.366705
2014-02-05,12:15,13.9,12.9,-9.5,37.1,0.0,N@19.6,25.3,32.3,0.0,312,"Triple-S, Benton County",100039,Triple-S,2017-12-04 17:52:21.366705
2014-02-05,12:30,14.1,13.1,-9.3,37.1,0.0,N@19.0,24.3,32.3,0.0,334,"Triple-S, Benton County",100039,Triple-S,2017-12-04 17:52:21.366705
2014-02-05,12:45,14.0,13.0,-9.2,37.5,0.0,N@18.5,23.2,32.3,0.0,304,"Triple-S, Benton County",100039,Triple-S,2017-12-04 17:52:21.366705
2014-02-05,13:00,14.7,13.6,-8.8,37.0,0.0,N@17.9,25.3,32.2,0.0,372,"Triple-S, Benton County",100039,Triple-S,2017-12-04 17:52:21.366705
2014-02-05,13:15,14.7,13.8,-8.7,37.3,0.0,N@17.0,23.5,32.2,0.0,349,"Triple-S, Benton County",100039,Triple-S,2017-12-04 17:52:21.366705
2014-02-05,13:30,15.7,14.7,-7.9,36.9,0.0,N@18.1,23.9,32.2,0.0,440,"Triple-S, Benton County",100039,Triple-S,2017-12-04 17:52:21.366705
2014-02-05,13:45,16.0,14.8,-7.8,36.6,0.0,N@18.4,25.3,32.2,0.0,408,"Triple-S, Benton County",100039,Triple-S,2017-12-04 17:52:21.366705
2014-02-05,14:00,15.8,14.8,-7.7,37.0,0.0,N@18.0,24.3,32.2,0.0,356,"Triple-S, Benton County",100039,Triple-S,2017-12-04 17:52:21.366705
2014-02-05,14:15,16.0,14.9,-7.5,37.1,0.0,N@17.5,23.9,32.2,0.0,360,"Triple-S, Benton County",100039,Triple-S,2017-12-04 17:52:21.366705
2014-02-05,14:30,16.0,14.9,-7.3,37.4,0.0,N@17.0,23.5,32.1,0.0,363,"Triple-S, Benton County",100039,Triple-S,2017-12-04 17:52:21.366705
2014-02-05,14:45,16.0,15.1,-7.3,37.4,0.0,N@16.6,20.7,32.1,0.0,345,"Triple-S, Benton County",100039,Triple-S,2017-12-04 17:52:21.366705
2014-02-05,15:00,16.4,15.5,-6.9,37.3,0.0,N@15.8,21.8,32.1,0.0,321,"Triple-S, Benton County",100039,Triple-S,2017-12-04 17:52:21.366705
2014-02-05,15:15,16.0,15.1,-7.2,37.5,0.0,N@16.5,21.4,32.1,0.0,286,"Triple-S, Benton County",100039,Triple-S,2017-12-04 17:52:21.366705
2014-02-05,15:30,15.9,14.9,-7.2,37.9,0.0,N@15.8,21.8,32.1,0.0,255,"Triple-S, Benton County",100039,Triple-S,2017-12-04 17:52:21.366705
2014-02-05,15:45,15.6,14.6,-7.2,38.3,0.0,N@15.7,22.5,32.1,0.0,219,"Triple-S, Benton County",100039,Triple-S,2017-12-04 17:52:21.366705
2014-02-05,16:00,14.9,14.0,-7.3,39.4,0.0,N@15.2,21.0,32.0,0.0,109,"Triple-S, Benton County",100039,Triple-S,2017-12-04 17:52:21.366705
2014-02-05,16:15,14.2,13.4,-7.4,40.6,0.0,N@13.0,17.1,32.0,0.0,56,"Triple-S, Benton County",100039,Triple-S,2017-12-04 17:52:21.366705
2014-02-05,16:30,13.7,12.8,-7.4,41.7,0.0,N@12.7,17.1,32.0,0.0,24,"Triple-S, Benton County",100039,Triple-S,2017-12-04 17:52:21.366705
2014-02-05,16:45,13.2,12.4,-7.4,42.5,0.0,N@11.6,17.5,32.0,0.0,19,"Triple-S, Benton County",100039,Triple-S,2017-12-04 17:52:21.366705
2014-02-05,17:00,12.9,12.1,-7.5,43.1,0.0,N@12.7,18.5,32.0,0.0,12,"Triple-S, Benton County",100039,Triple-S,2017-12-04 17:52:21.366705
2014-02-05,17:15,12.6,11.8,-7.6,43.5,0.0,N@13.3,17.8,32.0,0.0,6,"Triple-S, Benton County",100039,Triple-S,2017-12-04 17:52:21.366705
2014-02-05,17:30,12.3,11.5,-7.7,44.0,0.0,N@12.1,15.7,32.0,0.0,1,"Triple-S, Benton County",100039,Triple-S,2017-12-04 17:52:21.366705
2014-02-05,17:45,12.1,11.3,-7.7,44.3,0.0,N@12.3,16.7,32.0,0.0,0,"Triple-S, Benton County",100039,Triple-S,2017-12-04 17:52:21.366705
2014-02-05,18:00,11.9,11.1,-7.7,44.5,0.0,N@11.9,21.8,32.0,0.0,0,"Triple-S, Benton County",100039,Triple-S,2017-12-04 17:52:21.366705
2014-02-05,18:15,11.9,11.1,-7.8,44.6,0.0,N@12.4,17.5,31.9,0.0,0,"Triple-S, Benton County",100039,Triple-S,2017-12-04 17:52:21.366705
2014-02-05,18:30,11.7,10.8,-7.8,45.0,0.0,N@10.9,17.1,31.9,0.0,0,"Triple-S, Benton County",100039,Triple-S,2017-12-04 17:52:21.366705
2014-02-05,18:45,11.5,10.6,-7.8,45.3,0.0,N@10.5,16.7,31.9,0.0,0,"Triple-S, Benton County",100039,Triple-S,2017-12-04 17:52:21.366705
2014-02-05,19:00,11.4,10.5,-8.0,45.3,0.0,N@11.4,17.1,31.9,0.0,0,"Triple-S, Benton County",100039,Triple-S,2017-12-04 17:52:21.366705
2014-02-05,19:15,11.3,10.5,-8.0,45.2,0.0,N@12.3,20.7,31.9,0.0,0,"Triple-S, Benton County",100039,Triple-S,2017-12-04 17:52:21.366705
2014-02-05,19:30,11.4,10.5,-8.0,45.1,0.0,N@12.5,18.5,31.9,0.0,0,"Triple-S, Benton County",100039,Triple-S,2017-12-04 17:52:21.366705
2014-02-05,19:45,11.3,10.4,-7.9,45.6,0.0,N@10.4,16.4,31.8,0.0,0,"Triple-S, Benton County",100039,Triple-S,2017-12-04 17:52:21.366705
2014-02-05,20:00,11.1,10.3,-8.0,45.6,0.0,N@9.3,14.2,31.8,0.0,0,"Triple-S, Benton County",100039,Triple-S,2017-12-04 17:52:21.366705
2014-02-05,20:15,10.8,10.1,-8.5,45.3,0.0,N@9.7,15.3,31.8,0.0,0,"Triple-S, Benton County",100039,Triple-S,2017-12-04 17:52:21.366705
2014-02-05,20:30,10.6,9.8,-8.7,45.2,0.0,N@9.1,13.9,31.8,0.0,0,"Triple-S, Benton County",100039,Triple-S,2017-12-04 17:52:21.366705
2014-02-05,20:45,10.4,9.5,-8.9,45.4,0.0,N@8.4,13.5,31.8,0.0,0,"Triple-S, Benton County",100039,Triple-S,2017-12-04 17:52:21.366705
2014-02-05,21:00,10.1,9.2,-8.9,45.9,0.0,N@8.2,11.4,31.7,0.0,0,"Triple-S, Benton County",100039,Triple-S,2017-12-04 17:52:21.366705
2014-02-05,21:15,10.2,9.3,-8.9,45.7,0.0,N@8.8,12.8,31.7,0.0,0,"Triple-S, Benton County",100039,Triple-S,2017-12-04 17:52:21.366705
2014-02-05,21:30,9.9,9.0,-9.0,46.4,0.0,N@8.6,12.1,31.7,0.0,0,"Triple-S, Benton County",100039,Triple-S,2017-12-04 17:52:21.366705
2014-02-05,21:45,9.8,8.9,-9.0,46.4,0.0,N@9.1,13.5,31.7,0.0,0,"Triple-S, Benton County",100039,Triple-S,2017-12-04 17:52:21.366705
2014-02-05,22:00,9.8,8.9,-8.9,46.5,0.0,N@9.7,14.2,31.6,0.0,0,"Triple-S, Benton County",100039,Triple-S,2017-12-04 17:52:21.366705
2014-02-05,22:15,9.9,9.1,-8.8,46.5,0.0,N@10.8,15.3,31.6,0.0,0,"Triple-S, Benton County",100039,Triple-S,2017-12-04 17:52:21.366705
2014-02-05,22:30,9.8,8.9,-8.8,46.8,0.0,N@12.0,15.7,31.6,0.0,0,"Triple-S, Benton County",100039,Triple-S,2017-12-04 17:52:21.366705
2014-02-05,22:45,9.6,8.7,-8.9,47.2,0.0,N@11.4,16.4,31.6,0.0,0,"Triple-S, Benton County",100039,Triple-S,2017-12-04 17:52:21.366705
2014-02-05,23:00,9.5,8.6,-8.9,47.4,0.0,N@12.2,17.1,31.5,0.0,0,"Triple-S, Benton County",100039,Triple-S,2017-12-04 17:52:21.366705
2014-02-05,23:15,9.1,8.2,-9.1,47.8,0.0,N@11.3,15.7,31.5,0.0,0,"Triple-S, Benton County",100039,Triple-S,2017-12-04 17:52:21.366705
2014-02-05,23:30,8.8,8.0,-9.2,48.2,0.0,N@10.8,16.4,31.5,0.0,0,"Triple-S, Benton County",100039,Triple-S,2017-12-04 17:52:21.366705
2014-02-05,23:45,8.3,7.5,-9.4,48.9,0.0,N@10.1,14.6,31.4,0.0,0,"Triple-S, Benton County",100039,Triple-S,2017-12-04 17:52:21.366705
2014-02-05,24:00,8.0,7.1,-9.4,49.8,0.0,N@10.0,13.2,31.4,0.0,0,"Triple-S, Benton County",100039,Triple-S,2017-12-04 17:52:21.366705
2014-02-06,00:15,7.7,6.8,-9.5,50.2,0.0,N@10.4,15.0,31.3,0.0,0,"Triple-S, Benton County",100039,Triple-S,2017-12-04 17:52:21.366705
2014-02-06,00:30,7.6,6.6,-9.5,50.5,0.0,N@10.0,13.5,31.3,0.0,0,"Triple-S, Benton County",100039,Triple-S,2017-12-04 17:52:21.366705
2014-02-06,00:45,7.3,6.4,-9.6,51.0,0.0,N@9.9,13.9,31.3,0.0,0,"Triple-S, Benton County",100039,Triple-S,2017-12-04 17:52:21.366705
2014-02-06,01:00,7.1,6.2,-9.6,51.5,0.0,N@9.3,13.5,31.2,0.0,0,"Triple-S, Benton County",100039,Triple-S,2017-12-04 17:52:21.366705
2014-02-06,01:15,6.8,5.9,-9.6,52.3,0.0,N@8.9,13.2,31.2,0.0,0,"Triple-S, Benton County",100039,Triple-S,2017-12-04 17:52:21.366705
2014-02-06,01:30,6.9,6.0,-9.4,52.3,0.0,N@9.0,13.9,31.2,0.0,0,"Triple-S, Benton County",100039,Triple-S,2017-12-04 17:52:21.366705
2014-02-06,01:45,7.0,6.2,-9.5,51.9,0.0,N@9.6,14.2,31.1,0.0,0,"Triple-S, Benton County",100039,Triple-S,2017-12-04 17:52:21.366705
2014-02-06,02:00,7.0,6.2,-9.6,51.6,0.0,N@10.2,13.5,31.1,0.0,0,"Triple-S, Benton County",100039,Triple-S,2017-12-04 17:52:21.366705
2014-02-06,02:15,7.0,6.2,-9.7,51.3,0.0,N@9.5,13.2,31.0,0.0,0,"Triple-S, Benton County",100039,Triple-S,2017-12-04 17:52:21.366705
2014-02-06,02:30,7.0,6.1,-9.8,51.0,0.0,N@9.9,15.0,31.0,0.0,0,"Triple-S, Benton County",100039,Triple-S,2017-12-04 17:52:21.366705
2014-02-06,02:45,6.9,6.0,-9.9,51.2,0.0,N@9.7,14.6,30.9,0.0,0,"Triple-S, Benton County",100039,Triple-S,2017-12-04 17:52:21.366705
2014-02-06,03:00,6.9,6.0,-10.0,51.0,0.0,N@8.9,13.2,30.9,0.0,0,"Triple-S, Benton County",100039,Triple-S,2017-12-04 17:52:21.366705
2014-02-06,03:15,6.9,6.0,-10.0,50.8,0.0,N@9.0,14.2,30.8,0.0,0,"Triple-S, Benton County",100039,Triple-S,2017-12-04 17:52:21.366705
2014-02-06,03:30,6.9,6.0,-10.0,50.8,0.0,N@8.9,13.9,30.8,0.0,0,"Triple-S, Benton County",100039,Triple-S,2017-12-04 17:52:21.366705
2014-02-06,03:45,6.7,5.7,-10.4,50.6,0.0,N@9.5,14.2,30.7,0.0,0,"Triple-S, Benton County",100039,Triple-S,2017-12-04 17:52:21.366705
2014-02-06,04:00,6.2,5.3,-10.6,51.1,0.0,N@9.9,13.5,30.7,0.0,0,"Triple-S, Benton County",100039,Triple-S,2017-12-04 17:52:21.366705
2014-02-06,04:15,5.9,5.0,-10.9,51.2,0.0,N@10.3,14.6,30.6,0.0,0,"Triple-S, Benton County",100039,Triple-S,2017-12-04 17:52:21.366705
2014-02-06,04:30,5.9,5.0,-10.9,51.1,0.0,N@10.6,15.0,30.6,0.0,0,"Triple-S, Benton County",100039,Triple-S,2017-12-04 17:52:21.366705
2014-02-06,04:45,5.9,5.0,-11.0,50.9,0.0,N@10.3,15.7,30.5,0.0,0,"Triple-S, Benton County",100039,Triple-S,2017-12-04 17:52:21.366705
2014-02-06,05:00,5.8,4.9,-11.1,50.9,0.0,N@11.2,15.7,30.5,0.0,0,"Triple-S, Benton County",100039,Triple-S,2017-12-04 17:52:21.366705
2014-02-06,05:15,5.8,4.9,-11.1,50.9,0.0,N@10.9,15.0,30.4,0.0,0,"Triple-S, Benton County",100039,Triple-S,2017-12-04 17:52:21.366705
2014-02-06,05:30,5.8,4.9,-11.2,50.7,0.0,N@11.4,17.5,30.4,0.0,0,"Triple-S, Benton County",100039,Triple-S,2017-12-04 17:52:21.366705
2014-02-06,05:45,5.9,5.0,-11.3,50.1,0.0,N@11.2,18.5,30.3,0.0,0,"Triple-S, Benton County",100039,Triple-S,2017-12-04 17:52:21.366705
2014-02-06,06:00,5.9,5.0,-11.3,50.3,0.0,N@11.9,18.5,30.3,0.0,0,"Triple-S, Benton County",100039,Triple-S,2017-12-04 17:52:21.366705
2014-02-06,06:15,5.9,5.0,-11.2,50.5,0.0,N@10.3,16.0,30.2,0.0,0,"Triple-S, Benton County",100039,Triple-S,2017-12-04 17:52:21.366705
2014-02-06,06:30,5.9,5.0,-11.0,50.9,0.0,N@11.2,16.7,30.2,0.0,0,"Triple-S, Benton County",100039,Triple-S,2017-12-04 17:52:21.366705
2014-02-06,06:45,5.9,5.0,-11.1,50.7,0.0,N@11.5,17.1,30.1,0.0,0,"Triple-S, Benton County",100039,Triple-S,2017-12-04 17:52:21.366705
2014-02-06,07:00,5.8,4.9,-11.2,50.6,0.0,N@13.1,18.2,30.1,0.0,0,"Triple-S, Benton County",100039,Triple-S,2017-12-04 17:52:21.366705
2014-02-06,07:15,5.7,4.8,-11.2,50.8,0.0,N@12.5,18.5,30.0,0.0,2,"Triple-S, Benton County",100039,Triple-S,2017-12-04 17:52:21.366705
2014-02-06,07:30,5.6,4.8,-11.2,51.1,0.0,N@14.5,21.0,29.9,0.0,9,"Triple-S, Benton County",100039,Triple-S,2017-12-04 17:52:21.366705
2014-02-06,07:45,5.6,4.8,-11.1,51.3,0.0,N@14.5,19.6,29.9,0.0,23,"Triple-S, Benton County",100039,Triple-S,2017-12-04 17:52:21.366705
2014-02-06,08:00,5.6,4.7,-11.0,51.8,0.0,N@14.7,19.6,29.8,0.0,36,"Triple-S, Benton County",100039,Triple-S,2017-12-04 17:52:21.366705
2014-02-06,08:15,5.9,5.1,-10.9,51.2,0.0,N@15.8,22.1,29.8,0.0,69,"Triple-S, Benton County",100039,Triple-S,2017-12-04 17:52:21.366705
2014-02-06,08:30,6.4,5.5,-10.6,50.7,0.0,N@15.0,20.3,29.7,0.0,82,"Triple-S, Benton County",100039,Triple-S,2017-12-04 17:52:21.366705
2014-02-06,08:45,6.9,6.1,-10.2,50.4,0.0,N@15.9,21.0,29.7,0.0,130,"Triple-S, Benton County",100039,Triple-S,2017-12-04 17:52:21.366705
2014-02-06,09:00,7.2,6.3,-10.2,49.6,0.0,N@15.1,21.0,29.6,0.0,108,"Triple-S, Benton County",100039,Triple-S,2017-12-04 17:52:21.366705
2014-02-06,09:15,7.2,6.3,-10.3,49.3,0.0,N@15.0,20.3,29.5,0.0,110,"Triple-S, Benton County",100039,Triple-S,2017-12-04 17:52:21.366705
2014-02-06,09:30,7.3,6.4,-10.3,49.2,0.0,N@15.7,22.8,29.5,0.0,110,"Triple-S, Benton County",100039,Triple-S,2017-12-04 17:52:21.366705
2014-02-06,09:45,7.7,6.8,-9.8,49.3,0.0,N@14.4,19.2,29.4,0.0,108,"Triple-S, Benton County",100039,Triple-S,2017-12-04 17:52:21.366705
2014-02-06,10:00,7.9,7.0,-9.6,49.4,0.0,N@15.2,21.4,29.4,0.0,100,"Triple-S, Benton County",100039,Triple-S,2017-12-04 17:52:21.366705
2014-02-06,10:15,8.1,7.2,-9.7,48.6,0.0,N@18.5,23.2,29.3,0.0,121,"Triple-S, Benton County",100039,Triple-S,2017-12-04 17:52:21.366705
2014-02-06,10:30,8.3,7.5,-9.8,48.0,0.0,N@19.3,24.6,29.3,0.0,153,"Triple-S, Benton County",100039,Triple-S,2017-12-04 17:52:21.366705
2014-02-06,10:45,8.9,7.9,-9.9,46.5,0.0,N@19.5,25.3,29.2,0.0,157,"Triple-S, Benton County",100039,Triple-S,2017-12-04 17:52:21.366705
2014-02-06,11:00,8.9,8.1,-9.9,46.3,0.0,N@18.1,24.6,29.2,0.0,103,"Triple-S, Benton County",100039,Triple-S,2017-12-04 17:52:21.366705
2014-02-06,11:15,9.6,8.7,-9.6,45.5,0.0,N@16.1,21.8,29.1,0.0,115,"Triple-S, Benton County",100039,Triple-S,2017-12-04 17:52:21.366705
2014-02-06,11:30,9.8,8.9,-9.7,44.9,0.0,N@16.6,23.2,29.1,0.0,128,"Triple-S, Benton County",100039,Triple-S,2017-12-04 17:52:21.366705
2014-02-06,11:45,9.9,9.1,-9.2,45.6,0.0,N@16.5,22.8,29.0,0.0,144,"Triple-S, Benton County",100039,Triple-S,2017-12-04 17:52:21.366705
2014-02-06,12:00,10.1,9.1,-8.6,46.6,0.0,N@16.3,21.4,29.0,0.0,130,"Triple-S, Benton County",100039,Triple-S,2017-12-04 17:52:21.366705
2014-02-06,12:15,10.5,9.5,-8.3,46.5,0.0,N@16.9,22.1,29.0,0.0,159,"Triple-S, Benton County",100039,Triple-S,2017-12-04 17:52:21.366705
2014-02-06,12:30,10.6,9.7,-8.2,46.6,0.0,N@15.7,20.7,28.9,0.0,124,"Triple-S, Benton County",100039,Triple-S,2017-12-04 17:52:21.366705
2014-02-06,12:45,10.7,9.9,-7.9,46.9,0.0,N@14.8,20.0,28.9,0.0,142,"Triple-S, Benton County",100039,Triple-S,2017-12-04 17:52:21.366705
2014-02-06,13:00,11.1,10.1,-6.1,50.3,0.0,N@15.3,21.4,28.9,0.0,195,"Triple-S, Benton County",100039,Triple-S,2017-12-04 17:52:21.366705
2014-02-06,13:15,10.7,9.8,-4.1,56.3,0.0,N@14.0,18.9,28.9,0.0,155,"Triple-S, Benton County",100039,Triple-S,2017-12-04 17:52:21.366705
2014-02-06,13:30,10.3,9.4,-2.4,62.2,0.0,N@15.7,20.0,28.8,0.0,135,"Triple-S, Benton County",100039,Triple-S,2017-12-04 17:52:21.366705
2014-02-06,13:45,10.3,9.4,-0.9,66.8,0.0,N@18.4,23.9,28.8,0.0,142,"Triple-S, Benton County",100039,Triple-S,2017-12-04 17:52:21.366705
2014-02-06,14:00,10.5,9.6,0.2,69.9,0.0,N@18.2,23.2,28.8,0.0,141,"Triple-S, Benton County",100039,Triple-S,2017-12-04 17:52:21.366705
2014-02-06,14:15,10.7,9.8,0.9,71.4,0.0,N@18.7,23.9,28.8,0.0,138,"Triple-S, Benton County",100039,Triple-S,2017-12-04 17:52:21.366705
2014-02-06,14:30,11.0,10.2,1.4,71.9,0.0,N@17.3,22.8,28.8,0.0,121,"Triple-S, Benton County",100039,Triple-S,2017-12-04 17:52:21.366705
2014-02-06,14:45,11.4,10.5,0.9,69.1,0.0,N@16.3,21.8,28.8,0.0,81,"Triple-S, Benton County",100039,Triple-S,2017-12-04 17:52:21.366705
2014-02-06,15:00,11.7,10.9,-0.1,65.0,0.0,N@17.5,22.1,28.7,0.0,65,"Triple-S, Benton County",100039,Triple-S,2017-12-04 17:52:21.366705
2014-02-06,15:15,12.2,11.4,-0.2,63.2,0.0,N@17.4,23.2,28.7,0.0,83,"Triple-S, Benton County",100039,Triple-S,2017-12-04 17:52:21.366705
2014-02-06,15:30,12.2,11.4,0.4,65.1,0.0,N@17.4,23.2,28.7,0.0,65,"Triple-S, Benton County",100039,Triple-S,2017-12-04 17:52:21.366705
2014-02-06,15:45,12.5,11.6,1.3,66.9,0.0,N@16.1,21.4,28.7,0.0,76,"Triple-S, Benton County",100039,Triple-S,2017-12-04 17:52:21.366705
2014-02-06,16:00,12.6,11.7,2.2,69.3,0.0,N@16.5,21.0,28.7,0.0,80,"Triple-S, Benton County",100039,Triple-S,2017-12-04 17:52:21.366705
2014-02-06,16:15,12.6,11.8,2.4,69.9,0.0,N@15.4,20.3,28.7,0.0,34,"Triple-S, Benton County",100039,Triple-S,2017-12-04 17:52:21.366705
2014-02-06,16:30,12.9,12.2,1.8,67.1,0.0,N@15.1,21.4,28.7,0.0,24,"Triple-S, Benton County",100039,Triple-S,2017-12-04 17:52:21.366705
2014-02-06,16:45,13.3,12.5,1.8,65.9,0.0,N@15.1,20.3,28.7,0.0,17,"Triple-S, Benton County",100039,Triple-S,2017-12-04 17:52:21.366705
2014-02-06,17:00,13.2,12.5,1.8,66.0,0.0,N@13.8,20.3,28.7,0.0,13,"Triple-S, Benton County",100039,Triple-S,2017-12-04 17:52:21.366705
2014-02-06,17:15,13.1,12.4,2.1,67.0,0.0,N@15.8,20.7,28.7,0.0,4,"Triple-S, Benton County",100039,Triple-S,2017-12-04 17:52:21.366705
2014-02-06,17:30,13.4,12.6,2.0,66.0,0.0,N@14.8,20.3,28.6,0.0,1,"Triple-S, Benton County",100039,Triple-S,2017-12-04 17:52:21.366705
2014-02-06,17:45,13.6,12.8,2.0,65.4,0.0,N@15.0,21.8,28.6,0.0,0,"Triple-S, Benton County",100039,Triple-S,2017-12-04 17:52:21.366705
2014-02-06,18:00,13.5,12.7,2.4,66.9,0.0,N@16.8,22.5,28.6,0.0,0,"Triple-S, Benton County",100039,Triple-S,2017-12-04 17:52:21.366705
2014-02-06,18:15,13.3,12.5,3.0,69.3,0.0,N@17.9,23.9,28.6,0.0,0,"Triple-S, Benton County",100039,Triple-S,2017-12-04 17:52:21.366705
2014-02-06,18:30,13.0,12.4,3.3,71.5,0.0,N@17.6,22.8,28.6,0.0,0,"Triple-S, Benton County",100039,Triple-S,2017-12-04 17:52:21.366705
2014-02-06,18:45,12.9,12.3,3.8,73.2,0.0,N@17.3,24.3,28.6,0.0,0,"Triple-S, Benton County",100039,Triple-S,2017-12-04 17:52:21.366705
2014-02-06,19:00,12.9,12.3,4.1,74.4,0.0,N@16.0,25.3,28.6,0.0,0,"Triple-S, Benton County",100039,Triple-S,2017-12-04 17:52:21.366705
2014-02-06,19:15,13.2,12.5,4.0,73.1,0.0,N@11.8,17.1,28.5,0.0,0,"Triple-S, Benton County",100039,Triple-S,2017-12-04 17:52:21.366705
2014-02-06,19:30,13.3,12.6,4.0,72.5,0.0,N@10.2,15.0,28.5,0.0,0,"Triple-S, Benton County",100039,Triple-S,2017-12-04 17:52:21.366705
2014-02-06,19:45,13.4,12.6,4.2,73.0,0.0,N@10.4,15.0,28.5,0.0,0,"Triple-S, Benton County",100039,Triple-S,2017-12-04 17:52:21.366705
2014-02-06,20:00,13.0,12.2,4.7,76.4,0.0,N@9.6,14.2,28.5,0.0,0,"Triple-S, Benton County",100039,Triple-S,2017-12-04 17:52:21.366705
2014-02-06,20:15,12.9,12.1,5.3,78.8,0.0,NW@9.8,14.2,28.5,0.0,0,"Triple-S, Benton County",100039,Triple-S,2017-12-04 17:52:21.366705
2014-02-06,20:30,12.9,12.1,5.6,79.9,0.01,NW@8.1,13.2,28.4,0.0,0,"Triple-S, Benton County",100039,Triple-S,2017-12-04 17:52:21.366705
2014-02-06,20:45,13.0,12.3,5.9,80.3,0.01,N@8.2,12.8,28.4,0.0,0,"Triple-S, Benton County",100039,Triple-S,2017-12-04 17:52:21.366705
2014-02-06,21:00,13.1,12.3,5.9,80.2,0.01,N@7.9,11.7,28.4,0.0,0,"Triple-S, Benton County",100039,Triple-S,2017-12-04 17:52:21.366705
2014-02-06,21:15,13.0,12.3,5.7,80.0,0.0,N@6.8,9.2,28.4,0.0,0,"Triple-S, Benton County",100039,Triple-S,2017-12-04 17:52:21.366705
2014-02-06,21:30,13.0,12.3,5.6,79.4,0.0,N@6.1,9.2,28.4,0.0,0,"Triple-S, Benton County",100039,Triple-S,2017-12-04 17:52:21.366705
2014-02-06,21:45,13.1,12.3,5.6,78.9,0.0,N@5.4,9.6,28.3,0.0,0,"Triple-S, Benton County",100039,Triple-S,2017-12-04 17:52:21.366705
2014-02-06,22:00,13.0,12.2,5.3,78.2,0.0,NW@3.7,5.7,28.3,0.0,0,"Triple-S, Benton County",100039,Triple-S,2017-12-04 17:52:21.366705
2014-02-06,22:15,12.3,11.4,4.8,79.3,0.0,NW@4.1,6.7,28.3,0.0,0,"Triple-S, Benton County",100039,Triple-S,2017-12-04 17:52:21.366705
2014-02-06,22:30,11.9,11.1,4.7,80.3,0.01,NW@5.9,8.9,28.3,0.0,0,"Triple-S, Benton County",100039,Triple-S,2017-12-04 17:52:21.366705
2014-02-06,22:45,11.7,10.8,4.7,81.2,0.01,W@6.9,9.6,28.3,0.0,0,"Triple-S, Benton County",100039,Triple-S,2017-12-04 17:52:21.366705
2014-02-06,23:00,11.5,10.7,4.6,81.6,0.01,NW@7.9,9.9,28.2,0.0,0,"Triple-S, Benton County",100039,Triple-S,2017-12-04 17:52:21.366705
2014-02-06,23:15,11.4,10.6,4.6,82.0,0.01,W@8.4,11.4,28.2,0.0,0,"Triple-S, Benton County",100039,Triple-S,2017-12-04 17:52:21.366705
2014-02-06,23:30,11.3,10.5,4.7,82.4,0.01,W@9.1,11.4,28.2,0.0,0,"Triple-S, Benton County",100039,Triple-S,2017-12-04 17:52:21.366705
2014-02-06,23:45,11.3,10.4,4.7,82.6,0.01,W@10.1,12.1,28.2,0.0,0,"Triple-S, Benton County",100039,Triple-S,2017-12-04 17:52:21.366705
2014-02-06,24:00,11.3,10.4,4.6,82.5,0.01,W@10.1,13.2,28.2,0.0,0,"Triple-S, Benton County",100039,Triple-S,2017-12-04 17:52:21.366705
2014-02-07,00:15,11.3,10.4,4.5,82.0,0.01,W@10.5,12.8,28.2,0.0,0,"Triple-S, Benton County",100039,Triple-S,2017-12-04 17:52:21.366705
2014-02-07,00:30,11.2,10.3,4.4,82.0,0.01,W@10.4,12.4,28.1,0.0,0,"Triple-S, Benton County",100039,Triple-S,2017-12-04 17:52:21.366705
2014-02-07,00:45,11.3,10.3,4.5,82.1,0.01,W@9.8,12.4,28.1,0.0,0,"Triple-S, Benton County",100039,Triple-S,2017-12-04 17:52:21.366705
2014-02-07,01:00,11.2,10.3,4.4,82.2,0.01,W@9.6,12.1,28.1,0.0,0,"Triple-S, Benton County",100039,Triple-S,2017-12-04 17:52:21.366705
2014-02-07,01:15,11.0,10.3,4.3,82.1,0.01,N@8.1,11.4,28.1,0.0,0,"Triple-S, Benton County",100039,Triple-S,2017-12-04 17:52:21.366705
2014-02-07,01:30,10.8,10.1,4.0,81.9,0.01,W@7.1,10.7,28.1,0.0,0,"Triple-S, Benton County",100039,Triple-S,2017-12-04 17:52:21.366705
2014-02-07,01:45,10.7,9.9,3.9,82.0,0.01,N@7.9,10.3,28.1,0.0,0,"Triple-S, Benton County",100039,Triple-S,2017-12-04 17:52:21.366705
2014-02-07,02:00,11.0,10.2,4.2,81.9,0.01,N@8.8,10.7,28.1,0.0,0,"Triple-S, Benton County",100039,Triple-S,2017-12-04 17:52:21.366705
2014-02-07,02:15,11.3,10.3,4.4,81.8,0.01,N@8.1,11.7,28.0,0.0,0,"Triple-S, Benton County",100039,Triple-S,2017-12-04 17:52:21.366705
2014-02-07,02:30,11.1,10.2,4.2,81.7,0.01,N@7.6,11.0,28.0,0.0,0,"Triple-S, Benton County",100039,Triple-S,2017-12-04 17:52:21.366705
2014-02-07,02:45,10.9,10.1,4.0,81.7,0.01,NW@9.1,14.6,28.0,0.0,0,"Triple-S, Benton County",100039,Triple-S,2017-12-04 17:52:21.366705
2014-02-07,03:00,10.9,10.2,4.0,81.6,0.01,NW@11.1,14.2,28.0,0.0,0,"Triple-S, Benton County",100039,Triple-S,2017-12-04 17:52:21.366705
2014-02-07,03:15,11.0,10.2,4.1,81.6,0.01,N@10.1,12.1,28.0,0.0,0,"Triple-S, Benton County",100039,Triple-S,2017-12-04 17:52:21.366705
2014-02-07,03:30,11.0,10.2,4.1,81.5,0.01,N@8.8,11.7,28.0,0.0,0,"Triple-S, Benton County",100039,Triple-S,2017-12-04 17:52:21.366705
2014-02-07,03:45,11.3,10.4,4.3,81.3,0.01,W@9.1,12.1,28.0,0.0,0,"Triple-S, Benton County",100039,Triple-S,2017-12-04 17:52:21.366705
2014-02-07,04:00,11.4,10.5,4.4,81.3,0.01,NW@8.5,10.7,28.0,0.0,0,"Triple-S, Benton County",100039,Triple-S,2017-12-04 17:52:21.366705
2014-02-07,04:15,11.3,10.5,4.3,81.2,0.01,NW@9.0,11.0,28.0,0.0,0,"Triple-S, Benton County",100039,Triple-S,2017-12-04 17:52:21.366705
2014-02-07,04:30,11.1,10.3,4.0,81.0,0.01,N@7.1,9.2,28.0,0.0,0,"Triple-S, Benton County",100039,Triple-S,2017-12-04 17:52:21.366705
2014-02-07,04:45,10.8,10.0,3.7,80.9,0.01,N@6.9,9.6,27.9,0.0,0,"Triple-S, Benton County",100039,Triple-S,2017-12-04 17:52:21.366705
2014-02-07,05:00,10.6,9.7,3.5,80.9,0.01,NW@7.3,9.6,27.9,0.0,0,"Triple-S, Benton County",100039,Triple-S,2017-12-04 17:52:21.366705
2014-02-07,05:15,9.8,8.8,2.4,80.0,0.0,SW@6.1,8.2,27.9,0.0,0,"Triple-S, Benton County",100039,Triple-S,2017-12-04 17:52:21.366705
2014-02-07,05:30,7.8,6.7,0.2,79.6,0.0,SW@5.4,7.1,27.9,0.0,0,"Triple-S, Benton County",100039,Triple-S,2017-12-04 17:52:21.366705
2014-02-07,05:45,4.8,3.5,-3.5,77.7,0.0,SW@4.1,5.7,27.9,0.0,0,"Triple-S, Benton County",100039,Triple-S,2017-12-04 17:52:21.366705
2014-02-07,06:00,3.2,2.2,-5.3,77.0,0.0,SW@1.8,4.2,27.9,0.0,0,"Triple-S, Benton County",100039,Triple-S,2017-12-04 17:52:21.366705
2014-02-07,06:15,3.8,2.9,-4.5,77.3,0.0,SW@1.0,4.2,27.9,0.0,0,"Triple-S, Benton County",100039,Triple-S,2017-12-04 17:52:21.366705
2014-02-07,06:30,4.6,3.6,-3.6,78.0,0.0,SW@3.4,4.2,27.9,0.0,0,"Triple-S, Benton County",100039,Triple-S,2017-12-04 17:52:21.366705
2014-02-07,06:45,4.7,3.6,-3.5,77.8,0.0,SW@2.5,3.1,27.9,0.0,0,"Triple-S, Benton County",100039,Triple-S,2017-12-04 17:52:21.366705
2014-02-07,07:00,4.9,4.0,-3.3,78.0,0.0,SW@3.3,4.2,27.9,0.0,0,"Triple-S, Benton County",100039,Triple-S,2017-12-04 17:52:21.366705
2014-02-07,07:15,6.0,5.3,-1.8,78.9,0.0,SW@4.6,7.1,27.9,0.0,2,"Triple-S, Benton County",100039,Triple-S,2017-12-04 17:52:21.366705
2014-02-07,07:30,7.8,7.1,0.3,80.0,0.0,SW@5.4,7.1,27.9,0.0,7,"Triple-S, Benton County",100039,Triple-S,2017-12-04 17:52:21.366705
2014-02-07,07:45,8.5,7.7,1.1,80.2,0.0,N@5.0,7.1,27.9,0.0,17,"Triple-S, Benton County",100039,Triple-S,2017-12-04 17:52:21.366705
2014-02-07,08:00,9.2,8.3,1.9,80.6,0.0,N@4.8,6.4,27.9,0.0,55,"Triple-S, Benton County",100039,Triple-S,2017-12-04 17:52:21.366705
2014-02-07,08:15,10.1,9.2,3.0,81.1,0.0,N@4.2,5.7,27.9,0.0,64,"Triple-S, Benton County",100039,Triple-S,2017-12-04 17:52:21.366705
2014-02-07,08:30,10.4,9.5,3.4,81.3,0.0,N@4.3,5.7,27.8,0.0,83,"Triple-S, Benton County",100039,Triple-S,2017-12-04 17:52:21.366705
2014-02-07,08:45,10.6,9.7,3.7,81.5,0.01,N@3.9,5.7,27.8,0.0,69,"Triple-S, Benton County",100039,Triple-S,2017-12-04 17:52:21.366705
2014-02-07,09:00,11.3,10.3,4.4,81.8,0.01,N@4.4,6.0,27.8,0.0,115,"Triple-S, Benton County",100039,Triple-S,2017-12-04 17:52:21.366705
2014-02-07,09:15,11.8,10.8,5.1,82.0,0.01,SW@4.3,5.7,27.8,0.0,164,"Triple-S, Benton County",100039,Triple-S,2017-12-04 17:52:21.366705
2014-02-07,09:30,12.1,11.0,5.4,82.1,0.01,SW@3.6,4.6,27.8,0.0,160,"Triple-S, Benton County",100039,Triple-S,2017-12-04 17:52:21.366705
2014-02-07,09:45,12.6,11.5,5.9,82.0,0.01,SW@3.6,4.6,27.8,0.0,278,"Triple-S, Benton County",100039,Triple-S,2017-12-04 17:52:21.366705
2014-02-07,10:00,13.3,12.3,6.8,82.6,0.01,SW@2.4,3.5,27.8,0.0,245,"Triple-S, Benton County",100039,Triple-S,2017-12-04 17:52:21.366705
2014-02-07,10:15,14.1,12.8,7.7,83.0,0.01,SW@2.6,4.2,27.8,0.0,261,"Triple-S, Benton County",100039,Triple-S,2017-12-04 17:52:21.366705
2014-02-07,10:30,13.6,12.4,7.0,82.1,0.01,SW@2.5,4.6,27.8,0.0,359,"Triple-S, Benton County",100039,Triple-S,2017-12-04 17:52:21.366705
2014-02-07,10:45,14.1,13.3,7.6,82.4,0.02,SW@3.1,5.7,27.7,0.0,416,"Triple-S, Benton County",100039,Triple-S,2017-12-04 17:52:21.366705
2014-02-07,11:00,17.0,16.0,11.1,83.7,0.02,SW@4.0,6.0,27.7,0.0,520,"Triple-S, Benton County",100039,Triple-S,2017-12-04 17:52:21.366705
2014-02-07,11:15,17.4,16.2,11.3,83.0,0.02,SW@4.6,6.0,27.8,0.02,530,"Triple-S, Benton County",100039,Triple-S,2017-12-04 17:52:21.366705
2014-02-07,11:30,17.3,16.2,11.0,82.7,0.01,SW@4.5,6.0,27.8,0.0,521,"Triple-S, Benton County",100039,Triple-S,2017-12-04 17:52:21.366705
2014-02-07,11:45,17.3,16.3,10.8,81.6,0.0,SW@4.0,5.3,27.8,0.0,500,"Triple-S, Benton County",100039,Triple-S,2017-12-04 17:52:21.366705
2014-02-07,12:00,18.0,17.2,11.1,80.0,0.0,SW@3.3,5.7,27.8,0.0,506,"Triple-S, Benton County",100039,Triple-S,2017-12-04 17:52:21.366705
2014-02-07,12:15,17.5,16.4,9.2,75.6,0.0,W@3.1,4.2,27.8,0.0,511,"Triple-S, Benton County",100039,Triple-S,2017-12-04 17:52:21.366705
2014-02-07,12:30,17.2,16.2,7.9,72.1,0.0,NW@3.1,4.9,27.8,0.0,464,"Triple-S, Benton County",100039,Triple-S,2017-12-04 17:52:21.366705
2014-02-07,12:45,17.3,16.3,6.8,68.4,0.0,NW@4.3,5.7,27.8,0.0,466,"Triple-S, Benton County",100039,Triple-S,2017-12-04 17:52:21.366705
2014-02-07,13:00,16.6,15.7,5.9,67.5,0.0,N@4.3,4.9,27.8,0.0,273,"Triple-S, Benton County",100039,Triple-S,2017-12-04 17:52:21.366705
2014-02-07,13:15,16.9,16.1,6.1,67.3,0.0,NW@3.8,4.9,27.9,0.0,282,"Triple-S, Benton County",100039,Triple-S,2017-12-04 17:52:21.366705
2014-02-07,13:30,18.7,18.0,6.0,61.5,0.0,N@5.4,8.2,27.9,0.0,417,"Triple-S, Benton County",100039,Triple-S,2017-12-04 17:52:21.366705
2014-02-07,13:45,19.7,18.3,6.7,60.7,0.0,N@6.7,9.9,27.9,0.0,449,"Triple-S, Benton County",100039,Triple-S,2017-12-04 17:52:21.366705
2014-02-07,14:00,18.7,17.6,6.3,62.4,0.0,N@6.7,8.9,28.0,0.0,247,"Triple-S, Benton County",100039,Triple-S,2017-12-04 17:52:21.366705
2014-02-07,14:15,18.7,17.9,6.7,63.6,0.0,NE@7.3,10.3,28.0,0.0,222,"Triple-S, Benton County",100039,Triple-S,2017-12-04 17:52:21.366705
2014-02-07,14:30,18.6,17.8,6.5,63.2,0.0,NE@8.5,10.7,28.1,0.0,213,"Triple-S, Benton County",100039,Triple-S,2017-12-04 17:52:21.366705
2014-02-07,14:45,18.6,17.6,6.4,63.2,0.0,NE@8.6,12.1,28.1,0.0,174,"Triple-S, Benton County",100039,Triple-S,2017-12-04 17:52:21.366705
2014-02-07,15:00,18.4,17.4,6.9,65.2,0.0,NE@9.3,12.4,28.1,0.0,160,"Triple-S, Benton County",100039,Triple-S,2017-12-04 17:52:21.366705
2014-02-07,15:15,17.8,16.9,8.1,70.5,0.0,NE@10.9,13.9,28.2,0.0,146,"Triple-S, Benton County",100039,Triple-S,2017-12-04 17:52:21.366705
2014-02-07,15:30,17.4,16.6,8.0,71.8,0.0,NE@10.5,13.9,28.2,0.0,137,"Triple-S, Benton County",100039,Triple-S,2017-12-04 17:52:21.366705
2014-02-07,15:45,17.2,16.3,8.0,72.4,0.0,NE@10.7,15.0,28.3,0.0,94,"Triple-S, Benton County",100039,Triple-S,2017-12-04 17:52:21.366705
2014-02-07,16:00,17.0,16.1,7.8,72.7,0.0,NE@10.2,14.6,28.3,0.0,73,"Triple-S, Benton County",100039,Triple-S,2017-12-04 17:52:21.366705
2014-02-07,16:15,16.8,16.0,7.4,71.6,0.0,NE@10.0,13.2,28.4,0.0,59,"Triple-S, Benton County",100039,Triple-S,2017-12-04 17:52:21.366705
2014-02-07,16:30,16.7,15.9,6.7,70.0,0.0,N@9.6,12.8,28.4,0.0,42,"Triple-S, Benton County",100039,Triple-S,2017-12-04 17:52:21.366705
2014-02-07,16:45,16.4,15.7,7.1,72.0,0.0,NE@10.1,13.5,28.5,0.0,25,"Triple-S, Benton County",100039,Triple-S,2017-12-04 17:52:21.366705
2014-02-07,17:00,16.1,15.3,6.9,72.6,0.0,NE@10.4,14.2,28.5,0.0,14,"Triple-S, Benton County",100039,Triple-S,2017-12-04 17:52:21.366705
2014-02-07,17:15,15.9,15.2,7.1,73.9,0.0,NE@10.5,13.5,28.6,0.0,4,"Triple-S, Benton County",100039,Triple-S,2017-12-04 17:52:21.366705
2014-02-07,17:30,15.9,15.1,7.3,74.6,0.0,NE@10.0,13.5,28.6,0.0,1,"Triple-S, Benton County",100039,Triple-S,2017-12-04 17:52:21.366705
2014-02-07,17:45,15.8,15.0,7.1,74.4,0.0,N@9.4,12.8,28.7,0.0,0,"Triple-S, Benton County",100039,Triple-S,2017-12-04 17:52:21.366705
2014-02-07,18:00,15.8,15.0,7.3,75.1,0.0,N@10.3,14.6,28.7,0.0,0,"Triple-S, Benton County",100039,Triple-S,2017-12-04 17:52:21.366705
2014-02-07,18:15,15.8,15.0,7.8,76.8,0.0,N@11.2,15.3,28.7,0.0,0,"Triple-S, Benton County",100039,Triple-S,2017-12-04 17:52:21.366705
2014-02-07,18:30,15.8,15.0,7.9,77.1,0.0,N@12.5,17.1,28.8,0.0,0,"Triple-S, Benton County",100039,Triple-S,2017-12-04 17:52:21.366705
2014-02-07,18:45,15.7,14.9,8.0,77.8,0.0,N@12.7,16.4,28.8,0.0,0,"Triple-S, Benton County",100039,Triple-S,2017-12-04 17:52:21.366705
2014-02-07,19:00,15.7,14.9,8.0,77.8,0.0,N@13.7,18.9,28.8,0.0,0,"Triple-S, Benton County",100039,Triple-S,2017-12-04 17:52:21.366705
2014-02-07,19:15,15.7,14.9,8.0,78.1,0.0,N@17.0,25.3,28.8,0.0,0,"Triple-S, Benton County",100039,Triple-S,2017-12-04 17:52:21.366705
2014-02-07,19:30,15.5,14.8,8.1,78.9,0.0,N@19.7,27.5,28.8,0.0,0,"Triple-S, Benton County",100039,Triple-S,2017-12-04 17:52:21.366705
2014-02-07,19:45,15.4,14.8,8.1,79.4,0.0,N@22.3,29.3,28.9,0.0,0,"Triple-S, Benton County",100039,Triple-S,2017-12-04 17:52:21.366705
2014-02-07,20:00,15.3,14.6,8.1,79.7,0.0,N@22.2,29.6,28.9,0.0,0,"Triple-S, Benton County",100039,Triple-S,2017-12-04 17:52:21.366705
2014-02-07,20:15,15.2,14.6,7.8,78.8,0.0,N@23.2,27.8,28.9,0.0,0,"Triple-S, Benton County",100039,Triple-S,2017-12-04 17:52:21.366705
2014-02-07,20:30,15.3,14.6,7.5,77.3,0.0,N@23.6,31.1,28.9,0.0,0,"Triple-S, Benton County",100039,Triple-S,2017-12-04 17:52:21.366705
2014-02-07,20:45,15.4,14.7,7.0,75.6,0.0,N@24.5,30.7,28.9,0.0,0,"Triple-S, Benton County",100039,Triple-S,2017-12-04 17:52:21.366705
2014-02-07,21:00,15.7,15.0,7.0,74.3,0.0,N@24.0,30.7,28.9,0.0,0,"Triple-S, Benton County",100039,Triple-S,2017-12-04 17:52:21.366705
2014-02-07,21:15,15.8,15.1,7.4,75.2,0.0,N@24.0,31.1,28.9,0.0,0,"Triple-S, Benton County",100039,Triple-S,2017-12-04 17:52:21.366705
2014-02-07,21:30,15.8,15.2,8.0,77.1,0.0,N@24.0,30.7,28.8,0.0,0,"Triple-S, Benton County",100039,Triple-S,2017-12-04 17:52:21.366705
2014-02-07,21:45,15.7,15.0,7.9,77.6,0.0,N@25.5,31.8,28.8,0.0,0,"Triple-S, Benton County",100039,Triple-S,2017-12-04 17:52:21.366705
2014-02-07,22:00,15.1,14.4,8.3,80.9,0.01,N@23.4,29.6,28.8,0.0,0,"Triple-S, Benton County",100039,Triple-S,2017-12-04 17:52:21.366705
2014-02-07,22:15,15.0,14.2,8.7,83.1,0.02,N@22.9,30.7,28.8,0.0,0,"Triple-S, Benton County",100039,Triple-S,2017-12-04 17:52:21.366705
2014-02-07,22:30,14.8,14.1,8.7,83.9,0.02,N@24.3,32.8,28.7,0.0,0,"Triple-S, Benton County",100039,Triple-S,2017-12-04 17:52:21.366705
2014-02-07,22:45,14.8,14.1,8.8,84.4,0.02,N@23.9,32.1,28.7,0.0,0,"Triple-S, Benton County",100039,Triple-S,2017-12-04 17:52:21.366705
2014-02-07,23:00,14.9,14.1,8.8,83.9,0.02,N@26.2,31.8,28.7,0.0,0,"Triple-S, Benton County",100039,Triple-S,2017-12-04 17:52:21.366705
2014-02-07,23:15,14.7,14.0,8.4,83.0,0.01,N@24.1,30.3,28.6,0.0,0,"Triple-S, Benton County",100039,Triple-S,2017-12-04 17:52:21.366705
2014-02-07,23:30,14.9,14.1,8.3,82.0,0.01,N@24.0,30.7,28.6,0.0,0,"Triple-S, Benton County",100039,Triple-S,2017-12-04 17:52:21.366705
2014-02-07,23:45,14.9,14.2,8.2,81.5,0.01,N@23.3,31.4,28.6,0.0,0,"Triple-S, Benton County",100039,Triple-S,2017-12-04 17:52:21.366705
2014-02-07,24:00,14.8,14.0,8.2,82.0,0.01,N@20.1,26.8,28.5,0.0,0,"Triple-S, Benton County",100039,Triple-S,2017-12-04 17:52:21.366705
2014-02-08,00:15,14.7,14.0,8.4,82.9,0.01,N@18.9,26.4,28.5,0.0,0,"Triple-S, Benton County",100039,Triple-S,2017-12-04 17:52:21.366705
2014-02-08,00:30,14.9,14.1,8.8,83.8,0.02,N@16.8,22.1,28.5,0.0,0,"Triple-S, Benton County",100039,Triple-S,2017-12-04 17:52:21.366705
2014-02-08,00:45,15.2,14.5,9.2,84.1,0.02,N@17.6,23.2,28.4,0.0,0,"Triple-S, Benton County",100039,Triple-S,2017-12-04 17:52:21.366705
2014-02-08,01:00,15.6,14.9,9.7,84.3,0.02,N@14.8,21.4,28.4,0.0,0,"Triple-S, Benton County",100039,Triple-S,2017-12-04 17:52:21.366705
2014-02-08,01:15,16.1,15.5,10.1,83.5,0.01,N@15.6,21.8,28.3,0.0,0,"Triple-S, Benton County",100039,Triple-S,2017-12-04 17:52:21.366705
2014-02-08,01:30,16.6,16.0,10.1,81.6,0.01,N@15.9,21.4,28.3,0.0,0,"Triple-S, Benton County",100039,Triple-S,2017-12-04 17:52:21.366705
2014-02-08,01:45,17.0,16.3,10.1,80.4,0.0,N@14.0,20.0,28.2,0.0,0,"Triple-S, Benton County",100039,Triple-S,2017-12-04 17:52:21.366705
2014-02-08,02:00,17.3,16.6,10.3,79.8,0.0,N@12.6,17.5,28.2,0.0,0,"Triple-S, Benton County",100039,Triple-S,2017-12-04 17:52:21.366705
2014-02-08,02:15,17.6,16.9,10.2,78.7,0.0,N@10.6,15.3,28.2,0.0,0,"Triple-S, Benton County",100039,Triple-S,2017-12-04 17:52:21.366705
2014-02-08,02:30,18.0,17.3,10.1,76.4,0.0,N@9.5,14.2,28.1,0.0,0,"Triple-S, Benton County",100039,Triple-S,2017-12-04 17:52:21.366705
2014-02-08,02:45,18.4,17.7,9.7,73.9,0.0,N@9.2,14.6,28.1,0.0,0,"Triple-S, Benton County",100039,Triple-S,2017-12-04 17:52:21.366705
2014-02-08,03:00,17.2,16.4,9.6,77.6,0.01,NW@7.4,13.9,28.0,0.0,0,"Triple-S, Benton County",100039,Triple-S,2017-12-04 17:52:21.366705
2014-02-08,03:15,16.5,15.7,10.2,82.5,0.01,W@5.6,8.2,28.0,0.0,0,"Triple-S, Benton County",100039,Triple-S,2017-12-04 17:52:21.366705
2014-02-08,03:30,16.5,15.9,10.3,83.0,0.01,NW@5.5,7.4,28.0,0.0,0,"Triple-S, Benton County",100039,Triple-S,2017-12-04 17:52:21.366705
2014-02-08,03:45,16.6,16.0,10.4,82.9,0.01,W@5.5,7.4,27.9,0.0,0,"Triple-S, Benton County",100039,Triple-S,2017-12-04 17:52:21.366705
2014-02-08,04:00,16.6,16.0,10.4,82.8,0.01,W@5.3,6.7,27.9,0.0,0,"Triple-S, Benton County",100039,Triple-S,2017-12-04 17:52:21.366705
2014-02-08,04:15,16.4,15.7,10.3,83.5,0.01,W@6.9,9.2,27.9,0.0,0,"Triple-S, Benton County",100039,Triple-S,2017-12-04 17:52:21.366705
2014-02-08,04:30,16.3,15.6,10.5,84.3,0.02,W@6.3,7.8,27.8,0.0,0,"Triple-S, Benton County",100039,Triple-S,2017-12-04 17:52:21.366705
2014-02-08,04:45,16.5,15.7,10.6,84.2,0.02,W@5.7,7.8,27.8,0.0,0,"Triple-S, Benton County",100039,Triple-S,2017-12-04 17:52:21.366705
2014-02-08,05:00,16.5,15.8,10.6,84.0,0.02,NW@5.2,7.8,27.8,0.0,0,"Triple-S, Benton County",100039,Triple-S,2017-12-04 17:52:21.366705
2014-02-08,05:15,16.5,15.7,10.5,83.9,0.02,NW@4.2,6.4,27.8,0.0,0,"Triple-S, Benton County",100039,Triple-S,2017-12-04 17:52:21.366705
2014-02-08,05:30,16.6,15.9,10.6,83.7,0.02,NW@4.2,5.3,27.7,0.0,0,"Triple-S, Benton County",100039,Triple-S,2017-12-04 17:52:21.366705
2014-02-08,05:45,16.5,15.8,10.4,83.4,0.02,NW@4.1,5.7,27.7,0.0,0,"Triple-S, Benton County",100039,Triple-S,2017-12-04 17:52:21.366705
2014-02-08,06:00,16.5,15.7,10.3,83.1,0.02,W@2.5,4.2,27.7,0.0,0,"Triple-S, Benton County",100039,Triple-S,2017-12-04 17:52:21.366705
2014-02-08,06:15,16.2,15.4,10.0,82.9,0.02,W@2.3,4.6,27.7,0.0,0,"Triple-S, Benton County",100039,Triple-S,2017-12-04 17:52:21.366705
2014-02-08,06:30,16.5,15.8,10.2,82.6,0.01,W@3.6,4.9,27.7,0.0,0,"Triple-S, Benton County",100039,Triple-S,2017-12-04 17:52:21.366705
2014-02-08,06:45,16.6,15.8,10.3,82.7,0.01,W@4.2,6.0,27.7,0.0,0,"Triple-S, Benton County",100039,Triple-S,2017-12-04 17:52:21.366705
2014-02-08,07:00,16.4,15.6,10.2,82.9,0.02,NW@3.4,4.2,27.7,0.0,0,"Triple-S, Benton County",100039,Triple-S,2017-12-04 17:52:21.366705
2014-02-08,07:15,16.5,15.8,10.3,82.9,0.01,W@3.3,4.2,27.6,0.0,2,"Triple-S, Benton County",100039,Triple-S,2017-12-04 17:52:21.366705
2014-02-08,07:30,16.1,15.2,9.9,82.8,0.02,N@3.1,4.6,27.6,0.0,5,"Triple-S, Benton County",100039,Triple-S,2017-12-04 17:52:21.366705
2014-02-08,07:45,16.2,15.3,10.1,83.5,0.02,N@1.0,3.5,27.6,0.0,12,"Triple-S, Benton County",100039,Triple-S,2017-12-04 17:52:21.366705
2014-02-08,08:00,16.1,15.3,9.9,83.3,0.02,N@2.2,3.5,27.6,0.0,20,"Triple-S, Benton County",100039,Triple-S,2017-12-04 17:52:21.366705
2014-02-08,08:15,16.4,15.6,10.1,82.7,0.01,N@2.1,2.8,27.6,0.0,38,"Triple-S, Benton County",100039,Triple-S,2017-12-04 17:52:21.366705
2014-02-08,08:30,16.3,15.3,9.9,82.4,0.01,N@3.3,4.9,27.6,0.0,61,"Triple-S, Benton County",100039,Triple-S,2017-12-04 17:52:21.366705
2014-02-08,08:45,16.1,15.3,10.0,83.4,0.01,N@4.0,5.3,27.6,0.0,102,"Triple-S, Benton County",100039,Triple-S,2017-12-04 17:52:21.366705
2014-02-08,09:00,16.6,15.8,10.4,83.2,0.01,SW@3.7,4.9,27.6,0.0,123,"Triple-S, Benton County",100039,Triple-S,2017-12-04 17:52:21.366705
2014-02-08,09:15,17.4,16.7,11.1,82.5,0.0,SW@3.7,4.9,27.6,0.0,147,"Triple-S, Benton County",100039,Triple-S,2017-12-04 17:52:21.366705
2014-02-08,09:30,18.2,17.4,11.7,81.5,0.0,SW@3.5,4.6,27.6,0.0,179,"Triple-S, Benton County",100039,Triple-S,2017-12-04 17:52:21.366705
2014-02-08,09:45,18.4,17.7,11.7,80.6,0.0,NW@3.9,5.3,27.6,0.0,198,"Triple-S, Benton County",100039,Triple-S,2017-12-04 17:52:21.366705
2014-02-08,10:00,18.8,18.0,11.9,80.1,0.0,NW@4.2,5.3,27.6,0.0,224,"Triple-S, Benton County",100039,Triple-S,2017-12-04 17:52:21.366705
2014-02-08,10:15,19.5,18.7,12.4,79.1,0.0,NW@3.8,5.7,27.6,0.0,257,"Triple-S, Benton County",100039,Triple-S,2017-12-04 17:52:21.366705
2014-02-08,10:30,20.2,19.6,12.2,75.7,0.0,NW@4.4,6.4,27.6,0.0,220,"Triple-S, Benton County",100039,Triple-S,2017-12-04 17:52:21.366705
2014-02-08,10:45,20.7,19.9,11.4,71.2,0.0,N@4.9,7.1,27.6,0.0,274,"Triple-S, Benton County",100039,Triple-S,2017-12-04 17:52:21.366705
2014-02-08,11:00,20.8,19.8,10.8,69.0,0.0,N@5.8,10.3,27.6,0.0,260,"Triple-S, Benton County",100039,Triple-S,2017-12-04 17:52:21.366705
2014-02-08,11:15,20.7,19.7,10.9,69.7,0.0,N@6.9,9.6,27.6,0.0,235,"Triple-S, Benton County",100039,Triple-S,2017-12-04 17:52:21.366705
2014-02-08,11:30,20.5,19.5,10.8,70.3,0.0,N@7.6,10.3,27.6,0.0,211,"Triple-S, Benton County",100039,Triple-S,2017-12-04 17:52:21.366705
2014-02-08,11:45,20.5,19.6,11.2,71.3,0.0,N@7.9,11.7,27.7,0.0,208,"Triple-S, Benton County",100039,Triple-S,2017-12-04 17:52:21.366705
2014-02-08,12:00,20.8,19.9,11.2,70.6,0.0,N@8.0,11.7,27.7,0.0,223,"Triple-S, Benton County",100039,Triple-S,2017-12-04 17:52:21.366705
2014-02-08,12:15,20.8,20.0,11.3,70.8,0.0,N@9.5,13.9,27.7,0.0,212,"Triple-S, Benton County",100039,Triple-S,2017-12-04 17:52:21.366705
2014-02-08,12:30,21.0,20.1,10.7,68.1,0.0,N@10.5,14.6,27.8,0.0,242,"Triple-S, Benton County",100039,Triple-S,2017-12-04 17:52:21.366705
2014-02-08,12:45,21.0,20.2,9.9,65.8,0.0,N@11.2,15.7,27.8,0.0,244,"Triple-S, Benton County",100039,Triple-S,2017-12-04 17:52:21.366705
2014-02-08,13:00,20.9,20.0,9.4,64.7,0.0,N@11.8,17.8,27.9,0.0,217,"Triple-S, Benton County",100039,Triple-S,2017-12-04 17:52:21.366705
2014-02-08,13:15,21.0,20.0,9.5,64.7,0.0,N@11.3,16.0,27.9,0.0,214,"Triple-S, Benton County",100039,Triple-S,2017-12-04 17:52:21.366705
2014-02-08,13:30,21.0,20.1,9.9,65.8,0.0,N@11.6,16.0,28.0,0.0,228,"Triple-S, Benton County",100039,Triple-S,2017-12-04 17:52:21.366705
2014-02-08,13:45,21.1,20.2,10.0,65.9,0.0,N@11.4,15.3,28.0,0.0,234,"Triple-S, Benton County",100039,Triple-S,2017-12-04 17:52:21.366705
2014-02-08,14:00,20.9,19.9,10.5,68.1,0.0,N@11.5,15.3,28.1,0.0,205,"Triple-S, Benton County",100039,Triple-S,2017-12-04 17:52:21.366705
2014-02-08,14:15,20.9,19.9,11.3,70.7,0.0,N@11.2,15.3,28.1,0.0,217,"Triple-S, Benton County",100039,Triple-S,2017-12-04 17:52:21.366705
2014-02-08,14:30,21.0,20.1,10.8,68.5,0.0,N@13.1,18.5,28.2,0.0,241,"Triple-S, Benton County",100039,Triple-S,2017-12-04 17:52:21.366705
2014-02-08,14:45,21.0,20.2,11.2,69.8,0.0,N@15.0,20.3,28.3,0.0,219,"Triple-S, Benton County",100039,Triple-S,2017-12-04 17:52:21.366705
2014-02-08,15:00,20.9,20.0,11.6,71.2,0.0,N@14.5,20.0,28.3,0.0,184,"Triple-S, Benton County",100039,Triple-S,2017-12-04 17:52:21.366705
2014-02-08,15:15,21.0,20.1,11.2,70.0,0.0,N@13.7,19.2,28.4,0.0,139,"Triple-S, Benton County",100039,Triple-S,2017-12-04 17:52:21.366705
2014-02-08,15:30,20.9,20.0,11.2,70.3,0.0,N@15.5,21.0,28.4,0.0,120,"Triple-S, Benton County",100039,Triple-S,2017-12-04 17:52:21.366705
2014-02-08,15:45,20.7,19.9,11.0,70.4,0.0,NE@15.2,21.0,28.5,0.0,85,"Triple-S, Benton County",100039,Triple-S,2017-12-04 17:52:21.366705
2014-02-08,16:00,20.6,19.8,11.3,71.3,0.0,NE@12.2,18.5,28.5,0.0,42,"Triple-S, Benton County",100039,Triple-S,2017-12-04 17:52:21.366705
2014-02-08,16:15,20.6,19.9,10.7,69.4,0.0,N@12.1,16.7,28.5,0.0,28,"Triple-S, Benton County",100039,Triple-S,2017-12-04 17:52:21.366705
2014-02-08,16:30,20.6,19.9,10.6,69.1,0.0,N@12.1,16.7,28.6,0.0,20,"Triple-S, Benton County",100039,Triple-S,2017-12-04 17:52:21.366705
2014-02-08,16:45,20.5,19.8,10.6,69.6,0.0,N@12.6,19.6,28.6,0.0,14,"Triple-S, Benton County",100039,Triple-S,2017-12-04 17:52:21.366705
2014-02-08,17:00,19.8,19.1,12.3,77.7,0.0,NE@12.7,17.8,28.7,0.0,10,"Triple-S, Benton County",100039,Triple-S,2017-12-04 17:52:21.366705
2014-02-08,17:15,19.4,18.7,12.9,81.4,0.01,NE@12.1,15.7,28.7,0.0,4,"Triple-S, Benton County",100039,Triple-S,2017-12-04 17:52:21.366705
2014-02-08,17:30,19.1,18.4,13.4,83.9,0.02,NE@9.8,15.0,28.7,0.0,1,"Triple-S, Benton County",100039,Triple-S,2017-12-04 17:52:21.366705
2014-02-08,17:45,18.8,18.2,13.7,86.3,0.02,N@9.4,13.5,28.7,0.0,0,"Triple-S, Benton County",100039,Triple-S,2017-12-04 17:52:21.366705
2014-02-08,18:00,18.9,18.3,14.1,87.4,0.02,N@11.4,17.8,28.8,0.0,0,"Triple-S, Benton County",100039,Triple-S,2017-12-04 17:52:21.366705
2014-02-08,18:15,18.9,18.2,14.1,87.5,0.02,N@16.4,23.5,28.8,0.0,0,"Triple-S, Benton County",100039,Triple-S,2017-12-04 17:52:21.366705
2014-02-08,18:30,18.7,18.1,13.9,87.4,0.02,N@19.1,24.3,28.8,0.0,0,"Triple-S, Benton County",100039,Triple-S,2017-12-04 17:52:21.366705
2014-02-08,18:45,18.7,18.0,13.8,87.3,0.02,N@19.6,25.3,28.8,0.0,0,"Triple-S, Benton County",100039,Triple-S,2017-12-04 17:52:21.366705
2014-02-08,19:00,18.7,18.0,13.8,87.3,0.02,N@16.2,22.1,28.8,0.0,0,"Triple-S, Benton County",100039,Triple-S,2017-12-04 17:52:21.366705
2014-02-08,19:15,18.8,18.2,13.9,87.4,0.02,N@18.1,25.0,28.8,0.0,0,"Triple-S, Benton County",100039,Triple-S,2017-12-04 17:52:21.366705
2014-02-08,19:30,19.0,18.4,14.2,87.5,0.02,N@19.6,25.0,28.8,0.0,0,"Triple-S, Benton County",100039,Triple-S,2017-12-04 17:52:21.366705
2014-02-08,19:45,19.1,18.4,14.3,87.5,0.02,N@18.9,25.7,28.8,0.0,0,"Triple-S, Benton County",100039,Triple-S,2017-12-04 17:52:21.366705
2014-02-08,20:00,19.3,18.7,14.6,87.7,0.02,N@16.0,22.1,28.8,0.0,0,"Triple-S, Benton County",100039,Triple-S,2017-12-04 17:52:21.366705
2014-02-08,20:15,19.6,19.0,14.9,87.8,0.02,N@16.1,21.8,28.8,0.0,0,"Triple-S, Benton County",100039,Triple-S,2017-12-04 17:52:21.366705
2014-02-08,20:30,19.8,19.1,15.1,87.9,0.02,N@16.1,20.7,28.8,0.0,0,"Triple-S, Benton County",100039,Triple-S,2017-12-04 17:52:21.366705
2014-02-08,20:45,19.8,19.1,15.1,87.9,0.02,N@14.0,21.8,28.7,0.0,0,"Triple-S, Benton County",100039,Triple-S,2017-12-04 17:52:21.366705
2014-02-08,21:00,19.9,19.3,15.3,88.0,0.02,N@14.7,21.0,28.7,0.0,0,"Triple-S, Benton County",100039,Triple-S,2017-12-04 17:52:21.366705
2014-02-08,21:15,20.3,19.6,15.7,88.1,0.02,N@13.1,18.9,28.7,0.0,0,"Triple-S, Benton County",100039,Triple-S,2017-12-04 17:52:21.366705
2014-02-08,21:30,20.8,20.0,16.2,87.6,0.02,N@12.0,17.5,28.7,0.0,0,"Triple-S, Benton County",100039,Triple-S,2017-12-04 17:52:21.366705
2014-02-08,21:45,21.3,20.7,16.1,85.2,0.02,N@12.3,16.4,28.7,0.0,0,"Triple-S, Benton County",100039,Triple-S,2017-12-04 17:52:21.366705
2014-02-08,22:00,21.3,20.7,15.6,83.7,0.02,NW@10.4,14.2,28.6,0.0,0,"Triple-S, Benton County",100039,Triple-S,2017-12-04 17:52:21.366705
2014-02-08,22:15,21.2,20.7,15.7,84.1,0.02,NW@9.6,14.6,28.6,0.0,0,"Triple-S, Benton County",100039,Triple-S,2017-12-04 17:52:21.366705
2014-02-08,22:30,20.6,19.9,15.3,85.0,0.02,NW@10.5,14.6,28.6,0.0,0,"Triple-S, Benton County",100039,Triple-S,2017-12-04 17:52:21.366705
2014-02-08,22:45,19.4,18.7,14.3,86.5,0.02,W@10.5,13.5,28.6,0.0,0,"Triple-S, Benton County",100039,Triple-S,2017-12-04 17:52:21.366705
2014-02-08,23:00,19.1,18.6,14.2,86.9,0.02,W@11.5,15.3,28.5,0.0,0,"Triple-S, Benton County",100039,Triple-S,2017-12-04 17:52:21.366705
2014-02-08,23:15,19.3,18.7,14.4,86.8,0.02,W@12.2,14.6,28.5,0.0,0,"Triple-S, Benton County",100039,Triple-S,2017-12-04 17:52:21.366705
2014-02-08,23:30,19.4,18.8,14.5,87.0,0.02,W@12.4,15.7,28.5,0.0,0,"Triple-S, Benton County",100039,Triple-S,2017-12-04 17:52:21.366705
2014-02-08,23:45,19.4,18.7,14.6,87.3,0.02,W@12.3,15.3,28.5,0.0,0,"Triple-S, Benton County",100039,Triple-S,2017-12-04 17:52:21.366705
2014-02-08,24:00,19.3,18.6,14.5,87.4,0.02,W@12.2,14.6,28.5,0.0,0,"Triple-S, Benton County",100039,Triple-S,2017-12-04 17:52:21.366705
2014-02-09,00:15,19.3,18.6,14.6,87.9,0.02,W@12.0,15.3,28.5,0.0,0,"Triple-S, Benton County",100039,Triple-S,2017-12-04 17:52:21.366705
2014-02-09,00:30,19.4,18.7,14.7,88.0,0.02,W@12.2,15.3,28.4,0.0,0,"Triple-S, Benton County",100039,Triple-S,2017-12-04 17:52:21.366705
2014-02-09,00:45,19.4,18.8,14.8,88.0,0.02,NW@11.6,13.9,28.4,0.0,0,"Triple-S, Benton County",100039,Triple-S,2017-12-04 17:52:21.366705
2014-02-09,01:00,19.5,18.8,14.8,88.1,0.02,NW@9.7,12.8,28.4,0.0,0,"Triple-S, Benton County",100039,Triple-S,2017-12-04 17:52:21.366705
2014-02-09,01:15,19.5,18.9,14.9,88.1,0.02,W@9.6,12.1,28.4,0.0,0,"Triple-S, Benton County",100039,Triple-S,2017-12-04 17:52:21.366705
2014-02-09,01:30,19.5,18.9,14.9,88.1,0.02,W@10.0,12.1,28.4,0.0,0,"Triple-S, Benton County",100039,Triple-S,2017-12-04 17:52:21.366705
2014-02-09,01:45,19.6,19.0,15.0,88.1,0.02,W@10.0,13.2,28.4,0.0,0,"Triple-S, Benton County",100039,Triple-S,2017-12-04 17:52:21.366705
2014-02-09,02:00,19.8,19.1,15.2,88.2,0.02,W@8.8,11.4,28.4,0.0,0,"Triple-S, Benton County",100039,Triple-S,2017-12-04 17:52:21.366705
2014-02-09,02:15,19.8,19.1,15.2,88.2,0.02,N@7.2,9.6,28.4,0.0,0,"Triple-S, Benton County",100039,Triple-S,2017-12-04 17:52:21.366705
2014-02-09,02:30,19.7,19.0,15.1,88.1,0.02,N@6.9,9.2,28.4,0.0,0,"Triple-S, Benton County",100039,Triple-S,2017-12-04 17:52:21.366705
2014-02-09,02:45,19.6,18.9,15.0,88.0,0.02,N@6.9,9.6,28.3,0.0,0,"Triple-S, Benton County",100039,Triple-S,2017-12-04 17:52:21.366705
2014-02-09,03:00,19.1,18.4,14.4,87.8,0.02,S@6.9,8.9,28.3,0.0,0,"Triple-S, Benton County",100039,Triple-S,2017-12-04 17:52:21.366705
2014-02-09,03:15,19.0,18.3,14.3,87.8,0.02,S@6.4,8.2,28.3,0.0,0,"Triple-S, Benton County",100039,Triple-S,2017-12-04 17:52:21.366705
2014-02-09,03:30,19.0,18.3,14.3,87.8,0.02,S@7.0,8.9,28.3,0.0,0,"Triple-S, Benton County",100039,Triple-S,2017-12-04 17:52:21.366705
2014-02-09,03:45,18.9,18.3,14.2,87.7,0.02,S@7.3,8.9,28.3,0.0,0,"Triple-S, Benton County",100039,Triple-S,2017-12-04 17:52:21.366705
2014-02-09,04:00,18.7,18.1,13.9,87.6,0.02,S@6.8,8.5,28.3,0.0,0,"Triple-S, Benton County",100039,Triple-S,2017-12-04 17:52:21.366705
2014-02-09,04:15,18.7,18.0,13.8,87.5,0.02,S@6.0,8.2,28.3,0.0,0,"Triple-S, Benton County",100039,Triple-S,2017-12-04 17:52:21.366705
2014-02-09,04:30,18.8,18.1,13.9,87.5,0.02,S@5.2,6.7,28.3,0.0,0,"Triple-S, Benton County",100039,Triple-S,2017-12-04 17:52:21.366705
2014-02-09,04:45,18.8,18.1,14.0,87.6,0.02,S@4.6,5.7,28.3,0.0,0,"Triple-S, Benton County",100039,Triple-S,2017-12-04 17:52:21.366705
2014-02-09,05:00,18.8,18.1,14.0,87.5,0.02,S@5.1,7.1,28.3,0.0,0,"Triple-S, Benton County",100039,Triple-S,2017-12-04 17:52:21.366705
2014-02-09,05:15,18.7,18.0,13.8,87.5,0.02,S@4.6,6.7,28.3,0.0,0,"Triple-S, Benton County",100039,Triple-S,2017-12-04 17:52:21.366705
2014-02-09,05:30,18.7,18.0,13.8,87.5,0.02,S@4.0,4.9,28.3,0.0,0,"Triple-S, Benton County",100039,Triple-S,2017-12-04 17:52:21.366705
2014-02-09,05:45,18.7,17.9,13.8,87.4,0.02,S@4.2,5.7,28.3,0.0,0,"Triple-S, Benton County",100039,Triple-S,2017-12-04 17:52:21.366705
2014-02-09,06:00,18.7,17.9,13.8,87.4,0.02,S@4.3,5.3,28.3,0.0,0,"Triple-S, Benton County",100039,Triple-S,2017-12-04 17:52:21.366705
2014-02-09,06:15,18.7,17.9,13.8,87.4,0.02,S@2.1,3.9,28.3,0.0,0,"Triple-S, Benton County",100039,Triple-S,2017-12-04 17:52:21.366705
2014-02-09,06:30,18.7,17.9,13.8,87.3,0.02,S@0.2,2.1,28.3,0.0,0,"Triple-S, Benton County",100039,Triple-S,2017-12-04 17:52:21.366705
2014-02-09,06:45,18.8,17.9,13.9,87.3,0.02,N@0.0,0.0,28.3,0.0,0,"Triple-S, Benton County",100039,Triple-S,2017-12-04 17:52:21.366705
2014-02-09,07:00,18.7,17.9,13.8,87.3,0.02,S@0.1,1.7,28.3,0.0,0,"Triple-S, Benton County",100039,Triple-S,2017-12-04 17:52:21.366705
2014-02-09,07:15,18.8,18.0,13.9,87.4,0.02,N@0.0,0.0,28.3,0.0,2,"Triple-S, Benton County",100039,Triple-S,2017-12-04 17:52:21.366705
2014-02-09,07:30,18.9,18.1,14.1,87.4,0.02,N@0.0,0.0,28.3,0.0,10,"Triple-S, Benton County",100039,Triple-S,2017-12-04 17:52:21.366705
2014-02-09,07:45,19.1,18.3,14.3,87.5,0.02,N@0.0,0.0,28.3,0.0,20,"Triple-S, Benton County",100039,Triple-S,2017-12-04 17:52:21.366705
2014-02-09,08:00,19.4,18.5,14.6,87.6,0.02,S@0.2,2.4,28.3,0.0,34,"Triple-S, Benton County",100039,Triple-S,2017-12-04 17:52:21.366705
2014-02-09,08:15,19.4,18.6,14.7,87.7,0.02,S@2.7,3.9,28.3,0.0,46,"Triple-S, Benton County",100039,Triple-S,2017-12-04 17:52:21.366705
2014-02-09,08:30,19.4,18.7,14.7,87.7,0.02,NW@4.5,5.7,28.3,0.0,67,"Triple-S, Benton County",100039,Triple-S,2017-12-04 17:52:21.366705
2014-02-09,08:45,19.8,19.1,15.2,87.9,0.02,NW@3.3,4.9,28.3,0.0,84,"Triple-S, Benton County",100039,Triple-S,2017-12-04 17:52:21.366705
2014-02-09,09:00,20.2,19.5,15.6,88.0,0.02,NW@3.9,5.3,28.3,0.0,120,"Triple-S, Benton County",100039,Triple-S,2017-12-04 17:52:21.366705
2014-02-09,09:15,20.8,20.1,16.3,88.3,0.02,NW@4.4,5.3,28.3,0.0,179,"Triple-S, Benton County",100039,Triple-S,2017-12-04 17:52:21.366705
2014-02-09,09:30,21.2,20.5,16.8,88.5,0.03,NW@4.4,5.3,28.3,0.0,176,"Triple-S, Benton County",100039,Triple-S,2017-12-04 17:52:21.366705
2014-02-09,09:45,21.6,20.9,17.4,88.7,0.03,NW@3.5,4.2,28.3,0.0,210,"Triple-S, Benton County",100039,Triple-S,2017-12-04 17:52:21.366705
2014-02-09,10:00,22.5,21.7,18.4,89.1,0.03,W@3.3,4.2,28.3,0.0,250,"Triple-S, Benton County",100039,Triple-S,2017-12-04 17:52:21.366705
2014-02-09,10:15,22.9,22.1,18.9,89.4,0.04,SW@4.1,5.7,28.3,0.0,245,"Triple-S, Benton County",100039,Triple-S,2017-12-04 17:52:21.366705
2014-02-09,10:30,23.2,22.2,19.2,89.2,0.04,SW@4.3,6.7,28.3,0.0,324,"Triple-S, Benton County",100039,Triple-S,2017-12-04 17:52:21.366705
2014-02-09,10:45,23.1,22.3,19.2,89.5,0.04,SW@3.8,5.7,28.3,0.0,265,"Triple-S, Benton County",100039,Triple-S,2017-12-04 17:52:21.366705
2014-02-09,11:00,23.3,22.5,19.4,89.6,0.04,W@3.8,5.3,28.3,0.0,276,"Triple-S, Benton County",100039,Triple-S,2017-12-04 17:52:21.366705
2014-02-09,11:15,23.6,22.8,19.7,89.6,0.04,W@3.0,4.9,28.3,0.0,305,"Triple-S, Benton County",100039,Triple-S,2017-12-04 17:52:21.366705
2014-02-09,11:30,23.9,23.0,20.1,89.7,0.04,W@3.0,4.9,28.3,0.01,352,"Triple-S, Benton County",100039,Triple-S,2017-12-04 17:52:21.366705
2014-02-09,11:45,24.4,23.5,20.8,89.9,0.04,SW@2.1,4.6,28.3,0.06,319,"Triple-S, Benton County",100039,Triple-S,2017-12-04 17:52:21.366705
2014-02-09,12:00,24.6,24.0,21.1,90.2,0.03,NW@0.7,2.8,28.3,0.0,265,"Triple-S, Benton County",100039,Triple-S,2017-12-04 17:52:21.366705
2014-02-09,12:15,25.0,24.0,21.3,89.9,0.01,W@2.1,3.1,28.4,0.02,301,"Triple-S, Benton County",100039,Triple-S,2017-12-04 17:52:21.366705
2014-02-09,12:30,24.8,24.2,21.2,89.8,0.0,N@1.2,5.3,28.4,0.0,294,"Triple-S, Benton County",100039,Triple-S,2017-12-04 17:52:21.366705
2014-02-09,12:45,24.9,24.2,21.1,89.1,0.0,N@4.3,6.0,28.4,0.0,296,"Triple-S, Benton County",100039,Triple-S,2017-12-04 17:52:21.366705
2014-02-09,13:00,24.8,24.1,20.9,88.9,0.0,N@4.4,6.7,28.5,0.0,231,"Triple-S, Benton County",100039,Triple-S,2017-12-04 17:52:21.366705
2014-02-09,13:15,24.6,23.8,20.5,88.0,0.0,N@5.7,7.8,28.5,0.0,236,"Triple-S, Benton County",100039,Triple-S,2017-12-04 17:52:21.366705
2014-02-09,13:30,24.9,24.0,20.2,86.1,0.0,N@5.5,7.4,28.5,0.0,275,"Triple-S, Benton County",100039,Triple-S,2017-12-04 17:52:21.366705
2014-02-09,13:45,24.9,23.9,19.7,84.1,0.0,N@4.9,6.7,28.6,0.0,198,"Triple-S, Benton County",100039,Triple-S,2017-12-04 17:52:21.366705
2014-02-09,14:00,24.6,23.8,19.0,82.7,0.0,N@5.2,7.1,28.6,0.0,177,"Triple-S, Benton County",100039,Triple-S,2017-12-04 17:52:21.366705
2014-02-09,14:15,24.4,23.7,18.5,81.8,0.0,N@4.5,5.7,28.7,0.0,168,"Triple-S, Benton County",100039,Triple-S,2017-12-04 17:52:21.366705
2014-02-09,14:30,24.6,23.9,18.6,81.4,0.0,N@4.8,6.4,28.7,0.0,178,"Triple-S, Benton County",100039,Triple-S,2017-12-04 17:52:21.366705
2014-02-09,14:45,24.5,23.8,18.5,81.4,0.0,N@4.9,7.4,28.7,0.0,176,"Triple-S, Benton County",100039,Triple-S,2017-12-04 17:52:21.366705
2014-02-09,15:00,24.4,23.8,18.4,81.4,0.0,N@5.1,7.4,28.8,0.0,176,"Triple-S, Benton County",100039,Triple-S,2017-12-04 17:52:21.366705
2014-02-09,15:15,24.4,23.8,18.4,81.7,0.0,N@5.5,7.8,28.8,0.0,168,"Triple-S, Benton County",100039,Triple-S,2017-12-04 17:52:21.366705
2014-02-09,15:30,24.2,23.6,18.6,82.7,0.0,N@5.3,6.7,28.9,0.0,130,"Triple-S, Benton County",100039,Triple-S,2017-12-04 17:52:21.366705
2014-02-09,15:45,24.0,23.5,18.6,83.5,0.01,N@6.0,7.8,28.9,0.0,116,"Triple-S, Benton County",100039,Triple-S,2017-12-04 17:52:21.366705
2014-02-09,16:00,23.9,23.3,18.6,83.9,0.01,N@6.4,8.2,28.9,0.0,96,"Triple-S, Benton County",100039,Triple-S,2017-12-04 17:52:21.366705
2014-02-09,16:15,23.8,23.2,18.6,84.3,0.01,N@5.6,7.1,29.0,0.0,83,"Triple-S, Benton County",100039,Triple-S,2017-12-04 17:52:21.366705
2014-02-09,16:30,23.8,23.2,18.5,84.3,0.01,N@5.2,6.7,29.0,0.0,85,"Triple-S, Benton County",100039,Triple-S,2017-12-04 17:52:21.366705
2014-02-09,16:45,23.7,23.1,18.5,84.5,0.01,N@4.9,6.4,29.1,0.0,78,"Triple-S, Benton County",100039,Triple-S,2017-12-04 17:52:21.366705
2014-02-09,17:00,23.5,22.9,18.4,84.8,0.01,N@4.6,6.0,29.1,0.0,38,"Triple-S, Benton County",100039,Triple-S,2017-12-04 17:52:21.366705
2014-02-09,17:15,23.3,22.7,18.2,85.2,0.02,N@3.4,5.3,29.2,0.0,17,"Triple-S, Benton County",100039,Triple-S,2017-12-04 17:52:21.366705
2014-02-09,17:30,23.2,22.5,18.2,85.5,0.02,N@3.1,4.2,29.2,0.0,5,"Triple-S, Benton County",100039,Triple-S,2017-12-04 17:52:21.366705
2014-02-09,17:45,23.1,22.4,18.3,85.8,0.02,N@2.2,3.1,29.2,0.0,0,"Triple-S, Benton County",100039,Triple-S,2017-12-04 17:52:21.366705
2014-02-09,18:00,23.1,22.3,18.3,85.9,0.02,N@0.1,1.7,29.3,0.0,0,"Triple-S, Benton County",100039,Triple-S,2017-12-04 17:52:21.366705
2014-02-09,18:15,23.2,22.2,18.3,86.0,0.02,N@0.0,0.0,29.3,0.0,0,"Triple-S, Benton County",100039,Triple-S,2017-12-04 17:52:21.366705
2014-02-09,18:30,23.2,22.3,18.4,86.0,0.02,N@0.0,0.0,29.4,0.0,0,"Triple-S, Benton County",100039,Triple-S,2017-12-04 17:52:21.366705
2014-02-09,18:45,23.0,22.3,18.2,86.2,0.02,N@0.5,2.4,29.4,0.0,0,"Triple-S, Benton County",100039,Triple-S,2017-12-04 17:52:21.366705
2014-02-09,19:00,23.0,22.2,18.3,86.6,0.02,N@0.4,3.5,29.4,0.0,0,"Triple-S, Benton County",100039,Triple-S,2017-12-04 17:52:21.366705
2014-02-09,19:15,22.7,22.0,18.1,86.8,0.02,N@3.0,4.2,29.4,0.0,0,"Triple-S, Benton County",100039,Triple-S,2017-12-04 17:52:21.366705
2014-02-09,19:30,22.7,22.0,18.1,87.3,0.02,N@3.4,3.9,29.5,0.0,0,"Triple-S, Benton County",100039,Triple-S,2017-12-04 17:52:21.366705
2014-02-09,19:45,22.7,22.2,18.2,87.3,0.02,N@3.8,4.2,29.5,0.0,0,"Triple-S, Benton County",100039,Triple-S,2017-12-04 17:52:21.366705
2014-02-09,20:00,22.8,22.2,18.2,86.9,0.02,N@3.2,4.2,29.5,0.0,0,"Triple-S, Benton County",100039,Triple-S,2017-12-04 17:52:21.366705
2014-02-09,20:15,23.1,22.4,18.2,85.7,0.02,N@3.5,5.3,29.6,0.0,0,"Triple-S, Benton County",100039,Triple-S,2017-12-04 17:52:21.366705
2014-02-09,20:30,22.9,22.3,18.1,86.3,0.03,N@4.2,5.7,29.6,0.0,0,"Triple-S, Benton County",100039,Triple-S,2017-12-04 17:52:21.366705
2014-02-09,20:45,22.9,22.3,18.2,86.6,0.03,N@3.2,4.2,29.6,0.0,0,"Triple-S, Benton County",100039,Triple-S,2017-12-04 17:52:21.366705
2014-02-09,21:00,22.8,22.1,18.1,86.5,0.03,N@2.6,3.5,29.6,0.0,0,"Triple-S, Benton County",100039,Triple-S,2017-12-04 17:52:21.366705
2014-02-09,21:15,22.7,22.0,18.0,86.9,0.03,N@3.1,4.2,29.6,0.0,0,"Triple-S, Benton County",100039,Triple-S,2017-12-04 17:52:21.366705
2014-02-09,21:30,22.5,21.8,17.9,87.1,0.03,N@2.9,3.5,29.7,0.0,0,"Triple-S, Benton County",100039,Triple-S,2017-12-04 17:52:21.366705
2014-02-09,21:45,22.4,21.6,17.8,87.2,0.03,N@1.7,3.1,29.7,0.0,0,"Triple-S, Benton County",100039,Triple-S,2017-12-04 17:52:21.366705
2014-02-09,22:00,22.3,21.5,17.8,87.6,0.03,N@2.6,3.5,29.7,0.0,0,"Triple-S, Benton County",100039,Triple-S,2017-12-04 17:52:21.366705
2014-02-09,22:15,22.5,21.7,18.0,87.8,0.03,N@2.2,3.1,29.7,0.0,0,"Triple-S, Benton County",100039,Triple-S,2017-12-04 17:52:21.366705
2014-02-09,22:30,22.5,21.7,17.9,87.3,0.03,N@0.9,2.4,29.7,0.0,0,"Triple-S, Benton County",100039,Triple-S,2017-12-04 17:52:21.366705
2014-02-09,22:45,22.8,22.0,18.0,86.4,0.03,N@2.1,3.1,29.7,0.0,0,"Triple-S, Benton County",100039,Triple-S,2017-12-04 17:52:21.366705
2014-02-09,23:00,22.6,21.8,17.7,85.9,0.03,N@1.4,3.1,29.7,0.0,0,"Triple-S, Benton County",100039,Triple-S,2017-12-04 17:52:21.366705
2014-02-09,23:15,22.3,21.5,17.5,86.2,0.03,N@1.0,3.1,29.7,0.0,0,"Triple-S, Benton County",100039,Triple-S,2017-12-04 17:52:21.366705
2014-02-09,23:30,22.4,21.7,17.5,86.1,0.03,N@2.5,3.1,29.7,0.0,0,"Triple-S, Benton County",100039,Triple-S,2017-12-04 17:52:21.366705
2014-02-09,23:45,22.2,21.6,17.2,85.6,0.03,N@3.4,4.2,29.7,0.0,0,"Triple-S, Benton County",100039,Triple-S,2017-12-04 17:52:21.366705
2014-02-09,24:00,22.2,21.4,16.9,84.9,0.03,N@2.7,4.6,29.8,0.0,0,"Triple-S, Benton County",100039,Triple-S,2017-12-04 17:52:21.366705
2014-02-10,00:15,21.8,21.1,16.8,85.8,0.03,N@2.6,3.9,29.8,0.0,0,"Triple-S, Benton County",100039,Triple-S,2017-12-04 17:52:21.366705
2014-02-10,00:30,21.7,21.0,16.8,86.3,0.03,N@2.5,3.9,29.8,0.0,0,"Triple-S, Benton County",100039,Triple-S,2017-12-04 17:52:21.366705
2014-02-10,00:45,22.0,21.2,17.1,86.3,0.03,N@1.4,2.4,29.8,0.0,0,"Triple-S, Benton County",100039,Triple-S,2017-12-04 17:52:21.366705
2014-02-10,01:00,22.0,21.2,17.0,85.9,0.03,N@2.2,2.8,29.8,0.0,0,"Triple-S, Benton County",100039,Triple-S,2017-12-04 17:52:21.366705
2014-02-10,01:15,22.2,21.4,17.0,85.3,0.03,N@2.6,5.3,29.8,0.0,0,"Triple-S, Benton County",100039,Triple-S,2017-12-04 17:52:21.366705
2014-02-10,01:30,22.7,22.1,17.2,83.7,0.03,N@4.7,6.4,29.8,0.0,0,"Triple-S, Benton County",100039,Triple-S,2017-12-04 17:52:21.366705
2014-02-10,01:45,22.5,21.9,17.6,85.7,0.03,N@3.2,4.6,29.8,0.0,0,"Triple-S, Benton County",100039,Triple-S,2017-12-04 17:52:21.366705
2014-02-10,02:00,23.1,22.5,18.0,85.2,0.03,N@4.1,5.7,29.8,0.0,0,"Triple-S, Benton County",100039,Triple-S,2017-12-04 17:52:21.366705
2014-02-10,02:15,23.1,22.4,17.9,84.9,0.03,N@3.5,4.6,29.8,0.0,0,"Triple-S, Benton County",100039,Triple-S,2017-12-04 17:52:21.366705
2014-02-10,02:30,22.8,22.2,18.3,87.4,0.03,N@3.6,4.2,29.8,0.0,0,"Triple-S, Benton County",100039,Triple-S,2017-12-04 17:52:21.366705
2014-02-10,02:45,22.9,22.3,18.4,87.3,0.03,N@3.7,4.6,29.8,0.0,0,"Triple-S, Benton County",100039,Triple-S,2017-12-04 17:52:21.366705
2014-02-10,03:00,22.9,22.2,18.4,87.5,0.03,N@3.5,4.6,29.8,0.0,0,"Triple-S, Benton County",100039,Triple-S,2017-12-04 17:52:21.366705
2014-02-10,03:15,22.9,22.1,18.4,87.5,0.03,N@0.3,2.8,29.8,0.0,0,"Triple-S, Benton County",100039,Triple-S,2017-12-04 17:52:21.366705
2014-02-10,03:30,22.8,22.1,18.3,87.4,0.03,N@2.4,3.5,29.8,0.0,0,"Triple-S, Benton County",100039,Triple-S,2017-12-04 17:52:21.366705
2014-02-10,03:45,22.9,22.1,18.3,87.1,0.03,N@0.8,2.8,29.8,0.0,0,"Triple-S, Benton County",100039,Triple-S,2017-12-04 17:52:21.366705
2014-02-10,04:00,22.8,22.0,18.1,86.7,0.03,N@0.2,2.1,29.8,0.0,0,"Triple-S, Benton County",100039,Triple-S,2017-12-04 17:52:21.366705
2014-02-10,04:15,22.5,21.7,17.8,86.6,0.03,N@0.4,3.5,29.8,0.0,0,"Triple-S, Benton County",100039,Triple-S,2017-12-04 17:52:21.366705
2014-02-10,04:30,22.4,21.7,17.8,87.1,0.03,N@1.8,3.1,29.7,0.0,0,"Triple-S, Benton County",100039,Triple-S,2017-12-04 17:52:21.366705
2014-02-10,04:45,22.4,21.5,17.8,87.2,0.03,N@0.1,2.4,29.7,0.0,0,"Triple-S, Benton County",100039,Triple-S,2017-12-04 17:52:21.366705
2014-02-10,05:00,22.3,21.6,17.7,87.3,0.03,N@2.8,4.2,29.7,0.0,0,"Triple-S, Benton County",100039,Triple-S,2017-12-04 17:52:21.366705
2014-02-10,05:15,22.3,21.6,17.7,87.2,0.03,N@2.7,4.2,29.7,0.0,0,"Triple-S, Benton County",100039,Triple-S,2017-12-04 17:52:21.366705
2014-02-10,05:30,22.3,21.6,17.8,87.5,0.03,N@3.4,4.2,29.7,0.0,0,"Triple-S, Benton County",100039,Triple-S,2017-12-04 17:52:21.366705
2014-02-10,05:45,22.0,21.3,17.7,88.5,0.03,N@3.7,4.9,29.7,0.0,0,"Triple-S, Benton County",100039,Triple-S,2017-12-04 17:52:21.366705
2014-02-10,06:00,21.9,21.2,17.8,89.1,0.03,N@3.1,5.3,29.7,0.0,0,"Triple-S, Benton County",100039,Triple-S,2017-12-04 17:52:21.366705
2014-02-10,06:15,21.9,21.1,17.9,89.4,0.03,N@2.5,3.5,29.7,0.0,0,"Triple-S, Benton County",100039,Triple-S,2017-12-04 17:52:21.366705
2014-02-10,06:30,21.9,21.1,17.9,89.5,0.03,N@1.2,3.1,29.7,0.0,0,"Triple-S, Benton County",100039,Triple-S,2017-12-04 17:52:21.366705
2014-02-10,06:45,21.7,21.0,17.7,89.4,0.03,N@3.3,4.9,29.7,0.0,0,"Triple-S, Benton County",100039,Triple-S,2017-12-04 17:52:21.366705
2014-02-10,07:00,21.5,20.9,17.4,89.1,0.03,N@3.8,5.7,29.7,0.0,1,"Triple-S, Benton County",100039,Triple-S,2017-12-04 17:52:21.366705
2014-02-10,07:15,21.5,20.8,17.2,88.9,0.03,N@2.4,3.9,29.7,0.0,5,"Triple-S, Benton County",100039,Triple-S,2017-12-04 17:52:21.366705
2014-02-10,07:30,21.5,20.9,17.3,88.8,0.03,N@2.9,5.3,29.7,0.0,18,"Triple-S, Benton County",100039,Triple-S,2017-12-04 17:52:21.366705
2014-02-10,07:45,21.9,21.2,17.7,89.2,0.03,N@4.9,7.1,29.7,0.0,43,"Triple-S, Benton County",100039,Triple-S,2017-12-04 17:52:21.366705
2014-02-10,08:00,22.2,21.5,18.1,89.3,0.03,N@5.8,8.2,29.7,0.0,98,"Triple-S, Benton County",100039,Triple-S,2017-12-04 17:52:21.366705
2014-02-10,08:15,22.1,21.4,18.0,89.1,0.03,N@6.5,7.8,29.7,0.0,71,"Triple-S, Benton County",100039,Triple-S,2017-12-04 17:52:21.366705
2014-02-10,08:30,21.9,21.3,17.9,89.6,0.03,N@6.8,8.5,29.7,0.0,63,"Triple-S, Benton County",100039,Triple-S,2017-12-04 17:52:21.366705
2014-02-10,08:45,22.2,21.6,18.3,89.8,0.03,N@6.5,9.9,29.7,0.0,111,"Triple-S, Benton County",100039,Triple-S,2017-12-04 17:52:21.366705
2014-02-10,09:00,22.4,21.6,18.4,89.5,0.03,N@7.4,9.6,29.7,0.0,165,"Triple-S, Benton County",100039,Triple-S,2017-12-04 17:52:21.366705
2014-02-10,09:15,22.3,21.6,18.3,89.4,0.03,N@7.9,10.7,29.7,0.0,179,"Triple-S, Benton County",100039,Triple-S,2017-12-04 17:52:21.366705
2014-02-10,09:30,22.2,21.5,18.2,89.7,0.03,S@7.0,8.9,29.7,0.0,166,"Triple-S, Benton County",100039,Triple-S,2017-12-04 17:52:21.366705
2014-02-10,09:45,22.4,21.7,18.5,89.8,0.03,S@6.3,7.8,29.7,0.0,216,"Triple-S, Benton County",100039,Triple-S,2017-12-04 17:52:21.366705
2014-02-10,10:00,22.7,21.9,18.8,89.7,0.03,S@7.6,9.9,29.7,0.0,228,"Triple-S, Benton County",100039,Triple-S,2017-12-04 17:52:21.366705
2014-02-10,10:15,22.8,22.0,18.8,89.5,0.03,S@8.8,12.1,29.7,0.0,243,"Triple-S, Benton County",100039,Triple-S,2017-12-04 17:52:21.366705
2014-02-10,10:30,22.8,22.0,18.8,89.4,0.03,S@8.3,10.7,29.7,0.0,231,"Triple-S, Benton County",100039,Triple-S,2017-12-04 17:52:21.366705
2014-02-10,10:45,23.0,22.3,19.1,89.3,0.03,S@5.8,8.2,29.7,0.0,229,"Triple-S, Benton County",100039,Triple-S,2017-12-04 17:52:21.366705
2014-02-10,11:00,23.4,22.6,19.3,88.8,0.04,S@6.3,8.5,29.7,0.0,279,"Triple-S, Benton County",100039,Triple-S,2017-12-04 17:52:21.366705
2014-02-10,11:15,23.6,22.8,19.4,88.0,0.03,S@8.1,10.3,29.7,0.0,309,"Triple-S, Benton County",100039,Triple-S,2017-12-04 17:52:21.366705
2014-02-10,11:30,23.6,22.9,19.2,87.4,0.04,S@6.6,8.9,29.7,0.0,254,"Triple-S, Benton County",100039,Triple-S,2017-12-04 17:52:21.366705
2014-02-10,11:45,23.9,23.1,19.3,86.4,0.04,S@6.9,8.9,29.7,0.0,317,"Triple-S, Benton County",100039,Triple-S,2017-12-04 17:52:21.366705
2014-02-10,12:00,24.5,23.6,19.6,85.3,0.04,S@6.9,9.2,29.7,0.0,415,"Triple-S, Benton County",100039,Triple-S,2017-12-04 17:52:21.366705
2014-02-10,12:15,24.6,23.8,19.8,85.6,0.04,S@7.6,10.3,29.7,0.0,396,"Triple-S, Benton County",100039,Triple-S,2017-12-04 17:52:21.366705
2014-02-10,12:30,25.1,24.3,20.3,85.2,0.04,S@7.8,10.3,29.7,0.0,485,"Triple-S, Benton County",100039,Triple-S,2017-12-04 17:52:21.366705
2014-02-10,12:45,25.0,24.1,19.8,84.4,0.04,S@8.1,10.3,29.7,0.0,418,"Triple-S, Benton County",100039,Triple-S,2017-12-04 17:52:21.366705
2014-02-10,13:00,24.6,23.8,19.7,85.5,0.03,S@8.7,10.7,29.7,0.0,309,"Triple-S, Benton County",100039,Triple-S,2017-12-04 17:52:21.366705
2014-02-10,13:15,24.5,23.7,19.9,86.1,0.03,S@8.5,10.3,29.8,0.0,311,"Triple-S, Benton County",100039,Triple-S,2017-12-04 17:52:21.366705
2014-02-10,13:30,24.4,23.7,20.0,86.9,0.03,S@8.9,11.4,29.8,0.0,303,"Triple-S, Benton County",100039,Triple-S,2017-12-04 17:52:21.366705
2014-02-10,13:45,24.6,23.9,20.3,87.2,0.03,S@9.2,12.1,29.8,0.0,279,"Triple-S, Benton County",100039,Triple-S,2017-12-04 17:52:21.366705
2014-02-10,14:00,24.6,23.8,20.2,87.3,0.03,S@11.0,14.6,29.8,0.0,233,"Triple-S, Benton County",100039,Triple-S,2017-12-04 17:52:21.366705
2014-02-10,14:15,24.3,23.6,20.1,87.7,0.03,S@10.3,13.9,29.8,0.0,286,"Triple-S, Benton County",100039,Triple-S,2017-12-04 17:52:21.366705
2014-02-10,14:30,24.4,23.7,20.2,87.9,0.03,S@10.4,13.5,29.9,0.0,281,"Triple-S, Benton County",100039,Triple-S,2017-12-04 17:52:21.366705
2014-02-10,14:45,24.5,23.7,20.3,87.8,0.03,S@10.4,13.9,29.9,0.0,245,"Triple-S, Benton County",100039,Triple-S,2017-12-04 17:52:21.366705
2014-02-10,15:00,24.5,23.8,20.1,87.3,0.03,S@10.7,13.5,29.9,0.0,228,"Triple-S, Benton County",100039,Triple-S,2017-12-04 17:52:21.366705
2014-02-10,15:15,24.6,23.8,20.2,87.1,0.03,S@9.4,11.7,29.9,0.0,248,"Triple-S, Benton County",100039,Triple-S,2017-12-04 17:52:21.366705
2014-02-10,15:30,24.5,23.8,20.3,87.7,0.03,S@9.5,11.7,29.9,0.0,208,"Triple-S, Benton County",100039,Triple-S,2017-12-04 17:52:21.366705
2014-02-10,15:45,24.4,23.8,20.4,88.4,0.03,S@9.7,11.7,30.0,0.0,166,"Triple-S, Benton County",100039,Triple-S,2017-12-04 17:52:21.366705
2014-02-10,16:00,24.3,23.6,20.3,88.8,0.03,S@10.3,13.2,30.0,0.0,126,"Triple-S, Benton County",100039,Triple-S,2017-12-04 17:52:21.366705
2014-02-10,16:15,24.0,23.3,20.2,89.6,0.03,S@11.0,13.5,30.0,0.0,94,"Triple-S, Benton County",100039,Triple-S,2017-12-04 17:52:21.366705
2014-02-10,16:30,23.6,23.1,20.0,90.3,0.03,S@12.0,16.0,30.0,0.0,78,"Triple-S, Benton County",100039,Triple-S,2017-12-04 17:52:21.366705
2014-02-10,16:45,23.6,23.1,20.1,91.1,0.03,S@12.6,16.7,30.1,0.0,47,"Triple-S, Benton County",100039,Triple-S,2017-12-04 17:52:21.366705
2014-02-10,17:00,23.6,23.0,20.1,91.3,0.04,S@12.6,16.4,30.1,0.0,25,"Triple-S, Benton County",100039,Triple-S,2017-12-04 17:52:21.366705
2014-02-10,17:15,23.3,22.8,19.9,91.3,0.04,S@15.2,19.6,30.1,0.0,6,"Triple-S, Benton County",100039,Triple-S,2017-12-04 17:52:21.366705
2014-02-10,17:30,22.6,22.0,19.0,90.7,0.03,S@10.8,14.2,30.1,0.0,2,"Triple-S, Benton County",100039,Triple-S,2017-12-04 17:52:21.366705
2014-02-10,17:45,21.7,21.0,17.8,90.2,0.03,SW@9.4,11.7,30.2,0.0,0,"Triple-S, Benton County",100039,Triple-S,2017-12-04 17:52:21.366705
2014-02-10,18:00,21.3,20.8,17.3,90.0,0.03,S@11.3,13.9,30.2,0.0,0,"Triple-S, Benton County",100039,Triple-S,2017-12-04 17:52:21.366705
2014-02-10,18:15,21.2,20.6,17.2,89.9,0.03,S@11.7,14.2,30.2,0.0,0,"Triple-S, Benton County",100039,Triple-S,2017-12-04 17:52:21.366705
2014-02-10,18:30,21.9,21.5,18.1,90.3,0.03,S@12.1,15.3,30.2,0.0,0,"Triple-S, Benton County",100039,Triple-S,2017-12-04 17:52:21.366705
2014-02-10,18:45,22.1,21.6,18.3,90.3,0.03,S@12.5,15.3,30.2,0.0,0,"Triple-S, Benton County",100039,Triple-S,2017-12-04 17:52:21.366705
2014-02-10,19:00,22.0,21.4,18.1,90.2,0.03,S@10.9,15.0,30.3,0.0,0,"Triple-S, Benton County",100039,Triple-S,2017-12-04 17:52:21.366705
2014-02-10,19:15,22.1,21.5,18.3,90.1,0.03,S@12.6,15.3,30.3,0.0,0,"Triple-S, Benton County",100039,Triple-S,2017-12-04 17:52:21.366705
2014-02-10,19:30,22.2,21.7,18.4,90.1,0.03,S@12.5,15.3,30.3,0.0,0,"Triple-S, Benton County",100039,Triple-S,2017-12-04 17:52:21.366705
2014-02-10,19:45,22.6,22.0,18.8,90.0,0.03,S@11.4,15.3,30.3,0.0,0,"Triple-S, Benton County",100039,Triple-S,2017-12-04 17:52:21.366705
2014-02-10,20:00,23.5,23.0,19.9,90.6,0.03,S@10.2,13.5,30.3,0.0,0,"Triple-S, Benton County",100039,Triple-S,2017-12-04 17:52:21.366705
2014-02-10,20:15,25.0,24.6,21.8,91.3,0.04,S@8.8,11.0,30.4,0.0,0,"Triple-S, Benton County",100039,Triple-S,2017-12-04 17:52:21.366705
2014-02-10,20:30,26.2,25.7,23.2,91.6,0.04,S@9.4,11.0,30.4,0.0,0,"Triple-S, Benton County",100039,Triple-S,2017-12-04 17:52:21.366705
2014-02-10,20:45,26.7,26.1,23.5,91.0,0.04,S@10.9,13.2,30.4,0.0,0,"Triple-S, Benton County",100039,Triple-S,2017-12-04 17:52:21.366705
2014-02-10,21:00,26.6,26.1,23.1,89.5,0.04,S@11.8,13.9,30.4,0.0,0,"Triple-S, Benton County",100039,Triple-S,2017-12-04 17:52:21.366705
2014-02-10,21:15,26.3,25.8,22.7,89.4,0.04,S@13.2,16.0,30.4,0.0,0,"Triple-S, Benton County",100039,Triple-S,2017-12-04 17:52:21.366705
2014-02-10,21:30,26.6,26.1,22.9,88.8,0.04,S@12.9,16.4,30.4,0.0,0,"Triple-S, Benton County",100039,Triple-S,2017-12-04 17:52:21.366705
2014-02-10,21:45,26.8,26.2,22.8,87.8,0.04,S@11.2,14.6,30.4,0.0,0,"Triple-S, Benton County",100039,Triple-S,2017-12-04 17:52:21.366705
2014-02-10,22:00,26.9,26.4,22.9,87.8,0.04,S@11.4,14.2,30.4,0.0,0,"Triple-S, Benton County",100039,Triple-S,2017-12-04 17:52:21.366705
2014-02-10,22:15,26.8,26.3,22.8,87.6,0.04,S@10.9,13.2,30.4,0.0,0,"Triple-S, Benton County",100039,Triple-S,2017-12-04 17:52:21.366705
2014-02-10,22:30,26.2,25.7,22.2,87.7,0.04,S@10.9,13.2,30.4,0.0,0,"Triple-S, Benton County",100039,Triple-S,2017-12-04 17:52:21.366705
2014-02-10,22:45,25.7,25.3,21.8,88.2,0.04,S@10.3,12.8,30.4,0.0,0,"Triple-S, Benton County",100039,Triple-S,2017-12-04 17:52:21.366705
2014-02-10,23:00,25.7,25.3,21.8,88.5,0.04,S@10.5,12.8,30.4,0.0,0,"Triple-S, Benton County",100039,Triple-S,2017-12-04 17:52:21.366705
2014-02-10,23:15,26.4,26.0,22.6,88.7,0.04,S@10.0,12.4,30.4,0.0,0,"Triple-S, Benton County",100039,Triple-S,2017-12-04 17:52:21.366705
2014-02-10,23:30,26.2,25.6,22.4,88.5,0.04,S@9.2,11.4,30.4,0.0,0,"Triple-S, Benton County",100039,Triple-S,2017-12-04 17:52:21.366705
2014-02-10,23:45,26.5,26.0,22.8,88.8,0.04,S@7.9,9.6,30.4,0.0,0,"Triple-S, Benton County",100039,Triple-S,2017-12-04 17:52:21.366705
2014-02-10,24:00,26.0,25.4,22.1,88.6,0.04,S@7.8,9.2,30.4,0.0,0,"Triple-S, Benton County",100039,Triple-S,2017-12-04 17:52:21.366705
