Date,Time PST,1.5m Air Temp °F, 1.5m Dew Point °F, 1.5m Rel Hum %, Tot Prec in, Solar Rad W/m², Wind Direction, Wind Speed mph, 2m Wind Gust mph, 1.5m Leaf Wet u., 8 in. Soil Tmp °F,Location,Station ID,Station Name,Download Timestamp
2020-08-15,00:15,58.2,50.1,74.2,0.0,0,SW,4.0,4.9,0.0,84.3,"Mae, Grant County",330028,Mae,2020-12-14 05:58:08.874775
2020-08-15,00:30,56.9,49.0,74.8,0.0,0,NW,3.3,4.6,0.0,84.3,"Mae, Grant County",330028,Mae,2020-12-14 05:58:08.874775
2020-08-15,00:45,55.2,49.5,81.3,0.0,0,W,2.6,4.9,0.03,84.2,"Mae, Grant County",330028,Mae,2020-12-14 05:58:08.874775
2020-08-15,01:00,55.7,50.1,81.4,0.0,0,SW,1.9,3.5,0.07,84.2,"Mae, Grant County",330028,Mae,2020-12-14 05:58:08.874775
2020-08-15,01:15,55.0,49.7,82.3,0.0,0,W,0.2,3.5,0.08,84.1,"Mae, Grant County",330028,Mae,2020-12-14 05:58:08.874775
2020-08-15,01:30,54.7,49.4,82.3,0.0,0,NW,3.1,4.6,0.07,84.1,"Mae, Grant County",330028,Mae,2020-12-14 05:58:08.874775
2020-08-15,01:45,54.4,49.7,83.9,0.0,0,NW,3.7,6.0,0.08,84.0,"Mae, Grant County",330028,Mae,2020-12-14 05:58:08.874775
2020-08-15,02:00,53.9,49.8,85.9,0.0,0,NW,3.5,4.6,0.1,83.9,"Mae, Grant County",330028,Mae,2020-12-14 05:58:08.874775
2020-08-15,02:15,53.6,49.4,85.7,0.0,0,W,3.1,3.9,0.11,83.8,"Mae, Grant County",330028,Mae,2020-12-14 05:58:08.874775
2020-08-15,02:30,54.1,49.4,83.9,0.0,0,W,3.3,3.9,0.1,83.7,"Mae, Grant County",330028,Mae,2020-12-14 05:58:08.874775
2020-08-15,02:45,53.8,49.7,86.0,0.0,0,W,2.6,3.9,0.14,83.7,"Mae, Grant County",330028,Mae,2020-12-14 05:58:08.874775
2020-08-15,03:00,54.6,49.4,82.5,0.0,0,NW,2.4,3.1,0.16,83.6,"Mae, Grant County",330028,Mae,2020-12-14 05:58:08.874775
2020-08-15,03:15,54.3,46.6,74.9,0.0,0,NE,2.5,4.2,0.02,83.4,"Mae, Grant County",330028,Mae,2020-12-14 05:58:08.874775
2020-08-15,03:30,55.5,47.4,74.1,0.0,0,E,2.3,4.6,0.0,83.3,"Mae, Grant County",330028,Mae,2020-12-14 05:58:08.874775
2020-08-15,03:45,54.9,46.5,73.4,0.0,0,E,2.0,5.7,0.0,83.2,"Mae, Grant County",330028,Mae,2020-12-14 05:58:08.874775
2020-08-15,04:00,53.5,48.4,82.8,0.0,0,NE,2.5,3.5,0.1,83.1,"Mae, Grant County",330028,Mae,2020-12-14 05:58:08.874775
2020-08-15,04:15,51.0,46.5,84.7,0.0,0,NE,3.7,5.3,0.1,83.0,"Mae, Grant County",330028,Mae,2020-12-14 05:58:08.874775
2020-08-15,04:30,51.6,45.8,80.5,0.0,0,NE,2.5,5.3,0.05,82.9,"Mae, Grant County",330028,Mae,2020-12-14 05:58:08.874775
2020-08-15,04:45,51.7,45.2,78.3,0.0,0,S,1.4,4.2,0.04,82.8,"Mae, Grant County",330028,Mae,2020-12-14 05:58:08.874775
2020-08-15,05:00,51.5,44.9,78.0,0.0,4,NW,2.1,4.6,0.05,82.7,"Mae, Grant County",330028,Mae,2020-12-14 05:58:08.874775
2020-08-15,05:15,52.2,44.1,73.8,0.0,19,NW,0.6,3.1,0.0,82.5,"Mae, Grant County",330028,Mae,2020-12-14 05:58:08.874775
2020-08-15,05:30,52.5,43.3,70.6,0.0,46,W,2.3,3.9,0.0,82.4,"Mae, Grant County",330028,Mae,2020-12-14 05:58:08.874775
2020-08-15,05:45,53.2,44.9,73.4,0.0,77,N,2.8,4.6,0.0,82.3,"Mae, Grant County",330028,Mae,2020-12-14 05:58:08.874775
2020-08-15,06:00,54.7,44.7,68.9,0.0,112,NW,1.9,4.6,0.0,82.2,"Mae, Grant County",330028,Mae,2020-12-14 05:58:08.874775
2020-08-15,06:15,56.4,43.5,61.9,0.0,148,W,1.2,3.5,0.0,82.0,"Mae, Grant County",330028,Mae,2020-12-14 05:58:08.874775
2020-08-15,06:30,57.5,44.2,61.2,0.0,186,NW,2.5,3.5,0.0,81.9,"Mae, Grant County",330028,Mae,2020-12-14 05:58:08.874775
2020-08-15,06:45,59.2,45.3,59.9,0.0,225,NW,2.2,3.5,0.0,81.8,"Mae, Grant County",330028,Mae,2020-12-14 05:58:08.874775
2020-08-15,07:00,60.5,46.4,59.6,0.0,265,NW,2.1,3.1,0.0,81.7,"Mae, Grant County",330028,Mae,2020-12-14 05:58:08.874775
2020-08-15,07:15,62.1,46.6,56.8,0.0,306,W,2.4,3.9,0.0,81.5,"Mae, Grant County",330028,Mae,2020-12-14 05:58:08.874775
2020-08-15,07:30,64.2,46.1,51.7,0.0,347,NW,2.7,4.9,0.0,81.4,"Mae, Grant County",330028,Mae,2020-12-14 05:58:08.874775
2020-08-15,07:45,66.4,45.3,46.5,0.0,388,NW,3.2,4.6,0.0,81.3,"Mae, Grant County",330028,Mae,2020-12-14 05:58:08.874775
2020-08-15,08:00,68.9,46.2,44.2,0.0,429,N,4.2,6.4,0.0,81.1,"Mae, Grant County",330028,Mae,2020-12-14 05:58:08.874775
2020-08-15,08:15,70.5,46.9,42.9,0.0,466,NE,4.7,7.4,0.0,81.0,"Mae, Grant County",330028,Mae,2020-12-14 05:58:08.874775
2020-08-15,08:30,71.7,45.9,39.6,0.0,503,N ,4.7,7.8,0.0,80.9,"Mae, Grant County",330028,Mae,2020-12-14 05:58:08.874775
2020-08-15,08:45,72.9,46.5,38.9,0.0,542,NE,3.6,5.3,0.0,80.8,"Mae, Grant County",330028,Mae,2020-12-14 05:58:08.874775
2020-08-15,09:00,74.0,47.5,39.0,0.0,577,NE,4.1,7.8,0.0,80.7,"Mae, Grant County",330028,Mae,2020-12-14 05:58:08.874775
2020-08-15,09:15,75.7,46.2,35.1,0.0,608,NE,3.8,6.0,0.0,80.6,"Mae, Grant County",330028,Mae,2020-12-14 05:58:08.874775
2020-08-15,09:30,77.1,45.2,32.2,0.0,642,NE,3.6,6.0,0.0,80.5,"Mae, Grant County",330028,Mae,2020-12-14 05:58:08.874775
2020-08-15,09:45,78.6,46.4,32.1,0.0,672,NE,3.3,6.0,0.0,80.4,"Mae, Grant County",330028,Mae,2020-12-14 05:58:08.874775
2020-08-15,10:00,79.5,45.7,30.3,0.0,698,N ,4.7,9.9,0.0,80.3,"Mae, Grant County",330028,Mae,2020-12-14 05:58:08.874775
2020-08-15,10:15,81.0,46.4,29.7,0.0,723,NE,3.7,6.4,0.0,80.2,"Mae, Grant County",330028,Mae,2020-12-14 05:58:08.874775
2020-08-15,10:30,82.4,45.2,27.2,0.0,745,NE,3.7,7.1,0.0,80.2,"Mae, Grant County",330028,Mae,2020-12-14 05:58:08.874775
2020-08-15,10:45,83.0,45.7,27.1,0.0,765,NE,3.4,5.3,0.0,80.1,"Mae, Grant County",330028,Mae,2020-12-14 05:58:08.874775
2020-08-15,11:00,83.5,45.9,26.8,0.0,781,E,3.4,5.7,0.0,80.1,"Mae, Grant County",330028,Mae,2020-12-14 05:58:08.874775
2020-08-15,11:15,84.6,44.3,24.4,0.0,796,NE,2.5,4.6,0.0,80.0,"Mae, Grant County",330028,Mae,2020-12-14 05:58:08.874775
2020-08-15,11:30,85.5,44.4,23.8,0.0,804,NE,2.8,4.6,0.0,80.0,"Mae, Grant County",330028,Mae,2020-12-14 05:58:08.874775
2020-08-15,11:45,86.4,45.1,23.8,0.0,817,NE,3.4,4.6,0.0,80.0,"Mae, Grant County",330028,Mae,2020-12-14 05:58:08.874775
2020-08-15,12:00,87.3,45.0,23.0,0.0,814,N ,3.4,4.9,0.0,80.0,"Mae, Grant County",330028,Mae,2020-12-14 05:58:08.874775
2020-08-15,12:15,87.9,47.4,24.7,0.0,814,NE,3.7,6.4,0.0,80.0,"Mae, Grant County",330028,Mae,2020-12-14 05:58:08.874775
2020-08-15,12:30,88.3,47.1,24.1,0.0,817,NE,3.5,6.0,0.0,80.0,"Mae, Grant County",330028,Mae,2020-12-14 05:58:08.874775
2020-08-15,12:45,88.9,47.3,23.8,0.0,811,NE,3.4,6.7,0.0,80.0,"Mae, Grant County",330028,Mae,2020-12-14 05:58:08.874775
2020-08-15,13:00,89.8,48.0,23.8,0.0,789,NE,3.6,5.7,0.0,80.1,"Mae, Grant County",330028,Mae,2020-12-14 05:58:08.874775
2020-08-15,13:15,89.7,46.3,22.3,0.0,792,N,3.4,6.4,0.0,80.1,"Mae, Grant County",330028,Mae,2020-12-14 05:58:08.874775
2020-08-15,13:30,90.4,48.4,23.7,0.0,750,NE,3.6,5.7,0.0,80.2,"Mae, Grant County",330028,Mae,2020-12-14 05:58:08.874775
2020-08-15,13:45,91.0,48.6,23.4,0.0,760,NE,3.6,6.0,0.0,80.3,"Mae, Grant County",330028,Mae,2020-12-14 05:58:08.874775
2020-08-15,14:00,91.3,47.7,22.4,0.0,733,E,3.4,8.5,0.0,80.4,"Mae, Grant County",330028,Mae,2020-12-14 05:58:08.874775
2020-08-15,14:15,91.8,48.8,23.0,0.0,717,NE,3.5,5.7,0.0,80.5,"Mae, Grant County",330028,Mae,2020-12-14 05:58:08.874775
2020-08-15,14:30,92.2,48.2,22.3,0.0,675,NE,3.5,5.7,0.0,80.6,"Mae, Grant County",330028,Mae,2020-12-14 05:58:08.874775
2020-08-15,14:45,92.1,47.7,21.9,0.0,662,E,3.4,4.9,0.0,80.8,"Mae, Grant County",330028,Mae,2020-12-14 05:58:08.874775
2020-08-15,15:00,92.8,46.5,20.5,0.0,630,NE,2.4,4.2,0.0,80.9,"Mae, Grant County",330028,Mae,2020-12-14 05:58:08.874775
2020-08-15,15:15,92.6,51.0,24.3,0.0,600,NE,3.4,4.9,0.0,81.1,"Mae, Grant County",330028,Mae,2020-12-14 05:58:08.874775
2020-08-15,15:30,92.6,48.9,22.6,0.0,565,NE,2.7,4.6,0.0,81.3,"Mae, Grant County",330028,Mae,2020-12-14 05:58:08.874775
2020-08-15,15:45,93.0,46.7,20.5,0.0,528,E,2.9,5.7,0.0,81.5,"Mae, Grant County",330028,Mae,2020-12-14 05:58:08.874775
2020-08-15,16:00,92.3,51.1,24.7,0.0,491,E,4.5,8.2,0.0,81.7,"Mae, Grant County",330028,Mae,2020-12-14 05:58:08.874775
2020-08-15,16:15,90.9,54.7,29.5,0.0,452,E,4.3,7.1,0.0,81.9,"Mae, Grant County",330028,Mae,2020-12-14 05:58:08.874775
2020-08-15,16:30,92.3,49.6,23.3,0.0,414,E,4.4,8.2,0.0,82.1,"Mae, Grant County",330028,Mae,2020-12-14 05:58:08.874775
2020-08-15,16:45,92.6,44.9,19.4,0.0,373,SE,3.9,9.2,0.0,82.4,"Mae, Grant County",330028,Mae,2020-12-14 05:58:08.874775
2020-08-15,17:00,92.9,43.4,18.1,0.0,333,S,3.1,6.0,0.0,82.6,"Mae, Grant County",330028,Mae,2020-12-14 05:58:08.874775
2020-08-15,17:15,91.9,49.9,23.9,0.0,292,E,3.3,5.3,0.0,82.8,"Mae, Grant County",330028,Mae,2020-12-14 05:58:08.874775
2020-08-15,17:30,90.6,53.2,28.2,0.0,242,E,2.4,3.5,0.0,83.0,"Mae, Grant County",330028,Mae,2020-12-14 05:58:08.874775
2020-08-15,17:45,91.5,48.7,23.1,0.0,206,SE,1.9,4.2,0.0,83.3,"Mae, Grant County",330028,Mae,2020-12-14 05:58:08.874775
2020-08-15,18:00,88.7,55.5,32.5,0.0,167,NE,2.8,3.9,0.0,83.5,"Mae, Grant County",330028,Mae,2020-12-14 05:58:08.874775
2020-08-15,18:15,88.0,50.7,27.8,0.0,131,NE,2.9,3.5,0.0,83.7,"Mae, Grant County",330028,Mae,2020-12-14 05:58:08.874775
2020-08-15,18:30,85.9,54.4,34.1,0.0,95,NE,3.2,3.9,0.0,84.0,"Mae, Grant County",330028,Mae,2020-12-14 05:58:08.874775
2020-08-15,18:45,82.9,54.6,37.7,0.0,60,E,2.6,3.1,0.0,84.2,"Mae, Grant County",330028,Mae,2020-12-14 05:58:08.874775
2020-08-15,19:00,82.8,53.4,36.3,0.0,27,NE,1.9,2.8,0.0,84.4,"Mae, Grant County",330028,Mae,2020-12-14 05:58:08.874775
2020-08-15,19:15,80.4,49.9,34.5,0.0,5,NE,2.6,3.9,0.0,84.6,"Mae, Grant County",330028,Mae,2020-12-14 05:58:08.874775
2020-08-15,19:30,75.7,54.2,47.2,0.0,1,NE,2.1,3.1,0.0,84.8,"Mae, Grant County",330028,Mae,2020-12-14 05:58:08.874775
2020-08-15,19:45,74.4,52.1,45.7,0.0,0,N ,1.0,3.5,0.0,85.0,"Mae, Grant County",330028,Mae,2020-12-14 05:58:08.874775
2020-08-15,20:00,73.2,49.3,42.9,0.0,0,N,2.0,4.2,0.0,85.2,"Mae, Grant County",330028,Mae,2020-12-14 05:58:08.874775
2020-08-15,20:15,72.3,49.7,44.7,0.0,0,W,1.4,5.3,0.0,85.3,"Mae, Grant County",330028,Mae,2020-12-14 05:58:08.874775
2020-08-15,20:30,67.0,52.3,59.0,0.0,0,W,3.7,4.9,0.0,85.4,"Mae, Grant County",330028,Mae,2020-12-14 05:58:08.874775
2020-08-15,20:45,69.2,52.8,55.8,0.0,0,NW,3.0,3.9,0.0,85.6,"Mae, Grant County",330028,Mae,2020-12-14 05:58:08.874775
2020-08-15,21:00,70.2,51.4,51.1,0.0,0,NW,0.9,2.4,0.0,85.7,"Mae, Grant County",330028,Mae,2020-12-14 05:58:08.874775
2020-08-15,21:15,69.7,50.8,50.9,0.0,0,NW,1.6,4.2,0.0,85.8,"Mae, Grant County",330028,Mae,2020-12-14 05:58:08.874775
2020-08-15,21:30,67.9,50.9,54.5,0.0,0,N ,1.4,3.9,0.0,85.9,"Mae, Grant County",330028,Mae,2020-12-14 05:58:08.874775
2020-08-15,21:45,66.7,51.5,58.0,0.0,0,S,2.3,5.7,0.0,85.9,"Mae, Grant County",330028,Mae,2020-12-14 05:58:08.874775
2020-08-15,22:00,66.1,53.5,63.8,0.0,0,SW,0.3,2.8,0.0,86.0,"Mae, Grant County",330028,Mae,2020-12-14 05:58:08.874775
2020-08-15,22:15,63.5,54.7,72.8,0.0,0,NE,2.2,4.6,0.0,86.0,"Mae, Grant County",330028,Mae,2020-12-14 05:58:08.874775
2020-08-15,22:30,63.4,53.9,71.0,0.0,0,E,0.7,3.5,0.0,86.1,"Mae, Grant County",330028,Mae,2020-12-14 05:58:08.874775
2020-08-15,22:45,63.5,53.4,69.3,0.0,0,E,1.6,3.9,0.0,86.1,"Mae, Grant County",330028,Mae,2020-12-14 05:58:08.874775
2020-08-15,23:00,63.7,53.7,69.7,0.0,0,E,3.3,3.9,0.0,86.1,"Mae, Grant County",330028,Mae,2020-12-14 05:58:08.874775
2020-08-16,23:15,62.1,52.1,69.6,0.0,0,W,1.6,4.2,0.0,86.1,"Mae, Grant County",330028,Mae,2020-12-14 05:58:08.874775
2020-08-16,23:30,62.3,52.5,70.2,0.0,0,W,2.6,3.5,0.0,86.1,"Mae, Grant County",330028,Mae,2020-12-14 05:58:08.874775
2020-08-16,23:45,60.6,54.3,79.7,0.0,0,NW,3.5,4.6,0.04,86.1,"Mae, Grant County",330028,Mae,2020-12-14 05:58:08.874775
2020-08-16,24:00,59.8,55.4,85.3,0.0,0,NW,2.7,3.5,0.13,86.1,"Mae, Grant County",330028,Mae,2020-12-14 05:58:08.874775
2020-08-16,00:15,59.9,54.0,80.9,0.0,0,NW,0.7,3.1,0.1,86.1,"Mae, Grant County",330028,Mae,2020-12-14 05:58:08.874775
2020-08-16,00:30,60.5,53.4,77.2,0.0,0,W,0.9,3.9,0.04,86.0,"Mae, Grant County",330028,Mae,2020-12-14 05:58:08.874775
2020-08-16,00:45,59.2,52.3,77.7,0.0,0,NW,2.1,4.6,0.01,85.9,"Mae, Grant County",330028,Mae,2020-12-14 05:58:08.874775
2020-08-16,01:00,61.7,50.1,65.6,0.0,0,NW,4.2,7.4,0.0,85.9,"Mae, Grant County",330028,Mae,2020-12-14 05:58:08.874775
2020-08-16,01:15,63.3,47.8,56.9,0.0,0,N,6.4,8.2,0.0,85.8,"Mae, Grant County",330028,Mae,2020-12-14 05:58:08.874775
2020-08-16,01:30,62.7,47.6,57.7,0.0,0,N ,6.9,9.2,0.0,85.7,"Mae, Grant County",330028,Mae,2020-12-14 05:58:08.874775
2020-08-16,01:45,62.5,46.6,55.9,0.0,0,N ,4.6,6.7,0.0,85.6,"Mae, Grant County",330028,Mae,2020-12-14 05:58:08.874775
2020-08-16,02:00,62.6,46.5,55.5,0.0,0,NE,3.6,4.9,0.0,85.6,"Mae, Grant County",330028,Mae,2020-12-14 05:58:08.874775
2020-08-16,02:15,61.7,47.0,58.4,0.0,0,NE,3.6,4.9,0.0,85.5,"Mae, Grant County",330028,Mae,2020-12-14 05:58:08.874775
2020-08-16,02:30,59.8,47.7,64.2,0.0,0,NE,3.8,4.9,0.0,85.4,"Mae, Grant County",330028,Mae,2020-12-14 05:58:08.874775
2020-08-16,02:45,59.4,46.8,63.0,0.0,0,NE,4.4,5.3,0.0,85.3,"Mae, Grant County",330028,Mae,2020-12-14 05:58:08.874775
2020-08-16,03:00,59.0,46.4,62.7,0.0,0,N,3.6,4.6,0.0,85.2,"Mae, Grant County",330028,Mae,2020-12-14 05:58:08.874775
2020-08-16,03:15,61.8,45.8,55.6,0.0,0,NW,3.5,4.9,0.0,85.1,"Mae, Grant County",330028,Mae,2020-12-14 05:58:08.874775
2020-08-16,03:30,60.8,45.8,57.5,0.0,0,NW,3.4,4.6,0.0,85.0,"Mae, Grant County",330028,Mae,2020-12-14 05:58:08.874775
2020-08-16,03:45,59.5,47.1,63.3,0.0,0,NW,3.3,4.6,0.0,84.9,"Mae, Grant County",330028,Mae,2020-12-14 05:58:08.874775
2020-08-16,04:00,58.6,46.1,63.2,0.0,0,SW,1.5,3.1,0.0,84.7,"Mae, Grant County",330028,Mae,2020-12-14 05:58:08.874775
2020-08-16,04:15,61.4,43.6,51.9,0.0,0,SE,2.4,3.5,0.0,84.6,"Mae, Grant County",330028,Mae,2020-12-14 05:58:08.874775
2020-08-16,04:30,58.2,46.3,64.6,0.0,0,NE,2.9,4.2,0.0,84.5,"Mae, Grant County",330028,Mae,2020-12-14 05:58:08.874775
2020-08-16,04:45,58.1,45.9,63.6,0.0,0,NE,4.2,5.3,0.0,84.4,"Mae, Grant County",330028,Mae,2020-12-14 05:58:08.874775
2020-08-16,05:00,59.5,45.4,59.4,0.0,3,NE,4.4,6.0,0.0,84.3,"Mae, Grant County",330028,Mae,2020-12-14 05:58:08.874775
2020-08-16,05:15,60.1,45.5,58.3,0.0,11,NE,3.6,4.6,0.0,84.2,"Mae, Grant County",330028,Mae,2020-12-14 05:58:08.874775
2020-08-16,05:30,60.7,45.6,57.6,0.0,24,NE,3.0,4.2,0.0,84.0,"Mae, Grant County",330028,Mae,2020-12-14 05:58:08.874775
2020-08-16,05:45,61.6,46.6,57.8,0.0,32,NE,2.7,4.2,0.0,83.9,"Mae, Grant County",330028,Mae,2020-12-14 05:58:08.874775
2020-08-16,06:00,63.2,47.4,56.3,0.0,38,NE,3.6,5.7,0.0,83.8,"Mae, Grant County",330028,Mae,2020-12-14 05:58:08.874775
2020-08-16,06:15,64.6,46.6,52.0,0.0,41,NE,4.8,7.1,0.0,83.7,"Mae, Grant County",330028,Mae,2020-12-14 05:58:08.874775
2020-08-16,06:30,65.5,46.8,50.8,0.0,51,NE,5.9,8.5,0.0,83.5,"Mae, Grant County",330028,Mae,2020-12-14 05:58:08.874775
2020-08-16,06:45,65.8,47.4,51.3,0.0,60,NE,7.5,9.9,0.0,83.4,"Mae, Grant County",330028,Mae,2020-12-14 05:58:08.874775
2020-08-16,07:00,65.7,48.0,52.7,0.0,84,NE,2.5,7.8,0.0,83.3,"Mae, Grant County",330028,Mae,2020-12-14 05:58:08.874775
2020-08-16,07:15,68.0,47.9,48.4,0.0,106,NW,3.3,6.0,0.0,83.2,"Mae, Grant County",330028,Mae,2020-12-14 05:58:08.874775
2020-08-16,07:30,68.9,48.2,47.6,0.0,110,NW,3.2,4.6,0.0,83.1,"Mae, Grant County",330028,Mae,2020-12-14 05:58:08.874775
2020-08-16,07:45,70.2,48.0,45.1,0.0,165,NW,3.9,4.9,0.0,82.9,"Mae, Grant County",330028,Mae,2020-12-14 05:58:08.874775
2020-08-16,08:00,73.5,50.2,43.8,0.0,427,N ,5.2,9.2,0.0,82.8,"Mae, Grant County",330028,Mae,2020-12-14 05:58:08.874775
2020-08-16,08:15,75.7,49.5,39.7,0.0,462,N ,6.2,9.2,0.0,82.7,"Mae, Grant County",330028,Mae,2020-12-14 05:58:08.874775
2020-08-16,08:30,77.0,48.6,36.7,0.0,333,N ,5.8,9.2,0.0,82.6,"Mae, Grant County",330028,Mae,2020-12-14 05:58:08.874775
2020-08-16,08:45,78.5,48.1,34.3,0.0,521,N ,5.5,7.8,0.0,82.5,"Mae, Grant County",330028,Mae,2020-12-14 05:58:08.874775
2020-08-16,09:00,81.2,48.5,31.9,0.0,576,N ,5.5,8.9,0.0,82.4,"Mae, Grant County",330028,Mae,2020-12-14 05:58:08.874775
2020-08-16,09:15,82.9,49.5,31.4,0.0,609,N ,4.8,7.4,0.0,82.3,"Mae, Grant County",330028,Mae,2020-12-14 05:58:08.874775
2020-08-16,09:30,83.0,47.9,29.4,0.0,401,N,6.0,9.6,0.0,82.2,"Mae, Grant County",330028,Mae,2020-12-14 05:58:08.874775
2020-08-16,09:45,84.1,47.8,28.3,0.0,579,N,6.3,8.2,0.0,82.1,"Mae, Grant County",330028,Mae,2020-12-14 05:58:08.874775
2020-08-16,10:00,85.6,49.4,28.7,0.0,589,N ,5.4,8.5,0.0,82.1,"Mae, Grant County",330028,Mae,2020-12-14 05:58:08.874775
2020-08-16,10:15,86.0,49.3,28.1,0.0,510,N ,4.4,7.8,0.0,82.0,"Mae, Grant County",330028,Mae,2020-12-14 05:58:08.874775
2020-08-16,10:30,88.1,47.6,24.7,0.0,709,NW,4.9,7.8,0.0,81.9,"Mae, Grant County",330028,Mae,2020-12-14 05:58:08.874775
2020-08-16,10:45,89.7,47.0,23.0,0.0,776,NW,5.9,8.2,0.0,81.9,"Mae, Grant County",330028,Mae,2020-12-14 05:58:08.874775
2020-08-16,11:00,91.1,47.8,22.7,0.0,787,NW,5.2,9.2,0.0,81.8,"Mae, Grant County",330028,Mae,2020-12-14 05:58:08.874775
2020-08-16,11:15,91.6,48.1,22.5,0.0,733,NW,5.4,10.3,0.0,81.8,"Mae, Grant County",330028,Mae,2020-12-14 05:58:08.874775
2020-08-16,11:30,91.3,48.8,23.4,0.0,505,NW,5.5,8.9,0.0,81.8,"Mae, Grant County",330028,Mae,2020-12-14 05:58:08.874775
2020-08-16,11:45,92.3,48.3,22.3,0.0,653,W,6.0,10.7,0.0,81.7,"Mae, Grant County",330028,Mae,2020-12-14 05:58:08.874775
2020-08-16,12:00,93.7,48.4,21.4,0.0,745,W,7.1,11.0,0.0,81.7,"Mae, Grant County",330028,Mae,2020-12-14 05:58:08.874775
2020-08-16,12:15,93.9,50.9,23.3,0.0,789,W,9.0,12.1,0.0,81.7,"Mae, Grant County",330028,Mae,2020-12-14 05:58:08.874775
2020-08-16,12:30,94.1,50.2,22.6,0.0,783,W,9.7,12.8,0.0,81.7,"Mae, Grant County",330028,Mae,2020-12-14 05:58:08.874775
2020-08-16,12:45,94.7,49.7,21.8,0.0,766,W,9.4,12.4,0.0,81.8,"Mae, Grant County",330028,Mae,2020-12-14 05:58:08.874775
2020-08-16,13:00,95.4,50.4,21.9,0.0,719,W,10.2,13.2,0.0,81.8,"Mae, Grant County",330028,Mae,2020-12-14 05:58:08.874775
2020-08-16,13:15,95.9,50.3,21.5,0.0,760,W,10.2,14.2,0.0,81.8,"Mae, Grant County",330028,Mae,2020-12-14 05:58:08.874775
2020-08-16,13:30,96.3,51.0,21.8,0.0,717,W,10.0,13.2,0.0,81.9,"Mae, Grant County",330028,Mae,2020-12-14 05:58:08.874775
2020-08-16,13:45,96.9,49.6,20.3,0.0,735,W,8.7,12.8,0.0,82.0,"Mae, Grant County",330028,Mae,2020-12-14 05:58:08.874775
2020-08-16,14:00,97.7,48.7,19.1,0.0,697,W,8.2,11.4,0.0,82.1,"Mae, Grant County",330028,Mae,2020-12-14 05:58:08.874775
2020-08-16,14:15,98.6,49.0,18.8,0.0,695,W,7.8,10.7,0.0,82.2,"Mae, Grant County",330028,Mae,2020-12-14 05:58:08.874775
2020-08-16,14:30,98.8,50.0,19.4,0.0,655,W,8.0,10.3,0.0,82.3,"Mae, Grant County",330028,Mae,2020-12-14 05:58:08.874775
2020-08-16,14:45,99.8,49.4,18.4,0.0,633,W,7.5,10.3,0.0,82.4,"Mae, Grant County",330028,Mae,2020-12-14 05:58:08.874775
2020-08-16,15:00,100.2,49.0,18.0,0.0,620,W,7.0,9.6,0.0,82.5,"Mae, Grant County",330028,Mae,2020-12-14 05:58:08.874775
2020-08-16,15:15,100.2,48.9,17.9,0.0,551,NW,6.6,9.2,0.0,82.6,"Mae, Grant County",330028,Mae,2020-12-14 05:58:08.874775
2020-08-16,15:30,100.0,45.8,16.0,0.0,488,NW,5.4,8.2,0.0,82.8,"Mae, Grant County",330028,Mae,2020-12-14 05:58:08.874775
2020-08-16,15:45,99.9,46.8,16.6,0.0,347,W,5.9,8.5,0.0,82.9,"Mae, Grant County",330028,Mae,2020-12-14 05:58:08.874775
2020-08-16,16:00,99.1,45.8,16.5,0.0,262,W,5.5,8.5,0.0,83.1,"Mae, Grant County",330028,Mae,2020-12-14 05:58:08.874775
2020-08-16,16:15,98.3,46.3,17.2,0.0,173,W,5.4,7.4,0.0,83.3,"Mae, Grant County",330028,Mae,2020-12-14 05:58:08.874775
2020-08-16,16:30,97.5,48.0,18.8,0.0,121,W,4.9,6.4,0.0,83.4,"Mae, Grant County",330028,Mae,2020-12-14 05:58:08.874775
2020-08-16,16:45,96.0,51.2,22.1,0.0,83,W,3.4,4.9,0.0,83.6,"Mae, Grant County",330028,Mae,2020-12-14 05:58:08.874775
2020-08-16,17:00,95.5,50.8,22.1,0.0,98,SW,3.6,5.7,0.0,83.8,"Mae, Grant County",330028,Mae,2020-12-14 05:58:08.874775
2020-08-16,17:15,95.3,52.2,23.5,0.0,102,SW,4.7,6.4,0.0,83.9,"Mae, Grant County",330028,Mae,2020-12-14 05:58:08.874775
2020-08-16,17:30,93.5,55.2,27.6,0.0,68,SW,5.0,6.7,0.0,84.1,"Mae, Grant County",330028,Mae,2020-12-14 05:58:08.874775
2020-08-16,17:45,92.1,55.1,28.7,0.0,42,SW,4.9,7.4,0.0,84.3,"Mae, Grant County",330028,Mae,2020-12-14 05:58:08.874775
2020-08-16,18:00,90.4,55.8,31.2,0.0,17,SW,7.9,12.8,0.0,84.4,"Mae, Grant County",330028,Mae,2020-12-14 05:58:08.874775
2020-08-16,18:15,90.9,51.0,25.7,0.0,12,SW,9.9,20.7,0.0,84.6,"Mae, Grant County",330028,Mae,2020-12-14 05:58:08.874775
2020-08-16,18:30,95.1,43.9,17.3,0.0,13,SW,9.8,16.0,0.0,84.8,"Mae, Grant County",330028,Mae,2020-12-14 05:58:08.874775
2020-08-16,18:45,91.8,46.1,20.8,0.0,6,SW,5.8,9.6,0.0,84.9,"Mae, Grant County",330028,Mae,2020-12-14 05:58:08.874775
2020-08-16,19:00,90.9,46.2,21.4,0.0,3,SW,6.4,11.7,0.0,85.1,"Mae, Grant County",330028,Mae,2020-12-14 05:58:08.874775
2020-08-16,19:15,89.2,48.6,24.7,0.0,0,S,7.5,11.0,0.0,85.2,"Mae, Grant County",330028,Mae,2020-12-14 05:58:08.874775
2020-08-16,19:30,89.5,48.4,24.3,0.0,0,S,10.1,15.7,0.0,85.4,"Mae, Grant County",330028,Mae,2020-12-14 05:58:08.874775
2020-08-16,19:45,89.3,48.3,24.4,0.0,0,S,11.0,16.4,0.0,85.5,"Mae, Grant County",330028,Mae,2020-12-14 05:58:08.874775
2020-08-16,20:00,88.4,50.5,27.3,0.0,0,SW,13.4,22.8,0.07,85.6,"Mae, Grant County",330028,Mae,2020-12-14 05:58:08.874775
2020-08-16,20:15,88.4,51.4,28.2,0.0,0,SW,14.9,23.2,0.04,85.7,"Mae, Grant County",330028,Mae,2020-12-14 05:58:08.874775
2020-08-16,20:30,88.5,50.4,27.1,0.0,0,SW,11.9,24.6,0.0,85.8,"Mae, Grant County",330028,Mae,2020-12-14 05:58:08.874775
2020-08-16,20:45,89.3,49.5,25.5,0.0,0,SW,5.1,9.9,0.0,85.9,"Mae, Grant County",330028,Mae,2020-12-14 05:58:08.874775
2020-08-16,21:00,87.4,50.8,28.6,0.0,0,W,8.2,12.1,0.0,85.9,"Mae, Grant County",330028,Mae,2020-12-14 05:58:08.874775
2020-08-16,21:15,86.1,52.2,31.3,0.0,0,W,8.8,13.9,0.01,86.0,"Mae, Grant County",330028,Mae,2020-12-14 05:58:08.874775
2020-08-16,21:30,86.2,51.8,30.7,0.0,0,W,8.7,17.5,0.0,86.1,"Mae, Grant County",330028,Mae,2020-12-14 05:58:08.874775
2020-08-16,21:45,87.2,51.5,29.4,0.0,0,W,10.6,16.0,0.0,86.1,"Mae, Grant County",330028,Mae,2020-12-14 05:58:08.874775
2020-08-16,22:00,86.5,52.3,30.9,0.0,0,W,10.6,14.6,0.0,86.2,"Mae, Grant County",330028,Mae,2020-12-14 05:58:08.874775
2020-08-16,22:15,85.6,53.1,32.7,0.0,0,W,6.4,10.3,0.0,86.2,"Mae, Grant County",330028,Mae,2020-12-14 05:58:08.874775
2020-08-16,22:30,84.1,53.8,35.3,0.0,0,W,3.4,4.9,0.0,86.2,"Mae, Grant County",330028,Mae,2020-12-14 05:58:08.874775
2020-08-16,22:45,83.2,53.8,36.4,0.0,0,W,2.0,3.1,0.0,86.2,"Mae, Grant County",330028,Mae,2020-12-14 05:58:08.874775
2020-08-16,23:00,82.9,53.1,35.8,0.0,0,SW,3.8,6.4,0.0,86.3,"Mae, Grant County",330028,Mae,2020-12-14 05:58:08.874775
2020-08-17,23:15,81.2,54.7,40.1,0.0,0,SW,4.5,6.4,0.0,86.3,"Mae, Grant County",330028,Mae,2020-12-14 05:58:08.874775
2020-08-17,23:30,77.9,55.9,46.6,0.0,0,SW,3.4,8.9,0.0,86.3,"Mae, Grant County",330028,Mae,2020-12-14 05:58:08.874775
2020-08-17,23:45,77.3,56.5,48.6,0.0,0,W,1.2,6.7,0.0,86.3,"Mae, Grant County",330028,Mae,2020-12-14 05:58:08.874775
2020-08-17,24:00,77.7,55.7,46.6,0.0,0,SW,2.8,5.3,0.0,86.3,"Mae, Grant County",330028,Mae,2020-12-14 05:58:08.874775
2020-08-17,00:15,75.8,55.3,48.9,0.0,0,SW,4.0,6.7,0.0,86.2,"Mae, Grant County",330028,Mae,2020-12-14 05:58:08.874775
2020-08-17,00:30,75.2,55.3,50.1,0.0,0,SW,2.7,4.2,0.0,86.2,"Mae, Grant County",330028,Mae,2020-12-14 05:58:08.874775
2020-08-17,00:45,74.9,55.5,50.8,0.0,0,S,4.0,5.3,0.0,86.2,"Mae, Grant County",330028,Mae,2020-12-14 05:58:08.874775
2020-08-17,01:00,74.4,55.3,51.3,0.0,0,S,4.1,5.3,0.0,86.2,"Mae, Grant County",330028,Mae,2020-12-14 05:58:08.874775
2020-08-17,01:15,75.4,54.3,48.0,0.0,0,SW,5.2,7.1,0.0,86.1,"Mae, Grant County",330028,Mae,2020-12-14 05:58:08.874775
2020-08-17,01:30,75.5,53.5,46.4,0.0,0,SW,3.5,5.3,0.0,86.1,"Mae, Grant County",330028,Mae,2020-12-14 05:58:08.874775
2020-08-17,01:45,73.4,54.6,51.8,0.0,0,S,0.9,3.1,0.0,86.1,"Mae, Grant County",330028,Mae,2020-12-14 05:58:08.874775
2020-08-17,02:00,70.0,55.4,59.7,0.0,0,E,2.2,4.6,0.0,86.1,"Mae, Grant County",330028,Mae,2020-12-14 05:58:08.874775
2020-08-17,02:15,73.9,53.9,49.6,0.0,0,SW,1.6,3.5,0.0,86.0,"Mae, Grant County",330028,Mae,2020-12-14 05:58:08.874775
2020-08-17,02:30,70.4,55.1,58.2,0.0,0,NE,2.3,4.9,0.0,86.0,"Mae, Grant County",330028,Mae,2020-12-14 05:58:08.874775
2020-08-17,02:45,68.5,55.7,63.5,0.0,0,E,3.0,4.6,0.0,85.9,"Mae, Grant County",330028,Mae,2020-12-14 05:58:08.874775
2020-08-17,03:00,67.8,55.4,64.3,0.0,0,NE,1.8,3.5,0.0,85.8,"Mae, Grant County",330028,Mae,2020-12-14 05:58:08.874775
2020-08-17,03:15,69.1,55.7,62.3,0.0,0,NE,2.2,3.1,0.0,85.8,"Mae, Grant County",330028,Mae,2020-12-14 05:58:08.874775
2020-08-17,03:30,69.4,56.1,62.7,0.0,0,E,2.5,3.1,0.0,85.7,"Mae, Grant County",330028,Mae,2020-12-14 05:58:08.874775
2020-08-17,03:45,68.8,56.5,64.7,0.0,0,E,2.7,3.1,0.0,85.6,"Mae, Grant County",330028,Mae,2020-12-14 05:58:08.874775
2020-08-17,04:00,66.5,57.0,71.6,0.0,0,E,2.9,3.9,0.0,85.6,"Mae, Grant County",330028,Mae,2020-12-14 05:58:08.874775
2020-08-17,04:15,66.5,57.6,72.9,0.0,0,E,2.6,3.1,0.0,85.5,"Mae, Grant County",330028,Mae,2020-12-14 05:58:08.874775
2020-08-17,04:30,65.1,57.5,76.4,0.0,0,E,0.6,2.4,0.0,85.4,"Mae, Grant County",330028,Mae,2020-12-14 05:58:08.874775
2020-08-17,04:45,65.8,57.5,74.3,0.0,0,N ,0.0,0.0,0.0,85.3,"Mae, Grant County",330028,Mae,2020-12-14 05:58:08.874775
2020-08-17,05:00,67.8,57.4,69.2,0.0,3,N ,0.0,0.0,0.0,85.3,"Mae, Grant County",330028,Mae,2020-12-14 05:58:08.874775
2020-08-17,05:15,68.2,57.1,67.6,0.0,12,N ,0.0,0.0,0.0,85.2,"Mae, Grant County",330028,Mae,2020-12-14 05:58:08.874775
2020-08-17,05:30,67.4,56.5,67.8,0.0,30,E,3.2,4.6,0.0,85.1,"Mae, Grant County",330028,Mae,2020-12-14 05:58:08.874775
2020-08-17,05:45,64.6,57.7,78.3,0.0,51,NE,4.2,5.3,0.0,85.0,"Mae, Grant County",330028,Mae,2020-12-14 05:58:08.874775
2020-08-17,06:00,64.8,58.5,80.0,0.0,82,E,3.8,4.9,0.0,84.9,"Mae, Grant County",330028,Mae,2020-12-14 05:58:08.874775
2020-08-17,06:15,66.5,58.8,76.1,0.0,103,NE,3.3,4.6,0.0,84.8,"Mae, Grant County",330028,Mae,2020-12-14 05:58:08.874775
2020-08-17,06:30,70.0,59.2,68.6,0.0,141,NE,3.0,3.9,0.0,84.7,"Mae, Grant County",330028,Mae,2020-12-14 05:58:08.874775
2020-08-17,06:45,71.6,60.7,68.5,0.0,173,E,3.2,4.2,0.0,84.6,"Mae, Grant County",330028,Mae,2020-12-14 05:58:08.874775
2020-08-17,07:00,72.7,61.4,67.6,0.0,206,E,3.9,5.7,0.0,84.6,"Mae, Grant County",330028,Mae,2020-12-14 05:58:08.874775
2020-08-17,07:15,74.0,61.0,63.8,0.0,280,E,3.5,6.0,0.0,84.5,"Mae, Grant County",330028,Mae,2020-12-14 05:58:08.874775
2020-08-17,07:30,75.0,59.8,59.1,0.0,308,NE,2.8,4.2,0.0,84.4,"Mae, Grant County",330028,Mae,2020-12-14 05:58:08.874775
2020-08-17,07:45,75.8,60.5,59.0,0.0,347,NE,3.3,4.6,0.0,84.3,"Mae, Grant County",330028,Mae,2020-12-14 05:58:08.874775
2020-08-17,08:00,78.4,61.0,55.2,0.0,453,E,3.8,4.9,0.0,84.2,"Mae, Grant County",330028,Mae,2020-12-14 05:58:08.874775
2020-08-17,08:15,80.4,61.1,51.8,0.0,455,E,4.3,7.1,0.0,84.1,"Mae, Grant County",330028,Mae,2020-12-14 05:58:08.874775
2020-08-17,08:30,80.0,62.6,55.3,0.0,351,NE,4.1,6.0,0.0,84.0,"Mae, Grant County",330028,Mae,2020-12-14 05:58:08.874775
2020-08-17,08:45,83.0,61.9,49.0,0.0,450,E,4.1,6.0,0.0,83.9,"Mae, Grant County",330028,Mae,2020-12-14 05:58:08.874775
2020-08-17,09:00,84.0,60.0,44.3,0.0,443,E,3.2,4.2,0.0,83.9,"Mae, Grant County",330028,Mae,2020-12-14 05:58:08.874775
2020-08-17,09:15,86.7,57.2,36.7,0.0,494,E,3.2,7.1,0.0,83.8,"Mae, Grant County",330028,Mae,2020-12-14 05:58:08.874775
2020-08-17,09:30,87.6,57.1,35.6,0.0,608,E,4.2,7.1,0.0,83.7,"Mae, Grant County",330028,Mae,2020-12-14 05:58:08.874775
2020-08-17,09:45,89.3,58.5,35.5,0.0,667,E,5.2,7.8,0.0,83.7,"Mae, Grant County",330028,Mae,2020-12-14 05:58:08.874775
2020-08-17,10:00,89.4,59.8,37.0,0.0,623,E,6.7,9.9,0.0,83.6,"Mae, Grant County",330028,Mae,2020-12-14 05:58:08.874775
2020-08-17,10:15,91.1,57.0,31.8,0.0,681,SE,6.9,9.9,0.0,83.6,"Mae, Grant County",330028,Mae,2020-12-14 05:58:08.874775
2020-08-17,10:30,91.0,56.2,31.0,0.0,468,S,6.1,9.6,0.0,83.5,"Mae, Grant County",330028,Mae,2020-12-14 05:58:08.874775
2020-08-17,10:45,93.4,56.8,29.4,0.0,811,SE,6.2,9.9,0.0,83.5,"Mae, Grant County",330028,Mae,2020-12-14 05:58:08.874775
2020-08-17,11:00,93.3,55.0,27.6,0.0,583,S,6.0,11.0,0.0,83.5,"Mae, Grant County",330028,Mae,2020-12-14 05:58:08.874775
2020-08-17,11:15,95.1,54.1,25.3,0.0,786,S,6.7,10.7,0.0,83.5,"Mae, Grant County",330028,Mae,2020-12-14 05:58:08.874775
2020-08-17,11:30,96.2,54.1,24.5,0.0,790,S,7.6,11.7,0.0,83.5,"Mae, Grant County",330028,Mae,2020-12-14 05:58:08.874775
2020-08-17,11:45,97.1,54.0,23.7,0.0,751,S,8.4,13.2,0.0,83.5,"Mae, Grant County",330028,Mae,2020-12-14 05:58:08.874775
2020-08-17,12:00,96.3,53.8,24.1,0.0,613,S,8.5,12.1,0.0,83.5,"Mae, Grant County",330028,Mae,2020-12-14 05:58:08.874775
2020-08-17,12:15,97.2,53.4,23.1,0.0,720,S,7.1,11.7,0.0,83.5,"Mae, Grant County",330028,Mae,2020-12-14 05:58:08.874775
2020-08-17,12:30,98.2,53.5,22.5,0.0,793,S,8.2,12.8,0.0,83.5,"Mae, Grant County",330028,Mae,2020-12-14 05:58:08.874775
2020-08-17,12:45,98.6,53.6,22.4,0.0,789,S,6.9,12.8,0.0,83.6,"Mae, Grant County",330028,Mae,2020-12-14 05:58:08.874775
2020-08-17,13:00,99.0,54.0,22.4,0.0,782,S,6.3,12.1,0.0,83.6,"Mae, Grant County",330028,Mae,2020-12-14 05:58:08.874775
2020-08-17,13:15,99.3,54.6,22.7,0.0,771,S,7.2,14.2,0.0,83.7,"Mae, Grant County",330028,Mae,2020-12-14 05:58:08.874775
2020-08-17,13:30,99.9,55.2,22.8,0.0,754,SE,7.6,14.6,0.0,83.8,"Mae, Grant County",330028,Mae,2020-12-14 05:58:08.874775
2020-08-17,13:45,100.1,55.0,22.4,0.0,739,S,8.0,12.4,0.0,83.9,"Mae, Grant County",330028,Mae,2020-12-14 05:58:08.874775
2020-08-17,14:00,100.9,54.2,21.3,0.0,719,S,7.1,12.1,0.0,84.0,"Mae, Grant County",330028,Mae,2020-12-14 05:58:08.874775
2020-08-17,14:15,100.7,54.2,21.4,0.0,690,S,6.4,12.1,0.0,84.1,"Mae, Grant County",330028,Mae,2020-12-14 05:58:08.874775
2020-08-17,14:30,101.2,54.0,21.0,0.0,626,S,7.2,13.2,0.0,84.2,"Mae, Grant County",330028,Mae,2020-12-14 05:58:08.874775
2020-08-17,14:45,101.9,53.4,20.1,0.0,623,S,7.2,12.8,0.0,84.4,"Mae, Grant County",330028,Mae,2020-12-14 05:58:08.874775
2020-08-17,15:00,102.1,54.2,20.6,0.0,600,S,8.0,12.4,0.0,84.5,"Mae, Grant County",330028,Mae,2020-12-14 05:58:08.874775
2020-08-17,15:15,101.9,52.8,19.6,0.0,476,S,8.1,12.8,0.0,84.7,"Mae, Grant County",330028,Mae,2020-12-14 05:58:08.874775
2020-08-17,15:30,101.0,52.4,19.8,0.0,393,S,7.4,11.7,0.0,84.8,"Mae, Grant County",330028,Mae,2020-12-14 05:58:08.874775
2020-08-17,15:45,101.3,51.3,18.9,0.0,305,S,6.7,12.8,0.0,85.0,"Mae, Grant County",330028,Mae,2020-12-14 05:58:08.874775
2020-08-17,16:00,101.3,51.2,18.8,0.0,349,S,6.0,9.6,0.0,85.2,"Mae, Grant County",330028,Mae,2020-12-14 05:58:08.874775
2020-08-17,16:15,101.8,51.8,19.0,0.0,465,S,8.1,15.0,0.0,85.4,"Mae, Grant County",330028,Mae,2020-12-14 05:58:08.874775
2020-08-17,16:30,101.4,52.3,19.5,0.0,426,SE,10.3,15.3,0.0,85.6,"Mae, Grant County",330028,Mae,2020-12-14 05:58:08.874775
2020-08-17,16:45,100.4,51.4,19.5,0.0,361,SE,11.6,18.2,0.0,85.8,"Mae, Grant County",330028,Mae,2020-12-14 05:58:08.874775
2020-08-17,17:00,99.9,50.9,19.5,0.0,298,SE,11.0,16.7,0.0,85.9,"Mae, Grant County",330028,Mae,2020-12-14 05:58:08.874775
2020-08-17,17:15,99.7,51.8,20.2,0.0,268,SE,10.6,16.0,0.0,86.1,"Mae, Grant County",330028,Mae,2020-12-14 05:58:08.874775
2020-08-17,17:30,98.9,53.0,21.6,0.0,169,SE,9.8,14.2,0.0,86.3,"Mae, Grant County",330028,Mae,2020-12-14 05:58:08.874775
2020-08-17,17:45,96.7,54.2,24.2,0.0,72,SE,7.8,12.1,0.0,86.5,"Mae, Grant County",330028,Mae,2020-12-14 05:58:08.874775
2020-08-17,18:00,95.5,55.6,26.4,0.0,70,SE,6.0,10.3,0.0,86.7,"Mae, Grant County",330028,Mae,2020-12-14 05:58:08.874775
2020-08-17,18:15,93.9,56.2,28.3,0.0,31,SE,5.5,7.4,0.0,86.9,"Mae, Grant County",330028,Mae,2020-12-14 05:58:08.874775
2020-08-17,18:30,90.8,58.8,34.2,0.0,27,SE,2.3,6.4,0.0,87.0,"Mae, Grant County",330028,Mae,2020-12-14 05:58:08.874775
2020-08-17,18:45,88.8,58.3,35.9,0.0,23,SE,2.1,4.9,0.0,87.2,"Mae, Grant County",330028,Mae,2020-12-14 05:58:08.874775
2020-08-17,19:00,89.8,57.2,33.3,0.0,20,S,3.3,5.3,0.0,87.4,"Mae, Grant County",330028,Mae,2020-12-14 05:58:08.874775
2020-08-17,19:15,88.1,58.6,37.1,0.0,10,SW,2.9,4.9,0.0,87.5,"Mae, Grant County",330028,Mae,2020-12-14 05:58:08.874775
2020-08-17,19:30,85.6,59.7,41.7,0.0,2,SW,3.2,4.2,0.0,87.7,"Mae, Grant County",330028,Mae,2020-12-14 05:58:08.874775
2020-08-17,19:45,86.1,58.9,39.9,0.0,0,S,2.5,3.9,0.0,87.8,"Mae, Grant County",330028,Mae,2020-12-14 05:58:08.874775
2020-08-17,20:00,84.0,61.1,46.1,0.0,0,E,2.0,4.2,0.0,87.9,"Mae, Grant County",330028,Mae,2020-12-14 05:58:08.874775
2020-08-17,20:15,79.6,62.6,56.1,0.0,0,SE,2.7,4.2,0.0,88.0,"Mae, Grant County",330028,Mae,2020-12-14 05:58:08.874775
2020-08-17,20:30,84.0,58.4,41.8,0.0,0,S,4.5,6.0,0.0,88.1,"Mae, Grant County",330028,Mae,2020-12-14 05:58:08.874775
2020-08-17,20:45,86.0,57.4,37.9,0.0,0,S,6.6,10.7,0.0,88.2,"Mae, Grant County",330028,Mae,2020-12-14 05:58:08.874775
2020-08-17,21:00,88.7,57.5,34.9,0.0,0,S,10.1,14.6,0.0,88.3,"Mae, Grant County",330028,Mae,2020-12-14 05:58:08.874775
2020-08-17,21:15,87.2,58.2,37.6,0.0,0,S,9.6,15.0,0.0,88.4,"Mae, Grant County",330028,Mae,2020-12-14 05:58:08.874775
2020-08-17,21:30,87.7,57.5,35.9,0.0,0,S,11.6,18.2,0.0,88.5,"Mae, Grant County",330028,Mae,2020-12-14 05:58:08.874775
2020-08-17,21:45,86.9,57.3,36.7,0.0,0,S,9.3,13.2,0.0,88.5,"Mae, Grant County",330028,Mae,2020-12-14 05:58:08.874775
2020-08-17,22:00,86.0,57.3,37.8,0.0,0,S,7.7,11.0,0.0,88.5,"Mae, Grant County",330028,Mae,2020-12-14 05:58:08.874775
2020-08-17,22:15,84.9,57.1,38.8,0.0,0,SW,6.9,9.9,0.0,88.6,"Mae, Grant County",330028,Mae,2020-12-14 05:58:08.874775
2020-08-17,22:30,84.3,56.8,39.1,0.0,0,SW,5.3,7.4,0.0,88.6,"Mae, Grant County",330028,Mae,2020-12-14 05:58:08.874775
2020-08-17,22:45,82.4,57.4,42.5,0.0,0,S,4.7,7.4,0.0,88.6,"Mae, Grant County",330028,Mae,2020-12-14 05:58:08.874775
2020-08-17,23:00,82.0,56.8,42.1,0.0,0,SW,4.7,6.4,0.0,88.6,"Mae, Grant County",330028,Mae,2020-12-14 05:58:08.874775
2020-08-18,23:15,79.7,56.8,45.4,0.0,0,W,4.1,5.7,0.0,88.6,"Mae, Grant County",330028,Mae,2020-12-14 05:58:08.874775
2020-08-18,23:30,77.3,58.0,51.3,0.0,0,NW,4.2,6.0,0.0,88.6,"Mae, Grant County",330028,Mae,2020-12-14 05:58:08.874775
2020-08-18,23:45,75.5,58.8,56.1,0.0,0,NW,3.7,5.7,0.0,88.6,"Mae, Grant County",330028,Mae,2020-12-14 05:58:08.874775
2020-08-18,24:00,74.2,58.7,58.4,0.0,0,W,3.5,4.9,0.0,88.6,"Mae, Grant County",330028,Mae,2020-12-14 05:58:08.874775
2020-08-18,00:15,73.5,58.5,59.2,0.0,0,NW,4.1,6.4,0.0,88.6,"Mae, Grant County",330028,Mae,2020-12-14 05:58:08.874775
2020-08-18,00:30,73.9,58.6,58.8,0.0,0,NW,4.9,7.1,0.0,88.5,"Mae, Grant County",330028,Mae,2020-12-14 05:58:08.874775
2020-08-18,00:45,72.5,58.4,61.1,0.0,0,W,3.9,5.7,0.0,88.5,"Mae, Grant County",330028,Mae,2020-12-14 05:58:08.874775
2020-08-18,01:00,72.9,57.7,58.8,0.0,0,W,3.7,6.0,0.0,88.5,"Mae, Grant County",330028,Mae,2020-12-14 05:58:08.874775
2020-08-18,01:15,72.4,57.3,59.1,0.0,0,NW,2.9,3.9,0.0,88.4,"Mae, Grant County",330028,Mae,2020-12-14 05:58:08.874775
2020-08-18,01:30,71.5,56.7,59.5,0.0,0,NW,2.7,3.9,0.0,88.4,"Mae, Grant County",330028,Mae,2020-12-14 05:58:08.874775
2020-08-18,01:45,71.7,55.9,57.3,0.0,0,W,2.3,4.2,0.0,88.3,"Mae, Grant County",330028,Mae,2020-12-14 05:58:08.874775
2020-08-18,02:00,71.6,54.2,54.2,0.0,0,S,2.9,4.9,0.0,88.3,"Mae, Grant County",330028,Mae,2020-12-14 05:58:08.874775
2020-08-18,02:15,70.3,54.6,57.6,0.0,0,N,1.0,2.4,0.0,88.2,"Mae, Grant County",330028,Mae,2020-12-14 05:58:08.874775
2020-08-18,02:30,70.0,55.0,58.9,0.0,0,S,2.6,3.5,0.0,88.1,"Mae, Grant County",330028,Mae,2020-12-14 05:58:08.874775
2020-08-18,02:45,72.7,53.8,51.4,0.0,0,S,1.6,2.8,0.0,88.1,"Mae, Grant County",330028,Mae,2020-12-14 05:58:08.874775
2020-08-18,03:00,71.8,53.1,51.6,0.0,0,NW,1.6,3.5,0.0,88.0,"Mae, Grant County",330028,Mae,2020-12-14 05:58:08.874775
2020-08-18,03:15,69.1,53.9,58.3,0.0,0,NW,2.1,3.9,0.0,87.9,"Mae, Grant County",330028,Mae,2020-12-14 05:58:08.874775
2020-08-18,03:30,67.6,53.2,59.8,0.0,0,W,3.7,4.6,0.0,87.8,"Mae, Grant County",330028,Mae,2020-12-14 05:58:08.874775
2020-08-18,03:45,68.3,51.8,55.7,0.0,0,W,3.3,4.2,0.0,87.7,"Mae, Grant County",330028,Mae,2020-12-14 05:58:08.874775
2020-08-18,04:00,67.7,51.3,55.7,0.0,0,S,2.7,5.7,0.0,87.6,"Mae, Grant County",330028,Mae,2020-12-14 05:58:08.874775
2020-08-18,04:15,68.1,50.6,53.6,0.0,0,S,3.2,6.4,0.0,87.6,"Mae, Grant County",330028,Mae,2020-12-14 05:58:08.874775
2020-08-18,04:30,64.5,53.1,66.5,0.0,0,E,2.1,3.9,0.0,87.5,"Mae, Grant County",330028,Mae,2020-12-14 05:58:08.874775
2020-08-18,04:45,64.3,52.1,64.5,0.0,0,N ,1.8,5.7,0.0,87.4,"Mae, Grant County",330028,Mae,2020-12-14 05:58:08.874775
2020-08-18,05:00,65.3,52.2,62.6,0.0,1,NW,1.3,3.1,0.0,87.3,"Mae, Grant County",330028,Mae,2020-12-14 05:58:08.874775
2020-08-18,05:15,63.1,54.1,72.2,0.0,4,NW,1.9,3.1,0.0,87.2,"Mae, Grant County",330028,Mae,2020-12-14 05:58:08.874775
2020-08-18,05:30,63.4,55.2,74.6,0.0,26,W,3.5,4.2,0.0,87.1,"Mae, Grant County",330028,Mae,2020-12-14 05:58:08.874775
2020-08-18,05:45,66.3,55.3,67.6,0.0,44,NW,2.8,4.2,0.0,87.0,"Mae, Grant County",330028,Mae,2020-12-14 05:58:08.874775
2020-08-18,06:00,67.3,53.8,61.8,0.0,74,W,0.6,2.4,0.0,86.9,"Mae, Grant County",330028,Mae,2020-12-14 05:58:08.874775
2020-08-18,06:15,68.8,55.7,62.9,0.0,142,SE,2.7,6.4,0.0,86.7,"Mae, Grant County",330028,Mae,2020-12-14 05:58:08.874775
2020-08-18,06:30,71.0,53.7,54.3,0.0,125,SE,3.8,6.4,0.0,86.6,"Mae, Grant County",330028,Mae,2020-12-14 05:58:08.874775
2020-08-18,06:45,72.8,52.8,49.5,0.0,150,SE,2.5,3.5,0.0,86.5,"Mae, Grant County",330028,Mae,2020-12-14 05:58:08.874775
2020-08-18,07:00,74.7,54.0,48.3,0.0,206,NW,2.4,4.2,0.0,86.4,"Mae, Grant County",330028,Mae,2020-12-14 05:58:08.874775
2020-08-18,07:15,75.7,54.0,47.0,0.0,363,W,4.0,5.7,0.0,86.3,"Mae, Grant County",330028,Mae,2020-12-14 05:58:08.874775
2020-08-18,07:30,77.1,53.3,43.5,0.0,309,W,4.0,6.0,0.0,86.2,"Mae, Grant County",330028,Mae,2020-12-14 05:58:08.874775
2020-08-18,07:45,78.5,52.2,40.0,0.0,336,W,3.5,5.7,0.0,86.1,"Mae, Grant County",330028,Mae,2020-12-14 05:58:08.874775
2020-08-18,08:00,77.7,53.8,43.5,0.0,258,NW,3.9,5.7,0.0,86.0,"Mae, Grant County",330028,Mae,2020-12-14 05:58:08.874775
2020-08-18,08:15,79.1,53.0,40.4,0.0,553,W,4.2,6.0,0.0,85.9,"Mae, Grant County",330028,Mae,2020-12-14 05:58:08.874775
2020-08-18,08:30,81.6,53.7,38.1,0.0,532,NW,4.4,6.4,0.0,85.8,"Mae, Grant County",330028,Mae,2020-12-14 05:58:08.874775
2020-08-18,08:45,82.4,55.3,39.4,0.0,537,NW,4.5,6.7,0.0,85.7,"Mae, Grant County",330028,Mae,2020-12-14 05:58:08.874775
2020-08-18,09:00,83.8,55.0,37.2,0.0,571,NW,3.4,5.7,0.0,85.6,"Mae, Grant County",330028,Mae,2020-12-14 05:58:08.874775
2020-08-18,09:15,85.4,57.8,39.2,0.0,642,NE,3.4,5.3,0.0,85.5,"Mae, Grant County",330028,Mae,2020-12-14 05:58:08.874775
2020-08-18,09:30,87.6,59.0,38.2,0.0,753,NE,3.6,5.7,0.0,85.4,"Mae, Grant County",330028,Mae,2020-12-14 05:58:08.874775
2020-08-18,09:45,88.2,59.1,37.6,0.0,462,NE,4.0,6.4,0.0,85.4,"Mae, Grant County",330028,Mae,2020-12-14 05:58:08.874775
2020-08-18,10:00,87.8,59.4,38.5,0.0,465,NE,3.2,4.2,0.0,85.3,"Mae, Grant County",330028,Mae,2020-12-14 05:58:08.874775
2020-08-18,10:15,89.5,55.5,31.7,0.0,597,N,3.2,5.7,0.0,85.2,"Mae, Grant County",330028,Mae,2020-12-14 05:58:08.874775
2020-08-18,10:30,91.1,52.4,26.8,0.0,760,W,2.8,7.1,0.0,85.2,"Mae, Grant County",330028,Mae,2020-12-14 05:58:08.874775
2020-08-18,10:45,93.9,45.2,18.8,0.0,767,SW,3.9,8.2,0.0,85.2,"Mae, Grant County",330028,Mae,2020-12-14 05:58:08.874775
2020-08-18,11:00,94.4,42.8,16.9,0.0,776,SW,4.0,7.8,0.0,85.1,"Mae, Grant County",330028,Mae,2020-12-14 05:58:08.874775
2020-08-18,11:15,94.9,40.3,15.2,0.0,789,S,4.1,7.8,0.0,85.1,"Mae, Grant County",330028,Mae,2020-12-14 05:58:08.874775
2020-08-18,11:30,95.5,39.6,14.4,0.0,797,SW,5.5,8.2,0.0,85.1,"Mae, Grant County",330028,Mae,2020-12-14 05:58:08.874775
2020-08-18,11:45,96.1,40.7,14.8,0.0,809,SW,5.4,8.9,0.0,85.1,"Mae, Grant County",330028,Mae,2020-12-14 05:58:08.874775
2020-08-18,12:00,96.9,40.7,14.5,0.0,840,SW,5.9,10.3,0.0,85.1,"Mae, Grant County",330028,Mae,2020-12-14 05:58:08.874775
2020-08-18,12:15,97.0,40.5,14.3,0.0,816,S,4.6,9.9,0.0,85.1,"Mae, Grant County",330028,Mae,2020-12-14 05:58:08.874775
2020-08-18,12:30,97.3,40.7,14.3,0.0,804,SW,5.2,9.9,0.0,85.1,"Mae, Grant County",330028,Mae,2020-12-14 05:58:08.874775
2020-08-18,12:45,97.8,40.1,13.8,0.0,797,S,4.7,7.8,0.0,85.1,"Mae, Grant County",330028,Mae,2020-12-14 05:58:08.874775
2020-08-18,13:00,98.5,37.9,12.4,0.0,789,S,4.9,8.5,0.0,85.2,"Mae, Grant County",330028,Mae,2020-12-14 05:58:08.874775
2020-08-18,13:15,98.9,37.4,12.0,0.0,775,S,4.1,9.9,0.0,85.3,"Mae, Grant County",330028,Mae,2020-12-14 05:58:08.874775
2020-08-18,13:30,99.4,36.2,11.2,0.0,759,SE,4.5,8.5,0.0,85.3,"Mae, Grant County",330028,Mae,2020-12-14 05:58:08.874775
2020-08-18,13:45,99.5,36.5,11.3,0.0,738,S,4.8,9.2,0.0,85.4,"Mae, Grant County",330028,Mae,2020-12-14 05:58:08.874775
2020-08-18,14:00,99.3,37.4,11.8,0.0,715,S,5.3,8.9,0.0,85.5,"Mae, Grant County",330028,Mae,2020-12-14 05:58:08.874775
2020-08-18,14:15,100.1,37.4,11.5,0.0,691,S,5.6,10.7,0.0,85.7,"Mae, Grant County",330028,Mae,2020-12-14 05:58:08.874775
2020-08-18,14:30,100.2,38.7,12.1,0.0,662,S,6.6,12.4,0.0,85.8,"Mae, Grant County",330028,Mae,2020-12-14 05:58:08.874775
2020-08-18,14:45,100.9,40.1,12.5,0.0,641,S,6.4,13.9,0.0,85.9,"Mae, Grant County",330028,Mae,2020-12-14 05:58:08.874775
2020-08-18,15:00,100.6,40.5,12.8,0.0,610,S,7.5,12.1,0.0,86.1,"Mae, Grant County",330028,Mae,2020-12-14 05:58:08.874775
2020-08-18,15:15,100.7,40.0,12.5,0.0,578,S,8.2,14.6,0.0,86.2,"Mae, Grant County",330028,Mae,2020-12-14 05:58:08.874775
2020-08-18,15:30,100.8,40.3,12.6,0.0,536,S,7.5,12.8,0.0,86.4,"Mae, Grant County",330028,Mae,2020-12-14 05:58:08.874775
2020-08-18,15:45,101.0,40.8,12.8,0.0,506,S,7.4,11.7,0.0,86.6,"Mae, Grant County",330028,Mae,2020-12-14 05:58:08.874775
2020-08-18,16:00,100.6,40.4,12.8,0.0,463,S,7.9,12.4,0.0,86.8,"Mae, Grant County",330028,Mae,2020-12-14 05:58:08.874775
2020-08-18,16:15,100.7,40.3,12.7,0.0,433,SE,7.9,14.6,0.0,86.9,"Mae, Grant County",330028,Mae,2020-12-14 05:58:08.874775
2020-08-18,16:30,100.4,41.8,13.6,0.0,387,SE,9.2,15.3,0.0,87.1,"Mae, Grant County",330028,Mae,2020-12-14 05:58:08.874775
2020-08-18,16:45,100.0,43.3,14.6,0.0,346,SE,7.9,13.2,0.0,87.3,"Mae, Grant County",330028,Mae,2020-12-14 05:58:08.874775
2020-08-18,17:00,98.8,46.5,17.0,0.0,301,SE,7.4,12.1,0.0,87.5,"Mae, Grant County",330028,Mae,2020-12-14 05:58:08.874775
2020-08-18,17:15,99.0,44.6,15.7,0.0,257,SE,8.3,11.7,0.0,87.7,"Mae, Grant County",330028,Mae,2020-12-14 05:58:08.874775
2020-08-18,17:30,98.6,45.2,16.3,0.0,205,S,7.3,11.0,0.0,87.9,"Mae, Grant County",330028,Mae,2020-12-14 05:58:08.874775
2020-08-18,17:45,97.5,47.8,18.6,0.0,160,S,7.8,12.1,0.0,88.1,"Mae, Grant County",330028,Mae,2020-12-14 05:58:08.874775
2020-08-18,18:00,96.4,48.2,19.5,0.0,131,SE,8.0,12.1,0.0,88.3,"Mae, Grant County",330028,Mae,2020-12-14 05:58:08.874775
2020-08-18,18:15,95.6,49.2,20.8,0.0,100,SE,6.2,9.9,0.0,88.5,"Mae, Grant County",330028,Mae,2020-12-14 05:58:08.874775
2020-08-18,18:30,94.2,49.4,21.8,0.0,72,S,5.4,7.8,0.0,88.7,"Mae, Grant County",330028,Mae,2020-12-14 05:58:08.874775
2020-08-18,18:45,91.3,51.9,26.2,0.0,40,S,5.5,7.8,0.0,88.8,"Mae, Grant County",330028,Mae,2020-12-14 05:58:08.874775
2020-08-18,19:00,88.4,53.7,30.6,0.0,15,S,4.7,7.1,0.0,89.0,"Mae, Grant County",330028,Mae,2020-12-14 05:58:08.874775
2020-08-18,19:15,87.0,53.6,32.0,0.0,3,S,4.0,5.3,0.0,89.1,"Mae, Grant County",330028,Mae,2020-12-14 05:58:08.874775
2020-08-18,19:30,85.4,53.6,33.7,0.0,0,SW,4.0,6.0,0.0,89.3,"Mae, Grant County",330028,Mae,2020-12-14 05:58:08.874775
2020-08-18,19:45,83.2,53.1,35.5,0.0,0,SW,4.4,6.4,0.0,89.4,"Mae, Grant County",330028,Mae,2020-12-14 05:58:08.874775
2020-08-18,20:00,80.9,53.1,38.3,0.0,0,SW,4.1,4.9,0.0,89.5,"Mae, Grant County",330028,Mae,2020-12-14 05:58:08.874775
2020-08-18,20:15,78.2,55.7,45.9,0.0,0,W,3.3,4.6,0.0,89.6,"Mae, Grant County",330028,Mae,2020-12-14 05:58:08.874775
2020-08-18,20:30,76.7,55.6,48.0,0.0,0,W,3.3,4.2,0.0,89.7,"Mae, Grant County",330028,Mae,2020-12-14 05:58:08.874775
2020-08-18,20:45,76.7,53.6,44.8,0.0,0,W,3.9,5.3,0.0,89.8,"Mae, Grant County",330028,Mae,2020-12-14 05:58:08.874775
2020-08-18,21:00,75.6,52.5,44.5,0.0,0,SW,5.6,7.8,0.0,89.9,"Mae, Grant County",330028,Mae,2020-12-14 05:58:08.874775
2020-08-18,21:15,75.5,52.1,44.0,0.0,0,W,5.6,7.1,0.0,90.0,"Mae, Grant County",330028,Mae,2020-12-14 05:58:08.874775
2020-08-18,21:30,72.1,55.8,56.4,0.0,0,W,5.6,7.8,0.0,90.0,"Mae, Grant County",330028,Mae,2020-12-14 05:58:08.874775
2020-08-18,21:45,70.5,56.6,61.5,0.0,0,NW,4.8,5.7,0.0,90.1,"Mae, Grant County",330028,Mae,2020-12-14 05:58:08.874775
2020-08-18,22:00,70.6,56.2,60.4,0.0,0,W,5.3,7.4,0.0,90.1,"Mae, Grant County",330028,Mae,2020-12-14 05:58:08.874775
2020-08-18,22:15,71.7,53.6,52.9,0.0,0,W,4.4,5.3,0.0,90.1,"Mae, Grant County",330028,Mae,2020-12-14 05:58:08.874775
2020-08-18,22:30,72.2,51.3,47.7,0.0,0,SW,4.2,5.7,0.0,90.1,"Mae, Grant County",330028,Mae,2020-12-14 05:58:08.874775
2020-08-18,22:45,72.9,50.4,45.1,0.0,0,W,5.0,6.4,0.0,90.1,"Mae, Grant County",330028,Mae,2020-12-14 05:58:08.874775
2020-08-18,23:00,71.9,50.3,46.5,0.0,0,SW,5.1,6.4,0.0,90.1,"Mae, Grant County",330028,Mae,2020-12-14 05:58:08.874775
2020-08-19,23:15,71.0,51.2,49.6,0.0,0,W,5.5,6.7,0.0,90.1,"Mae, Grant County",330028,Mae,2020-12-14 05:58:08.874775
2020-08-19,23:30,69.6,51.7,53.0,0.0,0,W,4.9,6.4,0.0,90.1,"Mae, Grant County",330028,Mae,2020-12-14 05:58:08.874775
2020-08-19,23:45,68.3,50.8,53.6,0.0,0,SW,3.9,5.3,0.0,90.1,"Mae, Grant County",330028,Mae,2020-12-14 05:58:08.874775
2020-08-19,24:00,67.4,49.3,52.2,0.0,0,SW,3.9,5.7,0.0,90.0,"Mae, Grant County",330028,Mae,2020-12-14 05:58:08.874775
2020-08-19,00:15,67.2,49.6,53.1,0.0,0,W,5.1,6.4,0.0,89.9,"Mae, Grant County",330028,Mae,2020-12-14 05:58:08.874775
2020-08-19,00:30,65.3,51.6,61.2,0.0,0,W,4.3,5.3,0.0,89.9,"Mae, Grant County",330028,Mae,2020-12-14 05:58:08.874775
2020-08-19,00:45,63.8,51.3,63.7,0.0,0,W,4.4,5.7,0.0,89.8,"Mae, Grant County",330028,Mae,2020-12-14 05:58:08.874775
2020-08-19,01:00,65.2,48.7,55.0,0.0,0,W,4.6,5.7,0.0,89.8,"Mae, Grant County",330028,Mae,2020-12-14 05:58:08.874775
2020-08-19,01:15,65.0,49.2,56.5,0.0,0,W,4.2,5.7,0.0,89.7,"Mae, Grant County",330028,Mae,2020-12-14 05:58:08.874775
2020-08-19,01:30,64.7,47.5,53.6,0.0,0,W,4.3,6.4,0.0,89.6,"Mae, Grant County",330028,Mae,2020-12-14 05:58:08.874775
2020-08-19,01:45,66.0,44.3,45.2,0.0,0,SW,4.8,6.4,0.0,89.5,"Mae, Grant County",330028,Mae,2020-12-14 05:58:08.874775
2020-08-19,02:00,64.2,48.1,55.7,0.0,0,W,5.4,7.1,0.0,89.4,"Mae, Grant County",330028,Mae,2020-12-14 05:58:08.874775
2020-08-19,02:15,63.6,47.8,56.3,0.0,0,NW,6.5,7.8,0.0,89.3,"Mae, Grant County",330028,Mae,2020-12-14 05:58:08.874775
2020-08-19,02:30,63.7,47.9,56.3,0.0,0,W,5.1,7.4,0.0,89.2,"Mae, Grant County",330028,Mae,2020-12-14 05:58:08.874775
2020-08-19,02:45,63.3,47.0,55.2,0.0,0,W,4.9,7.4,0.0,89.1,"Mae, Grant County",330028,Mae,2020-12-14 05:58:08.874775
2020-08-19,03:00,61.5,47.6,60.3,0.0,0,W,4.3,5.3,0.0,89.0,"Mae, Grant County",330028,Mae,2020-12-14 05:58:08.874775
2020-08-19,03:15,62.7,45.6,53.5,0.0,0,SW,5.1,8.5,0.0,88.9,"Mae, Grant County",330028,Mae,2020-12-14 05:58:08.874775
2020-08-19,03:30,64.5,44.7,48.6,0.0,0,SW,6.5,9.6,0.0,88.8,"Mae, Grant County",330028,Mae,2020-12-14 05:58:08.874775
2020-08-19,03:45,63.4,44.7,50.5,0.0,0,SW,6.2,7.4,0.0,88.7,"Mae, Grant County",330028,Mae,2020-12-14 05:58:08.874775
2020-08-19,04:00,64.2,44.5,48.7,0.0,0,SW,6.2,7.8,0.0,88.6,"Mae, Grant County",330028,Mae,2020-12-14 05:58:08.874775
2020-08-19,04:15,63.0,46.3,54.3,0.0,0,W,4.9,7.1,0.0,88.5,"Mae, Grant County",330028,Mae,2020-12-14 05:58:08.874775
2020-08-19,04:30,62.9,46.6,55.2,0.0,0,W,4.6,6.0,0.0,88.3,"Mae, Grant County",330028,Mae,2020-12-14 05:58:08.874775
2020-08-19,04:45,63.4,45.2,51.4,0.0,0,W,4.5,6.0,0.0,88.2,"Mae, Grant County",330028,Mae,2020-12-14 05:58:08.874775
2020-08-19,05:00,62.6,44.9,52.2,0.0,1,SW,4.6,5.7,0.0,88.1,"Mae, Grant County",330028,Mae,2020-12-14 05:58:08.874775
2020-08-19,05:15,62.6,47.2,57.0,0.0,7,SW,5.9,7.4,0.0,87.9,"Mae, Grant County",330028,Mae,2020-12-14 05:58:08.874775
2020-08-19,05:30,63.8,46.6,53.5,0.0,26,W,5.3,7.8,0.0,87.8,"Mae, Grant County",330028,Mae,2020-12-14 05:58:08.874775
2020-08-19,05:45,62.1,49.3,62.7,0.0,64,W,4.6,6.0,0.0,87.7,"Mae, Grant County",330028,Mae,2020-12-14 05:58:08.874775
2020-08-19,06:00,61.0,49.4,65.5,0.0,101,W,4.7,6.0,0.0,87.6,"Mae, Grant County",330028,Mae,2020-12-14 05:58:08.874775
2020-08-19,06:15,62.6,49.7,62.6,0.0,144,W,4.5,6.4,0.0,87.4,"Mae, Grant County",330028,Mae,2020-12-14 05:58:08.874775
2020-08-19,06:30,67.5,46.7,47.3,0.0,188,SW,6.4,9.6,0.0,87.3,"Mae, Grant County",330028,Mae,2020-12-14 05:58:08.874775
2020-08-19,06:45,69.7,45.8,42.2,0.0,229,SW,7.7,9.9,0.0,87.1,"Mae, Grant County",330028,Mae,2020-12-14 05:58:08.874775
2020-08-19,07:00,71.3,46.7,41.3,0.0,270,W,7.2,9.9,0.0,87.0,"Mae, Grant County",330028,Mae,2020-12-14 05:58:08.874775
2020-08-19,07:15,72.3,48.5,42.8,0.0,311,W,6.9,9.2,0.0,86.8,"Mae, Grant County",330028,Mae,2020-12-14 05:58:08.874775
2020-08-19,07:30,73.6,49.4,42.4,0.0,353,W,6.2,9.2,0.0,86.7,"Mae, Grant County",330028,Mae,2020-12-14 05:58:08.874775
2020-08-19,07:45,75.4,48.7,38.9,0.0,395,W,4.7,7.4,0.0,86.6,"Mae, Grant County",330028,Mae,2020-12-14 05:58:08.874775
2020-08-19,08:00,76.5,48.3,36.9,0.0,436,W,4.2,6.7,0.0,86.5,"Mae, Grant County",330028,Mae,2020-12-14 05:58:08.874775
2020-08-19,08:15,78.1,46.0,32.2,0.0,476,W,5.0,7.8,0.0,86.4,"Mae, Grant County",330028,Mae,2020-12-14 05:58:08.874775
2020-08-19,08:30,78.6,45.5,31.0,0.0,514,W,4.3,6.0,0.0,86.2,"Mae, Grant County",330028,Mae,2020-12-14 05:58:08.874775
2020-08-19,08:45,79.8,44.0,28.2,0.0,550,SW,2.7,4.6,0.0,86.1,"Mae, Grant County",330028,Mae,2020-12-14 05:58:08.874775
2020-08-19,09:00,81.3,44.0,26.9,0.0,588,SW,5.0,9.9,0.0,86.0,"Mae, Grant County",330028,Mae,2020-12-14 05:58:08.874775
2020-08-19,09:15,81.6,44.4,26.9,0.0,620,SW,5.8,8.5,0.0,85.9,"Mae, Grant County",330028,Mae,2020-12-14 05:58:08.874775
2020-08-19,09:30,81.7,46.0,28.6,0.0,652,SW,6.4,9.6,0.0,85.8,"Mae, Grant County",330028,Mae,2020-12-14 05:58:08.874775
2020-08-19,09:45,82.6,45.8,27.5,0.0,682,SW,6.4,9.2,0.0,85.7,"Mae, Grant County",330028,Mae,2020-12-14 05:58:08.874775
2020-08-19,10:00,82.9,47.2,28.8,0.0,708,SW,5.7,9.6,0.0,85.6,"Mae, Grant County",330028,Mae,2020-12-14 05:58:08.874775
2020-08-19,10:15,84.6,47.1,27.1,0.0,732,S,4.3,7.1,0.0,85.5,"Mae, Grant County",330028,Mae,2020-12-14 05:58:08.874775
2020-08-19,10:30,85.9,44.3,23.4,0.0,755,S,4.0,8.2,0.0,85.4,"Mae, Grant County",330028,Mae,2020-12-14 05:58:08.874775
2020-08-19,10:45,86.9,47.6,25.7,0.0,773,SE,6.0,9.9,0.0,85.3,"Mae, Grant County",330028,Mae,2020-12-14 05:58:08.874775
2020-08-19,11:00,87.0,48.2,26.2,0.0,788,SE,5.8,9.6,0.0,85.3,"Mae, Grant County",330028,Mae,2020-12-14 05:58:08.874775
2020-08-19,11:15,87.6,49.7,27.1,0.0,800,E,5.7,9.2,0.0,85.2,"Mae, Grant County",330028,Mae,2020-12-14 05:58:08.874775
2020-08-19,11:30,89.0,47.1,23.6,0.0,811,SE,6.0,10.7,0.0,85.2,"Mae, Grant County",330028,Mae,2020-12-14 05:58:08.874775
2020-08-19,11:45,89.4,44.0,20.8,0.0,823,SE,5.1,10.7,0.0,85.1,"Mae, Grant County",330028,Mae,2020-12-14 05:58:08.874775
2020-08-19,12:00,90.5,39.2,16.6,0.0,826,S,6.6,12.8,0.0,85.1,"Mae, Grant County",330028,Mae,2020-12-14 05:58:08.874775
2020-08-19,12:15,90.7,38.5,16.1,0.0,827,S,6.4,12.1,0.0,85.1,"Mae, Grant County",330028,Mae,2020-12-14 05:58:08.874775
2020-08-19,12:30,91.8,37.7,15.0,0.0,825,SW,6.0,12.1,0.0,85.1,"Mae, Grant County",330028,Mae,2020-12-14 05:58:08.874775
2020-08-19,12:45,92.3,37.4,14.6,0.0,820,SW,7.8,14.2,0.0,85.1,"Mae, Grant County",330028,Mae,2020-12-14 05:58:08.874775
2020-08-19,13:00,92.1,36.8,14.4,0.0,810,SW,8.7,13.9,0.0,85.1,"Mae, Grant County",330028,Mae,2020-12-14 05:58:08.874775
2020-08-19,13:15,92.5,37.8,14.8,0.0,795,SW,7.1,13.5,0.0,85.2,"Mae, Grant County",330028,Mae,2020-12-14 05:58:08.874775
2020-08-19,13:30,93.4,39.4,15.3,0.0,779,SW,8.1,13.5,0.0,85.2,"Mae, Grant County",330028,Mae,2020-12-14 05:58:08.874775
2020-08-19,13:45,93.3,42.0,17.0,0.0,760,S,8.5,14.6,0.0,85.3,"Mae, Grant County",330028,Mae,2020-12-14 05:58:08.874775
2020-08-19,14:00,93.0,42.1,17.2,0.0,740,S,8.6,16.0,0.0,85.4,"Mae, Grant County",330028,Mae,2020-12-14 05:58:08.874775
2020-08-19,14:15,93.0,42.5,17.5,0.0,702,S,7.1,12.1,0.0,85.5,"Mae, Grant County",330028,Mae,2020-12-14 05:58:08.874775
2020-08-19,14:30,93.9,41.0,16.1,0.0,690,S,9.4,15.7,0.0,85.6,"Mae, Grant County",330028,Mae,2020-12-14 05:58:08.874775
2020-08-19,14:45,93.4,38.6,14.8,0.0,661,S,8.4,13.5,0.0,85.7,"Mae, Grant County",330028,Mae,2020-12-14 05:58:08.874775
2020-08-19,15:00,93.9,40.0,15.4,0.0,631,S,8.1,14.2,0.0,85.8,"Mae, Grant County",330028,Mae,2020-12-14 05:58:08.874775
2020-08-19,15:15,93.8,39.6,15.2,0.0,593,S,7.7,12.1,0.0,86.0,"Mae, Grant County",330028,Mae,2020-12-14 05:58:08.874775
2020-08-19,15:30,94.2,39.6,15.0,0.0,544,S,8.1,12.8,0.0,86.1,"Mae, Grant County",330028,Mae,2020-12-14 05:58:08.874775
2020-08-19,15:45,94.0,39.6,15.1,0.0,509,SW,7.1,10.7,0.0,86.3,"Mae, Grant County",330028,Mae,2020-12-14 05:58:08.874775
2020-08-19,16:00,94.1,39.5,15.0,0.0,468,S,8.5,14.2,0.0,86.4,"Mae, Grant County",330028,Mae,2020-12-14 05:58:08.874775
2020-08-19,16:15,93.2,39.3,15.4,0.0,268,S,7.4,11.4,0.0,86.6,"Mae, Grant County",330028,Mae,2020-12-14 05:58:08.874775
2020-08-19,16:30,91.3,41.9,18.0,0.0,156,S,6.4,11.4,0.0,86.8,"Mae, Grant County",330028,Mae,2020-12-14 05:58:08.874775
2020-08-19,16:45,91.1,42.2,18.4,0.0,194,S,7.1,11.0,0.0,87.0,"Mae, Grant County",330028,Mae,2020-12-14 05:58:08.874775
2020-08-19,17:00,91.0,42.7,18.8,0.0,145,S,5.9,8.9,0.0,87.1,"Mae, Grant County",330028,Mae,2020-12-14 05:58:08.874775
2020-08-19,17:15,89.6,43.9,20.5,0.0,94,S,5.8,7.8,0.0,87.3,"Mae, Grant County",330028,Mae,2020-12-14 05:58:08.874775
2020-08-19,17:30,88.4,45.0,22.2,0.0,96,S,6.4,10.3,0.0,87.5,"Mae, Grant County",330028,Mae,2020-12-14 05:58:08.874775
2020-08-19,17:45,87.5,44.2,22.1,0.0,106,S,7.5,11.0,0.0,87.6,"Mae, Grant County",330028,Mae,2020-12-14 05:58:08.874775
2020-08-19,18:00,86.7,44.4,22.9,0.0,97,S,7.2,11.4,0.0,87.8,"Mae, Grant County",330028,Mae,2020-12-14 05:58:08.874775
2020-08-19,18:15,86.4,44.8,23.5,0.0,85,S,6.8,10.7,0.0,88.0,"Mae, Grant County",330028,Mae,2020-12-14 05:58:08.874775
2020-08-19,18:30,86.0,44.8,23.8,0.0,65,S,6.8,11.4,0.0,88.1,"Mae, Grant County",330028,Mae,2020-12-14 05:58:08.874775
2020-08-19,18:45,85.1,45.3,24.9,0.0,42,S,6.8,9.9,0.0,88.3,"Mae, Grant County",330028,Mae,2020-12-14 05:58:08.874775
2020-08-19,19:00,84.1,43.7,24.2,0.0,13,S,6.0,9.2,0.0,88.4,"Mae, Grant County",330028,Mae,2020-12-14 05:58:08.874775
2020-08-19,19:15,82.3,43.2,25.2,0.0,1,S,5.0,7.1,0.0,88.5,"Mae, Grant County",330028,Mae,2020-12-14 05:58:08.874775
2020-08-19,19:30,81.1,42.0,25.0,0.0,0,S,5.0,6.4,0.0,88.6,"Mae, Grant County",330028,Mae,2020-12-14 05:58:08.874775
2020-08-19,19:45,79.0,43.5,28.4,0.0,0,S,4.4,6.0,0.0,88.7,"Mae, Grant County",330028,Mae,2020-12-14 05:58:08.874775
2020-08-19,20:00,77.3,44.7,31.4,0.0,0,S,4.8,6.7,0.0,88.8,"Mae, Grant County",330028,Mae,2020-12-14 05:58:08.874775
2020-08-19,20:15,77.1,44.8,31.7,0.0,0,SW,5.1,7.4,0.0,88.9,"Mae, Grant County",330028,Mae,2020-12-14 05:58:08.874775
2020-08-19,20:30,75.8,46.1,34.8,0.0,0,SW,4.3,6.4,0.0,89.0,"Mae, Grant County",330028,Mae,2020-12-14 05:58:08.874775
2020-08-19,20:45,71.7,49.9,46.0,0.0,0,NW,3.3,4.2,0.0,89.0,"Mae, Grant County",330028,Mae,2020-12-14 05:58:08.874775
2020-08-19,21:00,70.5,51.4,50.7,0.0,0,W,3.8,4.6,0.0,89.1,"Mae, Grant County",330028,Mae,2020-12-14 05:58:08.874775
2020-08-19,21:15,69.4,52.5,54.7,0.0,0,NW,5.0,6.0,0.0,89.1,"Mae, Grant County",330028,Mae,2020-12-14 05:58:08.874775
2020-08-19,21:30,67.4,53.4,60.9,0.0,0,NW,4.9,8.2,0.0,89.2,"Mae, Grant County",330028,Mae,2020-12-14 05:58:08.874775
2020-08-19,21:45,72.2,49.0,43.8,0.0,0,N,5.6,7.8,0.0,89.2,"Mae, Grant County",330028,Mae,2020-12-14 05:58:08.874775
2020-08-19,22:00,69.1,52.2,54.8,0.0,0,NW,4.0,5.7,0.0,89.2,"Mae, Grant County",330028,Mae,2020-12-14 05:58:08.874775
2020-08-19,22:15,66.3,55.1,67.2,0.0,0,W,4.0,5.3,0.0,89.2,"Mae, Grant County",330028,Mae,2020-12-14 05:58:08.874775
2020-08-19,22:30,65.2,54.8,69.1,0.0,0,W,3.6,4.2,0.0,89.2,"Mae, Grant County",330028,Mae,2020-12-14 05:58:08.874775
2020-08-19,22:45,65.5,53.8,65.8,0.0,0,W,3.5,4.2,0.0,89.2,"Mae, Grant County",330028,Mae,2020-12-14 05:58:08.874775
2020-08-19,23:00,66.9,52.5,59.7,0.0,0,W,4.1,5.7,0.0,89.2,"Mae, Grant County",330028,Mae,2020-12-14 05:58:08.874775
2020-08-20,23:15,65.3,52.6,63.5,0.0,0,W,3.4,5.7,0.0,89.1,"Mae, Grant County",330028,Mae,2020-12-14 05:58:08.874775
2020-08-20,23:30,65.0,51.5,61.5,0.0,0,SW,3.8,4.9,0.0,89.1,"Mae, Grant County",330028,Mae,2020-12-14 05:58:08.874775
2020-08-20,23:45,65.2,50.9,59.8,0.0,0,S,3.0,4.9,0.0,89.0,"Mae, Grant County",330028,Mae,2020-12-14 05:58:08.874775
2020-08-20,24:00,64.5,51.4,62.5,0.0,0,SE,3.1,5.3,0.0,89.0,"Mae, Grant County",330028,Mae,2020-12-14 05:58:08.874775
2020-08-20,00:15,64.7,49.3,57.2,0.0,0,S,1.9,3.1,0.0,88.9,"Mae, Grant County",330028,Mae,2020-12-14 05:58:08.874775
2020-08-20,00:30,64.8,49.4,57.3,0.0,0,SW,1.5,4.2,0.0,88.8,"Mae, Grant County",330028,Mae,2020-12-14 05:58:08.874775
2020-08-20,00:45,64.7,50.8,60.7,0.0,0,W,3.8,4.9,0.0,88.8,"Mae, Grant County",330028,Mae,2020-12-14 05:58:08.874775
2020-08-20,01:00,63.5,52.3,66.7,0.0,0,W,3.3,4.2,0.0,88.7,"Mae, Grant County",330028,Mae,2020-12-14 05:58:08.874775
2020-08-20,01:15,64.4,51.2,62.1,0.0,0,W,2.8,3.5,0.0,88.6,"Mae, Grant County",330028,Mae,2020-12-14 05:58:08.874775
2020-08-20,01:30,65.4,50.1,57.7,0.0,0,W,4.7,6.7,0.0,88.5,"Mae, Grant County",330028,Mae,2020-12-14 05:58:08.874775
2020-08-20,01:45,65.2,51.6,61.3,0.0,0,W,4.7,6.4,0.0,88.4,"Mae, Grant County",330028,Mae,2020-12-14 05:58:08.874775
2020-08-20,02:00,64.4,51.0,61.8,0.0,0,W,2.1,4.2,0.0,88.4,"Mae, Grant County",330028,Mae,2020-12-14 05:58:08.874775
2020-08-20,02:15,64.8,49.8,58.3,0.0,0,SW,1.5,4.9,0.0,88.3,"Mae, Grant County",330028,Mae,2020-12-14 05:58:08.874775
2020-08-20,02:30,65.8,49.2,55.0,0.0,0,W,4.4,5.7,0.0,88.2,"Mae, Grant County",330028,Mae,2020-12-14 05:58:08.874775
2020-08-20,02:45,65.2,49.7,57.3,0.0,0,W,3.5,4.6,0.0,88.1,"Mae, Grant County",330028,Mae,2020-12-14 05:58:08.874775
2020-08-20,03:00,63.6,51.4,64.4,0.0,0,W,2.9,4.2,0.0,88.0,"Mae, Grant County",330028,Mae,2020-12-14 05:58:08.874775
2020-08-20,03:15,64.2,49.9,59.7,0.0,0,SW,2.0,2.8,0.0,87.9,"Mae, Grant County",330028,Mae,2020-12-14 05:58:08.874775
2020-08-20,03:30,64.9,49.7,57.7,0.0,0,W,3.1,3.9,0.0,87.8,"Mae, Grant County",330028,Mae,2020-12-14 05:58:08.874775
2020-08-20,03:45,65.0,49.1,56.4,0.0,0,W,3.6,5.3,0.0,87.6,"Mae, Grant County",330028,Mae,2020-12-14 05:58:08.874775
2020-08-20,04:00,66.4,49.2,53.8,0.0,0,SW,3.5,4.6,0.0,87.5,"Mae, Grant County",330028,Mae,2020-12-14 05:58:08.874775
2020-08-20,04:15,66.7,49.0,52.9,0.0,0,SW,3.8,4.9,0.0,87.4,"Mae, Grant County",330028,Mae,2020-12-14 05:58:08.874775
2020-08-20,04:30,66.8,49.5,53.6,0.0,0,W,4.3,5.3,0.0,87.3,"Mae, Grant County",330028,Mae,2020-12-14 05:58:08.874775
2020-08-20,04:45,67.1,49.2,52.4,0.0,0,W,3.5,4.9,0.0,87.2,"Mae, Grant County",330028,Mae,2020-12-14 05:58:08.874775
2020-08-20,05:00,67.7,48.0,49.1,0.0,0,SW,5.6,7.4,0.0,87.1,"Mae, Grant County",330028,Mae,2020-12-14 05:58:08.874775
2020-08-20,05:15,68.1,48.4,49.3,0.0,1,W,4.1,7.8,0.0,87.0,"Mae, Grant County",330028,Mae,2020-12-14 05:58:08.874775
2020-08-20,05:30,67.5,49.0,51.4,0.0,4,W,2.5,3.5,0.0,86.8,"Mae, Grant County",330028,Mae,2020-12-14 05:58:08.874775
2020-08-20,05:45,67.2,49.7,53.4,0.0,10,W,2.8,4.9,0.0,86.7,"Mae, Grant County",330028,Mae,2020-12-14 05:58:08.874775
2020-08-20,06:00,65.5,53.3,64.6,0.0,20,N,3.1,5.3,0.0,86.6,"Mae, Grant County",330028,Mae,2020-12-14 05:58:08.874775
2020-08-20,06:15,68.8,49.0,49.2,0.0,41,S,5.3,7.8,0.0,86.5,"Mae, Grant County",330028,Mae,2020-12-14 05:58:08.874775
2020-08-20,06:30,71.1,48.3,44.3,0.0,51,SW,3.6,6.0,0.0,86.4,"Mae, Grant County",330028,Mae,2020-12-14 05:58:08.874775
2020-08-20,06:45,70.7,49.5,46.9,0.0,62,W,2.3,3.5,0.0,86.3,"Mae, Grant County",330028,Mae,2020-12-14 05:58:08.874775
2020-08-20,07:00,70.4,52.8,53.6,0.0,82,W,3.2,4.2,0.0,86.2,"Mae, Grant County",330028,Mae,2020-12-14 05:58:08.874775
2020-08-20,07:15,70.2,53.6,55.5,0.0,87,W,3.5,6.0,0.0,86.1,"Mae, Grant County",330028,Mae,2020-12-14 05:58:08.874775
2020-08-20,07:30,71.8,52.8,51.1,0.0,140,SW,5.4,7.1,0.0,86.0,"Mae, Grant County",330028,Mae,2020-12-14 05:58:08.874775
2020-08-20,07:45,73.1,52.8,49.0,0.0,137,SW,5.5,7.8,0.0,85.8,"Mae, Grant County",330028,Mae,2020-12-14 05:58:08.874775
2020-08-20,08:00,74.1,53.0,47.7,0.0,223,SW,5.8,8.5,0.0,85.8,"Mae, Grant County",330028,Mae,2020-12-14 05:58:08.874775
2020-08-20,08:15,74.7,53.2,46.9,0.0,229,SW,6.0,8.9,0.0,85.7,"Mae, Grant County",330028,Mae,2020-12-14 05:58:08.874775
2020-08-20,08:30,75.8,54.1,46.9,0.0,278,S,6.4,9.6,0.0,85.6,"Mae, Grant County",330028,Mae,2020-12-14 05:58:08.874775
2020-08-20,08:45,76.6,53.6,44.8,0.0,316,S,6.6,8.9,0.0,85.5,"Mae, Grant County",330028,Mae,2020-12-14 05:58:08.874775
2020-08-20,09:00,78.3,51.6,39.4,0.0,328,SW,7.2,10.3,0.0,85.4,"Mae, Grant County",330028,Mae,2020-12-14 05:58:08.874775
2020-08-20,09:15,78.8,49.7,36.2,0.0,378,SW,7.3,10.7,0.0,85.3,"Mae, Grant County",330028,Mae,2020-12-14 05:58:08.874775
2020-08-20,09:30,79.9,50.0,35.2,0.0,476,SW,6.6,10.7,0.0,85.2,"Mae, Grant County",330028,Mae,2020-12-14 05:58:08.874775
2020-08-20,09:45,80.7,51.2,35.8,0.0,685,SW,8.5,12.1,0.0,85.1,"Mae, Grant County",330028,Mae,2020-12-14 05:58:08.874775
2020-08-20,10:00,82.1,47.9,30.3,0.0,696,SW,9.4,13.9,0.0,85.0,"Mae, Grant County",330028,Mae,2020-12-14 05:58:08.874775
2020-08-20,10:15,82.0,47.3,29.7,0.0,721,SW,10.5,16.0,0.0,85.0,"Mae, Grant County",330028,Mae,2020-12-14 05:58:08.874775
2020-08-20,10:30,82.5,47.7,29.7,0.0,595,SW,10.1,16.0,0.0,84.9,"Mae, Grant County",330028,Mae,2020-12-14 05:58:08.874775
2020-08-20,10:45,82.7,48.0,29.8,0.0,756,SW,11.3,16.4,0.0,84.9,"Mae, Grant County",330028,Mae,2020-12-14 05:58:08.874775
2020-08-20,11:00,83.6,47.4,28.4,0.0,768,SW,11.0,17.1,0.0,84.8,"Mae, Grant County",330028,Mae,2020-12-14 05:58:08.874775
2020-08-20,11:15,83.4,47.0,28.1,0.0,769,SW,10.8,17.1,0.0,84.8,"Mae, Grant County",330028,Mae,2020-12-14 05:58:08.874775
2020-08-20,11:30,84.1,47.6,28.1,0.0,771,SW,10.2,16.7,0.0,84.7,"Mae, Grant County",330028,Mae,2020-12-14 05:58:08.874775
2020-08-20,11:45,84.0,47.9,28.5,0.0,784,SW,10.5,16.0,0.0,84.7,"Mae, Grant County",330028,Mae,2020-12-14 05:58:08.874775
2020-08-20,12:00,84.5,48.3,28.4,0.0,800,SW,10.0,15.0,0.0,84.7,"Mae, Grant County",330028,Mae,2020-12-14 05:58:08.874775
2020-08-20,12:15,85.1,48.3,27.9,0.0,802,SW,9.6,16.0,0.0,84.7,"Mae, Grant County",330028,Mae,2020-12-14 05:58:08.874775
2020-08-20,12:30,85.4,48.1,27.4,0.0,798,SW,9.9,15.3,0.0,84.7,"Mae, Grant County",330028,Mae,2020-12-14 05:58:08.874775
2020-08-20,12:45,85.6,47.9,27.1,0.0,793,SW,9.3,16.4,0.0,84.7,"Mae, Grant County",330028,Mae,2020-12-14 05:58:08.874775
2020-08-20,13:00,85.3,47.7,27.0,0.0,788,SW,9.0,16.7,0.0,84.7,"Mae, Grant County",330028,Mae,2020-12-14 05:58:08.874775
2020-08-20,13:15,86.5,48.4,26.8,0.0,776,SW,9.6,14.6,0.0,84.7,"Mae, Grant County",330028,Mae,2020-12-14 05:58:08.874775
2020-08-20,13:30,86.1,48.1,26.9,0.0,590,SW,10.4,16.7,0.0,84.7,"Mae, Grant County",330028,Mae,2020-12-14 05:58:08.874775
2020-08-20,13:45,86.4,47.8,26.3,0.0,701,SW,8.5,13.9,0.0,84.8,"Mae, Grant County",330028,Mae,2020-12-14 05:58:08.874775
2020-08-20,14:00,87.2,48.0,25.7,0.0,716,SW,7.6,13.2,0.0,84.9,"Mae, Grant County",330028,Mae,2020-12-14 05:58:08.874775
2020-08-20,14:15,87.6,47.8,25.3,0.0,690,SW,8.7,14.6,0.0,84.9,"Mae, Grant County",330028,Mae,2020-12-14 05:58:08.874775
2020-08-20,14:30,88.2,47.4,24.5,0.0,682,SW,7.8,15.7,0.0,85.0,"Mae, Grant County",330028,Mae,2020-12-14 05:58:08.874775
2020-08-20,14:45,88.1,46.1,23.4,0.0,650,SW,7.5,13.9,0.0,85.1,"Mae, Grant County",330028,Mae,2020-12-14 05:58:08.874775
2020-08-20,15:00,88.4,46.6,23.6,0.0,670,SW,8.8,15.7,0.0,85.2,"Mae, Grant County",330028,Mae,2020-12-14 05:58:08.874775
2020-08-20,15:15,87.5,46.9,24.5,0.0,390,SW,7.7,11.4,0.0,85.3,"Mae, Grant County",330028,Mae,2020-12-14 05:58:08.874775
2020-08-20,15:30,86.6,47.5,25.9,0.0,254,SW,6.4,9.9,0.0,85.4,"Mae, Grant County",330028,Mae,2020-12-14 05:58:08.874775
2020-08-20,15:45,86.1,47.0,25.8,0.0,236,S,5.2,8.2,0.0,85.6,"Mae, Grant County",330028,Mae,2020-12-14 05:58:08.874775
2020-08-20,16:00,86.1,46.9,25.6,0.0,222,SW,5.3,8.5,0.0,85.7,"Mae, Grant County",330028,Mae,2020-12-14 05:58:08.874775
2020-08-20,16:15,85.9,46.9,25.8,0.0,171,SW,4.4,6.4,0.0,85.8,"Mae, Grant County",330028,Mae,2020-12-14 05:58:08.874775
2020-08-20,16:30,86.1,46.8,25.6,0.0,178,S,4.8,7.8,0.0,85.9,"Mae, Grant County",330028,Mae,2020-12-14 05:58:08.874775
2020-08-20,16:45,86.1,47.5,26.2,0.0,175,SW,4.2,6.4,0.0,86.1,"Mae, Grant County",330028,Mae,2020-12-14 05:58:08.874775
2020-08-20,17:00,86.1,46.4,25.2,0.0,144,SW,3.2,5.7,0.0,86.2,"Mae, Grant County",330028,Mae,2020-12-14 05:58:08.874775
2020-08-20,17:15,86.3,46.0,24.7,0.0,168,SW,2.3,3.9,0.0,86.3,"Mae, Grant County",330028,Mae,2020-12-14 05:58:08.874775
2020-08-20,17:30,86.4,45.7,24.2,0.0,125,SW,3.5,4.9,0.0,86.5,"Mae, Grant County",330028,Mae,2020-12-14 05:58:08.874775
2020-08-20,17:45,82.9,54.8,38.2,0.0,80,E,4.3,6.7,0.0,86.6,"Mae, Grant County",330028,Mae,2020-12-14 05:58:08.874775
2020-08-20,18:00,80.9,54.1,39.6,0.0,79,E,4.4,5.7,0.0,86.8,"Mae, Grant County",330028,Mae,2020-12-14 05:58:08.874775
2020-08-20,18:15,79.7,56.9,45.6,0.0,64,E,4.0,4.9,0.0,86.9,"Mae, Grant County",330028,Mae,2020-12-14 05:58:08.874775
2020-08-20,18:30,76.8,60.1,56.3,0.0,49,E,3.9,4.9,0.0,87.0,"Mae, Grant County",330028,Mae,2020-12-14 05:58:08.874775
2020-08-20,18:45,76.5,58.6,53.9,0.0,23,E,3.4,4.2,0.0,87.1,"Mae, Grant County",330028,Mae,2020-12-14 05:58:08.874775
2020-08-20,19:00,75.2,59.2,57.4,0.0,6,E,3.8,4.6,0.0,87.2,"Mae, Grant County",330028,Mae,2020-12-14 05:58:08.874775
2020-08-20,19:15,73.6,59.7,61.8,0.0,0,E,4.4,5.3,0.0,87.3,"Mae, Grant County",330028,Mae,2020-12-14 05:58:08.874775
2020-08-20,19:30,73.0,58.7,60.7,0.0,0,E,3.6,4.9,0.0,87.4,"Mae, Grant County",330028,Mae,2020-12-14 05:58:08.874775
2020-08-20,19:45,74.2,58.0,56.9,0.0,0,E,4.1,5.3,0.13,87.5,"Mae, Grant County",330028,Mae,2020-12-14 05:58:08.874775
2020-08-20,20:00,73.0,58.9,61.1,0.0,0,E,3.9,4.6,0.0,87.6,"Mae, Grant County",330028,Mae,2020-12-14 05:58:08.874775
2020-08-20,20:15,73.2,57.4,57.5,0.0,0,SE,4.5,5.7,0.0,87.7,"Mae, Grant County",330028,Mae,2020-12-14 05:58:08.874775
2020-08-20,20:30,74.1,57.7,56.5,0.0,0,SE,3.8,5.7,0.0,87.7,"Mae, Grant County",330028,Mae,2020-12-14 05:58:08.874775
2020-08-20,20:45,73.5,57.2,56.7,0.0,0,SE,3.2,3.9,0.0,87.8,"Mae, Grant County",330028,Mae,2020-12-14 05:58:08.874775
2020-08-20,21:00,75.0,52.2,44.9,0.0,0,S,4.6,7.1,0.0,87.8,"Mae, Grant County",330028,Mae,2020-12-14 05:58:08.874775
2020-08-20,21:15,76.2,51.4,41.8,0.0,0,S,5.8,8.9,0.0,87.9,"Mae, Grant County",330028,Mae,2020-12-14 05:58:08.874775
2020-08-20,21:30,75.7,51.4,42.6,0.0,0,S,6.1,8.5,0.0,87.9,"Mae, Grant County",330028,Mae,2020-12-14 05:58:08.874775
2020-08-20,21:45,73.8,52.7,47.6,0.0,0,S,4.9,6.4,0.0,87.9,"Mae, Grant County",330028,Mae,2020-12-14 05:58:08.874775
2020-08-20,22:00,73.1,52.9,49.2,0.0,0,SW,3.9,5.3,0.0,87.9,"Mae, Grant County",330028,Mae,2020-12-14 05:58:08.874775
2020-08-20,22:15,73.2,53.1,49.2,0.0,0,S,3.5,5.3,0.0,87.9,"Mae, Grant County",330028,Mae,2020-12-14 05:58:08.874775
2020-08-20,22:30,72.3,52.7,50.0,0.0,0,S,4.7,7.8,0.0,87.9,"Mae, Grant County",330028,Mae,2020-12-14 05:58:08.874775
2020-08-20,22:45,71.8,52.4,50.3,0.0,0,S,5.8,7.8,0.0,87.9,"Mae, Grant County",330028,Mae,2020-12-14 05:58:08.874775
2020-08-20,23:00,71.8,51.9,49.4,0.0,0,S,4.3,7.1,0.0,87.9,"Mae, Grant County",330028,Mae,2020-12-14 05:58:08.874775
2020-08-21,23:15,71.2,51.8,50.1,0.0,0,SW,4.0,6.4,0.0,87.9,"Mae, Grant County",330028,Mae,2020-12-14 05:58:08.874775
2020-08-21,23:30,71.4,51.4,49.2,0.0,0,SW,3.3,5.3,0.0,87.9,"Mae, Grant County",330028,Mae,2020-12-14 05:58:08.874775
2020-08-21,23:45,71.4,51.7,49.7,0.0,0,S,5.0,7.4,0.0,87.8,"Mae, Grant County",330028,Mae,2020-12-14 05:58:08.874775
2020-08-21,24:00,73.1,51.5,46.6,0.0,0,S,6.5,8.9,0.0,87.8,"Mae, Grant County",330028,Mae,2020-12-14 05:58:08.874775
2020-08-21,00:15,72.0,51.5,48.5,0.0,0,SW,6.3,10.3,0.0,87.7,"Mae, Grant County",330028,Mae,2020-12-14 05:58:08.874775
2020-08-21,00:30,71.1,51.7,50.4,0.0,0,SW,7.0,9.9,0.0,87.7,"Mae, Grant County",330028,Mae,2020-12-14 05:58:08.874775
2020-08-21,00:45,71.9,51.4,48.3,0.0,0,SW,7.3,11.4,0.0,87.6,"Mae, Grant County",330028,Mae,2020-12-14 05:58:08.874775
2020-08-21,01:00,72.8,50.6,45.6,0.0,0,SW,7.3,11.4,0.0,87.6,"Mae, Grant County",330028,Mae,2020-12-14 05:58:08.874775
2020-08-21,01:15,73.8,50.7,44.3,0.0,0,SW,7.5,11.0,0.0,87.5,"Mae, Grant County",330028,Mae,2020-12-14 05:58:08.874775
2020-08-21,01:30,73.6,51.9,46.5,0.0,0,SW,7.3,9.9,0.0,87.4,"Mae, Grant County",330028,Mae,2020-12-14 05:58:08.874775
2020-08-21,01:45,72.8,52.5,48.9,0.0,0,SW,5.4,7.4,0.0,87.4,"Mae, Grant County",330028,Mae,2020-12-14 05:58:08.874775
2020-08-21,02:00,71.7,52.3,50.5,0.0,0,SW,4.0,5.3,0.0,87.3,"Mae, Grant County",330028,Mae,2020-12-14 05:58:08.874775
2020-08-21,02:15,72.3,51.7,48.3,0.0,0,SW,3.8,5.3,0.0,87.2,"Mae, Grant County",330028,Mae,2020-12-14 05:58:08.874775
2020-08-21,02:30,72.6,51.5,47.5,0.0,0,SW,4.1,5.7,0.0,87.2,"Mae, Grant County",330028,Mae,2020-12-14 05:58:08.874775
2020-08-21,02:45,71.8,52.4,50.5,0.0,0,W,4.6,6.0,0.0,87.1,"Mae, Grant County",330028,Mae,2020-12-14 05:58:08.874775
2020-08-21,03:00,71.0,53.4,53.7,0.0,0,SW,5.4,7.1,0.0,87.0,"Mae, Grant County",330028,Mae,2020-12-14 05:58:08.874775
2020-08-21,03:15,71.3,52.9,52.2,0.0,0,SW,6.4,8.9,0.0,86.9,"Mae, Grant County",330028,Mae,2020-12-14 05:58:08.874775
2020-08-21,03:30,70.9,53.3,53.7,0.0,0,S,4.0,6.7,0.0,86.8,"Mae, Grant County",330028,Mae,2020-12-14 05:58:08.874775
2020-08-21,03:45,68.5,54.0,59.8,0.0,0,SE,4.0,5.3,0.0,86.7,"Mae, Grant County",330028,Mae,2020-12-14 05:58:08.874775
2020-08-21,04:00,69.1,53.5,57.5,0.0,0,S,5.0,6.7,0.0,86.6,"Mae, Grant County",330028,Mae,2020-12-14 05:58:08.874775
2020-08-21,04:15,68.7,54.0,59.4,0.0,0,S,5.1,6.7,0.0,86.6,"Mae, Grant County",330028,Mae,2020-12-14 05:58:08.874775
2020-08-21,04:30,68.3,54.0,60.2,0.0,0,S,4.4,6.0,0.0,86.5,"Mae, Grant County",330028,Mae,2020-12-14 05:58:08.874775
2020-08-21,04:45,68.3,53.4,58.9,0.0,0,S,3.7,4.9,0.0,86.4,"Mae, Grant County",330028,Mae,2020-12-14 05:58:08.874775
2020-08-21,05:00,68.2,53.3,58.8,0.0,0,S,3.8,5.3,0.0,86.3,"Mae, Grant County",330028,Mae,2020-12-14 05:58:08.874775
2020-08-21,05:15,69.5,53.0,55.7,0.0,4,SW,4.4,5.7,0.0,86.2,"Mae, Grant County",330028,Mae,2020-12-14 05:58:08.874775
2020-08-21,05:30,69.8,53.4,55.9,0.0,12,S,4.5,5.7,0.0,86.1,"Mae, Grant County",330028,Mae,2020-12-14 05:58:08.874775
2020-08-21,05:45,70.3,53.5,55.1,0.0,27,S,5.2,6.7,0.0,86.0,"Mae, Grant County",330028,Mae,2020-12-14 05:58:08.874775
2020-08-21,06:00,71.2,53.7,53.9,0.0,36,S,6.0,8.2,0.0,85.9,"Mae, Grant County",330028,Mae,2020-12-14 05:58:08.874775
2020-08-21,06:15,71.6,53.8,53.3,0.0,51,S,5.7,7.8,0.0,85.9,"Mae, Grant County",330028,Mae,2020-12-14 05:58:08.874775
2020-08-21,06:30,72.0,53.6,52.3,0.0,56,S,5.8,7.8,0.0,85.8,"Mae, Grant County",330028,Mae,2020-12-14 05:58:08.874775
2020-08-21,06:45,72.2,53.7,52.1,0.0,70,S,5.9,7.8,0.0,85.7,"Mae, Grant County",330028,Mae,2020-12-14 05:58:08.874775
2020-08-21,07:00,72.8,53.8,51.3,0.0,83,S,6.8,9.2,0.0,85.6,"Mae, Grant County",330028,Mae,2020-12-14 05:58:08.874775
2020-08-21,07:15,73.9,53.6,49.1,0.0,102,S,6.3,9.6,0.0,85.5,"Mae, Grant County",330028,Mae,2020-12-14 05:58:08.874775
2020-08-21,07:30,74.4,54.1,49.2,0.0,141,S,6.8,9.6,0.0,85.4,"Mae, Grant County",330028,Mae,2020-12-14 05:58:08.874775
2020-08-21,07:45,74.8,54.9,49.9,0.0,170,S,6.3,8.5,0.0,85.4,"Mae, Grant County",330028,Mae,2020-12-14 05:58:08.874775
2020-08-21,08:00,75.7,54.8,48.2,0.0,185,S,6.6,9.6,0.0,85.3,"Mae, Grant County",330028,Mae,2020-12-14 05:58:08.874775
2020-08-21,08:15,76.0,54.3,46.8,0.0,188,S,6.9,9.9,0.0,85.2,"Mae, Grant County",330028,Mae,2020-12-14 05:58:08.874775
2020-08-21,08:30,76.3,54.4,46.6,0.0,229,SE,6.4,8.9,0.0,85.1,"Mae, Grant County",330028,Mae,2020-12-14 05:58:08.874775
2020-08-21,08:45,76.8,54.4,45.9,0.0,328,SE,6.2,9.2,0.0,85.0,"Mae, Grant County",330028,Mae,2020-12-14 05:58:08.874775
2020-08-21,09:00,78.6,54.7,43.6,0.0,513,S,5.5,10.7,0.0,84.9,"Mae, Grant County",330028,Mae,2020-12-14 05:58:08.874775
2020-08-21,09:15,79.7,54.6,42.0,0.0,434,S,7.0,11.0,0.0,84.9,"Mae, Grant County",330028,Mae,2020-12-14 05:58:08.874775
2020-08-21,09:30,78.6,55.3,44.6,0.0,296,S,7.8,11.4,0.0,84.8,"Mae, Grant County",330028,Mae,2020-12-14 05:58:08.874775
2020-08-21,09:45,80.2,55.9,43.3,0.0,662,S,7.5,11.0,0.0,84.7,"Mae, Grant County",330028,Mae,2020-12-14 05:58:08.874775
2020-08-21,10:00,80.6,55.5,42.1,0.0,450,S,9.5,14.6,0.0,84.7,"Mae, Grant County",330028,Mae,2020-12-14 05:58:08.874775
2020-08-21,10:15,80.2,54.8,41.7,0.0,327,S,11.5,16.0,0.0,84.6,"Mae, Grant County",330028,Mae,2020-12-14 05:58:08.874775
2020-08-21,10:30,79.8,54.7,41.9,0.0,266,S,10.2,16.0,0.0,84.6,"Mae, Grant County",330028,Mae,2020-12-14 05:58:08.874775
2020-08-21,10:45,81.1,55.4,41.3,0.0,553,S,10.5,16.7,0.0,84.5,"Mae, Grant County",330028,Mae,2020-12-14 05:58:08.874775
2020-08-21,11:00,83.5,54.7,37.3,0.0,765,S,11.9,18.9,0.0,84.5,"Mae, Grant County",330028,Mae,2020-12-14 05:58:08.874775
2020-08-21,11:15,84.3,54.5,36.0,0.0,805,SW,11.8,17.1,0.0,84.5,"Mae, Grant County",330028,Mae,2020-12-14 05:58:08.874775
2020-08-21,11:30,84.4,54.4,35.9,0.0,648,SW,11.0,17.5,0.0,84.5,"Mae, Grant County",330028,Mae,2020-12-14 05:58:08.874775
2020-08-21,11:45,85.1,54.2,34.7,0.0,737,SW,11.8,20.0,0.0,84.4,"Mae, Grant County",330028,Mae,2020-12-14 05:58:08.874775
2020-08-21,12:00,85.8,54.3,34.1,0.0,702,SW,12.0,17.5,0.0,84.4,"Mae, Grant County",330028,Mae,2020-12-14 05:58:08.874775
2020-08-21,12:15,84.1,54.5,36.2,0.0,337,S,10.9,15.7,0.0,84.4,"Mae, Grant County",330028,Mae,2020-12-14 05:58:08.874775
2020-08-21,12:30,86.2,53.9,33.2,0.0,785,SW,12.4,19.6,0.0,84.4,"Mae, Grant County",330028,Mae,2020-12-14 05:58:08.874775
2020-08-21,12:45,87.2,53.5,31.8,0.0,788,S,13.0,18.9,0.0,84.4,"Mae, Grant County",330028,Mae,2020-12-14 05:58:08.874775
2020-08-21,13:00,87.2,53.8,32.0,0.0,790,S,12.6,18.9,0.0,84.4,"Mae, Grant County",330028,Mae,2020-12-14 05:58:08.874775
2020-08-21,13:15,87.6,54.0,31.9,0.0,696,SW,12.3,18.5,0.0,84.5,"Mae, Grant County",330028,Mae,2020-12-14 05:58:08.874775
2020-08-21,13:30,88.7,53.0,29.6,0.0,778,SW,13.8,20.3,0.0,84.5,"Mae, Grant County",330028,Mae,2020-12-14 05:58:08.874775
2020-08-21,13:45,88.0,52.6,29.8,0.0,684,SW,13.9,20.3,0.0,84.6,"Mae, Grant County",330028,Mae,2020-12-14 05:58:08.874775
2020-08-21,14:00,88.5,52.7,29.5,0.0,647,SW,13.4,17.8,0.0,84.6,"Mae, Grant County",330028,Mae,2020-12-14 05:58:08.874775
2020-08-21,14:15,87.1,49.6,27.5,0.0,489,SW,15.8,22.8,0.0,84.7,"Mae, Grant County",330028,Mae,2020-12-14 05:58:08.874775
2020-08-21,14:30,87.8,50.0,27.3,0.0,556,SW,14.6,22.1,0.0,84.7,"Mae, Grant County",330028,Mae,2020-12-14 05:58:08.874775
2020-08-21,14:45,87.8,50.6,27.9,0.0,546,SW,14.3,20.7,0.0,84.8,"Mae, Grant County",330028,Mae,2020-12-14 05:58:08.874775
2020-08-21,15:00,88.4,51.5,28.3,0.0,623,SW,12.6,19.6,0.0,84.9,"Mae, Grant County",330028,Mae,2020-12-14 05:58:08.874775
2020-08-21,15:15,88.4,52.1,28.9,0.0,522,SW,13.3,17.5,0.0,85.0,"Mae, Grant County",330028,Mae,2020-12-14 05:58:08.874775
2020-08-21,15:30,88.4,52.1,29.0,0.0,540,SW,14.4,20.0,0.0,85.1,"Mae, Grant County",330028,Mae,2020-12-14 05:58:08.874775
2020-08-21,15:45,87.4,52.9,30.8,0.0,283,SW,12.9,21.0,0.0,85.2,"Mae, Grant County",330028,Mae,2020-12-14 05:58:08.874775
2020-08-21,16:00,85.3,52.3,32.2,0.0,157,W,12.4,18.2,0.0,85.3,"Mae, Grant County",330028,Mae,2020-12-14 05:58:08.874775
2020-08-21,16:15,84.7,52.8,33.4,0.0,285,W,14.7,19.6,0.0,85.4,"Mae, Grant County",330028,Mae,2020-12-14 05:58:08.874775
2020-08-21,16:30,85.1,51.9,31.9,0.0,346,W,15.3,21.8,0.0,85.6,"Mae, Grant County",330028,Mae,2020-12-14 05:58:08.874775
2020-08-21,16:45,83.8,52.0,33.3,0.0,257,W,13.8,19.2,0.0,85.7,"Mae, Grant County",330028,Mae,2020-12-14 05:58:08.874775
2020-08-21,17:00,83.7,52.2,33.7,0.0,297,W,13.9,18.5,0.0,85.8,"Mae, Grant County",330028,Mae,2020-12-14 05:58:08.874775
2020-08-21,17:15,83.0,51.8,34.0,0.0,252,W,14.4,20.3,0.0,85.9,"Mae, Grant County",330028,Mae,2020-12-14 05:58:08.874775
2020-08-21,17:30,82.3,51.9,35.0,0.0,215,W,13.9,18.5,0.0,86.0,"Mae, Grant County",330028,Mae,2020-12-14 05:58:08.874775
2020-08-21,17:45,81.2,51.8,36.1,0.0,178,W,12.1,18.5,0.0,86.2,"Mae, Grant County",330028,Mae,2020-12-14 05:58:08.874775
2020-08-21,18:00,80.4,51.2,36.2,0.0,147,W,12.9,17.8,0.0,86.3,"Mae, Grant County",330028,Mae,2020-12-14 05:58:08.874775
2020-08-21,18:15,79.3,50.6,36.8,0.0,116,W,11.3,16.7,0.0,86.3,"Mae, Grant County",330028,Mae,2020-12-14 05:58:08.874775
2020-08-21,18:30,78.1,50.9,38.7,0.0,63,W,9.2,14.6,0.0,86.4,"Mae, Grant County",330028,Mae,2020-12-14 05:58:08.874775
2020-08-21,18:45,76.1,51.9,42.9,0.0,37,NW,7.3,11.7,0.0,86.6,"Mae, Grant County",330028,Mae,2020-12-14 05:58:08.874775
2020-08-21,19:00,73.7,51.8,46.2,0.0,6,NW,6.4,9.2,0.0,86.6,"Mae, Grant County",330028,Mae,2020-12-14 05:58:08.874775
2020-08-21,19:15,72.1,51.9,48.9,0.0,1,NW,6.8,10.7,0.0,86.7,"Mae, Grant County",330028,Mae,2020-12-14 05:58:08.874775
2020-08-21,19:30,71.1,52.0,50.8,0.0,0,NW,6.8,10.3,0.0,86.8,"Mae, Grant County",330028,Mae,2020-12-14 05:58:08.874775
2020-08-21,19:45,68.5,52.5,56.6,0.0,0,W,4.2,7.1,0.0,86.9,"Mae, Grant County",330028,Mae,2020-12-14 05:58:08.874775
2020-08-21,20:00,67.6,52.1,57.5,0.0,0,W,1.9,4.2,0.0,87.0,"Mae, Grant County",330028,Mae,2020-12-14 05:58:08.874775
2020-08-21,20:15,67.1,51.7,57.7,0.0,0,W,2.7,3.5,0.0,87.0,"Mae, Grant County",330028,Mae,2020-12-14 05:58:08.874775
2020-08-21,20:30,66.1,51.2,58.5,0.0,0,W,3.3,4.6,0.0,87.0,"Mae, Grant County",330028,Mae,2020-12-14 05:58:08.874775
2020-08-21,20:45,64.3,51.6,63.2,0.0,0,SW,3.4,4.6,0.0,87.1,"Mae, Grant County",330028,Mae,2020-12-14 05:58:08.874775
2020-08-21,21:00,63.3,51.5,65.5,0.0,0,S,3.9,6.0,0.0,87.1,"Mae, Grant County",330028,Mae,2020-12-14 05:58:08.874775
2020-08-21,21:15,63.4,50.7,63.3,0.0,0,S,3.8,4.9,0.0,87.1,"Mae, Grant County",330028,Mae,2020-12-14 05:58:08.874775
2020-08-21,21:30,62.0,50.1,64.8,0.0,0,S,4.5,5.7,0.0,87.1,"Mae, Grant County",330028,Mae,2020-12-14 05:58:08.874775
2020-08-21,21:45,61.1,50.5,68.2,0.0,0,S,4.8,6.0,0.0,87.1,"Mae, Grant County",330028,Mae,2020-12-14 05:58:08.874775
2020-08-21,22:00,61.5,51.4,69.5,0.0,0,SW,4.2,6.4,0.0,87.1,"Mae, Grant County",330028,Mae,2020-12-14 05:58:08.874775
2020-08-21,22:15,62.3,51.5,67.7,0.0,0,SW,3.8,4.9,0.0,87.1,"Mae, Grant County",330028,Mae,2020-12-14 05:58:08.874775
2020-08-21,22:30,62.5,51.5,67.3,0.0,0,SW,4.2,5.7,0.0,87.1,"Mae, Grant County",330028,Mae,2020-12-14 05:58:08.874775
2020-08-21,22:45,61.8,50.7,66.9,0.0,0,SW,4.1,5.7,0.0,87.0,"Mae, Grant County",330028,Mae,2020-12-14 05:58:08.874775
2020-08-21,23:00,59.5,51.7,75.3,0.0,0,W,3.5,4.6,0.01,87.0,"Mae, Grant County",330028,Mae,2020-12-14 05:58:08.874775
2020-08-22,23:15,58.9,52.2,78.2,0.0,0,SW,2.3,4.9,0.04,87.0,"Mae, Grant County",330028,Mae,2020-12-14 05:58:08.874775
2020-08-22,23:30,59.9,52.4,76.3,0.0,0,W,1.8,3.9,0.01,86.9,"Mae, Grant County",330028,Mae,2020-12-14 05:58:08.874775
2020-08-22,23:45,59.2,52.0,77.0,0.0,0,N ,0.0,0.0,0.06,86.8,"Mae, Grant County",330028,Mae,2020-12-14 05:58:08.874775
2020-08-22,24:00,58.3,51.6,78.1,0.0,0,N ,0.0,0.0,0.08,86.8,"Mae, Grant County",330028,Mae,2020-12-14 05:58:08.874775
