Date,Time PST,Air Temp °F, 2<sup>nd</sup> Air Temp °F, Dew Point °F, Rel Hum %, Leaf Wet u., Wind Dir @ Speed mph, Wind Gust mph, 8 in. Soil Tmp °F, Tot Prec in, Solar Rad W/m²,Location,Station ID,Station Name,Download Timestamp
2017-03-29,00:15,48.1,48.0,38.0,67.9,0.0,SW@4.1,5.7,46.2,0.0,0,"Loomis Grade, Okanogan County",330144,Loomis Grade,2017-12-12 00:02:18.568463
2017-03-29,00:30,48.0,47.9,38.0,68.0,0.0,S@3.6,5.3,46.1,0.0,0,"Loomis Grade, Okanogan County",330144,Loomis Grade,2017-12-12 00:02:18.568463
2017-03-29,00:45,47.9,47.7,37.9,68.3,0.0,S@2.7,4.6,46.1,0.0,0,"Loomis Grade, Okanogan County",330144,Loomis Grade,2017-12-12 00:02:18.568463
2017-03-29,01:00,47.5,47.4,38.1,69.7,0.0,SE@3.0,5.7,46.0,0.0,0,"Loomis Grade, Okanogan County",330144,Loomis Grade,2017-12-12 00:02:18.568463
2017-03-29,01:15,47.6,47.5,38.1,69.3,0.0,SE@3.2,5.3,45.9,0.0,0,"Loomis Grade, Okanogan County",330144,Loomis Grade,2017-12-12 00:02:18.568463
2017-03-29,01:30,47.3,47.1,38.2,70.6,0.0,S@0.9,3.1,45.8,0.0,0,"Loomis Grade, Okanogan County",330144,Loomis Grade,2017-12-12 00:02:18.568463
2017-03-29,01:45,46.8,46.5,38.7,73.1,0.35,N@0.0,0.0,45.8,0.0,0,"Loomis Grade, Okanogan County",330144,Loomis Grade,2017-12-12 00:02:18.568463
2017-03-29,02:00,46.6,46.4,38.9,74.1,0.87,SE@1.6,5.3,45.7,0.0,0,"Loomis Grade, Okanogan County",330144,Loomis Grade,2017-12-12 00:02:18.568463
2017-03-29,02:15,46.1,45.9,39.6,77.9,0.88,S@2.5,4.9,45.6,0.0,0,"Loomis Grade, Okanogan County",330144,Loomis Grade,2017-12-12 00:02:18.568463
2017-03-29,02:30,45.5,45.3,40.3,81.9,0.87,S@2.8,4.9,45.6,0.0,0,"Loomis Grade, Okanogan County",330144,Loomis Grade,2017-12-12 00:02:18.568463
2017-03-29,02:45,45.1,44.8,40.7,84.5,0.88,S@1.3,3.1,45.5,0.01,0,"Loomis Grade, Okanogan County",330144,Loomis Grade,2017-12-12 00:02:18.568463
2017-03-29,03:00,44.8,44.6,41.0,86.5,0.86,S@1.1,3.9,45.5,0.01,0,"Loomis Grade, Okanogan County",330144,Loomis Grade,2017-12-12 00:02:18.568463
2017-03-29,03:15,44.5,44.3,41.5,89.0,0.8,S@3.1,6.0,45.4,0.01,0,"Loomis Grade, Okanogan County",330144,Loomis Grade,2017-12-12 00:02:18.568463
2017-03-29,03:30,44.1,43.9,41.9,92.0,0.78,S@3.5,5.7,45.4,0.01,0,"Loomis Grade, Okanogan County",330144,Loomis Grade,2017-12-12 00:02:18.568463
2017-03-29,03:45,43.8,43.6,42.2,94.0,0.75,S@3.4,5.3,45.3,0.01,0,"Loomis Grade, Okanogan County",330144,Loomis Grade,2017-12-12 00:02:18.568463
2017-03-29,04:00,43.6,43.5,42.4,95.4,0.73,S@2.9,4.6,45.3,0.01,0,"Loomis Grade, Okanogan County",330144,Loomis Grade,2017-12-12 00:02:18.568463
2017-03-29,04:15,43.5,43.3,42.6,96.5,0.7,S@2.5,4.6,45.2,0.02,0,"Loomis Grade, Okanogan County",330144,Loomis Grade,2017-12-12 00:02:18.568463
2017-03-29,04:30,43.4,43.3,42.7,97.1,0.7,S@4.1,5.7,45.2,0.01,0,"Loomis Grade, Okanogan County",330144,Loomis Grade,2017-12-12 00:02:18.568463
2017-03-29,04:45,43.3,43.1,42.7,97.8,0.68,SE@3.3,4.6,45.1,0.01,0,"Loomis Grade, Okanogan County",330144,Loomis Grade,2017-12-12 00:02:18.568463
2017-03-29,05:00,43.1,42.9,42.7,98.5,0.68,S@2.7,4.2,45.1,0.01,0,"Loomis Grade, Okanogan County",330144,Loomis Grade,2017-12-12 00:02:18.568463
2017-03-29,05:15,43.0,42.8,42.8,98.9,0.67,S@3.7,5.7,45.1,0.0,0,"Loomis Grade, Okanogan County",330144,Loomis Grade,2017-12-12 00:02:18.568463
2017-03-29,05:30,42.9,42.8,42.8,99.3,0.66,S@3.6,5.7,45.0,0.01,0,"Loomis Grade, Okanogan County",330144,Loomis Grade,2017-12-12 00:02:18.568463
2017-03-29,05:45,42.9,42.7,42.7,99.3,0.66,S@3.7,6.4,45.0,0.0,0,"Loomis Grade, Okanogan County",330144,Loomis Grade,2017-12-12 00:02:18.568463
2017-03-29,06:00,42.9,42.8,42.7,99.3,0.67,S@4.1,7.8,44.9,0.01,1,"Loomis Grade, Okanogan County",330144,Loomis Grade,2017-12-12 00:02:18.568463
2017-03-29,06:15,42.9,42.8,42.7,99.3,0.66,S@4.3,6.7,44.9,0.0,4,"Loomis Grade, Okanogan County",330144,Loomis Grade,2017-12-12 00:02:18.568463
2017-03-29,06:30,42.9,42.8,42.7,99.2,0.67,S@4.3,6.7,44.9,0.01,9,"Loomis Grade, Okanogan County",330144,Loomis Grade,2017-12-12 00:02:18.568463
2017-03-29,06:45,42.8,42.7,42.6,99.2,0.67,S@3.5,5.3,44.8,0.02,15,"Loomis Grade, Okanogan County",330144,Loomis Grade,2017-12-12 00:02:18.568463
2017-03-29,07:00,42.9,42.8,42.6,98.8,0.65,S@3.7,5.3,44.8,0.0,22,"Loomis Grade, Okanogan County",330144,Loomis Grade,2017-12-12 00:02:18.568463
2017-03-29,07:15,42.9,42.7,42.6,98.9,0.65,SE@4.8,7.8,44.7,0.01,36,"Loomis Grade, Okanogan County",330144,Loomis Grade,2017-12-12 00:02:18.568463
2017-03-29,07:30,42.9,42.8,42.6,98.6,0.64,S@4.9,7.4,44.7,0.01,63,"Loomis Grade, Okanogan County",330144,Loomis Grade,2017-12-12 00:02:18.568463
2017-03-29,07:45,43.1,43.0,42.8,98.7,0.63,S@4.4,6.4,44.6,0.0,86,"Loomis Grade, Okanogan County",330144,Loomis Grade,2017-12-12 00:02:18.568463
2017-03-29,08:00,43.4,43.3,42.8,97.7,0.61,S@4.4,7.1,44.6,0.0,111,"Loomis Grade, Okanogan County",330144,Loomis Grade,2017-12-12 00:02:18.568463
2017-03-29,08:15,44.1,44.0,42.5,94.0,0.61,S@4.8,8.5,44.6,0.0,198,"Loomis Grade, Okanogan County",330144,Loomis Grade,2017-12-12 00:02:18.568463
2017-03-29,08:30,44.6,44.4,41.7,89.5,0.56,S@5.1,8.5,44.6,0.0,148,"Loomis Grade, Okanogan County",330144,Loomis Grade,2017-12-12 00:02:18.568463
2017-03-29,08:45,44.3,44.2,41.3,88.9,0.45,S@5.8,8.9,44.6,0.0,120,"Loomis Grade, Okanogan County",330144,Loomis Grade,2017-12-12 00:02:18.568463
2017-03-29,09:00,44.2,44.1,40.9,88.0,0.43,S@7.1,10.7,44.6,0.0,112,"Loomis Grade, Okanogan County",330144,Loomis Grade,2017-12-12 00:02:18.568463
2017-03-29,09:15,44.1,44.0,40.5,86.8,0.19,S@8.4,13.9,44.6,0.0,138,"Loomis Grade, Okanogan County",330144,Loomis Grade,2017-12-12 00:02:18.568463
2017-03-29,09:30,44.5,44.3,40.8,86.8,0.01,S@7.9,12.8,44.6,0.0,213,"Loomis Grade, Okanogan County",330144,Loomis Grade,2017-12-12 00:02:18.568463
2017-03-29,09:45,44.9,44.8,41.6,87.9,0.0,S@7.2,10.7,44.7,0.0,241,"Loomis Grade, Okanogan County",330144,Loomis Grade,2017-12-12 00:02:18.568463
2017-03-29,10:00,45.2,45.0,41.2,85.9,0.0,S@7.9,12.1,44.7,0.0,241,"Loomis Grade, Okanogan County",330144,Loomis Grade,2017-12-12 00:02:18.568463
2017-03-29,10:15,45.3,45.1,41.5,86.5,0.0,S@7.9,11.7,44.8,0.0,248,"Loomis Grade, Okanogan County",330144,Loomis Grade,2017-12-12 00:02:18.568463
2017-03-29,10:30,45.7,45.5,42.1,86.9,0.0,SE@7.7,10.7,44.9,0.0,325,"Loomis Grade, Okanogan County",330144,Loomis Grade,2017-12-12 00:02:18.568463
2017-03-29,10:45,46.3,46.1,42.7,87.1,0.0,SE@7.8,13.5,44.9,0.0,262,"Loomis Grade, Okanogan County",330144,Loomis Grade,2017-12-12 00:02:18.568463
2017-03-29,11:00,46.4,46.2,42.7,86.7,0.0,SE@8.0,11.7,45.0,0.0,199,"Loomis Grade, Okanogan County",330144,Loomis Grade,2017-12-12 00:02:18.568463
2017-03-29,11:15,47.2,47.1,43.1,85.5,0.0,SE@8.6,13.5,45.1,0.0,309,"Loomis Grade, Okanogan County",330144,Loomis Grade,2017-12-12 00:02:18.568463
2017-03-29,11:30,47.7,47.5,43.3,84.6,0.0,S@9.2,14.2,45.3,0.0,327,"Loomis Grade, Okanogan County",330144,Loomis Grade,2017-12-12 00:02:18.568463
2017-03-29,11:45,47.8,47.6,42.9,83.1,0.0,S@10.5,16.0,45.4,0.0,337,"Loomis Grade, Okanogan County",330144,Loomis Grade,2017-12-12 00:02:18.568463
2017-03-29,12:00,47.9,47.7,43.1,83.5,0.0,S@12.7,21.8,45.5,0.0,363,"Loomis Grade, Okanogan County",330144,Loomis Grade,2017-12-12 00:02:18.568463
2017-03-29,12:15,48.0,47.8,43.9,85.6,0.0,S@11.5,19.2,45.7,0.0,346,"Loomis Grade, Okanogan County",330144,Loomis Grade,2017-12-12 00:02:18.568463
2017-03-29,12:30,47.6,47.5,43.5,85.4,0.0,S@13.1,20.0,45.8,0.0,287,"Loomis Grade, Okanogan County",330144,Loomis Grade,2017-12-12 00:02:18.568463
2017-03-29,12:45,47.4,47.3,43.9,87.2,0.0,S@13.0,20.0,46.0,0.0,320,"Loomis Grade, Okanogan County",330144,Loomis Grade,2017-12-12 00:02:18.568463
2017-03-29,13:00,47.8,47.7,44.0,86.3,0.0,S@13.9,21.8,46.1,0.0,419,"Loomis Grade, Okanogan County",330144,Loomis Grade,2017-12-12 00:02:18.568463
2017-03-29,13:15,48.5,48.3,44.1,84.8,0.0,S@12.5,19.2,46.3,0.0,399,"Loomis Grade, Okanogan County",330144,Loomis Grade,2017-12-12 00:02:18.568463
2017-03-29,13:30,48.5,48.4,44.0,84.2,0.0,S@13.2,21.0,46.4,0.0,342,"Loomis Grade, Okanogan County",330144,Loomis Grade,2017-12-12 00:02:18.568463
2017-03-29,13:45,49.0,48.9,43.8,82.2,0.0,S@11.8,20.0,46.6,0.0,305,"Loomis Grade, Okanogan County",330144,Loomis Grade,2017-12-12 00:02:18.568463
2017-03-29,14:00,49.0,48.9,43.7,81.8,0.0,S@11.1,17.1,46.7,0.0,225,"Loomis Grade, Okanogan County",330144,Loomis Grade,2017-12-12 00:02:18.568463
2017-03-29,14:15,49.3,49.1,43.8,81.4,0.0,S@10.4,16.4,46.9,0.0,227,"Loomis Grade, Okanogan County",330144,Loomis Grade,2017-12-12 00:02:18.568463
2017-03-29,14:30,49.6,49.5,43.9,80.4,0.0,S@9.8,17.5,47.0,0.0,175,"Loomis Grade, Okanogan County",330144,Loomis Grade,2017-12-12 00:02:18.568463
2017-03-29,14:45,50.0,49.9,43.8,79.2,0.0,S@10.9,20.0,47.2,0.0,216,"Loomis Grade, Okanogan County",330144,Loomis Grade,2017-12-12 00:02:18.568463
2017-03-29,15:00,50.7,50.6,44.0,77.8,0.0,S@10.8,17.1,47.3,0.0,326,"Loomis Grade, Okanogan County",330144,Loomis Grade,2017-12-12 00:02:18.568463
2017-03-29,15:15,51.4,51.3,44.3,76.6,0.0,S@8.5,13.9,47.4,0.0,309,"Loomis Grade, Okanogan County",330144,Loomis Grade,2017-12-12 00:02:18.568463
2017-03-29,15:30,51.5,51.4,43.9,75.1,0.0,S@9.0,16.4,47.5,0.0,238,"Loomis Grade, Okanogan County",330144,Loomis Grade,2017-12-12 00:02:18.568463
2017-03-29,15:45,51.9,51.8,43.9,74.2,0.0,S@6.4,10.7,47.6,0.0,231,"Loomis Grade, Okanogan County",330144,Loomis Grade,2017-12-12 00:02:18.568463
2017-03-29,16:00,52.6,52.4,44.0,72.3,0.0,S@7.5,13.9,47.7,0.0,350,"Loomis Grade, Okanogan County",330144,Loomis Grade,2017-12-12 00:02:18.568463
2017-03-29,16:15,52.8,52.7,43.9,71.6,0.0,S@8.5,14.2,47.8,0.0,336,"Loomis Grade, Okanogan County",330144,Loomis Grade,2017-12-12 00:02:18.568463
2017-03-29,16:30,52.7,52.6,44.1,72.3,0.0,S@7.8,17.8,47.9,0.0,240,"Loomis Grade, Okanogan County",330144,Loomis Grade,2017-12-12 00:02:18.568463
2017-03-29,16:45,52.3,52.2,43.9,73.0,0.0,S@8.4,12.8,48.0,0.0,153,"Loomis Grade, Okanogan County",330144,Loomis Grade,2017-12-12 00:02:18.568463
2017-03-29,17:00,52.1,52.0,43.9,73.5,0.0,S@8.6,13.9,48.1,0.0,96,"Loomis Grade, Okanogan County",330144,Loomis Grade,2017-12-12 00:02:18.568463
2017-03-29,17:15,52.0,51.9,43.8,73.5,0.0,S@9.5,15.3,48.3,0.0,63,"Loomis Grade, Okanogan County",330144,Loomis Grade,2017-12-12 00:02:18.568463
2017-03-29,17:30,52.2,52.1,43.8,73.1,0.0,S@8.2,15.0,48.4,0.0,62,"Loomis Grade, Okanogan County",330144,Loomis Grade,2017-12-12 00:02:18.568463
2017-03-29,17:45,52.2,52.1,43.9,73.2,0.0,SE@6.7,10.3,48.5,0.0,40,"Loomis Grade, Okanogan County",330144,Loomis Grade,2017-12-12 00:02:18.568463
2017-03-29,18:00,52.2,52.1,44.1,73.7,0.0,SE@5.7,11.0,48.5,0.0,33,"Loomis Grade, Okanogan County",330144,Loomis Grade,2017-12-12 00:02:18.568463
2017-03-29,18:15,52.0,51.9,44.2,74.6,0.0,SE@4.4,8.9,48.6,0.0,14,"Loomis Grade, Okanogan County",330144,Loomis Grade,2017-12-12 00:02:18.568463
2017-03-29,18:30,51.5,51.3,44.4,76.4,0.0,E@2.2,4.6,48.6,0.0,5,"Loomis Grade, Okanogan County",330144,Loomis Grade,2017-12-12 00:02:18.568463
2017-03-29,18:45,50.9,50.6,44.4,78.4,0.0,NE@0.9,3.1,48.6,0.0,1,"Loomis Grade, Okanogan County",330144,Loomis Grade,2017-12-12 00:02:18.568463
2017-03-29,19:00,49.4,49.1,44.1,82.0,0.0,NW@0.7,1.7,48.6,0.0,0,"Loomis Grade, Okanogan County",330144,Loomis Grade,2017-12-12 00:02:18.568463
2017-03-29,19:15,48.7,48.4,44.1,83.9,0.0,W@1.7,4.9,48.6,0.0,0,"Loomis Grade, Okanogan County",330144,Loomis Grade,2017-12-12 00:02:18.568463
2017-03-29,19:30,48.9,48.7,44.4,84.2,0.0,W@3.0,5.3,48.5,0.0,0,"Loomis Grade, Okanogan County",330144,Loomis Grade,2017-12-12 00:02:18.568463
2017-03-29,19:45,49.6,49.5,44.4,82.3,0.0,SW@4.0,6.0,48.4,0.0,0,"Loomis Grade, Okanogan County",330144,Loomis Grade,2017-12-12 00:02:18.568463
2017-03-29,20:00,49.9,49.8,44.5,81.6,0.0,SW@4.9,6.7,48.4,0.0,0,"Loomis Grade, Okanogan County",330144,Loomis Grade,2017-12-12 00:02:18.568463
2017-03-29,20:15,49.7,49.5,44.4,81.8,0.0,SW@3.1,6.0,48.3,0.0,0,"Loomis Grade, Okanogan County",330144,Loomis Grade,2017-12-12 00:02:18.568463
2017-03-29,20:30,49.2,48.9,43.9,82.0,0.0,N@2.7,4.9,48.2,0.0,0,"Loomis Grade, Okanogan County",330144,Loomis Grade,2017-12-12 00:02:18.568463
2017-03-29,20:45,48.9,48.7,43.8,82.5,0.0,N@3.2,5.3,48.0,0.0,0,"Loomis Grade, Okanogan County",330144,Loomis Grade,2017-12-12 00:02:18.568463
2017-03-29,21:00,48.0,47.8,43.9,85.6,0.0,S@2.4,5.7,47.9,0.0,0,"Loomis Grade, Okanogan County",330144,Loomis Grade,2017-12-12 00:02:18.568463
2017-03-29,21:15,48.3,48.2,44.1,85.2,0.0,S@3.8,5.3,47.8,0.0,0,"Loomis Grade, Okanogan County",330144,Loomis Grade,2017-12-12 00:02:18.568463
2017-03-29,21:30,48.5,48.4,43.8,83.6,0.0,S@3.2,4.6,47.7,0.0,0,"Loomis Grade, Okanogan County",330144,Loomis Grade,2017-12-12 00:02:18.568463
2017-03-29,21:45,47.9,47.7,43.3,83.9,0.0,NW@3.3,5.7,47.6,0.0,0,"Loomis Grade, Okanogan County",330144,Loomis Grade,2017-12-12 00:02:18.568463
2017-03-29,22:00,48.3,48.2,42.9,81.3,0.0,NW@4.1,8.5,47.5,0.0,0,"Loomis Grade, Okanogan County",330144,Loomis Grade,2017-12-12 00:02:18.568463
2017-03-29,22:15,46.6,46.4,42.5,85.4,0.0,W@3.2,5.3,47.4,0.0,0,"Loomis Grade, Okanogan County",330144,Loomis Grade,2017-12-12 00:02:18.568463
2017-03-29,22:30,45.6,45.4,41.8,86.4,0.0,NW@5.7,11.4,47.3,0.0,0,"Loomis Grade, Okanogan County",330144,Loomis Grade,2017-12-12 00:02:18.568463
2017-03-29,22:45,45.1,44.9,41.4,86.7,0.0,NW@4.0,5.7,47.2,0.0,0,"Loomis Grade, Okanogan County",330144,Loomis Grade,2017-12-12 00:02:18.568463
2017-03-29,23:00,44.9,44.7,40.8,85.4,0.0,NW@5.2,9.9,47.1,0.0,0,"Loomis Grade, Okanogan County",330144,Loomis Grade,2017-12-12 00:02:18.568463
2017-03-30,23:15,44.0,43.9,40.4,87.1,0.0,NW@7.3,10.3,47.0,0.0,0,"Loomis Grade, Okanogan County",330144,Loomis Grade,2017-12-12 00:02:18.568463
2017-03-30,23:30,44.3,44.1,39.9,84.4,0.0,NW@7.2,9.6,46.9,0.0,0,"Loomis Grade, Okanogan County",330144,Loomis Grade,2017-12-12 00:02:18.568463
2017-03-30,23:45,43.2,43.0,38.6,83.5,0.0,NW@6.8,9.2,46.8,0.0,0,"Loomis Grade, Okanogan County",330144,Loomis Grade,2017-12-12 00:02:18.568463
2017-03-30,24:00,42.2,42.1,38.8,87.7,0.0,NW@5.4,7.8,46.6,0.0,0,"Loomis Grade, Okanogan County",330144,Loomis Grade,2017-12-12 00:02:18.568463
2017-03-30,00:15,43.2,43.1,38.8,84.4,0.0,W@3.7,6.0,46.5,0.0,0,"Loomis Grade, Okanogan County",330144,Loomis Grade,2017-12-12 00:02:18.568463
2017-03-30,00:30,42.2,42.0,38.9,87.9,0.0,NW@3.1,4.9,46.4,0.0,0,"Loomis Grade, Okanogan County",330144,Loomis Grade,2017-12-12 00:02:18.568463
2017-03-30,00:45,41.3,41.0,38.0,88.2,0.0,NW@4.7,7.4,46.3,0.0,0,"Loomis Grade, Okanogan County",330144,Loomis Grade,2017-12-12 00:02:18.568463
2017-03-30,01:00,41.8,41.7,37.4,84.2,0.0,NW@4.7,7.4,46.2,0.0,0,"Loomis Grade, Okanogan County",330144,Loomis Grade,2017-12-12 00:02:18.568463
2017-03-30,01:15,41.0,40.8,36.9,85.2,0.0,NW@4.6,7.8,46.0,0.0,0,"Loomis Grade, Okanogan County",330144,Loomis Grade,2017-12-12 00:02:18.568463
2017-03-30,01:30,39.6,39.4,36.9,90.0,0.0,W@4.4,7.4,45.9,0.0,0,"Loomis Grade, Okanogan County",330144,Loomis Grade,2017-12-12 00:02:18.568463
2017-03-30,01:45,40.6,40.5,37.5,88.8,0.0,W@4.2,8.9,45.8,0.0,0,"Loomis Grade, Okanogan County",330144,Loomis Grade,2017-12-12 00:02:18.568463
2017-03-30,02:00,40.6,40.3,37.6,88.7,0.0,NW@0.5,2.1,45.6,0.0,0,"Loomis Grade, Okanogan County",330144,Loomis Grade,2017-12-12 00:02:18.568463
2017-03-30,02:15,40.3,39.9,37.6,90.1,0.0,N@0.0,0.0,45.5,0.0,0,"Loomis Grade, Okanogan County",330144,Loomis Grade,2017-12-12 00:02:18.568463
2017-03-30,02:30,39.7,39.3,37.3,91.0,0.02,S@0.2,2.4,45.4,0.0,0,"Loomis Grade, Okanogan County",330144,Loomis Grade,2017-12-12 00:02:18.568463
2017-03-30,02:45,40.2,40.1,37.3,89.2,0.04,SW@4.1,6.4,45.3,0.0,0,"Loomis Grade, Okanogan County",330144,Loomis Grade,2017-12-12 00:02:18.568463
2017-03-30,03:00,41.9,41.8,37.3,83.3,0.0,SW@3.4,5.7,45.1,0.0,0,"Loomis Grade, Okanogan County",330144,Loomis Grade,2017-12-12 00:02:18.568463
2017-03-30,03:15,40.3,40.0,37.0,87.8,0.0,NW@2.9,6.4,45.0,0.0,0,"Loomis Grade, Okanogan County",330144,Loomis Grade,2017-12-12 00:02:18.568463
2017-03-30,03:30,38.4,38.2,36.3,92.0,0.01,W@2.6,4.2,44.9,0.0,0,"Loomis Grade, Okanogan County",330144,Loomis Grade,2017-12-12 00:02:18.568463
2017-03-30,03:45,38.0,37.7,36.1,92.8,0.08,NW@2.9,5.3,44.8,0.0,0,"Loomis Grade, Okanogan County",330144,Loomis Grade,2017-12-12 00:02:18.568463
2017-03-30,04:00,38.2,38.0,35.7,90.6,0.07,NW@5.0,7.8,44.6,0.0,0,"Loomis Grade, Okanogan County",330144,Loomis Grade,2017-12-12 00:02:18.568463
2017-03-30,04:15,37.3,37.2,35.4,92.5,0.06,NW@5.8,8.5,44.5,0.0,0,"Loomis Grade, Okanogan County",330144,Loomis Grade,2017-12-12 00:02:18.568463
2017-03-30,04:30,39.0,38.9,36.7,91.4,0.03,NW@6.4,8.9,44.4,0.0,0,"Loomis Grade, Okanogan County",330144,Loomis Grade,2017-12-12 00:02:18.568463
2017-03-30,04:45,38.2,37.9,35.9,91.4,0.0,NW@5.0,7.1,44.3,0.0,0,"Loomis Grade, Okanogan County",330144,Loomis Grade,2017-12-12 00:02:18.568463
2017-03-30,05:00,38.4,38.2,36.2,91.5,0.06,NW@4.6,6.0,44.2,0.0,0,"Loomis Grade, Okanogan County",330144,Loomis Grade,2017-12-12 00:02:18.568463
2017-03-30,05:15,37.0,36.7,35.1,92.9,0.08,W@3.4,5.3,44.1,0.0,0,"Loomis Grade, Okanogan County",330144,Loomis Grade,2017-12-12 00:02:18.568463
2017-03-30,05:30,36.4,36.2,34.9,94.2,0.14,W@3.0,4.9,44.0,0.0,1,"Loomis Grade, Okanogan County",330144,Loomis Grade,2017-12-12 00:02:18.568463
2017-03-30,05:45,36.5,36.2,35.0,94.3,0.22,NW@2.8,4.2,43.8,0.0,5,"Loomis Grade, Okanogan County",330144,Loomis Grade,2017-12-12 00:02:18.568463
2017-03-30,06:00,36.3,36.1,34.9,94.8,0.29,NW@3.4,4.6,43.7,0.0,13,"Loomis Grade, Okanogan County",330144,Loomis Grade,2017-12-12 00:02:18.568463
2017-03-30,06:15,36.3,36.1,34.9,94.6,0.35,NW@2.7,4.2,43.6,0.0,22,"Loomis Grade, Okanogan County",330144,Loomis Grade,2017-12-12 00:02:18.568463
2017-03-30,06:30,36.9,36.5,35.4,94.4,0.4,W@1.1,3.5,43.5,0.0,59,"Loomis Grade, Okanogan County",330144,Loomis Grade,2017-12-12 00:02:18.568463
2017-03-30,06:45,39.5,39.3,37.1,90.9,0.43,S@1.8,3.9,43.4,0.0,128,"Loomis Grade, Okanogan County",330144,Loomis Grade,2017-12-12 00:02:18.568463
2017-03-30,07:00,40.4,40.2,36.8,86.8,0.38,SE@1.8,3.1,43.2,0.0,115,"Loomis Grade, Okanogan County",330144,Loomis Grade,2017-12-12 00:02:18.568463
2017-03-30,07:15,40.7,40.3,37.3,87.6,0.3,S@0.6,2.8,43.1,0.0,172,"Loomis Grade, Okanogan County",330144,Loomis Grade,2017-12-12 00:02:18.568463
2017-03-30,07:30,42.6,42.5,37.0,80.4,0.09,SE@1.8,3.5,43.0,0.0,246,"Loomis Grade, Okanogan County",330144,Loomis Grade,2017-12-12 00:02:18.568463
2017-03-30,07:45,43.3,43.3,36.8,77.4,0.0,SE@2.8,4.9,42.9,0.0,290,"Loomis Grade, Okanogan County",330144,Loomis Grade,2017-12-12 00:02:18.568463
2017-03-30,08:00,44.0,44.1,37.8,78.6,0.0,SE@2.6,4.9,42.8,0.0,282,"Loomis Grade, Okanogan County",330144,Loomis Grade,2017-12-12 00:02:18.568463
2017-03-30,08:15,42.4,42.3,37.0,81.1,0.0,SE@3.0,4.9,42.8,0.0,220,"Loomis Grade, Okanogan County",330144,Loomis Grade,2017-12-12 00:02:18.568463
2017-03-30,08:30,44.8,44.7,38.4,78.0,0.0,SE@2.7,3.9,42.7,0.0,468,"Loomis Grade, Okanogan County",330144,Loomis Grade,2017-12-12 00:02:18.568463
2017-03-30,08:45,46.8,46.7,39.4,75.3,0.0,E@2.5,4.6,42.7,0.0,365,"Loomis Grade, Okanogan County",330144,Loomis Grade,2017-12-12 00:02:18.568463
2017-03-30,09:00,46.1,45.9,39.4,77.2,0.0,SE@2.7,4.2,42.8,0.0,387,"Loomis Grade, Okanogan County",330144,Loomis Grade,2017-12-12 00:02:18.568463
2017-03-30,09:15,48.3,48.3,40.2,73.2,0.0,SE@2.5,3.9,42.8,0.0,571,"Loomis Grade, Okanogan County",330144,Loomis Grade,2017-12-12 00:02:18.568463
2017-03-30,09:30,49.4,49.3,40.9,72.2,0.0,E@3.2,5.7,43.0,0.0,485,"Loomis Grade, Okanogan County",330144,Loomis Grade,2017-12-12 00:02:18.568463
2017-03-30,09:45,49.9,49.7,40.0,68.5,0.0,E@3.7,6.4,43.1,0.0,606,"Loomis Grade, Okanogan County",330144,Loomis Grade,2017-12-12 00:02:18.568463
2017-03-30,10:00,51.6,51.2,37.3,57.8,0.0,NE@5.2,9.2,43.3,0.0,642,"Loomis Grade, Okanogan County",330144,Loomis Grade,2017-12-12 00:02:18.568463
2017-03-30,10:15,52.4,52.0,36.3,54.2,0.0,NE@6.1,11.0,43.5,0.0,643,"Loomis Grade, Okanogan County",330144,Loomis Grade,2017-12-12 00:02:18.568463
2017-03-30,10:30,53.0,52.6,35.5,51.3,0.0,N@6.8,11.4,43.8,0.0,622,"Loomis Grade, Okanogan County",330144,Loomis Grade,2017-12-12 00:02:18.568463
2017-03-30,10:45,53.4,53.0,33.7,47.1,0.0,N@7.1,12.8,44.1,0.0,645,"Loomis Grade, Okanogan County",330144,Loomis Grade,2017-12-12 00:02:18.568463
2017-03-30,11:00,54.4,53.9,34.5,46.8,0.0,N@6.4,11.7,44.4,0.0,704,"Loomis Grade, Okanogan County",330144,Loomis Grade,2017-12-12 00:02:18.568463
2017-03-30,11:15,55.2,54.7,32.6,42.1,0.0,N@8.6,14.6,44.7,0.0,739,"Loomis Grade, Okanogan County",330144,Loomis Grade,2017-12-12 00:02:18.568463
2017-03-30,11:30,55.5,55.1,32.3,41.2,0.0,N@9.6,15.3,45.1,0.0,627,"Loomis Grade, Okanogan County",330144,Loomis Grade,2017-12-12 00:02:18.568463
2017-03-30,11:45,56.3,55.9,32.6,40.4,0.0,N@9.5,17.5,45.4,0.0,746,"Loomis Grade, Okanogan County",330144,Loomis Grade,2017-12-12 00:02:18.568463
2017-03-30,12:00,56.6,56.3,32.6,40.0,0.0,N@10.2,15.7,45.8,0.0,774,"Loomis Grade, Okanogan County",330144,Loomis Grade,2017-12-12 00:02:18.568463
2017-03-30,12:15,57.0,56.6,33.0,40.0,0.0,N@9.7,15.3,46.1,0.0,660,"Loomis Grade, Okanogan County",330144,Loomis Grade,2017-12-12 00:02:18.568463
2017-03-30,12:30,55.7,55.4,32.0,40.4,0.0,N@11.6,19.6,46.5,0.0,442,"Loomis Grade, Okanogan County",330144,Loomis Grade,2017-12-12 00:02:18.568463
2017-03-30,12:45,55.9,55.5,33.3,42.2,0.0,N@12.7,19.6,46.8,0.0,740,"Loomis Grade, Okanogan County",330144,Loomis Grade,2017-12-12 00:02:18.568463
2017-03-30,13:00,56.0,55.6,33.3,41.9,0.0,N@12.0,17.8,47.1,0.0,737,"Loomis Grade, Okanogan County",330144,Loomis Grade,2017-12-12 00:02:18.568463
2017-03-30,13:15,56.8,56.4,34.2,42.4,0.0,N@11.1,17.8,47.4,0.0,753,"Loomis Grade, Okanogan County",330144,Loomis Grade,2017-12-12 00:02:18.568463
2017-03-30,13:30,57.1,56.7,33.6,41.0,0.0,N@11.3,17.8,47.7,0.0,650,"Loomis Grade, Okanogan County",330144,Loomis Grade,2017-12-12 00:02:18.568463
2017-03-30,13:45,56.3,55.9,33.6,42.2,0.0,N@9.4,14.6,47.9,0.0,516,"Loomis Grade, Okanogan County",330144,Loomis Grade,2017-12-12 00:02:18.568463
2017-03-30,14:00,57.6,57.2,33.8,40.5,0.0,N@9.3,14.6,48.2,0.0,667,"Loomis Grade, Okanogan County",330144,Loomis Grade,2017-12-12 00:02:18.568463
2017-03-30,14:15,56.8,56.5,32.5,39.6,0.0,N@11.1,20.0,48.4,0.0,314,"Loomis Grade, Okanogan County",330144,Loomis Grade,2017-12-12 00:02:18.568463
2017-03-30,14:30,55.8,55.6,33.0,41.8,0.0,N@11.4,17.1,48.6,0.0,293,"Loomis Grade, Okanogan County",330144,Loomis Grade,2017-12-12 00:02:18.568463
2017-03-30,14:45,55.9,55.7,32.7,41.2,0.0,N@10.6,16.4,48.8,0.0,204,"Loomis Grade, Okanogan County",330144,Loomis Grade,2017-12-12 00:02:18.568463
2017-03-30,15:00,55.8,55.7,32.7,41.3,0.0,N@10.4,17.5,49.0,0.0,244,"Loomis Grade, Okanogan County",330144,Loomis Grade,2017-12-12 00:02:18.568463
2017-03-30,15:15,56.7,56.4,32.6,39.9,0.0,N@10.8,16.0,49.2,0.0,342,"Loomis Grade, Okanogan County",330144,Loomis Grade,2017-12-12 00:02:18.568463
2017-03-30,15:30,55.5,55.3,32.7,41.7,0.0,N@9.8,14.6,49.3,0.0,133,"Loomis Grade, Okanogan County",330144,Loomis Grade,2017-12-12 00:02:18.568463
2017-03-30,15:45,55.3,55.2,32.3,41.5,0.0,N@9.6,13.9,49.4,0.0,125,"Loomis Grade, Okanogan County",330144,Loomis Grade,2017-12-12 00:02:18.568463
2017-03-30,16:00,55.1,55.0,31.5,40.4,0.0,N@10.3,16.0,49.5,0.0,115,"Loomis Grade, Okanogan County",330144,Loomis Grade,2017-12-12 00:02:18.568463
2017-03-30,16:15,54.7,54.6,31.1,40.3,0.0,N@10.7,16.7,49.5,0.0,104,"Loomis Grade, Okanogan County",330144,Loomis Grade,2017-12-12 00:02:18.568463
2017-03-30,16:30,54.6,54.5,31.2,40.7,0.0,N@9.5,14.2,49.6,0.0,91,"Loomis Grade, Okanogan County",330144,Loomis Grade,2017-12-12 00:02:18.568463
2017-03-30,16:45,54.4,54.3,31.7,41.8,0.0,N@8.1,12.1,49.6,0.0,80,"Loomis Grade, Okanogan County",330144,Loomis Grade,2017-12-12 00:02:18.568463
2017-03-30,17:00,54.6,54.4,31.6,41.3,0.0,N@10.3,16.0,49.5,0.0,88,"Loomis Grade, Okanogan County",330144,Loomis Grade,2017-12-12 00:02:18.568463
2017-03-30,17:15,54.1,54.0,31.3,41.6,0.0,N@9.4,16.4,49.5,0.0,36,"Loomis Grade, Okanogan County",330144,Loomis Grade,2017-12-12 00:02:18.568463
2017-03-30,17:30,53.9,53.8,31.0,41.4,0.0,N@8.6,14.6,49.5,0.0,37,"Loomis Grade, Okanogan County",330144,Loomis Grade,2017-12-12 00:02:18.568463
2017-03-30,17:45,53.6,53.5,31.3,42.4,0.0,N@8.5,13.2,49.4,0.0,28,"Loomis Grade, Okanogan County",330144,Loomis Grade,2017-12-12 00:02:18.568463
2017-03-30,18:00,53.1,53.1,31.8,43.9,0.0,N@6.5,9.9,49.3,0.0,24,"Loomis Grade, Okanogan County",330144,Loomis Grade,2017-12-12 00:02:18.568463
2017-03-30,18:15,52.9,52.9,31.4,43.5,0.0,N@5.7,9.2,49.2,0.0,13,"Loomis Grade, Okanogan County",330144,Loomis Grade,2017-12-12 00:02:18.568463
2017-03-30,18:30,52.6,52.5,31.3,43.9,0.0,N@4.8,8.9,49.2,0.0,4,"Loomis Grade, Okanogan County",330144,Loomis Grade,2017-12-12 00:02:18.568463
2017-03-30,18:45,52.6,52.5,30.6,42.8,0.0,N@4.1,7.1,49.1,0.0,0,"Loomis Grade, Okanogan County",330144,Loomis Grade,2017-12-12 00:02:18.568463
2017-03-30,19:00,51.9,51.9,31.1,44.7,0.0,NW@4.4,6.4,49.0,0.0,0,"Loomis Grade, Okanogan County",330144,Loomis Grade,2017-12-12 00:02:18.568463
2017-03-30,19:15,51.8,51.7,31.2,45.1,0.0,N@4.6,6.7,48.9,0.0,0,"Loomis Grade, Okanogan County",330144,Loomis Grade,2017-12-12 00:02:18.568463
2017-03-30,19:30,51.7,51.6,31.4,45.6,0.0,N@4.2,6.7,48.8,0.0,0,"Loomis Grade, Okanogan County",330144,Loomis Grade,2017-12-12 00:02:18.568463
2017-03-30,19:45,51.9,51.9,30.7,44.1,0.0,N@5.7,8.5,48.7,0.0,0,"Loomis Grade, Okanogan County",330144,Loomis Grade,2017-12-12 00:02:18.568463
2017-03-30,20:00,52.4,52.4,30.5,42.8,0.0,N@5.8,8.2,48.6,0.0,0,"Loomis Grade, Okanogan County",330144,Loomis Grade,2017-12-12 00:02:18.568463
2017-03-30,20:15,52.0,52.0,30.7,43.9,0.0,N@5.1,7.4,48.4,0.0,0,"Loomis Grade, Okanogan County",330144,Loomis Grade,2017-12-12 00:02:18.568463
2017-03-30,20:30,52.1,52.0,30.6,43.6,0.0,N@5.1,7.8,48.3,0.0,0,"Loomis Grade, Okanogan County",330144,Loomis Grade,2017-12-12 00:02:18.568463
2017-03-30,20:45,51.4,51.3,30.6,44.6,0.0,N@4.3,7.1,48.2,0.0,0,"Loomis Grade, Okanogan County",330144,Loomis Grade,2017-12-12 00:02:18.568463
2017-03-30,21:00,51.2,51.1,30.7,45.2,0.0,N@4.7,7.1,48.1,0.0,0,"Loomis Grade, Okanogan County",330144,Loomis Grade,2017-12-12 00:02:18.568463
2017-03-30,21:15,51.3,51.3,30.6,44.8,0.0,N@6.0,8.2,48.0,0.0,0,"Loomis Grade, Okanogan County",330144,Loomis Grade,2017-12-12 00:02:18.568463
2017-03-30,21:30,50.6,50.5,30.5,45.7,0.0,N@6.1,8.5,47.9,0.0,0,"Loomis Grade, Okanogan County",330144,Loomis Grade,2017-12-12 00:02:18.568463
2017-03-30,21:45,50.3,50.3,30.0,45.3,0.0,N@6.6,8.5,47.8,0.0,0,"Loomis Grade, Okanogan County",330144,Loomis Grade,2017-12-12 00:02:18.568463
2017-03-30,22:00,50.2,50.1,30.1,45.8,0.0,N@5.9,8.2,47.7,0.0,0,"Loomis Grade, Okanogan County",330144,Loomis Grade,2017-12-12 00:02:18.568463
2017-03-30,22:15,49.8,49.7,30.1,46.5,0.0,N@5.7,7.8,47.6,0.0,0,"Loomis Grade, Okanogan County",330144,Loomis Grade,2017-12-12 00:02:18.568463
2017-03-30,22:30,49.4,49.4,30.3,47.5,0.0,N@6.2,8.9,47.4,0.0,0,"Loomis Grade, Okanogan County",330144,Loomis Grade,2017-12-12 00:02:18.568463
2017-03-30,22:45,49.1,49.1,30.3,48.0,0.0,N@6.1,9.2,47.3,0.0,0,"Loomis Grade, Okanogan County",330144,Loomis Grade,2017-12-12 00:02:18.568463
2017-03-30,23:00,47.8,47.7,30.3,50.5,0.0,NW@3.9,6.4,47.2,0.0,0,"Loomis Grade, Okanogan County",330144,Loomis Grade,2017-12-12 00:02:18.568463
2017-03-31,23:15,45.7,45.4,30.6,55.4,0.0,NW@3.9,5.7,47.1,0.0,0,"Loomis Grade, Okanogan County",330144,Loomis Grade,2017-12-12 00:02:18.568463
2017-03-31,23:30,43.6,43.4,30.8,60.3,0.0,NW@4.7,6.7,46.9,0.0,0,"Loomis Grade, Okanogan County",330144,Loomis Grade,2017-12-12 00:02:18.568463
2017-03-31,23:45,42.7,42.6,30.7,62.2,0.0,NW@5.9,7.8,46.8,0.0,0,"Loomis Grade, Okanogan County",330144,Loomis Grade,2017-12-12 00:02:18.568463
2017-03-31,24:00,42.7,42.5,30.4,61.7,0.0,NW@5.6,7.4,46.7,0.0,0,"Loomis Grade, Okanogan County",330144,Loomis Grade,2017-12-12 00:02:18.568463
2017-03-31,00:15,43.4,43.3,30.2,59.4,0.0,NW@6.1,8.2,46.6,0.0,0,"Loomis Grade, Okanogan County",330144,Loomis Grade,2017-12-12 00:02:18.568463
2017-03-31,00:30,43.7,43.5,30.0,58.2,0.0,NW@6.2,8.9,46.4,0.0,0,"Loomis Grade, Okanogan County",330144,Loomis Grade,2017-12-12 00:02:18.568463
2017-03-31,00:45,42.4,42.2,30.0,61.3,0.0,NW@5.7,7.4,46.3,0.0,0,"Loomis Grade, Okanogan County",330144,Loomis Grade,2017-12-12 00:02:18.568463
2017-03-31,01:00,42.0,41.8,30.0,62.2,0.0,NW@6.0,8.2,46.1,0.0,0,"Loomis Grade, Okanogan County",330144,Loomis Grade,2017-12-12 00:02:18.568463
2017-03-31,01:15,41.8,41.8,30.3,63.4,0.0,NW@4.1,7.1,46.0,0.0,0,"Loomis Grade, Okanogan County",330144,Loomis Grade,2017-12-12 00:02:18.568463
2017-03-31,01:30,40.9,40.8,30.5,66.2,0.0,NW@4.3,7.4,45.8,0.0,0,"Loomis Grade, Okanogan County",330144,Loomis Grade,2017-12-12 00:02:18.568463
2017-03-31,01:45,42.4,42.3,30.4,62.4,0.0,NW@4.9,6.0,45.7,0.0,0,"Loomis Grade, Okanogan County",330144,Loomis Grade,2017-12-12 00:02:18.568463
2017-03-31,02:00,41.4,41.3,30.3,64.5,0.0,NW@3.9,5.7,45.6,0.0,0,"Loomis Grade, Okanogan County",330144,Loomis Grade,2017-12-12 00:02:18.568463
2017-03-31,02:15,41.9,41.8,30.1,62.7,0.0,NW@2.9,4.2,45.4,0.0,0,"Loomis Grade, Okanogan County",330144,Loomis Grade,2017-12-12 00:02:18.568463
2017-03-31,02:30,41.7,41.3,29.9,62.6,0.0,N@2.8,3.5,45.3,0.0,0,"Loomis Grade, Okanogan County",330144,Loomis Grade,2017-12-12 00:02:18.568463
2017-03-31,02:45,39.7,39.5,30.1,68.3,0.0,NW@3.8,5.3,45.2,0.0,0,"Loomis Grade, Okanogan County",330144,Loomis Grade,2017-12-12 00:02:18.568463
2017-03-31,03:00,38.8,38.6,29.8,69.7,0.0,N@3.5,4.2,45.0,0.0,0,"Loomis Grade, Okanogan County",330144,Loomis Grade,2017-12-12 00:02:18.568463
2017-03-31,03:15,39.0,38.8,30.0,69.9,0.0,NW@4.2,5.3,44.9,0.0,0,"Loomis Grade, Okanogan County",330144,Loomis Grade,2017-12-12 00:02:18.568463
2017-03-31,03:30,38.3,38.2,29.9,71.3,0.0,NW@3.6,5.7,44.7,0.0,0,"Loomis Grade, Okanogan County",330144,Loomis Grade,2017-12-12 00:02:18.568463
2017-03-31,03:45,38.4,38.2,29.9,71.3,0.0,NW@3.4,6.0,44.6,0.0,0,"Loomis Grade, Okanogan County",330144,Loomis Grade,2017-12-12 00:02:18.568463
2017-03-31,04:00,38.1,37.9,29.7,71.4,0.0,N@4.7,5.7,44.5,0.0,0,"Loomis Grade, Okanogan County",330144,Loomis Grade,2017-12-12 00:02:18.568463
2017-03-31,04:15,36.9,36.7,29.9,75.5,0.0,NW@4.7,6.4,44.3,0.0,0,"Loomis Grade, Okanogan County",330144,Loomis Grade,2017-12-12 00:02:18.568463
2017-03-31,04:30,37.0,36.8,29.8,75.0,0.0,W@2.8,4.9,44.2,0.0,0,"Loomis Grade, Okanogan County",330144,Loomis Grade,2017-12-12 00:02:18.568463
2017-03-31,04:45,37.7,37.5,29.3,71.2,0.0,NW@0.8,3.1,44.0,0.0,0,"Loomis Grade, Okanogan County",330144,Loomis Grade,2017-12-12 00:02:18.568463
2017-03-31,05:00,37.0,36.7,29.0,72.5,0.0,NW@1.7,2.8,43.9,0.0,0,"Loomis Grade, Okanogan County",330144,Loomis Grade,2017-12-12 00:02:18.568463
2017-03-31,05:15,37.1,36.9,28.8,71.7,0.0,NW@1.6,2.8,43.8,0.0,0,"Loomis Grade, Okanogan County",330144,Loomis Grade,2017-12-12 00:02:18.568463
2017-03-31,05:30,37.4,37.1,28.9,71.2,0.0,NW@1.2,2.4,43.6,0.0,2,"Loomis Grade, Okanogan County",330144,Loomis Grade,2017-12-12 00:02:18.568463
2017-03-31,05:45,37.0,36.8,28.7,71.6,0.0,NW@1.0,2.8,43.5,0.0,7,"Loomis Grade, Okanogan County",330144,Loomis Grade,2017-12-12 00:02:18.568463
2017-03-31,06:00,36.6,36.3,28.6,72.5,0.0,N@0.7,3.5,43.3,0.0,15,"Loomis Grade, Okanogan County",330144,Loomis Grade,2017-12-12 00:02:18.568463
2017-03-31,06:15,35.9,35.6,28.8,75.4,0.0,NW@3.0,4.9,43.2,0.0,24,"Loomis Grade, Okanogan County",330144,Loomis Grade,2017-12-12 00:02:18.568463
2017-03-31,06:30,37.1,36.9,29.6,74.2,0.0,W@4.1,6.4,43.1,0.0,61,"Loomis Grade, Okanogan County",330144,Loomis Grade,2017-12-12 00:02:18.568463
2017-03-31,06:45,39.1,38.8,29.7,68.8,0.0,SE@1.7,3.1,42.9,0.0,130,"Loomis Grade, Okanogan County",330144,Loomis Grade,2017-12-12 00:02:18.568463
2017-03-31,07:00,39.7,39.5,29.6,66.9,0.0,SE@1.4,3.1,42.8,0.0,158,"Loomis Grade, Okanogan County",330144,Loomis Grade,2017-12-12 00:02:18.568463
2017-03-31,07:15,40.9,40.9,29.7,64.0,0.0,SE@2.0,2.8,42.7,0.0,208,"Loomis Grade, Okanogan County",330144,Loomis Grade,2017-12-12 00:02:18.568463
2017-03-31,07:30,42.7,42.6,29.9,60.3,0.0,SE@2.1,3.9,42.6,0.0,255,"Loomis Grade, Okanogan County",330144,Loomis Grade,2017-12-12 00:02:18.568463
2017-03-31,07:45,44.3,44.4,30.3,57.7,0.0,SE@2.2,3.1,42.4,0.0,297,"Loomis Grade, Okanogan County",330144,Loomis Grade,2017-12-12 00:02:18.568463
2017-03-31,08:00,45.9,45.4,30.4,54.3,0.0,N@0.8,2.4,42.4,0.0,338,"Loomis Grade, Okanogan County",330144,Loomis Grade,2017-12-12 00:02:18.568463
2017-03-31,08:15,46.7,46.3,31.7,55.7,0.0,S@2.4,4.6,42.3,0.0,377,"Loomis Grade, Okanogan County",330144,Loomis Grade,2017-12-12 00:02:18.568463
2017-03-31,08:30,48.3,48.2,32.7,54.5,0.0,SE@1.9,4.9,42.3,0.0,415,"Loomis Grade, Okanogan County",330144,Loomis Grade,2017-12-12 00:02:18.568463
2017-03-31,08:45,48.1,47.8,33.1,55.8,0.0,E@3.6,6.7,42.3,0.0,434,"Loomis Grade, Okanogan County",330144,Loomis Grade,2017-12-12 00:02:18.568463
2017-03-31,09:00,49.0,48.6,32.4,52.6,0.0,NE@3.2,6.0,42.3,0.0,488,"Loomis Grade, Okanogan County",330144,Loomis Grade,2017-12-12 00:02:18.568463
2017-03-31,09:15,49.4,49.0,31.7,50.2,0.0,NE@3.5,6.7,42.4,0.0,530,"Loomis Grade, Okanogan County",330144,Loomis Grade,2017-12-12 00:02:18.568463
2017-03-31,09:30,49.8,49.3,31.5,49.3,0.0,N@3.6,7.8,42.5,0.0,546,"Loomis Grade, Okanogan County",330144,Loomis Grade,2017-12-12 00:02:18.568463
2017-03-31,09:45,51.9,51.5,32.3,47.1,0.0,NE@3.6,6.4,42.7,0.0,585,"Loomis Grade, Okanogan County",330144,Loomis Grade,2017-12-12 00:02:18.568463
2017-03-31,10:00,52.0,51.6,32.2,46.7,0.0,N@3.4,7.1,42.9,0.0,611,"Loomis Grade, Okanogan County",330144,Loomis Grade,2017-12-12 00:02:18.568463
2017-03-31,10:15,52.4,51.9,31.3,44.3,0.0,NW@3.8,6.0,43.2,0.0,596,"Loomis Grade, Okanogan County",330144,Loomis Grade,2017-12-12 00:02:18.568463
2017-03-31,10:30,53.0,52.4,30.5,42.0,0.0,NW@4.8,7.8,43.4,0.0,584,"Loomis Grade, Okanogan County",330144,Loomis Grade,2017-12-12 00:02:18.568463
2017-03-31,10:45,54.2,53.7,31.1,41.0,0.0,N@3.7,7.1,43.7,0.0,648,"Loomis Grade, Okanogan County",330144,Loomis Grade,2017-12-12 00:02:18.568463
2017-03-31,11:00,56.0,55.6,32.1,40.1,0.0,E@3.3,8.2,44.0,0.0,657,"Loomis Grade, Okanogan County",330144,Loomis Grade,2017-12-12 00:02:18.568463
2017-03-31,11:15,56.5,56.3,31.2,38.0,0.0,NE@2.7,5.7,44.4,0.0,629,"Loomis Grade, Okanogan County",330144,Loomis Grade,2017-12-12 00:02:18.568463
2017-03-31,11:30,57.6,57.3,31.0,36.3,0.0,E@3.1,7.1,44.7,0.0,634,"Loomis Grade, Okanogan County",330144,Loomis Grade,2017-12-12 00:02:18.568463
2017-03-31,11:45,58.5,58.4,29.6,33.2,0.0,SE@3.3,6.7,45.1,0.0,697,"Loomis Grade, Okanogan County",330144,Loomis Grade,2017-12-12 00:02:18.568463
2017-03-31,12:00,58.4,58.2,30.4,34.3,0.0,SE@4.4,8.9,45.5,0.0,699,"Loomis Grade, Okanogan County",330144,Loomis Grade,2017-12-12 00:02:18.568463
2017-03-31,12:15,58.8,58.7,30.6,34.0,0.0,SE@4.3,9.2,45.9,0.0,727,"Loomis Grade, Okanogan County",330144,Loomis Grade,2017-12-12 00:02:18.568463
2017-03-31,12:30,59.0,58.8,29.5,32.5,0.0,SE@6.7,12.4,46.3,0.0,692,"Loomis Grade, Okanogan County",330144,Loomis Grade,2017-12-12 00:02:18.568463
2017-03-31,12:45,59.1,58.9,29.0,31.7,0.0,SE@7.3,12.4,46.7,0.0,614,"Loomis Grade, Okanogan County",330144,Loomis Grade,2017-12-12 00:02:18.568463
2017-03-31,13:00,58.8,58.6,28.1,30.8,0.0,SE@7.7,12.4,47.1,0.0,459,"Loomis Grade, Okanogan County",330144,Loomis Grade,2017-12-12 00:02:18.568463
2017-03-31,13:15,59.4,59.2,28.8,31.0,0.0,SE@7.2,11.7,47.6,0.0,496,"Loomis Grade, Okanogan County",330144,Loomis Grade,2017-12-12 00:02:18.568463
2017-03-31,13:30,59.3,59.2,28.4,30.6,0.0,S@5.8,9.9,48.0,0.0,373,"Loomis Grade, Okanogan County",330144,Loomis Grade,2017-12-12 00:02:18.568463
2017-03-31,13:45,60.8,60.6,28.3,28.9,0.0,S@5.7,10.7,48.4,0.0,579,"Loomis Grade, Okanogan County",330144,Loomis Grade,2017-12-12 00:02:18.568463
2017-03-31,14:00,61.4,61.2,28.6,28.6,0.0,SE@5.9,11.4,48.8,0.0,580,"Loomis Grade, Okanogan County",330144,Loomis Grade,2017-12-12 00:02:18.568463
2017-03-31,14:15,61.1,60.9,29.0,29.4,0.0,S@6.1,9.9,49.2,0.0,499,"Loomis Grade, Okanogan County",330144,Loomis Grade,2017-12-12 00:02:18.568463
2017-03-31,14:30,61.2,61.0,27.7,27.8,0.0,SE@6.9,10.3,49.5,0.0,544,"Loomis Grade, Okanogan County",330144,Loomis Grade,2017-12-12 00:02:18.568463
2017-03-31,14:45,61.7,61.5,26.7,26.2,0.0,SE@8.2,13.9,49.8,0.0,538,"Loomis Grade, Okanogan County",330144,Loomis Grade,2017-12-12 00:02:18.568463
2017-03-31,15:00,61.2,61.1,25.7,25.6,0.0,S@8.1,14.2,50.1,0.0,333,"Loomis Grade, Okanogan County",330144,Loomis Grade,2017-12-12 00:02:18.568463
2017-03-31,15:15,60.9,60.8,25.1,25.3,0.0,S@7.2,11.4,50.4,0.0,285,"Loomis Grade, Okanogan County",330144,Loomis Grade,2017-12-12 00:02:18.568463
2017-03-31,15:30,60.8,60.7,25.3,25.6,0.0,S@9.1,13.9,50.7,0.0,325,"Loomis Grade, Okanogan County",330144,Loomis Grade,2017-12-12 00:02:18.568463
2017-03-31,15:45,61.6,61.5,27.6,27.3,0.0,S@7.5,11.4,51.0,0.0,324,"Loomis Grade, Okanogan County",330144,Loomis Grade,2017-12-12 00:02:18.568463
2017-03-31,16:00,62.1,62.0,27.8,27.0,0.0,S@8.0,12.8,51.2,0.0,435,"Loomis Grade, Okanogan County",330144,Loomis Grade,2017-12-12 00:02:18.568463
2017-03-31,16:15,62.1,61.9,27.0,26.2,0.0,S@8.3,13.2,51.4,0.0,370,"Loomis Grade, Okanogan County",330144,Loomis Grade,2017-12-12 00:02:18.568463
2017-03-31,16:30,61.4,61.3,25.1,24.9,0.0,S@7.9,11.7,51.6,0.0,233,"Loomis Grade, Okanogan County",330144,Loomis Grade,2017-12-12 00:02:18.568463
2017-03-31,16:45,60.6,60.5,24.5,24.8,0.0,S@8.0,14.6,51.7,0.0,164,"Loomis Grade, Okanogan County",330144,Loomis Grade,2017-12-12 00:02:18.568463
2017-03-31,17:00,60.7,60.6,25.4,25.7,0.0,S@6.9,11.0,51.9,0.0,167,"Loomis Grade, Okanogan County",330144,Loomis Grade,2017-12-12 00:02:18.568463
2017-03-31,17:15,59.8,59.7,25.5,26.7,0.0,S@5.4,8.9,52.0,0.0,74,"Loomis Grade, Okanogan County",330144,Loomis Grade,2017-12-12 00:02:18.568463
2017-03-31,17:30,59.2,59.1,26.0,27.9,0.0,S@4.2,7.4,52.1,0.0,68,"Loomis Grade, Okanogan County",330144,Loomis Grade,2017-12-12 00:02:18.568463
2017-03-31,17:45,59.1,59.0,25.2,27.1,0.0,SW@4.1,7.1,52.2,0.0,53,"Loomis Grade, Okanogan County",330144,Loomis Grade,2017-12-12 00:02:18.568463
2017-03-31,18:00,58.5,58.5,25.6,28.0,0.0,S@3.2,5.3,52.2,0.0,41,"Loomis Grade, Okanogan County",330144,Loomis Grade,2017-12-12 00:02:18.568463
2017-03-31,18:15,57.6,57.5,26.6,30.3,0.0,S@0.6,3.5,52.3,0.0,20,"Loomis Grade, Okanogan County",330144,Loomis Grade,2017-12-12 00:02:18.568463
2017-03-31,18:30,56.4,56.2,28.1,33.5,0.0,SE@0.2,2.1,52.2,0.0,5,"Loomis Grade, Okanogan County",330144,Loomis Grade,2017-12-12 00:02:18.568463
2017-03-31,18:45,54.8,54.6,28.3,35.8,0.0,NW@0.4,1.7,52.2,0.0,1,"Loomis Grade, Okanogan County",330144,Loomis Grade,2017-12-12 00:02:18.568463
2017-03-31,19:00,54.2,54.0,27.9,36.1,0.0,NW@0.8,2.4,52.1,0.0,0,"Loomis Grade, Okanogan County",330144,Loomis Grade,2017-12-12 00:02:18.568463
2017-03-31,19:15,53.3,53.2,28.2,37.7,0.0,NW@1.7,2.4,52.0,0.0,0,"Loomis Grade, Okanogan County",330144,Loomis Grade,2017-12-12 00:02:18.568463
2017-03-31,19:30,52.8,52.6,28.2,38.6,0.0,W@1.1,2.8,51.9,0.0,0,"Loomis Grade, Okanogan County",330144,Loomis Grade,2017-12-12 00:02:18.568463
2017-03-31,19:45,52.7,52.5,29.2,40.3,0.0,SW@2.0,5.7,51.8,0.0,0,"Loomis Grade, Okanogan County",330144,Loomis Grade,2017-12-12 00:02:18.568463
2017-03-31,20:00,53.7,53.6,29.1,38.7,0.0,SW@4.2,5.3,51.7,0.0,0,"Loomis Grade, Okanogan County",330144,Loomis Grade,2017-12-12 00:02:18.568463
2017-03-31,20:15,53.9,53.9,29.3,38.6,0.0,SW@4.2,5.7,51.5,0.0,0,"Loomis Grade, Okanogan County",330144,Loomis Grade,2017-12-12 00:02:18.568463
2017-03-31,20:30,51.8,51.7,30.6,44.1,0.0,S@4.6,7.4,51.3,0.0,0,"Loomis Grade, Okanogan County",330144,Loomis Grade,2017-12-12 00:02:18.568463
2017-03-31,20:45,51.3,51.2,30.2,44.1,0.0,S@3.2,6.4,51.2,0.0,0,"Loomis Grade, Okanogan County",330144,Loomis Grade,2017-12-12 00:02:18.568463
2017-03-31,21:00,51.4,51.3,29.6,42.9,0.0,S@2.8,6.0,51.0,0.0,0,"Loomis Grade, Okanogan County",330144,Loomis Grade,2017-12-12 00:02:18.568463
2017-03-31,21:15,50.1,49.9,30.3,46.4,0.0,NW@3.4,5.3,50.8,0.0,0,"Loomis Grade, Okanogan County",330144,Loomis Grade,2017-12-12 00:02:18.568463
2017-03-31,21:30,48.6,48.4,31.7,51.9,0.0,NW@3.5,5.7,50.7,0.0,0,"Loomis Grade, Okanogan County",330144,Loomis Grade,2017-12-12 00:02:18.568463
2017-03-31,21:45,48.8,48.7,31.5,51.0,0.0,W@2.5,4.2,50.5,0.0,0,"Loomis Grade, Okanogan County",330144,Loomis Grade,2017-12-12 00:02:18.568463
2017-03-31,22:00,50.0,50.0,30.0,45.9,0.0,S@3.9,6.0,50.3,0.0,0,"Loomis Grade, Okanogan County",330144,Loomis Grade,2017-12-12 00:02:18.568463
2017-03-31,22:15,50.2,50.1,29.6,44.8,0.0,S@2.7,4.6,50.2,0.0,0,"Loomis Grade, Okanogan County",330144,Loomis Grade,2017-12-12 00:02:18.568463
2017-03-31,22:30,49.9,49.7,29.9,45.9,0.0,SW@1.7,3.5,50.0,0.0,0,"Loomis Grade, Okanogan County",330144,Loomis Grade,2017-12-12 00:02:18.568463
2017-03-31,22:45,50.4,50.3,30.1,45.4,0.0,SW@0.7,4.2,49.8,0.0,0,"Loomis Grade, Okanogan County",330144,Loomis Grade,2017-12-12 00:02:18.568463
2017-03-31,23:00,48.0,47.8,32.1,53.7,0.0,NW@1.9,3.1,49.7,0.0,0,"Loomis Grade, Okanogan County",330144,Loomis Grade,2017-12-12 00:02:18.568463
2017-04-01,23:15,48.8,48.6,31.1,50.2,0.0,SE@1.3,3.1,49.5,0.0,0,"Loomis Grade, Okanogan County",330144,Loomis Grade,2017-12-12 00:02:18.568463
2017-04-01,23:30,48.9,48.8,29.9,47.5,0.0,S@2.6,3.9,49.3,0.0,0,"Loomis Grade, Okanogan County",330144,Loomis Grade,2017-12-12 00:02:18.568463
2017-04-01,23:45,49.1,49.0,29.6,46.8,0.0,S@2.9,4.9,49.2,0.0,0,"Loomis Grade, Okanogan County",330144,Loomis Grade,2017-12-12 00:02:18.568463
2017-04-01,24:00,48.8,48.7,29.9,47.8,0.0,S@2.3,5.3,49.0,0.0,0,"Loomis Grade, Okanogan County",330144,Loomis Grade,2017-12-12 00:02:18.568463
2017-04-01,00:15,48.5,48.4,30.0,48.6,0.0,SW@2.7,5.3,48.9,0.0,0,"Loomis Grade, Okanogan County",330144,Loomis Grade,2017-12-12 00:02:18.568463
2017-04-01,00:30,49.1,49.0,30.1,47.5,0.0,S@1.7,4.2,48.8,0.0,0,"Loomis Grade, Okanogan County",330144,Loomis Grade,2017-12-12 00:02:18.568463
2017-04-01,00:45,48.7,48.6,30.6,49.4,0.0,S@2.6,4.6,48.6,0.0,0,"Loomis Grade, Okanogan County",330144,Loomis Grade,2017-12-12 00:02:18.568463
2017-04-01,01:00,48.4,48.3,31.0,50.6,0.0,S@2.2,4.2,48.5,0.0,0,"Loomis Grade, Okanogan County",330144,Loomis Grade,2017-12-12 00:02:18.568463
2017-04-01,01:15,48.6,48.4,31.9,52.3,0.0,S@0.9,2.4,48.3,0.0,0,"Loomis Grade, Okanogan County",330144,Loomis Grade,2017-12-12 00:02:18.568463
2017-04-01,01:30,48.1,48.0,33.2,56.1,0.0,W@1.4,4.2,48.2,0.0,0,"Loomis Grade, Okanogan County",330144,Loomis Grade,2017-12-12 00:02:18.568463
2017-04-01,01:45,49.1,49.0,33.3,54.3,0.0,SE@3.0,4.2,48.1,0.0,0,"Loomis Grade, Okanogan County",330144,Loomis Grade,2017-12-12 00:02:18.568463
2017-04-01,02:00,48.5,48.4,32.9,54.5,0.0,S@2.4,4.2,47.9,0.0,0,"Loomis Grade, Okanogan County",330144,Loomis Grade,2017-12-12 00:02:18.568463
2017-04-01,02:15,48.3,48.2,32.9,54.9,0.0,S@2.3,3.5,47.8,0.0,0,"Loomis Grade, Okanogan County",330144,Loomis Grade,2017-12-12 00:02:18.568463
2017-04-01,02:30,49.9,49.9,34.2,54.4,0.0,S@5.8,9.2,47.7,0.0,0,"Loomis Grade, Okanogan County",330144,Loomis Grade,2017-12-12 00:02:18.568463
2017-04-01,02:45,50.5,50.4,33.7,52.5,0.0,S@7.4,12.1,47.6,0.0,0,"Loomis Grade, Okanogan County",330144,Loomis Grade,2017-12-12 00:02:18.568463
2017-04-01,03:00,50.1,50.0,33.7,53.1,0.0,S@6.8,9.6,47.5,0.0,0,"Loomis Grade, Okanogan County",330144,Loomis Grade,2017-12-12 00:02:18.568463
2017-04-01,03:15,50.0,49.9,33.8,53.5,0.0,SW@5.1,7.4,47.4,0.0,0,"Loomis Grade, Okanogan County",330144,Loomis Grade,2017-12-12 00:02:18.568463
2017-04-01,03:30,50.2,50.1,34.0,53.6,0.0,S@5.4,8.2,47.4,0.0,0,"Loomis Grade, Okanogan County",330144,Loomis Grade,2017-12-12 00:02:18.568463
2017-04-01,03:45,50.0,49.9,34.1,54.2,0.0,S@5.5,8.9,47.3,0.0,0,"Loomis Grade, Okanogan County",330144,Loomis Grade,2017-12-12 00:02:18.568463
2017-04-01,04:00,49.8,49.8,34.2,54.8,0.0,S@4.4,6.7,47.2,0.0,0,"Loomis Grade, Okanogan County",330144,Loomis Grade,2017-12-12 00:02:18.568463
2017-04-01,04:15,49.7,49.6,34.3,55.3,0.0,S@3.5,4.9,47.1,0.0,0,"Loomis Grade, Okanogan County",330144,Loomis Grade,2017-12-12 00:02:18.568463
2017-04-01,04:30,49.4,49.3,34.4,56.0,0.0,S@4.7,9.2,47.1,0.0,0,"Loomis Grade, Okanogan County",330144,Loomis Grade,2017-12-12 00:02:18.568463
2017-04-01,04:45,49.4,49.4,34.1,55.3,0.0,S@4.6,8.2,47.0,0.0,0,"Loomis Grade, Okanogan County",330144,Loomis Grade,2017-12-12 00:02:18.568463
2017-04-01,05:00,49.5,49.5,33.8,54.5,0.0,SE@4.3,7.8,47.0,0.0,0,"Loomis Grade, Okanogan County",330144,Loomis Grade,2017-12-12 00:02:18.568463
2017-04-01,05:15,49.3,49.2,33.8,55.0,0.0,S@2.5,4.6,46.9,0.0,0,"Loomis Grade, Okanogan County",330144,Loomis Grade,2017-12-12 00:02:18.568463
2017-04-01,05:30,49.1,49.0,33.9,55.7,0.0,SE@3.2,5.3,46.9,0.0,0,"Loomis Grade, Okanogan County",330144,Loomis Grade,2017-12-12 00:02:18.568463
2017-04-01,05:45,48.8,48.7,34.1,56.6,0.0,E@2.9,4.6,46.8,0.0,2,"Loomis Grade, Okanogan County",330144,Loomis Grade,2017-12-12 00:02:18.568463
2017-04-01,06:00,48.3,48.1,34.2,58.1,0.0,S@1.9,4.9,46.7,0.0,10,"Loomis Grade, Okanogan County",330144,Loomis Grade,2017-12-12 00:02:18.568463
2017-04-01,06:15,48.5,48.4,34.2,57.4,0.0,S@5.1,8.2,46.7,0.0,23,"Loomis Grade, Okanogan County",330144,Loomis Grade,2017-12-12 00:02:18.568463
2017-04-01,06:30,48.8,48.7,34.4,57.4,0.0,S@4.3,7.1,46.6,0.0,43,"Loomis Grade, Okanogan County",330144,Loomis Grade,2017-12-12 00:02:18.568463
2017-04-01,06:45,48.8,48.7,34.6,57.8,0.0,S@4.0,6.0,46.6,0.0,66,"Loomis Grade, Okanogan County",330144,Loomis Grade,2017-12-12 00:02:18.568463
2017-04-01,07:00,49.0,48.9,34.6,57.5,0.0,S@3.6,6.0,46.5,0.0,76,"Loomis Grade, Okanogan County",330144,Loomis Grade,2017-12-12 00:02:18.568463
2017-04-01,07:15,49.5,49.4,34.5,56.1,0.0,S@3.5,7.4,46.5,0.0,105,"Loomis Grade, Okanogan County",330144,Loomis Grade,2017-12-12 00:02:18.568463
2017-04-01,07:30,49.9,49.8,34.3,54.7,0.0,SE@5.6,9.2,46.4,0.0,121,"Loomis Grade, Okanogan County",330144,Loomis Grade,2017-12-12 00:02:18.568463
2017-04-01,07:45,50.1,50.0,34.7,55.1,0.0,SE@6.1,10.7,46.4,0.0,183,"Loomis Grade, Okanogan County",330144,Loomis Grade,2017-12-12 00:02:18.568463
2017-04-01,08:00,50.4,50.3,34.6,54.5,0.0,SE@7.8,11.7,46.3,0.0,184,"Loomis Grade, Okanogan County",330144,Loomis Grade,2017-12-12 00:02:18.568463
2017-04-01,08:15,51.3,51.2,35.0,53.5,0.0,SE@8.0,12.4,46.3,0.0,311,"Loomis Grade, Okanogan County",330144,Loomis Grade,2017-12-12 00:02:18.568463
2017-04-01,08:30,52.3,52.1,35.2,51.9,0.0,S@8.3,12.8,46.3,0.0,362,"Loomis Grade, Okanogan County",330144,Loomis Grade,2017-12-12 00:02:18.568463
2017-04-01,08:45,52.5,52.4,35.1,51.3,0.0,S@7.1,11.7,46.3,0.0,324,"Loomis Grade, Okanogan County",330144,Loomis Grade,2017-12-12 00:02:18.568463
2017-04-01,09:00,53.0,52.8,35.1,50.5,0.0,S@7.8,13.9,46.3,0.0,401,"Loomis Grade, Okanogan County",330144,Loomis Grade,2017-12-12 00:02:18.568463
2017-04-01,09:15,53.4,53.2,35.2,50.0,0.0,S@6.7,10.7,46.3,0.0,341,"Loomis Grade, Okanogan County",330144,Loomis Grade,2017-12-12 00:02:18.568463
2017-04-01,09:30,54.0,53.9,35.7,49.8,0.0,S@8.2,12.4,46.4,0.0,523,"Loomis Grade, Okanogan County",330144,Loomis Grade,2017-12-12 00:02:18.568463
2017-04-01,09:45,55.0,54.8,35.6,47.8,0.0,S@9.1,13.5,46.5,0.0,643,"Loomis Grade, Okanogan County",330144,Loomis Grade,2017-12-12 00:02:18.568463
2017-04-01,10:00,55.7,55.5,35.7,46.9,0.0,S@9.0,15.7,46.7,0.0,692,"Loomis Grade, Okanogan County",330144,Loomis Grade,2017-12-12 00:02:18.568463
2017-04-01,10:15,55.1,54.9,35.2,46.9,0.0,S@10.1,16.0,46.8,0.0,493,"Loomis Grade, Okanogan County",330144,Loomis Grade,2017-12-12 00:02:18.568463
2017-04-01,10:30,54.7,54.6,34.9,46.9,0.0,SE@9.7,15.0,47.0,0.0,380,"Loomis Grade, Okanogan County",330144,Loomis Grade,2017-12-12 00:02:18.568463
2017-04-01,10:45,55.2,55.0,35.4,47.1,0.0,S@8.5,13.5,47.3,0.0,504,"Loomis Grade, Okanogan County",330144,Loomis Grade,2017-12-12 00:02:18.568463
2017-04-01,11:00,55.7,55.5,35.3,46.0,0.0,S@7.8,13.9,47.6,0.0,562,"Loomis Grade, Okanogan County",330144,Loomis Grade,2017-12-12 00:02:18.568463
2017-04-01,11:15,56.0,55.8,35.1,45.1,0.0,S@6.1,11.4,47.8,0.0,391,"Loomis Grade, Okanogan County",330144,Loomis Grade,2017-12-12 00:02:18.568463
2017-04-01,11:30,57.1,56.9,35.3,43.8,0.0,SE@3.2,8.5,48.1,0.0,465,"Loomis Grade, Okanogan County",330144,Loomis Grade,2017-12-12 00:02:18.568463
2017-04-01,11:45,58.1,57.9,35.8,43.1,0.0,SE@4.8,9.2,48.4,0.0,743,"Loomis Grade, Okanogan County",330144,Loomis Grade,2017-12-12 00:02:18.568463
2017-04-01,12:00,58.8,58.7,35.9,42.1,0.0,S@5.0,10.3,48.7,0.0,707,"Loomis Grade, Okanogan County",330144,Loomis Grade,2017-12-12 00:02:18.568463
2017-04-01,12:15,58.1,58.0,35.4,42.4,0.0,SE@5.1,8.9,49.0,0.0,445,"Loomis Grade, Okanogan County",330144,Loomis Grade,2017-12-12 00:02:18.568463
2017-04-01,12:30,58.6,58.5,35.8,42.2,0.0,SE@6.3,11.7,49.3,0.0,506,"Loomis Grade, Okanogan County",330144,Loomis Grade,2017-12-12 00:02:18.568463
2017-04-01,12:45,60.0,59.9,36.1,40.7,0.0,SE@4.2,8.9,49.6,0.0,727,"Loomis Grade, Okanogan County",330144,Loomis Grade,2017-12-12 00:02:18.568463
2017-04-01,13:00,59.8,59.6,36.0,41.0,0.0,SE@4.4,9.2,50.0,0.0,606,"Loomis Grade, Okanogan County",330144,Loomis Grade,2017-12-12 00:02:18.568463
2017-04-01,13:15,60.4,60.1,36.6,41.0,0.0,SE@4.1,7.8,50.3,0.0,538,"Loomis Grade, Okanogan County",330144,Loomis Grade,2017-12-12 00:02:18.568463
2017-04-01,13:30,60.5,60.3,36.3,40.4,0.0,E@4.7,8.2,50.7,0.0,551,"Loomis Grade, Okanogan County",330144,Loomis Grade,2017-12-12 00:02:18.568463
2017-04-01,13:45,62.0,61.8,37.1,39.5,0.0,S@4.3,7.8,51.1,0.0,677,"Loomis Grade, Okanogan County",330144,Loomis Grade,2017-12-12 00:02:18.568463
2017-04-01,14:00,62.2,62.0,36.7,38.6,0.0,S@4.0,7.1,51.4,0.0,643,"Loomis Grade, Okanogan County",330144,Loomis Grade,2017-12-12 00:02:18.568463
2017-04-01,14:15,63.1,62.9,37.1,37.9,0.0,S@4.0,6.7,51.8,0.0,573,"Loomis Grade, Okanogan County",330144,Loomis Grade,2017-12-12 00:02:18.568463
2017-04-01,14:30,63.6,63.4,36.4,36.3,0.0,S@3.5,5.3,52.1,0.0,580,"Loomis Grade, Okanogan County",330144,Loomis Grade,2017-12-12 00:02:18.568463
2017-04-01,14:45,64.4,64.6,36.5,35.5,0.0,SE@3.2,5.7,52.5,0.0,570,"Loomis Grade, Okanogan County",330144,Loomis Grade,2017-12-12 00:02:18.568463
2017-04-01,15:00,64.4,63.8,35.5,34.1,0.0,N@3.2,6.4,52.9,0.0,538,"Loomis Grade, Okanogan County",330144,Loomis Grade,2017-12-12 00:02:18.568463
2017-04-01,15:15,64.5,64.0,34.6,32.8,0.0,N@3.5,8.5,53.2,0.0,503,"Loomis Grade, Okanogan County",330144,Loomis Grade,2017-12-12 00:02:18.568463
2017-04-01,15:30,64.3,63.9,34.0,32.2,0.0,NW@3.8,7.8,53.6,0.0,469,"Loomis Grade, Okanogan County",330144,Loomis Grade,2017-12-12 00:02:18.568463
2017-04-01,15:45,64.6,63.9,33.9,31.8,0.0,NW@3.2,6.4,53.9,0.0,428,"Loomis Grade, Okanogan County",330144,Loomis Grade,2017-12-12 00:02:18.568463
2017-04-01,16:00,65.6,65.4,34.4,31.3,0.0,N@2.9,6.4,54.2,0.0,389,"Loomis Grade, Okanogan County",330144,Loomis Grade,2017-12-12 00:02:18.568463
2017-04-01,16:15,64.6,64.2,33.6,31.3,0.0,N@3.9,7.4,54.5,0.0,349,"Loomis Grade, Okanogan County",330144,Loomis Grade,2017-12-12 00:02:18.568463
2017-04-01,16:30,65.3,64.8,33.1,29.9,0.0,NW@2.1,3.5,54.8,0.0,308,"Loomis Grade, Okanogan County",330144,Loomis Grade,2017-12-12 00:02:18.568463
2017-04-01,16:45,65.1,64.9,33.6,30.8,0.0,NE@2.1,4.6,55.1,0.0,251,"Loomis Grade, Okanogan County",330144,Loomis Grade,2017-12-12 00:02:18.568463
2017-04-01,17:00,64.5,64.4,34.6,32.8,0.0,N@3.2,6.4,55.3,0.0,219,"Loomis Grade, Okanogan County",330144,Loomis Grade,2017-12-12 00:02:18.568463
2017-04-01,17:15,63.0,62.7,34.1,33.7,0.0,N@5.0,8.5,55.5,0.0,86,"Loomis Grade, Okanogan County",330144,Loomis Grade,2017-12-12 00:02:18.568463
2017-04-01,17:30,61.9,61.7,33.6,34.5,0.0,N@4.6,7.8,55.7,0.0,94,"Loomis Grade, Okanogan County",330144,Loomis Grade,2017-12-12 00:02:18.568463
2017-04-01,17:45,62.1,61.8,35.4,36.8,0.0,NW@1.8,4.6,55.8,0.0,99,"Loomis Grade, Okanogan County",330144,Loomis Grade,2017-12-12 00:02:18.568463
2017-04-01,18:00,60.5,60.1,35.5,39.1,0.0,NW@2.0,4.2,55.9,0.0,36,"Loomis Grade, Okanogan County",330144,Loomis Grade,2017-12-12 00:02:18.568463
2017-04-01,18:15,59.1,58.9,34.7,39.9,0.0,NW@3.2,5.3,55.9,0.0,16,"Loomis Grade, Okanogan County",330144,Loomis Grade,2017-12-12 00:02:18.568463
2017-04-01,18:30,58.1,58.0,34.8,41.3,0.0,NW@4.2,6.4,55.9,0.0,10,"Loomis Grade, Okanogan County",330144,Loomis Grade,2017-12-12 00:02:18.568463
2017-04-01,18:45,57.3,57.2,36.2,45.1,0.0,NW@5.6,7.1,55.9,0.0,3,"Loomis Grade, Okanogan County",330144,Loomis Grade,2017-12-12 00:02:18.568463
2017-04-01,19:00,57.9,57.9,34.8,41.8,0.0,W@5.3,9.9,55.8,0.0,0,"Loomis Grade, Okanogan County",330144,Loomis Grade,2017-12-12 00:02:18.568463
2017-04-01,19:15,57.3,57.2,34.8,42.7,0.0,NW@5.9,8.2,55.7,0.0,0,"Loomis Grade, Okanogan County",330144,Loomis Grade,2017-12-12 00:02:18.568463
2017-04-01,19:30,56.4,56.3,32.3,39.8,0.0,NW@6.0,8.9,55.6,0.0,0,"Loomis Grade, Okanogan County",330144,Loomis Grade,2017-12-12 00:02:18.568463
2017-04-01,19:45,56.0,56.0,30.4,37.4,0.0,NW@7.2,11.0,55.4,0.0,0,"Loomis Grade, Okanogan County",330144,Loomis Grade,2017-12-12 00:02:18.568463
2017-04-01,20:00,55.6,55.7,28.1,34.5,0.0,NW@8.1,13.5,55.2,0.0,0,"Loomis Grade, Okanogan County",330144,Loomis Grade,2017-12-12 00:02:18.568463
2017-04-01,20:15,56.6,56.6,25.9,30.4,0.0,N@7.8,11.7,55.0,0.0,0,"Loomis Grade, Okanogan County",330144,Loomis Grade,2017-12-12 00:02:18.568463
2017-04-01,20:30,55.7,55.6,26.1,31.7,0.0,N@6.7,10.7,54.8,0.0,0,"Loomis Grade, Okanogan County",330144,Loomis Grade,2017-12-12 00:02:18.568463
2017-04-01,20:45,54.2,54.1,26.7,34.3,0.0,N@5.6,11.4,54.6,0.0,0,"Loomis Grade, Okanogan County",330144,Loomis Grade,2017-12-12 00:02:18.568463
2017-04-01,21:00,53.4,53.4,25.9,34.2,0.0,N@3.7,8.5,54.4,0.0,0,"Loomis Grade, Okanogan County",330144,Loomis Grade,2017-12-12 00:02:18.568463
2017-04-01,21:15,53.3,53.2,25.5,33.7,0.0,N@3.1,6.0,54.2,0.0,0,"Loomis Grade, Okanogan County",330144,Loomis Grade,2017-12-12 00:02:18.568463
2017-04-01,21:30,52.9,52.7,25.1,33.7,0.0,NW@3.0,5.7,54.0,0.0,0,"Loomis Grade, Okanogan County",330144,Loomis Grade,2017-12-12 00:02:18.568463
2017-04-01,21:45,49.8,49.6,26.7,40.5,0.0,NW@3.3,4.6,53.8,0.0,0,"Loomis Grade, Okanogan County",330144,Loomis Grade,2017-12-12 00:02:18.568463
2017-04-01,22:00,49.9,49.8,26.3,39.5,0.0,NW@3.7,5.3,53.6,0.0,0,"Loomis Grade, Okanogan County",330144,Loomis Grade,2017-12-12 00:02:18.568463
2017-04-01,22:15,49.7,49.6,26.2,39.8,0.0,NW@3.8,6.0,53.3,0.0,0,"Loomis Grade, Okanogan County",330144,Loomis Grade,2017-12-12 00:02:18.568463
2017-04-01,22:30,50.7,50.7,25.3,36.8,0.0,NW@3.2,7.4,53.1,0.0,0,"Loomis Grade, Okanogan County",330144,Loomis Grade,2017-12-12 00:02:18.568463
2017-04-01,22:45,49.3,49.0,25.9,39.9,0.0,N@1.9,3.5,52.9,0.0,0,"Loomis Grade, Okanogan County",330144,Loomis Grade,2017-12-12 00:02:18.568463
2017-04-01,23:00,47.7,47.5,26.2,42.7,0.0,NW@3.4,5.3,52.7,0.0,0,"Loomis Grade, Okanogan County",330144,Loomis Grade,2017-12-12 00:02:18.568463
2017-04-02,23:15,48.5,48.4,25.5,40.4,0.0,NW@5.0,6.7,52.4,0.0,0,"Loomis Grade, Okanogan County",330144,Loomis Grade,2017-12-12 00:02:18.568463
2017-04-02,23:30,45.5,45.2,27.5,49.2,0.0,NW@4.4,7.1,52.2,0.0,0,"Loomis Grade, Okanogan County",330144,Loomis Grade,2017-12-12 00:02:18.568463
2017-04-02,23:45,46.0,46.0,26.5,46.1,0.0,NW@6.0,9.9,52.0,0.0,0,"Loomis Grade, Okanogan County",330144,Loomis Grade,2017-12-12 00:02:18.568463
2017-04-02,24:00,45.1,45.0,26.9,48.6,0.0,W@4.1,6.4,51.7,0.0,0,"Loomis Grade, Okanogan County",330144,Loomis Grade,2017-12-12 00:02:18.568463
2017-04-02,00:15,45.2,45.1,26.6,47.9,0.0,W@4.3,8.2,51.5,0.0,0,"Loomis Grade, Okanogan County",330144,Loomis Grade,2017-12-12 00:02:18.568463
2017-04-02,00:30,43.9,43.7,26.6,50.3,0.0,W@2.6,5.7,51.3,0.0,0,"Loomis Grade, Okanogan County",330144,Loomis Grade,2017-12-12 00:02:18.568463
2017-04-02,00:45,43.9,43.8,26.5,50.1,0.0,SW@3.8,7.1,51.1,0.0,0,"Loomis Grade, Okanogan County",330144,Loomis Grade,2017-12-12 00:02:18.568463
2017-04-02,01:00,43.9,43.8,26.4,49.8,0.0,SW@2.4,4.6,50.8,0.0,0,"Loomis Grade, Okanogan County",330144,Loomis Grade,2017-12-12 00:02:18.568463
2017-04-02,01:15,43.2,43.0,26.6,51.8,0.0,W@1.8,4.2,50.6,0.0,0,"Loomis Grade, Okanogan County",330144,Loomis Grade,2017-12-12 00:02:18.568463
2017-04-02,01:30,42.1,41.8,26.9,54.6,0.0,N@2.3,3.9,50.4,0.0,0,"Loomis Grade, Okanogan County",330144,Loomis Grade,2017-12-12 00:02:18.568463
2017-04-02,01:45,42.3,42.0,26.5,53.4,0.0,SW@2.2,3.5,50.2,0.0,0,"Loomis Grade, Okanogan County",330144,Loomis Grade,2017-12-12 00:02:18.568463
2017-04-02,02:00,41.2,41.1,27.0,56.8,0.0,S@3.7,6.4,50.0,0.0,0,"Loomis Grade, Okanogan County",330144,Loomis Grade,2017-12-12 00:02:18.568463
2017-04-02,02:15,42.8,42.7,26.4,51.9,0.0,S@4.5,7.1,49.8,0.0,0,"Loomis Grade, Okanogan County",330144,Loomis Grade,2017-12-12 00:02:18.568463
2017-04-02,02:30,41.8,41.7,26.7,54.7,0.0,SW@3.8,7.4,49.6,0.0,0,"Loomis Grade, Okanogan County",330144,Loomis Grade,2017-12-12 00:02:18.568463
2017-04-02,02:45,42.4,42.3,26.3,52.5,0.0,W@4.3,8.2,49.4,0.0,0,"Loomis Grade, Okanogan County",330144,Loomis Grade,2017-12-12 00:02:18.568463
2017-04-02,03:00,41.7,41.5,26.7,55.1,0.0,NW@5.6,8.5,49.2,0.0,0,"Loomis Grade, Okanogan County",330144,Loomis Grade,2017-12-12 00:02:18.568463
2017-04-02,03:15,39.4,39.2,27.4,61.9,0.0,W@2.6,6.4,49.0,0.0,0,"Loomis Grade, Okanogan County",330144,Loomis Grade,2017-12-12 00:02:18.568463
2017-04-02,03:30,39.7,39.7,27.1,60.3,0.0,S@6.5,10.3,48.8,0.0,0,"Loomis Grade, Okanogan County",330144,Loomis Grade,2017-12-12 00:02:18.568463
2017-04-02,03:45,39.5,39.4,27.0,60.5,0.0,NE@5.0,11.0,48.6,0.0,0,"Loomis Grade, Okanogan County",330144,Loomis Grade,2017-12-12 00:02:18.568463
2017-04-02,04:00,37.7,37.5,27.9,67.3,0.0,N@3.1,5.7,48.4,0.0,0,"Loomis Grade, Okanogan County",330144,Loomis Grade,2017-12-12 00:02:18.568463
2017-04-02,04:15,37.2,37.0,27.4,67.4,0.0,NW@2.1,4.6,48.2,0.0,0,"Loomis Grade, Okanogan County",330144,Loomis Grade,2017-12-12 00:02:18.568463
2017-04-02,04:30,38.9,38.6,25.8,59.2,0.0,N@2.7,4.2,48.0,0.0,0,"Loomis Grade, Okanogan County",330144,Loomis Grade,2017-12-12 00:02:18.568463
2017-04-02,04:45,40.0,39.8,25.6,55.9,0.0,SW@3.6,6.0,47.8,0.0,0,"Loomis Grade, Okanogan County",330144,Loomis Grade,2017-12-12 00:02:18.568463
2017-04-02,05:00,40.4,40.2,24.5,52.8,0.0,W@2.5,4.6,47.7,0.0,0,"Loomis Grade, Okanogan County",330144,Loomis Grade,2017-12-12 00:02:18.568463
2017-04-02,05:15,39.1,39.0,25.8,58.6,0.0,S@4.2,8.2,47.5,0.0,0,"Loomis Grade, Okanogan County",330144,Loomis Grade,2017-12-12 00:02:18.568463
2017-04-02,05:30,40.5,40.4,24.9,53.5,0.0,S@5.1,8.2,47.3,0.0,2,"Loomis Grade, Okanogan County",330144,Loomis Grade,2017-12-12 00:02:18.568463
2017-04-02,05:45,39.6,39.5,25.4,56.5,0.0,S@4.8,7.1,47.1,0.0,6,"Loomis Grade, Okanogan County",330144,Loomis Grade,2017-12-12 00:02:18.568463
2017-04-02,06:00,39.3,39.2,24.9,55.9,0.0,N@3.3,6.0,46.9,0.0,13,"Loomis Grade, Okanogan County",330144,Loomis Grade,2017-12-12 00:02:18.568463
2017-04-02,06:15,38.6,38.3,25.1,57.9,0.0,NW@3.0,5.3,46.7,0.0,52,"Loomis Grade, Okanogan County",330144,Loomis Grade,2017-12-12 00:02:18.568463
2017-04-02,06:30,40.9,40.6,25.4,53.8,0.0,SW@2.6,4.9,46.6,0.0,104,"Loomis Grade, Okanogan County",330144,Loomis Grade,2017-12-12 00:02:18.568463
2017-04-02,06:45,43.4,43.1,25.5,49.0,0.0,S@1.9,3.1,46.4,0.0,148,"Loomis Grade, Okanogan County",330144,Loomis Grade,2017-12-12 00:02:18.568463
2017-04-02,07:00,42.7,42.4,26.5,52.3,0.0,N@3.5,6.4,46.2,0.0,134,"Loomis Grade, Okanogan County",330144,Loomis Grade,2017-12-12 00:02:18.568463
2017-04-02,07:15,40.8,40.6,27.8,59.4,0.0,N@4.3,6.7,46.0,0.0,176,"Loomis Grade, Okanogan County",330144,Loomis Grade,2017-12-12 00:02:18.568463
2017-04-02,07:30,44.0,43.7,26.8,50.5,0.0,NW@2.7,4.2,45.9,0.0,254,"Loomis Grade, Okanogan County",330144,Loomis Grade,2017-12-12 00:02:18.568463
2017-04-02,07:45,44.9,44.7,28.4,52.1,0.0,N@5.5,12.8,45.8,0.0,267,"Loomis Grade, Okanogan County",330144,Loomis Grade,2017-12-12 00:02:18.568463
2017-04-02,08:00,44.6,44.4,29.2,54.4,0.0,N@15.6,23.5,45.6,0.0,158,"Loomis Grade, Okanogan County",330144,Loomis Grade,2017-12-12 00:02:18.568463
2017-04-02,08:15,43.8,43.6,30.9,60.3,0.0,N@14.0,20.3,45.6,0.0,268,"Loomis Grade, Okanogan County",330144,Loomis Grade,2017-12-12 00:02:18.568463
2017-04-02,08:30,46.0,45.7,29.8,53.0,0.0,N@11.5,16.7,45.5,0.0,356,"Loomis Grade, Okanogan County",330144,Loomis Grade,2017-12-12 00:02:18.568463
2017-04-02,08:45,47.0,46.7,28.1,47.6,0.0,N@9.2,15.3,45.5,0.0,342,"Loomis Grade, Okanogan County",330144,Loomis Grade,2017-12-12 00:02:18.568463
2017-04-02,09:00,48.1,47.7,27.8,45.0,0.0,N@7.4,13.2,45.5,0.0,524,"Loomis Grade, Okanogan County",330144,Loomis Grade,2017-12-12 00:02:18.568463
2017-04-02,09:15,48.8,48.4,27.1,42.7,0.0,N@7.5,12.1,45.5,0.0,560,"Loomis Grade, Okanogan County",330144,Loomis Grade,2017-12-12 00:02:18.568463
2017-04-02,09:30,49.3,48.8,26.6,41.1,0.0,N@8.5,15.0,45.5,0.0,577,"Loomis Grade, Okanogan County",330144,Loomis Grade,2017-12-12 00:02:18.568463
2017-04-02,09:45,49.3,48.9,25.7,39.5,0.0,N@8.4,13.5,45.6,0.0,608,"Loomis Grade, Okanogan County",330144,Loomis Grade,2017-12-12 00:02:18.568463
2017-04-02,10:00,49.7,49.4,25.0,37.8,0.0,N@9.7,16.0,45.7,0.0,637,"Loomis Grade, Okanogan County",330144,Loomis Grade,2017-12-12 00:02:18.568463
2017-04-02,10:15,50.4,50.0,25.3,37.2,0.0,N@7.8,13.2,45.8,0.0,660,"Loomis Grade, Okanogan County",330144,Loomis Grade,2017-12-12 00:02:18.568463
2017-04-02,10:30,50.7,50.2,25.0,36.5,0.0,N@7.3,12.1,46.0,0.0,689,"Loomis Grade, Okanogan County",330144,Loomis Grade,2017-12-12 00:02:18.568463
2017-04-02,10:45,51.8,51.4,24.5,34.2,0.0,N@7.9,14.6,46.2,0.0,736,"Loomis Grade, Okanogan County",330144,Loomis Grade,2017-12-12 00:02:18.568463
2017-04-02,11:00,52.1,51.7,24.3,33.5,0.0,N@7.5,14.2,46.4,0.0,707,"Loomis Grade, Okanogan County",330144,Loomis Grade,2017-12-12 00:02:18.568463
2017-04-02,11:15,53.2,52.8,24.2,32.1,0.0,N@8.3,15.3,46.6,0.0,809,"Loomis Grade, Okanogan County",330144,Loomis Grade,2017-12-12 00:02:18.568463
2017-04-02,11:30,52.6,52.3,24.7,33.5,0.0,N@7.8,13.9,46.9,0.0,623,"Loomis Grade, Okanogan County",330144,Loomis Grade,2017-12-12 00:02:18.568463
2017-04-02,11:45,53.4,53.0,23.9,31.5,0.0,N@8.3,13.5,47.2,0.0,705,"Loomis Grade, Okanogan County",330144,Loomis Grade,2017-12-12 00:02:18.568463
2017-04-02,12:00,52.4,52.1,23.4,32.0,0.0,N@7.1,12.1,47.5,0.0,375,"Loomis Grade, Okanogan County",330144,Loomis Grade,2017-12-12 00:02:18.568463
2017-04-02,12:15,53.4,53.1,23.9,31.5,0.0,N@6.8,11.0,47.9,0.0,428,"Loomis Grade, Okanogan County",330144,Loomis Grade,2017-12-12 00:02:18.568463
2017-04-02,12:30,53.5,53.1,22.8,29.9,0.0,N@6.4,11.4,48.2,0.0,650,"Loomis Grade, Okanogan County",330144,Loomis Grade,2017-12-12 00:02:18.568463
2017-04-02,12:45,54.1,53.7,22.8,29.3,0.0,N@5.7,11.0,48.6,0.0,545,"Loomis Grade, Okanogan County",330144,Loomis Grade,2017-12-12 00:02:18.568463
2017-04-02,13:00,53.8,53.4,23.7,30.8,0.0,N@9.0,14.2,48.9,0.0,620,"Loomis Grade, Okanogan County",330144,Loomis Grade,2017-12-12 00:02:18.568463
2017-04-02,13:15,54.1,53.6,24.5,31.4,0.0,N@10.3,17.5,49.2,0.0,743,"Loomis Grade, Okanogan County",330144,Loomis Grade,2017-12-12 00:02:18.568463
2017-04-02,13:30,53.1,52.8,24.2,32.2,0.01,N@9.2,15.3,49.5,0.0,446,"Loomis Grade, Okanogan County",330144,Loomis Grade,2017-12-12 00:02:18.568463
2017-04-02,13:45,52.8,52.5,24.9,33.5,0.18,N@9.4,13.5,49.8,0.0,389,"Loomis Grade, Okanogan County",330144,Loomis Grade,2017-12-12 00:02:18.568463
2017-04-02,14:00,52.4,52.2,22.7,31.0,0.0,N@9.1,14.2,50.1,0.0,306,"Loomis Grade, Okanogan County",330144,Loomis Grade,2017-12-12 00:02:18.568463
2017-04-02,14:15,52.8,52.5,24.2,32.7,0.0,N@10.4,16.7,50.4,0.0,384,"Loomis Grade, Okanogan County",330144,Loomis Grade,2017-12-12 00:02:18.568463
2017-04-02,14:30,52.9,52.7,24.3,32.6,0.0,N@8.7,13.5,50.6,0.0,368,"Loomis Grade, Okanogan County",330144,Loomis Grade,2017-12-12 00:02:18.568463
2017-04-02,14:45,53.1,52.8,24.6,32.8,0.0,N@8.5,15.3,50.8,0.0,345,"Loomis Grade, Okanogan County",330144,Loomis Grade,2017-12-12 00:02:18.568463
2017-04-02,15:00,51.4,51.3,24.3,34.4,0.0,N@10.2,16.0,51.0,0.0,127,"Loomis Grade, Okanogan County",330144,Loomis Grade,2017-12-12 00:02:18.568463
2017-04-02,15:15,50.9,50.8,25.7,37.2,0.0,N@6.1,11.4,51.2,0.0,124,"Loomis Grade, Okanogan County",330144,Loomis Grade,2017-12-12 00:02:18.568463
2017-04-02,15:30,51.3,51.1,25.7,36.7,0.0,N@9.4,15.0,51.3,0.0,208,"Loomis Grade, Okanogan County",330144,Loomis Grade,2017-12-12 00:02:18.568463
2017-04-02,15:45,50.1,49.9,27.8,41.8,0.43,N@10.5,16.0,51.4,0.0,184,"Loomis Grade, Okanogan County",330144,Loomis Grade,2017-12-12 00:02:18.568463
2017-04-02,16:00,50.8,50.6,27.2,39.7,0.14,N@8.1,12.8,51.5,0.0,298,"Loomis Grade, Okanogan County",330144,Loomis Grade,2017-12-12 00:02:18.568463
2017-04-02,16:15,50.6,50.5,25.5,37.3,0.0,N@9.2,15.0,51.5,0.0,139,"Loomis Grade, Okanogan County",330144,Loomis Grade,2017-12-12 00:02:18.568463
2017-04-02,16:30,50.6,50.5,25.9,37.8,0.0,N@10.0,15.3,51.5,0.0,199,"Loomis Grade, Okanogan County",330144,Loomis Grade,2017-12-12 00:02:18.568463
2017-04-02,16:45,50.2,50.1,25.1,37.2,0.0,N@9.9,14.6,51.5,0.0,137,"Loomis Grade, Okanogan County",330144,Loomis Grade,2017-12-12 00:02:18.568463
2017-04-02,17:00,49.7,49.6,26.1,39.5,0.0,N@11.2,20.3,51.5,0.0,98,"Loomis Grade, Okanogan County",330144,Loomis Grade,2017-12-12 00:02:18.568463
2017-04-02,17:15,47.6,47.4,28.6,47.5,0.0,N@13.7,21.8,51.5,0.0,77,"Loomis Grade, Okanogan County",330144,Loomis Grade,2017-12-12 00:02:18.568463
2017-04-02,17:30,46.5,46.4,29.8,51.8,0.0,N@12.8,18.9,51.4,0.0,82,"Loomis Grade, Okanogan County",330144,Loomis Grade,2017-12-12 00:02:18.568463
2017-04-02,17:45,46.1,46.0,29.8,52.6,0.0,N@11.8,21.0,51.4,0.0,52,"Loomis Grade, Okanogan County",330144,Loomis Grade,2017-12-12 00:02:18.568463
2017-04-02,18:00,46.1,46.0,27.8,48.6,0.05,N@10.0,15.7,51.3,0.0,38,"Loomis Grade, Okanogan County",330144,Loomis Grade,2017-12-12 00:02:18.568463
2017-04-02,18:15,46.2,46.1,27.2,47.2,0.02,N@11.0,22.1,51.2,0.0,16,"Loomis Grade, Okanogan County",330144,Loomis Grade,2017-12-12 00:02:18.568463
2017-04-02,18:30,43.9,43.7,30.5,58.9,0.0,N@16.0,28.2,51.1,0.0,6,"Loomis Grade, Okanogan County",330144,Loomis Grade,2017-12-12 00:02:18.568463
2017-04-02,18:45,42.7,42.6,32.0,65.5,0.0,N@10.4,21.0,51.0,0.0,1,"Loomis Grade, Okanogan County",330144,Loomis Grade,2017-12-12 00:02:18.568463
2017-04-02,19:00,42.6,42.5,32.2,66.5,0.0,N@9.1,15.7,50.9,0.0,0,"Loomis Grade, Okanogan County",330144,Loomis Grade,2017-12-12 00:02:18.568463
2017-04-02,19:15,43.2,43.2,31.0,61.8,0.0,N@7.6,12.1,50.7,0.0,0,"Loomis Grade, Okanogan County",330144,Loomis Grade,2017-12-12 00:02:18.568463
2017-04-02,19:30,43.1,43.0,31.2,62.6,0.0,N@5.5,9.6,50.6,0.0,0,"Loomis Grade, Okanogan County",330144,Loomis Grade,2017-12-12 00:02:18.568463
2017-04-02,19:45,42.7,42.6,30.8,62.5,0.0,N@7.1,13.2,50.4,0.0,0,"Loomis Grade, Okanogan County",330144,Loomis Grade,2017-12-12 00:02:18.568463
2017-04-02,20:00,42.7,42.6,30.4,61.5,0.0,N@9.0,12.8,50.3,0.0,0,"Loomis Grade, Okanogan County",330144,Loomis Grade,2017-12-12 00:02:18.568463
2017-04-02,20:15,42.5,42.4,30.7,62.9,0.0,N@8.9,13.9,50.1,0.0,0,"Loomis Grade, Okanogan County",330144,Loomis Grade,2017-12-12 00:02:18.568463
2017-04-02,20:30,41.9,41.8,31.1,65.2,0.0,N@11.8,17.1,50.0,0.0,0,"Loomis Grade, Okanogan County",330144,Loomis Grade,2017-12-12 00:02:18.568463
2017-04-02,20:45,41.3,41.2,31.3,67.3,0.0,N@10.4,15.7,49.8,0.0,0,"Loomis Grade, Okanogan County",330144,Loomis Grade,2017-12-12 00:02:18.568463
2017-04-02,21:00,41.1,41.0,30.9,66.7,0.0,N@8.5,12.1,49.6,0.0,0,"Loomis Grade, Okanogan County",330144,Loomis Grade,2017-12-12 00:02:18.568463
2017-04-02,21:15,41.1,41.0,30.2,65.0,0.0,NW@7.8,12.1,49.5,0.0,0,"Loomis Grade, Okanogan County",330144,Loomis Grade,2017-12-12 00:02:18.568463
2017-04-02,21:30,40.9,40.8,29.3,63.1,0.0,N@6.3,10.3,49.3,0.0,0,"Loomis Grade, Okanogan County",330144,Loomis Grade,2017-12-12 00:02:18.568463
2017-04-02,21:45,39.5,39.4,30.0,68.3,0.0,NW@6.5,9.2,49.1,0.0,0,"Loomis Grade, Okanogan County",330144,Loomis Grade,2017-12-12 00:02:18.568463
2017-04-02,22:00,40.1,40.1,29.8,66.4,0.0,NW@7.4,9.9,49.0,0.0,0,"Loomis Grade, Okanogan County",330144,Loomis Grade,2017-12-12 00:02:18.568463
2017-04-02,22:15,39.9,39.8,29.6,66.2,0.0,NW@6.0,8.9,48.8,0.0,0,"Loomis Grade, Okanogan County",330144,Loomis Grade,2017-12-12 00:02:18.568463
2017-04-02,22:30,39.6,39.5,29.4,66.6,0.0,NW@6.2,8.2,48.6,0.0,0,"Loomis Grade, Okanogan County",330144,Loomis Grade,2017-12-12 00:02:18.568463
2017-04-02,22:45,38.6,38.5,29.2,68.8,0.0,NW@4.6,7.8,48.5,0.0,0,"Loomis Grade, Okanogan County",330144,Loomis Grade,2017-12-12 00:02:18.568463
2017-04-02,23:00,38.3,38.3,29.3,69.6,0.0,NW@5.6,7.8,48.3,0.0,0,"Loomis Grade, Okanogan County",330144,Loomis Grade,2017-12-12 00:02:18.568463
2017-04-03,23:15,38.8,38.7,29.6,69.1,0.0,NW@6.0,8.9,48.1,0.0,0,"Loomis Grade, Okanogan County",330144,Loomis Grade,2017-12-12 00:02:18.568463
2017-04-03,23:30,37.7,37.6,29.3,71.5,0.0,N@4.1,6.0,47.9,0.0,0,"Loomis Grade, Okanogan County",330144,Loomis Grade,2017-12-12 00:02:18.568463
2017-04-03,23:45,37.1,37.0,29.1,72.4,0.0,NW@3.2,4.9,47.8,0.0,0,"Loomis Grade, Okanogan County",330144,Loomis Grade,2017-12-12 00:02:18.568463
2017-04-03,24:00,36.6,36.4,28.8,73.1,0.0,NW@2.4,4.2,47.6,0.0,0,"Loomis Grade, Okanogan County",330144,Loomis Grade,2017-12-12 00:02:18.568463
2017-04-03,00:15,35.7,35.6,28.4,74.4,0.0,NW@3.2,6.0,47.4,0.0,0,"Loomis Grade, Okanogan County",330144,Loomis Grade,2017-12-12 00:02:18.568463
2017-04-03,00:30,34.1,34.0,27.4,76.2,0.0,NW@4.0,6.0,47.2,0.0,0,"Loomis Grade, Okanogan County",330144,Loomis Grade,2017-12-12 00:02:18.568463
2017-04-03,00:45,34.4,34.3,27.3,74.8,0.0,NW@2.9,3.9,47.0,0.0,0,"Loomis Grade, Okanogan County",330144,Loomis Grade,2017-12-12 00:02:18.568463
2017-04-03,01:00,34.8,34.6,26.7,72.1,0.0,NW@1.3,2.8,46.9,0.0,0,"Loomis Grade, Okanogan County",330144,Loomis Grade,2017-12-12 00:02:18.568463
2017-04-03,01:15,33.9,33.6,27.0,75.7,0.0,NW@1.7,3.1,46.7,0.0,0,"Loomis Grade, Okanogan County",330144,Loomis Grade,2017-12-12 00:02:18.568463
2017-04-03,01:30,34.3,34.1,27.0,74.2,0.0,NW@2.1,3.5,46.5,0.0,0,"Loomis Grade, Okanogan County",330144,Loomis Grade,2017-12-12 00:02:18.568463
2017-04-03,01:45,33.8,33.7,27.2,76.4,0.0,NW@4.1,6.7,46.3,0.0,0,"Loomis Grade, Okanogan County",330144,Loomis Grade,2017-12-12 00:02:18.568463
2017-04-03,02:00,34.2,34.1,27.2,75.1,0.0,NW@5.7,7.1,46.2,0.0,0,"Loomis Grade, Okanogan County",330144,Loomis Grade,2017-12-12 00:02:18.568463
2017-04-03,02:15,34.7,34.5,26.4,71.3,0.0,NW@4.1,5.3,46.0,0.0,0,"Loomis Grade, Okanogan County",330144,Loomis Grade,2017-12-12 00:02:18.568463
2017-04-03,02:30,33.0,32.9,25.8,74.5,0.0,NW@2.5,4.2,45.8,0.0,0,"Loomis Grade, Okanogan County",330144,Loomis Grade,2017-12-12 00:02:18.568463
2017-04-03,02:45,32.8,32.7,26.5,77.3,0.0,NW@2.0,3.9,45.6,0.0,0,"Loomis Grade, Okanogan County",330144,Loomis Grade,2017-12-12 00:02:18.568463
2017-04-03,03:00,33.3,33.2,26.3,75.2,0.0,N@2.7,4.2,45.4,0.0,0,"Loomis Grade, Okanogan County",330144,Loomis Grade,2017-12-12 00:02:18.568463
2017-04-03,03:15,32.1,31.9,26.6,79.6,0.0,SW@1.4,2.8,45.3,0.0,0,"Loomis Grade, Okanogan County",330144,Loomis Grade,2017-12-12 00:02:18.568463
2017-04-03,03:30,32.3,32.0,26.7,79.4,0.0,NW@0.2,2.8,45.1,0.0,0,"Loomis Grade, Okanogan County",330144,Loomis Grade,2017-12-12 00:02:18.568463
2017-04-03,03:45,31.6,31.3,26.3,81.1,0.0,NW@1.5,2.8,44.9,0.0,0,"Loomis Grade, Okanogan County",330144,Loomis Grade,2017-12-12 00:02:18.568463
2017-04-03,04:00,32.3,32.1,26.9,80.3,0.0,NW@2.2,2.8,44.8,0.0,0,"Loomis Grade, Okanogan County",330144,Loomis Grade,2017-12-12 00:02:18.568463
2017-04-03,04:15,32.7,32.5,26.9,79.0,0.0,NW@2.8,4.6,44.6,0.0,0,"Loomis Grade, Okanogan County",330144,Loomis Grade,2017-12-12 00:02:18.568463
2017-04-03,04:30,32.0,31.8,26.7,80.4,0.0,NW@2.7,5.3,44.4,0.0,0,"Loomis Grade, Okanogan County",330144,Loomis Grade,2017-12-12 00:02:18.568463
2017-04-03,04:45,31.4,31.2,26.7,83.3,0.0,NW@3.3,5.3,44.3,0.0,0,"Loomis Grade, Okanogan County",330144,Loomis Grade,2017-12-12 00:02:18.568463
2017-04-03,05:00,31.1,30.9,26.4,83.2,0.0,NW@1.9,3.9,44.1,0.0,0,"Loomis Grade, Okanogan County",330144,Loomis Grade,2017-12-12 00:02:18.568463
2017-04-03,05:15,31.2,31.0,26.3,82.5,0.0,NW@2.3,3.5,43.9,0.0,0,"Loomis Grade, Okanogan County",330144,Loomis Grade,2017-12-12 00:02:18.568463
2017-04-03,05:30,30.7,30.5,25.8,82.6,0.0,NW@2.8,3.9,43.8,0.0,2,"Loomis Grade, Okanogan County",330144,Loomis Grade,2017-12-12 00:02:18.568463
2017-04-03,05:45,30.0,29.7,25.3,84.1,0.0,NW@2.2,2.8,43.7,0.0,7,"Loomis Grade, Okanogan County",330144,Loomis Grade,2017-12-12 00:02:18.568463
2017-04-03,06:00,30.7,30.4,26.0,83.6,0.0,NW@1.3,5.3,43.5,0.0,13,"Loomis Grade, Okanogan County",330144,Loomis Grade,2017-12-12 00:02:18.568463
2017-04-03,06:15,31.2,30.8,26.1,81.9,0.0,NW@2.8,4.9,43.4,0.0,63,"Loomis Grade, Okanogan County",330144,Loomis Grade,2017-12-12 00:02:18.568463
2017-04-03,06:30,33.6,33.0,27.5,78.2,0.0,NW@3.2,6.7,43.2,0.0,108,"Loomis Grade, Okanogan County",330144,Loomis Grade,2017-12-12 00:02:18.568463
2017-04-03,06:45,35.2,34.8,28.1,75.1,0.0,E@0.7,3.5,43.1,0.0,147,"Loomis Grade, Okanogan County",330144,Loomis Grade,2017-12-12 00:02:18.568463
2017-04-03,07:00,37.5,37.2,28.8,70.7,0.0,SE@0.6,2.4,42.9,0.0,187,"Loomis Grade, Okanogan County",330144,Loomis Grade,2017-12-12 00:02:18.568463
2017-04-03,07:15,38.0,37.9,28.7,68.7,0.0,SE@2.1,3.5,42.8,0.0,229,"Loomis Grade, Okanogan County",330144,Loomis Grade,2017-12-12 00:02:18.568463
2017-04-03,07:30,40.1,40.2,28.3,62.6,0.0,SE@1.7,3.5,42.7,0.0,272,"Loomis Grade, Okanogan County",330144,Loomis Grade,2017-12-12 00:02:18.568463
2017-04-03,07:45,40.4,40.3,28.2,61.4,0.0,E@2.6,4.9,42.6,0.0,315,"Loomis Grade, Okanogan County",330144,Loomis Grade,2017-12-12 00:02:18.568463
2017-04-03,08:00,40.5,40.4,28.5,62.0,0.0,E@3.3,5.3,42.5,0.0,357,"Loomis Grade, Okanogan County",330144,Loomis Grade,2017-12-12 00:02:18.568463
2017-04-03,08:15,40.8,40.8,28.4,61.1,0.0,SE@3.1,6.0,42.4,0.0,397,"Loomis Grade, Okanogan County",330144,Loomis Grade,2017-12-12 00:02:18.568463
2017-04-03,08:30,42.3,42.3,28.5,57.9,0.0,SE@2.8,5.3,42.3,0.0,438,"Loomis Grade, Okanogan County",330144,Loomis Grade,2017-12-12 00:02:18.568463
2017-04-03,08:45,43.2,43.1,28.1,54.9,0.0,SE@2.7,4.6,42.3,0.0,477,"Loomis Grade, Okanogan County",330144,Loomis Grade,2017-12-12 00:02:18.568463
2017-04-03,09:00,45.0,44.8,28.6,52.2,0.0,E@2.8,6.0,42.4,0.0,514,"Loomis Grade, Okanogan County",330144,Loomis Grade,2017-12-12 00:02:18.568463
2017-04-03,09:15,45.1,44.7,27.3,49.4,0.0,N@5.0,10.3,42.4,0.0,549,"Loomis Grade, Okanogan County",330144,Loomis Grade,2017-12-12 00:02:18.568463
2017-04-03,09:30,46.0,45.6,26.3,45.9,0.0,N@6.4,12.8,42.6,0.0,581,"Loomis Grade, Okanogan County",330144,Loomis Grade,2017-12-12 00:02:18.568463
2017-04-03,09:45,47.3,46.8,25.2,41.7,0.0,N@10.0,17.1,42.7,0.0,612,"Loomis Grade, Okanogan County",330144,Loomis Grade,2017-12-12 00:02:18.568463
2017-04-03,10:00,48.3,47.9,24.3,38.7,0.0,N@9.5,16.4,42.9,0.0,640,"Loomis Grade, Okanogan County",330144,Loomis Grade,2017-12-12 00:02:18.568463
2017-04-03,10:15,48.8,48.4,24.4,38.2,0.0,N@8.9,13.5,43.1,0.0,666,"Loomis Grade, Okanogan County",330144,Loomis Grade,2017-12-12 00:02:18.568463
2017-04-03,10:30,49.9,49.4,23.7,35.5,0.0,N@8.2,13.2,43.4,0.0,689,"Loomis Grade, Okanogan County",330144,Loomis Grade,2017-12-12 00:02:18.568463
2017-04-03,10:45,50.6,50.3,22.8,33.3,0.0,N@9.2,15.7,43.6,0.0,708,"Loomis Grade, Okanogan County",330144,Loomis Grade,2017-12-12 00:02:18.568463
2017-04-03,11:00,51.1,50.7,22.6,32.4,0.0,N@8.6,15.0,43.9,0.0,726,"Loomis Grade, Okanogan County",330144,Loomis Grade,2017-12-12 00:02:18.568463
2017-04-03,11:15,51.9,51.5,20.2,28.4,0.0,N@11.0,18.5,44.2,0.0,739,"Loomis Grade, Okanogan County",330144,Loomis Grade,2017-12-12 00:02:18.568463
2017-04-03,11:30,52.3,51.9,18.3,25.9,0.0,N@12.4,17.8,44.5,0.0,748,"Loomis Grade, Okanogan County",330144,Loomis Grade,2017-12-12 00:02:18.568463
2017-04-03,11:45,52.6,52.1,18.0,25.3,0.0,N@10.6,16.0,44.9,0.0,757,"Loomis Grade, Okanogan County",330144,Loomis Grade,2017-12-12 00:02:18.568463
2017-04-03,12:00,53.4,53.0,18.9,25.5,0.0,N@9.3,16.4,45.2,0.0,762,"Loomis Grade, Okanogan County",330144,Loomis Grade,2017-12-12 00:02:18.568463
2017-04-03,12:15,53.9,53.5,19.2,25.3,0.0,N@7.7,17.1,45.5,0.0,769,"Loomis Grade, Okanogan County",330144,Loomis Grade,2017-12-12 00:02:18.568463
2017-04-03,12:30,54.1,53.7,18.8,24.7,0.0,N@8.7,14.6,45.9,0.0,765,"Loomis Grade, Okanogan County",330144,Loomis Grade,2017-12-12 00:02:18.568463
2017-04-03,12:45,54.1,53.6,18.7,24.6,0.0,N@8.9,14.6,46.2,0.0,751,"Loomis Grade, Okanogan County",330144,Loomis Grade,2017-12-12 00:02:18.568463
2017-04-03,13:00,54.4,53.9,18.5,24.1,0.0,N@8.3,15.0,46.6,0.0,743,"Loomis Grade, Okanogan County",330144,Loomis Grade,2017-12-12 00:02:18.568463
2017-04-03,13:15,54.7,54.3,19.5,24.9,0.0,N@9.8,16.0,47.0,0.0,729,"Loomis Grade, Okanogan County",330144,Loomis Grade,2017-12-12 00:02:18.568463
2017-04-03,13:30,54.7,54.2,19.2,24.6,0.0,N@7.0,15.3,47.3,0.0,714,"Loomis Grade, Okanogan County",330144,Loomis Grade,2017-12-12 00:02:18.568463
2017-04-03,13:45,55.4,55.0,18.5,23.3,0.0,N@7.6,14.2,47.7,0.0,696,"Loomis Grade, Okanogan County",330144,Loomis Grade,2017-12-12 00:02:18.568463
2017-04-03,14:00,55.9,55.4,16.8,21.3,0.0,N@9.4,16.4,48.1,0.0,675,"Loomis Grade, Okanogan County",330144,Loomis Grade,2017-12-12 00:02:18.568463
2017-04-03,14:15,55.9,55.6,18.7,23.0,0.0,N@9.6,15.7,48.5,0.0,649,"Loomis Grade, Okanogan County",330144,Loomis Grade,2017-12-12 00:02:18.568463
2017-04-03,14:30,55.9,55.5,18.5,22.9,0.0,N@8.2,13.9,48.8,0.0,623,"Loomis Grade, Okanogan County",330144,Loomis Grade,2017-12-12 00:02:18.568463
2017-04-03,14:45,56.2,55.9,18.6,22.7,0.0,N@7.5,13.9,49.2,0.0,593,"Loomis Grade, Okanogan County",330144,Loomis Grade,2017-12-12 00:02:18.568463
2017-04-03,15:00,56.3,56.0,19.4,23.4,0.0,N@7.0,11.7,49.6,0.0,560,"Loomis Grade, Okanogan County",330144,Loomis Grade,2017-12-12 00:02:18.568463
2017-04-03,15:15,56.6,56.3,19.7,23.4,0.0,N@6.9,12.8,49.9,0.0,525,"Loomis Grade, Okanogan County",330144,Loomis Grade,2017-12-12 00:02:18.568463
2017-04-03,15:30,56.7,56.4,19.1,22.8,0.0,N@7.1,11.7,50.2,0.0,489,"Loomis Grade, Okanogan County",330144,Loomis Grade,2017-12-12 00:02:18.568463
2017-04-03,15:45,56.3,56.0,18.6,22.6,0.0,N@7.5,12.1,50.5,0.0,451,"Loomis Grade, Okanogan County",330144,Loomis Grade,2017-12-12 00:02:18.568463
2017-04-03,16:00,56.5,56.1,18.5,22.3,0.0,N@7.3,12.1,50.7,0.0,411,"Loomis Grade, Okanogan County",330144,Loomis Grade,2017-12-12 00:02:18.568463
2017-04-03,16:15,56.4,56.0,18.3,22.2,0.0,N@7.8,11.4,51.0,0.0,369,"Loomis Grade, Okanogan County",330144,Loomis Grade,2017-12-12 00:02:18.568463
2017-04-03,16:30,56.4,56.1,19.1,23.0,0.0,N@7.1,11.0,51.2,0.0,326,"Loomis Grade, Okanogan County",330144,Loomis Grade,2017-12-12 00:02:18.568463
2017-04-03,16:45,56.1,55.8,19.5,23.7,0.0,N@7.3,11.0,51.5,0.0,282,"Loomis Grade, Okanogan County",330144,Loomis Grade,2017-12-12 00:02:18.568463
2017-04-03,17:00,55.7,55.4,19.7,24.1,0.0,N@7.4,11.4,51.7,0.0,238,"Loomis Grade, Okanogan County",330144,Loomis Grade,2017-12-12 00:02:18.568463
2017-04-03,17:15,55.3,54.9,20.2,25.1,0.0,N@6.6,10.3,51.8,0.0,195,"Loomis Grade, Okanogan County",330144,Loomis Grade,2017-12-12 00:02:18.568463
2017-04-03,17:30,54.6,54.3,19.5,25.0,0.0,N@6.9,9.6,52.0,0.0,153,"Loomis Grade, Okanogan County",330144,Loomis Grade,2017-12-12 00:02:18.568463
2017-04-03,17:45,54.2,53.9,18.7,24.5,0.0,N@6.2,8.2,52.1,0.0,114,"Loomis Grade, Okanogan County",330144,Loomis Grade,2017-12-12 00:02:18.568463
2017-04-03,18:00,52.7,52.6,19.0,26.2,0.0,N@5.2,7.8,52.1,0.0,30,"Loomis Grade, Okanogan County",330144,Loomis Grade,2017-12-12 00:02:18.568463
2017-04-03,18:15,51.9,51.9,19.2,27.2,0.0,N@4.9,7.8,52.2,0.0,14,"Loomis Grade, Okanogan County",330144,Loomis Grade,2017-12-12 00:02:18.568463
2017-04-03,18:30,51.7,51.7,19.6,28.0,0.0,NW@4.6,6.7,52.2,0.0,7,"Loomis Grade, Okanogan County",330144,Loomis Grade,2017-12-12 00:02:18.568463
2017-04-03,18:45,48.7,48.4,22.9,35.9,0.0,NW@3.9,6.0,52.1,0.0,2,"Loomis Grade, Okanogan County",330144,Loomis Grade,2017-12-12 00:02:18.568463
2017-04-03,19:00,47.7,47.6,23.6,38.4,0.0,NW@5.2,7.4,52.1,0.0,0,"Loomis Grade, Okanogan County",330144,Loomis Grade,2017-12-12 00:02:18.568463
2017-04-03,19:15,47.0,46.9,23.7,39.6,0.0,NW@6.0,8.2,52.0,0.0,0,"Loomis Grade, Okanogan County",330144,Loomis Grade,2017-12-12 00:02:18.568463
2017-04-03,19:30,46.1,46.0,23.5,40.6,0.0,NW@6.0,8.2,51.9,0.0,0,"Loomis Grade, Okanogan County",330144,Loomis Grade,2017-12-12 00:02:18.568463
2017-04-03,19:45,46.6,46.5,22.7,38.7,0.0,NW@5.9,7.8,51.7,0.0,0,"Loomis Grade, Okanogan County",330144,Loomis Grade,2017-12-12 00:02:18.568463
2017-04-03,20:00,45.6,45.4,23.3,41.1,0.0,NW@4.4,5.7,51.6,0.0,0,"Loomis Grade, Okanogan County",330144,Loomis Grade,2017-12-12 00:02:18.568463
2017-04-03,20:15,45.4,45.2,23.2,41.2,0.0,NW@5.0,7.1,51.4,0.0,0,"Loomis Grade, Okanogan County",330144,Loomis Grade,2017-12-12 00:02:18.568463
2017-04-03,20:30,45.1,44.9,23.2,41.7,0.0,NW@4.5,7.1,51.2,0.0,0,"Loomis Grade, Okanogan County",330144,Loomis Grade,2017-12-12 00:02:18.568463
2017-04-03,20:45,43.0,42.8,24.0,46.7,0.0,NW@2.6,5.3,51.0,0.0,0,"Loomis Grade, Okanogan County",330144,Loomis Grade,2017-12-12 00:02:18.568463
2017-04-03,21:00,41.8,41.7,24.6,50.0,0.0,NW@4.8,7.4,50.8,0.0,0,"Loomis Grade, Okanogan County",330144,Loomis Grade,2017-12-12 00:02:18.568463
2017-04-03,21:15,40.6,40.5,25.7,54.9,0.0,W@3.9,5.3,50.6,0.0,0,"Loomis Grade, Okanogan County",330144,Loomis Grade,2017-12-12 00:02:18.568463
2017-04-03,21:30,40.7,40.6,25.0,53.0,0.0,NW@3.6,6.0,50.4,0.0,0,"Loomis Grade, Okanogan County",330144,Loomis Grade,2017-12-12 00:02:18.568463
2017-04-03,21:45,40.9,40.7,23.8,50.4,0.0,NW@2.1,3.1,50.2,0.0,0,"Loomis Grade, Okanogan County",330144,Loomis Grade,2017-12-12 00:02:18.568463
2017-04-03,22:00,40.0,39.8,23.7,51.7,0.0,NW@1.5,2.8,50.0,0.0,0,"Loomis Grade, Okanogan County",330144,Loomis Grade,2017-12-12 00:02:18.568463
2017-04-03,22:15,41.3,41.1,23.1,48.0,0.0,SW@3.1,5.3,49.8,0.0,0,"Loomis Grade, Okanogan County",330144,Loomis Grade,2017-12-12 00:02:18.568463
2017-04-03,22:30,40.0,39.7,23.6,51.5,0.0,NW@2.0,3.1,49.5,0.0,0,"Loomis Grade, Okanogan County",330144,Loomis Grade,2017-12-12 00:02:18.568463
2017-04-03,22:45,39.2,39.0,23.2,52.2,0.0,NW@2.0,3.5,49.3,0.0,0,"Loomis Grade, Okanogan County",330144,Loomis Grade,2017-12-12 00:02:18.568463
2017-04-03,23:00,38.4,38.1,24.0,55.8,0.0,N@1.3,3.1,49.1,0.0,0,"Loomis Grade, Okanogan County",330144,Loomis Grade,2017-12-12 00:02:18.568463
2017-04-04,23:15,37.1,36.9,24.7,60.3,0.0,N@1.3,3.1,48.9,0.0,0,"Loomis Grade, Okanogan County",330144,Loomis Grade,2017-12-12 00:02:18.568463
2017-04-04,23:30,38.4,38.2,23.6,54.8,0.0,SW@1.9,3.9,48.7,0.0,0,"Loomis Grade, Okanogan County",330144,Loomis Grade,2017-12-12 00:02:18.568463
2017-04-04,23:45,37.5,37.2,23.9,57.6,0.0,W@1.6,3.5,48.5,0.0,0,"Loomis Grade, Okanogan County",330144,Loomis Grade,2017-12-12 00:02:18.568463
2017-04-04,24:00,37.5,37.2,23.6,57.0,0.0,W@1.1,2.4,48.2,0.0,0,"Loomis Grade, Okanogan County",330144,Loomis Grade,2017-12-12 00:02:18.568463
2017-04-04,00:15,36.6,36.3,23.5,58.8,0.0,NW@2.0,2.8,48.0,0.0,0,"Loomis Grade, Okanogan County",330144,Loomis Grade,2017-12-12 00:02:18.568463
2017-04-04,00:30,36.2,36.0,23.2,58.8,0.0,NW@2.3,3.5,47.8,0.0,0,"Loomis Grade, Okanogan County",330144,Loomis Grade,2017-12-12 00:02:18.568463
2017-04-04,00:45,36.3,36.1,23.3,58.8,0.0,NW@2.6,4.6,47.6,0.0,0,"Loomis Grade, Okanogan County",330144,Loomis Grade,2017-12-12 00:02:18.568463
2017-04-04,01:00,36.3,36.1,23.6,59.4,0.0,NW@1.4,3.1,47.4,0.0,0,"Loomis Grade, Okanogan County",330144,Loomis Grade,2017-12-12 00:02:18.568463
2017-04-04,01:15,36.2,36.0,23.6,59.9,0.0,NW@1.9,4.6,47.2,0.0,0,"Loomis Grade, Okanogan County",330144,Loomis Grade,2017-12-12 00:02:18.568463
2017-04-04,01:30,35.3,35.1,23.9,62.9,0.0,N@2.3,4.2,47.0,0.0,0,"Loomis Grade, Okanogan County",330144,Loomis Grade,2017-12-12 00:02:18.568463
2017-04-04,01:45,35.5,35.2,23.5,61.3,0.0,NW@0.9,3.1,46.8,0.0,0,"Loomis Grade, Okanogan County",330144,Loomis Grade,2017-12-12 00:02:18.568463
2017-04-04,02:00,34.5,34.1,23.4,63.6,0.0,NW@1.2,3.1,46.6,0.0,0,"Loomis Grade, Okanogan County",330144,Loomis Grade,2017-12-12 00:02:18.568463
2017-04-04,02:15,33.4,33.2,23.8,67.7,0.0,NW@2.7,3.5,46.4,0.0,0,"Loomis Grade, Okanogan County",330144,Loomis Grade,2017-12-12 00:02:18.568463
2017-04-04,02:30,33.1,32.8,23.7,68.1,0.0,NW@2.3,3.5,46.2,0.0,0,"Loomis Grade, Okanogan County",330144,Loomis Grade,2017-12-12 00:02:18.568463
2017-04-04,02:45,33.7,33.4,23.4,65.6,0.0,NW@1.5,2.8,46.0,0.0,0,"Loomis Grade, Okanogan County",330144,Loomis Grade,2017-12-12 00:02:18.568463
2017-04-04,03:00,33.7,33.4,23.3,65.3,0.0,NW@1.5,3.1,45.9,0.0,0,"Loomis Grade, Okanogan County",330144,Loomis Grade,2017-12-12 00:02:18.568463
2017-04-04,03:15,32.5,32.3,23.3,68.7,0.0,NW@4.0,6.7,45.7,0.0,0,"Loomis Grade, Okanogan County",330144,Loomis Grade,2017-12-12 00:02:18.568463
2017-04-04,03:30,31.3,31.1,23.6,73.6,0.0,N@2.8,4.2,45.5,0.0,0,"Loomis Grade, Okanogan County",330144,Loomis Grade,2017-12-12 00:02:18.568463
2017-04-04,03:45,31.3,31.1,23.3,72.6,0.0,NW@2.1,3.5,45.3,0.0,0,"Loomis Grade, Okanogan County",330144,Loomis Grade,2017-12-12 00:02:18.568463
2017-04-04,04:00,31.8,31.7,23.0,69.9,0.0,NW@3.6,5.3,45.1,0.0,0,"Loomis Grade, Okanogan County",330144,Loomis Grade,2017-12-12 00:02:18.568463
2017-04-04,04:15,32.0,31.8,23.6,71.1,0.0,NW@3.3,6.4,45.0,0.0,0,"Loomis Grade, Okanogan County",330144,Loomis Grade,2017-12-12 00:02:18.568463
2017-04-04,04:30,32.3,32.2,23.4,69.3,0.0,NW@0.8,2.8,44.8,0.0,0,"Loomis Grade, Okanogan County",330144,Loomis Grade,2017-12-12 00:02:18.568463
2017-04-04,04:45,32.6,32.4,23.0,67.3,0.0,NW@2.1,3.5,44.6,0.0,0,"Loomis Grade, Okanogan County",330144,Loomis Grade,2017-12-12 00:02:18.568463
2017-04-04,05:00,31.4,31.2,23.1,71.4,0.0,N@3.4,4.2,44.5,0.0,0,"Loomis Grade, Okanogan County",330144,Loomis Grade,2017-12-12 00:02:18.568463
2017-04-04,05:15,30.8,30.6,23.4,74.7,0.0,NW@2.9,3.9,44.3,0.0,0,"Loomis Grade, Okanogan County",330144,Loomis Grade,2017-12-12 00:02:18.568463
2017-04-04,05:30,31.3,31.1,23.4,72.9,0.0,NW@2.4,3.5,44.2,0.0,6,"Loomis Grade, Okanogan County",330144,Loomis Grade,2017-12-12 00:02:18.568463
2017-04-04,05:45,31.6,31.4,23.7,72.7,0.0,NW@2.2,3.1,44.0,0.0,12,"Loomis Grade, Okanogan County",330144,Loomis Grade,2017-12-12 00:02:18.568463
2017-04-04,06:00,32.4,32.1,23.9,70.5,0.0,NW@1.5,2.1,43.9,0.0,25,"Loomis Grade, Okanogan County",330144,Loomis Grade,2017-12-12 00:02:18.568463
2017-04-04,06:15,32.4,32.1,24.8,73.2,0.0,NW@1.9,2.4,43.7,0.0,48,"Loomis Grade, Okanogan County",330144,Loomis Grade,2017-12-12 00:02:18.568463
2017-04-04,06:30,33.5,33.1,25.6,72.4,0.0,N@0.6,2.4,43.6,0.0,83,"Loomis Grade, Okanogan County",330144,Loomis Grade,2017-12-12 00:02:18.568463
2017-04-04,06:45,34.2,33.9,26.2,72.0,0.0,NW@2.6,3.9,43.4,0.0,112,"Loomis Grade, Okanogan County",330144,Loomis Grade,2017-12-12 00:02:18.568463
2017-04-04,07:00,34.6,34.4,26.4,71.5,0.0,N@2.1,3.5,43.3,0.0,116,"Loomis Grade, Okanogan County",330144,Loomis Grade,2017-12-12 00:02:18.568463
2017-04-04,07:15,34.3,34.2,25.8,70.6,0.0,SE@1.6,3.5,43.2,0.0,128,"Loomis Grade, Okanogan County",330144,Loomis Grade,2017-12-12 00:02:18.568463
2017-04-04,07:30,35.0,35.0,26.2,69.8,0.0,S@1.6,2.8,43.0,0.0,162,"Loomis Grade, Okanogan County",330144,Loomis Grade,2017-12-12 00:02:18.568463
2017-04-04,07:45,37.3,37.2,25.8,62.7,0.0,S@0.8,2.8,43.0,0.0,196,"Loomis Grade, Okanogan County",330144,Loomis Grade,2017-12-12 00:02:18.568463
2017-04-04,08:00,37.9,37.8,25.1,59.6,0.0,S@3.1,4.2,42.9,0.0,219,"Loomis Grade, Okanogan County",330144,Loomis Grade,2017-12-12 00:02:18.568463
2017-04-04,08:15,38.4,38.3,26.0,60.6,0.0,SE@4.0,6.0,42.8,0.0,299,"Loomis Grade, Okanogan County",330144,Loomis Grade,2017-12-12 00:02:18.568463
2017-04-04,08:30,38.1,37.9,26.3,62.0,0.0,S@4.5,6.0,42.8,0.0,291,"Loomis Grade, Okanogan County",330144,Loomis Grade,2017-12-12 00:02:18.568463
2017-04-04,08:45,39.2,39.0,26.4,59.7,0.0,S@3.7,5.3,42.8,0.0,228,"Loomis Grade, Okanogan County",330144,Loomis Grade,2017-12-12 00:02:18.568463
2017-04-04,09:00,40.4,40.2,26.5,57.3,0.0,SE@3.7,4.9,42.8,0.0,319,"Loomis Grade, Okanogan County",330144,Loomis Grade,2017-12-12 00:02:18.568463
2017-04-04,09:15,41.1,41.0,26.8,56.4,0.0,SE@3.7,5.7,42.8,0.0,265,"Loomis Grade, Okanogan County",330144,Loomis Grade,2017-12-12 00:02:18.568463
2017-04-04,09:30,42.1,41.8,27.3,55.6,0.0,S@3.6,7.1,42.9,0.0,343,"Loomis Grade, Okanogan County",330144,Loomis Grade,2017-12-12 00:02:18.568463
2017-04-04,09:45,43.1,43.0,27.5,53.8,0.0,SE@4.6,7.8,42.9,0.0,324,"Loomis Grade, Okanogan County",330144,Loomis Grade,2017-12-12 00:02:18.568463
2017-04-04,10:00,45.4,45.2,28.5,51.4,0.0,SE@4.3,14.2,43.1,0.0,396,"Loomis Grade, Okanogan County",330144,Loomis Grade,2017-12-12 00:02:18.568463
2017-04-04,10:15,46.6,46.5,26.6,45.4,0.0,S@9.2,15.0,43.2,0.0,331,"Loomis Grade, Okanogan County",330144,Loomis Grade,2017-12-12 00:02:18.568463
2017-04-04,10:30,46.4,46.3,26.3,45.1,0.0,S@9.3,15.0,43.3,0.0,359,"Loomis Grade, Okanogan County",330144,Loomis Grade,2017-12-12 00:02:18.568463
2017-04-04,10:45,47.2,47.1,26.5,44.1,0.0,SE@8.0,11.7,43.5,0.0,409,"Loomis Grade, Okanogan County",330144,Loomis Grade,2017-12-12 00:02:18.568463
2017-04-04,11:00,48.7,48.6,26.9,42.4,0.0,SE@9.4,14.6,43.7,0.0,493,"Loomis Grade, Okanogan County",330144,Loomis Grade,2017-12-12 00:02:18.568463
2017-04-04,11:15,50.8,50.6,27.3,39.9,0.0,S@8.2,12.4,43.8,0.0,538,"Loomis Grade, Okanogan County",330144,Loomis Grade,2017-12-12 00:02:18.568463
2017-04-04,11:30,51.7,51.5,26.3,37.0,0.0,S@10.1,17.5,44.0,0.0,601,"Loomis Grade, Okanogan County",330144,Loomis Grade,2017-12-12 00:02:18.568463
2017-04-04,11:45,53.1,52.8,25.7,34.4,0.0,S@11.1,18.9,44.2,0.0,700,"Loomis Grade, Okanogan County",330144,Loomis Grade,2017-12-12 00:02:18.568463
2017-04-04,12:00,52.8,52.5,25.6,34.5,0.0,S@11.0,18.2,44.5,0.0,556,"Loomis Grade, Okanogan County",330144,Loomis Grade,2017-12-12 00:02:18.568463
2017-04-04,12:15,53.4,53.1,25.5,33.6,0.0,S@11.8,19.6,44.7,0.0,700,"Loomis Grade, Okanogan County",330144,Loomis Grade,2017-12-12 00:02:18.568463
2017-04-04,12:30,54.3,54.0,25.3,32.3,0.0,S@11.0,18.9,45.0,0.0,664,"Loomis Grade, Okanogan County",330144,Loomis Grade,2017-12-12 00:02:18.568463
2017-04-04,12:45,54.1,53.9,25.4,32.6,0.0,S@11.8,22.1,45.3,0.0,513,"Loomis Grade, Okanogan County",330144,Loomis Grade,2017-12-12 00:02:18.568463
2017-04-04,13:00,53.9,53.7,25.1,32.5,0.0,S@11.6,18.5,45.7,0.0,527,"Loomis Grade, Okanogan County",330144,Loomis Grade,2017-12-12 00:02:18.568463
2017-04-04,13:15,54.5,54.3,25.4,32.2,0.0,S@11.3,17.8,46.0,0.0,582,"Loomis Grade, Okanogan County",330144,Loomis Grade,2017-12-12 00:02:18.568463
2017-04-04,13:30,54.6,54.4,25.3,32.0,0.0,S@10.7,18.9,46.4,0.0,484,"Loomis Grade, Okanogan County",330144,Loomis Grade,2017-12-12 00:02:18.568463
2017-04-04,13:45,54.9,54.6,25.5,31.9,0.0,S@9.7,18.9,46.8,0.0,416,"Loomis Grade, Okanogan County",330144,Loomis Grade,2017-12-12 00:02:18.568463
2017-04-04,14:00,54.3,54.1,24.6,31.4,0.0,S@10.6,17.8,47.1,0.0,379,"Loomis Grade, Okanogan County",330144,Loomis Grade,2017-12-12 00:02:18.568463
2017-04-04,14:15,54.2,54.1,25.1,32.2,0.0,S@10.0,19.2,47.5,0.0,325,"Loomis Grade, Okanogan County",330144,Loomis Grade,2017-12-12 00:02:18.568463
2017-04-04,14:30,54.1,54.0,24.8,31.9,0.0,S@9.6,15.7,47.8,0.0,285,"Loomis Grade, Okanogan County",330144,Loomis Grade,2017-12-12 00:02:18.568463
2017-04-04,14:45,54.1,54.0,24.7,31.7,0.0,S@9.7,19.6,48.2,0.0,264,"Loomis Grade, Okanogan County",330144,Loomis Grade,2017-12-12 00:02:18.568463
2017-04-04,15:00,53.8,53.7,24.9,32.3,0.0,S@9.3,15.3,48.5,0.0,201,"Loomis Grade, Okanogan County",330144,Loomis Grade,2017-12-12 00:02:18.568463
2017-04-04,15:15,53.6,53.5,25.0,32.8,0.0,S@9.9,16.0,48.7,0.0,186,"Loomis Grade, Okanogan County",330144,Loomis Grade,2017-12-12 00:02:18.568463
2017-04-04,15:30,53.9,53.8,24.9,32.2,0.0,S@9.2,17.5,49.0,0.0,195,"Loomis Grade, Okanogan County",330144,Loomis Grade,2017-12-12 00:02:18.568463
2017-04-04,15:45,53.7,53.6,25.3,33.0,0.0,S@9.7,16.4,49.2,0.0,164,"Loomis Grade, Okanogan County",330144,Loomis Grade,2017-12-12 00:02:18.568463
2017-04-04,16:00,53.1,53.0,26.3,35.1,0.0,S@9.0,15.0,49.3,0.0,120,"Loomis Grade, Okanogan County",330144,Loomis Grade,2017-12-12 00:02:18.568463
2017-04-04,16:15,52.9,52.8,26.9,36.2,0.0,SW@7.3,14.6,49.5,0.0,125,"Loomis Grade, Okanogan County",330144,Loomis Grade,2017-12-12 00:02:18.568463
2017-04-04,16:30,52.8,52.7,27.5,37.3,0.0,S@6.9,14.6,49.6,0.0,114,"Loomis Grade, Okanogan County",330144,Loomis Grade,2017-12-12 00:02:18.568463
2017-04-04,16:45,52.2,52.1,28.4,39.6,0.0,SW@6.7,12.1,49.7,0.0,89,"Loomis Grade, Okanogan County",330144,Loomis Grade,2017-12-12 00:02:18.568463
2017-04-04,17:00,51.9,51.8,29.0,41.1,0.0,SW@6.3,10.3,49.8,0.0,72,"Loomis Grade, Okanogan County",330144,Loomis Grade,2017-12-12 00:02:18.568463
2017-04-04,17:15,51.5,51.5,29.3,42.1,0.0,SW@6.4,12.8,49.8,0.0,54,"Loomis Grade, Okanogan County",330144,Loomis Grade,2017-12-12 00:02:18.568463
2017-04-04,17:30,51.3,51.2,29.7,43.2,0.0,SW@4.7,7.4,49.9,0.0,35,"Loomis Grade, Okanogan County",330144,Loomis Grade,2017-12-12 00:02:18.568463
2017-04-04,17:45,51.1,51.0,30.3,44.7,0.0,W@3.9,6.7,49.9,0.0,28,"Loomis Grade, Okanogan County",330144,Loomis Grade,2017-12-12 00:02:18.568463
2017-04-04,18:00,50.8,50.7,30.6,45.6,0.0,NW@3.7,5.3,49.9,0.0,20,"Loomis Grade, Okanogan County",330144,Loomis Grade,2017-12-12 00:02:18.568463
2017-04-04,18:15,50.5,50.4,31.4,47.6,0.0,N@1.5,3.1,49.9,0.0,13,"Loomis Grade, Okanogan County",330144,Loomis Grade,2017-12-12 00:02:18.568463
2017-04-04,18:30,50.0,49.8,31.9,49.7,0.0,NW@0.6,2.8,49.9,0.0,4,"Loomis Grade, Okanogan County",330144,Loomis Grade,2017-12-12 00:02:18.568463
2017-04-04,18:45,49.3,49.1,31.7,50.6,0.0,W@2.8,3.9,49.9,0.0,1,"Loomis Grade, Okanogan County",330144,Loomis Grade,2017-12-12 00:02:18.568463
2017-04-04,19:00,49.1,48.9,31.4,50.2,0.0,W@2.4,4.2,49.8,0.0,0,"Loomis Grade, Okanogan County",330144,Loomis Grade,2017-12-12 00:02:18.568463
2017-04-04,19:15,49.4,49.3,30.7,48.4,0.0,S@1.9,3.1,49.7,0.0,0,"Loomis Grade, Okanogan County",330144,Loomis Grade,2017-12-12 00:02:18.568463
2017-04-04,19:30,49.0,48.9,31.3,50.1,0.0,S@0.9,2.1,49.7,0.0,0,"Loomis Grade, Okanogan County",330144,Loomis Grade,2017-12-12 00:02:18.568463
2017-04-04,19:45,48.3,48.2,31.7,52.4,0.0,S@2.2,4.6,49.6,0.0,0,"Loomis Grade, Okanogan County",330144,Loomis Grade,2017-12-12 00:02:18.568463
2017-04-04,20:00,48.6,48.5,31.9,52.4,0.0,SW@2.6,4.9,49.5,0.0,0,"Loomis Grade, Okanogan County",330144,Loomis Grade,2017-12-12 00:02:18.568463
2017-04-04,20:15,48.6,48.4,32.1,52.7,0.0,NE@1.5,3.1,49.4,0.0,0,"Loomis Grade, Okanogan County",330144,Loomis Grade,2017-12-12 00:02:18.568463
2017-04-04,20:30,48.0,47.9,32.4,54.5,0.0,W@3.5,5.7,49.4,0.0,0,"Loomis Grade, Okanogan County",330144,Loomis Grade,2017-12-12 00:02:18.568463
2017-04-04,20:45,47.9,47.8,32.4,54.7,0.0,NW@1.3,2.4,49.3,0.0,0,"Loomis Grade, Okanogan County",330144,Loomis Grade,2017-12-12 00:02:18.568463
2017-04-04,21:00,48.2,48.0,32.2,53.7,0.0,NW@2.0,2.8,49.2,0.0,0,"Loomis Grade, Okanogan County",330144,Loomis Grade,2017-12-12 00:02:18.568463
2017-04-04,21:15,47.9,47.7,32.2,54.5,0.0,W@1.2,2.8,49.1,0.0,0,"Loomis Grade, Okanogan County",330144,Loomis Grade,2017-12-12 00:02:18.568463
2017-04-04,21:30,47.3,47.1,33.2,57.7,0.0,NW@1.3,3.1,49.0,0.0,0,"Loomis Grade, Okanogan County",330144,Loomis Grade,2017-12-12 00:02:18.568463
2017-04-04,21:45,46.5,46.3,33.9,61.4,0.0,NW@1.2,2.8,48.9,0.0,0,"Loomis Grade, Okanogan County",330144,Loomis Grade,2017-12-12 00:02:18.568463
2017-04-04,22:00,47.2,47.0,32.6,56.8,0.0,S@2.2,4.2,48.8,0.0,0,"Loomis Grade, Okanogan County",330144,Loomis Grade,2017-12-12 00:02:18.568463
2017-04-04,22:15,47.3,47.1,33.0,57.3,0.0,E@0.9,3.1,48.7,0.0,0,"Loomis Grade, Okanogan County",330144,Loomis Grade,2017-12-12 00:02:18.568463
2017-04-04,22:30,47.0,46.8,32.8,57.6,0.0,SW@1.2,2.8,48.6,0.0,0,"Loomis Grade, Okanogan County",330144,Loomis Grade,2017-12-12 00:02:18.568463
2017-04-04,22:45,47.4,47.3,32.7,56.5,0.0,S@4.3,7.8,48.5,0.0,0,"Loomis Grade, Okanogan County",330144,Loomis Grade,2017-12-12 00:02:18.568463
2017-04-04,23:00,47.7,47.7,32.6,55.4,0.0,S@7.7,12.8,48.4,0.0,0,"Loomis Grade, Okanogan County",330144,Loomis Grade,2017-12-12 00:02:18.568463
2017-04-05,23:15,48.5,48.4,31.9,52.6,0.0,S@9.3,21.8,48.3,0.0,0,"Loomis Grade, Okanogan County",330144,Loomis Grade,2017-12-12 00:02:18.568463
2017-04-05,23:30,48.5,48.4,32.9,54.6,0.0,S@9.4,15.7,48.2,0.0,0,"Loomis Grade, Okanogan County",330144,Loomis Grade,2017-12-12 00:02:18.568463
2017-04-05,23:45,48.0,47.9,34.4,59.0,0.0,S@8.6,14.2,48.1,0.0,0,"Loomis Grade, Okanogan County",330144,Loomis Grade,2017-12-12 00:02:18.568463
2017-04-05,24:00,47.5,47.4,35.4,62.7,0.0,S@9.7,13.5,48.0,0.0,0,"Loomis Grade, Okanogan County",330144,Loomis Grade,2017-12-12 00:02:18.568463
