Date,Time PST,Air Temp °F, 2<sup>nd</sup> Air Temp °F, Dew Point °F, Rel Hum %, Leaf Wet u., Wind Dir @ Speed mph, Wind Gust mph, 8 in. Soil Tmp °F, Tot Prec in, Solar Rad W/m²,Location,Station ID,Station Name,Download Timestamp
2015-09-05,00:15,57.9,57.6,41.7,54.7,0.42,SW@4.0,6.0,72.6,0.0,0,"Wheeler, Grant County",330027,Wheeler,2017-12-01 12:36:21.417246
2015-09-05,00:30,57.4,57.3,42.1,56.5,0.08,SW@4.6,6.4,72.6,0.0,0,"Wheeler, Grant County",330027,Wheeler,2017-12-01 12:36:21.417246
2015-09-05,00:45,56.8,56.9,43.0,59.7,0.87,W@4.9,7.8,72.6,0.0,0,"Wheeler, Grant County",330027,Wheeler,2017-12-01 12:36:21.417246
2015-09-05,01:00,57.7,57.3,42.5,56.9,0.66,N@5.2,9.6,72.6,0.0,0,"Wheeler, Grant County",330027,Wheeler,2017-12-01 12:36:21.417246
2015-09-05,01:15,54.8,54.5,45.9,71.9,0.82,E@7.4,11.0,72.5,0.0,0,"Wheeler, Grant County",330027,Wheeler,2017-12-01 12:36:21.417246
2015-09-05,01:30,52.6,52.4,47.7,83.4,1.0,E@6.0,8.5,72.5,0.01,0,"Wheeler, Grant County",330027,Wheeler,2017-12-01 12:36:21.417246
2015-09-05,01:45,51.7,51.6,49.4,91.8,1.0,NE@5.7,8.5,72.4,0.02,0,"Wheeler, Grant County",330027,Wheeler,2017-12-01 12:36:21.417246
2015-09-05,02:00,51.6,51.7,50.6,96.0,1.0,NE@5.2,9.2,72.4,0.04,0,"Wheeler, Grant County",330027,Wheeler,2017-12-01 12:36:21.417246
2015-09-05,02:15,52.1,52.2,50.2,93.1,0.93,NE@9.5,15.7,72.4,0.05,0,"Wheeler, Grant County",330027,Wheeler,2017-12-01 12:36:21.417246
2015-09-05,02:30,51.0,51.0,49.4,94.0,0.92,NE@8.0,11.4,72.3,0.05,0,"Wheeler, Grant County",330027,Wheeler,2017-12-01 12:36:21.417246
2015-09-05,02:45,50.8,50.9,50.0,97.1,0.91,NE@7.4,10.3,72.3,0.04,0,"Wheeler, Grant County",330027,Wheeler,2017-12-01 12:36:21.417246
2015-09-05,03:00,50.9,51.0,50.4,97.8,0.9,NE@8.5,13.2,72.3,0.06,0,"Wheeler, Grant County",330027,Wheeler,2017-12-01 12:36:21.417246
2015-09-05,03:15,50.9,51.0,50.5,98.4,0.89,N@7.4,11.7,72.2,0.05,0,"Wheeler, Grant County",330027,Wheeler,2017-12-01 12:36:21.417246
2015-09-05,03:30,51.1,51.3,50.8,98.8,0.9,N@8.2,14.2,72.2,0.02,0,"Wheeler, Grant County",330027,Wheeler,2017-12-01 12:36:21.417246
2015-09-05,03:45,51.1,51.2,50.2,96.5,0.91,NE@9.5,14.2,72.1,0.01,0,"Wheeler, Grant County",330027,Wheeler,2017-12-01 12:36:21.417246
2015-09-05,04:00,50.8,50.8,49.9,96.4,0.9,NE@7.5,10.3,72.1,0.02,0,"Wheeler, Grant County",330027,Wheeler,2017-12-01 12:36:21.417246
2015-09-05,04:15,50.6,50.6,50.0,97.6,0.89,NE@5.4,8.5,72.1,0.01,0,"Wheeler, Grant County",330027,Wheeler,2017-12-01 12:36:21.417246
2015-09-05,04:30,50.7,50.8,49.9,96.9,0.9,NE@5.8,8.9,72.0,0.02,0,"Wheeler, Grant County",330027,Wheeler,2017-12-01 12:36:21.417246
2015-09-05,04:45,51.0,51.0,49.7,95.3,0.9,NE@5.7,8.5,72.0,0.01,0,"Wheeler, Grant County",330027,Wheeler,2017-12-01 12:36:21.417246
2015-09-05,05:00,51.3,51.3,49.2,92.5,0.91,N@7.1,15.0,71.9,0.0,0,"Wheeler, Grant County",330027,Wheeler,2017-12-01 12:36:21.417246
2015-09-05,05:15,51.2,51.0,48.8,91.5,0.89,NW@4.6,6.7,71.8,0.02,1,"Wheeler, Grant County",330027,Wheeler,2017-12-01 12:36:21.417246
2015-09-05,05:30,51.2,51.1,49.0,92.1,0.88,SW@3.9,10.3,71.8,0.03,2,"Wheeler, Grant County",330027,Wheeler,2017-12-01 12:36:21.417246
2015-09-05,05:45,51.3,51.2,48.6,90.3,0.87,W@5.4,9.9,71.7,0.03,2,"Wheeler, Grant County",330027,Wheeler,2017-12-01 12:36:21.417246
2015-09-05,06:00,51.2,50.9,48.5,90.5,0.86,NW@2.2,6.7,71.7,0.04,2,"Wheeler, Grant County",330027,Wheeler,2017-12-01 12:36:21.417246
2015-09-05,06:15,50.6,50.5,49.1,94.6,0.86,W@4.5,9.2,71.6,0.05,2,"Wheeler, Grant County",330027,Wheeler,2017-12-01 12:36:21.417246
2015-09-05,06:30,50.5,50.5,49.7,96.9,0.86,SW@7.2,10.3,71.5,0.04,5,"Wheeler, Grant County",330027,Wheeler,2017-12-01 12:36:21.417246
2015-09-05,06:45,50.6,50.6,49.9,97.5,0.86,SW@9.1,12.4,71.4,0.04,7,"Wheeler, Grant County",330027,Wheeler,2017-12-01 12:36:21.417246
2015-09-05,07:00,50.7,50.7,50.3,98.1,0.88,SW@12.0,16.4,71.4,0.02,11,"Wheeler, Grant County",330027,Wheeler,2017-12-01 12:36:21.417246
2015-09-05,07:15,50.7,50.7,50.6,99.4,0.89,SW@10.9,15.3,71.3,0.01,21,"Wheeler, Grant County",330027,Wheeler,2017-12-01 12:36:21.417246
2015-09-05,07:30,50.7,50.7,50.7,99.8,0.9,SE@6.9,9.9,71.2,0.01,27,"Wheeler, Grant County",330027,Wheeler,2017-12-01 12:36:21.417246
2015-09-05,07:45,50.8,50.8,50.8,99.9,0.9,SE@5.6,8.9,71.1,0.0,38,"Wheeler, Grant County",330027,Wheeler,2017-12-01 12:36:21.417246
2015-09-05,08:00,51.3,51.2,51.1,99.3,0.9,S@9.0,15.0,71.0,0.01,70,"Wheeler, Grant County",330027,Wheeler,2017-12-01 12:36:21.417246
2015-09-05,08:15,51.5,51.5,51.1,98.4,0.91,S@11.2,16.4,70.9,0.0,111,"Wheeler, Grant County",330027,Wheeler,2017-12-01 12:36:21.417246
2015-09-05,08:30,52.2,52.1,51.5,97.7,0.91,S@10.1,13.2,70.8,0.0,216,"Wheeler, Grant County",330027,Wheeler,2017-12-01 12:36:21.417246
2015-09-05,08:45,53.4,53.3,52.5,96.9,0.9,S@10.9,14.6,70.7,0.0,470,"Wheeler, Grant County",330027,Wheeler,2017-12-01 12:36:21.417246
2015-09-05,09:00,53.7,53.5,52.5,95.6,0.78,S@13.9,17.5,70.6,0.0,413,"Wheeler, Grant County",330027,Wheeler,2017-12-01 12:36:21.417246
2015-09-05,09:15,53.2,53.0,51.8,95.3,0.33,S@13.1,17.1,70.5,0.0,296,"Wheeler, Grant County",330027,Wheeler,2017-12-01 12:36:21.417246
2015-09-05,09:30,54.3,54.2,52.5,93.7,0.0,S@13.3,16.7,70.4,0.0,513,"Wheeler, Grant County",330027,Wheeler,2017-12-01 12:36:21.417246
2015-09-05,09:45,55.9,55.7,53.1,90.2,0.0,SW@13.2,16.7,70.3,0.0,657,"Wheeler, Grant County",330027,Wheeler,2017-12-01 12:36:21.417246
2015-09-05,10:00,57.6,57.4,52.3,82.5,0.0,SW@11.9,16.7,70.1,0.0,689,"Wheeler, Grant County",330027,Wheeler,2017-12-01 12:36:21.417246
2015-09-05,10:15,59.0,58.9,50.7,73.7,0.0,SW@10.5,13.5,70.0,0.0,705,"Wheeler, Grant County",330027,Wheeler,2017-12-01 12:36:21.417246
2015-09-05,10:30,60.6,60.5,50.5,69.0,0.0,SW@11.0,16.0,69.9,0.0,758,"Wheeler, Grant County",330027,Wheeler,2017-12-01 12:36:21.417246
2015-09-05,10:45,61.4,61.2,50.6,67.7,0.0,SW@10.7,15.3,69.8,0.0,783,"Wheeler, Grant County",330027,Wheeler,2017-12-01 12:36:21.417246
2015-09-05,11:00,62.1,61.8,49.8,64.0,0.0,SW@10.9,14.2,69.7,0.0,799,"Wheeler, Grant County",330027,Wheeler,2017-12-01 12:36:21.417246
2015-09-05,11:15,62.7,62.5,48.4,59.4,0.0,SW@11.3,14.2,69.6,0.0,810,"Wheeler, Grant County",330027,Wheeler,2017-12-01 12:36:21.417246
2015-09-05,11:30,63.3,63.1,48.3,58.0,0.0,SW@8.5,14.2,69.6,0.0,591,"Wheeler, Grant County",330027,Wheeler,2017-12-01 12:36:21.417246
2015-09-05,11:45,64.1,63.9,48.6,57.1,0.0,S@7.4,12.1,69.5,0.0,634,"Wheeler, Grant County",330027,Wheeler,2017-12-01 12:36:21.417246
2015-09-05,12:00,64.8,64.7,48.1,54.7,0.0,S@6.9,12.1,69.4,0.0,732,"Wheeler, Grant County",330027,Wheeler,2017-12-01 12:36:21.417246
2015-09-05,12:15,67.1,66.8,47.3,48.9,0.0,NW@5.3,12.4,69.4,0.0,805,"Wheeler, Grant County",330027,Wheeler,2017-12-01 12:36:21.417246
2015-09-05,12:30,66.4,66.2,45.9,47.5,0.0,NE@3.7,8.2,69.4,0.0,480,"Wheeler, Grant County",330027,Wheeler,2017-12-01 12:36:21.417246
2015-09-05,12:45,65.5,65.1,48.4,53.7,0.0,E@6.2,9.2,69.4,0.0,483,"Wheeler, Grant County",330027,Wheeler,2017-12-01 12:36:21.417246
2015-09-05,13:00,65.7,65.4,48.7,54.3,0.0,E@5.4,8.9,69.4,0.0,607,"Wheeler, Grant County",330027,Wheeler,2017-12-01 12:36:21.417246
2015-09-05,13:15,66.0,65.7,49.9,56.1,0.0,E@6.9,12.8,69.4,0.0,698,"Wheeler, Grant County",330027,Wheeler,2017-12-01 12:36:21.417246
2015-09-05,13:30,66.7,66.3,50.6,56.0,0.0,E@6.9,11.7,69.4,0.0,583,"Wheeler, Grant County",330027,Wheeler,2017-12-01 12:36:21.417246
2015-09-05,13:45,66.1,65.7,50.8,57.6,0.0,NE@7.9,12.1,69.4,0.0,401,"Wheeler, Grant County",330027,Wheeler,2017-12-01 12:36:21.417246
2015-09-05,14:00,64.8,64.7,52.0,63.2,0.0,NE@9.9,13.5,69.5,0.0,458,"Wheeler, Grant County",330027,Wheeler,2017-12-01 12:36:21.417246
2015-09-05,14:15,66.1,65.8,52.8,62.0,0.0,NE@10.6,15.0,69.5,0.0,687,"Wheeler, Grant County",330027,Wheeler,2017-12-01 12:36:21.417246
2015-09-05,14:30,65.7,65.3,51.8,60.8,0.0,NE@10.0,13.9,69.6,0.0,603,"Wheeler, Grant County",330027,Wheeler,2017-12-01 12:36:21.417246
2015-09-05,14:45,65.5,65.2,50.3,57.9,0.0,NE@9.1,12.8,69.7,0.0,517,"Wheeler, Grant County",330027,Wheeler,2017-12-01 12:36:21.417246
2015-09-05,15:00,65.7,65.3,49.3,55.3,0.0,NE@9.0,12.1,69.8,0.0,398,"Wheeler, Grant County",330027,Wheeler,2017-12-01 12:36:21.417246
2015-09-05,15:15,63.1,62.9,48.1,57.8,0.0,NE@6.7,10.3,70.0,0.0,121,"Wheeler, Grant County",330027,Wheeler,2017-12-01 12:36:21.417246
2015-09-05,15:30,63.4,63.4,48.5,58.2,0.0,E@5.5,8.9,70.1,0.0,192,"Wheeler, Grant County",330027,Wheeler,2017-12-01 12:36:21.417246
2015-09-05,15:45,64.8,64.7,47.1,52.5,0.0,E@4.4,7.1,70.2,0.0,172,"Wheeler, Grant County",330027,Wheeler,2017-12-01 12:36:21.417246
2015-09-05,16:00,64.3,64.1,48.6,56.6,0.0,SE@5.9,7.8,70.3,0.0,127,"Wheeler, Grant County",330027,Wheeler,2017-12-01 12:36:21.417246
2015-09-05,16:15,64.2,64.0,47.9,55.4,0.0,E@5.9,8.2,70.4,0.0,134,"Wheeler, Grant County",330027,Wheeler,2017-12-01 12:36:21.417246
2015-09-05,16:30,63.2,62.9,47.0,55.4,0.0,NE@7.7,11.0,70.5,0.0,103,"Wheeler, Grant County",330027,Wheeler,2017-12-01 12:36:21.417246
2015-09-05,16:45,63.0,62.8,46.5,54.8,0.0,NE@6.6,9.2,70.6,0.0,151,"Wheeler, Grant County",330027,Wheeler,2017-12-01 12:36:21.417246
2015-09-05,17:00,62.4,62.2,47.9,59.0,0.0,E@7.2,9.6,70.6,0.0,89,"Wheeler, Grant County",330027,Wheeler,2017-12-01 12:36:21.417246
2015-09-05,17:15,61.7,61.6,48.8,62.3,0.0,E@6.9,9.6,70.7,0.0,61,"Wheeler, Grant County",330027,Wheeler,2017-12-01 12:36:21.417246
2015-09-05,17:30,60.5,60.3,50.0,68.3,0.0,E@4.7,7.1,70.7,0.0,39,"Wheeler, Grant County",330027,Wheeler,2017-12-01 12:36:21.417246
2015-09-05,17:45,59.4,59.2,49.9,70.7,0.0,NW@1.9,3.1,70.8,0.0,32,"Wheeler, Grant County",330027,Wheeler,2017-12-01 12:36:21.417246
2015-09-05,18:00,59.5,59.4,50.1,70.9,0.0,SE@4.0,5.7,70.8,0.0,24,"Wheeler, Grant County",330027,Wheeler,2017-12-01 12:36:21.417246
2015-09-05,18:15,58.5,58.1,50.9,75.9,0.0,SE@3.0,4.6,70.9,0.0,12,"Wheeler, Grant County",330027,Wheeler,2017-12-01 12:36:21.417246
2015-09-05,18:30,57.6,57.3,50.5,77.1,0.0,NE@1.8,3.5,70.9,0.0,6,"Wheeler, Grant County",330027,Wheeler,2017-12-01 12:36:21.417246
2015-09-05,18:45,57.9,57.8,49.0,72.1,0.0,SE@2.9,4.6,71.0,0.0,2,"Wheeler, Grant County",330027,Wheeler,2017-12-01 12:36:21.417246
2015-09-05,19:00,57.6,57.5,49.6,74.6,0.0,SE@4.3,6.0,71.0,0.0,1,"Wheeler, Grant County",330027,Wheeler,2017-12-01 12:36:21.417246
2015-09-05,19:15,56.7,56.4,50.2,78.6,0.0,S@4.7,6.0,71.0,0.0,0,"Wheeler, Grant County",330027,Wheeler,2017-12-01 12:36:21.417246
2015-09-05,19:30,55.0,55.0,50.6,85.0,0.0,S@5.4,6.4,71.0,0.0,0,"Wheeler, Grant County",330027,Wheeler,2017-12-01 12:36:21.417246
2015-09-05,19:45,54.7,54.6,50.3,85.0,0.0,S@6.0,7.4,71.0,0.0,0,"Wheeler, Grant County",330027,Wheeler,2017-12-01 12:36:21.417246
2015-09-05,20:00,54.6,54.5,49.2,81.9,0.0,S@7.2,8.9,71.0,0.0,0,"Wheeler, Grant County",330027,Wheeler,2017-12-01 12:36:21.417246
2015-09-05,20:15,54.8,54.8,48.1,78.0,0.0,S@7.8,9.6,70.9,0.0,0,"Wheeler, Grant County",330027,Wheeler,2017-12-01 12:36:21.417246
2015-09-05,20:30,53.9,53.8,46.7,76.4,0.0,SW@7.7,8.9,70.9,0.0,0,"Wheeler, Grant County",330027,Wheeler,2017-12-01 12:36:21.417246
2015-09-05,20:45,52.9,52.7,45.5,75.7,0.0,SW@7.7,8.9,70.9,0.0,0,"Wheeler, Grant County",330027,Wheeler,2017-12-01 12:36:21.417246
2015-09-05,21:00,52.0,51.9,45.0,76.9,0.0,SW@7.5,9.2,70.9,0.0,0,"Wheeler, Grant County",330027,Wheeler,2017-12-01 12:36:21.417246
2015-09-05,21:15,51.7,51.6,43.8,74.3,0.0,SW@7.9,9.2,70.8,0.0,0,"Wheeler, Grant County",330027,Wheeler,2017-12-01 12:36:21.417246
2015-09-05,21:30,51.4,51.3,43.2,73.5,0.0,SW@8.0,9.6,70.8,0.0,0,"Wheeler, Grant County",330027,Wheeler,2017-12-01 12:36:21.417246
2015-09-05,21:45,50.8,50.8,43.0,74.5,0.0,SW@8.1,9.2,70.7,0.0,0,"Wheeler, Grant County",330027,Wheeler,2017-12-01 12:36:21.417246
2015-09-05,22:00,50.5,50.5,43.2,75.7,0.0,SW@8.8,11.0,70.7,0.0,0,"Wheeler, Grant County",330027,Wheeler,2017-12-01 12:36:21.417246
2015-09-05,22:15,50.7,50.6,43.6,76.5,0.0,SW@8.8,10.3,70.6,0.0,0,"Wheeler, Grant County",330027,Wheeler,2017-12-01 12:36:21.417246
2015-09-05,22:30,50.0,50.0,44.0,79.7,0.0,SW@9.0,10.3,70.5,0.0,0,"Wheeler, Grant County",330027,Wheeler,2017-12-01 12:36:21.417246
2015-09-05,22:45,49.9,49.9,44.4,81.3,0.0,SW@9.0,10.3,70.5,0.0,0,"Wheeler, Grant County",330027,Wheeler,2017-12-01 12:36:21.417246
2015-09-05,23:00,50.1,50.1,44.4,80.5,0.0,SW@8.8,10.7,70.4,0.0,0,"Wheeler, Grant County",330027,Wheeler,2017-12-01 12:36:21.417246
2015-09-06,23:15,50.5,50.4,44.3,79.4,0.0,SW@7.3,9.2,70.3,0.0,0,"Wheeler, Grant County",330027,Wheeler,2017-12-01 12:36:21.417246
2015-09-06,23:30,49.4,49.1,43.9,81.4,0.0,SW@7.0,9.2,70.2,0.0,0,"Wheeler, Grant County",330027,Wheeler,2017-12-01 12:36:21.417246
2015-09-06,23:45,49.3,49.5,44.0,81.6,0.0,SW@8.7,11.0,70.1,0.0,0,"Wheeler, Grant County",330027,Wheeler,2017-12-01 12:36:21.417246
2015-09-06,24:00,47.9,47.7,43.6,84.9,0.0,S@6.9,11.7,70.0,0.0,0,"Wheeler, Grant County",330027,Wheeler,2017-12-01 12:36:21.417246
2015-09-06,00:15,48.9,49.0,43.8,82.3,0.0,SW@7.7,9.9,70.0,0.0,0,"Wheeler, Grant County",330027,Wheeler,2017-12-01 12:36:21.417246
2015-09-06,00:30,48.9,48.7,43.3,80.9,0.0,SW@7.8,9.2,69.9,0.0,0,"Wheeler, Grant County",330027,Wheeler,2017-12-01 12:36:21.417246
2015-09-06,00:45,48.2,48.2,43.6,84.0,0.0,SW@8.7,10.7,69.8,0.0,0,"Wheeler, Grant County",330027,Wheeler,2017-12-01 12:36:21.417246
2015-09-06,01:00,48.1,48.1,43.2,83.1,0.0,SW@6.8,8.2,69.7,0.0,0,"Wheeler, Grant County",330027,Wheeler,2017-12-01 12:36:21.417246
2015-09-06,01:15,47.6,47.4,43.0,84.0,0.0,S@5.6,7.1,69.6,0.0,0,"Wheeler, Grant County",330027,Wheeler,2017-12-01 12:36:21.417246
2015-09-06,01:30,46.6,46.5,43.0,87.1,0.01,SE@2.8,3.9,69.5,0.0,0,"Wheeler, Grant County",330027,Wheeler,2017-12-01 12:36:21.417246
2015-09-06,01:45,46.9,46.9,43.0,85.9,0.04,S@2.7,5.7,69.4,0.0,0,"Wheeler, Grant County",330027,Wheeler,2017-12-01 12:36:21.417246
2015-09-06,02:00,46.9,46.9,42.6,84.9,0.0,S@6.0,7.1,69.3,0.0,0,"Wheeler, Grant County",330027,Wheeler,2017-12-01 12:36:21.417246
2015-09-06,02:15,45.8,45.6,42.4,87.7,0.0,S@7.5,9.9,69.1,0.0,0,"Wheeler, Grant County",330027,Wheeler,2017-12-01 12:36:21.417246
2015-09-06,02:30,45.6,45.7,42.7,89.3,0.0,S@8.5,9.9,69.0,0.0,0,"Wheeler, Grant County",330027,Wheeler,2017-12-01 12:36:21.417246
2015-09-06,02:45,45.8,45.8,42.5,88.2,0.0,S@8.5,10.7,68.9,0.0,0,"Wheeler, Grant County",330027,Wheeler,2017-12-01 12:36:21.417246
2015-09-06,03:00,46.3,46.3,42.5,86.5,0.0,S@7.8,9.2,68.8,0.0,0,"Wheeler, Grant County",330027,Wheeler,2017-12-01 12:36:21.417246
2015-09-06,03:15,44.8,44.6,42.1,89.9,0.03,SE@6.0,8.5,68.7,0.0,0,"Wheeler, Grant County",330027,Wheeler,2017-12-01 12:36:21.417246
2015-09-06,03:30,44.2,44.1,42.2,92.7,0.09,SE@6.1,8.5,68.6,0.0,0,"Wheeler, Grant County",330027,Wheeler,2017-12-01 12:36:21.417246
2015-09-06,03:45,44.4,44.4,42.3,92.1,0.03,S@7.9,9.6,68.5,0.0,0,"Wheeler, Grant County",330027,Wheeler,2017-12-01 12:36:21.417246
2015-09-06,04:00,44.1,44.1,42.2,92.9,0.04,S@6.8,8.5,68.4,0.0,0,"Wheeler, Grant County",330027,Wheeler,2017-12-01 12:36:21.417246
2015-09-06,04:15,44.7,44.7,42.7,92.6,0.0,SE@7.5,10.7,68.2,0.0,0,"Wheeler, Grant County",330027,Wheeler,2017-12-01 12:36:21.417246
2015-09-06,04:30,45.0,45.0,42.7,91.7,0.0,SE@7.4,9.2,68.1,0.0,0,"Wheeler, Grant County",330027,Wheeler,2017-12-01 12:36:21.417246
2015-09-06,04:45,45.1,45.1,42.6,90.7,0.0,SE@7.4,8.5,68.0,0.0,0,"Wheeler, Grant County",330027,Wheeler,2017-12-01 12:36:21.417246
2015-09-06,05:00,45.2,45.2,42.5,90.1,0.0,S@7.2,8.9,67.9,0.0,1,"Wheeler, Grant County",330027,Wheeler,2017-12-01 12:36:21.417246
2015-09-06,05:15,45.0,45.0,42.3,90.0,0.0,S@8.3,9.9,67.8,0.0,2,"Wheeler, Grant County",330027,Wheeler,2017-12-01 12:36:21.417246
2015-09-06,05:30,44.9,44.9,42.2,90.1,0.0,S@8.6,10.3,67.7,0.0,6,"Wheeler, Grant County",330027,Wheeler,2017-12-01 12:36:21.417246
2015-09-06,05:45,45.5,45.6,42.6,89.5,0.0,S@9.0,10.7,67.6,0.0,26,"Wheeler, Grant County",330027,Wheeler,2017-12-01 12:36:21.417246
2015-09-06,06:00,46.2,46.2,43.3,89.6,0.0,S@8.6,10.3,67.4,0.0,38,"Wheeler, Grant County",330027,Wheeler,2017-12-01 12:36:21.417246
2015-09-06,06:15,47.1,47.2,44.1,89.2,0.0,S@8.9,11.0,67.3,0.0,49,"Wheeler, Grant County",330027,Wheeler,2017-12-01 12:36:21.417246
2015-09-06,06:30,47.2,47.1,44.8,91.3,0.0,SE@7.8,9.9,67.2,0.0,50,"Wheeler, Grant County",330027,Wheeler,2017-12-01 12:36:21.417246
2015-09-06,06:45,46.9,46.9,45.1,93.5,0.0,SE@7.1,9.6,67.1,0.0,59,"Wheeler, Grant County",330027,Wheeler,2017-12-01 12:36:21.417246
2015-09-06,07:00,47.5,47.5,45.8,93.6,0.0,SE@6.5,8.5,67.0,0.0,105,"Wheeler, Grant County",330027,Wheeler,2017-12-01 12:36:21.417246
2015-09-06,07:15,48.7,48.7,46.5,92.1,0.0,SE@6.8,9.6,66.9,0.0,141,"Wheeler, Grant County",330027,Wheeler,2017-12-01 12:36:21.417246
2015-09-06,07:30,49.5,49.4,46.8,90.5,0.0,SE@5.9,8.5,66.8,0.0,150,"Wheeler, Grant County",330027,Wheeler,2017-12-01 12:36:21.417246
2015-09-06,07:45,50.3,50.3,47.4,89.6,0.0,SE@6.9,9.6,66.6,0.0,186,"Wheeler, Grant County",330027,Wheeler,2017-12-01 12:36:21.417246
2015-09-06,08:00,51.4,51.4,48.0,88.1,0.0,S@7.3,10.3,66.5,0.0,218,"Wheeler, Grant County",330027,Wheeler,2017-12-01 12:36:21.417246
2015-09-06,08:15,51.7,51.7,47.7,86.0,0.0,S@7.1,9.6,66.4,0.0,143,"Wheeler, Grant County",330027,Wheeler,2017-12-01 12:36:21.417246
2015-09-06,08:30,52.5,52.5,47.8,83.9,0.0,S@7.4,9.9,66.3,0.0,263,"Wheeler, Grant County",330027,Wheeler,2017-12-01 12:36:21.417246
2015-09-06,08:45,53.7,53.6,47.9,80.7,0.0,S@6.6,9.9,66.2,0.0,307,"Wheeler, Grant County",330027,Wheeler,2017-12-01 12:36:21.417246
2015-09-06,09:00,54.3,54.2,47.5,77.7,0.0,S@6.6,9.9,66.1,0.0,281,"Wheeler, Grant County",330027,Wheeler,2017-12-01 12:36:21.417246
2015-09-06,09:15,55.0,54.8,47.5,75.9,0.0,SW@5.8,8.2,66.1,0.0,278,"Wheeler, Grant County",330027,Wheeler,2017-12-01 12:36:21.417246
2015-09-06,09:30,56.1,56.0,47.6,73.1,0.0,SW@5.6,8.5,66.0,0.0,503,"Wheeler, Grant County",330027,Wheeler,2017-12-01 12:36:21.417246
2015-09-06,09:45,57.0,56.7,47.5,70.5,0.0,SW@5.9,9.6,65.9,0.0,408,"Wheeler, Grant County",330027,Wheeler,2017-12-01 12:36:21.417246
2015-09-06,10:00,57.7,57.6,46.9,67.0,0.0,SW@4.3,7.4,65.8,0.0,456,"Wheeler, Grant County",330027,Wheeler,2017-12-01 12:36:21.417246
2015-09-06,10:15,59.0,58.9,46.1,62.1,0.0,SW@5.7,8.9,65.7,0.0,503,"Wheeler, Grant County",330027,Wheeler,2017-12-01 12:36:21.417246
2015-09-06,10:30,57.8,57.6,45.1,62.5,0.06,SW@4.4,8.5,65.7,0.0,211,"Wheeler, Grant County",330027,Wheeler,2017-12-01 12:36:21.417246
2015-09-06,10:45,58.6,58.5,45.6,61.9,0.21,S@4.7,6.7,65.6,0.0,552,"Wheeler, Grant County",330027,Wheeler,2017-12-01 12:36:21.417246
2015-09-06,11:00,60.3,60.1,46.2,59.7,0.0,S@5.2,8.9,65.6,0.0,667,"Wheeler, Grant County",330027,Wheeler,2017-12-01 12:36:21.417246
2015-09-06,11:15,59.4,59.0,44.8,58.5,0.0,S@6.1,9.6,65.6,0.0,411,"Wheeler, Grant County",330027,Wheeler,2017-12-01 12:36:21.417246
2015-09-06,11:30,59.7,59.4,44.3,56.7,0.0,S@5.4,9.9,65.5,0.0,414,"Wheeler, Grant County",330027,Wheeler,2017-12-01 12:36:21.417246
2015-09-06,11:45,59.4,59.2,43.8,56.0,0.0,SW@5.4,8.2,65.5,0.0,407,"Wheeler, Grant County",330027,Wheeler,2017-12-01 12:36:21.417246
2015-09-06,12:00,60.0,59.8,46.0,59.6,0.0,S@6.2,11.4,65.5,0.0,576,"Wheeler, Grant County",330027,Wheeler,2017-12-01 12:36:21.417246
2015-09-06,12:15,60.4,60.2,45.0,56.8,0.0,S@6.5,9.9,65.5,0.0,536,"Wheeler, Grant County",330027,Wheeler,2017-12-01 12:36:21.417246
2015-09-06,12:30,60.0,59.7,44.2,55.7,0.0,SW@7.4,10.3,65.6,0.0,431,"Wheeler, Grant County",330027,Wheeler,2017-12-01 12:36:21.417246
2015-09-06,12:45,59.6,59.4,43.6,55.3,0.0,SW@4.8,8.5,65.6,0.0,303,"Wheeler, Grant County",330027,Wheeler,2017-12-01 12:36:21.417246
2015-09-06,13:00,60.2,59.9,44.3,55.8,0.0,SW@5.0,7.8,65.6,0.0,418,"Wheeler, Grant County",330027,Wheeler,2017-12-01 12:36:21.417246
2015-09-06,13:15,61.2,60.9,44.1,53.3,0.0,S@3.8,6.7,65.7,0.0,545,"Wheeler, Grant County",330027,Wheeler,2017-12-01 12:36:21.417246
2015-09-06,13:30,62.2,61.9,44.2,51.6,0.0,S@4.9,9.2,65.7,0.0,770,"Wheeler, Grant County",330027,Wheeler,2017-12-01 12:36:21.417246
2015-09-06,13:45,62.9,62.6,44.4,50.9,0.0,S@4.9,9.2,65.8,0.0,704,"Wheeler, Grant County",330027,Wheeler,2017-12-01 12:36:21.417246
2015-09-06,14:00,63.2,62.9,43.7,48.8,0.0,S@4.7,8.2,65.8,0.0,674,"Wheeler, Grant County",330027,Wheeler,2017-12-01 12:36:21.417246
2015-09-06,14:15,63.5,63.1,43.1,47.3,0.0,S@4.3,11.0,65.9,0.0,651,"Wheeler, Grant County",330027,Wheeler,2017-12-01 12:36:21.417246
2015-09-06,14:30,63.4,63.3,44.0,49.3,0.0,W@4.2,10.7,66.0,0.0,609,"Wheeler, Grant County",330027,Wheeler,2017-12-01 12:36:21.417246
2015-09-06,14:45,64.1,63.8,44.5,48.8,0.0,SW@4.7,8.9,66.1,0.0,684,"Wheeler, Grant County",330027,Wheeler,2017-12-01 12:36:21.417246
2015-09-06,15:00,64.1,63.8,44.6,49.1,0.0,S@4.9,8.9,66.2,0.0,563,"Wheeler, Grant County",330027,Wheeler,2017-12-01 12:36:21.417246
2015-09-06,15:15,64.0,63.8,44.6,49.3,0.0,SW@4.4,9.6,66.3,0.0,488,"Wheeler, Grant County",330027,Wheeler,2017-12-01 12:36:21.417246
2015-09-06,15:30,64.4,64.1,44.9,49.1,0.0,S@3.6,7.8,66.3,0.0,488,"Wheeler, Grant County",330027,Wheeler,2017-12-01 12:36:21.417246
2015-09-06,15:45,63.7,63.5,44.9,50.2,0.0,W@3.9,8.5,66.4,0.0,276,"Wheeler, Grant County",330027,Wheeler,2017-12-01 12:36:21.417246
2015-09-06,16:00,63.5,63.6,45.2,51.1,0.0,NW@2.9,5.3,66.6,0.0,224,"Wheeler, Grant County",330027,Wheeler,2017-12-01 12:36:21.417246
2015-09-06,16:15,64.5,64.4,45.4,49.8,0.0,W@2.9,9.6,66.7,0.0,338,"Wheeler, Grant County",330027,Wheeler,2017-12-01 12:36:21.417246
2015-09-06,16:30,64.8,64.4,45.2,49.0,0.0,S@3.7,8.2,66.8,0.0,339,"Wheeler, Grant County",330027,Wheeler,2017-12-01 12:36:21.417246
2015-09-06,16:45,64.3,63.9,45.9,51.1,0.0,SW@5.2,8.2,66.9,0.0,273,"Wheeler, Grant County",330027,Wheeler,2017-12-01 12:36:21.417246
2015-09-06,17:00,64.3,64.0,46.1,51.6,0.0,SW@5.1,7.1,67.0,0.0,221,"Wheeler, Grant County",330027,Wheeler,2017-12-01 12:36:21.417246
2015-09-06,17:15,63.7,63.3,45.8,52.1,0.0,S@4.5,7.4,67.1,0.0,158,"Wheeler, Grant County",330027,Wheeler,2017-12-01 12:36:21.417246
2015-09-06,17:30,63.1,62.8,45.9,53.4,0.0,SE@4.0,5.7,67.2,0.0,138,"Wheeler, Grant County",330027,Wheeler,2017-12-01 12:36:21.417246
2015-09-06,17:45,62.5,62.1,47.2,57.2,0.0,S@3.4,4.6,67.3,0.0,76,"Wheeler, Grant County",330027,Wheeler,2017-12-01 12:36:21.417246
2015-09-06,18:00,60.2,59.8,48.7,65.8,0.0,S@4.0,5.3,67.4,0.0,36,"Wheeler, Grant County",330027,Wheeler,2017-12-01 12:36:21.417246
2015-09-06,18:15,58.8,58.5,50.4,73.6,0.0,S@3.7,4.6,67.5,0.0,14,"Wheeler, Grant County",330027,Wheeler,2017-12-01 12:36:21.417246
2015-09-06,18:30,57.5,57.3,50.4,77.3,0.0,S@4.0,4.6,67.6,0.0,7,"Wheeler, Grant County",330027,Wheeler,2017-12-01 12:36:21.417246
2015-09-06,18:45,57.5,57.3,49.7,75.3,0.0,S@4.1,4.6,67.7,0.0,2,"Wheeler, Grant County",330027,Wheeler,2017-12-01 12:36:21.417246
2015-09-06,19:00,57.5,57.5,49.3,74.1,0.0,SE@4.2,5.3,67.8,0.0,1,"Wheeler, Grant County",330027,Wheeler,2017-12-01 12:36:21.417246
2015-09-06,19:15,58.0,57.9,48.7,71.2,0.0,SE@5.3,7.4,67.8,0.0,0,"Wheeler, Grant County",330027,Wheeler,2017-12-01 12:36:21.417246
2015-09-06,19:30,57.1,56.9,49.2,74.9,0.02,SE@5.1,6.0,67.9,0.0,0,"Wheeler, Grant County",330027,Wheeler,2017-12-01 12:36:21.417246
2015-09-06,19:45,55.5,55.3,49.5,80.2,0.0,S@5.8,7.1,67.9,0.0,0,"Wheeler, Grant County",330027,Wheeler,2017-12-01 12:36:21.417246
2015-09-06,20:00,54.4,54.3,49.3,82.8,0.0,S@6.2,7.1,67.9,0.0,0,"Wheeler, Grant County",330027,Wheeler,2017-12-01 12:36:21.417246
2015-09-06,20:15,53.9,53.9,49.1,83.6,0.0,S@7.2,8.9,68.0,0.0,0,"Wheeler, Grant County",330027,Wheeler,2017-12-01 12:36:21.417246
2015-09-06,20:30,53.7,53.6,49.1,84.3,0.0,S@7.3,8.5,68.0,0.0,0,"Wheeler, Grant County",330027,Wheeler,2017-12-01 12:36:21.417246
2015-09-06,20:45,53.7,53.7,49.5,85.5,0.0,S@6.0,7.4,68.0,0.0,0,"Wheeler, Grant County",330027,Wheeler,2017-12-01 12:36:21.417246
2015-09-06,21:00,54.3,54.2,49.4,83.6,0.0,S@6.1,8.2,68.0,0.0,0,"Wheeler, Grant County",330027,Wheeler,2017-12-01 12:36:21.417246
2015-09-06,21:15,54.2,54.1,49.3,83.6,0.0,S@6.5,7.8,67.9,0.0,0,"Wheeler, Grant County",330027,Wheeler,2017-12-01 12:36:21.417246
2015-09-06,21:30,53.8,53.6,49.3,84.8,0.0,S@5.6,7.1,67.9,0.0,0,"Wheeler, Grant County",330027,Wheeler,2017-12-01 12:36:21.417246
2015-09-06,21:45,53.0,52.9,49.6,87.9,0.0,SE@5.4,6.7,67.9,0.0,0,"Wheeler, Grant County",330027,Wheeler,2017-12-01 12:36:21.417246
2015-09-06,22:00,52.1,52.0,49.3,90.0,0.05,SE@5.2,7.1,67.9,0.0,0,"Wheeler, Grant County",330027,Wheeler,2017-12-01 12:36:21.417246
2015-09-06,22:15,51.6,51.5,49.1,91.1,0.08,SE@6.6,7.8,67.8,0.0,0,"Wheeler, Grant County",330027,Wheeler,2017-12-01 12:36:21.417246
2015-09-06,22:30,51.1,51.0,48.9,92.3,0.1,SE@7.3,8.5,67.8,0.0,0,"Wheeler, Grant County",330027,Wheeler,2017-12-01 12:36:21.417246
2015-09-06,22:45,51.3,51.3,49.0,91.7,0.09,SE@6.2,7.4,67.8,0.0,0,"Wheeler, Grant County",330027,Wheeler,2017-12-01 12:36:21.417246
2015-09-06,23:00,51.4,51.4,49.0,91.4,0.08,SE@7.3,9.2,67.7,0.0,0,"Wheeler, Grant County",330027,Wheeler,2017-12-01 12:36:21.417246
2015-09-07,23:15,51.1,51.0,48.7,91.4,0.1,SE@5.3,6.4,67.6,0.0,0,"Wheeler, Grant County",330027,Wheeler,2017-12-01 12:36:21.417246
2015-09-07,23:30,51.0,50.9,48.4,90.9,0.09,SE@5.5,6.7,67.6,0.0,0,"Wheeler, Grant County",330027,Wheeler,2017-12-01 12:36:21.417246
2015-09-07,23:45,50.7,50.6,48.0,90.3,0.07,S@5.8,7.4,67.5,0.0,0,"Wheeler, Grant County",330027,Wheeler,2017-12-01 12:36:21.417246
2015-09-07,24:00,50.5,50.4,48.0,91.1,0.07,S@6.0,6.7,67.5,0.0,0,"Wheeler, Grant County",330027,Wheeler,2017-12-01 12:36:21.417246
2015-09-07,00:15,50.0,50.0,47.7,91.8,0.08,S@5.4,6.7,67.4,0.0,0,"Wheeler, Grant County",330027,Wheeler,2017-12-01 12:36:21.417246
2015-09-07,00:30,49.6,49.5,47.5,92.4,0.08,S@6.3,7.1,67.4,0.0,0,"Wheeler, Grant County",330027,Wheeler,2017-12-01 12:36:21.417246
2015-09-07,00:45,49.1,49.0,47.3,93.4,0.09,S@6.0,7.1,67.3,0.0,0,"Wheeler, Grant County",330027,Wheeler,2017-12-01 12:36:21.417246
2015-09-07,01:00,49.2,49.3,47.4,93.4,0.08,S@6.8,8.2,67.2,0.0,0,"Wheeler, Grant County",330027,Wheeler,2017-12-01 12:36:21.417246
2015-09-07,01:15,49.6,49.5,47.4,92.2,0.06,S@6.1,7.8,67.1,0.0,0,"Wheeler, Grant County",330027,Wheeler,2017-12-01 12:36:21.417246
2015-09-07,01:30,49.1,49.0,47.2,93.0,0.08,SE@5.8,7.4,67.1,0.0,0,"Wheeler, Grant County",330027,Wheeler,2017-12-01 12:36:21.417246
2015-09-07,01:45,49.0,49.1,47.2,93.1,0.06,S@6.3,7.4,67.0,0.0,0,"Wheeler, Grant County",330027,Wheeler,2017-12-01 12:36:21.417246
2015-09-07,02:00,49.3,49.3,47.1,92.0,0.03,S@6.5,8.5,66.9,0.0,0,"Wheeler, Grant County",330027,Wheeler,2017-12-01 12:36:21.417246
2015-09-07,02:15,49.2,49.1,47.3,93.0,0.06,SE@6.6,8.5,66.8,0.0,0,"Wheeler, Grant County",330027,Wheeler,2017-12-01 12:36:21.417246
2015-09-07,02:30,48.8,48.8,47.0,93.3,0.08,SE@6.5,8.2,66.7,0.0,0,"Wheeler, Grant County",330027,Wheeler,2017-12-01 12:36:21.417246
2015-09-07,02:45,48.9,48.9,47.1,93.4,0.1,SE@7.2,8.5,66.7,0.0,0,"Wheeler, Grant County",330027,Wheeler,2017-12-01 12:36:21.417246
2015-09-07,03:00,48.9,48.9,47.0,93.2,0.09,SE@6.5,8.2,66.6,0.0,0,"Wheeler, Grant County",330027,Wheeler,2017-12-01 12:36:21.417246
2015-09-07,03:15,48.6,48.5,46.9,94.0,0.09,SE@5.8,7.4,66.5,0.0,0,"Wheeler, Grant County",330027,Wheeler,2017-12-01 12:36:21.417246
2015-09-07,03:30,48.6,48.6,47.2,94.6,0.09,S@6.2,7.8,66.4,0.0,0,"Wheeler, Grant County",330027,Wheeler,2017-12-01 12:36:21.417246
2015-09-07,03:45,49.0,49.0,47.3,93.9,0.08,SE@7.1,9.6,66.3,0.0,0,"Wheeler, Grant County",330027,Wheeler,2017-12-01 12:36:21.417246
2015-09-07,04:00,48.9,48.9,47.2,93.7,0.07,SE@6.4,8.5,66.3,0.0,0,"Wheeler, Grant County",330027,Wheeler,2017-12-01 12:36:21.417246
2015-09-07,04:15,48.9,48.9,47.2,93.7,0.06,SE@6.7,8.2,66.2,0.0,0,"Wheeler, Grant County",330027,Wheeler,2017-12-01 12:36:21.417246
2015-09-07,04:30,49.2,49.2,47.4,93.5,0.06,SE@6.6,8.2,66.1,0.0,0,"Wheeler, Grant County",330027,Wheeler,2017-12-01 12:36:21.417246
2015-09-07,04:45,49.4,49.2,47.4,92.7,0.07,SE@2.1,5.7,66.0,0.0,0,"Wheeler, Grant County",330027,Wheeler,2017-12-01 12:36:21.417246
2015-09-07,05:00,49.2,49.1,47.5,94.0,0.07,SE@5.3,8.9,65.9,0.0,1,"Wheeler, Grant County",330027,Wheeler,2017-12-01 12:36:21.417246
2015-09-07,05:15,49.1,49.1,47.6,94.4,0.08,SE@4.7,7.1,65.8,0.0,2,"Wheeler, Grant County",330027,Wheeler,2017-12-01 12:36:21.417246
2015-09-07,05:30,49.2,49.1,47.8,94.6,0.08,E@3.1,4.9,65.8,0.0,2,"Wheeler, Grant County",330027,Wheeler,2017-12-01 12:36:21.417246
2015-09-07,05:45,49.1,49.0,47.8,95.3,0.09,E@3.8,4.9,65.7,0.0,7,"Wheeler, Grant County",330027,Wheeler,2017-12-01 12:36:21.417246
2015-09-07,06:00,49.0,48.9,47.9,96.0,0.11,SE@4.1,5.3,65.6,0.0,22,"Wheeler, Grant County",330027,Wheeler,2017-12-01 12:36:21.417246
2015-09-07,06:15,49.5,49.6,48.6,96.6,0.13,SE@4.6,6.4,65.5,0.0,39,"Wheeler, Grant County",330027,Wheeler,2017-12-01 12:36:21.417246
2015-09-07,06:30,50.3,50.3,49.0,95.3,0.08,S@6.0,8.2,65.4,0.0,44,"Wheeler, Grant County",330027,Wheeler,2017-12-01 12:36:21.417246
2015-09-07,06:45,50.5,50.5,49.1,94.8,0.07,S@6.6,8.9,65.4,0.0,62,"Wheeler, Grant County",330027,Wheeler,2017-12-01 12:36:21.417246
2015-09-07,07:00,50.8,50.8,49.5,95.1,0.09,SE@8.1,11.4,65.3,0.0,107,"Wheeler, Grant County",330027,Wheeler,2017-12-01 12:36:21.417246
2015-09-07,07:15,52.2,52.1,50.3,93.3,0.04,SE@8.3,11.0,65.2,0.0,239,"Wheeler, Grant County",330027,Wheeler,2017-12-01 12:36:21.417246
2015-09-07,07:30,53.1,53.0,50.8,91.7,0.0,SE@7.9,11.0,65.1,0.0,308,"Wheeler, Grant County",330027,Wheeler,2017-12-01 12:36:21.417246
2015-09-07,07:45,54.1,53.9,51.2,90.0,0.0,S@7.6,9.9,65.1,0.0,365,"Wheeler, Grant County",330027,Wheeler,2017-12-01 12:36:21.417246
2015-09-07,08:00,55.5,55.4,51.6,86.6,0.0,S@6.6,8.9,65.0,0.0,436,"Wheeler, Grant County",330027,Wheeler,2017-12-01 12:36:21.417246
2015-09-07,08:15,56.6,56.4,51.9,84.2,0.0,S@7.0,10.3,64.9,0.0,428,"Wheeler, Grant County",330027,Wheeler,2017-12-01 12:36:21.417246
2015-09-07,08:30,56.5,56.3,52.0,84.8,0.0,S@8.2,11.4,64.9,0.0,306,"Wheeler, Grant County",330027,Wheeler,2017-12-01 12:36:21.417246
2015-09-07,08:45,56.8,56.7,52.1,84.2,0.0,S@6.9,9.6,64.8,0.0,308,"Wheeler, Grant County",330027,Wheeler,2017-12-01 12:36:21.417246
2015-09-07,09:00,57.6,57.4,51.5,80.0,0.0,S@5.5,8.2,64.7,0.0,332,"Wheeler, Grant County",330027,Wheeler,2017-12-01 12:36:21.417246
2015-09-07,09:15,58.8,58.7,51.4,76.4,0.0,S@4.2,6.4,64.7,0.0,466,"Wheeler, Grant County",330027,Wheeler,2017-12-01 12:36:21.417246
2015-09-07,09:30,60.6,60.5,50.4,69.0,0.0,S@3.5,6.0,64.6,0.0,645,"Wheeler, Grant County",330027,Wheeler,2017-12-01 12:36:21.417246
2015-09-07,09:45,61.4,61.2,51.8,70.8,0.0,S@4.9,8.5,64.6,0.0,655,"Wheeler, Grant County",330027,Wheeler,2017-12-01 12:36:21.417246
2015-09-07,10:00,62.5,62.3,51.7,67.7,0.0,S@5.9,9.2,64.6,0.0,707,"Wheeler, Grant County",330027,Wheeler,2017-12-01 12:36:21.417246
2015-09-07,10:15,63.5,63.2,49.7,60.8,0.0,SW@5.3,9.2,64.5,0.0,690,"Wheeler, Grant County",330027,Wheeler,2017-12-01 12:36:21.417246
2015-09-07,10:30,63.5,63.3,49.1,59.2,0.0,S@6.4,11.0,64.5,0.0,707,"Wheeler, Grant County",330027,Wheeler,2017-12-01 12:36:21.417246
2015-09-07,10:45,64.5,64.2,49.3,57.8,0.0,S@5.8,9.2,64.5,0.0,728,"Wheeler, Grant County",330027,Wheeler,2017-12-01 12:36:21.417246
2015-09-07,11:00,65.3,65.1,49.8,57.1,0.0,S@4.2,8.5,64.5,0.0,778,"Wheeler, Grant County",330027,Wheeler,2017-12-01 12:36:21.417246
2015-09-07,11:15,65.5,65.3,49.3,55.7,0.0,S@6.3,10.7,64.6,0.0,759,"Wheeler, Grant County",330027,Wheeler,2017-12-01 12:36:21.417246
2015-09-07,11:30,66.1,66.0,49.3,54.6,0.0,SW@4.9,9.6,64.6,0.0,766,"Wheeler, Grant County",330027,Wheeler,2017-12-01 12:36:21.417246
2015-09-07,11:45,66.5,66.4,48.7,52.5,0.0,SW@4.4,8.9,64.7,0.0,805,"Wheeler, Grant County",330027,Wheeler,2017-12-01 12:36:21.417246
2015-09-07,12:00,67.4,67.2,48.1,50.0,0.0,S@4.5,9.2,64.7,0.0,797,"Wheeler, Grant County",330027,Wheeler,2017-12-01 12:36:21.417246
2015-09-07,12:15,67.6,67.3,47.5,48.4,0.0,SW@4.6,8.5,64.8,0.0,802,"Wheeler, Grant County",330027,Wheeler,2017-12-01 12:36:21.417246
2015-09-07,12:30,67.6,67.2,48.1,49.7,0.0,S@3.7,10.7,64.9,0.0,504,"Wheeler, Grant County",330027,Wheeler,2017-12-01 12:36:21.417246
2015-09-07,12:45,67.1,67.0,48.8,51.7,0.0,SE@4.4,7.4,65.0,0.0,680,"Wheeler, Grant County",330027,Wheeler,2017-12-01 12:36:21.417246
2015-09-07,13:00,67.3,67.1,48.4,50.6,0.0,S@5.9,9.6,65.2,0.0,517,"Wheeler, Grant County",330027,Wheeler,2017-12-01 12:36:21.417246
2015-09-07,13:15,68.9,68.6,47.5,46.3,0.0,SW@6.0,9.9,65.3,0.0,750,"Wheeler, Grant County",330027,Wheeler,2017-12-01 12:36:21.417246
2015-09-07,13:30,69.1,68.8,47.4,45.7,0.0,S@4.2,9.2,65.5,0.0,674,"Wheeler, Grant County",330027,Wheeler,2017-12-01 12:36:21.417246
2015-09-07,13:45,69.3,69.2,47.2,45.1,0.0,SE@4.1,8.9,65.6,0.0,707,"Wheeler, Grant County",330027,Wheeler,2017-12-01 12:36:21.417246
2015-09-07,14:00,70.0,69.8,46.9,43.7,0.0,SE@4.1,11.7,65.8,0.0,745,"Wheeler, Grant County",330027,Wheeler,2017-12-01 12:36:21.417246
2015-09-07,14:15,69.1,68.7,46.4,44.1,0.0,S@4.2,7.1,66.0,0.0,461,"Wheeler, Grant County",330027,Wheeler,2017-12-01 12:36:21.417246
2015-09-07,14:30,68.7,68.6,46.5,44.9,0.0,SW@5.0,8.9,66.1,0.0,262,"Wheeler, Grant County",330027,Wheeler,2017-12-01 12:36:21.417246
2015-09-07,14:45,69.2,69.1,46.4,43.9,0.0,S@5.2,9.2,66.3,0.0,546,"Wheeler, Grant County",330027,Wheeler,2017-12-01 12:36:21.417246
2015-09-07,15:00,69.9,69.7,46.1,42.5,0.0,S@3.7,6.4,66.5,0.0,547,"Wheeler, Grant County",330027,Wheeler,2017-12-01 12:36:21.417246
2015-09-07,15:15,70.4,70.0,46.7,42.7,0.0,SE@5.1,8.2,66.7,0.0,509,"Wheeler, Grant County",330027,Wheeler,2017-12-01 12:36:21.417246
2015-09-07,15:30,70.4,70.2,46.7,42.7,0.0,S@3.7,9.2,66.9,0.0,471,"Wheeler, Grant County",330027,Wheeler,2017-12-01 12:36:21.417246
2015-09-07,15:45,70.5,70.2,46.8,42.6,0.0,S@3.9,7.1,67.1,0.0,432,"Wheeler, Grant County",330027,Wheeler,2017-12-01 12:36:21.417246
2015-09-07,16:00,70.4,70.1,46.1,41.8,0.0,S@3.8,7.1,67.3,0.0,388,"Wheeler, Grant County",330027,Wheeler,2017-12-01 12:36:21.417246
2015-09-07,16:15,70.3,70.0,45.7,41.3,0.0,S@4.7,9.6,67.4,0.0,342,"Wheeler, Grant County",330027,Wheeler,2017-12-01 12:36:21.417246
2015-09-07,16:30,69.9,69.6,46.0,42.3,0.0,SE@4.6,7.1,67.6,0.0,298,"Wheeler, Grant County",330027,Wheeler,2017-12-01 12:36:21.417246
2015-09-07,16:45,69.8,69.6,47.3,44.5,0.0,S@6.1,8.5,67.8,0.0,251,"Wheeler, Grant County",330027,Wheeler,2017-12-01 12:36:21.417246
2015-09-07,17:00,69.2,68.8,46.4,44.1,0.0,SE@6.1,9.2,67.9,0.0,209,"Wheeler, Grant County",330027,Wheeler,2017-12-01 12:36:21.417246
2015-09-07,17:15,69.0,68.7,46.8,45.0,0.0,SE@5.2,7.8,68.1,0.0,169,"Wheeler, Grant County",330027,Wheeler,2017-12-01 12:36:21.417246
2015-09-07,17:30,68.2,67.8,48.8,49.8,0.0,SE@5.3,7.1,68.2,0.0,121,"Wheeler, Grant County",330027,Wheeler,2017-12-01 12:36:21.417246
2015-09-07,17:45,67.0,66.6,50.2,54.7,0.0,SE@4.6,5.3,68.3,0.0,79,"Wheeler, Grant County",330027,Wheeler,2017-12-01 12:36:21.417246
2015-09-07,18:00,65.3,64.8,52.3,62.8,0.0,SE@4.5,5.3,68.5,0.0,41,"Wheeler, Grant County",330027,Wheeler,2017-12-01 12:36:21.417246
2015-09-07,18:15,63.3,63.0,51.5,65.3,0.0,SE@5.2,6.0,68.6,0.0,12,"Wheeler, Grant County",330027,Wheeler,2017-12-01 12:36:21.417246
2015-09-07,18:30,62.1,62.0,50.2,64.8,0.0,SE@5.3,6.0,68.7,0.0,3,"Wheeler, Grant County",330027,Wheeler,2017-12-01 12:36:21.417246
2015-09-07,18:45,61.2,61.1,49.7,65.7,0.0,SE@5.8,6.4,68.8,0.0,2,"Wheeler, Grant County",330027,Wheeler,2017-12-01 12:36:21.417246
2015-09-07,19:00,60.6,60.4,49.2,65.8,0.0,SE@5.9,6.7,68.9,0.0,1,"Wheeler, Grant County",330027,Wheeler,2017-12-01 12:36:21.417246
2015-09-07,19:15,59.7,59.5,49.5,69.0,0.0,SE@5.8,6.7,68.9,0.0,0,"Wheeler, Grant County",330027,Wheeler,2017-12-01 12:36:21.417246
2015-09-07,19:30,59.3,59.2,49.9,71.1,0.0,SE@6.3,7.1,69.0,0.0,0,"Wheeler, Grant County",330027,Wheeler,2017-12-01 12:36:21.417246
2015-09-07,19:45,58.6,58.5,49.9,72.9,0.0,SE@6.1,6.7,69.0,0.0,0,"Wheeler, Grant County",330027,Wheeler,2017-12-01 12:36:21.417246
2015-09-07,20:00,58.5,58.5,49.5,71.9,0.0,SE@5.8,6.7,69.0,0.0,0,"Wheeler, Grant County",330027,Wheeler,2017-12-01 12:36:21.417246
2015-09-07,20:15,57.6,57.5,49.4,73.9,0.0,SE@4.9,6.0,69.1,0.0,0,"Wheeler, Grant County",330027,Wheeler,2017-12-01 12:36:21.417246
2015-09-07,20:30,57.4,57.4,49.1,73.7,0.0,SE@5.3,6.4,69.1,0.0,0,"Wheeler, Grant County",330027,Wheeler,2017-12-01 12:36:21.417246
2015-09-07,20:45,57.4,57.2,48.8,72.8,0.0,S@5.0,6.0,69.1,0.0,0,"Wheeler, Grant County",330027,Wheeler,2017-12-01 12:36:21.417246
2015-09-07,21:00,57.2,57.1,48.6,72.7,0.0,S@5.2,6.0,69.1,0.0,0,"Wheeler, Grant County",330027,Wheeler,2017-12-01 12:36:21.417246
2015-09-07,21:15,57.0,56.8,48.5,73.0,0.0,SE@4.9,6.0,69.1,0.0,0,"Wheeler, Grant County",330027,Wheeler,2017-12-01 12:36:21.417246
2015-09-07,21:30,56.4,56.3,48.6,75.0,0.0,SE@4.7,6.0,69.0,0.0,0,"Wheeler, Grant County",330027,Wheeler,2017-12-01 12:36:21.417246
2015-09-07,21:45,56.0,55.7,48.4,75.6,0.0,SE@2.3,4.6,69.0,0.0,0,"Wheeler, Grant County",330027,Wheeler,2017-12-01 12:36:21.417246
2015-09-07,22:00,56.2,56.1,48.2,74.6,0.0,SE@4.1,4.6,68.9,0.0,0,"Wheeler, Grant County",330027,Wheeler,2017-12-01 12:36:21.417246
2015-09-07,22:15,56.2,56.0,48.1,74.1,0.0,SE@4.6,5.7,68.9,0.0,0,"Wheeler, Grant County",330027,Wheeler,2017-12-01 12:36:21.417246
2015-09-07,22:30,56.7,56.5,47.6,71.5,0.0,SE@3.1,5.3,68.8,0.0,0,"Wheeler, Grant County",330027,Wheeler,2017-12-01 12:36:21.417246
2015-09-07,22:45,56.2,56.1,47.5,72.4,0.0,SE@3.1,4.2,68.8,0.0,0,"Wheeler, Grant County",330027,Wheeler,2017-12-01 12:36:21.417246
2015-09-07,23:00,55.1,54.8,47.4,75.3,0.0,E@4.1,4.9,68.7,0.0,0,"Wheeler, Grant County",330027,Wheeler,2017-12-01 12:36:21.417246
2015-09-08,23:15,54.9,54.8,47.2,75.0,0.0,SE@4.2,4.9,68.6,0.0,0,"Wheeler, Grant County",330027,Wheeler,2017-12-01 12:36:21.417246
2015-09-08,23:30,54.6,54.3,47.1,75.9,0.0,SE@3.4,4.6,68.6,0.0,0,"Wheeler, Grant County",330027,Wheeler,2017-12-01 12:36:21.417246
2015-09-08,23:45,54.3,54.1,47.2,76.7,0.0,SE@3.7,4.6,68.5,0.0,0,"Wheeler, Grant County",330027,Wheeler,2017-12-01 12:36:21.417246
2015-09-08,24:00,53.8,53.6,47.3,78.7,0.0,SE@3.2,4.6,68.5,0.0,0,"Wheeler, Grant County",330027,Wheeler,2017-12-01 12:36:21.417246
2015-09-08,00:15,53.9,53.8,47.2,77.8,0.0,SE@5.3,6.7,68.4,0.0,0,"Wheeler, Grant County",330027,Wheeler,2017-12-01 12:36:21.417246
2015-09-08,00:30,53.5,53.4,47.2,79.1,0.0,SE@6.0,7.1,68.3,0.0,0,"Wheeler, Grant County",330027,Wheeler,2017-12-01 12:36:21.417246
2015-09-08,00:45,53.3,53.2,47.0,79.3,0.0,SE@5.9,6.7,68.2,0.0,0,"Wheeler, Grant County",330027,Wheeler,2017-12-01 12:36:21.417246
2015-09-08,01:00,52.9,52.8,46.9,79.8,0.0,SE@5.5,6.7,68.1,0.0,0,"Wheeler, Grant County",330027,Wheeler,2017-12-01 12:36:21.417246
2015-09-08,01:15,52.8,52.7,46.8,80.0,0.0,SE@6.3,7.8,68.0,0.0,0,"Wheeler, Grant County",330027,Wheeler,2017-12-01 12:36:21.417246
2015-09-08,01:30,52.1,52.0,46.8,82.1,0.0,SE@6.2,7.4,68.0,0.0,0,"Wheeler, Grant County",330027,Wheeler,2017-12-01 12:36:21.417246
2015-09-08,01:45,52.4,52.3,46.6,80.7,0.0,SE@6.2,7.4,67.9,0.0,0,"Wheeler, Grant County",330027,Wheeler,2017-12-01 12:36:21.417246
2015-09-08,02:00,52.0,51.9,46.4,80.9,0.0,SE@5.7,7.4,67.8,0.0,0,"Wheeler, Grant County",330027,Wheeler,2017-12-01 12:36:21.417246
2015-09-08,02:15,51.6,51.6,46.3,81.9,0.0,SE@5.9,7.1,67.7,0.0,0,"Wheeler, Grant County",330027,Wheeler,2017-12-01 12:36:21.417246
2015-09-08,02:30,52.0,52.0,46.2,80.4,0.0,SE@6.4,7.8,67.6,0.0,0,"Wheeler, Grant County",330027,Wheeler,2017-12-01 12:36:21.417246
2015-09-08,02:45,51.8,51.7,46.0,80.7,0.0,SE@6.1,7.1,67.6,0.0,0,"Wheeler, Grant County",330027,Wheeler,2017-12-01 12:36:21.417246
2015-09-08,03:00,51.7,51.7,46.0,80.8,0.0,SE@6.8,8.2,67.5,0.0,0,"Wheeler, Grant County",330027,Wheeler,2017-12-01 12:36:21.417246
2015-09-08,03:15,51.0,51.0,46.0,82.8,0.0,SE@7.2,8.2,67.4,0.0,0,"Wheeler, Grant County",330027,Wheeler,2017-12-01 12:36:21.417246
2015-09-08,03:30,50.5,50.3,45.8,84.0,0.0,SE@5.7,7.1,67.3,0.0,0,"Wheeler, Grant County",330027,Wheeler,2017-12-01 12:36:21.417246
2015-09-08,03:45,50.3,50.3,45.8,84.6,0.0,SE@5.1,6.7,67.2,0.0,0,"Wheeler, Grant County",330027,Wheeler,2017-12-01 12:36:21.417246
2015-09-08,04:00,49.8,49.7,45.6,85.6,0.0,SE@5.0,6.0,67.1,0.0,0,"Wheeler, Grant County",330027,Wheeler,2017-12-01 12:36:21.417246
2015-09-08,04:15,49.9,49.8,45.7,85.3,0.01,SE@2.3,4.6,67.0,0.0,0,"Wheeler, Grant County",330027,Wheeler,2017-12-01 12:36:21.417246
2015-09-08,04:30,50.0,49.9,45.7,85.0,0.0,SE@4.6,6.4,66.9,0.0,0,"Wheeler, Grant County",330027,Wheeler,2017-12-01 12:36:21.417246
2015-09-08,04:45,50.5,50.4,45.6,83.3,0.0,E@3.4,6.0,66.8,0.0,0,"Wheeler, Grant County",330027,Wheeler,2017-12-01 12:36:21.417246
2015-09-08,05:00,50.4,50.2,45.3,82.5,0.0,SE@4.2,6.7,66.7,0.0,1,"Wheeler, Grant County",330027,Wheeler,2017-12-01 12:36:21.417246
2015-09-08,05:15,49.8,49.7,45.5,85.2,0.0,SE@4.9,6.4,66.6,0.0,2,"Wheeler, Grant County",330027,Wheeler,2017-12-01 12:36:21.417246
2015-09-08,05:30,49.1,48.9,45.2,86.4,0.01,NE@2.6,5.3,66.5,0.0,3,"Wheeler, Grant County",330027,Wheeler,2017-12-01 12:36:21.417246
2015-09-08,05:45,49.3,49.3,45.5,86.6,0.0,SE@4.2,6.4,66.4,0.0,23,"Wheeler, Grant County",330027,Wheeler,2017-12-01 12:36:21.417246
2015-09-08,06:00,50.3,50.3,46.1,85.3,0.0,SE@7.0,8.9,66.3,0.0,56,"Wheeler, Grant County",330027,Wheeler,2017-12-01 12:36:21.417246
2015-09-08,06:15,51.0,50.9,46.5,84.6,0.0,SE@7.5,9.2,66.2,0.0,77,"Wheeler, Grant County",330027,Wheeler,2017-12-01 12:36:21.417246
2015-09-08,06:30,51.7,51.7,47.1,84.1,0.0,SE@7.1,8.9,66.1,0.0,114,"Wheeler, Grant County",330027,Wheeler,2017-12-01 12:36:21.417246
2015-09-08,06:45,52.2,52.2,47.5,84.0,0.0,SE@7.5,9.6,66.1,0.0,140,"Wheeler, Grant County",330027,Wheeler,2017-12-01 12:36:21.417246
2015-09-08,07:00,53.3,53.3,47.9,81.7,0.0,SE@8.2,11.0,66.0,0.0,155,"Wheeler, Grant County",330027,Wheeler,2017-12-01 12:36:21.417246
2015-09-08,07:15,53.6,53.5,48.3,82.3,0.0,SE@7.9,9.6,65.9,0.0,162,"Wheeler, Grant County",330027,Wheeler,2017-12-01 12:36:21.417246
2015-09-08,07:30,54.0,53.9,48.7,81.9,0.0,SE@8.0,9.6,65.8,0.0,161,"Wheeler, Grant County",330027,Wheeler,2017-12-01 12:36:21.417246
2015-09-08,07:45,54.5,54.4,48.9,81.3,0.0,SE@8.6,11.0,65.7,0.0,183,"Wheeler, Grant County",330027,Wheeler,2017-12-01 12:36:21.417246
2015-09-08,08:00,55.7,55.6,49.4,79.5,0.0,SE@8.5,11.0,65.6,0.0,305,"Wheeler, Grant County",330027,Wheeler,2017-12-01 12:36:21.417246
2015-09-08,08:15,57.2,57.1,49.6,75.5,0.0,SE@10.4,13.9,65.5,0.0,383,"Wheeler, Grant County",330027,Wheeler,2017-12-01 12:36:21.417246
2015-09-08,08:30,57.9,57.7,50.0,74.9,0.0,SE@10.3,14.2,65.4,0.0,313,"Wheeler, Grant County",330027,Wheeler,2017-12-01 12:36:21.417246
2015-09-08,08:45,58.1,57.9,50.1,74.5,0.0,SE@8.7,11.7,65.3,0.0,304,"Wheeler, Grant County",330027,Wheeler,2017-12-01 12:36:21.417246
2015-09-08,09:00,59.4,59.3,51.0,73.7,0.0,SE@9.2,12.8,65.2,0.0,497,"Wheeler, Grant County",330027,Wheeler,2017-12-01 12:36:21.417246
2015-09-08,09:15,61.2,61.1,50.8,68.6,0.0,SE@7.1,10.3,65.2,0.0,544,"Wheeler, Grant County",330027,Wheeler,2017-12-01 12:36:21.417246
2015-09-08,09:30,62.3,62.1,50.5,65.3,0.0,SE@8.7,12.4,65.1,0.0,518,"Wheeler, Grant County",330027,Wheeler,2017-12-01 12:36:21.417246
2015-09-08,09:45,62.4,62.3,50.9,66.0,0.0,SE@9.4,12.4,65.1,0.0,413,"Wheeler, Grant County",330027,Wheeler,2017-12-01 12:36:21.417246
2015-09-08,10:00,65.1,65.1,52.0,62.4,0.0,SE@10.0,14.2,65.0,0.0,686,"Wheeler, Grant County",330027,Wheeler,2017-12-01 12:36:21.417246
2015-09-08,10:15,66.1,65.9,51.8,60.0,0.0,S@9.6,13.9,65.0,0.0,635,"Wheeler, Grant County",330027,Wheeler,2017-12-01 12:36:21.417246
2015-09-08,10:30,67.5,67.3,51.2,55.7,0.0,S@9.5,13.5,64.9,0.0,693,"Wheeler, Grant County",330027,Wheeler,2017-12-01 12:36:21.417246
2015-09-08,10:45,68.2,68.0,51.0,54.1,0.0,S@9.9,14.6,64.9,0.0,704,"Wheeler, Grant County",330027,Wheeler,2017-12-01 12:36:21.417246
2015-09-08,11:00,68.8,68.4,50.7,52.4,0.0,S@11.1,15.0,64.9,0.0,726,"Wheeler, Grant County",330027,Wheeler,2017-12-01 12:36:21.417246
2015-09-08,11:15,69.6,69.5,51.4,52.2,0.0,S@11.7,16.0,64.9,0.0,742,"Wheeler, Grant County",330027,Wheeler,2017-12-01 12:36:21.417246
2015-09-08,11:30,70.2,69.9,51.5,51.4,0.0,S@11.4,16.0,64.9,0.0,773,"Wheeler, Grant County",330027,Wheeler,2017-12-01 12:36:21.417246
2015-09-08,11:45,71.3,71.0,51.5,49.7,0.0,S@11.0,15.7,65.0,0.0,702,"Wheeler, Grant County",330027,Wheeler,2017-12-01 12:36:21.417246
2015-09-08,12:00,71.1,71.0,51.1,49.2,0.0,S@10.8,14.2,65.0,0.0,712,"Wheeler, Grant County",330027,Wheeler,2017-12-01 12:36:21.417246
2015-09-08,12:15,72.7,72.4,51.2,46.7,0.0,S@10.9,15.3,65.1,0.0,859,"Wheeler, Grant County",330027,Wheeler,2017-12-01 12:36:21.417246
2015-09-08,12:30,73.0,72.7,51.4,46.8,0.0,S@9.5,13.5,65.1,0.0,764,"Wheeler, Grant County",330027,Wheeler,2017-12-01 12:36:21.417246
2015-09-08,12:45,73.6,73.4,51.7,46.1,0.0,S@10.0,15.3,65.2,0.0,774,"Wheeler, Grant County",330027,Wheeler,2017-12-01 12:36:21.417246
2015-09-08,13:00,73.7,73.4,51.3,45.3,0.0,S@9.8,15.3,65.4,0.0,673,"Wheeler, Grant County",330027,Wheeler,2017-12-01 12:36:21.417246
2015-09-08,13:15,73.3,73.0,51.4,46.1,0.0,S@8.6,14.2,65.4,0.0,453,"Wheeler, Grant County",330027,Wheeler,2017-12-01 12:36:21.417246
2015-09-08,13:30,73.9,73.6,51.3,45.1,0.0,S@7.3,11.7,65.6,0.0,509,"Wheeler, Grant County",330027,Wheeler,2017-12-01 12:36:21.417246
2015-09-08,13:45,74.6,74.3,51.4,44.3,0.0,S@7.5,12.1,65.7,0.0,531,"Wheeler, Grant County",330027,Wheeler,2017-12-01 12:36:21.417246
2015-09-08,14:00,74.6,74.3,51.3,44.1,0.0,S@7.6,12.8,65.8,0.0,476,"Wheeler, Grant County",330027,Wheeler,2017-12-01 12:36:21.417246
2015-09-08,14:15,74.8,74.5,51.3,43.6,0.0,S@7.9,12.4,66.0,0.0,383,"Wheeler, Grant County",330027,Wheeler,2017-12-01 12:36:21.417246
2015-09-08,14:30,75.4,75.3,51.4,43.0,0.0,S@7.5,10.3,66.2,0.0,467,"Wheeler, Grant County",330027,Wheeler,2017-12-01 12:36:21.417246
2015-09-08,14:45,76.5,76.2,50.6,40.3,0.0,S@6.4,9.9,66.3,0.0,624,"Wheeler, Grant County",330027,Wheeler,2017-12-01 12:36:21.417246
2015-09-08,15:00,76.7,76.4,50.7,40.1,0.0,SW@7.3,11.0,66.5,0.0,506,"Wheeler, Grant County",330027,Wheeler,2017-12-01 12:36:21.417246
2015-09-08,15:15,76.4,76.1,50.5,40.3,0.0,SW@6.7,10.3,66.6,0.0,387,"Wheeler, Grant County",330027,Wheeler,2017-12-01 12:36:21.417246
2015-09-08,15:30,76.2,75.9,51.3,41.7,0.0,SW@7.4,11.4,66.8,0.0,395,"Wheeler, Grant County",330027,Wheeler,2017-12-01 12:36:21.417246
2015-09-08,15:45,75.0,74.7,52.3,45.0,0.0,S@6.5,10.7,66.9,0.0,260,"Wheeler, Grant County",330027,Wheeler,2017-12-01 12:36:21.417246
2015-09-08,16:00,74.7,74.5,52.5,45.9,0.0,SE@6.5,9.2,67.1,0.0,236,"Wheeler, Grant County",330027,Wheeler,2017-12-01 12:36:21.417246
2015-09-08,16:15,74.1,73.8,52.2,46.4,0.0,S@6.5,8.5,67.2,0.0,164,"Wheeler, Grant County",330027,Wheeler,2017-12-01 12:36:21.417246
2015-09-08,16:30,73.7,73.5,53.5,49.1,0.0,S@7.1,8.9,67.4,0.0,194,"Wheeler, Grant County",330027,Wheeler,2017-12-01 12:36:21.417246
2015-09-08,16:45,73.2,72.9,54.2,51.3,0.0,S@7.4,9.6,67.6,0.0,132,"Wheeler, Grant County",330027,Wheeler,2017-12-01 12:36:21.417246
2015-09-08,17:00,72.5,72.4,54.4,52.8,0.0,S@7.0,9.2,67.7,0.0,113,"Wheeler, Grant County",330027,Wheeler,2017-12-01 12:36:21.417246
2015-09-08,17:15,71.7,71.5,54.7,54.9,0.0,S@6.4,8.2,67.9,0.0,68,"Wheeler, Grant County",330027,Wheeler,2017-12-01 12:36:21.417246
2015-09-08,17:30,70.2,70.0,55.8,60.1,0.0,S@5.3,6.7,68.0,0.0,43,"Wheeler, Grant County",330027,Wheeler,2017-12-01 12:36:21.417246
2015-09-08,17:45,68.9,68.7,56.1,63.5,0.0,S@4.7,7.1,68.1,0.0,31,"Wheeler, Grant County",330027,Wheeler,2017-12-01 12:36:21.417246
2015-09-08,18:00,68.5,68.4,55.7,63.7,0.0,S@5.7,7.1,68.3,0.0,19,"Wheeler, Grant County",330027,Wheeler,2017-12-01 12:36:21.417246
2015-09-08,18:15,67.9,67.8,56.0,65.6,0.0,S@5.5,6.4,68.4,0.0,9,"Wheeler, Grant County",330027,Wheeler,2017-12-01 12:36:21.417246
2015-09-08,18:30,67.2,67.0,56.5,68.5,0.0,S@4.7,5.7,68.5,0.0,5,"Wheeler, Grant County",330027,Wheeler,2017-12-01 12:36:21.417246
2015-09-08,18:45,66.9,66.9,55.9,67.5,0.0,S@4.9,5.7,68.5,0.0,2,"Wheeler, Grant County",330027,Wheeler,2017-12-01 12:36:21.417246
2015-09-08,19:00,66.6,66.5,55.6,67.8,0.0,S@5.7,6.7,68.6,0.0,0,"Wheeler, Grant County",330027,Wheeler,2017-12-01 12:36:21.417246
2015-09-08,19:15,66.2,66.1,55.6,68.6,0.0,S@5.3,6.4,68.7,0.0,0,"Wheeler, Grant County",330027,Wheeler,2017-12-01 12:36:21.417246
2015-09-08,19:30,65.6,65.6,55.4,69.4,0.0,S@6.1,8.2,68.8,0.0,0,"Wheeler, Grant County",330027,Wheeler,2017-12-01 12:36:21.417246
2015-09-08,19:45,66.2,66.1,54.0,64.8,0.0,S@5.0,7.4,68.8,0.0,0,"Wheeler, Grant County",330027,Wheeler,2017-12-01 12:36:21.417246
2015-09-08,20:00,66.8,66.8,53.0,61.2,0.0,S@4.3,5.3,68.8,0.0,0,"Wheeler, Grant County",330027,Wheeler,2017-12-01 12:36:21.417246
2015-09-08,20:15,67.9,67.6,52.4,57.4,0.0,S@3.7,4.6,68.9,0.0,0,"Wheeler, Grant County",330027,Wheeler,2017-12-01 12:36:21.417246
2015-09-08,20:30,65.0,64.9,53.1,65.2,0.0,E@3.4,4.6,68.9,0.0,0,"Wheeler, Grant County",330027,Wheeler,2017-12-01 12:36:21.417246
2015-09-08,20:45,67.2,67.3,51.6,57.4,0.0,SE@3.3,4.2,69.0,0.0,0,"Wheeler, Grant County",330027,Wheeler,2017-12-01 12:36:21.417246
2015-09-08,21:00,64.2,63.5,52.7,66.2,0.0,E@3.5,4.6,69.0,0.0,0,"Wheeler, Grant County",330027,Wheeler,2017-12-01 12:36:21.417246
2015-09-08,21:15,63.6,63.5,52.7,67.7,0.0,E@3.0,4.6,69.0,0.0,0,"Wheeler, Grant County",330027,Wheeler,2017-12-01 12:36:21.417246
2015-09-08,21:30,63.0,62.7,52.7,68.9,0.0,SE@3.6,5.3,69.1,0.0,0,"Wheeler, Grant County",330027,Wheeler,2017-12-01 12:36:21.417246
2015-09-08,21:45,63.4,63.4,52.1,66.7,0.0,SE@4.1,5.7,69.1,0.0,0,"Wheeler, Grant County",330027,Wheeler,2017-12-01 12:36:21.417246
2015-09-08,22:00,63.0,62.9,51.9,67.1,0.0,SE@4.2,5.7,69.1,0.0,0,"Wheeler, Grant County",330027,Wheeler,2017-12-01 12:36:21.417246
2015-09-08,22:15,62.6,62.4,51.7,67.3,0.0,SE@3.5,5.3,69.1,0.0,0,"Wheeler, Grant County",330027,Wheeler,2017-12-01 12:36:21.417246
2015-09-08,22:30,63.1,62.8,51.6,65.9,0.0,E@1.7,3.1,69.0,0.0,0,"Wheeler, Grant County",330027,Wheeler,2017-12-01 12:36:21.417246
2015-09-08,22:45,61.6,61.2,51.8,70.1,0.0,SE@1.4,2.8,69.0,0.0,0,"Wheeler, Grant County",330027,Wheeler,2017-12-01 12:36:21.417246
2015-09-08,23:00,61.6,61.3,51.3,68.9,0.0,E@2.3,3.1,69.0,0.0,0,"Wheeler, Grant County",330027,Wheeler,2017-12-01 12:36:21.417246
2015-09-09,23:15,60.0,59.8,51.3,72.9,0.0,E@3.1,3.9,69.0,0.0,0,"Wheeler, Grant County",330027,Wheeler,2017-12-01 12:36:21.417246
2015-09-09,23:30,60.0,59.9,51.3,72.7,0.0,E@2.1,3.1,68.9,0.0,0,"Wheeler, Grant County",330027,Wheeler,2017-12-01 12:36:21.417246
2015-09-09,23:45,60.3,60.0,51.2,72.0,0.0,E@1.6,3.1,68.9,0.0,0,"Wheeler, Grant County",330027,Wheeler,2017-12-01 12:36:21.417246
2015-09-09,24:00,58.6,58.4,50.9,75.5,0.0,E@3.0,4.6,68.8,0.0,0,"Wheeler, Grant County",330027,Wheeler,2017-12-01 12:36:21.417246
2015-09-09,00:15,58.1,57.7,50.8,76.3,0.0,E@2.8,3.9,68.8,0.0,0,"Wheeler, Grant County",330027,Wheeler,2017-12-01 12:36:21.417246
2015-09-09,00:30,56.8,56.5,50.5,79.3,0.0,E@3.4,3.9,68.8,0.0,0,"Wheeler, Grant County",330027,Wheeler,2017-12-01 12:36:21.417246
2015-09-09,00:45,55.4,55.2,50.4,83.2,0.04,E@3.1,4.6,68.7,0.0,0,"Wheeler, Grant County",330027,Wheeler,2017-12-01 12:36:21.417246
2015-09-09,01:00,55.3,55.2,50.4,83.3,0.0,E@3.7,4.9,68.6,0.0,0,"Wheeler, Grant County",330027,Wheeler,2017-12-01 12:36:21.417246
2015-09-09,01:15,55.2,55.0,50.3,83.5,0.02,E@3.2,3.9,68.6,0.0,0,"Wheeler, Grant County",330027,Wheeler,2017-12-01 12:36:21.417246
2015-09-09,01:30,55.6,55.5,50.4,82.7,0.03,E@2.6,3.5,68.5,0.0,0,"Wheeler, Grant County",330027,Wheeler,2017-12-01 12:36:21.417246
2015-09-09,01:45,55.4,55.0,49.7,81.3,0.02,SE@4.5,6.0,68.4,0.0,0,"Wheeler, Grant County",330027,Wheeler,2017-12-01 12:36:21.417246
2015-09-09,02:00,55.2,55.4,50.1,82.8,0.0,SE@3.5,5.7,68.4,0.0,0,"Wheeler, Grant County",330027,Wheeler,2017-12-01 12:36:21.417246
2015-09-09,02:15,54.7,54.4,49.8,83.4,0.05,E@2.4,3.1,68.3,0.0,0,"Wheeler, Grant County",330027,Wheeler,2017-12-01 12:36:21.417246
2015-09-09,02:30,54.6,54.1,49.6,83.1,0.04,E@2.1,3.9,68.2,0.0,0,"Wheeler, Grant County",330027,Wheeler,2017-12-01 12:36:21.417246
2015-09-09,02:45,53.6,53.6,49.7,86.4,0.03,E@4.0,5.3,68.2,0.0,0,"Wheeler, Grant County",330027,Wheeler,2017-12-01 12:36:21.417246
2015-09-09,03:00,53.8,53.8,49.6,85.5,0.0,E@3.8,4.9,68.1,0.0,0,"Wheeler, Grant County",330027,Wheeler,2017-12-01 12:36:21.417246
2015-09-09,03:15,54.2,54.2,49.5,83.9,0.01,E@2.8,4.6,68.1,0.0,0,"Wheeler, Grant County",330027,Wheeler,2017-12-01 12:36:21.417246
2015-09-09,03:30,53.7,53.5,49.2,84.4,0.04,E@3.8,4.6,68.0,0.0,0,"Wheeler, Grant County",330027,Wheeler,2017-12-01 12:36:21.417246
2015-09-09,03:45,53.5,53.4,49.2,85.5,0.02,E@3.7,4.9,67.9,0.0,0,"Wheeler, Grant County",330027,Wheeler,2017-12-01 12:36:21.417246
2015-09-09,04:00,53.8,53.7,49.2,84.3,0.0,E@3.6,4.9,67.8,0.0,0,"Wheeler, Grant County",330027,Wheeler,2017-12-01 12:36:21.417246
2015-09-09,04:15,52.7,52.2,48.4,85.4,0.08,NE@1.8,3.5,67.9,0.0,0,"Wheeler, Grant County",330027,Wheeler,2017-12-01 12:36:21.417246
2015-09-09,04:30,51.2,51.1,48.5,90.4,0.2,E@2.0,4.2,67.8,0.0,0,"Wheeler, Grant County",330027,Wheeler,2017-12-01 12:36:21.417246
2015-09-09,04:45,52.2,52.2,48.6,87.6,0.09,SE@3.7,4.2,67.6,0.0,0,"Wheeler, Grant County",330027,Wheeler,2017-12-01 12:36:21.417246
2015-09-09,05:00,53.3,53.3,48.6,83.9,0.01,E@3.5,4.2,67.7,0.0,1,"Wheeler, Grant County",330027,Wheeler,2017-12-01 12:36:21.417246
2015-09-09,05:15,52.5,52.2,48.1,84.7,0.04,E@4.0,4.9,67.6,0.0,2,"Wheeler, Grant County",330027,Wheeler,2017-12-01 12:36:21.417246
2015-09-09,05:30,51.3,51.1,48.0,88.3,0.09,NE@2.3,3.9,67.5,0.0,3,"Wheeler, Grant County",330027,Wheeler,2017-12-01 12:36:21.417246
2015-09-09,05:45,49.8,49.8,47.7,92.3,0.27,SW@0.7,2.8,67.4,0.0,10,"Wheeler, Grant County",330027,Wheeler,2017-12-01 12:36:21.417246
2015-09-09,06:00,51.6,51.5,48.6,89.3,0.3,NW@0.1,1.7,67.4,0.0,24,"Wheeler, Grant County",330027,Wheeler,2017-12-01 12:36:21.417246
2015-09-09,06:15,51.1,50.9,48.0,88.8,0.19,NW@1.5,3.1,67.2,0.0,28,"Wheeler, Grant County",330027,Wheeler,2017-12-01 12:36:21.417246
2015-09-09,06:30,51.3,51.3,48.2,89.0,0.19,NW@0.3,2.4,67.2,0.0,60,"Wheeler, Grant County",330027,Wheeler,2017-12-01 12:36:21.417246
2015-09-09,06:45,53.5,53.5,49.5,86.2,0.11,SE@1.0,2.4,67.2,0.0,180,"Wheeler, Grant County",330027,Wheeler,2017-12-01 12:36:21.417246
2015-09-09,07:00,56.0,55.8,50.1,80.4,0.0,NE@1.3,3.1,67.2,0.0,164,"Wheeler, Grant County",330027,Wheeler,2017-12-01 12:36:21.417246
2015-09-09,07:15,56.3,56.1,50.6,81.2,0.0,E@2.2,3.9,67.2,0.0,236,"Wheeler, Grant County",330027,Wheeler,2017-12-01 12:36:21.417246
2015-09-09,07:30,58.0,57.7,51.5,78.9,0.0,E@3.2,4.6,67.2,0.0,222,"Wheeler, Grant County",330027,Wheeler,2017-12-01 12:36:21.417246
2015-09-09,07:45,57.8,57.7,51.3,78.8,0.0,E@2.8,4.2,67.2,0.0,258,"Wheeler, Grant County",330027,Wheeler,2017-12-01 12:36:21.417246
2015-09-09,08:00,61.2,61.2,51.4,70.1,0.0,SE@2.3,3.9,67.1,0.0,387,"Wheeler, Grant County",330027,Wheeler,2017-12-01 12:36:21.417246
2015-09-09,08:15,63.0,62.5,53.1,70.1,0.0,NE@2.6,4.2,67.1,0.0,435,"Wheeler, Grant County",330027,Wheeler,2017-12-01 12:36:21.417246
2015-09-09,08:30,65.0,64.7,52.8,64.6,0.0,N@1.6,3.1,67.0,0.0,478,"Wheeler, Grant County",330027,Wheeler,2017-12-01 12:36:21.417246
2015-09-09,08:45,66.0,66.1,52.9,62.8,0.0,SW@1.9,3.9,67.0,0.0,478,"Wheeler, Grant County",330027,Wheeler,2017-12-01 12:36:21.417246
2015-09-09,09:00,67.2,67.2,51.0,55.9,0.0,SW@2.4,4.2,66.9,0.0,541,"Wheeler, Grant County",330027,Wheeler,2017-12-01 12:36:21.417246
2015-09-09,09:15,68.7,68.4,50.3,51.7,0.0,SE@3.0,4.9,66.9,0.0,568,"Wheeler, Grant County",330027,Wheeler,2017-12-01 12:36:21.417246
2015-09-09,09:30,69.2,69.0,51.9,54.1,0.0,SE@2.9,5.3,66.9,0.0,609,"Wheeler, Grant County",330027,Wheeler,2017-12-01 12:36:21.417246
2015-09-09,09:45,70.0,69.7,51.6,52.0,0.0,S@3.2,6.0,66.8,0.0,617,"Wheeler, Grant County",330027,Wheeler,2017-12-01 12:36:21.417246
2015-09-09,10:00,70.0,69.7,52.0,52.7,0.0,S@4.2,6.7,66.7,0.0,672,"Wheeler, Grant County",330027,Wheeler,2017-12-01 12:36:21.417246
2015-09-09,10:15,70.8,70.5,52.7,52.7,0.0,S@4.8,7.8,66.7,0.0,690,"Wheeler, Grant County",330027,Wheeler,2017-12-01 12:36:21.417246
2015-09-09,10:30,71.3,71.1,52.5,51.4,0.0,S@4.4,7.8,66.6,0.0,702,"Wheeler, Grant County",330027,Wheeler,2017-12-01 12:36:21.417246
2015-09-09,10:45,72.0,71.7,52.7,50.7,0.0,SW@4.8,7.4,66.6,0.0,730,"Wheeler, Grant County",330027,Wheeler,2017-12-01 12:36:21.417246
2015-09-09,11:00,72.8,72.5,52.9,49.5,0.0,SW@5.1,9.6,66.6,0.0,739,"Wheeler, Grant County",330027,Wheeler,2017-12-01 12:36:21.417246
2015-09-09,11:15,73.3,73.0,52.0,47.2,0.0,S@5.5,9.6,66.6,0.0,745,"Wheeler, Grant County",330027,Wheeler,2017-12-01 12:36:21.417246
2015-09-09,11:30,74.3,73.9,51.3,44.4,0.0,SW@5.3,9.6,66.6,0.0,749,"Wheeler, Grant County",330027,Wheeler,2017-12-01 12:36:21.417246
2015-09-09,11:45,74.6,74.4,51.6,44.5,0.0,SW@5.0,9.6,66.6,0.0,757,"Wheeler, Grant County",330027,Wheeler,2017-12-01 12:36:21.417246
2015-09-09,12:00,75.5,75.5,50.2,40.9,0.0,W@5.6,9.9,66.7,0.0,758,"Wheeler, Grant County",330027,Wheeler,2017-12-01 12:36:21.417246
2015-09-09,12:15,76.1,75.6,50.0,39.9,0.0,SW@6.1,11.0,66.8,0.0,754,"Wheeler, Grant County",330027,Wheeler,2017-12-01 12:36:21.417246
2015-09-09,12:30,76.7,76.5,49.8,38.8,0.0,SW@6.5,11.4,66.8,0.0,751,"Wheeler, Grant County",330027,Wheeler,2017-12-01 12:36:21.417246
2015-09-09,12:45,77.6,77.2,49.0,36.6,0.0,SW@6.6,11.7,66.9,0.0,746,"Wheeler, Grant County",330027,Wheeler,2017-12-01 12:36:21.417246
2015-09-09,13:00,78.0,77.6,48.6,35.6,0.0,SW@6.0,11.0,67.1,0.0,730,"Wheeler, Grant County",330027,Wheeler,2017-12-01 12:36:21.417246
2015-09-09,13:15,78.3,78.2,47.8,34.2,0.0,W@7.2,11.4,67.2,0.0,628,"Wheeler, Grant County",330027,Wheeler,2017-12-01 12:36:21.417246
2015-09-09,13:30,78.6,78.5,47.1,32.9,0.0,SW@6.9,12.1,67.4,0.0,698,"Wheeler, Grant County",330027,Wheeler,2017-12-01 12:36:21.417246
2015-09-09,13:45,79.1,78.8,46.9,32.2,0.0,SW@7.8,11.0,67.5,0.0,688,"Wheeler, Grant County",330027,Wheeler,2017-12-01 12:36:21.417246
2015-09-09,14:00,79.3,79.2,46.5,31.5,0.0,SW@6.7,12.1,67.7,0.0,666,"Wheeler, Grant County",330027,Wheeler,2017-12-01 12:36:21.417246
2015-09-09,14:15,79.7,79.5,47.4,32.1,0.0,SW@6.6,12.4,67.9,0.0,634,"Wheeler, Grant County",330027,Wheeler,2017-12-01 12:36:21.417246
2015-09-09,14:30,80.2,79.8,48.1,32.4,0.0,SW@6.2,11.4,68.1,0.0,618,"Wheeler, Grant County",330027,Wheeler,2017-12-01 12:36:21.417246
2015-09-09,14:45,80.4,80.1,47.5,31.5,0.0,SW@5.4,9.2,68.3,0.0,578,"Wheeler, Grant County",330027,Wheeler,2017-12-01 12:36:21.417246
2015-09-09,15:00,80.7,80.4,47.2,30.9,0.0,SW@4.5,7.1,68.5,0.0,541,"Wheeler, Grant County",330027,Wheeler,2017-12-01 12:36:21.417246
2015-09-09,15:15,81.1,80.9,47.3,30.6,0.0,W@5.7,9.9,68.7,0.0,505,"Wheeler, Grant County",330027,Wheeler,2017-12-01 12:36:21.417246
2015-09-09,15:30,81.6,81.4,47.3,30.2,0.0,W@4.2,7.4,68.9,0.0,470,"Wheeler, Grant County",330027,Wheeler,2017-12-01 12:36:21.417246
2015-09-09,15:45,81.6,81.4,47.2,30.0,0.0,W@5.4,9.2,69.1,0.0,427,"Wheeler, Grant County",330027,Wheeler,2017-12-01 12:36:21.417246
2015-09-09,16:00,81.6,81.2,46.5,29.2,0.0,SW@4.8,8.2,69.3,0.0,377,"Wheeler, Grant County",330027,Wheeler,2017-12-01 12:36:21.417246
2015-09-09,16:15,81.2,80.8,46.7,29.8,0.0,S@5.0,7.8,69.6,0.0,348,"Wheeler, Grant County",330027,Wheeler,2017-12-01 12:36:21.417246
2015-09-09,16:30,81.2,80.9,47.1,30.3,0.0,S@3.7,7.1,69.7,0.0,303,"Wheeler, Grant County",330027,Wheeler,2017-12-01 12:36:21.417246
2015-09-09,16:45,81.0,80.6,47.4,30.8,0.0,S@4.0,6.0,69.9,0.0,237,"Wheeler, Grant County",330027,Wheeler,2017-12-01 12:36:21.417246
2015-09-09,17:00,80.9,80.6,47.1,30.5,0.0,S@3.2,5.7,70.1,0.0,198,"Wheeler, Grant County",330027,Wheeler,2017-12-01 12:36:21.417246
2015-09-09,17:15,82.1,81.8,46.9,29.3,0.0,W@1.7,3.1,70.3,0.0,164,"Wheeler, Grant County",330027,Wheeler,2017-12-01 12:36:21.417246
2015-09-09,17:30,81.9,81.3,47.9,30.4,0.0,E@1.0,2.4,70.5,0.0,125,"Wheeler, Grant County",330027,Wheeler,2017-12-01 12:36:21.417246
2015-09-09,17:45,79.7,78.8,50.5,36.0,0.0,SE@2.3,3.1,70.6,0.0,80,"Wheeler, Grant County",330027,Wheeler,2017-12-01 12:36:21.417246
2015-09-09,18:00,77.0,76.2,53.3,43.8,0.0,SE@3.8,5.7,70.8,0.0,49,"Wheeler, Grant County",330027,Wheeler,2017-12-01 12:36:21.417246
2015-09-09,18:15,74.5,74.0,53.0,47.0,0.0,SE@4.7,5.3,70.9,0.0,24,"Wheeler, Grant County",330027,Wheeler,2017-12-01 12:36:21.417246
2015-09-09,18:30,72.1,71.9,53.1,51.2,0.0,S@5.2,6.0,71.0,0.0,5,"Wheeler, Grant County",330027,Wheeler,2017-12-01 12:36:21.417246
2015-09-09,18:45,70.1,69.8,53.3,55.1,0.0,SE@5.0,6.4,71.2,0.0,2,"Wheeler, Grant County",330027,Wheeler,2017-12-01 12:36:21.417246
2015-09-09,19:00,69.8,69.8,51.5,52.1,0.0,SE@5.7,6.4,71.3,0.0,0,"Wheeler, Grant County",330027,Wheeler,2017-12-01 12:36:21.417246
2015-09-09,19:15,70.0,69.8,51.0,50.9,0.0,SE@5.6,6.7,71.4,0.0,0,"Wheeler, Grant County",330027,Wheeler,2017-12-01 12:36:21.417246
2015-09-09,19:30,68.4,68.2,52.0,55.5,0.0,SE@5.2,6.7,71.4,0.0,0,"Wheeler, Grant County",330027,Wheeler,2017-12-01 12:36:21.417246
2015-09-09,19:45,67.6,67.5,51.4,55.9,0.0,SE@5.4,7.1,71.5,0.0,0,"Wheeler, Grant County",330027,Wheeler,2017-12-01 12:36:21.417246
2015-09-09,20:00,68.2,68.1,50.6,53.1,0.0,SE@4.7,6.0,71.6,0.0,0,"Wheeler, Grant County",330027,Wheeler,2017-12-01 12:36:21.417246
2015-09-09,20:15,67.3,67.1,50.3,54.4,0.0,SE@5.2,6.7,71.6,0.0,0,"Wheeler, Grant County",330027,Wheeler,2017-12-01 12:36:21.417246
2015-09-09,20:30,67.0,66.8,50.2,54.8,0.0,SE@5.8,7.4,71.7,0.0,0,"Wheeler, Grant County",330027,Wheeler,2017-12-01 12:36:21.417246
2015-09-09,20:45,67.0,66.9,50.3,54.9,0.0,S@6.4,7.8,71.7,0.0,0,"Wheeler, Grant County",330027,Wheeler,2017-12-01 12:36:21.417246
2015-09-09,21:00,66.4,66.2,50.7,57.1,0.0,SE@5.3,6.7,71.7,0.0,0,"Wheeler, Grant County",330027,Wheeler,2017-12-01 12:36:21.417246
2015-09-09,21:15,64.4,64.0,50.2,59.9,0.0,E@4.1,5.7,71.7,0.0,0,"Wheeler, Grant County",330027,Wheeler,2017-12-01 12:36:21.417246
2015-09-09,21:30,63.7,63.6,49.4,59.5,0.0,SE@4.4,5.7,71.7,0.0,0,"Wheeler, Grant County",330027,Wheeler,2017-12-01 12:36:21.417246
2015-09-09,21:45,64.1,64.0,48.7,57.1,0.0,SE@3.6,4.2,71.7,0.0,0,"Wheeler, Grant County",330027,Wheeler,2017-12-01 12:36:21.417246
2015-09-09,22:00,64.0,63.7,48.8,57.6,0.0,E@3.8,6.0,71.7,0.0,0,"Wheeler, Grant County",330027,Wheeler,2017-12-01 12:36:21.417246
2015-09-09,22:15,62.9,62.9,48.2,58.6,0.0,SE@4.7,6.7,71.7,0.0,0,"Wheeler, Grant County",330027,Wheeler,2017-12-01 12:36:21.417246
2015-09-09,22:30,64.6,64.4,48.4,55.7,0.0,SE@5.6,7.4,71.7,0.0,0,"Wheeler, Grant County",330027,Wheeler,2017-12-01 12:36:21.417246
2015-09-09,22:45,63.2,63.0,48.4,58.5,0.0,SE@5.3,7.4,71.7,0.0,0,"Wheeler, Grant County",330027,Wheeler,2017-12-01 12:36:21.417246
2015-09-09,23:00,62.7,62.7,47.9,58.2,0.0,SE@4.5,5.7,71.7,0.0,0,"Wheeler, Grant County",330027,Wheeler,2017-12-01 12:36:21.417246
2015-09-10,23:15,61.1,60.6,48.1,62.0,0.0,E@5.1,6.7,71.7,0.0,0,"Wheeler, Grant County",330027,Wheeler,2017-12-01 12:36:21.417246
2015-09-10,23:30,60.5,60.5,47.7,62.7,0.0,E@2.2,4.6,71.7,0.0,0,"Wheeler, Grant County",330027,Wheeler,2017-12-01 12:36:21.417246
2015-09-10,23:45,60.9,60.7,47.0,60.1,0.0,NE@2.9,4.2,71.7,0.0,0,"Wheeler, Grant County",330027,Wheeler,2017-12-01 12:36:21.417246
2015-09-10,24:00,61.0,60.9,46.9,59.8,0.0,E@4.8,6.4,71.7,0.0,0,"Wheeler, Grant County",330027,Wheeler,2017-12-01 12:36:21.417246
2015-09-10,00:15,60.6,60.5,47.3,61.3,0.0,E@3.5,5.7,71.6,0.0,0,"Wheeler, Grant County",330027,Wheeler,2017-12-01 12:36:21.417246
2015-09-10,00:30,60.0,59.6,47.2,62.4,0.0,E@3.4,4.9,71.6,0.0,0,"Wheeler, Grant County",330027,Wheeler,2017-12-01 12:36:21.417246
2015-09-10,00:45,58.8,58.8,47.7,66.5,0.0,SE@3.6,5.3,71.6,0.0,0,"Wheeler, Grant County",330027,Wheeler,2017-12-01 12:36:21.417246
2015-09-10,01:00,59.2,59.1,47.7,65.8,0.0,SE@3.9,5.7,71.6,0.0,0,"Wheeler, Grant County",330027,Wheeler,2017-12-01 12:36:21.417246
2015-09-10,01:15,59.3,58.9,47.4,64.6,0.0,E@2.9,4.2,71.6,0.0,0,"Wheeler, Grant County",330027,Wheeler,2017-12-01 12:36:21.417246
2015-09-10,01:30,57.9,57.7,47.4,67.8,0.0,E@2.9,4.2,71.6,0.0,0,"Wheeler, Grant County",330027,Wheeler,2017-12-01 12:36:21.417246
2015-09-10,01:45,58.2,57.9,47.0,66.3,0.0,NE@2.5,3.5,71.5,0.0,0,"Wheeler, Grant County",330027,Wheeler,2017-12-01 12:36:21.417246
2015-09-10,02:00,56.5,56.3,47.2,70.7,0.0,E@3.4,4.2,71.5,0.0,0,"Wheeler, Grant County",330027,Wheeler,2017-12-01 12:36:21.417246
2015-09-10,02:15,55.4,55.2,47.1,73.3,0.0,E@3.9,5.3,71.5,0.0,0,"Wheeler, Grant County",330027,Wheeler,2017-12-01 12:36:21.417246
2015-09-10,02:30,55.1,55.0,47.1,74.5,0.0,E@4.3,6.0,71.6,0.0,0,"Wheeler, Grant County",330027,Wheeler,2017-12-01 12:36:21.417246
2015-09-10,02:45,53.9,53.6,47.0,77.6,0.0,E@4.7,7.4,71.5,0.0,0,"Wheeler, Grant County",330027,Wheeler,2017-12-01 12:36:21.417246
2015-09-10,03:00,53.1,53.1,47.1,79.9,0.0,E@4.3,5.7,71.5,0.0,0,"Wheeler, Grant County",330027,Wheeler,2017-12-01 12:36:21.417246
2015-09-10,03:15,52.9,52.7,47.0,80.3,0.0,E@4.3,5.3,71.4,0.0,0,"Wheeler, Grant County",330027,Wheeler,2017-12-01 12:36:21.417246
2015-09-10,03:30,52.9,52.8,46.9,79.9,0.0,E@3.7,4.9,71.5,0.0,0,"Wheeler, Grant County",330027,Wheeler,2017-12-01 12:36:21.417246
2015-09-10,03:45,52.7,52.6,46.8,80.4,0.0,E@3.8,5.7,71.5,0.0,0,"Wheeler, Grant County",330027,Wheeler,2017-12-01 12:36:21.417246
2015-09-10,04:00,52.1,52.0,46.5,81.2,0.0,E@4.6,6.4,71.4,0.0,0,"Wheeler, Grant County",330027,Wheeler,2017-12-01 12:36:21.417246
2015-09-10,04:15,52.0,51.9,46.4,81.0,0.0,E@4.3,6.0,71.3,0.0,0,"Wheeler, Grant County",330027,Wheeler,2017-12-01 12:36:21.417246
2015-09-10,04:30,51.2,51.0,46.4,83.5,0.0,E@3.8,5.3,71.3,0.0,0,"Wheeler, Grant County",330027,Wheeler,2017-12-01 12:36:21.417246
2015-09-10,04:45,50.7,50.7,46.4,85.0,0.01,E@3.7,4.6,71.2,0.0,0,"Wheeler, Grant County",330027,Wheeler,2017-12-01 12:36:21.417246
2015-09-10,05:00,50.9,50.8,46.3,84.1,0.01,E@3.1,4.2,71.1,0.0,1,"Wheeler, Grant County",330027,Wheeler,2017-12-01 12:36:21.417246
2015-09-10,05:15,50.7,50.6,46.1,84.0,0.03,E@2.6,3.5,71.1,0.0,2,"Wheeler, Grant County",330027,Wheeler,2017-12-01 12:36:21.417246
2015-09-10,05:30,50.4,50.2,45.9,84.5,0.05,NE@2.8,4.2,71.0,0.0,4,"Wheeler, Grant County",330027,Wheeler,2017-12-01 12:36:21.417246
2015-09-10,05:45,50.9,50.9,46.0,83.2,0.02,N@3.4,6.0,70.9,0.0,22,"Wheeler, Grant County",330027,Wheeler,2017-12-01 12:36:21.417246
2015-09-10,06:00,52.3,52.3,46.1,79.4,0.0,NE@4.6,6.7,70.8,0.0,53,"Wheeler, Grant County",330027,Wheeler,2017-12-01 12:36:21.417246
2015-09-10,06:15,53.4,53.3,46.4,77.0,0.0,NE@4.4,6.4,70.7,0.0,88,"Wheeler, Grant County",330027,Wheeler,2017-12-01 12:36:21.417246
2015-09-10,06:30,55.0,54.9,46.7,73.3,0.0,NE@5.2,7.4,70.5,0.0,126,"Wheeler, Grant County",330027,Wheeler,2017-12-01 12:36:21.417246
2015-09-10,06:45,56.2,56.1,47.1,71.4,0.0,NE@5.2,8.2,70.4,0.0,166,"Wheeler, Grant County",330027,Wheeler,2017-12-01 12:36:21.417246
2015-09-10,07:00,57.6,57.4,47.9,70.0,0.0,NE@5.0,7.4,70.3,0.0,207,"Wheeler, Grant County",330027,Wheeler,2017-12-01 12:36:21.417246
2015-09-10,07:15,59.7,59.5,48.7,67.0,0.0,NE@3.9,6.0,70.2,0.0,249,"Wheeler, Grant County",330027,Wheeler,2017-12-01 12:36:21.417246
2015-09-10,07:30,62.1,61.9,49.5,63.4,0.0,NE@5.3,8.2,70.1,0.0,292,"Wheeler, Grant County",330027,Wheeler,2017-12-01 12:36:21.417246
2015-09-10,07:45,64.1,64.0,49.8,59.7,0.0,NE@6.7,8.9,70.0,0.0,336,"Wheeler, Grant County",330027,Wheeler,2017-12-01 12:36:21.417246
2015-09-10,08:00,66.0,65.9,49.9,56.1,0.0,NE@6.6,10.7,69.9,0.0,377,"Wheeler, Grant County",330027,Wheeler,2017-12-01 12:36:21.417246
2015-09-10,08:15,67.6,67.5,49.6,52.3,0.0,NE@8.2,11.7,69.8,0.0,418,"Wheeler, Grant County",330027,Wheeler,2017-12-01 12:36:21.417246
2015-09-10,08:30,68.9,68.7,49.7,50.4,0.0,NE@8.3,11.4,69.7,0.0,458,"Wheeler, Grant County",330027,Wheeler,2017-12-01 12:36:21.417246
2015-09-10,08:45,70.2,70.0,50.1,48.9,0.0,NE@7.6,9.9,69.6,0.0,496,"Wheeler, Grant County",330027,Wheeler,2017-12-01 12:36:21.417246
2015-09-10,09:00,71.8,71.6,50.5,46.9,0.0,NE@6.5,8.9,69.5,0.0,532,"Wheeler, Grant County",330027,Wheeler,2017-12-01 12:36:21.417246
2015-09-10,09:15,72.9,72.6,50.6,45.3,0.0,NE@6.4,9.6,69.4,0.0,565,"Wheeler, Grant County",330027,Wheeler,2017-12-01 12:36:21.417246
2015-09-10,09:30,74.4,74.1,50.1,42.4,0.0,E@6.2,8.9,69.3,0.0,597,"Wheeler, Grant County",330027,Wheeler,2017-12-01 12:36:21.417246
2015-09-10,09:45,74.8,74.4,50.0,41.7,0.0,E@5.7,8.9,69.2,0.0,625,"Wheeler, Grant County",330027,Wheeler,2017-12-01 12:36:21.417246
2015-09-10,10:00,75.7,75.5,49.9,40.2,0.0,E@5.3,8.2,69.1,0.0,649,"Wheeler, Grant County",330027,Wheeler,2017-12-01 12:36:21.417246
2015-09-10,10:15,77.1,77.0,49.6,38.0,0.0,E@4.7,8.2,69.0,0.0,674,"Wheeler, Grant County",330027,Wheeler,2017-12-01 12:36:21.417246
2015-09-10,10:30,78.0,77.7,48.6,35.6,0.0,E@4.7,7.8,68.9,0.0,696,"Wheeler, Grant County",330027,Wheeler,2017-12-01 12:36:21.417246
2015-09-10,10:45,78.8,78.6,47.9,33.7,0.0,NE@4.1,8.2,68.8,0.0,713,"Wheeler, Grant County",330027,Wheeler,2017-12-01 12:36:21.417246
2015-09-10,11:00,79.5,79.3,48.8,34.0,0.0,NE@4.1,10.3,68.7,0.0,725,"Wheeler, Grant County",330027,Wheeler,2017-12-01 12:36:21.417246
2015-09-10,11:15,80.6,80.3,48.9,32.9,0.0,NE@4.4,7.4,68.6,0.0,736,"Wheeler, Grant County",330027,Wheeler,2017-12-01 12:36:21.417246
2015-09-10,11:30,80.7,80.6,48.6,32.5,0.0,N@4.3,7.1,68.5,0.0,743,"Wheeler, Grant County",330027,Wheeler,2017-12-01 12:36:21.417246
2015-09-10,11:45,81.4,81.1,48.3,31.5,0.0,NE@3.0,6.0,68.4,0.0,747,"Wheeler, Grant County",330027,Wheeler,2017-12-01 12:36:21.417246
2015-09-10,12:00,81.9,81.5,48.2,30.8,0.0,SE@4.9,8.9,68.3,0.0,751,"Wheeler, Grant County",330027,Wheeler,2017-12-01 12:36:21.417246
2015-09-10,12:15,82.3,82.2,48.0,30.2,0.0,SE@4.3,7.8,68.3,0.0,748,"Wheeler, Grant County",330027,Wheeler,2017-12-01 12:36:21.417246
2015-09-10,12:30,83.2,83.3,47.7,29.0,0.0,SE@2.6,5.7,68.3,0.0,741,"Wheeler, Grant County",330027,Wheeler,2017-12-01 12:36:21.417246
2015-09-10,12:45,84.1,83.6,48.0,28.5,0.0,E@3.3,7.4,68.3,0.0,727,"Wheeler, Grant County",330027,Wheeler,2017-12-01 12:36:21.417246
2015-09-10,13:00,83.9,83.7,49.0,29.8,0.0,NW@3.9,8.2,68.4,0.0,712,"Wheeler, Grant County",330027,Wheeler,2017-12-01 12:36:21.417246
2015-09-10,13:15,84.0,84.1,49.4,30.1,0.0,NW@4.0,6.4,68.5,0.0,702,"Wheeler, Grant County",330027,Wheeler,2017-12-01 12:36:21.417246
2015-09-10,13:30,84.9,85.0,49.0,28.9,0.0,W@2.9,4.9,68.6,0.0,685,"Wheeler, Grant County",330027,Wheeler,2017-12-01 12:36:21.417246
2015-09-10,13:45,85.0,85.0,48.7,28.5,0.0,W@2.8,6.0,68.8,0.0,662,"Wheeler, Grant County",330027,Wheeler,2017-12-01 12:36:21.417246
2015-09-10,14:00,85.0,85.1,48.6,28.3,0.0,NW@3.8,7.8,68.9,0.0,640,"Wheeler, Grant County",330027,Wheeler,2017-12-01 12:36:21.417246
2015-09-10,14:15,85.1,85.0,47.7,27.3,0.0,SW@2.9,4.6,69.1,0.0,610,"Wheeler, Grant County",330027,Wheeler,2017-12-01 12:36:21.417246
2015-09-10,14:30,85.3,85.4,47.4,26.8,0.0,W@3.0,7.4,69.3,0.0,577,"Wheeler, Grant County",330027,Wheeler,2017-12-01 12:36:21.417246
2015-09-10,14:45,86.1,85.9,47.4,26.1,0.0,SW@2.6,5.3,69.5,0.0,550,"Wheeler, Grant County",330027,Wheeler,2017-12-01 12:36:21.417246
2015-09-10,15:00,86.1,86.0,47.5,26.3,0.0,NE@2.4,4.9,69.7,0.0,514,"Wheeler, Grant County",330027,Wheeler,2017-12-01 12:36:21.417246
2015-09-10,15:15,86.4,86.2,46.7,25.3,0.0,NE@2.5,6.0,70.0,0.0,480,"Wheeler, Grant County",330027,Wheeler,2017-12-01 12:36:21.417246
2015-09-10,15:30,86.0,85.7,45.7,24.6,0.0,SW@3.9,8.2,70.2,0.0,441,"Wheeler, Grant County",330027,Wheeler,2017-12-01 12:36:21.417246
2015-09-10,15:45,86.2,86.1,46.0,24.7,0.0,NW@2.3,4.9,70.4,0.0,406,"Wheeler, Grant County",330027,Wheeler,2017-12-01 12:36:21.417246
2015-09-10,16:00,86.2,86.3,45.8,24.5,0.0,W@2.7,4.6,70.6,0.0,365,"Wheeler, Grant County",330027,Wheeler,2017-12-01 12:36:21.417246
2015-09-10,16:15,86.8,86.5,46.3,24.6,0.0,W@2.3,3.5,70.9,0.0,318,"Wheeler, Grant County",330027,Wheeler,2017-12-01 12:36:21.417246
2015-09-10,16:30,86.0,86.1,47.5,26.3,0.0,NW@3.1,4.2,71.1,0.0,278,"Wheeler, Grant County",330027,Wheeler,2017-12-01 12:36:21.417246
2015-09-10,16:45,85.7,85.6,46.1,25.3,0.0,W@2.8,4.9,71.3,0.0,235,"Wheeler, Grant County",330027,Wheeler,2017-12-01 12:36:21.417246
2015-09-10,17:00,85.1,85.1,48.4,28.0,0.0,NW@3.2,6.4,71.5,0.0,193,"Wheeler, Grant County",330027,Wheeler,2017-12-01 12:36:21.417246
2015-09-10,17:15,84.0,83.7,50.5,31.4,0.0,W@3.8,6.7,71.7,0.0,142,"Wheeler, Grant County",330027,Wheeler,2017-12-01 12:36:21.417246
2015-09-10,17:30,83.3,83.1,50.5,32.2,0.0,W@2.8,4.2,71.8,0.0,111,"Wheeler, Grant County",330027,Wheeler,2017-12-01 12:36:21.417246
2015-09-10,17:45,81.5,81.0,51.8,35.7,0.0,W@3.4,3.9,72.0,0.0,72,"Wheeler, Grant County",330027,Wheeler,2017-12-01 12:36:21.417246
2015-09-10,18:00,80.0,79.3,50.9,36.3,0.0,W@3.4,4.2,72.2,0.0,42,"Wheeler, Grant County",330027,Wheeler,2017-12-01 12:36:21.417246
2015-09-10,18:15,79.2,78.6,49.0,34.7,0.0,W@2.8,3.5,72.3,0.0,19,"Wheeler, Grant County",330027,Wheeler,2017-12-01 12:36:21.417246
2015-09-10,18:30,78.5,78.1,48.3,34.5,0.0,W@2.7,3.5,72.4,0.0,4,"Wheeler, Grant County",330027,Wheeler,2017-12-01 12:36:21.417246
2015-09-10,18:45,77.4,76.9,48.1,35.6,0.0,W@1.9,3.1,72.6,0.0,2,"Wheeler, Grant County",330027,Wheeler,2017-12-01 12:36:21.417246
2015-09-10,19:00,76.7,76.1,49.1,37.8,0.0,SW@0.0,1.4,72.7,0.0,0,"Wheeler, Grant County",330027,Wheeler,2017-12-01 12:36:21.417246
2015-09-10,19:15,76.0,75.6,49.4,39.0,0.0,N@0.0,0.0,72.8,0.0,0,"Wheeler, Grant County",330027,Wheeler,2017-12-01 12:36:21.417246
2015-09-10,19:30,75.0,74.5,49.6,40.9,0.0,E@2.1,3.5,72.8,0.0,0,"Wheeler, Grant County",330027,Wheeler,2017-12-01 12:36:21.417246
2015-09-10,19:45,74.1,73.8,49.2,41.4,0.0,E@2.6,3.5,72.9,0.0,0,"Wheeler, Grant County",330027,Wheeler,2017-12-01 12:36:21.417246
2015-09-10,20:00,73.0,72.8,48.1,41.2,0.0,E@3.1,3.9,73.0,0.0,0,"Wheeler, Grant County",330027,Wheeler,2017-12-01 12:36:21.417246
2015-09-10,20:15,71.8,71.5,48.7,43.9,0.0,E@3.3,4.2,73.0,0.0,0,"Wheeler, Grant County",330027,Wheeler,2017-12-01 12:36:21.417246
2015-09-10,20:30,70.8,70.5,48.6,45.3,0.0,E@3.3,4.2,73.0,0.0,0,"Wheeler, Grant County",330027,Wheeler,2017-12-01 12:36:21.417246
2015-09-10,20:45,70.0,69.7,48.3,46.1,0.0,E@2.3,3.5,73.1,0.0,0,"Wheeler, Grant County",330027,Wheeler,2017-12-01 12:36:21.417246
2015-09-10,21:00,68.8,68.5,48.6,48.3,0.0,E@3.2,4.6,73.1,0.0,0,"Wheeler, Grant County",330027,Wheeler,2017-12-01 12:36:21.417246
2015-09-10,21:15,67.8,67.5,48.5,49.9,0.0,E@3.5,4.6,73.1,0.0,0,"Wheeler, Grant County",330027,Wheeler,2017-12-01 12:36:21.417246
2015-09-10,21:30,66.1,65.8,49.1,54.2,0.0,E@4.2,5.3,73.1,0.0,0,"Wheeler, Grant County",330027,Wheeler,2017-12-01 12:36:21.417246
2015-09-10,21:45,65.7,65.6,49.0,54.8,0.0,E@4.6,5.7,73.1,0.0,0,"Wheeler, Grant County",330027,Wheeler,2017-12-01 12:36:21.417246
2015-09-10,22:00,66.1,66.1,48.8,53.5,0.0,E@4.5,5.3,73.1,0.0,0,"Wheeler, Grant County",330027,Wheeler,2017-12-01 12:36:21.417246
2015-09-10,22:15,66.1,65.9,48.7,53.5,0.0,E@4.3,5.3,73.1,0.0,0,"Wheeler, Grant County",330027,Wheeler,2017-12-01 12:36:21.417246
2015-09-10,22:30,65.6,65.4,48.7,54.4,0.0,E@3.7,4.6,73.0,0.0,0,"Wheeler, Grant County",330027,Wheeler,2017-12-01 12:36:21.417246
2015-09-10,22:45,65.2,65.0,48.7,55.2,0.0,E@4.0,4.9,73.0,0.0,0,"Wheeler, Grant County",330027,Wheeler,2017-12-01 12:36:21.417246
2015-09-10,23:00,65.1,65.0,48.4,54.6,0.0,E@4.1,5.3,73.0,0.0,0,"Wheeler, Grant County",330027,Wheeler,2017-12-01 12:36:21.417246
2015-09-11,23:15,65.0,64.8,48.3,54.7,0.0,E@4.6,6.0,72.9,0.0,0,"Wheeler, Grant County",330027,Wheeler,2017-12-01 12:36:21.417246
2015-09-11,23:30,63.5,63.3,48.6,58.2,0.0,E@3.9,4.9,72.9,0.0,0,"Wheeler, Grant County",330027,Wheeler,2017-12-01 12:36:21.417246
2015-09-11,23:45,63.1,63.0,48.5,58.7,0.0,NE@3.4,4.6,72.8,0.0,0,"Wheeler, Grant County",330027,Wheeler,2017-12-01 12:36:21.417246
2015-09-11,24:00,63.6,63.5,48.2,57.3,0.0,NE@3.2,3.9,72.8,0.0,0,"Wheeler, Grant County",330027,Wheeler,2017-12-01 12:36:21.417246
2015-09-11,00:15,62.8,62.5,48.5,59.5,0.0,E@3.2,3.9,72.7,0.0,0,"Wheeler, Grant County",330027,Wheeler,2017-12-01 12:36:21.417246
2015-09-11,00:30,61.8,61.6,48.2,60.9,0.0,E@3.5,4.6,72.7,0.0,0,"Wheeler, Grant County",330027,Wheeler,2017-12-01 12:36:21.417246
2015-09-11,00:45,61.7,61.6,47.9,60.6,0.0,E@3.9,4.6,72.6,0.0,0,"Wheeler, Grant County",330027,Wheeler,2017-12-01 12:36:21.417246
2015-09-11,01:00,61.6,61.4,48.1,61.1,0.0,E@3.8,5.3,72.6,0.0,0,"Wheeler, Grant County",330027,Wheeler,2017-12-01 12:36:21.417246
2015-09-11,01:15,61.5,61.3,48.5,62.3,0.0,E@2.2,3.5,72.5,0.0,0,"Wheeler, Grant County",330027,Wheeler,2017-12-01 12:36:21.417246
2015-09-11,01:30,61.1,60.9,48.6,63.4,0.0,S@3.0,4.2,72.5,0.0,0,"Wheeler, Grant County",330027,Wheeler,2017-12-01 12:36:21.417246
2015-09-11,01:45,61.9,61.8,48.2,60.7,0.0,S@3.2,4.2,72.4,0.0,0,"Wheeler, Grant County",330027,Wheeler,2017-12-01 12:36:21.417246
2015-09-11,02:00,61.3,60.9,49.0,63.9,0.0,W@2.7,4.2,72.3,0.0,0,"Wheeler, Grant County",330027,Wheeler,2017-12-01 12:36:21.417246
2015-09-11,02:15,59.7,59.5,48.8,67.2,0.0,W@3.0,3.9,72.3,0.0,0,"Wheeler, Grant County",330027,Wheeler,2017-12-01 12:36:21.417246
2015-09-11,02:30,59.5,59.3,48.7,67.3,0.0,W@2.3,3.1,72.2,0.0,0,"Wheeler, Grant County",330027,Wheeler,2017-12-01 12:36:21.417246
2015-09-11,02:45,58.5,58.1,48.8,70.0,0.0,SW@4.0,6.0,72.2,0.0,0,"Wheeler, Grant County",330027,Wheeler,2017-12-01 12:36:21.417246
2015-09-11,03:00,58.8,59.0,48.6,68.9,0.0,NW@1.8,3.9,72.1,0.0,0,"Wheeler, Grant County",330027,Wheeler,2017-12-01 12:36:21.417246
2015-09-11,03:15,59.3,58.8,48.6,67.7,0.0,NW@2.5,3.1,72.1,0.0,0,"Wheeler, Grant County",330027,Wheeler,2017-12-01 12:36:21.417246
2015-09-11,03:30,58.5,58.1,48.2,68.5,0.0,NW@2.3,3.1,72.1,0.0,0,"Wheeler, Grant County",330027,Wheeler,2017-12-01 12:36:21.417246
2015-09-11,03:45,59.4,59.3,48.2,66.4,0.0,N@2.3,3.9,72.0,0.0,0,"Wheeler, Grant County",330027,Wheeler,2017-12-01 12:36:21.417246
2015-09-11,04:00,57.7,57.2,48.5,71.3,0.0,SW@3.2,6.4,72.0,0.0,0,"Wheeler, Grant County",330027,Wheeler,2017-12-01 12:36:21.417246
2015-09-11,04:15,58.8,59.0,48.8,69.3,0.0,E@3.3,6.7,71.9,0.0,0,"Wheeler, Grant County",330027,Wheeler,2017-12-01 12:36:21.417246
2015-09-11,04:30,58.4,58.0,48.4,69.4,0.0,N@3.0,4.2,71.9,0.0,0,"Wheeler, Grant County",330027,Wheeler,2017-12-01 12:36:21.417246
2015-09-11,04:45,58.2,58.0,48.4,69.9,0.0,N@2.9,4.2,71.9,0.0,0,"Wheeler, Grant County",330027,Wheeler,2017-12-01 12:36:21.417246
2015-09-11,05:00,57.3,57.0,48.2,71.6,0.0,N@2.5,4.9,71.8,0.0,1,"Wheeler, Grant County",330027,Wheeler,2017-12-01 12:36:21.417246
2015-09-11,05:15,57.4,57.2,48.3,71.5,0.0,NW@1.0,2.4,71.8,0.0,2,"Wheeler, Grant County",330027,Wheeler,2017-12-01 12:36:21.417246
2015-09-11,05:30,58.7,58.7,48.3,68.2,0.0,NW@2.1,3.5,71.7,0.0,3,"Wheeler, Grant County",330027,Wheeler,2017-12-01 12:36:21.417246
2015-09-11,05:45,56.0,55.6,48.5,76.1,0.0,W@3.6,5.7,71.7,0.0,19,"Wheeler, Grant County",330027,Wheeler,2017-12-01 12:36:21.417246
2015-09-11,06:00,56.1,56.0,48.8,76.5,0.0,W@3.1,3.9,71.6,0.0,50,"Wheeler, Grant County",330027,Wheeler,2017-12-01 12:36:21.417246
2015-09-11,06:15,55.7,55.6,49.0,78.2,0.0,NW@3.3,4.9,71.5,0.0,84,"Wheeler, Grant County",330027,Wheeler,2017-12-01 12:36:21.417246
2015-09-11,06:30,55.4,55.4,49.3,79.9,0.0,NW@3.9,5.7,71.4,0.0,121,"Wheeler, Grant County",330027,Wheeler,2017-12-01 12:36:21.417246
2015-09-11,06:45,56.3,56.4,50.1,79.5,0.0,W@3.9,4.9,71.3,0.0,160,"Wheeler, Grant County",330027,Wheeler,2017-12-01 12:36:21.417246
2015-09-11,07:00,58.1,58.2,51.1,77.4,0.0,NW@3.8,4.9,71.2,0.0,201,"Wheeler, Grant County",330027,Wheeler,2017-12-01 12:36:21.417246
2015-09-11,07:15,59.6,59.8,51.4,74.0,0.0,NW@4.1,5.3,71.2,0.0,244,"Wheeler, Grant County",330027,Wheeler,2017-12-01 12:36:21.417246
2015-09-11,07:30,61.6,61.7,51.9,70.4,0.0,NW@4.2,6.0,71.1,0.0,287,"Wheeler, Grant County",330027,Wheeler,2017-12-01 12:36:21.417246
2015-09-11,07:45,63.6,63.8,52.1,66.2,0.0,NW@4.5,6.4,71.0,0.0,330,"Wheeler, Grant County",330027,Wheeler,2017-12-01 12:36:21.417246
2015-09-11,08:00,65.0,65.2,51.8,62.1,0.0,NW@4.8,6.4,70.9,0.0,371,"Wheeler, Grant County",330027,Wheeler,2017-12-01 12:36:21.417246
2015-09-11,08:15,66.2,66.3,51.8,59.5,0.0,NW@4.5,6.7,70.8,0.0,412,"Wheeler, Grant County",330027,Wheeler,2017-12-01 12:36:21.417246
2015-09-11,08:30,67.9,68.2,52.0,56.7,0.0,NW@4.4,7.8,70.7,0.0,452,"Wheeler, Grant County",330027,Wheeler,2017-12-01 12:36:21.417246
2015-09-11,08:45,69.3,69.5,51.9,53.9,0.0,NW@3.8,5.3,70.6,0.0,489,"Wheeler, Grant County",330027,Wheeler,2017-12-01 12:36:21.417246
2015-09-11,09:00,70.9,71.1,52.0,51.3,0.0,NW@3.8,5.3,70.6,0.0,525,"Wheeler, Grant County",330027,Wheeler,2017-12-01 12:36:21.417246
2015-09-11,09:15,72.0,72.2,52.1,49.4,0.0,W@3.5,4.9,70.4,0.0,559,"Wheeler, Grant County",330027,Wheeler,2017-12-01 12:36:21.417246
2015-09-11,09:30,73.3,73.6,52.3,47.7,0.0,W@3.9,6.4,70.4,0.0,590,"Wheeler, Grant County",330027,Wheeler,2017-12-01 12:36:21.417246
2015-09-11,09:45,74.9,75.0,52.7,45.9,0.0,W@3.8,6.0,70.3,0.0,619,"Wheeler, Grant County",330027,Wheeler,2017-12-01 12:36:21.417246
2015-09-11,10:00,75.9,76.1,53.0,44.8,0.0,NW@3.3,4.6,70.2,0.0,646,"Wheeler, Grant County",330027,Wheeler,2017-12-01 12:36:21.417246
2015-09-11,10:15,77.1,77.3,53.5,44.0,0.0,W@3.3,6.0,70.2,0.0,669,"Wheeler, Grant County",330027,Wheeler,2017-12-01 12:36:21.417246
2015-09-11,10:30,78.1,78.3,53.4,42.4,0.0,W@3.9,6.0,70.1,0.0,688,"Wheeler, Grant County",330027,Wheeler,2017-12-01 12:36:21.417246
2015-09-11,10:45,79.4,79.5,53.6,40.8,0.0,W@4.0,6.4,70.0,0.0,706,"Wheeler, Grant County",330027,Wheeler,2017-12-01 12:36:21.417246
2015-09-11,11:00,80.2,80.4,53.4,39.5,0.0,W@3.9,6.0,70.0,0.0,719,"Wheeler, Grant County",330027,Wheeler,2017-12-01 12:36:21.417246
2015-09-11,11:15,81.4,81.6,53.5,38.2,0.0,W@3.7,7.8,69.9,0.0,730,"Wheeler, Grant County",330027,Wheeler,2017-12-01 12:36:21.417246
2015-09-11,11:30,82.4,82.6,53.5,36.9,0.0,NW@3.7,7.1,69.8,0.0,736,"Wheeler, Grant County",330027,Wheeler,2017-12-01 12:36:21.417246
2015-09-11,11:45,82.9,83.1,53.6,36.5,0.0,NW@3.8,5.7,69.7,0.0,741,"Wheeler, Grant County",330027,Wheeler,2017-12-01 12:36:21.417246
2015-09-11,12:00,83.5,83.7,53.2,35.3,0.0,NW@3.1,4.9,69.7,0.0,741,"Wheeler, Grant County",330027,Wheeler,2017-12-01 12:36:21.417246
2015-09-11,12:15,84.5,84.6,53.5,34.4,0.0,W@3.5,7.8,69.7,0.0,738,"Wheeler, Grant County",330027,Wheeler,2017-12-01 12:36:21.417246
2015-09-11,12:30,84.7,84.9,52.7,33.3,0.0,NW@2.8,6.0,69.7,0.0,733,"Wheeler, Grant County",330027,Wheeler,2017-12-01 12:36:21.417246
2015-09-11,12:45,85.2,85.5,52.5,32.5,0.0,W@2.9,4.9,69.7,0.0,723,"Wheeler, Grant County",330027,Wheeler,2017-12-01 12:36:21.417246
2015-09-11,13:00,86.4,86.6,52.7,31.6,0.0,W@3.1,5.7,69.8,0.0,711,"Wheeler, Grant County",330027,Wheeler,2017-12-01 12:36:21.417246
2015-09-11,13:15,86.9,86.9,52.7,31.0,0.0,W@3.1,7.8,70.0,0.0,695,"Wheeler, Grant County",330027,Wheeler,2017-12-01 12:36:21.417246
2015-09-11,13:30,87.1,87.1,52.3,30.4,0.0,N@2.9,6.7,70.1,0.0,678,"Wheeler, Grant County",330027,Wheeler,2017-12-01 12:36:21.417246
2015-09-11,13:45,87.8,87.5,52.3,29.7,0.0,SW@3.3,6.7,70.3,0.0,656,"Wheeler, Grant County",330027,Wheeler,2017-12-01 12:36:21.417246
2015-09-11,14:00,88.0,87.9,52.8,30.1,0.0,W@4.3,7.8,70.5,0.0,632,"Wheeler, Grant County",330027,Wheeler,2017-12-01 12:36:21.417246
2015-09-11,14:15,88.1,88.2,52.2,29.3,0.0,W@4.2,6.7,70.7,0.0,607,"Wheeler, Grant County",330027,Wheeler,2017-12-01 12:36:21.417246
2015-09-11,14:30,88.3,88.5,52.8,29.8,0.0,NW@4.5,6.4,70.9,0.0,579,"Wheeler, Grant County",330027,Wheeler,2017-12-01 12:36:21.417246
2015-09-11,14:45,88.5,88.7,52.6,29.3,0.0,NW@4.0,6.7,71.1,0.0,546,"Wheeler, Grant County",330027,Wheeler,2017-12-01 12:36:21.417246
2015-09-11,15:00,89.0,89.2,52.8,29.1,0.0,NW@3.7,5.7,71.4,0.0,511,"Wheeler, Grant County",330027,Wheeler,2017-12-01 12:36:21.417246
2015-09-11,15:15,88.9,89.1,52.4,28.8,0.0,NW@3.4,5.3,71.6,0.0,475,"Wheeler, Grant County",330027,Wheeler,2017-12-01 12:36:21.417246
2015-09-11,15:30,89.0,88.9,52.1,28.4,0.0,W@3.4,6.0,71.8,0.0,435,"Wheeler, Grant County",330027,Wheeler,2017-12-01 12:36:21.417246
2015-09-11,15:45,88.9,88.6,53.1,29.6,0.0,SW@4.2,7.4,72.0,0.0,396,"Wheeler, Grant County",330027,Wheeler,2017-12-01 12:36:21.417246
2015-09-11,16:00,88.6,88.3,53.5,30.2,0.0,SW@3.7,5.7,72.3,0.0,357,"Wheeler, Grant County",330027,Wheeler,2017-12-01 12:36:21.417246
2015-09-11,16:15,88.1,87.6,54.9,32.4,0.0,SW@5.2,8.2,72.5,0.0,315,"Wheeler, Grant County",330027,Wheeler,2017-12-01 12:36:21.417246
2015-09-11,16:30,86.8,86.4,56.9,36.3,0.0,SW@6.2,8.5,72.7,0.0,273,"Wheeler, Grant County",330027,Wheeler,2017-12-01 12:36:21.417246
2015-09-11,16:45,86.1,85.6,58.3,39.0,0.0,SW@5.4,7.4,72.9,0.0,230,"Wheeler, Grant County",330027,Wheeler,2017-12-01 12:36:21.417246
2015-09-11,17:00,85.7,85.4,57.7,38.6,0.0,SW@5.0,6.4,73.1,0.0,188,"Wheeler, Grant County",330027,Wheeler,2017-12-01 12:36:21.417246
2015-09-11,17:15,84.4,83.9,59.6,43.0,0.0,SW@4.9,6.4,73.3,0.0,134,"Wheeler, Grant County",330027,Wheeler,2017-12-01 12:36:21.417246
2015-09-11,17:30,83.2,82.8,59.2,44.2,0.0,SW@5.0,6.0,73.5,0.0,106,"Wheeler, Grant County",330027,Wheeler,2017-12-01 12:36:21.417246
2015-09-11,17:45,81.2,80.7,59.8,48.2,0.0,SW@4.8,5.3,73.6,0.0,68,"Wheeler, Grant County",330027,Wheeler,2017-12-01 12:36:21.417246
2015-09-11,18:00,79.6,79.2,58.6,48.7,0.0,SW@4.6,4.9,73.8,0.0,25,"Wheeler, Grant County",330027,Wheeler,2017-12-01 12:36:21.417246
2015-09-11,18:15,78.4,77.9,57.8,49.2,0.0,SW@5.1,5.7,73.9,0.0,11,"Wheeler, Grant County",330027,Wheeler,2017-12-01 12:36:21.417246
2015-09-11,18:30,76.8,76.5,56.6,49.6,0.0,W@3.7,5.3,74.0,0.0,3,"Wheeler, Grant County",330027,Wheeler,2017-12-01 12:36:21.417246
2015-09-11,18:45,77.6,77.5,54.7,45.1,0.0,W@3.8,4.6,74.2,0.0,1,"Wheeler, Grant County",330027,Wheeler,2017-12-01 12:36:21.417246
2015-09-11,19:00,77.9,77.6,52.8,41.8,0.0,W@4.6,5.7,74.3,0.0,0,"Wheeler, Grant County",330027,Wheeler,2017-12-01 12:36:21.417246
2015-09-11,19:15,76.8,76.4,52.6,43.0,0.0,W@3.5,4.6,74.4,0.0,0,"Wheeler, Grant County",330027,Wheeler,2017-12-01 12:36:21.417246
2015-09-11,19:30,75.7,75.4,53.4,45.8,0.0,W@2.2,2.8,74.4,0.0,0,"Wheeler, Grant County",330027,Wheeler,2017-12-01 12:36:21.417246
2015-09-11,19:45,76.2,75.9,52.7,43.9,0.0,W@3.1,3.9,74.5,0.0,0,"Wheeler, Grant County",330027,Wheeler,2017-12-01 12:36:21.417246
2015-09-11,20:00,76.4,76.0,51.6,41.9,0.0,W@2.3,3.1,74.6,0.0,0,"Wheeler, Grant County",330027,Wheeler,2017-12-01 12:36:21.417246
2015-09-11,20:15,75.3,74.7,51.9,44.0,0.0,NW@0.8,2.1,74.6,0.0,0,"Wheeler, Grant County",330027,Wheeler,2017-12-01 12:36:21.417246
2015-09-11,20:30,75.2,74.6,51.5,43.5,0.0,NW@0.4,1.7,74.6,0.0,0,"Wheeler, Grant County",330027,Wheeler,2017-12-01 12:36:21.417246
2015-09-11,20:45,74.5,73.8,51.8,45.0,0.0,NW@0.3,2.1,74.6,0.0,0,"Wheeler, Grant County",330027,Wheeler,2017-12-01 12:36:21.417246
2015-09-11,21:00,72.6,72.1,52.2,48.6,0.0,N@0.0,0.0,74.6,0.0,0,"Wheeler, Grant County",330027,Wheeler,2017-12-01 12:36:21.417246
2015-09-11,21:15,72.7,72.3,52.4,48.9,0.0,N@0.0,0.0,74.6,0.0,0,"Wheeler, Grant County",330027,Wheeler,2017-12-01 12:36:21.417246
2015-09-11,21:30,72.0,71.6,52.5,50.2,0.0,E@2.4,3.1,74.6,0.0,0,"Wheeler, Grant County",330027,Wheeler,2017-12-01 12:36:21.417246
2015-09-11,21:45,70.9,70.7,51.1,49.5,0.0,E@2.8,3.5,74.6,0.0,0,"Wheeler, Grant County",330027,Wheeler,2017-12-01 12:36:21.417246
2015-09-11,22:00,69.3,68.9,51.0,52.1,0.0,E@3.4,4.9,74.6,0.0,0,"Wheeler, Grant County",330027,Wheeler,2017-12-01 12:36:21.417246
2015-09-11,22:15,67.0,66.9,51.0,56.3,0.0,E@3.9,4.9,74.6,0.0,0,"Wheeler, Grant County",330027,Wheeler,2017-12-01 12:36:21.417246
2015-09-11,22:30,67.6,67.6,50.7,54.5,0.0,E@3.4,4.2,74.5,0.0,0,"Wheeler, Grant County",330027,Wheeler,2017-12-01 12:36:21.417246
2015-09-11,22:45,68.1,67.9,50.5,53.3,0.0,E@3.3,3.9,74.5,0.0,0,"Wheeler, Grant County",330027,Wheeler,2017-12-01 12:36:21.417246
2015-09-11,23:00,66.6,66.3,50.7,56.5,0.0,E@3.6,4.2,74.5,0.0,0,"Wheeler, Grant County",330027,Wheeler,2017-12-01 12:36:21.417246
2015-09-12,23:15,65.6,65.4,51.0,59.2,0.0,E@4.0,4.9,74.4,0.0,0,"Wheeler, Grant County",330027,Wheeler,2017-12-01 12:36:21.417246
2015-09-12,23:30,65.8,65.8,50.9,58.6,0.0,E@3.9,4.6,74.4,0.0,0,"Wheeler, Grant County",330027,Wheeler,2017-12-01 12:36:21.417246
2015-09-12,23:45,65.6,65.4,50.8,58.8,0.0,E@3.7,4.6,74.3,0.0,0,"Wheeler, Grant County",330027,Wheeler,2017-12-01 12:36:21.417246
2015-09-12,24:00,65.5,65.4,50.9,59.1,0.0,E@3.6,4.6,74.3,0.0,0,"Wheeler, Grant County",330027,Wheeler,2017-12-01 12:36:21.417246
