Date,Time PST,Air Temp °F, Dew Point °F, Rel Hum %, Tot Prec in, Wind Dir @ Speed mph, Wind Gust mph, Leaf Wet u., Solar Rad W/m², 8 in. Soil Tmp °F, Atm. Press. inHg, 2<sup>nd</sup> Air Temp °F,Location,Station ID,Station Name,Download Timestamp
2019-10-13,00:15,49.8,46.6,88.7,0.0,N @0.0,0.0,0.0,0,55.6,29.96,49.5,"Seattle, King County",330092,Seattle,2020-01-21 15:21:21.287718
2019-10-13,00:30,49.7,46.7,89.4,0.0,N @0.0,0.0,0.0,0,55.6,29.96,49.4,"Seattle, King County",330092,Seattle,2020-01-21 15:21:21.287718
2019-10-13,00:45,49.7,46.9,90.0,0.0,N @0.0,0.0,0.0,0,55.6,29.96,49.4,"Seattle, King County",330092,Seattle,2020-01-21 15:21:21.287718
2019-10-13,01:00,49.6,47.0,90.6,0.0,N @0.0,0.0,0.0,0,55.6,29.96,49.3,"Seattle, King County",330092,Seattle,2020-01-21 15:21:21.287718
2019-10-13,01:15,49.5,46.8,90.5,0.0,N @0.0,0.0,0.0,0,55.6,29.96,49.2,"Seattle, King County",330092,Seattle,2020-01-21 15:21:21.287718
2019-10-13,01:30,49.5,46.8,90.3,0.0,N @0.0,0.0,0.0,0,55.6,29.97,49.3,"Seattle, King County",330092,Seattle,2020-01-21 15:21:21.287718
2019-10-13,01:45,49.5,46.9,90.7,0.0,N @0.0,0.0,0.0,0,55.6,29.96,49.2,"Seattle, King County",330092,Seattle,2020-01-21 15:21:21.287718
2019-10-13,02:00,49.5,47.0,91.0,0.0,N @0.0,0.0,0.0,0,55.6,29.96,49.2,"Seattle, King County",330092,Seattle,2020-01-21 15:21:21.287718
2019-10-13,02:15,49.4,47.0,91.5,0.0,W@0.4,2.4,0.0,0,55.6,29.96,49.1,"Seattle, King County",330092,Seattle,2020-01-21 15:21:21.287718
2019-10-13,02:30,49.3,47.1,92.1,0.0,W@0.0,1.4,0.0,0,55.6,29.96,49.0,"Seattle, King County",330092,Seattle,2020-01-21 15:21:21.287718
2019-10-13,02:45,49.4,47.1,92.0,0.0,N @0.0,0.0,0.0,0,55.6,29.95,49.1,"Seattle, King County",330092,Seattle,2020-01-21 15:21:21.287718
2019-10-13,03:00,49.4,47.1,91.5,0.0,NW@0.1,2.1,0.0,0,55.6,29.96,49.3,"Seattle, King County",330092,Seattle,2020-01-21 15:21:21.287718
2019-10-13,03:15,50.3,46.5,86.7,0.0,N@1.1,3.1,0.0,0,55.6,29.96,50.3,"Seattle, King County",330092,Seattle,2020-01-21 15:21:21.287718
2019-10-13,03:30,50.7,46.2,84.3,0.0,NW@0.9,3.5,0.0,0,55.5,29.96,50.5,"Seattle, King County",330092,Seattle,2020-01-21 15:21:21.287718
2019-10-13,03:45,50.7,46.2,84.4,0.0,N@0.0,1.4,0.0,0,55.5,29.97,50.5,"Seattle, King County",330092,Seattle,2020-01-21 15:21:21.287718
2019-10-13,04:00,50.6,46.4,85.3,0.0,E@0.1,2.1,0.0,0,55.5,29.97,50.3,"Seattle, King County",330092,Seattle,2020-01-21 15:21:21.287718
2019-10-13,04:15,49.9,46.9,89.2,0.0,W@0.0,1.4,0.0,0,55.5,29.96,49.6,"Seattle, King County",330092,Seattle,2020-01-21 15:21:21.287718
2019-10-13,04:30,49.9,46.8,88.9,0.0,NW@0.1,1.4,0.0,0,55.5,29.96,49.7,"Seattle, King County",330092,Seattle,2020-01-21 15:21:21.287718
2019-10-13,04:45,49.4,46.7,90.2,0.0,N @0.0,0.0,0.0,0,55.5,29.97,49.1,"Seattle, King County",330092,Seattle,2020-01-21 15:21:21.287718
2019-10-13,05:00,48.6,46.5,92.3,0.0,N @0.0,0.0,0.0,0,55.5,29.97,48.3,"Seattle, King County",330092,Seattle,2020-01-21 15:21:21.287718
2019-10-13,05:15,48.7,46.7,93.0,0.0,N @0.0,0.0,0.04,0,55.5,29.97,48.4,"Seattle, King County",330092,Seattle,2020-01-21 15:21:21.287718
2019-10-13,05:30,48.6,46.9,93.9,0.0,N @0.0,0.0,0.06,0,55.5,29.97,48.3,"Seattle, King County",330092,Seattle,2020-01-21 15:21:21.287718
2019-10-13,05:45,48.6,47.0,94.4,0.0,N @0.0,0.0,0.06,0,55.5,29.97,48.3,"Seattle, King County",330092,Seattle,2020-01-21 15:21:21.287718
2019-10-13,06:00,48.5,47.0,94.4,0.0,N @0.0,0.0,0.07,0,55.5,29.97,48.2,"Seattle, King County",330092,Seattle,2020-01-21 15:21:21.287718
2019-10-13,06:15,48.6,47.1,94.5,0.0,N @0.0,0.0,0.06,0,55.5,29.97,48.4,"Seattle, King County",330092,Seattle,2020-01-21 15:21:21.287718
2019-10-13,06:30,48.6,47.1,94.5,0.0,N @0.0,0.0,0.06,2,55.5,29.97,48.4,"Seattle, King County",330092,Seattle,2020-01-21 15:21:21.287718
2019-10-13,06:45,48.6,47.1,94.2,0.0,N @0.0,0.0,0.06,6,55.5,29.98,48.4,"Seattle, King County",330092,Seattle,2020-01-21 15:21:21.287718
2019-10-13,07:00,48.4,46.9,94.5,0.0,N @0.0,0.0,0.08,19,55.4,29.97,48.1,"Seattle, King County",330092,Seattle,2020-01-21 15:21:21.287718
2019-10-13,07:15,48.5,47.1,94.8,0.0,N @0.0,0.0,0.08,43,55.4,29.97,48.3,"Seattle, King County",330092,Seattle,2020-01-21 15:21:21.287718
2019-10-13,07:30,49.3,47.8,94.4,0.0,N @0.0,0.0,0.04,68,55.4,29.98,49.1,"Seattle, King County",330092,Seattle,2020-01-21 15:21:21.287718
2019-10-13,07:45,50.3,48.5,93.4,0.0,N @0.0,0.0,0.0,92,55.4,29.98,50.1,"Seattle, King County",330092,Seattle,2020-01-21 15:21:21.287718
2019-10-13,08:00,51.3,48.5,90.0,0.0,NW@0.0,1.7,0.0,102,55.4,29.98,51.2,"Seattle, King County",330092,Seattle,2020-01-21 15:21:21.287718
2019-10-13,08:15,52.1,47.7,84.9,0.0,NW@0.2,1.7,0.0,121,55.4,29.98,51.9,"Seattle, King County",330092,Seattle,2020-01-21 15:21:21.287718
2019-10-13,08:30,52.6,47.8,83.5,0.0,N @0.0,0.0,0.0,109,55.4,29.98,52.4,"Seattle, King County",330092,Seattle,2020-01-21 15:21:21.287718
2019-10-13,08:45,52.7,47.5,82.5,0.0,N @0.0,0.0,0.0,118,55.4,29.98,52.5,"Seattle, King County",330092,Seattle,2020-01-21 15:21:21.287718
2019-10-13,09:00,52.9,47.5,81.9,0.0,SE@0.4,2.4,0.0,154,55.4,29.98,52.7,"Seattle, King County",330092,Seattle,2020-01-21 15:21:21.287718
2019-10-13,09:15,53.3,47.6,80.9,0.0,SE@1.1,3.1,0.0,189,55.4,29.98,53.1,"Seattle, King County",330092,Seattle,2020-01-21 15:21:21.287718
2019-10-13,09:30,53.6,47.6,79.9,0.0,SE@0.9,3.1,0.0,194,55.4,29.98,53.4,"Seattle, King County",330092,Seattle,2020-01-21 15:21:21.287718
2019-10-13,09:45,53.8,47.7,79.7,0.0,W@1.6,4.2,0.0,160,55.4,29.98,53.6,"Seattle, King County",330092,Seattle,2020-01-21 15:21:21.287718
2019-10-13,10:00,54.2,46.8,75.8,0.0,NW@2.4,4.2,0.0,231,55.4,29.98,53.9,"Seattle, King County",330092,Seattle,2020-01-21 15:21:21.287718
2019-10-13,10:15,55.3,47.1,73.8,0.0,S@1.8,4.6,0.0,308,55.4,29.98,54.9,"Seattle, King County",330092,Seattle,2020-01-21 15:21:21.287718
2019-10-13,10:30,56.2,47.6,72.9,0.0,SE@2.2,4.2,0.0,380,55.4,29.98,55.9,"Seattle, King County",330092,Seattle,2020-01-21 15:21:21.287718
2019-10-13,10:45,56.8,48.2,72.9,0.0,SE@2.3,5.3,0.0,396,55.4,29.98,56.5,"Seattle, King County",330092,Seattle,2020-01-21 15:21:21.287718
2019-10-13,11:00,56.1,48.7,76.1,0.0,SE@2.7,4.9,0.0,329,55.5,29.97,55.8,"Seattle, King County",330092,Seattle,2020-01-21 15:21:21.287718
2019-10-13,11:15,56.7,48.9,75.1,0.0,S@2.4,4.6,0.0,455,55.5,29.97,56.3,"Seattle, King County",330092,Seattle,2020-01-21 15:21:21.287718
2019-10-13,11:30,57.0,48.0,71.6,0.0,S@2.2,4.2,0.0,367,55.5,29.97,56.8,"Seattle, King County",330092,Seattle,2020-01-21 15:21:21.287718
2019-10-13,11:45,57.3,48.2,71.4,0.0,SE@2.0,5.3,0.0,419,55.5,29.98,57.1,"Seattle, King County",330092,Seattle,2020-01-21 15:21:21.287718
2019-10-13,12:00,56.6,47.7,72.0,0.0,SE@2.2,3.5,0.0,287,55.6,29.98,56.4,"Seattle, King County",330092,Seattle,2020-01-21 15:21:21.287718
2019-10-13,12:15,56.7,48.5,74.0,0.0,SE@0.8,3.1,0.0,159,55.6,29.98,56.5,"Seattle, King County",330092,Seattle,2020-01-21 15:21:21.287718
2019-10-13,12:30,56.4,48.3,74.1,0.0,S@0.0,1.4,0.0,134,55.6,29.98,56.2,"Seattle, King County",330092,Seattle,2020-01-21 15:21:21.287718
2019-10-13,12:45,57.0,48.8,74.0,0.0,SE@2.1,4.6,0.0,253,55.7,29.98,56.8,"Seattle, King County",330092,Seattle,2020-01-21 15:21:21.287718
2019-10-13,13:00,58.2,48.2,69.4,0.0,S@2.1,4.6,0.0,323,55.7,29.98,58.0,"Seattle, King County",330092,Seattle,2020-01-21 15:21:21.287718
2019-10-13,13:15,58.9,47.4,65.5,0.0,SE@2.5,5.7,0.0,385,55.8,29.98,58.6,"Seattle, King County",330092,Seattle,2020-01-21 15:21:21.287718
2019-10-13,13:30,59.5,46.8,62.8,0.0,SE@2.2,4.6,0.0,400,55.8,29.97,59.1,"Seattle, King County",330092,Seattle,2020-01-21 15:21:21.287718
2019-10-13,13:45,60.6,47.6,62.1,0.0,SE@2.0,4.6,0.0,450,55.9,29.97,60.1,"Seattle, King County",330092,Seattle,2020-01-21 15:21:21.287718
2019-10-13,14:00,60.6,48.1,63.4,0.0,S@2.2,4.6,0.0,474,56.0,29.96,60.1,"Seattle, King County",330092,Seattle,2020-01-21 15:21:21.287718
2019-10-13,14:15,60.0,48.3,65.1,0.0,SE@2.6,5.7,0.0,376,56.0,29.97,59.7,"Seattle, King County",330092,Seattle,2020-01-21 15:21:21.287718
2019-10-13,14:30,60.8,48.7,64.2,0.0,SE@2.6,4.9,0.0,442,56.1,29.97,60.5,"Seattle, King County",330092,Seattle,2020-01-21 15:21:21.287718
2019-10-13,14:45,59.6,48.1,65.5,0.0,SE@1.6,3.9,0.0,255,56.1,29.97,59.4,"Seattle, King County",330092,Seattle,2020-01-21 15:21:21.287718
2019-10-13,15:00,59.5,48.1,65.8,0.0,SE@1.3,3.1,0.0,220,56.2,29.97,59.3,"Seattle, King County",330092,Seattle,2020-01-21 15:21:21.287718
2019-10-13,15:15,59.1,48.1,66.6,0.0,SE@1.2,2.8,0.0,192,56.3,29.97,58.9,"Seattle, King County",330092,Seattle,2020-01-21 15:21:21.287718
2019-10-13,15:30,58.2,47.7,68.0,0.0,S@1.4,2.8,0.0,91,56.3,29.98,58.0,"Seattle, King County",330092,Seattle,2020-01-21 15:21:21.287718
2019-10-13,15:45,57.5,46.2,65.8,0.0,SW@0.9,2.8,0.0,64,56.4,29.99,57.3,"Seattle, King County",330092,Seattle,2020-01-21 15:21:21.287718
2019-10-13,16:00,56.9,45.9,66.6,0.0,NW@1.0,4.6,0.0,51,56.4,29.99,56.7,"Seattle, King County",330092,Seattle,2020-01-21 15:21:21.287718
2019-10-13,16:15,56.8,45.3,65.3,0.0,NW@1.9,3.1,0.0,63,56.5,29.99,56.6,"Seattle, King County",330092,Seattle,2020-01-21 15:21:21.287718
2019-10-13,16:30,56.1,45.1,66.3,0.0,NW@0.7,3.1,0.0,42,56.5,30.0,55.9,"Seattle, King County",330092,Seattle,2020-01-21 15:21:21.287718
2019-10-13,16:45,54.6,46.9,75.0,0.0,SW@0.0,1.4,0.0,49,56.6,30.0,54.4,"Seattle, King County",330092,Seattle,2020-01-21 15:21:21.287718
2019-10-13,17:00,54.0,47.5,78.7,0.0,N @0.0,0.0,0.0,26,56.6,30.0,53.8,"Seattle, King County",330092,Seattle,2020-01-21 15:21:21.287718
2019-10-13,17:15,53.7,46.4,76.1,0.0,W@0.1,1.7,0.0,11,56.6,30.0,53.6,"Seattle, King County",330092,Seattle,2020-01-21 15:21:21.287718
2019-10-13,17:30,52.4,47.6,83.5,0.0,N @0.0,0.0,0.0,5,56.7,30.0,52.1,"Seattle, King County",330092,Seattle,2020-01-21 15:21:21.287718
2019-10-13,17:45,51.7,47.6,86.0,0.0,N @0.3,2.4,0.0,1,56.7,30.0,51.4,"Seattle, King County",330092,Seattle,2020-01-21 15:21:21.287718
2019-10-13,18:00,51.4,47.9,87.6,0.0,NE@1.5,2.8,0.0,0,56.8,30.01,51.2,"Seattle, King County",330092,Seattle,2020-01-21 15:21:21.287718
2019-10-13,18:15,51.2,47.8,88.2,0.0,N @0.0,0.0,0.0,0,56.8,30.01,51.0,"Seattle, King County",330092,Seattle,2020-01-21 15:21:21.287718
2019-10-13,18:30,51.0,47.8,88.5,0.0,N @0.0,0.0,0.0,0,56.8,30.02,50.7,"Seattle, King County",330092,Seattle,2020-01-21 15:21:21.287718
2019-10-13,18:45,50.7,47.9,89.8,0.0,NE@0.3,2.8,0.0,0,56.8,30.02,50.5,"Seattle, King County",330092,Seattle,2020-01-21 15:21:21.287718
2019-10-13,19:00,50.7,47.4,88.2,0.0,N @0.0,0.0,0.0,0,56.8,30.02,50.6,"Seattle, King County",330092,Seattle,2020-01-21 15:21:21.287718
2019-10-13,19:15,50.2,47.1,88.9,0.0,N @0.0,0.0,0.01,0,56.8,30.02,49.9,"Seattle, King County",330092,Seattle,2020-01-21 15:21:21.287718
2019-10-13,19:30,49.8,47.4,91.2,0.0,N @0.0,0.0,0.06,0,56.8,30.02,49.5,"Seattle, King County",330092,Seattle,2020-01-21 15:21:21.287718
2019-10-13,19:45,49.2,47.0,92.0,0.0,N @0.0,0.0,0.08,0,56.8,30.02,48.9,"Seattle, King County",330092,Seattle,2020-01-21 15:21:21.287718
2019-10-13,20:00,49.0,47.0,92.7,0.0,N @0.0,0.0,0.11,0,56.8,30.03,48.6,"Seattle, King County",330092,Seattle,2020-01-21 15:21:21.287718
2019-10-13,20:15,49.4,47.4,92.8,0.0,N @0.0,0.0,0.11,0,56.8,30.03,49.2,"Seattle, King County",330092,Seattle,2020-01-21 15:21:21.287718
2019-10-13,20:30,49.7,47.6,92.6,0.0,N @0.0,0.0,0.1,0,56.8,30.04,49.5,"Seattle, King County",330092,Seattle,2020-01-21 15:21:21.287718
2019-10-13,20:45,49.5,47.4,92.6,0.0,N @0.0,0.0,0.1,0,56.8,30.04,49.2,"Seattle, King County",330092,Seattle,2020-01-21 15:21:21.287718
2019-10-13,21:00,49.2,47.4,93.3,0.0,NW@0.1,1.7,0.11,0,56.7,30.04,48.9,"Seattle, King County",330092,Seattle,2020-01-21 15:21:21.287718
2019-10-13,21:15,49.0,47.2,93.4,0.0,N @0.8,3.1,0.12,0,56.7,30.04,48.8,"Seattle, King County",330092,Seattle,2020-01-21 15:21:21.287718
2019-10-13,21:30,48.9,46.9,92.5,0.0,N@0.1,2.8,0.14,0,56.7,30.04,48.7,"Seattle, King County",330092,Seattle,2020-01-21 15:21:21.287718
2019-10-13,21:45,48.5,46.6,93.2,0.0,N @0.0,0.0,0.17,0,56.7,30.04,48.1,"Seattle, King County",330092,Seattle,2020-01-21 15:21:21.287718
2019-10-13,22:00,48.4,46.5,93.0,0.0,NW@0.0,1.4,0.2,0,56.7,30.05,48.2,"Seattle, King County",330092,Seattle,2020-01-21 15:21:21.287718
2019-10-13,22:15,48.6,46.4,92.0,0.0,N @0.0,0.0,0.19,0,56.6,30.05,48.5,"Seattle, King County",330092,Seattle,2020-01-21 15:21:21.287718
2019-10-13,22:30,48.3,46.3,92.6,0.0,N @0.0,0.0,0.19,0,56.6,30.05,48.1,"Seattle, King County",330092,Seattle,2020-01-21 15:21:21.287718
2019-10-13,22:45,48.0,46.0,92.8,0.0,N @0.0,0.0,0.19,0,56.6,30.06,47.7,"Seattle, King County",330092,Seattle,2020-01-21 15:21:21.287718
2019-10-13,23:00,47.6,46.0,94.3,0.0,N @0.0,0.0,0.23,0,56.6,30.06,47.3,"Seattle, King County",330092,Seattle,2020-01-21 15:21:21.287718
2019-10-13,23:15,47.1,45.6,94.6,0.0,N @0.0,0.0,0.3,0,56.5,30.06,46.9,"Seattle, King County",330092,Seattle,2020-01-21 15:21:21.287718
2019-10-13,23:30,46.3,44.9,94.8,0.0,N @0.0,0.0,0.4,0,56.5,30.07,46.0,"Seattle, King County",330092,Seattle,2020-01-21 15:21:21.287718
2019-10-13,23:45,46.2,45.1,95.9,0.0,N @0.0,0.0,0.58,0,56.5,30.06,45.9,"Seattle, King County",330092,Seattle,2020-01-21 15:21:21.287718
2019-10-13,24:00,46.2,45.1,96.1,0.0,NE@0.1,1.7,0.69,0,56.5,30.07,46.0,"Seattle, King County",330092,Seattle,2020-01-21 15:21:21.287718
2019-10-14,00:15,45.9,44.9,96.3,0.0,N @0.0,0.0,0.76,0,56.4,30.07,45.6,"Seattle, King County",330092,Seattle,2020-01-21 15:21:21.287718
2019-10-14,00:30,45.7,44.8,96.5,0.0,N @0.0,0.0,0.8,0,56.4,30.07,45.4,"Seattle, King County",330092,Seattle,2020-01-21 15:21:21.287718
2019-10-14,00:45,45.4,44.6,96.8,0.0,N @0.0,0.0,0.84,0,56.4,30.07,45.1,"Seattle, King County",330092,Seattle,2020-01-21 15:21:21.287718
2019-10-14,01:00,45.8,45.1,97.1,0.0,N @0.0,0.0,0.86,0,56.3,30.08,45.5,"Seattle, King County",330092,Seattle,2020-01-21 15:21:21.287718
2019-10-14,01:15,46.6,46.0,97.4,0.0,N @0.0,0.0,0.86,0,56.3,30.08,46.4,"Seattle, King County",330092,Seattle,2020-01-21 15:21:21.287718
2019-10-14,01:30,47.8,47.2,97.6,0.0,E@0.1,2.4,0.86,0,56.3,30.09,47.6,"Seattle, King County",330092,Seattle,2020-01-21 15:21:21.287718
2019-10-14,01:45,48.8,48.0,97.1,0.0,SE@0.4,3.9,0.85,0,56.2,30.09,48.7,"Seattle, King County",330092,Seattle,2020-01-21 15:21:21.287718
2019-10-14,02:00,49.6,48.3,95.4,0.0,SE@1.0,4.6,0.82,0,56.2,30.09,49.5,"Seattle, King County",330092,Seattle,2020-01-21 15:21:21.287718
2019-10-14,02:15,49.8,48.1,93.7,0.0,SE@0.5,4.2,0.78,0,56.2,30.09,49.7,"Seattle, King County",330092,Seattle,2020-01-21 15:21:21.287718
2019-10-14,02:30,50.0,48.0,93.0,0.0,SE@0.3,3.5,0.72,0,56.1,30.1,49.7,"Seattle, King County",330092,Seattle,2020-01-21 15:21:21.287718
2019-10-14,02:45,50.1,47.8,91.9,0.0,SE@0.2,1.7,0.63,0,56.1,30.1,49.9,"Seattle, King County",330092,Seattle,2020-01-21 15:21:21.287718
2019-10-14,03:00,50.0,47.3,90.5,0.0,S@0.1,2.1,0.5,0,56.1,30.1,49.7,"Seattle, King County",330092,Seattle,2020-01-21 15:21:21.287718
2019-10-14,03:15,48.9,46.7,91.8,0.0,N @0.0,0.0,0.53,0,56.0,30.1,48.6,"Seattle, King County",330092,Seattle,2020-01-21 15:21:21.287718
2019-10-14,03:30,48.1,46.3,93.3,0.0,N @0.0,0.0,0.6,0,56.0,30.1,47.6,"Seattle, King County",330092,Seattle,2020-01-21 15:21:21.287718
2019-10-14,03:45,47.4,45.9,94.6,0.0,N @0.0,0.0,0.67,0,56.0,30.1,46.9,"Seattle, King County",330092,Seattle,2020-01-21 15:21:21.287718
2019-10-14,04:00,46.6,45.5,95.8,0.0,N @0.0,0.0,0.75,0,56.0,30.1,46.3,"Seattle, King County",330092,Seattle,2020-01-21 15:21:21.287718
2019-10-14,04:15,46.2,45.3,96.5,0.0,N @0.0,0.0,0.81,0,55.9,30.1,45.8,"Seattle, King County",330092,Seattle,2020-01-21 15:21:21.287718
2019-10-14,04:30,45.5,44.7,97.0,0.0,N @0.0,0.0,0.86,0,55.9,30.1,45.1,"Seattle, King County",330092,Seattle,2020-01-21 15:21:21.287718
2019-10-14,04:45,45.4,44.8,97.8,0.0,N @0.0,0.0,0.89,0,55.9,30.1,45.1,"Seattle, King County",330092,Seattle,2020-01-21 15:21:21.287718
2019-10-14,05:00,45.2,44.7,98.1,0.0,NE@0.0,1.4,0.9,0,55.9,30.11,44.9,"Seattle, King County",330092,Seattle,2020-01-21 15:21:21.287718
2019-10-14,05:15,44.6,44.2,98.3,0.0,NE@0.3,2.1,0.91,0,55.9,30.11,44.3,"Seattle, King County",330092,Seattle,2020-01-21 15:21:21.287718
2019-10-14,05:30,44.6,44.3,98.6,0.0,NE@0.8,2.4,0.92,0,55.8,30.12,44.4,"Seattle, King County",330092,Seattle,2020-01-21 15:21:21.287718
2019-10-14,05:45,44.6,44.2,98.7,0.0,N @0.0,0.0,0.92,0,55.8,30.12,44.3,"Seattle, King County",330092,Seattle,2020-01-21 15:21:21.287718
2019-10-14,06:00,44.5,44.2,98.8,0.0,N @0.0,0.0,0.93,0,55.8,30.13,44.2,"Seattle, King County",330092,Seattle,2020-01-21 15:21:21.287718
2019-10-14,06:15,44.3,44.0,98.9,0.0,NE@0.1,2.1,0.93,0,55.7,30.12,44.0,"Seattle, King County",330092,Seattle,2020-01-21 15:21:21.287718
2019-10-14,06:30,44.3,44.0,99.0,0.0,N @0.0,0.0,0.93,3,55.7,30.13,44.0,"Seattle, King County",330092,Seattle,2020-01-21 15:21:21.287718
2019-10-14,06:45,44.6,44.3,99.1,0.0,N @0.0,0.0,0.94,8,55.7,30.13,44.3,"Seattle, King County",330092,Seattle,2020-01-21 15:21:21.287718
2019-10-14,07:00,45.5,45.3,99.2,0.0,SE@0.0,1.4,0.94,23,55.6,30.13,45.2,"Seattle, King County",330092,Seattle,2020-01-21 15:21:21.287718
2019-10-14,07:15,46.5,46.3,99.1,0.0,S@0.1,2.8,0.95,40,55.6,30.13,46.2,"Seattle, King County",330092,Seattle,2020-01-21 15:21:21.287718
2019-10-14,07:30,47.3,47.1,98.9,0.0,S@0.7,2.8,0.94,49,55.6,30.14,47.2,"Seattle, King County",330092,Seattle,2020-01-21 15:21:21.287718
2019-10-14,07:45,47.8,47.3,98.2,0.0,S@0.2,1.7,0.94,54,55.5,30.14,47.7,"Seattle, King County",330092,Seattle,2020-01-21 15:21:21.287718
2019-10-14,08:00,47.9,47.1,97.2,0.0,S@0.3,2.1,0.92,65,55.5,30.14,47.8,"Seattle, King County",330092,Seattle,2020-01-21 15:21:21.287718
2019-10-14,08:15,48.2,47.0,95.6,0.0,S@0.4,2.8,0.9,77,55.5,30.14,48.1,"Seattle, King County",330092,Seattle,2020-01-21 15:21:21.287718
2019-10-14,08:30,49.7,47.1,90.6,0.0,SE@1.5,3.9,0.86,251,55.5,30.15,49.6,"Seattle, King County",330092,Seattle,2020-01-21 15:21:21.287718
2019-10-14,08:45,50.7,46.3,85.0,0.0,S@0.9,4.6,0.68,203,55.4,30.15,50.4,"Seattle, King County",330092,Seattle,2020-01-21 15:21:21.287718
2019-10-14,09:00,52.6,46.5,79.8,0.0,SE@1.0,3.9,0.1,276,55.4,30.15,52.3,"Seattle, King County",330092,Seattle,2020-01-21 15:21:21.287718
2019-10-14,09:15,53.4,46.6,77.6,0.0,SE@2.0,4.6,0.0,382,55.4,30.14,53.1,"Seattle, King County",330092,Seattle,2020-01-21 15:21:21.287718
2019-10-14,09:30,54.3,46.6,75.2,0.0,SE@1.5,3.9,0.0,391,55.4,30.14,54.0,"Seattle, King County",330092,Seattle,2020-01-21 15:21:21.287718
2019-10-14,09:45,54.2,46.2,74.3,0.0,S@1.4,4.2,0.0,413,55.4,30.14,54.0,"Seattle, King County",330092,Seattle,2020-01-21 15:21:21.287718
2019-10-14,10:00,55.1,46.1,71.7,0.0,SE@1.6,4.2,0.0,453,55.4,30.14,54.7,"Seattle, King County",330092,Seattle,2020-01-21 15:21:21.287718
2019-10-14,10:15,55.1,46.2,71.7,0.0,S@2.2,3.9,0.0,456,55.4,30.13,54.7,"Seattle, King County",330092,Seattle,2020-01-21 15:21:21.287718
2019-10-14,10:30,55.7,46.6,71.5,0.0,S@2.5,5.3,0.0,486,55.4,30.13,55.3,"Seattle, King County",330092,Seattle,2020-01-21 15:21:21.287718
2019-10-14,10:45,55.6,46.7,71.7,0.0,S@2.8,5.3,0.0,510,55.4,30.12,55.3,"Seattle, King County",330092,Seattle,2020-01-21 15:21:21.287718
2019-10-14,11:00,56.5,46.8,70.0,0.0,S@2.5,4.9,0.0,532,55.4,30.12,56.1,"Seattle, King County",330092,Seattle,2020-01-21 15:21:21.287718
2019-10-14,11:15,57.5,46.3,66.1,0.0,SE@1.8,4.6,0.0,504,55.4,30.12,57.2,"Seattle, King County",330092,Seattle,2020-01-21 15:21:21.287718
2019-10-14,11:30,56.9,45.5,65.5,0.0,SE@1.2,3.9,0.0,472,55.4,30.11,56.6,"Seattle, King County",330092,Seattle,2020-01-21 15:21:21.287718
2019-10-14,11:45,57.2,45.4,64.5,0.0,SW@1.3,5.3,0.0,542,55.5,30.11,56.9,"Seattle, King County",330092,Seattle,2020-01-21 15:21:21.287718
2019-10-14,12:00,57.6,45.8,64.7,0.0,SE@2.4,4.6,0.0,536,55.5,30.11,57.2,"Seattle, King County",330092,Seattle,2020-01-21 15:21:21.287718
2019-10-14,12:15,58.4,47.0,65.6,0.0,S@3.1,4.9,0.0,533,55.5,30.1,58.1,"Seattle, King County",330092,Seattle,2020-01-21 15:21:21.287718
2019-10-14,12:30,58.7,46.9,64.8,0.0,SE@3.3,7.4,0.0,528,55.6,30.09,58.4,"Seattle, King County",330092,Seattle,2020-01-21 15:21:21.287718
2019-10-14,12:45,59.0,46.7,63.6,0.0,SE@2.7,4.6,0.0,517,55.7,30.09,58.7,"Seattle, King County",330092,Seattle,2020-01-21 15:21:21.287718
2019-10-14,13:00,59.1,46.9,64.0,0.0,SE@3.1,7.1,0.0,506,55.7,30.09,58.8,"Seattle, King County",330092,Seattle,2020-01-21 15:21:21.287718
2019-10-14,13:15,59.2,46.5,62.5,0.0,SE@3.0,6.0,0.0,491,55.8,30.09,58.9,"Seattle, King County",330092,Seattle,2020-01-21 15:21:21.287718
2019-10-14,13:30,60.0,47.1,62.1,0.0,SE@2.3,4.9,0.0,473,55.8,30.09,59.6,"Seattle, King County",330092,Seattle,2020-01-21 15:21:21.287718
2019-10-14,13:45,60.3,47.1,61.6,0.0,S@2.4,4.9,0.0,446,55.9,30.08,59.9,"Seattle, King County",330092,Seattle,2020-01-21 15:21:21.287718
2019-10-14,14:00,60.1,46.5,60.6,0.0,E@2.5,4.9,0.0,424,56.0,30.08,59.9,"Seattle, King County",330092,Seattle,2020-01-21 15:21:21.287718
2019-10-14,14:15,61.0,46.8,59.5,0.0,SE@1.8,4.2,0.0,398,56.1,30.08,60.7,"Seattle, King County",330092,Seattle,2020-01-21 15:21:21.287718
2019-10-14,14:30,61.3,44.8,54.6,0.0,W@2.6,4.9,0.0,366,56.1,30.08,60.8,"Seattle, King County",330092,Seattle,2020-01-21 15:21:21.287718
2019-10-14,14:45,60.9,45.7,57.2,0.0,S@2.8,4.6,0.0,335,56.2,30.08,60.5,"Seattle, King County",330092,Seattle,2020-01-21 15:21:21.287718
2019-10-14,15:00,61.1,48.2,62.5,0.0,S@1.3,3.5,0.0,299,56.3,30.08,60.7,"Seattle, King County",330092,Seattle,2020-01-21 15:21:21.287718
2019-10-14,15:15,61.3,47.8,61.0,0.0,S@0.7,3.9,0.0,237,56.3,30.08,61.0,"Seattle, King County",330092,Seattle,2020-01-21 15:21:21.287718
2019-10-14,15:30,59.4,47.3,64.2,0.0,SE@2.1,3.9,0.0,115,56.4,30.07,59.1,"Seattle, King County",330092,Seattle,2020-01-21 15:21:21.287718
2019-10-14,15:45,58.9,46.7,63.9,0.0,S@0.7,2.8,0.0,115,56.5,30.08,58.7,"Seattle, King County",330092,Seattle,2020-01-21 15:21:21.287718
2019-10-14,16:00,58.9,46.4,63.3,0.0,SW@1.2,2.4,0.0,120,56.5,30.09,58.6,"Seattle, King County",330092,Seattle,2020-01-21 15:21:21.287718
2019-10-14,16:15,58.6,46.7,64.3,0.0,S@1.5,2.4,0.0,102,56.6,30.08,58.5,"Seattle, King County",330092,Seattle,2020-01-21 15:21:21.287718
2019-10-14,16:30,57.7,46.7,66.8,0.0,N @0.0,0.0,0.0,65,56.6,30.07,57.4,"Seattle, King County",330092,Seattle,2020-01-21 15:21:21.287718
2019-10-14,16:45,56.3,47.9,73.4,0.0,N @0.0,0.0,0.0,41,56.7,30.07,56.0,"Seattle, King County",330092,Seattle,2020-01-21 15:21:21.287718
2019-10-14,17:00,54.9,48.4,78.8,0.0,N @0.0,0.0,0.0,29,56.7,30.06,54.6,"Seattle, King County",330092,Seattle,2020-01-21 15:21:21.287718
2019-10-14,17:15,54.1,48.2,80.3,0.0,NE@0.9,2.8,0.0,15,56.8,30.06,53.9,"Seattle, King County",330092,Seattle,2020-01-21 15:21:21.287718
2019-10-14,17:30,53.7,47.0,77.7,0.0,N@0.1,2.1,0.0,3,56.8,30.07,53.6,"Seattle, King County",330092,Seattle,2020-01-21 15:21:21.287718
2019-10-14,17:45,52.5,47.6,83.3,0.0,N @0.0,0.0,0.0,0,56.8,30.07,52.2,"Seattle, King County",330092,Seattle,2020-01-21 15:21:21.287718
2019-10-14,18:00,51.6,47.6,86.1,0.0,N @0.0,0.0,0.0,0,56.9,30.08,51.3,"Seattle, King County",330092,Seattle,2020-01-21 15:21:21.287718
2019-10-14,18:15,50.7,47.4,88.2,0.0,N @0.0,0.0,0.07,0,56.9,30.07,50.5,"Seattle, King County",330092,Seattle,2020-01-21 15:21:21.287718
2019-10-14,18:30,50.3,47.2,89.3,0.0,N @0.0,0.0,0.09,0,56.9,30.07,50.0,"Seattle, King County",330092,Seattle,2020-01-21 15:21:21.287718
2019-10-14,18:45,49.7,46.7,89.4,0.0,N @0.0,0.0,0.12,0,56.9,30.08,49.4,"Seattle, King County",330092,Seattle,2020-01-21 15:21:21.287718
2019-10-14,19:00,49.3,46.5,90.0,0.0,N @0.0,0.0,0.15,0,56.9,30.08,49.0,"Seattle, King County",330092,Seattle,2020-01-21 15:21:21.287718
2019-10-14,19:15,49.1,46.1,89.3,0.0,N @0.0,0.0,0.17,0,56.9,30.09,48.9,"Seattle, King County",330092,Seattle,2020-01-21 15:21:21.287718
2019-10-14,19:30,48.6,45.8,90.2,0.0,N @0.0,0.0,0.21,0,56.9,30.09,48.2,"Seattle, King County",330092,Seattle,2020-01-21 15:21:21.287718
2019-10-14,19:45,47.8,45.6,92.2,0.0,N @0.0,0.0,0.29,0,56.9,30.09,47.4,"Seattle, King County",330092,Seattle,2020-01-21 15:21:21.287718
2019-10-14,20:00,47.9,46.1,93.3,0.0,N @0.0,0.0,0.39,0,56.9,30.09,47.7,"Seattle, King County",330092,Seattle,2020-01-21 15:21:21.287718
2019-10-14,20:15,48.1,46.1,92.8,0.0,NE@0.0,1.4,0.43,0,56.9,30.09,47.8,"Seattle, King County",330092,Seattle,2020-01-21 15:21:21.287718
2019-10-14,20:30,48.2,46.5,93.8,0.0,N @0.0,0.0,0.52,0,56.9,30.08,47.9,"Seattle, King County",330092,Seattle,2020-01-21 15:21:21.287718
2019-10-14,20:45,47.7,46.1,94.2,0.0,N @0.0,0.0,0.6,0,56.8,30.08,47.3,"Seattle, King County",330092,Seattle,2020-01-21 15:21:21.287718
2019-10-14,21:00,47.7,46.3,94.6,0.0,N @0.0,0.0,0.67,0,56.8,30.08,47.4,"Seattle, King County",330092,Seattle,2020-01-21 15:21:21.287718
2019-10-14,21:15,47.6,46.3,94.9,0.0,N @0.0,0.0,0.73,0,56.8,30.07,47.3,"Seattle, King County",330092,Seattle,2020-01-21 15:21:21.287718
2019-10-14,21:30,47.6,46.3,95.2,0.0,NE@0.0,1.4,0.77,0,56.8,30.07,47.3,"Seattle, King County",330092,Seattle,2020-01-21 15:21:21.287718
2019-10-14,21:45,47.4,46.2,95.4,0.0,NE@0.3,1.7,0.81,0,56.7,30.06,47.1,"Seattle, King County",330092,Seattle,2020-01-21 15:21:21.287718
2019-10-14,22:00,47.3,46.1,95.5,0.0,N @0.0,0.0,0.84,0,56.7,30.06,47.0,"Seattle, King County",330092,Seattle,2020-01-21 15:21:21.287718
2019-10-14,22:15,47.0,45.9,95.8,0.0,N @0.0,0.0,0.86,0,56.7,30.05,46.7,"Seattle, King County",330092,Seattle,2020-01-21 15:21:21.287718
2019-10-14,22:30,46.9,45.8,95.8,0.0,N @0.0,0.0,0.87,0,56.6,30.05,46.6,"Seattle, King County",330092,Seattle,2020-01-21 15:21:21.287718
2019-10-14,22:45,46.9,45.9,96.1,0.0,N @0.0,0.0,0.88,0,56.6,30.05,46.7,"Seattle, King County",330092,Seattle,2020-01-21 15:21:21.287718
2019-10-14,23:00,47.1,46.0,95.8,0.0,N @0.0,0.0,0.88,0,56.6,30.04,46.8,"Seattle, King County",330092,Seattle,2020-01-21 15:21:21.287718
2019-10-14,23:15,47.0,45.9,95.9,0.0,N @0.0,0.0,0.88,0,56.5,30.05,46.8,"Seattle, King County",330092,Seattle,2020-01-21 15:21:21.287718
2019-10-14,23:30,46.5,45.4,95.9,0.0,N @0.0,0.0,0.89,0,56.5,30.05,46.2,"Seattle, King County",330092,Seattle,2020-01-21 15:21:21.287718
2019-10-14,23:45,46.4,45.5,96.5,0.0,N @0.4,2.8,0.89,0,56.5,30.04,46.1,"Seattle, King County",330092,Seattle,2020-01-21 15:21:21.287718
2019-10-14,24:00,46.5,45.6,96.5,0.0,N @0.0,0.0,0.9,0,56.4,30.04,46.3,"Seattle, King County",330092,Seattle,2020-01-21 15:21:21.287718
2019-10-15,00:15,46.3,45.4,96.4,0.0,N @0.0,0.0,0.9,0,56.4,30.04,46.0,"Seattle, King County",330092,Seattle,2020-01-21 15:21:21.287718
2019-10-15,00:30,46.1,45.2,96.6,0.0,NW@0.0,1.4,0.9,0,56.4,30.04,45.9,"Seattle, King County",330092,Seattle,2020-01-21 15:21:21.287718
2019-10-15,00:45,45.7,44.8,96.7,0.0,N @0.0,0.0,0.9,0,56.3,30.04,45.4,"Seattle, King County",330092,Seattle,2020-01-21 15:21:21.287718
2019-10-15,01:00,45.8,45.0,97.0,0.0,N @0.0,0.0,0.91,0,56.3,30.04,45.5,"Seattle, King County",330092,Seattle,2020-01-21 15:21:21.287718
2019-10-15,01:15,46.3,45.5,97.2,0.0,N @0.0,0.0,0.91,0,56.3,30.04,46.0,"Seattle, King County",330092,Seattle,2020-01-21 15:21:21.287718
2019-10-15,01:30,46.1,45.4,97.4,0.0,N @0.0,0.0,0.91,0,56.2,30.03,45.8,"Seattle, King County",330092,Seattle,2020-01-21 15:21:21.287718
2019-10-15,01:45,45.7,45.0,97.4,0.0,N @0.0,0.0,0.92,0,56.2,30.02,45.4,"Seattle, King County",330092,Seattle,2020-01-21 15:21:21.287718
2019-10-15,02:00,45.4,44.8,97.7,0.0,N @0.0,0.0,0.92,0,56.2,30.02,45.1,"Seattle, King County",330092,Seattle,2020-01-21 15:21:21.287718
2019-10-15,02:15,45.3,44.7,97.9,0.0,NE@0.0,1.4,0.93,0,56.1,30.01,44.9,"Seattle, King County",330092,Seattle,2020-01-21 15:21:21.287718
2019-10-15,02:30,45.3,44.8,98.1,0.0,N @0.0,0.0,0.93,0,56.1,30.01,45.0,"Seattle, King County",330092,Seattle,2020-01-21 15:21:21.287718
2019-10-15,02:45,45.5,45.0,98.3,0.0,N @0.0,0.0,0.93,0,56.0,30.01,45.2,"Seattle, King County",330092,Seattle,2020-01-21 15:21:21.287718
2019-10-15,03:00,45.8,45.4,98.4,0.0,N @0.0,0.0,0.94,0,56.0,30.0,45.5,"Seattle, King County",330092,Seattle,2020-01-21 15:21:21.287718
2019-10-15,03:15,46.1,45.7,98.5,0.0,N @0.0,0.0,0.94,0,56.0,30.0,45.8,"Seattle, King County",330092,Seattle,2020-01-21 15:21:21.287718
2019-10-15,03:30,45.8,45.4,98.3,0.0,NW@0.0,1.4,0.94,0,55.9,30.0,45.6,"Seattle, King County",330092,Seattle,2020-01-21 15:21:21.287718
2019-10-15,03:45,45.6,45.2,98.4,0.0,N @0.0,0.0,0.94,0,55.9,30.0,45.3,"Seattle, King County",330092,Seattle,2020-01-21 15:21:21.287718
2019-10-15,04:00,46.0,45.6,98.5,0.0,N @0.0,0.0,0.95,0,55.9,30.0,45.7,"Seattle, King County",330092,Seattle,2020-01-21 15:21:21.287718
2019-10-15,04:15,46.3,45.9,98.6,0.0,W@0.0,1.4,0.95,0,55.8,29.99,46.0,"Seattle, King County",330092,Seattle,2020-01-21 15:21:21.287718
2019-10-15,04:30,46.5,46.1,98.6,0.0,N @0.0,0.0,0.95,0,55.8,29.99,46.2,"Seattle, King County",330092,Seattle,2020-01-21 15:21:21.287718
2019-10-15,04:45,46.5,46.1,98.5,0.0,N @0.0,0.0,0.95,0,55.8,29.98,46.2,"Seattle, King County",330092,Seattle,2020-01-21 15:21:21.287718
2019-10-15,05:00,46.4,46.1,98.6,0.0,NE@0.0,1.4,0.96,0,55.7,29.98,46.2,"Seattle, King County",330092,Seattle,2020-01-21 15:21:21.287718
2019-10-15,05:15,46.2,45.9,98.6,0.0,N @0.0,0.0,1.0,0,55.7,29.98,46.0,"Seattle, King County",330092,Seattle,2020-01-21 15:21:21.287718
2019-10-15,05:30,46.3,45.9,98.6,0.0,N @0.0,0.0,1.0,0,55.7,29.98,46.0,"Seattle, King County",330092,Seattle,2020-01-21 15:21:21.287718
2019-10-15,05:45,46.2,45.8,98.7,0.0,N @0.0,0.0,1.0,0,55.7,29.98,45.9,"Seattle, King County",330092,Seattle,2020-01-21 15:21:21.287718
2019-10-15,06:00,46.1,45.8,98.8,0.0,N @0.0,0.0,1.0,0,55.6,29.98,45.8,"Seattle, King County",330092,Seattle,2020-01-21 15:21:21.287718
2019-10-15,06:15,46.3,46.0,98.8,0.0,N @0.0,0.0,1.0,0,55.6,29.98,46.0,"Seattle, King County",330092,Seattle,2020-01-21 15:21:21.287718
2019-10-15,06:30,46.3,46.0,98.9,0.0,N @0.0,0.0,1.0,1,55.6,29.97,46.0,"Seattle, King County",330092,Seattle,2020-01-21 15:21:21.287718
2019-10-15,06:45,46.5,46.3,99.0,0.0,NE@0.3,2.1,1.0,4,55.6,29.97,46.3,"Seattle, King County",330092,Seattle,2020-01-21 15:21:21.287718
2019-10-15,07:00,46.8,46.6,99.0,0.0,E@0.1,2.4,1.0,13,55.5,29.97,46.6,"Seattle, King County",330092,Seattle,2020-01-21 15:21:21.287718
2019-10-15,07:15,47.6,47.3,99.1,0.0,E@0.1,1.7,1.0,29,55.5,29.97,47.3,"Seattle, King County",330092,Seattle,2020-01-21 15:21:21.287718
2019-10-15,07:30,47.6,47.4,98.9,0.0,E@0.0,1.7,1.0,51,55.5,29.97,47.4,"Seattle, King County",330092,Seattle,2020-01-21 15:21:21.287718
2019-10-15,07:45,48.3,48.0,98.8,0.0,NE@0.0,1.4,1.0,76,55.5,29.97,48.1,"Seattle, King County",330092,Seattle,2020-01-21 15:21:21.287718
2019-10-15,08:00,49.2,48.8,98.6,0.0,SW@0.2,2.4,1.0,95,55.4,29.98,49.0,"Seattle, King County",330092,Seattle,2020-01-21 15:21:21.287718
2019-10-15,08:15,50.0,49.4,97.6,0.0,S@0.5,3.5,1.0,125,55.4,29.99,50.0,"Seattle, King County",330092,Seattle,2020-01-21 15:21:21.287718
2019-10-15,08:30,51.1,49.8,95.3,0.0,S@1.1,4.2,0.94,144,55.4,29.99,51.1,"Seattle, King County",330092,Seattle,2020-01-21 15:21:21.287718
2019-10-15,08:45,51.8,49.2,90.8,0.0,SE@0.6,3.1,0.9,169,55.4,30.0,51.7,"Seattle, King County",330092,Seattle,2020-01-21 15:21:21.287718
2019-10-15,09:00,53.0,49.5,87.9,0.0,SE@0.2,2.8,0.84,170,55.4,30.0,52.8,"Seattle, King County",330092,Seattle,2020-01-21 15:21:21.287718
2019-10-15,09:15,53.3,49.7,87.7,0.0,SE@0.3,3.1,0.72,139,55.4,30.01,53.1,"Seattle, King County",330092,Seattle,2020-01-21 15:21:21.287718
2019-10-15,09:30,54.1,50.0,85.8,0.0,SE@0.5,2.4,0.38,222,55.3,30.02,53.9,"Seattle, King County",330092,Seattle,2020-01-21 15:21:21.287718
2019-10-15,09:45,55.9,50.5,81.9,0.0,SE@1.3,3.5,0.02,322,55.3,30.02,55.7,"Seattle, King County",330092,Seattle,2020-01-21 15:21:21.287718
2019-10-15,10:00,56.4,50.1,79.3,0.0,SE@1.9,4.9,0.0,314,55.3,30.02,56.2,"Seattle, King County",330092,Seattle,2020-01-21 15:21:21.287718
2019-10-15,10:15,55.7,49.9,80.6,0.0,E@2.0,4.6,0.0,192,55.3,30.03,55.6,"Seattle, King County",330092,Seattle,2020-01-21 15:21:21.287718
2019-10-15,10:30,56.3,50.6,80.9,0.0,SE@0.6,3.1,0.0,193,55.4,30.03,56.2,"Seattle, King County",330092,Seattle,2020-01-21 15:21:21.287718
2019-10-15,10:45,57.7,50.1,75.7,0.0,SE@1.3,3.9,0.0,275,55.4,30.03,57.5,"Seattle, King County",330092,Seattle,2020-01-21 15:21:21.287718
2019-10-15,11:00,58.5,49.0,70.5,0.0,SE@2.5,4.9,0.0,271,55.4,30.03,58.4,"Seattle, King County",330092,Seattle,2020-01-21 15:21:21.287718
2019-10-15,11:15,59.3,48.6,67.5,0.0,SE@2.8,6.7,0.0,337,55.4,30.03,59.1,"Seattle, King County",330092,Seattle,2020-01-21 15:21:21.287718
2019-10-15,11:30,58.9,47.7,66.3,0.0,SE@2.6,5.7,0.0,219,55.4,30.03,58.7,"Seattle, King County",330092,Seattle,2020-01-21 15:21:21.287718
2019-10-15,11:45,58.3,47.5,67.2,0.0,SE@2.5,6.0,0.0,156,55.5,30.02,58.1,"Seattle, King County",330092,Seattle,2020-01-21 15:21:21.287718
2019-10-15,12:00,58.6,47.1,65.4,0.0,SE@3.3,8.2,0.0,222,55.5,30.02,58.4,"Seattle, King County",330092,Seattle,2020-01-21 15:21:21.287718
2019-10-15,12:15,59.2,46.7,63.2,0.0,SE@3.4,6.7,0.0,246,55.5,30.02,59.0,"Seattle, King County",330092,Seattle,2020-01-21 15:21:21.287718
2019-10-15,12:30,59.0,46.3,62.6,0.0,SE@2.9,8.5,0.0,159,55.6,30.01,58.9,"Seattle, King County",330092,Seattle,2020-01-21 15:21:21.287718
2019-10-15,12:45,59.0,46.3,62.7,0.0,SE@2.9,6.0,0.0,144,55.6,30.03,58.9,"Seattle, King County",330092,Seattle,2020-01-21 15:21:21.287718
2019-10-15,13:00,59.1,46.0,61.7,0.0,SE@2.7,5.7,0.0,142,55.7,30.02,59.0,"Seattle, King County",330092,Seattle,2020-01-21 15:21:21.287718
2019-10-15,13:15,59.1,47.1,64.5,0.0,SE@1.2,3.9,0.0,108,55.7,30.0,58.9,"Seattle, King County",330092,Seattle,2020-01-21 15:21:21.287718
2019-10-15,13:30,59.3,46.1,61.5,0.0,SE@2.6,5.7,0.0,137,55.8,30.02,59.1,"Seattle, King County",330092,Seattle,2020-01-21 15:21:21.287718
2019-10-15,13:45,59.3,46.5,62.4,0.0,SE@2.2,4.9,0.0,124,55.8,30.0,59.1,"Seattle, King County",330092,Seattle,2020-01-21 15:21:21.287718
2019-10-15,14:00,58.8,46.3,62.9,0.0,SE@2.2,8.2,0.0,103,55.8,29.99,58.7,"Seattle, King County",330092,Seattle,2020-01-21 15:21:21.287718
2019-10-15,14:15,59.0,46.3,62.7,0.0,SE@2.6,6.4,0.0,143,55.9,29.97,58.8,"Seattle, King County",330092,Seattle,2020-01-21 15:21:21.287718
2019-10-15,14:30,59.1,46.6,63.0,0.0,SE@2.5,5.3,0.0,118,55.9,29.96,59.0,"Seattle, King County",330092,Seattle,2020-01-21 15:21:21.287718
2019-10-15,14:45,59.3,47.4,64.5,0.0,SE@2.7,5.7,0.0,130,56.0,29.97,59.2,"Seattle, King County",330092,Seattle,2020-01-21 15:21:21.287718
2019-10-15,15:00,59.5,47.8,65.2,0.0,SE@3.0,7.8,0.0,114,56.0,29.98,59.4,"Seattle, King County",330092,Seattle,2020-01-21 15:21:21.287718
2019-10-15,15:15,59.4,46.9,63.2,0.0,SE@3.2,6.7,0.0,98,56.1,29.98,59.2,"Seattle, King County",330092,Seattle,2020-01-21 15:21:21.287718
2019-10-15,15:30,59.6,47.1,63.3,0.0,SE@2.5,6.7,0.0,104,56.1,29.97,59.4,"Seattle, King County",330092,Seattle,2020-01-21 15:21:21.287718
2019-10-15,15:45,59.6,46.7,62.3,0.0,SE@2.4,4.9,0.0,75,56.1,29.96,59.5,"Seattle, King County",330092,Seattle,2020-01-21 15:21:21.287718
2019-10-15,16:00,59.2,47.7,65.7,0.0,SW@0.5,2.8,0.0,52,56.2,29.97,59.0,"Seattle, King County",330092,Seattle,2020-01-21 15:21:21.287718
2019-10-15,16:15,59.0,47.4,65.1,0.0,SE@1.8,6.4,0.0,44,56.2,29.97,58.9,"Seattle, King County",330092,Seattle,2020-01-21 15:21:21.287718
2019-10-15,16:30,59.3,46.3,62.0,0.0,SE@3.2,7.8,0.0,32,56.2,29.96,59.2,"Seattle, King County",330092,Seattle,2020-01-21 15:21:21.287718
2019-10-15,16:45,58.8,46.9,64.4,0.0,SE@2.0,5.3,0.0,24,56.3,29.96,58.7,"Seattle, King County",330092,Seattle,2020-01-21 15:21:21.287718
2019-10-15,17:00,58.6,46.4,63.7,0.0,SE@3.5,7.1,0.0,15,56.3,29.96,58.5,"Seattle, King County",330092,Seattle,2020-01-21 15:21:21.287718
2019-10-15,17:15,58.7,46.0,62.5,0.0,SE@3.8,8.5,0.0,12,56.3,29.96,58.7,"Seattle, King County",330092,Seattle,2020-01-21 15:21:21.287718
2019-10-15,17:30,58.6,46.1,63.2,0.0,SE@3.5,7.1,0.0,6,56.4,29.96,58.5,"Seattle, King County",330092,Seattle,2020-01-21 15:21:21.287718
2019-10-15,17:45,57.7,47.2,68.0,0.0,E@2.3,4.6,0.0,1,56.4,29.97,57.5,"Seattle, King County",330092,Seattle,2020-01-21 15:21:21.287718
2019-10-15,18:00,56.6,48.0,72.9,0.0,NE@1.8,3.9,0.0,0,56.4,29.97,56.5,"Seattle, King County",330092,Seattle,2020-01-21 15:21:21.287718
2019-10-15,18:15,56.5,48.6,74.7,0.0,E@1.3,4.6,0.0,0,56.4,29.97,56.4,"Seattle, King County",330092,Seattle,2020-01-21 15:21:21.287718
2019-10-15,18:30,56.3,48.9,76.2,0.0,E@1.2,3.9,0.0,0,56.5,29.97,56.2,"Seattle, King County",330092,Seattle,2020-01-21 15:21:21.287718
2019-10-15,18:45,56.4,48.8,75.4,0.0,E@0.7,3.1,0.0,0,56.5,29.97,56.3,"Seattle, King County",330092,Seattle,2020-01-21 15:21:21.287718
2019-10-15,19:00,57.4,48.6,72.5,0.0,SE@2.2,4.6,0.0,0,56.5,29.97,57.3,"Seattle, King County",330092,Seattle,2020-01-21 15:21:21.287718
2019-10-15,19:15,57.7,48.5,71.4,0.0,SE@2.7,6.4,0.0,0,56.5,29.97,57.6,"Seattle, King County",330092,Seattle,2020-01-21 15:21:21.287718
2019-10-15,19:30,57.9,48.6,71.1,0.0,SE@3.3,6.7,0.0,0,56.5,29.97,57.8,"Seattle, King County",330092,Seattle,2020-01-21 15:21:21.287718
2019-10-15,19:45,57.8,48.8,71.9,0.0,SE@3.4,7.1,0.0,0,56.5,29.96,57.6,"Seattle, King County",330092,Seattle,2020-01-21 15:21:21.287718
2019-10-15,20:00,57.7,48.9,72.3,0.0,SE@4.0,8.2,0.0,0,56.5,29.96,57.6,"Seattle, King County",330092,Seattle,2020-01-21 15:21:21.287718
2019-10-15,20:15,57.6,48.7,72.1,0.0,SE@3.8,7.4,0.0,0,56.5,29.96,57.5,"Seattle, King County",330092,Seattle,2020-01-21 15:21:21.287718
2019-10-15,20:30,57.5,48.6,72.3,0.0,SE@3.5,7.1,0.0,0,56.5,29.96,57.3,"Seattle, King County",330092,Seattle,2020-01-21 15:21:21.287718
2019-10-15,20:45,57.5,48.6,72.1,0.0,SE@3.7,7.4,0.0,0,56.5,29.96,57.3,"Seattle, King County",330092,Seattle,2020-01-21 15:21:21.287718
2019-10-15,21:00,57.4,48.7,72.4,0.0,SE@3.2,7.1,0.0,0,56.5,29.95,57.3,"Seattle, King County",330092,Seattle,2020-01-21 15:21:21.287718
2019-10-15,21:15,57.5,48.3,71.3,0.0,SE@3.3,6.4,0.0,0,56.5,29.95,57.3,"Seattle, King County",330092,Seattle,2020-01-21 15:21:21.287718
2019-10-15,21:30,57.1,48.5,72.9,0.0,SE@2.8,6.0,0.0,0,56.6,29.94,57.0,"Seattle, King County",330092,Seattle,2020-01-21 15:21:21.287718
2019-10-15,21:45,57.1,48.6,73.0,0.0,SE@2.9,5.3,0.0,0,56.5,29.95,57.0,"Seattle, King County",330092,Seattle,2020-01-21 15:21:21.287718
2019-10-15,22:00,56.6,48.9,75.1,0.0,E@2.2,4.2,0.0,0,56.6,29.95,56.5,"Seattle, King County",330092,Seattle,2020-01-21 15:21:21.287718
2019-10-15,22:15,56.0,49.0,77.2,0.0,SE@1.3,4.2,0.0,0,56.6,29.94,55.9,"Seattle, King County",330092,Seattle,2020-01-21 15:21:21.287718
2019-10-15,22:30,56.2,48.9,76.3,0.0,SE@1.5,5.3,0.0,0,56.6,29.93,56.1,"Seattle, King County",330092,Seattle,2020-01-21 15:21:21.287718
2019-10-15,22:45,55.8,48.6,76.5,0.0,E@0.7,2.8,0.0,0,56.6,29.92,55.7,"Seattle, King County",330092,Seattle,2020-01-21 15:21:21.287718
2019-10-15,23:00,54.6,48.1,78.6,0.0,SW@0.5,2.8,0.0,0,56.5,29.91,54.4,"Seattle, King County",330092,Seattle,2020-01-21 15:21:21.287718
2019-10-15,23:15,52.8,48.3,84.6,0.0,W@0.0,1.4,0.0,0,56.5,29.91,52.5,"Seattle, King County",330092,Seattle,2020-01-21 15:21:21.287718
2019-10-15,23:30,51.4,47.4,85.9,0.0,W@0.2,2.1,0.0,0,56.5,29.91,51.2,"Seattle, King County",330092,Seattle,2020-01-21 15:21:21.287718
2019-10-15,23:45,50.8,46.8,86.0,0.0,N @0.0,0.0,0.0,0,56.5,29.9,50.6,"Seattle, King County",330092,Seattle,2020-01-21 15:21:21.287718
2019-10-15,24:00,50.4,46.9,87.7,0.0,N @0.0,0.0,0.06,0,56.5,29.9,50.1,"Seattle, King County",330092,Seattle,2020-01-21 15:21:21.287718
2019-10-16,00:15,50.4,47.0,88.2,0.0,N @0.5,3.5,0.01,0,56.5,29.9,50.1,"Seattle, King County",330092,Seattle,2020-01-21 15:21:21.287718
2019-10-16,00:30,50.6,47.5,89.1,0.0,NE@0.1,2.1,0.0,0,56.5,29.9,50.3,"Seattle, King County",330092,Seattle,2020-01-21 15:21:21.287718
2019-10-16,00:45,50.8,47.7,88.8,0.0,N @0.0,0.0,0.0,0,56.5,29.9,50.5,"Seattle, King County",330092,Seattle,2020-01-21 15:21:21.287718
2019-10-16,01:00,50.5,48.0,91.0,0.0,N @0.0,0.0,0.0,0,56.5,29.89,50.2,"Seattle, King County",330092,Seattle,2020-01-21 15:21:21.287718
2019-10-16,01:15,50.2,47.8,91.2,0.0,SW@0.5,2.8,0.0,0,56.5,29.89,50.0,"Seattle, King County",330092,Seattle,2020-01-21 15:21:21.287718
2019-10-16,01:30,50.6,48.1,91.2,0.0,NE@0.9,3.9,0.0,0,56.5,29.89,50.4,"Seattle, King County",330092,Seattle,2020-01-21 15:21:21.287718
2019-10-16,01:45,53.7,48.8,83.5,0.0,SE@1.7,4.2,0.0,0,56.5,29.89,53.7,"Seattle, King County",330092,Seattle,2020-01-21 15:21:21.287718
2019-10-16,02:00,55.0,48.8,79.4,0.0,SE@2.6,4.9,0.0,0,56.4,29.89,54.9,"Seattle, King County",330092,Seattle,2020-01-21 15:21:21.287718
2019-10-16,02:15,54.3,49.4,83.4,0.0,S@1.1,3.9,0.0,0,56.4,29.89,54.1,"Seattle, King County",330092,Seattle,2020-01-21 15:21:21.287718
2019-10-16,02:30,53.7,48.8,83.3,0.0,S@1.7,5.3,0.0,0,56.4,29.88,53.6,"Seattle, King County",330092,Seattle,2020-01-21 15:21:21.287718
2019-10-16,02:45,54.0,48.2,80.5,0.0,E@1.2,4.2,0.0,0,56.4,29.87,53.9,"Seattle, King County",330092,Seattle,2020-01-21 15:21:21.287718
2019-10-16,03:00,53.8,48.3,81.4,0.0,SW@1.8,6.0,0.13,0,56.4,29.86,53.6,"Seattle, King County",330092,Seattle,2020-01-21 15:21:21.287718
2019-10-16,03:15,52.7,49.4,88.5,0.0,E@1.4,4.9,0.15,0,56.4,29.87,52.4,"Seattle, King County",330092,Seattle,2020-01-21 15:21:21.287718
2019-10-16,03:30,52.2,49.7,91.3,0.0,NE@0.5,3.1,0.31,0,56.4,29.86,51.9,"Seattle, King County",330092,Seattle,2020-01-21 15:21:21.287718
2019-10-16,03:45,52.0,49.9,92.6,0.0,N @0.0,0.0,0.43,0,56.3,29.86,51.7,"Seattle, King County",330092,Seattle,2020-01-21 15:21:21.287718
2019-10-16,04:00,51.9,50.0,93.2,0.01,N@0.4,3.5,0.58,0,56.3,29.85,51.6,"Seattle, King County",330092,Seattle,2020-01-21 15:21:21.287718
2019-10-16,04:15,51.7,50.2,94.6,0.0,S@0.0,2.4,0.84,0,56.3,29.84,51.4,"Seattle, King County",330092,Seattle,2020-01-21 15:21:21.287718
2019-10-16,04:30,51.4,50.3,95.9,0.01,NE@0.3,4.2,0.89,0,56.3,29.83,51.1,"Seattle, King County",330092,Seattle,2020-01-21 15:21:21.287718
2019-10-16,04:45,51.0,50.1,96.6,0.0,NE@1.5,4.2,0.89,0,56.3,29.82,50.8,"Seattle, King County",330092,Seattle,2020-01-21 15:21:21.287718
2019-10-16,05:00,50.9,50.1,96.8,0.0,W@0.6,2.4,0.88,0,56.3,29.82,50.7,"Seattle, King County",330092,Seattle,2020-01-21 15:21:21.287718
2019-10-16,05:15,51.0,50.2,96.9,0.01,W@0.0,1.4,0.88,0,56.3,29.83,50.8,"Seattle, King County",330092,Seattle,2020-01-21 15:21:21.287718
2019-10-16,05:30,51.1,50.3,97.0,0.0,NW@0.2,2.1,0.88,0,56.2,29.83,50.9,"Seattle, King County",330092,Seattle,2020-01-21 15:21:21.287718
2019-10-16,05:45,51.2,50.4,97.0,0.0,NE@0.3,2.1,0.88,0,56.2,29.83,51.0,"Seattle, King County",330092,Seattle,2020-01-21 15:21:21.287718
2019-10-16,06:00,51.0,50.2,97.3,0.02,NE@0.3,2.4,0.9,0,56.2,29.83,50.7,"Seattle, King County",330092,Seattle,2020-01-21 15:21:21.287718
2019-10-16,06:15,50.9,50.3,97.7,0.02,NE@0.5,2.8,0.88,0,56.2,29.82,50.6,"Seattle, King County",330092,Seattle,2020-01-21 15:21:21.287718
2019-10-16,06:30,50.8,50.3,97.9,0.02,NE@0.2,2.8,0.86,0,56.2,29.81,50.5,"Seattle, King County",330092,Seattle,2020-01-21 15:21:21.287718
2019-10-16,06:45,50.6,50.0,98.1,0.0,NE@0.0,1.4,0.84,1,56.2,29.81,50.3,"Seattle, King County",330092,Seattle,2020-01-21 15:21:21.287718
2019-10-16,07:00,50.4,49.9,98.2,0.01,N @0.0,0.0,0.84,4,56.2,29.81,50.1,"Seattle, King County",330092,Seattle,2020-01-21 15:21:21.287718
2019-10-16,07:15,50.6,50.2,98.4,0.01,W@0.3,3.1,0.84,7,56.2,29.81,50.4,"Seattle, King County",330092,Seattle,2020-01-21 15:21:21.287718
2019-10-16,07:30,50.7,50.3,98.2,0.0,NE@0.3,2.4,0.83,19,56.2,29.8,50.6,"Seattle, King County",330092,Seattle,2020-01-21 15:21:21.287718
2019-10-16,07:45,51.0,50.5,98.0,0.0,N @0.0,0.0,0.82,42,56.2,29.8,50.8,"Seattle, King County",330092,Seattle,2020-01-21 15:21:21.287718
2019-10-16,08:00,51.5,50.9,97.8,0.0,N @0.0,0.0,0.82,75,56.2,29.8,51.3,"Seattle, King County",330092,Seattle,2020-01-21 15:21:21.287718
2019-10-16,08:15,52.4,51.5,96.9,0.0,SE@0.1,2.1,0.83,119,56.1,29.79,52.3,"Seattle, King County",330092,Seattle,2020-01-21 15:21:21.287718
2019-10-16,08:30,52.6,51.2,94.9,0.0,NE@0.2,2.4,0.83,67,56.1,29.78,52.6,"Seattle, King County",330092,Seattle,2020-01-21 15:21:21.287718
2019-10-16,08:45,53.0,51.3,93.7,0.0,S@0.0,1.4,0.82,34,56.1,29.79,52.9,"Seattle, King County",330092,Seattle,2020-01-21 15:21:21.287718
2019-10-16,09:00,52.9,50.6,92.0,0.0,SE@1.5,5.3,0.79,54,56.1,29.79,52.8,"Seattle, King County",330092,Seattle,2020-01-21 15:21:21.287718
2019-10-16,09:15,52.8,50.4,91.5,0.0,S@2.1,4.6,0.73,62,56.1,29.81,52.6,"Seattle, King County",330092,Seattle,2020-01-21 15:21:21.287718
2019-10-16,09:30,52.6,50.0,90.8,0.0,SE@1.4,4.9,0.68,30,56.1,29.81,52.4,"Seattle, King County",330092,Seattle,2020-01-21 15:21:21.287718
2019-10-16,09:45,52.8,50.9,93.2,0.02,SE@1.1,4.2,0.81,34,56.1,29.8,52.5,"Seattle, King County",330092,Seattle,2020-01-21 15:21:21.287718
2019-10-16,10:00,53.0,51.5,94.4,0.02,SE@2.1,4.9,0.85,56,56.1,29.8,52.8,"Seattle, King County",330092,Seattle,2020-01-21 15:21:21.287718
2019-10-16,10:15,53.0,51.6,95.0,0.0,SE@2.1,5.7,0.83,80,56.1,29.79,52.7,"Seattle, King County",330092,Seattle,2020-01-21 15:21:21.287718
2019-10-16,10:30,53.6,52.4,95.8,0.01,SE@1.3,4.9,0.82,188,56.1,29.79,53.3,"Seattle, King County",330092,Seattle,2020-01-21 15:21:21.287718
2019-10-16,10:45,55.0,53.6,95.1,0.0,SE@2.2,5.7,0.8,285,56.1,29.78,54.8,"Seattle, King County",330092,Seattle,2020-01-21 15:21:21.287718
2019-10-16,11:00,55.2,53.2,93.1,0.0,SE@2.2,5.3,0.78,195,56.1,29.77,55.0,"Seattle, King County",330092,Seattle,2020-01-21 15:21:21.287718
2019-10-16,11:15,55.3,53.0,91.8,0.0,SE@2.2,4.2,0.76,154,56.2,29.76,55.1,"Seattle, King County",330092,Seattle,2020-01-21 15:21:21.287718
2019-10-16,11:30,55.8,53.3,90.9,0.0,SE@2.3,4.9,0.71,143,56.2,29.76,55.6,"Seattle, King County",330092,Seattle,2020-01-21 15:21:21.287718
2019-10-16,11:45,56.2,53.2,89.6,0.0,SE@3.6,7.4,0.49,153,56.2,29.75,56.1,"Seattle, King County",330092,Seattle,2020-01-21 15:21:21.287718
2019-10-16,12:00,56.8,53.2,87.8,0.0,SE@4.2,8.5,0.11,121,56.2,29.75,56.6,"Seattle, King County",330092,Seattle,2020-01-21 15:21:21.287718
2019-10-16,12:15,56.6,52.8,87.2,0.0,SE@4.5,10.3,0.0,70,56.2,29.75,56.4,"Seattle, King County",330092,Seattle,2020-01-21 15:21:21.287718
2019-10-16,12:30,57.0,52.8,85.8,0.0,SE@4.5,7.4,0.0,128,56.2,29.74,56.9,"Seattle, King County",330092,Seattle,2020-01-21 15:21:21.287718
2019-10-16,12:45,57.4,52.8,84.5,0.0,SE@3.9,7.4,0.0,107,56.2,29.73,57.3,"Seattle, King County",330092,Seattle,2020-01-21 15:21:21.287718
2019-10-16,13:00,57.4,52.9,84.9,0.0,SE@4.1,6.7,0.0,77,56.3,29.73,57.2,"Seattle, King County",330092,Seattle,2020-01-21 15:21:21.287718
2019-10-16,13:15,57.4,52.8,84.6,0.0,SE@4.6,7.4,0.0,101,56.3,29.73,57.2,"Seattle, King County",330092,Seattle,2020-01-21 15:21:21.287718
2019-10-16,13:30,57.7,53.3,85.3,0.0,SE@3.8,7.4,0.0,130,56.3,29.71,57.5,"Seattle, King County",330092,Seattle,2020-01-21 15:21:21.287718
2019-10-16,13:45,57.4,53.2,85.9,0.0,SE@3.7,7.4,0.0,65,56.3,29.71,57.3,"Seattle, King County",330092,Seattle,2020-01-21 15:21:21.287718
2019-10-16,14:00,57.3,53.1,85.7,0.0,SE@3.9,9.2,0.0,84,56.4,29.7,57.2,"Seattle, King County",330092,Seattle,2020-01-21 15:21:21.287718
2019-10-16,14:15,57.9,52.9,83.3,0.0,SE@3.1,6.0,0.0,105,56.4,29.69,57.8,"Seattle, King County",330092,Seattle,2020-01-21 15:21:21.287718
2019-10-16,14:30,58.3,53.4,83.7,0.0,SE@2.4,4.9,0.0,123,56.4,29.68,58.1,"Seattle, King County",330092,Seattle,2020-01-21 15:21:21.287718
2019-10-16,14:45,58.5,53.4,83.0,0.0,SE@2.7,6.4,0.0,96,56.5,29.67,58.3,"Seattle, King County",330092,Seattle,2020-01-21 15:21:21.287718
2019-10-16,15:00,58.7,53.3,82.0,0.0,SE@3.0,5.3,0.0,148,56.5,29.67,58.6,"Seattle, King County",330092,Seattle,2020-01-21 15:21:21.287718
2019-10-16,15:15,58.8,53.4,82.0,0.0,SE@3.6,7.8,0.0,142,56.5,29.66,58.6,"Seattle, King County",330092,Seattle,2020-01-21 15:21:21.287718
2019-10-16,15:30,58.9,53.1,80.7,0.0,SE@3.3,6.4,0.0,117,56.5,29.66,58.8,"Seattle, King County",330092,Seattle,2020-01-21 15:21:21.287718
2019-10-16,15:45,58.8,53.4,82.1,0.0,SE@2.4,7.4,0.0,66,56.5,29.65,58.7,"Seattle, King County",330092,Seattle,2020-01-21 15:21:21.287718
2019-10-16,16:00,58.6,53.1,81.8,0.0,SE@2.2,3.9,0.0,34,56.6,29.65,58.4,"Seattle, King County",330092,Seattle,2020-01-21 15:21:21.287718
2019-10-16,16:15,58.8,52.6,79.8,0.0,SE@3.1,5.7,0.0,11,56.6,29.66,58.7,"Seattle, King County",330092,Seattle,2020-01-21 15:21:21.287718
2019-10-16,16:30,58.1,53.1,83.3,0.04,S@2.9,9.6,0.55,4,56.6,29.67,57.8,"Seattle, King County",330092,Seattle,2020-01-21 15:21:21.287718
2019-10-16,16:45,56.4,53.8,90.9,0.07,SE@3.3,8.2,0.82,3,56.6,29.68,56.1,"Seattle, King County",330092,Seattle,2020-01-21 15:21:21.287718
2019-10-16,17:00,56.0,53.9,92.6,0.0,SE@4.2,10.3,0.78,4,56.6,29.67,55.8,"Seattle, King County",330092,Seattle,2020-01-21 15:21:21.287718
2019-10-16,17:15,55.9,54.1,93.6,0.01,SE@3.8,8.5,0.79,2,56.7,29.67,55.7,"Seattle, King County",330092,Seattle,2020-01-21 15:21:21.287718
2019-10-16,17:30,55.7,54.0,94.0,0.01,SE@3.6,8.2,0.79,1,56.7,29.67,55.5,"Seattle, King County",330092,Seattle,2020-01-21 15:21:21.287718
2019-10-16,17:45,55.6,54.0,94.2,0.0,SE@3.2,8.9,0.79,0,56.7,29.65,55.4,"Seattle, King County",330092,Seattle,2020-01-21 15:21:21.287718
2019-10-16,18:00,55.5,54.0,94.6,0.0,SE@2.9,7.1,0.78,0,56.7,29.66,55.3,"Seattle, King County",330092,Seattle,2020-01-21 15:21:21.287718
2019-10-16,18:15,55.5,54.0,94.5,0.0,SE@2.8,8.5,0.79,0,56.7,29.67,55.3,"Seattle, King County",330092,Seattle,2020-01-21 15:21:21.287718
2019-10-16,18:30,55.6,53.8,93.6,0.0,SE@4.3,8.5,0.78,0,56.8,29.67,55.5,"Seattle, King County",330092,Seattle,2020-01-21 15:21:21.287718
2019-10-16,18:45,55.7,53.6,92.6,0.0,SE@2.7,7.4,0.79,0,56.8,29.67,55.5,"Seattle, King County",330092,Seattle,2020-01-21 15:21:21.287718
2019-10-16,19:00,55.5,53.5,92.7,0.0,SE@2.2,6.0,0.79,0,56.8,29.67,55.4,"Seattle, King County",330092,Seattle,2020-01-21 15:21:21.287718
2019-10-16,19:15,55.7,53.5,92.4,0.0,SE@3.6,16.0,0.8,0,56.8,29.67,55.5,"Seattle, King County",330092,Seattle,2020-01-21 15:21:21.287718
2019-10-16,19:30,55.8,52.7,89.4,0.01,SE@4.5,13.5,0.79,0,56.8,29.68,55.6,"Seattle, King County",330092,Seattle,2020-01-21 15:21:21.287718
2019-10-16,19:45,55.5,52.1,88.3,0.0,SE@4.0,7.8,0.74,0,56.8,29.68,55.3,"Seattle, King County",330092,Seattle,2020-01-21 15:21:21.287718
2019-10-16,20:00,55.3,52.1,89.0,0.0,SE@3.4,9.9,0.66,0,56.8,29.69,55.1,"Seattle, King County",330092,Seattle,2020-01-21 15:21:21.287718
2019-10-16,20:15,55.3,52.5,90.2,0.0,SE@2.8,7.1,0.5,0,56.8,29.69,55.0,"Seattle, King County",330092,Seattle,2020-01-21 15:21:21.287718
2019-10-16,20:30,55.2,52.7,91.2,0.0,SE@3.4,6.7,0.28,0,56.8,29.69,55.0,"Seattle, King County",330092,Seattle,2020-01-21 15:21:21.287718
2019-10-16,20:45,55.1,52.6,91.1,0.0,SE@3.0,8.5,0.1,0,56.8,29.7,54.9,"Seattle, King County",330092,Seattle,2020-01-21 15:21:21.287718
2019-10-16,21:00,55.0,52.5,91.2,0.0,SE@2.1,6.0,0.01,0,56.8,29.7,54.8,"Seattle, King County",330092,Seattle,2020-01-21 15:21:21.287718
2019-10-16,21:15,55.0,52.4,90.9,0.0,SE@2.9,4.9,0.0,0,56.8,29.7,54.9,"Seattle, King County",330092,Seattle,2020-01-21 15:21:21.287718
2019-10-16,21:30,55.0,52.4,90.9,0.0,SE@2.8,4.9,0.0,0,56.8,29.7,54.9,"Seattle, King County",330092,Seattle,2020-01-21 15:21:21.287718
2019-10-16,21:45,55.1,52.6,91.1,0.0,SE@3.3,9.9,0.0,0,56.8,29.7,55.0,"Seattle, King County",330092,Seattle,2020-01-21 15:21:21.287718
2019-10-16,22:00,55.1,52.7,91.5,0.0,SE@4.3,8.2,0.0,0,56.8,29.71,54.9,"Seattle, King County",330092,Seattle,2020-01-21 15:21:21.287718
2019-10-16,22:15,54.8,52.1,90.5,0.0,SE@4.7,9.2,0.0,0,56.8,29.7,54.7,"Seattle, King County",330092,Seattle,2020-01-21 15:21:21.287718
2019-10-16,22:30,54.6,51.6,89.6,0.0,SE@5.1,10.3,0.0,0,56.8,29.7,54.4,"Seattle, King County",330092,Seattle,2020-01-21 15:21:21.287718
2019-10-16,22:45,54.3,51.5,89.9,0.0,SE@4.6,8.9,0.0,0,56.8,29.7,54.2,"Seattle, King County",330092,Seattle,2020-01-21 15:21:21.287718
2019-10-16,23:00,54.2,51.4,90.2,0.0,SE@4.2,8.9,0.1,0,56.8,29.7,54.1,"Seattle, King County",330092,Seattle,2020-01-21 15:21:21.287718
2019-10-16,23:15,53.8,51.5,92.0,0.0,SE@3.1,6.4,0.44,0,56.8,29.7,53.6,"Seattle, King County",330092,Seattle,2020-01-21 15:21:21.287718
2019-10-16,23:30,53.3,51.3,92.6,0.0,SE@3.6,8.2,0.38,0,56.8,29.71,53.2,"Seattle, King County",330092,Seattle,2020-01-21 15:21:21.287718
2019-10-16,23:45,53.3,51.1,92.4,0.0,SE@2.9,6.7,0.3,0,56.8,29.71,53.1,"Seattle, King County",330092,Seattle,2020-01-21 15:21:21.287718
2019-10-16,24:00,53.5,51.1,91.7,0.0,SE@3.3,7.8,0.16,0,56.8,29.71,53.3,"Seattle, King County",330092,Seattle,2020-01-21 15:21:21.287718
2019-10-17,00:15,53.4,51.0,91.4,0.0,SE@3.9,10.3,0.03,0,56.8,29.71,53.2,"Seattle, King County",330092,Seattle,2020-01-21 15:21:21.287718
2019-10-17,00:30,53.4,50.8,90.7,0.0,SE@3.8,8.2,0.0,0,56.8,29.71,53.2,"Seattle, King County",330092,Seattle,2020-01-21 15:21:21.287718
2019-10-17,00:45,53.1,50.4,90.4,0.0,SE@3.8,6.7,0.0,0,56.8,29.71,52.9,"Seattle, King County",330092,Seattle,2020-01-21 15:21:21.287718
2019-10-17,01:00,53.2,50.5,90.4,0.0,SE@3.8,7.4,0.0,0,56.8,29.71,53.0,"Seattle, King County",330092,Seattle,2020-01-21 15:21:21.287718
2019-10-17,01:15,53.2,50.7,91.1,0.0,SE@3.8,7.8,0.0,0,56.8,29.71,53.0,"Seattle, King County",330092,Seattle,2020-01-21 15:21:21.287718
2019-10-17,01:30,53.1,50.6,91.3,0.0,SE@3.4,7.4,0.0,0,56.8,29.72,52.9,"Seattle, King County",330092,Seattle,2020-01-21 15:21:21.287718
2019-10-17,01:45,53.1,50.5,90.6,0.0,SE@3.7,7.4,0.0,0,56.8,29.72,52.9,"Seattle, King County",330092,Seattle,2020-01-21 15:21:21.287718
2019-10-17,02:00,52.6,49.8,90.3,0.0,SE@3.4,6.4,0.0,0,56.7,29.72,52.4,"Seattle, King County",330092,Seattle,2020-01-21 15:21:21.287718
2019-10-17,02:15,52.7,49.7,89.3,0.0,SE@3.9,7.4,0.0,0,56.7,29.71,52.6,"Seattle, King County",330092,Seattle,2020-01-21 15:21:21.287718
2019-10-17,02:30,52.9,49.4,87.8,0.0,SE@4.3,9.6,0.0,0,56.7,29.71,52.7,"Seattle, King County",330092,Seattle,2020-01-21 15:21:21.287718
2019-10-17,02:45,52.7,49.3,88.2,0.0,SE@4.0,7.1,0.04,0,56.7,29.71,52.6,"Seattle, King County",330092,Seattle,2020-01-21 15:21:21.287718
2019-10-17,03:00,52.7,49.5,88.9,0.0,SE@3.8,8.2,0.72,0,56.7,29.71,52.5,"Seattle, King County",330092,Seattle,2020-01-21 15:21:21.287718
2019-10-17,03:15,53.0,49.1,86.7,0.0,SE@3.8,6.7,0.55,0,56.7,29.71,52.8,"Seattle, King County",330092,Seattle,2020-01-21 15:21:21.287718
2019-10-17,03:30,53.2,48.7,84.6,0.0,SE@3.6,8.2,0.15,0,56.7,29.71,53.0,"Seattle, King County",330092,Seattle,2020-01-21 15:21:21.287718
2019-10-17,03:45,53.3,48.4,83.1,0.0,SE@3.7,8.2,0.0,0,56.6,29.71,53.2,"Seattle, King County",330092,Seattle,2020-01-21 15:21:21.287718
2019-10-17,04:00,53.5,47.9,81.2,0.0,SE@3.5,6.4,0.0,0,56.6,29.71,53.4,"Seattle, King County",330092,Seattle,2020-01-21 15:21:21.287718
2019-10-17,04:15,53.6,47.8,80.5,0.0,SE@4.2,7.8,0.0,0,56.6,29.71,53.5,"Seattle, King County",330092,Seattle,2020-01-21 15:21:21.287718
2019-10-17,04:30,53.6,47.8,80.5,0.0,SE@4.0,8.5,0.0,0,56.6,29.71,53.4,"Seattle, King County",330092,Seattle,2020-01-21 15:21:21.287718
2019-10-17,04:45,53.5,48.0,81.5,0.0,SE@3.7,7.4,0.04,0,56.6,29.71,53.3,"Seattle, King County",330092,Seattle,2020-01-21 15:21:21.287718
2019-10-17,05:00,53.1,48.2,83.3,0.01,SE@3.7,7.1,0.43,0,56.6,29.71,52.9,"Seattle, King County",330092,Seattle,2020-01-21 15:21:21.287718
2019-10-17,05:15,52.4,48.7,87.1,0.0,SE@4.3,9.6,0.81,0,56.5,29.71,52.2,"Seattle, King County",330092,Seattle,2020-01-21 15:21:21.287718
2019-10-17,05:30,52.1,48.8,88.4,0.0,SE@3.7,5.7,0.81,0,56.5,29.71,52.0,"Seattle, King County",330092,Seattle,2020-01-21 15:21:21.287718
2019-10-17,05:45,51.9,48.6,88.2,0.0,SE@3.2,6.0,0.79,0,56.5,29.7,51.8,"Seattle, King County",330092,Seattle,2020-01-21 15:21:21.287718
2019-10-17,06:00,52.2,48.3,86.4,0.0,SE@3.5,6.4,0.77,0,56.5,29.7,52.1,"Seattle, King County",330092,Seattle,2020-01-21 15:21:21.287718
2019-10-17,06:15,52.5,48.2,85.3,0.0,SE@3.6,7.1,0.76,0,56.5,29.7,52.3,"Seattle, King County",330092,Seattle,2020-01-21 15:21:21.287718
2019-10-17,06:30,52.7,48.3,84.8,0.0,SE@4.0,8.5,0.53,3,56.5,29.69,52.5,"Seattle, King County",330092,Seattle,2020-01-21 15:21:21.287718
2019-10-17,06:45,52.9,48.0,83.4,0.01,SE@4.6,8.9,0.15,9,56.5,29.69,52.7,"Seattle, King County",330092,Seattle,2020-01-21 15:21:21.287718
2019-10-17,07:00,52.8,47.6,82.2,0.0,SE@4.6,11.0,0.0,18,56.4,29.69,52.7,"Seattle, King County",330092,Seattle,2020-01-21 15:21:21.287718
2019-10-17,07:15,53.1,47.4,80.8,0.0,SE@4.2,7.8,0.0,23,56.4,29.69,53.0,"Seattle, King County",330092,Seattle,2020-01-21 15:21:21.287718
2019-10-17,07:30,53.2,47.4,80.6,0.0,SE@4.3,8.5,0.0,35,56.4,29.69,53.1,"Seattle, King County",330092,Seattle,2020-01-21 15:21:21.287718
2019-10-17,07:45,53.3,47.3,80.1,0.0,SE@4.1,8.5,0.0,44,56.4,29.7,53.1,"Seattle, King County",330092,Seattle,2020-01-21 15:21:21.287718
2019-10-17,08:00,53.4,47.3,79.9,0.0,SE@4.7,9.6,0.0,55,56.4,29.7,53.2,"Seattle, King County",330092,Seattle,2020-01-21 15:21:21.287718
2019-10-17,08:15,53.1,47.7,81.8,0.0,SE@4.7,9.6,0.2,52,56.4,29.7,52.9,"Seattle, King County",330092,Seattle,2020-01-21 15:21:21.287718
2019-10-17,08:30,52.6,48.5,85.8,0.0,SE@3.7,8.2,0.37,74,56.4,29.7,52.4,"Seattle, King County",330092,Seattle,2020-01-21 15:21:21.287718
2019-10-17,08:45,52.7,48.6,86.0,0.0,SE@4.0,7.1,0.37,55,56.4,29.71,52.5,"Seattle, King County",330092,Seattle,2020-01-21 15:21:21.287718
2019-10-17,09:00,52.7,48.9,86.9,0.0,SE@4.1,8.9,0.54,81,56.3,29.71,52.5,"Seattle, King County",330092,Seattle,2020-01-21 15:21:21.287718
2019-10-17,09:15,53.1,49.1,86.2,0.0,SE@4.7,8.9,0.52,132,56.3,29.7,52.9,"Seattle, King County",330092,Seattle,2020-01-21 15:21:21.287718
2019-10-17,09:30,54.1,49.7,85.0,0.0,SE@4.7,11.4,0.09,198,56.3,29.7,53.9,"Seattle, King County",330092,Seattle,2020-01-21 15:21:21.287718
2019-10-17,09:45,54.8,50.0,83.7,0.0,SE@5.2,10.7,0.0,259,56.3,29.7,54.6,"Seattle, King County",330092,Seattle,2020-01-21 15:21:21.287718
2019-10-17,10:00,55.0,50.2,83.7,0.0,SE@4.8,9.6,0.0,204,56.3,29.7,54.8,"Seattle, King County",330092,Seattle,2020-01-21 15:21:21.287718
2019-10-17,10:15,55.5,49.8,81.2,0.0,SE@5.5,11.7,0.0,206,56.3,29.7,55.4,"Seattle, King County",330092,Seattle,2020-01-21 15:21:21.287718
2019-10-17,10:30,57.0,50.2,77.8,0.0,SE@5.4,9.6,0.0,458,56.3,29.7,56.8,"Seattle, King County",330092,Seattle,2020-01-21 15:21:21.287718
2019-10-17,10:45,56.6,49.8,77.8,0.0,SE@5.7,12.1,0.0,249,56.3,29.7,56.4,"Seattle, King County",330092,Seattle,2020-01-21 15:21:21.287718
2019-10-17,11:00,56.2,50.0,79.5,0.0,SE@5.2,11.7,0.0,270,56.3,29.7,56.0,"Seattle, King County",330092,Seattle,2020-01-21 15:21:21.287718
2019-10-17,11:15,56.6,50.1,78.7,0.0,SE@5.7,11.4,0.0,275,56.3,29.7,56.5,"Seattle, King County",330092,Seattle,2020-01-21 15:21:21.287718
2019-10-17,11:30,56.7,50.2,78.8,0.0,SE@5.3,13.9,0.0,233,56.3,29.71,56.5,"Seattle, King County",330092,Seattle,2020-01-21 15:21:21.287718
2019-10-17,11:45,56.9,50.0,77.7,0.0,SE@5.7,12.1,0.0,367,56.3,29.71,56.7,"Seattle, King County",330092,Seattle,2020-01-21 15:21:21.287718
2019-10-17,12:00,57.4,50.1,76.4,0.0,SE@5.1,9.6,0.0,239,56.4,29.71,57.2,"Seattle, King County",330092,Seattle,2020-01-21 15:21:21.287718
2019-10-17,12:15,57.5,49.9,75.8,0.0,SE@5.4,12.1,0.0,301,56.4,29.71,57.3,"Seattle, King County",330092,Seattle,2020-01-21 15:21:21.287718
2019-10-17,12:30,56.9,49.9,77.1,0.0,SE@5.8,13.2,0.0,172,56.4,29.71,56.8,"Seattle, King County",330092,Seattle,2020-01-21 15:21:21.287718
2019-10-17,12:45,56.9,49.6,76.4,0.0,SE@5.5,12.1,0.0,189,56.4,29.71,56.8,"Seattle, King County",330092,Seattle,2020-01-21 15:21:21.287718
2019-10-17,13:00,57.4,49.9,76.1,0.0,SE@4.7,11.4,0.0,217,56.4,29.71,57.2,"Seattle, King County",330092,Seattle,2020-01-21 15:21:21.287718
2019-10-17,13:15,57.0,50.1,77.6,0.0,SE@5.6,13.5,0.0,198,56.5,29.71,56.9,"Seattle, King County",330092,Seattle,2020-01-21 15:21:21.287718
2019-10-17,13:30,56.7,49.9,77.8,0.0,SE@5.9,11.7,0.0,195,56.5,29.7,56.6,"Seattle, King County",330092,Seattle,2020-01-21 15:21:21.287718
2019-10-17,13:45,56.5,49.6,77.8,0.0,SE@5.0,12.1,0.0,129,56.5,29.71,56.3,"Seattle, King County",330092,Seattle,2020-01-21 15:21:21.287718
2019-10-17,14:00,55.2,50.5,84.0,0.01,SE@4.5,10.3,0.53,158,56.5,29.7,55.0,"Seattle, King County",330092,Seattle,2020-01-21 15:21:21.287718
2019-10-17,14:15,55.5,51.2,85.4,0.0,SE@4.8,12.1,0.43,262,56.6,29.7,55.4,"Seattle, King County",330092,Seattle,2020-01-21 15:21:21.287718
2019-10-17,14:30,56.1,51.7,85.0,0.0,SE@4.4,8.9,0.0,171,56.6,29.7,55.9,"Seattle, King County",330092,Seattle,2020-01-21 15:21:21.287718
2019-10-17,14:45,55.6,51.6,86.4,0.0,SE@4.6,9.9,0.26,124,56.6,29.7,55.4,"Seattle, King County",330092,Seattle,2020-01-21 15:21:21.287718
2019-10-17,15:00,55.3,51.3,86.5,0.0,SE@4.9,9.6,0.1,120,56.6,29.7,55.1,"Seattle, King County",330092,Seattle,2020-01-21 15:21:21.287718
2019-10-17,15:15,55.8,51.1,84.1,0.0,SE@5.6,12.4,0.0,178,56.7,29.69,55.7,"Seattle, King County",330092,Seattle,2020-01-21 15:21:21.287718
2019-10-17,15:30,56.1,50.7,82.1,0.0,SE@5.6,11.4,0.0,180,56.7,29.69,55.9,"Seattle, King County",330092,Seattle,2020-01-21 15:21:21.287718
2019-10-17,15:45,56.2,50.4,80.8,0.0,SE@5.3,10.3,0.0,91,56.7,29.69,56.1,"Seattle, King County",330092,Seattle,2020-01-21 15:21:21.287718
2019-10-17,16:00,56.0,50.3,81.2,0.0,SE@5.2,9.9,0.0,19,56.8,29.69,55.9,"Seattle, King County",330092,Seattle,2020-01-21 15:21:21.287718
2019-10-17,16:15,56.1,50.1,80.1,0.0,SE@4.9,9.6,0.0,14,56.8,29.68,56.0,"Seattle, King County",330092,Seattle,2020-01-21 15:21:21.287718
2019-10-17,16:30,56.3,49.4,77.6,0.0,SE@5.7,12.1,0.04,13,56.8,29.67,56.2,"Seattle, King County",330092,Seattle,2020-01-21 15:21:21.287718
2019-10-17,16:45,56.1,49.5,78.5,0.0,SE@5.3,11.7,0.08,18,56.8,29.66,56.0,"Seattle, King County",330092,Seattle,2020-01-21 15:21:21.287718
2019-10-17,17:00,55.7,49.5,79.3,0.01,SE@4.7,11.0,0.31,6,56.8,29.66,55.6,"Seattle, King County",330092,Seattle,2020-01-21 15:21:21.287718
2019-10-17,17:15,54.3,49.9,85.1,0.01,SE@4.9,10.3,0.85,2,56.8,29.66,54.1,"Seattle, King County",330092,Seattle,2020-01-21 15:21:21.287718
2019-10-17,17:30,54.3,50.0,85.5,0.0,SE@4.9,9.6,0.84,1,56.9,29.65,54.2,"Seattle, King County",330092,Seattle,2020-01-21 15:21:21.287718
2019-10-17,17:45,54.6,49.6,83.1,0.0,SE@5.4,9.9,0.81,0,56.9,29.65,54.5,"Seattle, King County",330092,Seattle,2020-01-21 15:21:21.287718
2019-10-17,18:00,54.4,49.7,84.2,0.0,SE@5.2,8.5,0.79,0,56.9,29.65,54.2,"Seattle, King County",330092,Seattle,2020-01-21 15:21:21.287718
2019-10-17,18:15,54.5,49.6,83.4,0.0,SE@5.8,12.8,0.77,0,56.9,29.66,54.4,"Seattle, King County",330092,Seattle,2020-01-21 15:21:21.287718
2019-10-17,18:30,54.1,49.9,85.6,0.0,SE@4.9,11.4,0.77,0,56.9,29.66,54.0,"Seattle, King County",330092,Seattle,2020-01-21 15:21:21.287718
2019-10-17,18:45,54.0,49.8,85.5,0.0,SE@5.8,12.1,0.45,0,56.9,29.65,53.9,"Seattle, King County",330092,Seattle,2020-01-21 15:21:21.287718
2019-10-17,19:00,54.0,49.5,84.7,0.0,SE@5.1,13.9,0.04,0,56.9,29.67,53.8,"Seattle, King County",330092,Seattle,2020-01-21 15:21:21.287718
2019-10-17,19:15,53.8,48.6,82.5,0.0,SE@5.2,14.6,0.0,0,56.9,29.67,53.7,"Seattle, King County",330092,Seattle,2020-01-21 15:21:21.287718
2019-10-17,19:30,53.5,47.4,79.5,0.0,SE@4.0,8.9,0.0,0,56.9,29.69,53.4,"Seattle, King County",330092,Seattle,2020-01-21 15:21:21.287718
2019-10-17,19:45,53.0,46.2,77.7,0.0,SW@3.6,7.8,0.0,0,56.9,29.7,52.8,"Seattle, King County",330092,Seattle,2020-01-21 15:21:21.287718
2019-10-17,20:00,52.4,46.2,79.4,0.0,S@4.1,11.7,0.0,0,56.9,29.71,52.3,"Seattle, King County",330092,Seattle,2020-01-21 15:21:21.287718
2019-10-17,20:15,52.3,46.9,81.7,0.0,SW@3.5,10.7,0.0,0,56.9,29.72,52.1,"Seattle, King County",330092,Seattle,2020-01-21 15:21:21.287718
2019-10-17,20:30,52.6,47.4,82.3,0.0,SE@3.4,8.5,0.0,0,56.9,29.73,52.4,"Seattle, King County",330092,Seattle,2020-01-21 15:21:21.287718
2019-10-17,20:45,52.8,47.6,82.3,0.0,SE@3.5,8.2,0.0,0,56.9,29.74,52.7,"Seattle, King County",330092,Seattle,2020-01-21 15:21:21.287718
2019-10-17,21:00,52.8,47.5,82.0,0.0,SE@3.5,6.0,0.0,0,56.9,29.74,52.7,"Seattle, King County",330092,Seattle,2020-01-21 15:21:21.287718
2019-10-17,21:15,52.9,47.6,82.1,0.0,SE@3.9,8.9,0.0,0,56.9,29.74,52.7,"Seattle, King County",330092,Seattle,2020-01-21 15:21:21.287718
2019-10-17,21:30,52.6,47.6,83.0,0.0,SE@3.6,8.2,0.0,0,56.9,29.74,52.4,"Seattle, King County",330092,Seattle,2020-01-21 15:21:21.287718
2019-10-17,21:45,52.5,47.6,83.3,0.0,SE@4.1,10.3,0.0,0,56.8,29.75,52.4,"Seattle, King County",330092,Seattle,2020-01-21 15:21:21.287718
2019-10-17,22:00,52.3,47.7,84.0,0.0,SE@3.4,7.8,0.0,0,56.8,29.76,52.2,"Seattle, King County",330092,Seattle,2020-01-21 15:21:21.287718
2019-10-17,22:15,52.3,47.8,84.2,0.0,SE@3.8,7.4,0.0,0,56.8,29.77,52.2,"Seattle, King County",330092,Seattle,2020-01-21 15:21:21.287718
2019-10-17,22:30,52.4,47.1,82.0,0.0,SE@4.4,12.1,0.0,0,56.8,29.76,52.3,"Seattle, King County",330092,Seattle,2020-01-21 15:21:21.287718
2019-10-17,22:45,52.5,46.4,79.5,0.0,SE@4.0,10.3,0.0,0,56.8,29.77,52.4,"Seattle, King County",330092,Seattle,2020-01-21 15:21:21.287718
2019-10-17,23:00,52.4,46.8,81.2,0.0,SE@4.4,9.9,0.0,0,56.8,29.77,52.2,"Seattle, King County",330092,Seattle,2020-01-21 15:21:21.287718
2019-10-17,23:15,52.1,47.3,83.5,0.0,SE@3.9,9.2,0.0,0,56.8,29.77,52.0,"Seattle, King County",330092,Seattle,2020-01-21 15:21:21.287718
2019-10-17,23:30,52.0,47.3,83.8,0.0,SE@4.2,8.9,0.0,0,56.8,29.77,51.8,"Seattle, King County",330092,Seattle,2020-01-21 15:21:21.287718
2019-10-17,23:45,51.7,46.9,83.4,0.0,SE@3.5,6.7,0.0,0,56.7,29.78,51.5,"Seattle, King County",330092,Seattle,2020-01-21 15:21:21.287718
2019-10-17,24:00,51.7,46.4,81.8,0.0,S@3.6,8.9,0.0,0,56.7,29.79,51.6,"Seattle, King County",330092,Seattle,2020-01-21 15:21:21.287718
2019-10-18,00:15,52.0,46.1,80.2,0.0,S@3.6,8.5,0.0,0,56.7,29.8,51.9,"Seattle, King County",330092,Seattle,2020-01-21 15:21:21.287718
2019-10-18,00:30,51.8,46.1,81.0,0.0,S@4.0,9.6,0.0,0,56.7,29.81,51.6,"Seattle, King County",330092,Seattle,2020-01-21 15:21:21.287718
2019-10-18,00:45,52.0,45.9,79.8,0.0,S@3.9,8.5,0.0,0,56.7,29.81,51.8,"Seattle, King County",330092,Seattle,2020-01-21 15:21:21.287718
2019-10-18,01:00,51.7,45.6,79.5,0.0,SE@2.8,7.8,0.0,0,56.6,29.82,51.5,"Seattle, King County",330092,Seattle,2020-01-21 15:21:21.287718
2019-10-18,01:15,51.2,45.2,79.8,0.0,S@2.7,5.7,0.0,0,56.6,29.83,51.0,"Seattle, King County",330092,Seattle,2020-01-21 15:21:21.287718
2019-10-18,01:30,51.1,45.1,79.5,0.0,SE@3.8,7.1,0.0,0,56.6,29.84,51.0,"Seattle, King County",330092,Seattle,2020-01-21 15:21:21.287718
2019-10-18,01:45,51.3,45.0,79.1,0.0,SE@3.8,11.0,0.0,0,56.6,29.84,51.1,"Seattle, King County",330092,Seattle,2020-01-21 15:21:21.287718
2019-10-18,02:00,51.4,45.0,78.7,0.0,S@4.7,10.3,0.0,0,56.6,29.85,51.3,"Seattle, King County",330092,Seattle,2020-01-21 15:21:21.287718
2019-10-18,02:15,51.2,45.3,79.9,0.0,SE@3.9,9.2,0.0,0,56.5,29.86,51.1,"Seattle, King County",330092,Seattle,2020-01-21 15:21:21.287718
2019-10-18,02:30,51.1,45.5,81.1,0.0,SE@2.6,7.4,0.0,0,56.5,29.86,50.9,"Seattle, King County",330092,Seattle,2020-01-21 15:21:21.287718
2019-10-18,02:45,51.0,45.5,81.4,0.0,SE@3.6,8.9,0.0,0,56.5,29.87,50.8,"Seattle, King County",330092,Seattle,2020-01-21 15:21:21.287718
2019-10-18,03:00,51.0,46.0,82.9,0.0,SE@2.9,5.7,0.0,0,56.5,29.88,50.8,"Seattle, King County",330092,Seattle,2020-01-21 15:21:21.287718
2019-10-18,03:15,51.0,46.2,83.5,0.0,SE@2.9,7.1,0.0,0,56.4,29.88,50.8,"Seattle, King County",330092,Seattle,2020-01-21 15:21:21.287718
2019-10-18,03:30,50.9,45.9,83.0,0.0,SE@3.6,6.7,0.0,0,56.4,29.89,50.7,"Seattle, King County",330092,Seattle,2020-01-21 15:21:21.287718
2019-10-18,03:45,50.8,45.9,83.0,0.0,SE@3.2,7.1,0.0,0,56.4,29.89,50.7,"Seattle, King County",330092,Seattle,2020-01-21 15:21:21.287718
2019-10-18,04:00,50.7,45.9,83.4,0.0,SE@3.3,5.3,0.0,0,56.4,29.9,50.5,"Seattle, King County",330092,Seattle,2020-01-21 15:21:21.287718
2019-10-18,04:15,50.6,45.8,83.6,0.0,SE@3.3,7.4,0.0,0,56.3,29.9,50.4,"Seattle, King County",330092,Seattle,2020-01-21 15:21:21.287718
2019-10-18,04:30,50.4,46.0,84.8,0.0,SE@3.3,7.1,0.0,0,56.3,29.9,50.2,"Seattle, King County",330092,Seattle,2020-01-21 15:21:21.287718
2019-10-18,04:45,50.3,46.1,85.2,0.0,SE@3.3,6.7,0.0,0,56.3,29.89,50.1,"Seattle, King County",330092,Seattle,2020-01-21 15:21:21.287718
2019-10-18,05:00,50.4,46.2,85.2,0.0,SE@2.8,4.6,0.0,0,56.3,29.9,50.3,"Seattle, King County",330092,Seattle,2020-01-21 15:21:21.287718
2019-10-18,05:15,50.5,46.0,84.6,0.0,SE@2.1,5.3,0.0,0,56.3,29.9,50.3,"Seattle, King County",330092,Seattle,2020-01-21 15:21:21.287718
2019-10-18,05:30,50.6,45.8,83.6,0.0,SE@3.2,7.1,0.0,0,56.2,29.9,50.5,"Seattle, King County",330092,Seattle,2020-01-21 15:21:21.287718
2019-10-18,05:45,50.6,45.4,82.3,0.0,SE@2.5,4.9,0.0,0,56.2,29.91,50.5,"Seattle, King County",330092,Seattle,2020-01-21 15:21:21.287718
2019-10-18,06:00,50.7,45.5,82.5,0.0,SE@2.4,5.3,0.0,0,56.2,29.91,50.5,"Seattle, King County",330092,Seattle,2020-01-21 15:21:21.287718
2019-10-18,06:15,50.8,45.0,80.4,0.0,SE@3.5,10.7,0.0,0,56.2,29.91,50.6,"Seattle, King County",330092,Seattle,2020-01-21 15:21:21.287718
2019-10-18,06:30,50.8,44.9,80.3,0.0,SE@4.0,9.9,0.0,1,56.2,29.91,50.6,"Seattle, King County",330092,Seattle,2020-01-21 15:21:21.287718
2019-10-18,06:45,50.7,44.1,78.0,0.0,SE@3.9,8.9,0.0,3,56.1,29.91,50.6,"Seattle, King County",330092,Seattle,2020-01-21 15:21:21.287718
2019-10-18,07:00,50.0,44.1,80.1,0.0,SE@4.5,7.8,0.09,11,56.1,29.9,49.8,"Seattle, King County",330092,Seattle,2020-01-21 15:21:21.287718
2019-10-18,07:15,49.6,44.6,82.9,0.0,SE@3.9,8.5,0.0,32,56.1,29.91,49.4,"Seattle, King County",330092,Seattle,2020-01-21 15:21:21.287718
2019-10-18,07:30,49.7,45.5,85.3,0.0,SE@5.5,13.2,0.0,55,56.1,29.91,49.5,"Seattle, King County",330092,Seattle,2020-01-21 15:21:21.287718
2019-10-18,07:45,49.7,45.5,85.5,0.0,SE@4.7,9.2,0.0,50,56.1,29.91,49.5,"Seattle, King County",330092,Seattle,2020-01-21 15:21:21.287718
2019-10-18,08:00,49.7,45.4,84.8,0.0,SE@4.4,7.8,0.0,55,56.0,29.92,49.6,"Seattle, King County",330092,Seattle,2020-01-21 15:21:21.287718
2019-10-18,08:15,50.1,45.2,83.0,0.0,SE@4.8,9.6,0.0,67,56.0,29.92,50.0,"Seattle, King County",330092,Seattle,2020-01-21 15:21:21.287718
2019-10-18,08:30,50.3,45.2,82.5,0.0,SE@4.4,10.7,0.0,59,56.0,29.92,50.2,"Seattle, King County",330092,Seattle,2020-01-21 15:21:21.287718
2019-10-18,08:45,50.3,45.3,82.7,0.0,SE@4.1,9.6,0.0,58,56.0,29.92,50.2,"Seattle, King County",330092,Seattle,2020-01-21 15:21:21.287718
2019-10-18,09:00,50.6,45.4,82.3,0.0,SE@4.6,10.3,0.0,73,56.0,29.93,50.4,"Seattle, King County",330092,Seattle,2020-01-21 15:21:21.287718
2019-10-18,09:15,51.0,45.6,81.6,0.0,SE@4.2,8.9,0.0,75,56.0,29.93,50.9,"Seattle, King County",330092,Seattle,2020-01-21 15:21:21.287718
2019-10-18,09:30,51.1,45.4,80.8,0.0,SE@4.8,12.8,0.0,106,56.0,29.93,51.0,"Seattle, King County",330092,Seattle,2020-01-21 15:21:21.287718
2019-10-18,09:45,51.3,45.9,81.5,0.0,SE@5.2,10.3,0.0,148,56.0,29.93,51.2,"Seattle, King County",330092,Seattle,2020-01-21 15:21:21.287718
2019-10-18,10:00,51.4,46.5,83.1,0.0,SE@4.9,10.7,0.0,159,55.9,29.93,51.3,"Seattle, King County",330092,Seattle,2020-01-21 15:21:21.287718
2019-10-18,10:15,51.3,46.7,84.2,0.0,SE@5.0,9.2,0.0,165,55.9,29.93,51.2,"Seattle, King County",330092,Seattle,2020-01-21 15:21:21.287718
2019-10-18,10:30,51.3,46.7,84.4,0.0,SE@5.1,10.3,0.0,143,55.9,29.92,51.1,"Seattle, King County",330092,Seattle,2020-01-21 15:21:21.287718
2019-10-18,10:45,51.6,46.4,82.2,0.0,SE@4.7,12.1,0.0,156,55.9,29.92,51.5,"Seattle, King County",330092,Seattle,2020-01-21 15:21:21.287718
2019-10-18,11:00,52.0,46.3,80.6,0.0,SE@5.2,10.7,0.0,210,55.9,29.92,51.9,"Seattle, King County",330092,Seattle,2020-01-21 15:21:21.287718
2019-10-18,11:15,51.9,46.1,80.7,0.0,SE@5.9,14.6,0.0,180,55.9,29.92,51.7,"Seattle, King County",330092,Seattle,2020-01-21 15:21:21.287718
2019-10-18,11:30,52.0,46.2,80.7,0.0,SE@5.2,9.6,0.0,162,55.9,29.92,51.8,"Seattle, King County",330092,Seattle,2020-01-21 15:21:21.287718
2019-10-18,11:45,51.8,46.2,81.1,0.0,SE@5.3,11.0,0.0,120,55.9,29.93,51.7,"Seattle, King County",330092,Seattle,2020-01-21 15:21:21.287718
2019-10-18,12:00,51.7,46.3,81.6,0.0,SE@5.2,10.3,0.0,108,55.9,29.92,51.6,"Seattle, King County",330092,Seattle,2020-01-21 15:21:21.287718
2019-10-18,12:15,52.0,46.9,82.6,0.0,SE@4.9,9.9,0.0,107,55.9,29.92,51.9,"Seattle, King County",330092,Seattle,2020-01-21 15:21:21.287718
2019-10-18,12:30,51.9,46.9,83.0,0.0,SE@5.0,16.0,0.0,102,55.9,29.92,51.7,"Seattle, King County",330092,Seattle,2020-01-21 15:21:21.287718
2019-10-18,12:45,51.9,47.1,83.4,0.0,SE@4.6,9.9,0.0,99,55.9,29.91,51.8,"Seattle, King County",330092,Seattle,2020-01-21 15:21:21.287718
2019-10-18,13:00,52.2,47.3,83.3,0.0,SE@4.2,7.8,0.0,124,55.9,29.91,52.1,"Seattle, King County",330092,Seattle,2020-01-21 15:21:21.287718
2019-10-18,13:15,52.4,47.5,83.1,0.0,SE@5.0,12.4,0.0,122,55.9,29.91,52.3,"Seattle, King County",330092,Seattle,2020-01-21 15:21:21.287718
2019-10-18,13:30,52.3,47.7,84.2,0.0,SE@4.8,10.3,0.0,109,55.9,29.91,52.1,"Seattle, King County",330092,Seattle,2020-01-21 15:21:21.287718
2019-10-18,13:45,52.2,47.8,84.9,0.0,SE@4.9,8.9,0.0,89,55.9,29.9,52.0,"Seattle, King County",330092,Seattle,2020-01-21 15:21:21.287718
2019-10-18,14:00,52.2,48.0,85.4,0.0,SE@5.0,10.3,0.0,67,55.9,29.9,52.0,"Seattle, King County",330092,Seattle,2020-01-21 15:21:21.287718
2019-10-18,14:15,52.2,47.7,84.5,0.0,SE@5.1,10.7,0.0,70,55.9,29.9,52.1,"Seattle, King County",330092,Seattle,2020-01-21 15:21:21.287718
2019-10-18,14:30,52.1,48.2,86.6,0.0,SE@4.8,9.2,0.0,54,55.9,29.89,51.9,"Seattle, King County",330092,Seattle,2020-01-21 15:21:21.287718
2019-10-18,14:45,52.1,48.7,87.9,0.0,SE@4.3,7.1,0.0,86,55.9,29.89,52.0,"Seattle, King County",330092,Seattle,2020-01-21 15:21:21.287718
2019-10-18,15:00,52.3,49.0,88.2,0.0,SE@4.8,8.5,0.0,134,55.9,29.89,52.2,"Seattle, King County",330092,Seattle,2020-01-21 15:21:21.287718
2019-10-18,15:15,52.7,49.4,88.6,0.0,SE@4.7,8.9,0.23,145,56.0,29.89,52.5,"Seattle, King County",330092,Seattle,2020-01-21 15:21:21.287718
2019-10-18,15:30,51.8,49.2,90.8,0.01,SE@4.1,7.4,0.88,57,56.0,29.9,51.6,"Seattle, King County",330092,Seattle,2020-01-21 15:21:21.287718
2019-10-18,15:45,51.4,49.1,92.0,0.01,SE@4.6,9.9,0.9,30,56.0,29.89,51.2,"Seattle, King County",330092,Seattle,2020-01-21 15:21:21.287718
2019-10-18,16:00,51.0,49.3,93.8,0.06,SE@5.0,10.7,0.84,9,56.0,29.89,50.8,"Seattle, King County",330092,Seattle,2020-01-21 15:21:21.287718
2019-10-18,16:15,50.8,49.7,95.8,0.06,SE@4.6,8.2,0.75,8,56.0,29.89,50.6,"Seattle, King County",330092,Seattle,2020-01-21 15:21:21.287718
2019-10-18,16:30,50.8,49.9,96.8,0.06,SE@3.1,7.1,0.72,7,56.0,29.89,50.6,"Seattle, King County",330092,Seattle,2020-01-21 15:21:21.287718
2019-10-18,16:45,50.9,50.2,97.4,0.02,SE@1.5,4.9,0.72,7,56.0,29.88,50.7,"Seattle, King County",330092,Seattle,2020-01-21 15:21:21.287718
2019-10-18,17:00,51.1,50.4,97.6,0.0,SE@1.5,5.7,0.72,10,56.0,29.87,50.9,"Seattle, King County",330092,Seattle,2020-01-21 15:21:21.287718
2019-10-18,17:15,51.2,50.5,97.6,0.0,SE@2.1,6.7,0.72,3,56.0,29.87,51.0,"Seattle, King County",330092,Seattle,2020-01-21 15:21:21.287718
2019-10-18,17:30,51.1,50.3,96.9,0.0,SE@2.5,6.0,0.73,0,56.0,29.87,51.0,"Seattle, King County",330092,Seattle,2020-01-21 15:21:21.287718
2019-10-18,17:45,50.9,49.8,95.9,0.0,SE@1.9,4.2,0.74,0,56.0,29.86,50.8,"Seattle, King County",330092,Seattle,2020-01-21 15:21:21.287718
2019-10-18,18:00,50.3,49.0,95.1,0.01,SE@1.9,5.7,0.75,0,56.0,29.86,50.2,"Seattle, King County",330092,Seattle,2020-01-21 15:21:21.287718
2019-10-18,18:15,50.2,48.8,94.9,0.0,SE@1.1,4.6,0.74,0,56.0,29.86,50.0,"Seattle, King County",330092,Seattle,2020-01-21 15:21:21.287718
2019-10-18,18:30,49.9,48.6,95.0,0.0,SE@2.0,5.3,0.74,0,56.0,29.86,49.7,"Seattle, King County",330092,Seattle,2020-01-21 15:21:21.287718
2019-10-18,18:45,49.7,48.4,95.1,0.0,SE@3.4,7.4,0.75,0,56.0,29.86,49.6,"Seattle, King County",330092,Seattle,2020-01-21 15:21:21.287718
2019-10-18,19:00,49.8,48.3,94.6,0.0,SE@3.7,6.7,0.76,0,56.0,29.86,49.6,"Seattle, King County",330092,Seattle,2020-01-21 15:21:21.287718
2019-10-18,19:15,50.1,48.4,94.0,0.0,SE@4.2,12.8,0.77,0,56.0,29.85,50.0,"Seattle, King County",330092,Seattle,2020-01-21 15:21:21.287718
2019-10-18,19:30,50.2,48.6,94.1,0.0,SE@3.9,6.7,0.78,0,55.9,29.84,50.0,"Seattle, King County",330092,Seattle,2020-01-21 15:21:21.287718
2019-10-18,19:45,50.3,49.0,95.0,0.0,SE@4.3,8.5,0.79,0,55.9,29.84,50.2,"Seattle, King County",330092,Seattle,2020-01-21 15:21:21.287718
2019-10-18,20:00,50.5,49.0,94.7,0.0,SE@4.1,8.9,0.78,0,55.9,29.84,50.3,"Seattle, King County",330092,Seattle,2020-01-21 15:21:21.287718
2019-10-18,20:15,50.7,49.4,95.2,0.0,SE@3.9,8.5,0.78,0,55.9,29.84,50.5,"Seattle, King County",330092,Seattle,2020-01-21 15:21:21.287718
2019-10-18,20:30,50.8,49.4,95.2,0.0,SE@3.6,8.2,0.77,0,55.9,29.83,50.6,"Seattle, King County",330092,Seattle,2020-01-21 15:21:21.287718
2019-10-18,20:45,50.5,49.1,94.6,0.0,SE@3.2,6.4,0.76,0,55.9,29.83,50.4,"Seattle, King County",330092,Seattle,2020-01-21 15:21:21.287718
2019-10-18,21:00,50.5,48.9,93.9,0.0,SE@3.4,8.9,0.75,0,55.9,29.82,50.3,"Seattle, King County",330092,Seattle,2020-01-21 15:21:21.287718
2019-10-18,21:15,50.8,49.0,93.6,0.0,SE@3.0,7.8,0.75,0,55.9,29.82,50.6,"Seattle, King County",330092,Seattle,2020-01-21 15:21:21.287718
2019-10-18,21:30,50.6,48.8,93.5,0.0,SE@2.3,6.0,0.74,0,55.9,29.81,50.5,"Seattle, King County",330092,Seattle,2020-01-21 15:21:21.287718
2019-10-18,21:45,50.7,48.5,92.3,0.0,SE@2.8,6.7,0.73,0,55.9,29.8,50.5,"Seattle, King County",330092,Seattle,2020-01-21 15:21:21.287718
2019-10-18,22:00,51.1,48.6,91.1,0.0,SE@3.3,8.5,0.68,0,55.8,29.79,50.9,"Seattle, King County",330092,Seattle,2020-01-21 15:21:21.287718
2019-10-18,22:15,51.1,48.4,90.6,0.0,SE@3.5,7.4,0.6,0,55.8,29.79,50.9,"Seattle, King County",330092,Seattle,2020-01-21 15:21:21.287718
2019-10-18,22:30,50.8,48.5,91.7,0.0,SE@2.1,6.4,0.55,0,55.8,29.79,50.6,"Seattle, King County",330092,Seattle,2020-01-21 15:21:21.287718
2019-10-18,22:45,50.4,48.3,92.5,0.0,SE@0.8,6.7,0.56,0,55.8,29.79,50.2,"Seattle, King County",330092,Seattle,2020-01-21 15:21:21.287718
2019-10-18,23:00,50.3,48.4,93.2,0.0,SE@2.3,7.4,0.62,0,55.8,29.79,50.1,"Seattle, King County",330092,Seattle,2020-01-21 15:21:21.287718
2019-10-18,23:15,50.1,48.5,94.0,0.03,SE@3.0,7.1,0.81,0,55.8,29.78,49.9,"Seattle, King County",330092,Seattle,2020-01-21 15:21:21.287718
2019-10-18,23:30,49.7,48.5,95.6,0.06,SE@3.0,8.5,0.77,0,55.8,29.78,49.5,"Seattle, King County",330092,Seattle,2020-01-21 15:21:21.287718
2019-10-18,23:45,49.8,48.9,96.9,0.04,SE@1.4,4.6,0.72,0,55.8,29.77,49.5,"Seattle, King County",330092,Seattle,2020-01-21 15:21:21.287718
2019-10-18,24:00,49.9,49.3,97.6,0.02,SE@1.1,5.3,0.71,0,55.8,29.76,49.7,"Seattle, King County",330092,Seattle,2020-01-21 15:21:21.287718
2019-10-19,00:15,49.5,48.9,97.7,0.02,E@1.0,3.5,0.7,0,55.7,29.75,49.3,"Seattle, King County",330092,Seattle,2020-01-21 15:21:21.287718
2019-10-19,00:30,49.3,48.8,97.9,0.02,NE@0.8,3.9,0.7,0,55.7,29.74,49.1,"Seattle, King County",330092,Seattle,2020-01-21 15:21:21.287718
2019-10-19,00:45,49.2,48.7,98.2,0.02,NE@0.5,2.8,0.69,0,55.7,29.73,49.0,"Seattle, King County",330092,Seattle,2020-01-21 15:21:21.287718
2019-10-19,01:00,49.2,48.8,98.4,0.06,N @0.0,0.0,0.69,0,55.7,29.72,48.9,"Seattle, King County",330092,Seattle,2020-01-21 15:21:21.287718
2019-10-19,01:15,49.1,48.7,98.5,0.04,SE@0.1,2.8,0.68,0,55.7,29.71,48.9,"Seattle, King County",330092,Seattle,2020-01-21 15:21:21.287718
2019-10-19,01:30,49.2,48.8,98.6,0.02,N @0.5,3.5,0.69,0,55.6,29.7,48.9,"Seattle, King County",330092,Seattle,2020-01-21 15:21:21.287718
2019-10-19,01:45,49.1,48.7,98.6,0.01,N @1.6,5.3,0.69,0,55.6,29.69,49.0,"Seattle, King County",330092,Seattle,2020-01-21 15:21:21.287718
2019-10-19,02:00,48.5,47.9,97.8,0.0,N @1.8,4.9,0.68,0,55.6,29.68,48.4,"Seattle, King County",330092,Seattle,2020-01-21 15:21:21.287718
2019-10-19,02:15,48.2,47.3,96.7,0.0,N @1.9,5.3,0.67,0,55.6,29.67,48.1,"Seattle, King County",330092,Seattle,2020-01-21 15:21:21.287718
2019-10-19,02:30,48.2,47.1,95.8,0.0,N @1.7,4.6,0.67,0,55.6,29.66,48.1,"Seattle, King County",330092,Seattle,2020-01-21 15:21:21.287718
2019-10-19,02:45,48.2,46.9,95.2,0.0,S@0.4,3.1,0.67,0,55.5,29.66,48.0,"Seattle, King County",330092,Seattle,2020-01-21 15:21:21.287718
2019-10-19,03:00,48.2,46.8,95.1,0.0,NE@0.5,4.2,0.68,0,55.5,29.66,47.9,"Seattle, King County",330092,Seattle,2020-01-21 15:21:21.287718
2019-10-19,03:15,47.8,46.8,96.2,0.01,S@0.1,2.4,0.7,0,55.5,29.65,47.5,"Seattle, King County",330092,Seattle,2020-01-21 15:21:21.287718
2019-10-19,03:30,48.0,47.1,96.7,0.0,SE@0.9,3.1,0.71,0,55.5,29.64,47.8,"Seattle, King County",330092,Seattle,2020-01-21 15:21:21.287718
2019-10-19,03:45,48.3,47.4,96.6,0.03,SE@1.0,3.9,0.71,0,55.5,29.64,48.1,"Seattle, King County",330092,Seattle,2020-01-21 15:21:21.287718
2019-10-19,04:00,48.1,47.3,96.8,0.01,SE@0.6,4.9,0.7,0,55.5,29.63,47.9,"Seattle, King County",330092,Seattle,2020-01-21 15:21:21.287718
2019-10-19,04:15,48.2,47.4,97.2,0.02,SE@1.2,6.4,0.7,0,55.4,29.63,47.9,"Seattle, King County",330092,Seattle,2020-01-21 15:21:21.287718
2019-10-19,04:30,48.2,47.4,96.7,0.02,SE@1.4,4.9,0.7,0,55.4,29.63,48.1,"Seattle, King County",330092,Seattle,2020-01-21 15:21:21.287718
2019-10-19,04:45,48.0,47.0,96.3,0.01,SE@1.1,4.9,0.68,0,55.4,29.63,47.8,"Seattle, King County",330092,Seattle,2020-01-21 15:21:21.287718
2019-10-19,05:00,47.7,46.6,96.1,0.0,SE@0.6,3.5,0.68,0,55.4,29.63,47.4,"Seattle, King County",330092,Seattle,2020-01-21 15:21:21.287718
2019-10-19,05:15,47.4,46.4,96.3,0.01,S@0.3,2.4,0.68,0,55.4,29.64,47.1,"Seattle, King County",330092,Seattle,2020-01-21 15:21:21.287718
2019-10-19,05:30,47.3,46.4,96.5,0.03,SE@0.3,2.8,0.69,0,55.4,29.64,47.1,"Seattle, King County",330092,Seattle,2020-01-21 15:21:21.287718
2019-10-19,05:45,46.9,46.0,96.6,0.04,S@0.1,2.4,0.68,0,55.4,29.64,46.7,"Seattle, King County",330092,Seattle,2020-01-21 15:21:21.287718
2019-10-19,06:00,46.6,45.8,96.9,0.01,N @0.0,0.0,0.67,0,55.3,29.64,46.3,"Seattle, King County",330092,Seattle,2020-01-21 15:21:21.287718
2019-10-19,06:15,46.4,45.6,97.1,0.01,S@0.0,1.4,0.67,0,55.3,29.65,46.1,"Seattle, King County",330092,Seattle,2020-01-21 15:21:21.287718
2019-10-19,06:30,46.2,45.4,97.1,0.01,N @0.0,0.0,0.67,0,55.3,29.66,45.9,"Seattle, King County",330092,Seattle,2020-01-21 15:21:21.287718
2019-10-19,06:45,46.1,45.3,97.0,0.0,N @0.0,0.0,0.67,1,55.3,29.66,45.8,"Seattle, King County",330092,Seattle,2020-01-21 15:21:21.287718
2019-10-19,07:00,46.0,45.2,97.1,0.0,SE@0.0,1.4,0.67,5,55.3,29.67,45.7,"Seattle, King County",330092,Seattle,2020-01-21 15:21:21.287718
2019-10-19,07:15,45.6,44.6,96.2,0.0,SE@0.1,1.7,0.68,11,55.2,29.68,45.5,"Seattle, King County",330092,Seattle,2020-01-21 15:21:21.287718
2019-10-19,07:30,45.9,44.8,95.9,0.0,N @0.0,0.0,0.69,18,55.2,29.69,45.6,"Seattle, King County",330092,Seattle,2020-01-21 15:21:21.287718
2019-10-19,07:45,46.1,45.1,96.2,0.0,SE@0.3,2.8,0.71,24,55.2,29.7,45.9,"Seattle, King County",330092,Seattle,2020-01-21 15:21:21.287718
2019-10-19,08:00,46.1,45.0,96.0,0.01,SE@0.8,3.5,0.72,29,55.2,29.7,45.9,"Seattle, King County",330092,Seattle,2020-01-21 15:21:21.287718
2019-10-19,08:15,46.2,45.1,95.9,0.01,SE@1.7,4.2,0.72,42,55.2,29.71,46.0,"Seattle, King County",330092,Seattle,2020-01-21 15:21:21.287718
2019-10-19,08:30,46.2,45.1,95.7,0.0,SE@1.6,4.6,0.71,46,55.2,29.72,46.0,"Seattle, King County",330092,Seattle,2020-01-21 15:21:21.287718
2019-10-19,08:45,46.3,45.1,95.6,0.01,SE@1.5,4.9,0.71,53,55.1,29.73,46.1,"Seattle, King County",330092,Seattle,2020-01-21 15:21:21.287718
2019-10-19,09:00,46.4,45.4,96.0,0.0,SE@1.1,4.9,0.72,61,55.1,29.73,46.2,"Seattle, King County",330092,Seattle,2020-01-21 15:21:21.287718
2019-10-19,09:15,46.5,45.4,96.1,0.01,SE@1.5,4.2,0.71,62,55.1,29.74,46.3,"Seattle, King County",330092,Seattle,2020-01-21 15:21:21.287718
2019-10-19,09:30,46.7,45.6,95.9,0.01,SE@2.0,4.6,0.72,81,55.1,29.74,46.5,"Seattle, King County",330092,Seattle,2020-01-21 15:21:21.287718
2019-10-19,09:45,47.0,45.9,96.0,0.0,SE@2.4,5.3,0.71,84,55.1,29.75,46.8,"Seattle, King County",330092,Seattle,2020-01-21 15:21:21.287718
2019-10-19,10:00,47.1,46.1,96.1,0.01,SE@2.7,6.7,0.72,94,55.1,29.76,46.9,"Seattle, King County",330092,Seattle,2020-01-21 15:21:21.287718
2019-10-19,10:15,47.0,46.0,96.2,0.0,SE@2.8,7.1,0.72,63,55.1,29.77,46.8,"Seattle, King County",330092,Seattle,2020-01-21 15:21:21.287718
2019-10-19,10:30,47.1,46.0,96.2,0.0,SE@2.2,6.7,0.72,73,55.0,29.78,46.8,"Seattle, King County",330092,Seattle,2020-01-21 15:21:21.287718
2019-10-19,10:45,47.3,46.3,96.2,0.01,SE@1.3,4.2,0.71,81,55.0,29.78,47.1,"Seattle, King County",330092,Seattle,2020-01-21 15:21:21.287718
2019-10-19,11:00,47.5,46.4,96.2,0.01,SE@0.9,5.3,0.72,78,55.0,29.79,47.2,"Seattle, King County",330092,Seattle,2020-01-21 15:21:21.287718
2019-10-19,11:15,47.5,46.4,96.1,0.01,SE@1.0,3.9,0.71,66,55.0,29.8,47.3,"Seattle, King County",330092,Seattle,2020-01-21 15:21:21.287718
2019-10-19,11:30,47.6,46.6,96.2,0.01,SE@1.3,4.9,0.72,76,55.0,29.8,47.4,"Seattle, King County",330092,Seattle,2020-01-21 15:21:21.287718
2019-10-19,11:45,47.8,46.9,96.4,0.01,SE@2.1,5.7,0.72,84,55.0,29.81,47.6,"Seattle, King County",330092,Seattle,2020-01-21 15:21:21.287718
2019-10-19,12:00,48.2,47.3,96.6,0.01,SE@1.8,5.3,0.72,98,55.0,29.81,48.0,"Seattle, King County",330092,Seattle,2020-01-21 15:21:21.287718
2019-10-19,12:15,48.6,47.6,96.6,0.0,SE@1.7,4.2,0.71,120,55.0,29.82,48.3,"Seattle, King County",330092,Seattle,2020-01-21 15:21:21.287718
2019-10-19,12:30,49.0,48.1,96.4,0.0,SE@1.1,3.5,0.7,168,55.0,29.83,48.8,"Seattle, King County",330092,Seattle,2020-01-21 15:21:21.287718
2019-10-19,12:45,49.9,48.8,96.0,0.01,SE@1.0,4.9,0.7,253,55.0,29.83,49.6,"Seattle, King County",330092,Seattle,2020-01-21 15:21:21.287718
2019-10-19,13:00,50.8,49.3,94.4,0.0,SE@1.3,4.2,0.7,353,55.0,29.83,50.6,"Seattle, King County",330092,Seattle,2020-01-21 15:21:21.287718
2019-10-19,13:15,51.0,48.6,91.3,0.0,SE@2.3,5.7,0.57,325,55.0,29.84,50.8,"Seattle, King County",330092,Seattle,2020-01-21 15:21:21.287718
2019-10-19,13:30,51.1,48.0,89.2,0.0,SE@1.8,5.3,0.26,263,55.0,29.84,50.9,"Seattle, King County",330092,Seattle,2020-01-21 15:21:21.287718
2019-10-19,13:45,51.0,48.0,89.4,0.0,SE@0.5,3.1,0.05,215,55.0,29.84,50.7,"Seattle, King County",330092,Seattle,2020-01-21 15:21:21.287718
2019-10-19,14:00,51.5,48.2,88.5,0.0,SE@1.6,4.2,0.0,219,55.0,29.84,51.2,"Seattle, King County",330092,Seattle,2020-01-21 15:21:21.287718
2019-10-19,14:15,51.7,48.1,87.4,0.0,SE@1.5,5.7,0.0,226,55.0,29.85,51.5,"Seattle, King County",330092,Seattle,2020-01-21 15:21:21.287718
2019-10-19,14:30,51.8,47.5,85.1,0.0,SE@1.9,4.2,0.0,218,55.0,29.86,51.5,"Seattle, King County",330092,Seattle,2020-01-21 15:21:21.287718
2019-10-19,14:45,51.9,47.4,84.4,0.0,SE@1.9,4.2,0.0,200,55.1,29.86,51.7,"Seattle, King County",330092,Seattle,2020-01-21 15:21:21.287718
2019-10-19,15:00,51.9,48.0,86.7,0.0,N @3.0,5.7,0.0,154,55.1,29.87,51.7,"Seattle, King County",330092,Seattle,2020-01-21 15:21:21.287718
2019-10-19,15:15,50.9,47.6,88.4,0.0,NE@2.0,4.9,0.09,118,55.1,29.88,50.7,"Seattle, King County",330092,Seattle,2020-01-21 15:21:21.287718
2019-10-19,15:30,51.4,48.3,89.0,0.0,N @1.1,3.9,0.44,141,55.1,29.89,51.2,"Seattle, King County",330092,Seattle,2020-01-21 15:21:21.287718
2019-10-19,15:45,51.0,47.8,88.7,0.0,N @2.4,4.6,0.27,57,55.1,29.89,50.8,"Seattle, King County",330092,Seattle,2020-01-21 15:21:21.287718
2019-10-19,16:00,50.8,47.9,89.7,0.01,NE@1.4,3.9,0.42,76,55.2,29.89,50.5,"Seattle, King County",330092,Seattle,2020-01-21 15:21:21.287718
2019-10-19,16:15,50.2,47.5,90.7,0.0,N @1.2,3.1,0.5,31,55.2,29.9,49.9,"Seattle, King County",330092,Seattle,2020-01-21 15:21:21.287718
2019-10-19,16:30,50.0,47.6,91.4,0.0,N@1.4,3.5,0.43,19,55.2,29.91,49.7,"Seattle, King County",330092,Seattle,2020-01-21 15:21:21.287718
2019-10-19,16:45,49.6,47.2,91.5,0.0,N @2.3,4.6,0.34,17,55.3,29.91,49.4,"Seattle, King County",330092,Seattle,2020-01-21 15:21:21.287718
2019-10-19,17:00,49.2,46.9,91.5,0.0,N@1.3,3.9,0.28,14,55.3,29.92,49.0,"Seattle, King County",330092,Seattle,2020-01-21 15:21:21.287718
2019-10-19,17:15,48.6,46.4,92.2,0.0,NW@0.6,2.8,0.27,8,55.3,29.92,48.3,"Seattle, King County",330092,Seattle,2020-01-21 15:21:21.287718
2019-10-19,17:30,48.2,46.3,93.3,0.0,NW@0.5,3.1,0.28,2,55.3,29.94,48.0,"Seattle, King County",330092,Seattle,2020-01-21 15:21:21.287718
2019-10-19,17:45,47.6,46.0,94.1,0.0,E@0.0,1.4,0.3,0,55.3,29.95,47.2,"Seattle, King County",330092,Seattle,2020-01-21 15:21:21.287718
2019-10-19,18:00,46.6,45.5,95.6,0.0,NW@0.4,3.1,0.35,0,55.3,29.95,46.2,"Seattle, King County",330092,Seattle,2020-01-21 15:21:21.287718
2019-10-19,18:15,46.4,45.5,96.8,0.0,N @0.0,1.7,0.41,0,55.4,29.96,46.0,"Seattle, King County",330092,Seattle,2020-01-21 15:21:21.287718
2019-10-19,18:30,46.3,45.6,97.5,0.0,NE@0.4,3.1,0.48,0,55.4,29.97,45.9,"Seattle, King County",330092,Seattle,2020-01-21 15:21:21.287718
2019-10-19,18:45,46.5,45.9,98.0,0.0,W@0.5,2.8,0.51,0,55.4,29.97,46.2,"Seattle, King County",330092,Seattle,2020-01-21 15:21:21.287718
2019-10-19,19:00,46.8,46.3,98.2,0.0,N @0.1,2.1,0.52,0,55.4,29.98,46.5,"Seattle, King County",330092,Seattle,2020-01-21 15:21:21.287718
2019-10-19,19:15,46.9,46.5,98.3,0.0,N@0.9,2.8,0.53,0,55.4,29.99,46.7,"Seattle, King County",330092,Seattle,2020-01-21 15:21:21.287718
2019-10-19,19:30,47.1,46.7,98.2,0.0,W@0.2,2.4,0.53,0,55.4,30.0,46.9,"Seattle, King County",330092,Seattle,2020-01-21 15:21:21.287718
2019-10-19,19:45,47.1,46.7,98.4,0.0,N@0.2,2.1,0.54,0,55.4,30.0,46.9,"Seattle, King County",330092,Seattle,2020-01-21 15:21:21.287718
2019-10-19,20:00,47.1,46.6,98.3,0.0,NE@1.0,3.5,0.56,0,55.4,30.0,46.9,"Seattle, King County",330092,Seattle,2020-01-21 15:21:21.287718
2019-10-19,20:15,47.3,46.9,98.3,0.0,N @0.7,3.1,0.57,0,55.4,30.01,47.1,"Seattle, King County",330092,Seattle,2020-01-21 15:21:21.287718
2019-10-19,20:30,47.9,47.4,98.1,0.0,S@1.4,4.6,0.58,0,55.4,30.01,47.9,"Seattle, King County",330092,Seattle,2020-01-21 15:21:21.287718
2019-10-19,20:45,48.5,47.2,95.2,0.0,SE@0.6,3.9,0.57,0,55.3,30.02,48.5,"Seattle, King County",330092,Seattle,2020-01-21 15:21:21.287718
2019-10-19,21:00,48.5,47.0,94.4,0.0,SE@0.9,6.0,0.57,0,55.3,30.03,48.4,"Seattle, King County",330092,Seattle,2020-01-21 15:21:21.287718
2019-10-19,21:15,49.3,46.8,91.1,0.0,SE@2.4,6.0,0.55,0,55.3,30.03,49.2,"Seattle, King County",330092,Seattle,2020-01-21 15:21:21.287718
2019-10-19,21:30,49.4,46.1,88.4,0.0,SE@2.8,6.0,0.46,0,55.3,30.04,49.2,"Seattle, King County",330092,Seattle,2020-01-21 15:21:21.287718
2019-10-19,21:45,49.2,46.1,88.8,0.0,SE@2.9,7.1,0.33,0,55.3,30.05,49.0,"Seattle, King County",330092,Seattle,2020-01-21 15:21:21.287718
2019-10-19,22:00,48.9,45.9,89.1,0.0,SE@3.2,7.1,0.2,0,55.3,30.05,48.7,"Seattle, King County",330092,Seattle,2020-01-21 15:21:21.287718
2019-10-19,22:15,48.9,45.6,88.3,0.0,SE@3.5,7.4,0.04,0,55.3,30.06,48.7,"Seattle, King County",330092,Seattle,2020-01-21 15:21:21.287718
2019-10-19,22:30,48.7,45.7,89.2,0.0,SE@3.1,6.4,0.0,0,55.2,30.07,48.5,"Seattle, King County",330092,Seattle,2020-01-21 15:21:21.287718
2019-10-19,22:45,48.1,45.3,89.8,0.0,SE@2.3,6.7,0.0,0,55.2,30.07,47.9,"Seattle, King County",330092,Seattle,2020-01-21 15:21:21.287718
2019-10-19,23:00,48.1,44.9,88.6,0.0,SE@2.7,5.3,0.0,0,55.2,30.07,47.9,"Seattle, King County",330092,Seattle,2020-01-21 15:21:21.287718
2019-10-19,23:15,47.6,44.5,89.1,0.0,S@1.4,3.5,0.0,0,55.2,30.06,47.3,"Seattle, King County",330092,Seattle,2020-01-21 15:21:21.287718
2019-10-19,23:30,46.8,44.3,91.1,0.0,S@0.5,4.2,0.0,0,55.2,30.07,46.4,"Seattle, King County",330092,Seattle,2020-01-21 15:21:21.287718
2019-10-19,23:45,47.0,44.9,92.3,0.0,S@1.6,6.0,0.0,0,55.2,30.07,46.7,"Seattle, King County",330092,Seattle,2020-01-21 15:21:21.287718
2019-10-19,24:00,47.6,45.0,90.7,0.0,SE@1.3,4.6,0.0,0,55.1,30.08,47.4,"Seattle, King County",330092,Seattle,2020-01-21 15:21:21.287718
