Date,Time PST,Air Temp °F, 2<sup>nd</sup> Air Temp °F, Dew Point °F, Rel Hum %, Leaf Wet u., Wind Dir @ Speed mph, Wind Gust mph, 2 in. Soil Tmp °F, 8 in. Soil Tmp °F, Tot Prec in, Solar Rad W/m², Atm. Press. inHg,Location,Station ID,Station Name,Download Timestamp
1996-03-26,00:15,34.7,,31.1,86.5,0.0,NE@2.9,2.9,45.1,,0.0,0,,"WSU Mt Vernon, Mount Vernon, Skagit County",330101,WSU Mt Vernon,2017-11-25 14:16:14.970354
1996-03-26,00:30,34.2,,30.5,86.1,0.0,NE@2.1,2.1,45.0,,0.0,0,,"WSU Mt Vernon, Mount Vernon, Skagit County",330101,WSU Mt Vernon,2017-11-25 14:16:14.970354
1996-03-26,00:45,33.3,,30.1,87.8,0.0,NE@1.2,1.2,45.0,,0.0,0,,"WSU Mt Vernon, Mount Vernon, Skagit County",330101,WSU Mt Vernon,2017-11-25 14:16:14.970354
1996-03-26,01:00,33.2,,29.8,87.2,0.0,NE@1.5,1.5,45.0,,0.0,0,,"WSU Mt Vernon, Mount Vernon, Skagit County",330101,WSU Mt Vernon,2017-11-25 14:16:14.970354
1996-03-26,01:15,33.0,,29.5,86.8,0.0,NE@1.1,1.1,45.0,,0.0,0,,"WSU Mt Vernon, Mount Vernon, Skagit County",330101,WSU Mt Vernon,2017-11-25 14:16:14.970354
1996-03-26,01:30,32.8,,29.2,86.4,0.34,NE@0.6,0.6,45.0,,0.0,0,,"WSU Mt Vernon, Mount Vernon, Skagit County",330101,WSU Mt Vernon,2017-11-25 14:16:14.970354
1996-03-26,01:45,32.5,,28.7,85.8,1.0,E@0.4,0.4,44.9,,0.0,0,,"WSU Mt Vernon, Mount Vernon, Skagit County",330101,WSU Mt Vernon,2017-11-25 14:16:14.970354
1996-03-26,02:00,31.9,,28.6,87.7,1.0,SE@0.4,0.4,44.8,,0.0,0,,"WSU Mt Vernon, Mount Vernon, Skagit County",330101,WSU Mt Vernon,2017-11-25 14:16:14.970354
1996-03-26,02:15,31.8,,29.2,89.8,1.0,N@0.7,0.7,44.8,,0.0,0,,"WSU Mt Vernon, Mount Vernon, Skagit County",330101,WSU Mt Vernon,2017-11-25 14:16:14.970354
1996-03-26,02:30,31.6,,29.3,91.4,1.0,E@0.7,0.7,44.8,,0.0,0,,"WSU Mt Vernon, Mount Vernon, Skagit County",330101,WSU Mt Vernon,2017-11-25 14:16:14.970354
1996-03-26,02:45,31.3,,29.1,92.0,1.0,NE@0.6,0.6,44.7,,0.0,0,,"WSU Mt Vernon, Mount Vernon, Skagit County",330101,WSU Mt Vernon,2017-11-25 14:16:14.970354
1996-03-26,03:00,31.2,,29.4,93.4,1.0,NE@0.5,0.5,44.8,,0.0,0,,"WSU Mt Vernon, Mount Vernon, Skagit County",330101,WSU Mt Vernon,2017-11-25 14:16:14.970354
1996-03-26,03:15,31.4,,29.2,91.7,1.0,E@0.7,0.7,44.7,,0.0,0,,"WSU Mt Vernon, Mount Vernon, Skagit County",330101,WSU Mt Vernon,2017-11-25 14:16:14.970354
1996-03-26,03:30,31.8,,29.4,90.5,0.82,NE@1.4,1.4,44.7,,0.0,0,,"WSU Mt Vernon, Mount Vernon, Skagit County",330101,WSU Mt Vernon,2017-11-25 14:16:14.970354
1996-03-26,03:45,32.0,,29.4,90.2,0.0,NE@0.4,0.4,44.6,,0.0,0,,"WSU Mt Vernon, Mount Vernon, Skagit County",330101,WSU Mt Vernon,2017-11-25 14:16:14.970354
1996-03-26,04:00,32.1,,29.7,91.0,0.0,E@0.7,0.7,44.6,,0.0,0,,"WSU Mt Vernon, Mount Vernon, Skagit County",330101,WSU Mt Vernon,2017-11-25 14:16:14.970354
1996-03-26,04:15,32.2,,29.5,89.6,0.0,NE@1.3,1.3,44.6,,0.0,0,,"WSU Mt Vernon, Mount Vernon, Skagit County",330101,WSU Mt Vernon,2017-11-25 14:16:14.970354
1996-03-26,04:30,32.5,,29.5,88.2,0.0,E@1.0,1.0,44.5,,0.0,0,,"WSU Mt Vernon, Mount Vernon, Skagit County",330101,WSU Mt Vernon,2017-11-25 14:16:14.970354
1996-03-26,04:45,32.6,,29.7,88.8,0.0,NE@1.7,1.7,44.5,,0.0,0,,"WSU Mt Vernon, Mount Vernon, Skagit County",330101,WSU Mt Vernon,2017-11-25 14:16:14.970354
1996-03-26,05:00,32.4,,29.9,90.3,0.0,NE@1.8,1.8,44.4,,0.0,0,,"WSU Mt Vernon, Mount Vernon, Skagit County",330101,WSU Mt Vernon,2017-11-25 14:16:14.970354
1996-03-26,05:15,32.3,,29.6,89.6,0.0,NE@0.5,0.5,44.3,,0.0,0,,"WSU Mt Vernon, Mount Vernon, Skagit County",330101,WSU Mt Vernon,2017-11-25 14:16:14.970354
1996-03-26,05:30,32.2,,29.4,89.0,0.0,NE@0.8,0.8,44.2,,0.0,0,,"WSU Mt Vernon, Mount Vernon, Skagit County",330101,WSU Mt Vernon,2017-11-25 14:16:14.970354
1996-03-26,05:45,32.3,,29.4,89.2,0.0,N@0.6,0.6,44.2,,0.0,0,,"WSU Mt Vernon, Mount Vernon, Skagit County",330101,WSU Mt Vernon,2017-11-25 14:16:14.970354
1996-03-26,06:00,32.4,,29.5,88.8,0.0,NE@0.6,0.6,44.1,,0.0,2,,"WSU Mt Vernon, Mount Vernon, Skagit County",330101,WSU Mt Vernon,2017-11-25 14:16:14.970354
1996-03-26,06:15,32.3,,29.4,88.9,0.0,E@1.1,1.1,44.1,,0.0,10,,"WSU Mt Vernon, Mount Vernon, Skagit County",330101,WSU Mt Vernon,2017-11-25 14:16:14.970354
1996-03-26,06:30,32.2,,29.2,88.6,0.0,NE@1.8,1.8,44.1,,0.0,26,,"WSU Mt Vernon, Mount Vernon, Skagit County",330101,WSU Mt Vernon,2017-11-25 14:16:14.970354
1996-03-26,06:45,32.9,,29.5,87.3,0.0,E@0.7,0.7,44.1,,0.0,37,,"WSU Mt Vernon, Mount Vernon, Skagit County",330101,WSU Mt Vernon,2017-11-25 14:16:14.970354
1996-03-26,07:00,33.3,,29.5,85.9,0.0,NE@0.8,0.8,44.0,,0.0,53,,"WSU Mt Vernon, Mount Vernon, Skagit County",330101,WSU Mt Vernon,2017-11-25 14:16:14.970354
1996-03-26,07:15,33.6,,30.1,86.8,0.0,NE@0.7,0.7,44.0,,0.0,70,,"WSU Mt Vernon, Mount Vernon, Skagit County",330101,WSU Mt Vernon,2017-11-25 14:16:14.970354
1996-03-26,07:30,33.9,,30.7,88.0,0.0,N@0.4,0.4,44.0,,0.0,88,,"WSU Mt Vernon, Mount Vernon, Skagit County",330101,WSU Mt Vernon,2017-11-25 14:16:14.970354
1996-03-26,07:45,34.3,,30.9,87.1,0.0,NE@0.4,0.4,44.0,,0.0,99,,"WSU Mt Vernon, Mount Vernon, Skagit County",330101,WSU Mt Vernon,2017-11-25 14:16:14.970354
1996-03-26,08:00,34.9,,31.1,85.9,0.0,NW@0.5,0.5,43.9,,0.0,113,,"WSU Mt Vernon, Mount Vernon, Skagit County",330101,WSU Mt Vernon,2017-11-25 14:16:14.970354
1996-03-26,08:15,34.7,,31.7,88.5,0.0,SW@0.5,0.5,44.0,,0.0,235,,"WSU Mt Vernon, Mount Vernon, Skagit County",330101,WSU Mt Vernon,2017-11-25 14:16:14.970354
1996-03-26,08:30,36.3,,31.7,83.1,0.0,W@0.4,0.4,44.1,,0.0,371,,"WSU Mt Vernon, Mount Vernon, Skagit County",330101,WSU Mt Vernon,2017-11-25 14:16:14.970354
1996-03-26,08:45,39.6,,32.6,75.6,0.0,S@0.6,0.6,44.0,,0.0,363,,"WSU Mt Vernon, Mount Vernon, Skagit County",330101,WSU Mt Vernon,2017-11-25 14:16:14.970354
1996-03-26,09:00,39.8,,30.8,70.0,0.0,E@1.2,1.2,43.7,,0.0,283,,"WSU Mt Vernon, Mount Vernon, Skagit County",330101,WSU Mt Vernon,2017-11-25 14:16:14.970354
1996-03-26,09:15,40.7,,32.1,71.0,0.0,S@0.9,0.9,43.9,,0.0,479,,"WSU Mt Vernon, Mount Vernon, Skagit County",330101,WSU Mt Vernon,2017-11-25 14:16:14.970354
1996-03-26,09:30,41.3,,31.5,67.9,0.0,SW@1.7,1.7,43.8,,0.0,387,,"WSU Mt Vernon, Mount Vernon, Skagit County",330101,WSU Mt Vernon,2017-11-25 14:16:14.970354
1996-03-26,09:45,42.6,,29.9,60.6,0.0,SW@1.7,1.7,43.8,,0.0,543,,"WSU Mt Vernon, Mount Vernon, Skagit County",330101,WSU Mt Vernon,2017-11-25 14:16:14.970354
1996-03-26,10:00,43.7,,31.3,61.5,0.0,SW@2.2,2.2,43.7,,0.0,572,,"WSU Mt Vernon, Mount Vernon, Skagit County",330101,WSU Mt Vernon,2017-11-25 14:16:14.970354
1996-03-26,10:15,44.7,,34.2,66.4,0.0,S@2.8,2.8,43.6,,0.0,606,,"WSU Mt Vernon, Mount Vernon, Skagit County",330101,WSU Mt Vernon,2017-11-25 14:16:14.970354
1996-03-26,10:30,45.7,,37.1,71.8,0.0,SW@3.5,3.5,43.5,,0.0,640,,"WSU Mt Vernon, Mount Vernon, Skagit County",330101,WSU Mt Vernon,2017-11-25 14:16:14.970354
1996-03-26,10:45,46.1,,39.2,76.5,0.0,SW@2.9,2.9,43.4,,0.0,659,,"WSU Mt Vernon, Mount Vernon, Skagit County",330101,WSU Mt Vernon,2017-11-25 14:16:14.970354
1996-03-26,11:00,46.7,,39.3,75.2,0.0,SW@3.2,3.2,43.3,,0.0,682,,"WSU Mt Vernon, Mount Vernon, Skagit County",330101,WSU Mt Vernon,2017-11-25 14:16:14.970354
1996-03-26,11:15,47.6,,38.8,71.3,0.0,SW@3.3,3.3,43.3,,0.0,700,,"WSU Mt Vernon, Mount Vernon, Skagit County",330101,WSU Mt Vernon,2017-11-25 14:16:14.970354
1996-03-26,11:30,48.3,,37.7,66.6,0.0,SW@3.7,3.7,43.3,,0.0,711,,"WSU Mt Vernon, Mount Vernon, Skagit County",330101,WSU Mt Vernon,2017-11-25 14:16:14.970354
1996-03-26,11:45,49.3,,36.7,61.7,0.0,SW@3.9,3.9,43.3,,0.0,723,,"WSU Mt Vernon, Mount Vernon, Skagit County",330101,WSU Mt Vernon,2017-11-25 14:16:14.970354
1996-03-26,12:00,49.7,,34.6,55.9,0.0,SW@3.8,3.8,43.3,,0.0,737,,"WSU Mt Vernon, Mount Vernon, Skagit County",330101,WSU Mt Vernon,2017-11-25 14:16:14.970354
1996-03-26,12:15,50.3,,35.0,55.5,0.0,SW@3.4,3.4,43.3,,0.0,738,,"WSU Mt Vernon, Mount Vernon, Skagit County",330101,WSU Mt Vernon,2017-11-25 14:16:14.970354
1996-03-26,12:30,51.0,,32.3,48.6,0.0,SW@3.6,3.6,43.3,,0.0,732,,"WSU Mt Vernon, Mount Vernon, Skagit County",330101,WSU Mt Vernon,2017-11-25 14:16:14.970354
1996-03-26,12:45,51.5,,32.4,47.7,0.0,SW@3.5,3.5,43.3,,0.0,699,,"WSU Mt Vernon, Mount Vernon, Skagit County",330101,WSU Mt Vernon,2017-11-25 14:16:14.970354
1996-03-26,13:00,52.0,,33.8,49.7,0.0,W@3.9,3.9,43.4,,0.0,710,,"WSU Mt Vernon, Mount Vernon, Skagit County",330101,WSU Mt Vernon,2017-11-25 14:16:14.970354
1996-03-26,13:15,52.0,,34.3,50.8,0.0,SW@2.8,2.8,43.4,,0.0,527,,"WSU Mt Vernon, Mount Vernon, Skagit County",330101,WSU Mt Vernon,2017-11-25 14:16:14.970354
1996-03-26,13:30,52.3,,35.6,52.9,0.0,SW@3.8,3.8,43.5,,0.0,619,,"WSU Mt Vernon, Mount Vernon, Skagit County",330101,WSU Mt Vernon,2017-11-25 14:16:14.970354
1996-03-26,13:45,52.8,,37.0,54.9,0.0,SW@4.1,4.1,43.5,,0.0,590,,"WSU Mt Vernon, Mount Vernon, Skagit County",330101,WSU Mt Vernon,2017-11-25 14:16:14.970354
1996-03-26,14:00,53.2,,35.9,51.7,0.0,W@3.6,3.6,43.7,,0.0,662,,"WSU Mt Vernon, Mount Vernon, Skagit County",330101,WSU Mt Vernon,2017-11-25 14:16:14.970354
1996-03-26,14:15,53.0,,35.9,52.2,0.0,W@4.8,4.8,43.6,,0.0,646,,"WSU Mt Vernon, Mount Vernon, Skagit County",330101,WSU Mt Vernon,2017-11-25 14:16:14.970354
1996-03-26,14:30,53.0,,37.1,54.6,0.0,SW@5.4,5.4,43.7,,0.0,598,,"WSU Mt Vernon, Mount Vernon, Skagit County",330101,WSU Mt Vernon,2017-11-25 14:16:14.970354
1996-03-26,14:45,53.2,,35.7,51.3,0.0,SW@2.1,2.1,43.8,,0.0,607,,"WSU Mt Vernon, Mount Vernon, Skagit County",330101,WSU Mt Vernon,2017-11-25 14:16:14.970354
1996-03-26,15:00,53.4,,37.4,54.5,0.0,W@4.9,4.9,43.8,,0.0,416,,"WSU Mt Vernon, Mount Vernon, Skagit County",330101,WSU Mt Vernon,2017-11-25 14:16:14.970354
1996-03-26,15:15,53.0,,35.6,51.5,0.0,W@3.2,3.2,43.9,,0.0,517,,"WSU Mt Vernon, Mount Vernon, Skagit County",330101,WSU Mt Vernon,2017-11-25 14:16:14.970354
1996-03-26,15:30,53.6,,36.3,51.7,0.0,W@4.6,4.6,44.0,,0.0,454,,"WSU Mt Vernon, Mount Vernon, Skagit County",330101,WSU Mt Vernon,2017-11-25 14:16:14.970354
1996-03-26,15:45,53.2,,35.8,51.5,0.0,W@5.2,5.2,44.1,,0.0,460,,"WSU Mt Vernon, Mount Vernon, Skagit County",330101,WSU Mt Vernon,2017-11-25 14:16:14.970354
1996-03-26,16:00,53.1,,33.9,48.0,0.0,W@5.1,5.1,44.2,,0.0,448,,"WSU Mt Vernon, Mount Vernon, Skagit County",330101,WSU Mt Vernon,2017-11-25 14:16:14.970354
1996-03-26,16:15,52.9,,33.3,47.0,0.0,W@4.0,4.0,44.3,,0.0,304,,"WSU Mt Vernon, Mount Vernon, Skagit County",330101,WSU Mt Vernon,2017-11-25 14:16:14.970354
1996-03-26,16:30,52.7,,34.0,48.7,0.0,W@3.8,3.8,44.4,,0.0,305,,"WSU Mt Vernon, Mount Vernon, Skagit County",330101,WSU Mt Vernon,2017-11-25 14:16:14.970354
1996-03-26,16:45,52.5,,34.0,49.2,0.0,W@3.6,3.6,44.5,,0.0,204,,"WSU Mt Vernon, Mount Vernon, Skagit County",330101,WSU Mt Vernon,2017-11-25 14:16:14.970354
1996-03-26,17:00,52.2,,34.4,50.4,0.0,W@3.6,3.6,44.6,,0.0,226,,"WSU Mt Vernon, Mount Vernon, Skagit County",330101,WSU Mt Vernon,2017-11-25 14:16:14.970354
1996-03-26,17:15,51.9,,34.2,50.8,0.0,W@4.4,4.4,44.7,,0.0,183,,"WSU Mt Vernon, Mount Vernon, Skagit County",330101,WSU Mt Vernon,2017-11-25 14:16:14.970354
1996-03-26,17:30,51.0,,33.0,50.0,0.0,W@3.1,3.1,44.8,,0.0,74,,"WSU Mt Vernon, Mount Vernon, Skagit County",330101,WSU Mt Vernon,2017-11-25 14:16:14.970354
1996-03-26,17:45,49.7,,34.9,56.6,0.0,W@1.8,1.8,44.9,,0.0,66,,"WSU Mt Vernon, Mount Vernon, Skagit County",330101,WSU Mt Vernon,2017-11-25 14:16:14.970354
1996-03-26,18:00,49.3,,33.6,54.6,0.0,NW@1.0,1.0,45.0,,0.0,35,,"WSU Mt Vernon, Mount Vernon, Skagit County",330101,WSU Mt Vernon,2017-11-25 14:16:14.970354
1996-03-26,18:15,48.8,,35.6,60.1,0.0,N@0.9,0.9,45.2,,0.0,18,,"WSU Mt Vernon, Mount Vernon, Skagit County",330101,WSU Mt Vernon,2017-11-25 14:16:14.970354
1996-03-26,18:30,47.7,,38.0,68.9,0.0,N@0.7,0.7,45.3,,0.0,7,,"WSU Mt Vernon, Mount Vernon, Skagit County",330101,WSU Mt Vernon,2017-11-25 14:16:14.970354
1996-03-26,18:45,46.7,,38.7,73.4,0.0,NE@0.5,0.5,45.3,,0.0,2,,"WSU Mt Vernon, Mount Vernon, Skagit County",330101,WSU Mt Vernon,2017-11-25 14:16:14.970354
1996-03-26,19:00,46.2,,38.5,74.5,0.0,NE@0.5,0.5,45.4,,0.0,0,,"WSU Mt Vernon, Mount Vernon, Skagit County",330101,WSU Mt Vernon,2017-11-25 14:16:14.970354
1996-03-26,19:15,45.8,,37.2,71.6,0.0,E@0.5,0.5,45.6,,0.0,0,,"WSU Mt Vernon, Mount Vernon, Skagit County",330101,WSU Mt Vernon,2017-11-25 14:16:14.970354
1996-03-26,19:30,45.4,,39.0,78.1,0.0,E@0.8,0.8,45.7,,0.0,0,,"WSU Mt Vernon, Mount Vernon, Skagit County",330101,WSU Mt Vernon,2017-11-25 14:16:14.970354
1996-03-26,19:45,45.1,,39.2,79.8,0.0,E@0.4,0.4,45.8,,0.0,0,,"WSU Mt Vernon, Mount Vernon, Skagit County",330101,WSU Mt Vernon,2017-11-25 14:16:14.970354
1996-03-26,20:00,44.9,,39.3,80.6,0.11,SW@0.4,0.4,45.8,,0.0,0,,"WSU Mt Vernon, Mount Vernon, Skagit County",330101,WSU Mt Vernon,2017-11-25 14:16:14.970354
1996-03-26,20:15,43.9,,40.0,86.0,0.32,NE@0.5,0.5,45.9,,0.0,0,,"WSU Mt Vernon, Mount Vernon, Skagit County",330101,WSU Mt Vernon,2017-11-25 14:16:14.970354
1996-03-26,20:30,43.0,,40.0,89.1,0.51,NW@0.5,0.5,45.9,,0.0,0,,"WSU Mt Vernon, Mount Vernon, Skagit County",330101,WSU Mt Vernon,2017-11-25 14:16:14.970354
1996-03-26,20:45,41.6,,39.7,92.6,1.0,W@0.4,0.4,45.9,,0.0,0,,"WSU Mt Vernon, Mount Vernon, Skagit County",330101,WSU Mt Vernon,2017-11-25 14:16:14.970354
1996-03-26,21:00,41.7,,39.5,91.9,0.41,NW@0.5,0.5,46.0,,0.0,0,,"WSU Mt Vernon, Mount Vernon, Skagit County",330101,WSU Mt Vernon,2017-11-25 14:16:14.970354
1996-03-26,21:15,42.1,,38.9,88.2,0.0,NW@0.9,0.9,46.1,,0.0,0,,"WSU Mt Vernon, Mount Vernon, Skagit County",330101,WSU Mt Vernon,2017-11-25 14:16:14.970354
1996-03-26,21:30,42.4,,38.6,86.3,0.0,NW@1.0,1.0,46.1,,0.0,0,,"WSU Mt Vernon, Mount Vernon, Skagit County",330101,WSU Mt Vernon,2017-11-25 14:16:14.970354
1996-03-26,21:45,42.6,,38.4,84.8,0.0,NW@0.7,0.7,46.2,,0.0,0,,"WSU Mt Vernon, Mount Vernon, Skagit County",330101,WSU Mt Vernon,2017-11-25 14:16:14.970354
1996-03-26,22:00,42.8,,39.1,86.7,0.0,NE@0.9,0.9,46.2,,0.0,0,,"WSU Mt Vernon, Mount Vernon, Skagit County",330101,WSU Mt Vernon,2017-11-25 14:16:14.970354
1996-03-26,22:15,43.1,,37.7,81.2,0.0,E@0.4,0.4,46.2,,0.0,0,,"WSU Mt Vernon, Mount Vernon, Skagit County",330101,WSU Mt Vernon,2017-11-25 14:16:14.970354
1996-03-26,22:30,43.4,,36.7,77.2,0.0,NE@0.8,0.8,46.3,,0.0,0,,"WSU Mt Vernon, Mount Vernon, Skagit County",330101,WSU Mt Vernon,2017-11-25 14:16:14.970354
1996-03-26,22:45,42.8,,36.3,77.6,0.0,E@0.7,0.7,46.3,,0.0,0,,"WSU Mt Vernon, Mount Vernon, Skagit County",330101,WSU Mt Vernon,2017-11-25 14:16:14.970354
1996-03-26,23:00,42.7,,35.8,76.4,0.0,NE@0.8,0.8,46.2,,0.0,0,,"WSU Mt Vernon, Mount Vernon, Skagit County",330101,WSU Mt Vernon,2017-11-25 14:16:14.970354
1996-03-26,23:15,42.2,,35.9,78.1,0.0,NW@0.4,0.4,46.3,,0.0,0,,"WSU Mt Vernon, Mount Vernon, Skagit County",330101,WSU Mt Vernon,2017-11-25 14:16:14.970354
1996-03-26,23:30,42.8,,34.4,71.9,0.0,N@2.5,2.5,46.3,,0.0,0,,"WSU Mt Vernon, Mount Vernon, Skagit County",330101,WSU Mt Vernon,2017-11-25 14:16:14.970354
1996-03-26,23:45,43.1,,34.0,69.8,0.0,NE@2.8,2.8,46.3,,0.0,0,,"WSU Mt Vernon, Mount Vernon, Skagit County",330101,WSU Mt Vernon,2017-11-25 14:16:14.970354
1996-03-26,24:00,,,,0.0,,0.0,99999.0,,,0.0,0,,"WSU Mt Vernon, Mount Vernon, Skagit County",330101,WSU Mt Vernon,2017-11-25 14:16:14.970354
1996-03-27,00:15,41.7,,35.3,77.8,0.0,E@3.8,3.8,46.2,,0.0,0,,"WSU Mt Vernon, Mount Vernon, Skagit County",330101,WSU Mt Vernon,2017-11-25 14:16:14.970354
1996-03-27,00:30,41.7,,35.9,79.7,0.0,SE@0.8,0.8,46.2,,0.0,0,,"WSU Mt Vernon, Mount Vernon, Skagit County",330101,WSU Mt Vernon,2017-11-25 14:16:14.970354
1996-03-27,00:45,41.6,,36.6,82.1,0.0,E@0.7,0.7,46.2,,0.0,0,,"WSU Mt Vernon, Mount Vernon, Skagit County",330101,WSU Mt Vernon,2017-11-25 14:16:14.970354
1996-03-27,01:00,42.1,,35.2,76.4,0.0,SE@1.8,1.8,46.2,,0.0,0,,"WSU Mt Vernon, Mount Vernon, Skagit County",330101,WSU Mt Vernon,2017-11-25 14:16:14.970354
1996-03-27,01:15,43.2,,35.1,72.8,0.0,SE@3.0,3.0,46.2,,0.0,0,,"WSU Mt Vernon, Mount Vernon, Skagit County",330101,WSU Mt Vernon,2017-11-25 14:16:14.970354
1996-03-27,01:30,43.3,,36.5,76.6,0.03,S@6.5,6.5,46.2,,0.0,0,,"WSU Mt Vernon, Mount Vernon, Skagit County",330101,WSU Mt Vernon,2017-11-25 14:16:14.970354
1996-03-27,01:45,42.8,,37.0,79.7,0.32,S@5.1,5.1,46.2,,0.0,0,,"WSU Mt Vernon, Mount Vernon, Skagit County",330101,WSU Mt Vernon,2017-11-25 14:16:14.970354
1996-03-27,02:00,43.1,,36.6,77.5,0.18,SE@4.4,4.4,46.1,,0.0,0,,"WSU Mt Vernon, Mount Vernon, Skagit County",330101,WSU Mt Vernon,2017-11-25 14:16:14.970354
1996-03-27,02:15,43.3,,37.4,79.5,0.68,E@5.3,5.3,46.1,,0.0,0,,"WSU Mt Vernon, Mount Vernon, Skagit County",330101,WSU Mt Vernon,2017-11-25 14:16:14.970354
1996-03-27,02:30,42.6,,38.1,84.0,1.0,SE@3.0,3.0,46.1,,0.0,0,,"WSU Mt Vernon, Mount Vernon, Skagit County",330101,WSU Mt Vernon,2017-11-25 14:16:14.970354
1996-03-27,02:45,41.8,,38.6,88.4,1.0,E@7.7,7.7,46.1,,0.0,0,,"WSU Mt Vernon, Mount Vernon, Skagit County",330101,WSU Mt Vernon,2017-11-25 14:16:14.970354
1996-03-27,03:00,41.5,,38.8,89.9,1.0,E@8.5,8.5,46.0,,0.0,0,,"WSU Mt Vernon, Mount Vernon, Skagit County",330101,WSU Mt Vernon,2017-11-25 14:16:14.970354
1996-03-27,03:15,41.4,,38.6,89.7,1.0,E@6.8,6.8,46.0,,0.0,0,,"WSU Mt Vernon, Mount Vernon, Skagit County",330101,WSU Mt Vernon,2017-11-25 14:16:14.970354
1996-03-27,03:30,41.1,,38.6,90.6,1.0,NE@5.7,5.7,46.0,,0.0,0,,"WSU Mt Vernon, Mount Vernon, Skagit County",330101,WSU Mt Vernon,2017-11-25 14:16:14.970354
1996-03-27,03:45,41.1,,38.4,90.0,1.0,NE@6.5,6.5,45.9,,0.0,0,,"WSU Mt Vernon, Mount Vernon, Skagit County",330101,WSU Mt Vernon,2017-11-25 14:16:14.970354
1996-03-27,04:00,40.7,,38.1,90.2,1.0,NE@5.5,5.5,45.9,,0.0,0,,"WSU Mt Vernon, Mount Vernon, Skagit County",330101,WSU Mt Vernon,2017-11-25 14:16:14.970354
1996-03-27,04:15,40.4,,38.1,91.5,1.0,NE@5.4,5.4,45.9,,0.0,0,,"WSU Mt Vernon, Mount Vernon, Skagit County",330101,WSU Mt Vernon,2017-11-25 14:16:14.970354
1996-03-27,04:30,40.1,,38.3,93.1,1.0,NE@4.0,4.0,45.9,,0.0,0,,"WSU Mt Vernon, Mount Vernon, Skagit County",330101,WSU Mt Vernon,2017-11-25 14:16:14.970354
1996-03-27,04:45,40.0,,38.5,94.3,1.0,E@3.8,3.8,45.8,,0.0,0,,"WSU Mt Vernon, Mount Vernon, Skagit County",330101,WSU Mt Vernon,2017-11-25 14:16:14.970354
1996-03-27,05:00,39.7,,38.7,96.2,1.0,E@3.1,3.1,45.8,,0.0,0,,"WSU Mt Vernon, Mount Vernon, Skagit County",330101,WSU Mt Vernon,2017-11-25 14:16:14.970354
1996-03-27,05:15,39.9,,38.7,95.4,1.0,NE@5.1,5.1,45.7,,0.0,0,,"WSU Mt Vernon, Mount Vernon, Skagit County",330101,WSU Mt Vernon,2017-11-25 14:16:14.970354
1996-03-27,05:30,40.2,,38.8,94.6,1.0,NE@3.7,3.7,45.7,,0.0,0,,"WSU Mt Vernon, Mount Vernon, Skagit County",330101,WSU Mt Vernon,2017-11-25 14:16:14.970354
1996-03-27,05:45,40.5,,38.8,93.5,1.0,E@3.8,3.8,45.7,,0.0,0,,"WSU Mt Vernon, Mount Vernon, Skagit County",330101,WSU Mt Vernon,2017-11-25 14:16:14.970354
1996-03-27,06:00,40.4,,39.0,94.8,1.0,E@4.0,4.0,45.7,,0.0,1,,"WSU Mt Vernon, Mount Vernon, Skagit County",330101,WSU Mt Vernon,2017-11-25 14:16:14.970354
1996-03-27,06:15,40.2,,38.9,95.0,1.0,NE@3.2,3.2,45.6,,0.0,2,,"WSU Mt Vernon, Mount Vernon, Skagit County",330101,WSU Mt Vernon,2017-11-25 14:16:14.970354
1996-03-27,06:30,40.4,,39.0,94.5,1.0,E@2.2,2.2,45.6,,0.0,3,,"WSU Mt Vernon, Mount Vernon, Skagit County",330101,WSU Mt Vernon,2017-11-25 14:16:14.970354
1996-03-27,06:45,40.5,,39.1,94.5,1.0,E@1.0,1.0,45.6,,0.0,9,,"WSU Mt Vernon, Mount Vernon, Skagit County",330101,WSU Mt Vernon,2017-11-25 14:16:14.970354
1996-03-27,07:00,40.6,,39.1,94.3,1.0,E@2.0,2.0,45.6,,0.0,9,,"WSU Mt Vernon, Mount Vernon, Skagit County",330101,WSU Mt Vernon,2017-11-25 14:16:14.970354
1996-03-27,07:15,41.0,,38.5,90.9,1.0,S@4.7,4.7,45.6,,0.02,9,,"WSU Mt Vernon, Mount Vernon, Skagit County",330101,WSU Mt Vernon,2017-11-25 14:16:14.970354
1996-03-27,07:30,40.7,,38.2,90.7,1.0,S@3.5,3.5,45.5,,0.02,70,,"WSU Mt Vernon, Mount Vernon, Skagit County",330101,WSU Mt Vernon,2017-11-25 14:16:14.970354
1996-03-27,07:45,41.0,,39.0,92.7,1.0,SW@3.6,3.6,45.5,,0.0,109,,"WSU Mt Vernon, Mount Vernon, Skagit County",330101,WSU Mt Vernon,2017-11-25 14:16:14.970354
1996-03-27,08:00,41.3,,38.8,90.7,1.0,NW@1.5,1.5,45.5,,0.0,117,,"WSU Mt Vernon, Mount Vernon, Skagit County",330101,WSU Mt Vernon,2017-11-25 14:16:14.970354
1996-03-27,08:15,41.8,,39.0,89.7,1.0,NE@0.8,0.8,45.5,,0.0,98,,"WSU Mt Vernon, Mount Vernon, Skagit County",330101,WSU Mt Vernon,2017-11-25 14:16:14.970354
1996-03-27,08:30,42.6,,39.4,88.5,1.0,E@1.1,1.1,45.6,,0.01,279,,"WSU Mt Vernon, Mount Vernon, Skagit County",330101,WSU Mt Vernon,2017-11-25 14:16:14.970354
1996-03-27,08:45,43.2,,39.6,87.0,1.0,SE@0.8,0.8,45.6,,0.0,193,,"WSU Mt Vernon, Mount Vernon, Skagit County",330101,WSU Mt Vernon,2017-11-25 14:16:14.970354
1996-03-27,09:00,43.3,,39.4,86.0,1.0,W@0.7,0.7,45.5,,0.0,136,,"WSU Mt Vernon, Mount Vernon, Skagit County",330101,WSU Mt Vernon,2017-11-25 14:16:14.970354
1996-03-27,09:15,43.7,,39.8,86.1,1.0,W@0.9,0.9,45.6,,0.0,284,,"WSU Mt Vernon, Mount Vernon, Skagit County",330101,WSU Mt Vernon,2017-11-25 14:16:14.970354
1996-03-27,09:30,44.7,,39.9,83.2,1.0,W@1.7,1.7,45.6,,0.0,421,,"WSU Mt Vernon, Mount Vernon, Skagit County",330101,WSU Mt Vernon,2017-11-25 14:16:14.970354
1996-03-27,09:45,46.0,,40.0,79.6,1.0,W@2.4,2.4,45.6,,0.0,635,,"WSU Mt Vernon, Mount Vernon, Skagit County",330101,WSU Mt Vernon,2017-11-25 14:16:14.970354
1996-03-27,10:00,46.9,,39.9,76.5,1.0,SW@4.0,4.0,45.4,,0.0,477,,"WSU Mt Vernon, Mount Vernon, Skagit County",330101,WSU Mt Vernon,2017-11-25 14:16:14.970354
1996-03-27,10:15,46.4,,40.0,78.1,1.0,SW@4.6,4.6,45.3,,0.0,578,,"WSU Mt Vernon, Mount Vernon, Skagit County",330101,WSU Mt Vernon,2017-11-25 14:16:14.970354
1996-03-27,10:30,47.3,,40.8,78.0,1.0,SW@5.1,5.1,45.4,,0.0,673,,"WSU Mt Vernon, Mount Vernon, Skagit County",330101,WSU Mt Vernon,2017-11-25 14:16:14.970354
1996-03-27,10:45,47.4,,40.0,75.4,0.07,SW@4.4,4.4,45.3,,0.0,524,,"WSU Mt Vernon, Mount Vernon, Skagit County",330101,WSU Mt Vernon,2017-11-25 14:16:14.970354
1996-03-27,11:00,47.9,,40.3,74.9,0.0,SW@3.6,3.6,45.3,,0.0,631,,"WSU Mt Vernon, Mount Vernon, Skagit County",330101,WSU Mt Vernon,2017-11-25 14:16:14.970354
1996-03-27,11:15,48.3,,41.5,77.1,0.0,SW@4.7,4.7,45.3,,0.0,676,,"WSU Mt Vernon, Mount Vernon, Skagit County",330101,WSU Mt Vernon,2017-11-25 14:16:14.970354
1996-03-27,11:30,49.1,,42.2,77.0,0.0,SW@5.1,5.1,45.2,,0.0,758,,"WSU Mt Vernon, Mount Vernon, Skagit County",330101,WSU Mt Vernon,2017-11-25 14:16:14.970354
1996-03-27,11:45,49.7,,38.4,64.8,0.0,W@7.0,7.0,45.2,,0.0,620,,"WSU Mt Vernon, Mount Vernon, Skagit County",330101,WSU Mt Vernon,2017-11-25 14:16:14.970354
1996-03-27,12:00,49.5,,36.2,59.9,0.0,W@8.2,8.2,45.2,,0.0,768,,"WSU Mt Vernon, Mount Vernon, Skagit County",330101,WSU Mt Vernon,2017-11-25 14:16:14.970354
1996-03-27,12:15,50.3,,37.1,60.3,0.0,W@7.5,7.5,45.2,,0.0,763,,"WSU Mt Vernon, Mount Vernon, Skagit County",330101,WSU Mt Vernon,2017-11-25 14:16:14.970354
1996-03-27,12:30,50.3,,35.4,56.4,0.0,W@8.3,8.3,45.1,,0.0,457,,"WSU Mt Vernon, Mount Vernon, Skagit County",330101,WSU Mt Vernon,2017-11-25 14:16:14.970354
1996-03-27,12:45,49.3,,35.0,57.6,0.0,W@7.1,7.1,45.1,,0.0,237,,"WSU Mt Vernon, Mount Vernon, Skagit County",330101,WSU Mt Vernon,2017-11-25 14:16:14.970354
1996-03-27,13:00,49.3,,33.6,54.6,0.0,W@6.1,6.1,45.2,,0.0,182,,"WSU Mt Vernon, Mount Vernon, Skagit County",330101,WSU Mt Vernon,2017-11-25 14:16:14.970354
1996-03-27,13:15,49.5,,33.9,54.7,0.0,W@5.7,5.7,45.3,,0.0,192,,"WSU Mt Vernon, Mount Vernon, Skagit County",330101,WSU Mt Vernon,2017-11-25 14:16:14.970354
1996-03-27,13:30,50.1,,33.9,53.5,0.0,W@5.3,5.3,45.4,,0.0,344,,"WSU Mt Vernon, Mount Vernon, Skagit County",330101,WSU Mt Vernon,2017-11-25 14:16:14.970354
1996-03-27,13:45,51.4,,34.9,53.0,0.0,W@5.5,5.5,45.6,,0.0,562,,"WSU Mt Vernon, Mount Vernon, Skagit County",330101,WSU Mt Vernon,2017-11-25 14:16:14.970354
1996-03-27,14:00,52.1,,32.8,47.6,0.0,SW@4.8,4.8,45.7,,0.0,407,,"WSU Mt Vernon, Mount Vernon, Skagit County",330101,WSU Mt Vernon,2017-11-25 14:16:14.970354
1996-03-27,14:15,52.1,,36.2,54.4,0.0,S@7.1,7.1,45.7,,0.0,320,,"WSU Mt Vernon, Mount Vernon, Skagit County",330101,WSU Mt Vernon,2017-11-25 14:16:14.970354
1996-03-27,14:30,50.3,,40.3,68.5,0.0,S@11.0,11.0,45.7,,0.0,301,,"WSU Mt Vernon, Mount Vernon, Skagit County",330101,WSU Mt Vernon,2017-11-25 14:16:14.970354
1996-03-27,14:45,49.8,,39.4,67.3,0.0,S@11.9,11.9,45.8,,0.0,254,,"WSU Mt Vernon, Mount Vernon, Skagit County",330101,WSU Mt Vernon,2017-11-25 14:16:14.970354
1996-03-27,15:00,49.6,,38.8,66.4,0.0,S@10.9,10.9,45.9,,0.0,328,,"WSU Mt Vernon, Mount Vernon, Skagit County",330101,WSU Mt Vernon,2017-11-25 14:16:14.970354
1996-03-27,15:15,49.4,,39.2,67.9,0.0,S@8.9,8.9,45.9,,0.0,213,,"WSU Mt Vernon, Mount Vernon, Skagit County",330101,WSU Mt Vernon,2017-11-25 14:16:14.970354
1996-03-27,15:30,48.9,,38.7,67.8,0.0,S@6.8,6.8,46.0,,0.0,211,,"WSU Mt Vernon, Mount Vernon, Skagit County",330101,WSU Mt Vernon,2017-11-25 14:16:14.970354
1996-03-27,15:45,49.1,,38.8,67.4,0.0,SW@4.4,4.4,46.1,,0.0,207,,"WSU Mt Vernon, Mount Vernon, Skagit County",330101,WSU Mt Vernon,2017-11-25 14:16:14.970354
1996-03-27,16:00,49.8,,39.2,66.8,0.0,W@5.9,5.9,46.1,,0.0,329,,"WSU Mt Vernon, Mount Vernon, Skagit County",330101,WSU Mt Vernon,2017-11-25 14:16:14.970354
1996-03-27,16:15,50.1,,37.8,62.5,0.0,SW@4.9,4.9,46.2,,0.0,215,,"WSU Mt Vernon, Mount Vernon, Skagit County",330101,WSU Mt Vernon,2017-11-25 14:16:14.970354
1996-03-27,16:30,50.8,,38.5,62.4,0.0,W@5.2,5.2,46.3,,0.0,363,,"WSU Mt Vernon, Mount Vernon, Skagit County",330101,WSU Mt Vernon,2017-11-25 14:16:14.970354
1996-03-27,16:45,51.0,,37.3,59.2,0.0,W@5.9,5.9,46.3,,0.0,187,,"WSU Mt Vernon, Mount Vernon, Skagit County",330101,WSU Mt Vernon,2017-11-25 14:16:14.970354
1996-03-27,17:00,50.5,,38.1,62.2,0.0,W@4.4,4.4,46.3,,0.0,128,,"WSU Mt Vernon, Mount Vernon, Skagit County",330101,WSU Mt Vernon,2017-11-25 14:16:14.970354
1996-03-27,17:15,50.2,,37.7,62.1,0.0,W@4.0,4.0,46.3,,0.0,65,,"WSU Mt Vernon, Mount Vernon, Skagit County",330101,WSU Mt Vernon,2017-11-25 14:16:14.970354
1996-03-27,17:30,49.2,,38.4,66.2,0.0,NW@4.3,4.3,46.3,,0.0,47,,"WSU Mt Vernon, Mount Vernon, Skagit County",330101,WSU Mt Vernon,2017-11-25 14:16:14.970354
1996-03-27,17:45,48.8,,36.1,61.3,0.0,W@3.3,3.3,46.4,,0.0,35,,"WSU Mt Vernon, Mount Vernon, Skagit County",330101,WSU Mt Vernon,2017-11-25 14:16:14.970354
1996-03-27,18:00,48.2,,35.4,60.9,0.0,W@3.5,3.5,46.4,,0.0,39,,"WSU Mt Vernon, Mount Vernon, Skagit County",330101,WSU Mt Vernon,2017-11-25 14:16:14.970354
1996-03-27,18:15,47.6,,35.0,61.5,0.0,NW@3.0,3.0,46.5,,0.0,22,,"WSU Mt Vernon, Mount Vernon, Skagit County",330101,WSU Mt Vernon,2017-11-25 14:16:14.970354
1996-03-27,18:30,47.2,,34.4,60.9,0.0,W@2.9,2.9,46.4,,0.0,9,,"WSU Mt Vernon, Mount Vernon, Skagit County",330101,WSU Mt Vernon,2017-11-25 14:16:14.970354
1996-03-27,18:45,46.3,,34.9,64.3,0.0,W@2.2,2.2,46.5,,0.0,3,,"WSU Mt Vernon, Mount Vernon, Skagit County",330101,WSU Mt Vernon,2017-11-25 14:16:14.970354
1996-03-27,19:00,44.8,,36.4,72.2,0.0,SE@0.8,0.8,46.4,,0.0,0,,"WSU Mt Vernon, Mount Vernon, Skagit County",330101,WSU Mt Vernon,2017-11-25 14:16:14.970354
1996-03-27,19:15,43.4,,36.4,76.0,0.0,SE@0.6,0.6,46.4,,0.0,0,,"WSU Mt Vernon, Mount Vernon, Skagit County",330101,WSU Mt Vernon,2017-11-25 14:16:14.970354
1996-03-27,19:30,43.2,,36.0,75.6,0.0,SE@1.3,1.3,46.4,,0.0,0,,"WSU Mt Vernon, Mount Vernon, Skagit County",330101,WSU Mt Vernon,2017-11-25 14:16:14.970354
1996-03-27,19:45,42.6,,36.4,78.3,0.0,E@0.6,0.6,46.4,,0.0,0,,"WSU Mt Vernon, Mount Vernon, Skagit County",330101,WSU Mt Vernon,2017-11-25 14:16:14.970354
1996-03-27,20:00,41.6,,36.2,80.8,0.29,NE@0.5,0.5,46.4,,0.0,0,,"WSU Mt Vernon, Mount Vernon, Skagit County",330101,WSU Mt Vernon,2017-11-25 14:16:14.970354
1996-03-27,20:15,40.7,,36.0,83.1,0.09,E@0.6,0.6,46.5,,0.0,0,,"WSU Mt Vernon, Mount Vernon, Skagit County",330101,WSU Mt Vernon,2017-11-25 14:16:14.970354
1996-03-27,20:30,38.2,,34.7,87.0,0.0,NW@3.2,3.2,46.5,,0.0,0,,"WSU Mt Vernon, Mount Vernon, Skagit County",330101,WSU Mt Vernon,2017-11-25 14:16:14.970354
1996-03-27,20:45,37.5,,35.2,91.5,0.39,NE@1.6,1.6,46.5,,0.0,0,,"WSU Mt Vernon, Mount Vernon, Skagit County",330101,WSU Mt Vernon,2017-11-25 14:16:14.970354
1996-03-27,21:00,38.0,,35.1,89.1,0.51,E@0.7,0.7,46.5,,0.0,0,,"WSU Mt Vernon, Mount Vernon, Skagit County",330101,WSU Mt Vernon,2017-11-25 14:16:14.970354
1996-03-27,21:15,36.9,,34.0,89.2,1.0,NW@1.2,1.2,46.5,,0.0,0,,"WSU Mt Vernon, Mount Vernon, Skagit County",330101,WSU Mt Vernon,2017-11-25 14:16:14.970354
1996-03-27,21:30,36.2,,34.5,93.5,1.0,NE@1.4,1.4,46.5,,0.0,0,,"WSU Mt Vernon, Mount Vernon, Skagit County",330101,WSU Mt Vernon,2017-11-25 14:16:14.970354
1996-03-27,21:45,36.8,,34.8,92.2,1.0,E@2.3,2.3,46.6,,0.0,0,,"WSU Mt Vernon, Mount Vernon, Skagit County",330101,WSU Mt Vernon,2017-11-25 14:16:14.970354
1996-03-27,22:00,37.1,,34.9,91.7,1.0,N@2.1,2.1,46.6,,0.0,0,,"WSU Mt Vernon, Mount Vernon, Skagit County",330101,WSU Mt Vernon,2017-11-25 14:16:14.970354
1996-03-27,22:15,35.3,,33.9,94.4,1.0,N@3.1,3.1,46.6,,0.0,0,,"WSU Mt Vernon, Mount Vernon, Skagit County",330101,WSU Mt Vernon,2017-11-25 14:16:14.970354
1996-03-27,22:30,35.2,,34.0,95.4,1.0,NE@2.5,2.5,46.6,,0.0,0,,"WSU Mt Vernon, Mount Vernon, Skagit County",330101,WSU Mt Vernon,2017-11-25 14:16:14.970354
1996-03-27,22:45,36.7,,34.5,91.6,1.0,NE@3.0,3.0,46.7,,0.0,0,,"WSU Mt Vernon, Mount Vernon, Skagit County",330101,WSU Mt Vernon,2017-11-25 14:16:14.970354
1996-03-27,23:00,37.2,,33.5,86.4,0.77,NE@4.1,4.1,46.6,,0.0,0,,"WSU Mt Vernon, Mount Vernon, Skagit County",330101,WSU Mt Vernon,2017-11-25 14:16:14.970354
1996-03-27,23:15,38.8,,31.7,75.4,0.0,NE@5.5,5.5,46.6,,0.0,0,,"WSU Mt Vernon, Mount Vernon, Skagit County",330101,WSU Mt Vernon,2017-11-25 14:16:14.970354
1996-03-27,23:30,40.2,,29.9,66.3,0.0,NE@4.9,4.9,46.7,,0.0,0,,"WSU Mt Vernon, Mount Vernon, Skagit County",330101,WSU Mt Vernon,2017-11-25 14:16:14.970354
1996-03-27,23:45,39.9,,29.7,66.5,0.0,NE@5.4,5.4,46.6,,0.0,0,,"WSU Mt Vernon, Mount Vernon, Skagit County",330101,WSU Mt Vernon,2017-11-25 14:16:14.970354
1996-03-27,24:00,,,,0.0,,0.0,99999.0,,,0.0,0,,"WSU Mt Vernon, Mount Vernon, Skagit County",330101,WSU Mt Vernon,2017-11-25 14:16:14.970354
1996-03-28,00:15,38.2,,30.2,72.6,0.0,NE@4.4,4.4,46.5,,0.0,0,,"WSU Mt Vernon, Mount Vernon, Skagit County",330101,WSU Mt Vernon,2017-11-25 14:16:14.970354
1996-03-28,00:30,38.6,,30.6,72.9,0.0,NE@4.8,4.8,46.5,,0.0,0,,"WSU Mt Vernon, Mount Vernon, Skagit County",330101,WSU Mt Vernon,2017-11-25 14:16:14.970354
1996-03-28,00:45,37.7,,30.1,73.7,0.0,NE@4.2,4.2,46.4,,0.0,0,,"WSU Mt Vernon, Mount Vernon, Skagit County",330101,WSU Mt Vernon,2017-11-25 14:16:14.970354
1996-03-28,01:00,39.0,,28.5,65.9,0.0,NE@5.9,5.9,46.4,,0.0,0,,"WSU Mt Vernon, Mount Vernon, Skagit County",330101,WSU Mt Vernon,2017-11-25 14:16:14.970354
1996-03-28,01:15,38.9,,29.0,67.4,0.0,N@5.2,5.2,46.3,,0.0,0,,"WSU Mt Vernon, Mount Vernon, Skagit County",330101,WSU Mt Vernon,2017-11-25 14:16:14.970354
1996-03-28,01:30,36.9,,29.4,74.0,0.0,N@5.1,5.1,46.2,,0.0,0,,"WSU Mt Vernon, Mount Vernon, Skagit County",330101,WSU Mt Vernon,2017-11-25 14:16:14.970354
1996-03-28,01:45,37.0,,28.9,72.3,0.0,NE@5.2,5.2,46.2,,0.0,0,,"WSU Mt Vernon, Mount Vernon, Skagit County",330101,WSU Mt Vernon,2017-11-25 14:16:14.970354
1996-03-28,02:00,37.6,,28.1,68.4,0.0,NE@6.2,6.2,46.1,,0.0,0,,"WSU Mt Vernon, Mount Vernon, Skagit County",330101,WSU Mt Vernon,2017-11-25 14:16:14.970354
1996-03-28,02:15,36.8,,28.1,70.5,0.0,NE@5.2,5.2,46.1,,0.0,0,,"WSU Mt Vernon, Mount Vernon, Skagit County",330101,WSU Mt Vernon,2017-11-25 14:16:14.970354
1996-03-28,02:30,35.6,,27.9,73.5,0.0,N@2.4,2.4,46.0,,0.0,0,,"WSU Mt Vernon, Mount Vernon, Skagit County",330101,WSU Mt Vernon,2017-11-25 14:16:14.970354
1996-03-28,02:45,35.0,,26.5,70.8,0.0,NE@0.8,0.8,45.8,,0.0,0,,"WSU Mt Vernon, Mount Vernon, Skagit County",330101,WSU Mt Vernon,2017-11-25 14:16:14.970354
1996-03-28,03:00,36.1,,25.1,64.0,0.0,E@0.9,0.9,45.7,,0.0,0,,"WSU Mt Vernon, Mount Vernon, Skagit County",330101,WSU Mt Vernon,2017-11-25 14:16:14.970354
1996-03-28,03:15,34.6,,26.2,71.1,0.0,SE@0.5,0.5,45.7,,0.0,0,,"WSU Mt Vernon, Mount Vernon, Skagit County",330101,WSU Mt Vernon,2017-11-25 14:16:14.970354
1996-03-28,03:30,32.4,,26.2,77.6,0.0,SW@1.3,1.3,45.5,,0.0,0,,"WSU Mt Vernon, Mount Vernon, Skagit County",330101,WSU Mt Vernon,2017-11-25 14:16:14.970354
1996-03-28,03:45,32.0,,26.7,80.3,0.0,E@0.6,0.6,45.4,,0.0,0,,"WSU Mt Vernon, Mount Vernon, Skagit County",330101,WSU Mt Vernon,2017-11-25 14:16:14.970354
1996-03-28,04:00,31.1,,25.5,80.0,0.0,N@2.3,2.3,45.4,,0.0,0,,"WSU Mt Vernon, Mount Vernon, Skagit County",330101,WSU Mt Vernon,2017-11-25 14:16:14.970354
1996-03-28,04:15,31.1,,25.3,79.1,0.0,E@2.5,2.5,45.5,,0.0,0,,"WSU Mt Vernon, Mount Vernon, Skagit County",330101,WSU Mt Vernon,2017-11-25 14:16:14.970354
1996-03-28,04:30,31.0,,26.3,82.9,0.0,E@1.6,1.6,45.4,,0.0,0,,"WSU Mt Vernon, Mount Vernon, Skagit County",330101,WSU Mt Vernon,2017-11-25 14:16:14.970354
1996-03-28,04:45,31.0,,26.1,82.1,0.0,W@3.5,3.5,45.4,,0.0,0,,"WSU Mt Vernon, Mount Vernon, Skagit County",330101,WSU Mt Vernon,2017-11-25 14:16:14.970354
1996-03-28,05:00,31.1,,26.1,81.9,0.0,NE@2.4,2.4,45.4,,0.0,0,,"WSU Mt Vernon, Mount Vernon, Skagit County",330101,WSU Mt Vernon,2017-11-25 14:16:14.970354
1996-03-28,05:15,31.7,,26.6,81.3,0.0,NE@3.5,3.5,45.4,,0.0,0,,"WSU Mt Vernon, Mount Vernon, Skagit County",330101,WSU Mt Vernon,2017-11-25 14:16:14.970354
1996-03-28,05:30,31.6,,26.4,80.8,0.0,N@1.8,1.8,45.3,,0.0,0,,"WSU Mt Vernon, Mount Vernon, Skagit County",330101,WSU Mt Vernon,2017-11-25 14:16:14.970354
1996-03-28,05:45,29.8,,26.1,86.7,0.09,SE@1.0,1.0,45.1,,0.0,1,,"WSU Mt Vernon, Mount Vernon, Skagit County",330101,WSU Mt Vernon,2017-11-25 14:16:14.970354
1996-03-28,06:00,30.1,,26.9,88.6,0.0,S@2.1,2.1,45.1,,0.0,4,,"WSU Mt Vernon, Mount Vernon, Skagit County",330101,WSU Mt Vernon,2017-11-25 14:16:14.970354
1996-03-28,06:15,30.0,,26.9,89.1,0.0,S@0.7,0.7,45.0,,0.0,11,,"WSU Mt Vernon, Mount Vernon, Skagit County",330101,WSU Mt Vernon,2017-11-25 14:16:14.970354
1996-03-28,06:30,30.2,,27.2,89.2,0.0,E@1.7,1.7,45.1,,0.0,38,,"WSU Mt Vernon, Mount Vernon, Skagit County",330101,WSU Mt Vernon,2017-11-25 14:16:14.970354
1996-03-28,06:45,30.5,,27.4,89.0,0.0,N@1.7,1.7,45.2,,0.0,79,,"WSU Mt Vernon, Mount Vernon, Skagit County",330101,WSU Mt Vernon,2017-11-25 14:16:14.970354
1996-03-28,07:00,31.7,,28.1,86.4,0.0,NW@1.3,1.3,45.2,,0.0,123,,"WSU Mt Vernon, Mount Vernon, Skagit County",330101,WSU Mt Vernon,2017-11-25 14:16:14.970354
1996-03-28,07:15,33.6,,29.0,83.2,0.0,NE@1.7,1.7,45.2,,0.0,163,,"WSU Mt Vernon, Mount Vernon, Skagit County",330101,WSU Mt Vernon,2017-11-25 14:16:14.970354
1996-03-28,07:30,35.9,,28.9,75.4,0.0,NE@0.8,0.8,45.2,,0.0,204,,"WSU Mt Vernon, Mount Vernon, Skagit County",330101,WSU Mt Vernon,2017-11-25 14:16:14.970354
1996-03-28,07:45,37.0,,29.1,72.8,0.0,NE@1.7,1.7,45.1,,0.0,246,,"WSU Mt Vernon, Mount Vernon, Skagit County",330101,WSU Mt Vernon,2017-11-25 14:16:14.970354
1996-03-28,08:00,37.1,,29.1,72.6,0.0,E@3.2,3.2,44.9,,0.0,289,,"WSU Mt Vernon, Mount Vernon, Skagit County",330101,WSU Mt Vernon,2017-11-25 14:16:14.970354
1996-03-28,08:15,37.4,,29.1,71.6,0.0,E@3.6,3.6,44.9,,0.0,331,,"WSU Mt Vernon, Mount Vernon, Skagit County",330101,WSU Mt Vernon,2017-11-25 14:16:14.970354
1996-03-28,08:30,38.9,,28.8,67.0,0.0,E@2.0,2.0,44.9,,0.0,373,,"WSU Mt Vernon, Mount Vernon, Skagit County",330101,WSU Mt Vernon,2017-11-25 14:16:14.970354
1996-03-28,08:45,41.1,,28.1,59.4,0.0,SE@2.7,2.7,44.9,,0.0,416,,"WSU Mt Vernon, Mount Vernon, Skagit County",330101,WSU Mt Vernon,2017-11-25 14:16:14.970354
1996-03-28,09:00,42.4,,28.2,56.8,0.0,S@4.0,4.0,44.8,,0.0,457,,"WSU Mt Vernon, Mount Vernon, Skagit County",330101,WSU Mt Vernon,2017-11-25 14:16:14.970354
1996-03-28,09:15,42.5,,28.7,57.6,0.0,S@4.8,4.8,44.7,,0.0,494,,"WSU Mt Vernon, Mount Vernon, Skagit County",330101,WSU Mt Vernon,2017-11-25 14:16:14.970354
1996-03-28,09:30,42.8,,31.7,64.7,0.0,SW@6.0,6.0,44.6,,0.0,529,,"WSU Mt Vernon, Mount Vernon, Skagit County",330101,WSU Mt Vernon,2017-11-25 14:16:14.970354
1996-03-28,09:45,43.8,,32.5,64.2,0.0,S@4.4,4.4,44.6,,0.0,563,,"WSU Mt Vernon, Mount Vernon, Skagit County",330101,WSU Mt Vernon,2017-11-25 14:16:14.970354
1996-03-28,10:00,45.0,,29.8,54.8,0.0,SW@3.1,3.1,44.5,,0.0,595,,"WSU Mt Vernon, Mount Vernon, Skagit County",330101,WSU Mt Vernon,2017-11-25 14:16:14.970354
1996-03-28,10:15,46.4,,26.7,45.9,0.0,S@1.8,1.8,44.4,,0.0,626,,"WSU Mt Vernon, Mount Vernon, Skagit County",330101,WSU Mt Vernon,2017-11-25 14:16:14.970354
1996-03-28,10:30,46.9,,27.3,46.1,0.0,S@2.3,2.3,44.3,,0.0,652,,"WSU Mt Vernon, Mount Vernon, Skagit County",330101,WSU Mt Vernon,2017-11-25 14:16:14.970354
1996-03-28,10:45,47.5,,28.6,47.5,0.0,SW@2.4,2.4,44.2,,0.0,676,,"WSU Mt Vernon, Mount Vernon, Skagit County",330101,WSU Mt Vernon,2017-11-25 14:16:14.970354
1996-03-28,11:00,48.2,,25.7,41.1,0.0,SW@1.9,1.9,44.1,,0.0,700,,"WSU Mt Vernon, Mount Vernon, Skagit County",330101,WSU Mt Vernon,2017-11-25 14:16:14.970354
1996-03-28,11:15,48.8,,25.0,39.2,0.0,SW@2.5,2.5,44.0,,0.0,723,,"WSU Mt Vernon, Mount Vernon, Skagit County",330101,WSU Mt Vernon,2017-11-25 14:16:14.970354
1996-03-28,11:30,49.1,,24.5,37.8,0.0,SW@3.8,3.8,44.0,,0.0,735,,"WSU Mt Vernon, Mount Vernon, Skagit County",330101,WSU Mt Vernon,2017-11-25 14:16:14.970354
1996-03-28,11:45,50.1,,24.4,36.3,0.0,W@2.7,2.7,44.0,,0.0,747,,"WSU Mt Vernon, Mount Vernon, Skagit County",330101,WSU Mt Vernon,2017-11-25 14:16:14.970354
1996-03-28,12:00,50.8,,23.7,34.3,0.0,SW@3.6,3.6,44.0,,0.0,756,,"WSU Mt Vernon, Mount Vernon, Skagit County",330101,WSU Mt Vernon,2017-11-25 14:16:14.970354
1996-03-28,12:15,51.7,,19.8,28.1,0.0,W@4.0,4.0,44.1,,0.0,685,,"WSU Mt Vernon, Mount Vernon, Skagit County",330101,WSU Mt Vernon,2017-11-25 14:16:14.970354
1996-03-28,12:30,52.0,,21.6,30.1,0.0,SW@5.0,5.0,44.1,,0.0,796,,"WSU Mt Vernon, Mount Vernon, Skagit County",330101,WSU Mt Vernon,2017-11-25 14:16:14.970354
1996-03-28,12:45,52.6,,19.6,27.1,0.0,SW@3.3,3.3,44.1,,0.0,815,,"WSU Mt Vernon, Mount Vernon, Skagit County",330101,WSU Mt Vernon,2017-11-25 14:16:14.970354
1996-03-28,13:00,53.0,,24.5,32.8,0.0,SW@3.5,3.5,44.1,,0.0,717,,"WSU Mt Vernon, Mount Vernon, Skagit County",330101,WSU Mt Vernon,2017-11-25 14:16:14.970354
1996-03-28,13:15,53.3,,27.9,37.3,0.0,SW@4.3,4.3,44.1,,0.0,646,,"WSU Mt Vernon, Mount Vernon, Skagit County",330101,WSU Mt Vernon,2017-11-25 14:16:14.970354
1996-03-28,13:30,53.6,,27.1,35.7,0.0,SW@4.8,4.8,44.2,,0.0,720,,"WSU Mt Vernon, Mount Vernon, Skagit County",330101,WSU Mt Vernon,2017-11-25 14:16:14.970354
1996-03-28,13:45,54.0,,23.2,29.8,0.0,S@6.3,6.3,44.2,,0.0,566,,"WSU Mt Vernon, Mount Vernon, Skagit County",330101,WSU Mt Vernon,2017-11-25 14:16:14.970354
1996-03-28,14:00,54.5,,18.8,24.3,0.0,W@4.2,4.2,44.4,,0.0,719,,"WSU Mt Vernon, Mount Vernon, Skagit County",330101,WSU Mt Vernon,2017-11-25 14:16:14.970354
1996-03-28,14:15,55.2,,19.3,24.3,0.0,W@5.1,5.1,44.4,,0.0,663,,"WSU Mt Vernon, Mount Vernon, Skagit County",330101,WSU Mt Vernon,2017-11-25 14:16:14.970354
1996-03-28,14:30,55.2,,18.9,23.9,0.0,SW@6.3,6.3,44.3,,0.0,635,,"WSU Mt Vernon, Mount Vernon, Skagit County",330101,WSU Mt Vernon,2017-11-25 14:16:14.970354
1996-03-28,14:45,55.5,,21.5,26.4,0.0,SW@7.4,7.4,44.4,,0.0,597,,"WSU Mt Vernon, Mount Vernon, Skagit County",330101,WSU Mt Vernon,2017-11-25 14:16:14.970354
1996-03-28,15:00,54.8,,21.1,26.6,0.0,SW@6.4,6.4,44.4,,0.0,561,,"WSU Mt Vernon, Mount Vernon, Skagit County",330101,WSU Mt Vernon,2017-11-25 14:16:14.970354
1996-03-28,15:15,55.0,,23.2,28.8,0.0,SW@8.3,8.3,44.5,,0.0,532,,"WSU Mt Vernon, Mount Vernon, Skagit County",330101,WSU Mt Vernon,2017-11-25 14:16:14.970354
1996-03-28,15:30,55.1,,25.0,31.0,0.0,SW@10.5,10.5,44.6,,0.0,496,,"WSU Mt Vernon, Mount Vernon, Skagit County",330101,WSU Mt Vernon,2017-11-25 14:16:14.970354
1996-03-28,15:45,54.6,,24.9,31.3,0.0,SW@8.6,8.6,44.7,,0.0,453,,"WSU Mt Vernon, Mount Vernon, Skagit County",330101,WSU Mt Vernon,2017-11-25 14:16:14.970354
1996-03-28,16:00,54.4,,22.7,28.9,0.0,S@7.1,7.1,44.8,,0.0,409,,"WSU Mt Vernon, Mount Vernon, Skagit County",330101,WSU Mt Vernon,2017-11-25 14:16:14.970354
1996-03-28,16:15,54.2,,24.2,30.9,0.0,S@6.6,6.6,44.9,,0.0,369,,"WSU Mt Vernon, Mount Vernon, Skagit County",330101,WSU Mt Vernon,2017-11-25 14:16:14.970354
1996-03-28,16:30,54.2,,25.9,33.2,0.0,S@7.7,7.7,45.1,,0.0,328,,"WSU Mt Vernon, Mount Vernon, Skagit County",330101,WSU Mt Vernon,2017-11-25 14:16:14.970354
1996-03-28,16:45,53.9,,25.8,33.5,0.0,S@7.9,7.9,45.2,,0.0,285,,"WSU Mt Vernon, Mount Vernon, Skagit County",330101,WSU Mt Vernon,2017-11-25 14:16:14.970354
1996-03-28,17:00,53.5,,25.9,34.1,0.0,S@7.5,7.5,45.2,,0.0,244,,"WSU Mt Vernon, Mount Vernon, Skagit County",330101,WSU Mt Vernon,2017-11-25 14:16:14.970354
1996-03-28,17:15,53.2,,26.1,34.8,0.0,S@7.7,7.7,45.4,,0.0,197,,"WSU Mt Vernon, Mount Vernon, Skagit County",330101,WSU Mt Vernon,2017-11-25 14:16:14.970354
1996-03-28,17:30,52.9,,26.5,35.7,0.0,S@5.8,5.8,45.5,,0.0,164,,"WSU Mt Vernon, Mount Vernon, Skagit County",330101,WSU Mt Vernon,2017-11-25 14:16:14.970354
1996-03-28,17:45,52.7,,28.1,38.4,0.0,SW@4.1,4.1,45.6,,0.0,127,,"WSU Mt Vernon, Mount Vernon, Skagit County",330101,WSU Mt Vernon,2017-11-25 14:16:14.970354
1996-03-28,18:00,52.0,,34.0,50.1,0.0,SW@1.7,1.7,45.7,,0.0,81,,"WSU Mt Vernon, Mount Vernon, Skagit County",330101,WSU Mt Vernon,2017-11-25 14:16:14.970354
1996-03-28,18:15,51.1,,31.3,46.5,0.0,S@1.0,1.0,45.8,,0.0,40,,"WSU Mt Vernon, Mount Vernon, Skagit County",330101,WSU Mt Vernon,2017-11-25 14:16:14.970354
1996-03-28,18:30,49.7,,33.4,53.2,0.0,W@1.3,1.3,45.8,,0.0,18,,"WSU Mt Vernon, Mount Vernon, Skagit County",330101,WSU Mt Vernon,2017-11-25 14:16:14.970354
1996-03-28,18:45,48.1,,32.2,54.0,0.0,W@2.8,2.8,45.8,,0.0,4,,"WSU Mt Vernon, Mount Vernon, Skagit County",330101,WSU Mt Vernon,2017-11-25 14:16:14.970354
1996-03-28,19:00,46.0,,33.9,62.4,0.0,W@4.7,4.7,45.8,,0.0,0,,"WSU Mt Vernon, Mount Vernon, Skagit County",330101,WSU Mt Vernon,2017-11-25 14:16:14.970354
1996-03-28,19:15,45.1,,34.7,66.8,0.0,W@4.4,4.4,45.9,,0.0,0,,"WSU Mt Vernon, Mount Vernon, Skagit County",330101,WSU Mt Vernon,2017-11-25 14:16:14.970354
1996-03-28,19:30,44.5,,36.4,73.0,0.0,W@3.9,3.9,46.0,,0.0,0,,"WSU Mt Vernon, Mount Vernon, Skagit County",330101,WSU Mt Vernon,2017-11-25 14:16:14.970354
1996-03-28,19:45,44.6,,37.8,76.9,0.0,W@4.9,4.9,46.1,,0.0,0,,"WSU Mt Vernon, Mount Vernon, Skagit County",330101,WSU Mt Vernon,2017-11-25 14:16:14.970354
1996-03-28,20:00,45.5,,37.3,72.9,0.0,W@7.0,7.0,46.3,,0.0,0,,"WSU Mt Vernon, Mount Vernon, Skagit County",330101,WSU Mt Vernon,2017-11-25 14:16:14.970354
1996-03-28,20:15,46.8,,34.9,63.0,0.0,W@9.8,9.8,46.4,,0.0,0,,"WSU Mt Vernon, Mount Vernon, Skagit County",330101,WSU Mt Vernon,2017-11-25 14:16:14.970354
1996-03-28,20:30,46.6,,34.3,62.0,0.0,W@8.3,8.3,46.5,,0.0,0,,"WSU Mt Vernon, Mount Vernon, Skagit County",330101,WSU Mt Vernon,2017-11-25 14:16:14.970354
1996-03-28,20:45,46.3,,34.4,63.0,0.0,W@8.1,8.1,46.5,,0.0,0,,"WSU Mt Vernon, Mount Vernon, Skagit County",330101,WSU Mt Vernon,2017-11-25 14:16:14.970354
1996-03-28,21:00,46.0,,35.0,65.4,0.0,W@8.0,8.0,46.5,,0.0,0,,"WSU Mt Vernon, Mount Vernon, Skagit County",330101,WSU Mt Vernon,2017-11-25 14:16:14.970354
1996-03-28,21:15,45.8,,35.1,66.2,0.0,W@5.4,5.4,46.5,,0.0,0,,"WSU Mt Vernon, Mount Vernon, Skagit County",330101,WSU Mt Vernon,2017-11-25 14:16:14.970354
1996-03-28,21:30,45.6,,35.3,67.1,0.0,W@4.6,4.6,46.5,,0.0,0,,"WSU Mt Vernon, Mount Vernon, Skagit County",330101,WSU Mt Vernon,2017-11-25 14:16:14.970354
1996-03-28,21:45,45.5,,35.6,68.1,0.0,SW@1.9,1.9,46.5,,0.0,0,,"WSU Mt Vernon, Mount Vernon, Skagit County",330101,WSU Mt Vernon,2017-11-25 14:16:14.970354
1996-03-28,22:00,45.4,,35.9,69.1,0.0,E@2.1,2.1,46.5,,0.0,0,,"WSU Mt Vernon, Mount Vernon, Skagit County",330101,WSU Mt Vernon,2017-11-25 14:16:14.970354
1996-03-28,22:15,45.4,,36.0,69.4,0.0,SE@0.9,0.9,46.5,,0.0,0,,"WSU Mt Vernon, Mount Vernon, Skagit County",330101,WSU Mt Vernon,2017-11-25 14:16:14.970354
1996-03-28,22:30,45.7,,35.6,67.7,0.0,E@2.6,2.6,46.5,,0.0,0,,"WSU Mt Vernon, Mount Vernon, Skagit County",330101,WSU Mt Vernon,2017-11-25 14:16:14.970354
1996-03-28,22:45,46.0,,35.9,67.6,0.0,SE@1.6,1.6,46.5,,0.0,0,,"WSU Mt Vernon, Mount Vernon, Skagit County",330101,WSU Mt Vernon,2017-11-25 14:16:14.970354
1996-03-28,23:00,45.8,,36.1,68.7,0.0,E@1.5,1.5,46.5,,0.0,0,,"WSU Mt Vernon, Mount Vernon, Skagit County",330101,WSU Mt Vernon,2017-11-25 14:16:14.970354
1996-03-28,23:15,45.3,,36.5,71.0,0.0,E@1.4,1.4,46.5,,0.0,0,,"WSU Mt Vernon, Mount Vernon, Skagit County",330101,WSU Mt Vernon,2017-11-25 14:16:14.970354
1996-03-28,23:30,45.8,,36.2,69.0,0.0,S@2.6,2.6,46.5,,0.0,0,,"WSU Mt Vernon, Mount Vernon, Skagit County",330101,WSU Mt Vernon,2017-11-25 14:16:14.970354
1996-03-28,23:45,44.7,,38.0,77.2,0.0,SW@3.1,3.1,46.5,,0.0,0,,"WSU Mt Vernon, Mount Vernon, Skagit County",330101,WSU Mt Vernon,2017-11-25 14:16:14.970354
1996-03-28,24:00,,,,0.0,,0.0,99999.0,,,0.0,0,,"WSU Mt Vernon, Mount Vernon, Skagit County",330101,WSU Mt Vernon,2017-11-25 14:16:14.970354
1996-03-29,00:15,45.1,,36.9,73.0,0.0,SW@3.0,3.0,46.5,,0.0,0,,"WSU Mt Vernon, Mount Vernon, Skagit County",330101,WSU Mt Vernon,2017-11-25 14:16:14.970354
1996-03-29,00:30,43.9,,37.5,77.8,0.0,W@2.5,2.5,46.4,,0.0,0,,"WSU Mt Vernon, Mount Vernon, Skagit County",330101,WSU Mt Vernon,2017-11-25 14:16:14.970354
1996-03-29,00:45,43.9,,38.1,79.7,0.0,W@3.6,3.6,46.5,,0.0,0,,"WSU Mt Vernon, Mount Vernon, Skagit County",330101,WSU Mt Vernon,2017-11-25 14:16:14.970354
1996-03-29,01:00,43.5,,38.0,80.6,0.0,W@6.6,6.6,46.4,,0.0,0,,"WSU Mt Vernon, Mount Vernon, Skagit County",330101,WSU Mt Vernon,2017-11-25 14:16:14.970354
1996-03-29,01:15,43.7,,36.8,76.6,0.53,SW@8.2,8.2,46.4,,0.0,0,,"WSU Mt Vernon, Mount Vernon, Skagit County",330101,WSU Mt Vernon,2017-11-25 14:16:14.970354
1996-03-29,01:30,43.4,,37.5,79.5,1.0,S@7.2,7.2,46.4,,0.0,0,,"WSU Mt Vernon, Mount Vernon, Skagit County",330101,WSU Mt Vernon,2017-11-25 14:16:14.970354
1996-03-29,01:45,41.6,,38.7,89.3,1.0,S@6.9,6.9,46.3,,0.0,0,,"WSU Mt Vernon, Mount Vernon, Skagit County",330101,WSU Mt Vernon,2017-11-25 14:16:14.970354
1996-03-29,02:00,40.6,,39.1,94.4,1.0,S@5.9,5.9,46.3,,0.03,0,,"WSU Mt Vernon, Mount Vernon, Skagit County",330101,WSU Mt Vernon,2017-11-25 14:16:14.970354
1996-03-29,02:15,40.2,,39.4,96.9,1.0,S@4.6,4.6,46.2,,0.02,0,,"WSU Mt Vernon, Mount Vernon, Skagit County",330101,WSU Mt Vernon,2017-11-25 14:16:14.970354
1996-03-29,02:30,39.7,,39.1,97.6,1.0,SE@3.2,3.2,46.1,,0.02,0,,"WSU Mt Vernon, Mount Vernon, Skagit County",330101,WSU Mt Vernon,2017-11-25 14:16:14.970354
1996-03-29,02:45,39.4,,39.1,98.8,1.0,E@3.4,3.4,46.1,,0.0,0,,"WSU Mt Vernon, Mount Vernon, Skagit County",330101,WSU Mt Vernon,2017-11-25 14:16:14.970354
1996-03-29,03:00,38.7,,38.6,99.4,1.0,SE@3.2,3.2,46.1,,0.02,0,,"WSU Mt Vernon, Mount Vernon, Skagit County",330101,WSU Mt Vernon,2017-11-25 14:16:14.970354
1996-03-29,03:15,38.4,,38.4,99.9,1.0,E@3.5,3.5,46.1,,0.02,0,,"WSU Mt Vernon, Mount Vernon, Skagit County",330101,WSU Mt Vernon,2017-11-25 14:16:14.970354
1996-03-29,03:30,38.4,,38.4,100.0,1.0,E@2.7,2.7,46.0,,0.0,0,,"WSU Mt Vernon, Mount Vernon, Skagit County",330101,WSU Mt Vernon,2017-11-25 14:16:14.970354
1996-03-29,03:45,38.3,,38.3,99.9,1.0,E@3.5,3.5,46.0,,0.0,0,,"WSU Mt Vernon, Mount Vernon, Skagit County",330101,WSU Mt Vernon,2017-11-25 14:16:14.970354
1996-03-29,04:00,38.2,,38.2,100.0,1.0,E@4.0,4.0,46.0,,0.0,0,,"WSU Mt Vernon, Mount Vernon, Skagit County",330101,WSU Mt Vernon,2017-11-25 14:16:14.970354
1996-03-29,04:15,37.9,,37.9,100.0,1.0,NE@4.2,4.2,46.0,,0.0,0,,"WSU Mt Vernon, Mount Vernon, Skagit County",330101,WSU Mt Vernon,2017-11-25 14:16:14.970354
1996-03-29,04:30,37.2,,37.2,100.0,1.0,E@4.3,4.3,45.9,,0.01,0,,"WSU Mt Vernon, Mount Vernon, Skagit County",330101,WSU Mt Vernon,2017-11-25 14:16:14.970354
1996-03-29,04:45,37.1,,37.1,100.0,1.0,E@4.7,4.7,45.9,,0.01,0,,"WSU Mt Vernon, Mount Vernon, Skagit County",330101,WSU Mt Vernon,2017-11-25 14:16:14.970354
1996-03-29,05:00,37.2,,37.2,100.0,1.0,E@2.8,2.8,45.9,,0.0,0,,"WSU Mt Vernon, Mount Vernon, Skagit County",330101,WSU Mt Vernon,2017-11-25 14:16:14.970354
1996-03-29,05:15,37.2,,37.2,100.0,1.0,NE@1.9,1.9,45.9,,0.01,0,,"WSU Mt Vernon, Mount Vernon, Skagit County",330101,WSU Mt Vernon,2017-11-25 14:16:14.970354
1996-03-29,05:30,37.2,,37.2,100.0,1.0,NE@2.8,2.8,45.8,,0.0,0,,"WSU Mt Vernon, Mount Vernon, Skagit County",330101,WSU Mt Vernon,2017-11-25 14:16:14.970354
1996-03-29,05:45,37.0,,37.0,100.0,1.0,E@3.2,3.2,45.8,,0.0,1,,"WSU Mt Vernon, Mount Vernon, Skagit County",330101,WSU Mt Vernon,2017-11-25 14:16:14.970354
1996-03-29,06:00,36.6,,36.6,100.0,1.0,E@3.0,3.0,45.8,,0.0,1,,"WSU Mt Vernon, Mount Vernon, Skagit County",330101,WSU Mt Vernon,2017-11-25 14:16:14.970354
1996-03-29,06:15,36.9,,36.9,100.0,1.0,E@3.5,3.5,45.8,,0.02,3,,"WSU Mt Vernon, Mount Vernon, Skagit County",330101,WSU Mt Vernon,2017-11-25 14:16:14.970354
1996-03-29,06:30,37.3,,37.3,100.0,1.0,E@1.8,1.8,45.8,,0.0,7,,"WSU Mt Vernon, Mount Vernon, Skagit County",330101,WSU Mt Vernon,2017-11-25 14:16:14.970354
1996-03-29,06:45,37.8,,37.8,100.0,1.0,NE@1.3,1.3,45.8,,0.0,19,,"WSU Mt Vernon, Mount Vernon, Skagit County",330101,WSU Mt Vernon,2017-11-25 14:16:14.970354
1996-03-29,07:00,37.9,,37.9,100.0,1.0,N@1.2,1.2,45.8,,0.0,48,,"WSU Mt Vernon, Mount Vernon, Skagit County",330101,WSU Mt Vernon,2017-11-25 14:16:14.970354
1996-03-29,07:15,38.0,,38.0,100.0,1.0,NE@2.1,2.1,45.7,,0.0,39,,"WSU Mt Vernon, Mount Vernon, Skagit County",330101,WSU Mt Vernon,2017-11-25 14:16:14.970354
1996-03-29,07:30,38.3,,38.3,100.0,1.0,E@0.5,0.5,45.7,,0.0,26,,"WSU Mt Vernon, Mount Vernon, Skagit County",330101,WSU Mt Vernon,2017-11-25 14:16:14.970354
1996-03-29,07:45,39.0,,39.0,100.0,1.0,NE@0.5,0.5,45.7,,0.0,81,,"WSU Mt Vernon, Mount Vernon, Skagit County",330101,WSU Mt Vernon,2017-11-25 14:16:14.970354
1996-03-29,08:00,39.3,,39.3,100.0,1.0,N@0.6,0.6,45.7,,0.0,29,,"WSU Mt Vernon, Mount Vernon, Skagit County",330101,WSU Mt Vernon,2017-11-25 14:16:14.970354
1996-03-29,08:15,39.6,,39.6,100.0,1.0,SE@1.4,1.4,45.7,,0.0,87,,"WSU Mt Vernon, Mount Vernon, Skagit County",330101,WSU Mt Vernon,2017-11-25 14:16:14.970354
1996-03-29,08:30,40.2,,40.2,100.0,1.0,SE@2.7,2.7,45.7,,0.0,195,,"WSU Mt Vernon, Mount Vernon, Skagit County",330101,WSU Mt Vernon,2017-11-25 14:16:14.970354
1996-03-29,08:45,40.8,,40.8,99.8,1.0,SE@2.0,2.0,45.7,,0.0,247,,"WSU Mt Vernon, Mount Vernon, Skagit County",330101,WSU Mt Vernon,2017-11-25 14:16:14.970354
1996-03-29,09:00,41.4,,40.6,96.8,1.0,S@3.6,3.6,45.7,,0.0,190,,"WSU Mt Vernon, Mount Vernon, Skagit County",330101,WSU Mt Vernon,2017-11-25 14:16:14.970354
1996-03-29,09:15,41.4,,40.1,95.1,1.0,S@5.4,5.4,45.6,,0.01,74,,"WSU Mt Vernon, Mount Vernon, Skagit County",330101,WSU Mt Vernon,2017-11-25 14:16:14.970354
1996-03-29,09:30,41.0,,40.2,96.9,1.0,S@5.0,5.0,45.5,,0.01,155,,"WSU Mt Vernon, Mount Vernon, Skagit County",330101,WSU Mt Vernon,2017-11-25 14:16:14.970354
1996-03-29,09:45,41.2,,40.2,96.4,1.0,S@5.3,5.3,45.5,,0.0,147,,"WSU Mt Vernon, Mount Vernon, Skagit County",330101,WSU Mt Vernon,2017-11-25 14:16:14.970354
1996-03-29,10:00,41.2,,40.3,96.4,1.0,S@5.5,5.5,45.4,,0.0,106,,"WSU Mt Vernon, Mount Vernon, Skagit County",330101,WSU Mt Vernon,2017-11-25 14:16:14.970354
1996-03-29,10:15,41.0,,40.4,97.5,1.0,S@4.0,4.0,45.4,,0.0,155,,"WSU Mt Vernon, Mount Vernon, Skagit County",330101,WSU Mt Vernon,2017-11-25 14:16:14.970354
1996-03-29,10:30,41.1,,40.3,97.1,1.0,SE@3.1,3.1,45.4,,0.01,189,,"WSU Mt Vernon, Mount Vernon, Skagit County",330101,WSU Mt Vernon,2017-11-25 14:16:14.970354
1996-03-29,10:45,41.4,,40.5,96.8,1.0,SE@2.9,2.9,45.4,,0.0,186,,"WSU Mt Vernon, Mount Vernon, Skagit County",330101,WSU Mt Vernon,2017-11-25 14:16:14.970354
1996-03-29,11:00,41.3,,40.2,95.7,1.0,S@3.9,3.9,45.4,,0.0,130,,"WSU Mt Vernon, Mount Vernon, Skagit County",330101,WSU Mt Vernon,2017-11-25 14:16:14.970354
1996-03-29,11:15,41.7,,40.2,94.3,1.0,S@4.9,4.9,45.4,,0.0,207,,"WSU Mt Vernon, Mount Vernon, Skagit County",330101,WSU Mt Vernon,2017-11-25 14:16:14.970354
1996-03-29,11:30,42.1,,40.5,93.9,1.0,S@4.1,4.1,45.4,,0.0,263,,"WSU Mt Vernon, Mount Vernon, Skagit County",330101,WSU Mt Vernon,2017-11-25 14:16:14.970354
1996-03-29,11:45,42.4,,40.4,92.6,1.0,S@3.6,3.6,45.5,,0.0,271,,"WSU Mt Vernon, Mount Vernon, Skagit County",330101,WSU Mt Vernon,2017-11-25 14:16:14.970354
1996-03-29,12:00,42.7,,41.0,93.9,1.0,SE@3.1,3.1,45.5,,0.0,203,,"WSU Mt Vernon, Mount Vernon, Skagit County",330101,WSU Mt Vernon,2017-11-25 14:16:14.970354
1996-03-29,12:15,42.7,,40.8,93.0,1.0,S@2.5,2.5,45.5,,0.0,169,,"WSU Mt Vernon, Mount Vernon, Skagit County",330101,WSU Mt Vernon,2017-11-25 14:16:14.970354
1996-03-29,12:30,43.0,,40.6,91.2,1.0,S@1.9,1.9,45.4,,0.0,130,,"WSU Mt Vernon, Mount Vernon, Skagit County",330101,WSU Mt Vernon,2017-11-25 14:16:14.970354
1996-03-29,12:45,42.7,,40.3,90.8,1.0,W@1.3,1.3,45.4,,0.0,71,,"WSU Mt Vernon, Mount Vernon, Skagit County",330101,WSU Mt Vernon,2017-11-25 14:16:14.970354
1996-03-29,13:00,42.8,,41.1,93.4,1.0,N@3.3,3.3,45.4,,0.0,226,,"WSU Mt Vernon, Mount Vernon, Skagit County",330101,WSU Mt Vernon,2017-11-25 14:16:14.970354
1996-03-29,13:15,43.2,,41.4,93.3,1.0,N@3.2,3.2,45.5,,0.0,267,,"WSU Mt Vernon, Mount Vernon, Skagit County",330101,WSU Mt Vernon,2017-11-25 14:16:14.970354
1996-03-29,13:30,43.1,,41.0,92.3,1.0,E@2.6,2.6,45.4,,0.0,223,,"WSU Mt Vernon, Mount Vernon, Skagit County",330101,WSU Mt Vernon,2017-11-25 14:16:14.970354
1996-03-29,13:45,43.6,,41.0,90.6,1.0,E@1.9,1.9,45.5,,0.0,320,,"WSU Mt Vernon, Mount Vernon, Skagit County",330101,WSU Mt Vernon,2017-11-25 14:16:14.970354
1996-03-29,14:00,43.8,,40.9,89.5,1.0,E@1.6,1.6,45.4,,0.0,167,,"WSU Mt Vernon, Mount Vernon, Skagit County",330101,WSU Mt Vernon,2017-11-25 14:16:14.970354
1996-03-29,14:15,43.9,,40.8,88.8,0.88,E@2.3,2.3,45.3,,0.0,163,,"WSU Mt Vernon, Mount Vernon, Skagit County",330101,WSU Mt Vernon,2017-11-25 14:16:14.970354
1996-03-29,14:30,44.4,,40.9,87.4,0.0,E@1.5,1.5,45.5,,0.0,504,,"WSU Mt Vernon, Mount Vernon, Skagit County",330101,WSU Mt Vernon,2017-11-25 14:16:14.970354
1996-03-29,14:45,46.1,,41.4,83.5,0.0,E@2.5,2.5,45.7,,0.0,678,,"WSU Mt Vernon, Mount Vernon, Skagit County",330101,WSU Mt Vernon,2017-11-25 14:16:14.970354
1996-03-29,15:00,46.2,,41.1,82.3,0.0,S@2.3,2.3,45.4,,0.0,184,,"WSU Mt Vernon, Mount Vernon, Skagit County",330101,WSU Mt Vernon,2017-11-25 14:16:14.970354
1996-03-29,15:15,46.4,,40.9,81.2,0.0,E@2.4,2.4,45.4,,0.0,419,,"WSU Mt Vernon, Mount Vernon, Skagit County",330101,WSU Mt Vernon,2017-11-25 14:16:14.970354
1996-03-29,15:30,47.9,,41.1,77.4,0.0,SE@2.4,2.4,45.6,,0.0,527,,"WSU Mt Vernon, Mount Vernon, Skagit County",330101,WSU Mt Vernon,2017-11-25 14:16:14.970354
1996-03-29,15:45,48.1,,40.7,75.2,0.0,S@3.2,3.2,45.4,,0.0,488,,"WSU Mt Vernon, Mount Vernon, Skagit County",330101,WSU Mt Vernon,2017-11-25 14:16:14.970354
1996-03-29,16:00,48.5,,40.2,72.7,0.0,SE@2.2,2.2,45.4,,0.0,430,,"WSU Mt Vernon, Mount Vernon, Skagit County",330101,WSU Mt Vernon,2017-11-25 14:16:14.970354
1996-03-29,16:15,47.7,,39.8,73.7,0.0,SE@2.9,2.9,45.2,,0.0,132,,"WSU Mt Vernon, Mount Vernon, Skagit County",330101,WSU Mt Vernon,2017-11-25 14:16:14.970354
1996-03-29,16:30,47.5,,39.4,73.5,0.0,S@1.7,1.7,45.3,,0.0,131,,"WSU Mt Vernon, Mount Vernon, Skagit County",330101,WSU Mt Vernon,2017-11-25 14:16:14.970354
1996-03-29,16:45,47.6,,39.0,71.8,0.0,S@2.3,2.3,45.4,,0.0,206,,"WSU Mt Vernon, Mount Vernon, Skagit County",330101,WSU Mt Vernon,2017-11-25 14:16:14.970354
1996-03-29,17:00,48.1,,37.5,66.4,0.0,S@2.8,2.8,45.6,,0.0,288,,"WSU Mt Vernon, Mount Vernon, Skagit County",330101,WSU Mt Vernon,2017-11-25 14:16:14.970354
1996-03-29,17:15,48.5,,36.8,63.8,0.0,SE@2.2,2.2,45.6,,0.0,215,,"WSU Mt Vernon, Mount Vernon, Skagit County",330101,WSU Mt Vernon,2017-11-25 14:16:14.970354
1996-03-29,17:30,47.9,,36.5,64.5,0.0,SE@1.3,1.3,45.5,,0.0,94,,"WSU Mt Vernon, Mount Vernon, Skagit County",330101,WSU Mt Vernon,2017-11-25 14:16:14.970354
1996-03-29,17:45,47.7,,37.4,67.3,0.0,E@1.7,1.7,45.6,,0.0,84,,"WSU Mt Vernon, Mount Vernon, Skagit County",330101,WSU Mt Vernon,2017-11-25 14:16:14.970354
1996-03-29,18:00,47.8,,38.8,71.0,0.0,S@2.4,2.4,45.7,,0.0,78,,"WSU Mt Vernon, Mount Vernon, Skagit County",330101,WSU Mt Vernon,2017-11-25 14:16:14.970354
1996-03-29,18:15,47.4,,39.1,72.7,0.0,SE@3.1,3.1,45.8,,0.0,39,,"WSU Mt Vernon, Mount Vernon, Skagit County",330101,WSU Mt Vernon,2017-11-25 14:16:14.970354
1996-03-29,18:30,46.7,,40.6,79.1,0.0,S@3.5,3.5,45.8,,0.0,12,,"WSU Mt Vernon, Mount Vernon, Skagit County",330101,WSU Mt Vernon,2017-11-25 14:16:14.970354
1996-03-29,18:45,45.9,,40.3,80.9,0.0,S@4.1,4.1,45.8,,0.0,2,,"WSU Mt Vernon, Mount Vernon, Skagit County",330101,WSU Mt Vernon,2017-11-25 14:16:14.970354
1996-03-29,19:00,45.3,,39.9,81.1,0.0,S@3.5,3.5,45.8,,0.0,0,,"WSU Mt Vernon, Mount Vernon, Skagit County",330101,WSU Mt Vernon,2017-11-25 14:16:14.970354
1996-03-29,19:15,45.1,,39.6,80.8,0.0,S@2.4,2.4,45.9,,0.0,0,,"WSU Mt Vernon, Mount Vernon, Skagit County",330101,WSU Mt Vernon,2017-11-25 14:16:14.970354
1996-03-29,19:30,44.9,,39.5,81.2,0.0,S@1.9,1.9,46.0,,0.0,0,,"WSU Mt Vernon, Mount Vernon, Skagit County",330101,WSU Mt Vernon,2017-11-25 14:16:14.970354
1996-03-29,19:45,45.0,,39.5,80.9,0.0,SE@4.9,4.9,46.0,,0.0,0,,"WSU Mt Vernon, Mount Vernon, Skagit County",330101,WSU Mt Vernon,2017-11-25 14:16:14.970354
1996-03-29,20:00,44.8,,40.0,83.2,0.0,S@5.9,5.9,46.1,,0.0,0,,"WSU Mt Vernon, Mount Vernon, Skagit County",330101,WSU Mt Vernon,2017-11-25 14:16:14.970354
1996-03-29,20:15,44.1,,40.2,85.9,0.0,S@6.9,6.9,46.1,,0.0,0,,"WSU Mt Vernon, Mount Vernon, Skagit County",330101,WSU Mt Vernon,2017-11-25 14:16:14.970354
1996-03-29,20:30,43.6,,40.0,87.1,0.0,S@6.6,6.6,46.1,,0.0,0,,"WSU Mt Vernon, Mount Vernon, Skagit County",330101,WSU Mt Vernon,2017-11-25 14:16:14.970354
1996-03-29,20:45,43.2,,39.9,88.0,0.0,S@7.9,7.9,46.1,,0.0,0,,"WSU Mt Vernon, Mount Vernon, Skagit County",330101,WSU Mt Vernon,2017-11-25 14:16:14.970354
1996-03-29,21:00,42.9,,39.9,89.1,0.0,S@7.9,7.9,46.2,,0.0,0,,"WSU Mt Vernon, Mount Vernon, Skagit County",330101,WSU Mt Vernon,2017-11-25 14:16:14.970354
1996-03-29,21:15,42.8,,39.8,89.2,0.0,S@7.8,7.8,46.2,,0.0,0,,"WSU Mt Vernon, Mount Vernon, Skagit County",330101,WSU Mt Vernon,2017-11-25 14:16:14.970354
1996-03-29,21:30,42.6,,39.1,87.3,0.0,S@8.3,8.3,46.3,,0.0,0,,"WSU Mt Vernon, Mount Vernon, Skagit County",330101,WSU Mt Vernon,2017-11-25 14:16:14.970354
1996-03-29,21:45,42.1,,38.7,87.6,0.0,S@7.6,7.6,46.3,,0.0,0,,"WSU Mt Vernon, Mount Vernon, Skagit County",330101,WSU Mt Vernon,2017-11-25 14:16:14.970354
1996-03-29,22:00,41.9,,38.6,88.2,0.0,S@6.4,6.4,46.3,,0.0,0,,"WSU Mt Vernon, Mount Vernon, Skagit County",330101,WSU Mt Vernon,2017-11-25 14:16:14.970354
1996-03-29,22:15,41.8,,38.5,87.8,0.0,S@5.5,5.5,46.2,,0.0,0,,"WSU Mt Vernon, Mount Vernon, Skagit County",330101,WSU Mt Vernon,2017-11-25 14:16:14.970354
1996-03-29,22:30,41.9,,38.3,87.1,0.0,S@4.9,4.9,46.3,,0.0,0,,"WSU Mt Vernon, Mount Vernon, Skagit County",330101,WSU Mt Vernon,2017-11-25 14:16:14.970354
1996-03-29,22:45,41.7,,38.0,86.6,0.0,SE@2.1,2.1,46.2,,0.0,0,,"WSU Mt Vernon, Mount Vernon, Skagit County",330101,WSU Mt Vernon,2017-11-25 14:16:14.970354
1996-03-29,23:00,41.7,,38.0,86.4,0.0,S@2.2,2.2,46.3,,0.0,0,,"WSU Mt Vernon, Mount Vernon, Skagit County",330101,WSU Mt Vernon,2017-11-25 14:16:14.970354
1996-03-29,23:15,41.8,,37.8,85.6,0.0,S@1.1,1.1,46.3,,0.0,0,,"WSU Mt Vernon, Mount Vernon, Skagit County",330101,WSU Mt Vernon,2017-11-25 14:16:14.970354
1996-03-29,23:30,41.6,,38.3,88.1,0.57,S@4.5,4.5,46.3,,0.0,0,,"WSU Mt Vernon, Mount Vernon, Skagit County",330101,WSU Mt Vernon,2017-11-25 14:16:14.970354
1996-03-29,23:45,41.0,,38.7,91.6,1.0,SW@4.4,4.4,46.3,,0.0,0,,"WSU Mt Vernon, Mount Vernon, Skagit County",330101,WSU Mt Vernon,2017-11-25 14:16:14.970354
1996-03-29,24:00,,,,0.0,,0.0,99999.0,,,0.0,0,,"WSU Mt Vernon, Mount Vernon, Skagit County",330101,WSU Mt Vernon,2017-11-25 14:16:14.970354
1996-03-30,00:15,41.6,,38.8,89.6,1.0,S@4.8,4.8,46.2,,0.0,0,,"WSU Mt Vernon, Mount Vernon, Skagit County",330101,WSU Mt Vernon,2017-11-25 14:16:14.970354
1996-03-30,00:30,41.9,,38.6,87.9,1.0,S@6.8,6.8,46.2,,0.0,0,,"WSU Mt Vernon, Mount Vernon, Skagit County",330101,WSU Mt Vernon,2017-11-25 14:16:14.970354
1996-03-30,00:45,41.8,,38.5,87.9,0.0,S@4.8,4.8,46.2,,0.0,0,,"WSU Mt Vernon, Mount Vernon, Skagit County",330101,WSU Mt Vernon,2017-11-25 14:16:14.970354
1996-03-30,01:00,41.5,,38.5,88.9,0.0,S@4.4,4.4,46.1,,0.0,0,,"WSU Mt Vernon, Mount Vernon, Skagit County",330101,WSU Mt Vernon,2017-11-25 14:16:14.970354
1996-03-30,01:15,41.7,,38.3,87.6,0.0,S@4.9,4.9,46.2,,0.0,0,,"WSU Mt Vernon, Mount Vernon, Skagit County",330101,WSU Mt Vernon,2017-11-25 14:16:14.970354
1996-03-30,01:30,41.6,,38.2,87.5,0.0,S@5.2,5.2,46.1,,0.0,0,,"WSU Mt Vernon, Mount Vernon, Skagit County",330101,WSU Mt Vernon,2017-11-25 14:16:14.970354
1996-03-30,01:45,41.5,,38.1,87.7,0.0,S@5.0,5.0,46.1,,0.0,0,,"WSU Mt Vernon, Mount Vernon, Skagit County",330101,WSU Mt Vernon,2017-11-25 14:16:14.970354
1996-03-30,02:00,41.5,,38.1,87.5,0.0,S@5.7,5.7,46.1,,0.0,0,,"WSU Mt Vernon, Mount Vernon, Skagit County",330101,WSU Mt Vernon,2017-11-25 14:16:14.970354
1996-03-30,02:15,41.1,,38.0,88.5,0.0,S@5.1,5.1,46.0,,0.0,0,,"WSU Mt Vernon, Mount Vernon, Skagit County",330101,WSU Mt Vernon,2017-11-25 14:16:14.970354
1996-03-30,02:30,40.4,,37.9,90.6,0.0,S@4.4,4.4,46.0,,0.0,0,,"WSU Mt Vernon, Mount Vernon, Skagit County",330101,WSU Mt Vernon,2017-11-25 14:16:14.970354
1996-03-30,02:45,40.8,,37.9,89.4,0.0,S@3.7,3.7,46.0,,0.0,0,,"WSU Mt Vernon, Mount Vernon, Skagit County",330101,WSU Mt Vernon,2017-11-25 14:16:14.970354
1996-03-30,03:00,40.8,,37.8,88.9,0.0,SE@2.8,2.8,46.0,,0.0,0,,"WSU Mt Vernon, Mount Vernon, Skagit County",330101,WSU Mt Vernon,2017-11-25 14:16:14.970354
1996-03-30,03:15,40.2,,37.5,90.0,0.08,SE@1.5,1.5,45.9,,0.0,0,,"WSU Mt Vernon, Mount Vernon, Skagit County",330101,WSU Mt Vernon,2017-11-25 14:16:14.970354
1996-03-30,03:30,40.0,,37.5,90.4,0.0,SE@2.7,2.7,45.8,,0.0,0,,"WSU Mt Vernon, Mount Vernon, Skagit County",330101,WSU Mt Vernon,2017-11-25 14:16:14.970354
1996-03-30,03:45,40.3,,37.4,89.2,0.0,SE@3.2,3.2,45.8,,0.0,0,,"WSU Mt Vernon, Mount Vernon, Skagit County",330101,WSU Mt Vernon,2017-11-25 14:16:14.970354
1996-03-30,04:00,39.4,,37.0,91.1,0.0,SE@1.7,1.7,45.7,,0.0,0,,"WSU Mt Vernon, Mount Vernon, Skagit County",330101,WSU Mt Vernon,2017-11-25 14:16:14.970354
1996-03-30,04:15,39.7,,37.4,91.2,0.0,SE@2.2,2.2,45.7,,0.0,0,,"WSU Mt Vernon, Mount Vernon, Skagit County",330101,WSU Mt Vernon,2017-11-25 14:16:14.970354
1996-03-30,04:30,40.4,,37.6,89.8,0.0,SE@3.5,3.5,45.8,,0.0,0,,"WSU Mt Vernon, Mount Vernon, Skagit County",330101,WSU Mt Vernon,2017-11-25 14:16:14.970354
1996-03-30,04:45,40.3,,37.4,89.5,0.0,SE@3.5,3.5,45.8,,0.0,0,,"WSU Mt Vernon, Mount Vernon, Skagit County",330101,WSU Mt Vernon,2017-11-25 14:16:14.970354
1996-03-30,05:00,40.6,,37.5,88.5,0.0,S@5.2,5.2,45.7,,0.0,0,,"WSU Mt Vernon, Mount Vernon, Skagit County",330101,WSU Mt Vernon,2017-11-25 14:16:14.970354
1996-03-30,05:15,40.4,,37.4,88.9,0.0,SE@4.1,4.1,45.7,,0.0,0,,"WSU Mt Vernon, Mount Vernon, Skagit County",330101,WSU Mt Vernon,2017-11-25 14:16:14.970354
1996-03-30,05:30,40.4,,37.4,88.8,0.0,S@5.5,5.5,45.7,,0.0,0,,"WSU Mt Vernon, Mount Vernon, Skagit County",330101,WSU Mt Vernon,2017-11-25 14:16:14.970354
1996-03-30,05:45,40.4,,37.5,89.1,0.0,S@4.8,4.8,45.6,,0.0,1,,"WSU Mt Vernon, Mount Vernon, Skagit County",330101,WSU Mt Vernon,2017-11-25 14:16:14.970354
1996-03-30,06:00,40.6,,37.6,88.9,0.0,S@5.4,5.4,45.6,,0.0,4,,"WSU Mt Vernon, Mount Vernon, Skagit County",330101,WSU Mt Vernon,2017-11-25 14:16:14.970354
1996-03-30,06:15,40.6,,37.7,89.1,0.0,SE@4.8,4.8,45.5,,0.0,11,,"WSU Mt Vernon, Mount Vernon, Skagit County",330101,WSU Mt Vernon,2017-11-25 14:16:14.970354
1996-03-30,06:30,40.6,,37.7,89.2,0.0,SE@4.6,4.6,45.5,,0.0,29,,"WSU Mt Vernon, Mount Vernon, Skagit County",330101,WSU Mt Vernon,2017-11-25 14:16:14.970354
1996-03-30,06:45,41.4,,38.0,87.8,0.0,SE@5.8,5.8,45.6,,0.0,74,,"WSU Mt Vernon, Mount Vernon, Skagit County",330101,WSU Mt Vernon,2017-11-25 14:16:14.970354
1996-03-30,07:00,42.0,,38.3,86.5,0.0,S@5.5,5.5,45.6,,0.0,71,,"WSU Mt Vernon, Mount Vernon, Skagit County",330101,WSU Mt Vernon,2017-11-25 14:16:14.970354
1996-03-30,07:15,42.2,,38.5,86.6,0.0,S@5.7,5.7,45.5,,0.0,75,,"WSU Mt Vernon, Mount Vernon, Skagit County",330101,WSU Mt Vernon,2017-11-25 14:16:14.970354
1996-03-30,07:30,42.4,,38.6,86.3,0.0,S@5.3,5.3,45.4,,0.0,92,,"WSU Mt Vernon, Mount Vernon, Skagit County",330101,WSU Mt Vernon,2017-11-25 14:16:14.970354
1996-03-30,07:45,42.4,,38.7,86.5,0.0,S@4.8,4.8,45.4,,0.0,92,,"WSU Mt Vernon, Mount Vernon, Skagit County",330101,WSU Mt Vernon,2017-11-25 14:16:14.970354
1996-03-30,08:00,42.8,,38.7,85.3,0.0,S@5.5,5.5,45.4,,0.0,142,,"WSU Mt Vernon, Mount Vernon, Skagit County",330101,WSU Mt Vernon,2017-11-25 14:16:14.970354
1996-03-30,08:15,43.8,,38.9,82.8,0.0,SE@6.3,6.3,45.4,,0.0,231,,"WSU Mt Vernon, Mount Vernon, Skagit County",330101,WSU Mt Vernon,2017-11-25 14:16:14.970354
1996-03-30,08:30,44.3,,39.4,82.5,0.0,SE@7.4,7.4,45.5,,0.0,315,,"WSU Mt Vernon, Mount Vernon, Skagit County",330101,WSU Mt Vernon,2017-11-25 14:16:14.970354
1996-03-30,08:45,44.4,,39.6,82.9,0.0,S@7.4,7.4,45.4,,0.0,224,,"WSU Mt Vernon, Mount Vernon, Skagit County",330101,WSU Mt Vernon,2017-11-25 14:16:14.970354
1996-03-30,09:00,44.9,,39.6,81.4,0.0,S@7.8,7.8,45.4,,0.0,449,,"WSU Mt Vernon, Mount Vernon, Skagit County",330101,WSU Mt Vernon,2017-11-25 14:16:14.970354
1996-03-30,09:15,45.7,,39.9,80.2,0.0,S@7.2,7.2,45.4,,0.0,456,,"WSU Mt Vernon, Mount Vernon, Skagit County",330101,WSU Mt Vernon,2017-11-25 14:16:14.970354
1996-03-30,09:30,46.1,,40.1,79.5,0.0,S@7.6,7.6,45.3,,0.0,417,,"WSU Mt Vernon, Mount Vernon, Skagit County",330101,WSU Mt Vernon,2017-11-25 14:16:14.970354
1996-03-30,09:45,46.3,,39.9,78.4,0.0,S@7.3,7.3,45.2,,0.0,333,,"WSU Mt Vernon, Mount Vernon, Skagit County",330101,WSU Mt Vernon,2017-11-25 14:16:14.970354
1996-03-30,10:00,46.4,,40.0,78.2,0.0,S@6.7,6.7,45.2,,0.0,244,,"WSU Mt Vernon, Mount Vernon, Skagit County",330101,WSU Mt Vernon,2017-11-25 14:16:14.970354
1996-03-30,10:15,46.5,,39.6,76.7,0.0,S@5.8,5.8,45.2,,0.0,205,,"WSU Mt Vernon, Mount Vernon, Skagit County",330101,WSU Mt Vernon,2017-11-25 14:16:14.970354
1996-03-30,10:30,47.0,,39.4,74.7,0.0,S@6.7,6.7,45.2,,0.0,282,,"WSU Mt Vernon, Mount Vernon, Skagit County",330101,WSU Mt Vernon,2017-11-25 14:16:14.970354
1996-03-30,10:45,47.7,,40.2,74.9,0.0,S@6.6,6.6,45.2,,0.0,465,,"WSU Mt Vernon, Mount Vernon, Skagit County",330101,WSU Mt Vernon,2017-11-25 14:16:14.970354
1996-03-30,11:00,48.6,,40.1,72.2,0.0,S@6.8,6.8,45.2,,0.0,498,,"WSU Mt Vernon, Mount Vernon, Skagit County",330101,WSU Mt Vernon,2017-11-25 14:16:14.970354
1996-03-30,11:15,49.6,,40.2,69.9,0.0,S@8.2,8.2,45.2,,0.0,738,,"WSU Mt Vernon, Mount Vernon, Skagit County",330101,WSU Mt Vernon,2017-11-25 14:16:14.970354
1996-03-30,11:30,49.7,,41.6,73.4,0.0,S@9.1,9.1,45.1,,0.0,610,,"WSU Mt Vernon, Mount Vernon, Skagit County",330101,WSU Mt Vernon,2017-11-25 14:16:14.970354
1996-03-30,11:45,50.5,,43.0,75.2,0.0,S@8.6,8.6,45.1,,0.0,790,,"WSU Mt Vernon, Mount Vernon, Skagit County",330101,WSU Mt Vernon,2017-11-25 14:16:14.970354
1996-03-30,12:00,50.6,,41.7,71.3,0.0,S@7.9,7.9,45.0,,0.0,539,,"WSU Mt Vernon, Mount Vernon, Skagit County",330101,WSU Mt Vernon,2017-11-25 14:16:14.970354
1996-03-30,12:15,50.3,,40.7,69.4,0.0,S@6.0,6.0,45.0,,0.0,497,,"WSU Mt Vernon, Mount Vernon, Skagit County",330101,WSU Mt Vernon,2017-11-25 14:16:14.970354
1996-03-30,12:30,51.2,,41.5,69.1,0.0,S@7.8,7.8,45.1,,0.0,856,,"WSU Mt Vernon, Mount Vernon, Skagit County",330101,WSU Mt Vernon,2017-11-25 14:16:14.970354
1996-03-30,12:45,51.4,,41.0,67.6,0.0,S@5.9,5.9,45.1,,0.0,467,,"WSU Mt Vernon, Mount Vernon, Skagit County",330101,WSU Mt Vernon,2017-11-25 14:16:14.970354
1996-03-30,13:00,51.8,,40.9,66.1,0.0,S@5.7,5.7,45.1,,0.0,773,,"WSU Mt Vernon, Mount Vernon, Skagit County",330101,WSU Mt Vernon,2017-11-25 14:16:14.970354
1996-03-30,13:15,52.8,,42.0,66.5,0.0,S@7.6,7.6,45.2,,0.0,786,,"WSU Mt Vernon, Mount Vernon, Skagit County",330101,WSU Mt Vernon,2017-11-25 14:16:14.970354
1996-03-30,13:30,53.1,,41.1,63.6,0.0,SE@6.0,6.0,45.2,,0.0,792,,"WSU Mt Vernon, Mount Vernon, Skagit County",330101,WSU Mt Vernon,2017-11-25 14:16:14.970354
1996-03-30,13:45,52.8,,40.7,63.3,0.0,S@4.7,4.7,45.2,,0.0,830,,"WSU Mt Vernon, Mount Vernon, Skagit County",330101,WSU Mt Vernon,2017-11-25 14:16:14.970354
1996-03-30,14:00,53.4,,40.5,61.4,0.0,S@7.3,7.3,45.2,,0.0,801,,"WSU Mt Vernon, Mount Vernon, Skagit County",330101,WSU Mt Vernon,2017-11-25 14:16:14.970354
1996-03-30,14:15,53.5,,40.4,61.0,0.0,S@8.9,8.9,45.1,,0.0,745,,"WSU Mt Vernon, Mount Vernon, Skagit County",330101,WSU Mt Vernon,2017-11-25 14:16:14.970354
1996-03-30,14:30,53.2,,39.2,58.9,0.0,S@8.8,8.8,45.2,,0.0,680,,"WSU Mt Vernon, Mount Vernon, Skagit County",330101,WSU Mt Vernon,2017-11-25 14:16:14.970354
1996-03-30,14:45,52.9,,37.7,56.1,0.0,S@9.0,9.0,45.2,,0.0,391,,"WSU Mt Vernon, Mount Vernon, Skagit County",330101,WSU Mt Vernon,2017-11-25 14:16:14.970354
1996-03-30,15:00,52.4,,38.2,58.3,0.0,SE@4.6,4.6,45.2,,0.0,277,,"WSU Mt Vernon, Mount Vernon, Skagit County",330101,WSU Mt Vernon,2017-11-25 14:16:14.970354
1996-03-30,15:15,52.2,,37.4,56.8,0.0,SE@4.0,4.0,45.4,,0.0,230,,"WSU Mt Vernon, Mount Vernon, Skagit County",330101,WSU Mt Vernon,2017-11-25 14:16:14.970354
1996-03-30,15:30,52.1,,38.4,59.4,0.0,S@6.1,6.1,45.4,,0.0,333,,"WSU Mt Vernon, Mount Vernon, Skagit County",330101,WSU Mt Vernon,2017-11-25 14:16:14.970354
1996-03-30,15:45,51.9,,37.9,58.8,0.0,S@4.6,4.6,45.6,,0.0,196,,"WSU Mt Vernon, Mount Vernon, Skagit County",330101,WSU Mt Vernon,2017-11-25 14:16:14.970354
1996-03-30,16:00,51.6,,37.9,59.4,0.0,S@4.5,4.5,45.6,,0.0,132,,"WSU Mt Vernon, Mount Vernon, Skagit County",330101,WSU Mt Vernon,2017-11-25 14:16:14.970354
1996-03-30,16:15,51.5,,38.1,60.1,0.0,SE@3.6,3.6,45.7,,0.0,114,,"WSU Mt Vernon, Mount Vernon, Skagit County",330101,WSU Mt Vernon,2017-11-25 14:16:14.970354
1996-03-30,16:30,51.5,,37.8,59.2,0.0,SE@3.6,3.6,45.9,,0.0,158,,"WSU Mt Vernon, Mount Vernon, Skagit County",330101,WSU Mt Vernon,2017-11-25 14:16:14.970354
1996-03-30,16:45,51.4,,37.8,59.6,0.0,SE@3.6,3.6,46.0,,0.0,97,,"WSU Mt Vernon, Mount Vernon, Skagit County",330101,WSU Mt Vernon,2017-11-25 14:16:14.970354
1996-03-30,17:00,50.7,,39.1,64.4,0.0,E@4.9,4.9,46.1,,0.0,70,,"WSU Mt Vernon, Mount Vernon, Skagit County",330101,WSU Mt Vernon,2017-11-25 14:16:14.970354
1996-03-30,17:15,50.0,,38.0,63.2,0.0,SE@5.3,5.3,46.1,,0.0,89,,"WSU Mt Vernon, Mount Vernon, Skagit County",330101,WSU Mt Vernon,2017-11-25 14:16:14.970354
1996-03-30,17:30,50.0,,37.9,63.0,0.0,E@6.0,6.0,46.2,,0.0,61,,"WSU Mt Vernon, Mount Vernon, Skagit County",330101,WSU Mt Vernon,2017-11-25 14:16:14.970354
1996-03-30,17:45,49.6,,38.6,65.8,0.0,E@5.7,5.7,46.3,,0.0,41,,"WSU Mt Vernon, Mount Vernon, Skagit County",330101,WSU Mt Vernon,2017-11-25 14:16:14.970354
1996-03-30,18:00,49.0,,38.4,66.6,0.0,E@5.1,5.1,46.3,,0.0,39,,"WSU Mt Vernon, Mount Vernon, Skagit County",330101,WSU Mt Vernon,2017-11-25 14:16:14.970354
1996-03-30,18:15,48.7,,38.5,67.6,0.0,E@3.9,3.9,46.4,,0.0,22,,"WSU Mt Vernon, Mount Vernon, Skagit County",330101,WSU Mt Vernon,2017-11-25 14:16:14.970354
1996-03-30,18:30,48.6,,38.3,67.3,0.0,E@4.1,4.1,46.5,,0.0,8,,"WSU Mt Vernon, Mount Vernon, Skagit County",330101,WSU Mt Vernon,2017-11-25 14:16:14.970354
1996-03-30,18:45,48.5,,38.0,66.7,0.0,E@5.0,5.0,46.5,,0.0,2,,"WSU Mt Vernon, Mount Vernon, Skagit County",330101,WSU Mt Vernon,2017-11-25 14:16:14.970354
1996-03-30,19:00,48.2,,38.1,67.8,0.0,E@5.1,5.1,46.6,,0.0,0,,"WSU Mt Vernon, Mount Vernon, Skagit County",330101,WSU Mt Vernon,2017-11-25 14:16:14.970354
1996-03-30,19:15,47.9,,38.3,69.2,0.0,E@3.6,3.6,46.6,,0.0,0,,"WSU Mt Vernon, Mount Vernon, Skagit County",330101,WSU Mt Vernon,2017-11-25 14:16:14.970354
1996-03-30,19:30,47.6,,38.3,70.2,0.0,E@4.1,4.1,46.7,,0.0,0,,"WSU Mt Vernon, Mount Vernon, Skagit County",330101,WSU Mt Vernon,2017-11-25 14:16:14.970354
1996-03-30,19:45,47.3,,38.1,70.2,0.0,E@4.5,4.5,46.7,,0.0,0,,"WSU Mt Vernon, Mount Vernon, Skagit County",330101,WSU Mt Vernon,2017-11-25 14:16:14.970354
1996-03-30,20:00,47.1,,38.1,70.6,0.0,E@4.5,4.5,46.8,,0.0,0,,"WSU Mt Vernon, Mount Vernon, Skagit County",330101,WSU Mt Vernon,2017-11-25 14:16:14.970354
1996-03-30,20:15,46.9,,38.2,71.6,0.0,E@4.5,4.5,46.8,,0.0,0,,"WSU Mt Vernon, Mount Vernon, Skagit County",330101,WSU Mt Vernon,2017-11-25 14:16:14.970354
1996-03-30,20:30,46.5,,38.1,72.4,0.0,E@5.3,5.3,46.8,,0.0,0,,"WSU Mt Vernon, Mount Vernon, Skagit County",330101,WSU Mt Vernon,2017-11-25 14:16:14.970354
1996-03-30,20:45,46.4,,38.3,73.1,0.0,E@4.5,4.5,46.9,,0.0,0,,"WSU Mt Vernon, Mount Vernon, Skagit County",330101,WSU Mt Vernon,2017-11-25 14:16:14.970354
1996-03-30,21:00,46.6,,37.9,71.7,0.0,E@4.0,4.0,46.9,,0.0,0,,"WSU Mt Vernon, Mount Vernon, Skagit County",330101,WSU Mt Vernon,2017-11-25 14:16:14.970354
1996-03-30,21:15,46.0,,38.0,73.6,0.0,E@3.8,3.8,46.8,,0.0,0,,"WSU Mt Vernon, Mount Vernon, Skagit County",330101,WSU Mt Vernon,2017-11-25 14:16:14.970354
1996-03-30,21:30,45.1,,38.4,77.4,0.0,E@3.4,3.4,46.9,,0.0,0,,"WSU Mt Vernon, Mount Vernon, Skagit County",330101,WSU Mt Vernon,2017-11-25 14:16:14.970354
1996-03-30,21:45,43.4,,38.9,83.8,0.0,W@3.5,3.5,46.9,,0.0,0,,"WSU Mt Vernon, Mount Vernon, Skagit County",330101,WSU Mt Vernon,2017-11-25 14:16:14.970354
1996-03-30,22:00,43.8,,38.1,80.4,0.0,W@1.5,1.5,46.8,,0.0,0,,"WSU Mt Vernon, Mount Vernon, Skagit County",330101,WSU Mt Vernon,2017-11-25 14:16:14.970354
1996-03-30,22:15,43.2,,38.4,82.8,0.0,NE@0.5,0.5,46.8,,0.0,0,,"WSU Mt Vernon, Mount Vernon, Skagit County",330101,WSU Mt Vernon,2017-11-25 14:16:14.970354
1996-03-30,22:30,41.7,,38.2,87.2,0.0,NE@0.6,0.6,46.7,,0.0,0,,"WSU Mt Vernon, Mount Vernon, Skagit County",330101,WSU Mt Vernon,2017-11-25 14:16:14.970354
1996-03-30,22:45,41.7,,38.3,87.4,0.0,NE@1.1,1.1,46.8,,0.0,0,,"WSU Mt Vernon, Mount Vernon, Skagit County",330101,WSU Mt Vernon,2017-11-25 14:16:14.970354
1996-03-30,23:00,41.9,,38.3,86.8,0.0,N@0.4,0.4,46.8,,0.0,0,,"WSU Mt Vernon, Mount Vernon, Skagit County",330101,WSU Mt Vernon,2017-11-25 14:16:14.970354
1996-03-30,23:15,42.0,,38.5,87.3,0.0,NE@0.5,0.5,46.8,,0.0,0,,"WSU Mt Vernon, Mount Vernon, Skagit County",330101,WSU Mt Vernon,2017-11-25 14:16:14.970354
1996-03-30,23:30,42.5,,38.9,86.9,0.0,NE@1.5,1.5,46.8,,0.0,0,,"WSU Mt Vernon, Mount Vernon, Skagit County",330101,WSU Mt Vernon,2017-11-25 14:16:14.970354
1996-03-30,23:45,43.1,,39.1,85.5,0.0,NE@0.5,0.5,46.9,,0.0,0,,"WSU Mt Vernon, Mount Vernon, Skagit County",330101,WSU Mt Vernon,2017-11-25 14:16:14.970354
1996-03-30,24:00,,,,0.0,,0.0,99999.0,,,0.0,0,,"WSU Mt Vernon, Mount Vernon, Skagit County",330101,WSU Mt Vernon,2017-11-25 14:16:14.970354
1996-03-31,00:15,43.2,,39.1,85.3,0.0,NE@3.6,3.6,46.8,,0.0,0,,"WSU Mt Vernon, Mount Vernon, Skagit County",330101,WSU Mt Vernon,2017-11-25 14:16:14.970354
1996-03-31,00:30,43.6,,39.0,83.7,0.0,NE@4.9,4.9,46.9,,0.0,0,,"WSU Mt Vernon, Mount Vernon, Skagit County",330101,WSU Mt Vernon,2017-11-25 14:16:14.970354
1996-03-31,00:45,43.5,,39.0,83.9,0.0,NE@5.2,5.2,46.8,,0.0,0,,"WSU Mt Vernon, Mount Vernon, Skagit County",330101,WSU Mt Vernon,2017-11-25 14:16:14.970354
1996-03-31,01:00,43.3,,38.9,84.4,0.0,NE@5.0,5.0,46.8,,0.0,0,,"WSU Mt Vernon, Mount Vernon, Skagit County",330101,WSU Mt Vernon,2017-11-25 14:16:14.970354
1996-03-31,01:15,43.3,,38.7,83.6,0.0,NE@3.7,3.7,46.7,,0.0,0,,"WSU Mt Vernon, Mount Vernon, Skagit County",330101,WSU Mt Vernon,2017-11-25 14:16:14.970354
1996-03-31,01:30,43.0,,38.6,84.3,0.0,NE@3.0,3.0,46.7,,0.0,0,,"WSU Mt Vernon, Mount Vernon, Skagit County",330101,WSU Mt Vernon,2017-11-25 14:16:14.970354
1996-03-31,01:45,43.1,,38.5,83.7,0.0,NE@2.0,2.0,46.7,,0.0,0,,"WSU Mt Vernon, Mount Vernon, Skagit County",330101,WSU Mt Vernon,2017-11-25 14:16:14.970354
1996-03-31,02:00,42.8,,38.6,85.1,0.0,NE@2.2,2.2,46.7,,0.0,0,,"WSU Mt Vernon, Mount Vernon, Skagit County",330101,WSU Mt Vernon,2017-11-25 14:16:14.970354
1996-03-31,02:15,42.8,,38.4,84.2,0.0,SE@0.7,0.7,46.6,,0.0,0,,"WSU Mt Vernon, Mount Vernon, Skagit County",330101,WSU Mt Vernon,2017-11-25 14:16:14.970354
1996-03-31,02:30,43.1,,38.3,83.1,0.0,NE@2.1,2.1,46.6,,0.0,0,,"WSU Mt Vernon, Mount Vernon, Skagit County",330101,WSU Mt Vernon,2017-11-25 14:16:14.970354
1996-03-31,02:45,42.9,,38.7,85.0,0.0,E@2.0,2.0,46.6,,0.0,0,,"WSU Mt Vernon, Mount Vernon, Skagit County",330101,WSU Mt Vernon,2017-11-25 14:16:14.970354
1996-03-31,03:00,42.8,,38.8,85.3,0.0,E@1.2,1.2,46.6,,0.0,0,,"WSU Mt Vernon, Mount Vernon, Skagit County",330101,WSU Mt Vernon,2017-11-25 14:16:14.970354
1996-03-31,03:15,42.8,,38.9,85.8,0.0,E@0.8,0.8,46.5,,0.0,0,,"WSU Mt Vernon, Mount Vernon, Skagit County",330101,WSU Mt Vernon,2017-11-25 14:16:14.970354
1996-03-31,03:30,41.7,,39.1,90.4,0.0,NE@1.7,1.7,46.5,,0.0,0,,"WSU Mt Vernon, Mount Vernon, Skagit County",330101,WSU Mt Vernon,2017-11-25 14:16:14.970354
1996-03-31,03:45,41.7,,38.9,89.6,0.0,NE@2.7,2.7,46.4,,0.0,0,,"WSU Mt Vernon, Mount Vernon, Skagit County",330101,WSU Mt Vernon,2017-11-25 14:16:14.970354
1996-03-31,04:00,42.0,,38.3,86.6,0.0,NE@5.2,5.2,46.4,,0.0,0,,"WSU Mt Vernon, Mount Vernon, Skagit County",330101,WSU Mt Vernon,2017-11-25 14:16:14.970354
1996-03-31,04:15,41.9,,37.9,85.6,0.0,NE@5.4,5.4,46.3,,0.0,0,,"WSU Mt Vernon, Mount Vernon, Skagit County",330101,WSU Mt Vernon,2017-11-25 14:16:14.970354
1996-03-31,04:30,41.6,,37.9,86.7,0.0,E@4.6,4.6,46.3,,0.0,0,,"WSU Mt Vernon, Mount Vernon, Skagit County",330101,WSU Mt Vernon,2017-11-25 14:16:14.970354
1996-03-31,04:45,41.5,,37.8,86.8,0.0,E@4.4,4.4,46.2,,0.0,0,,"WSU Mt Vernon, Mount Vernon, Skagit County",330101,WSU Mt Vernon,2017-11-25 14:16:14.970354
1996-03-31,05:00,40.9,,37.6,87.8,0.0,E@3.7,3.7,46.2,,0.0,0,,"WSU Mt Vernon, Mount Vernon, Skagit County",330101,WSU Mt Vernon,2017-11-25 14:16:14.970354
1996-03-31,05:15,41.2,,37.3,85.8,0.0,E@3.3,3.3,46.2,,0.0,0,,"WSU Mt Vernon, Mount Vernon, Skagit County",330101,WSU Mt Vernon,2017-11-25 14:16:14.970354
1996-03-31,05:30,41.8,,37.4,84.3,0.0,E@4.4,4.4,46.2,,0.0,0,,"WSU Mt Vernon, Mount Vernon, Skagit County",330101,WSU Mt Vernon,2017-11-25 14:16:14.970354
1996-03-31,05:45,41.7,,37.3,84.4,0.0,NE@4.9,4.9,46.2,,0.0,1,,"WSU Mt Vernon, Mount Vernon, Skagit County",330101,WSU Mt Vernon,2017-11-25 14:16:14.970354
1996-03-31,06:00,41.9,,37.3,83.6,0.0,NE@5.5,5.5,46.1,,0.0,3,,"WSU Mt Vernon, Mount Vernon, Skagit County",330101,WSU Mt Vernon,2017-11-25 14:16:14.970354
1996-03-31,06:15,42.1,,37.5,83.5,0.0,NE@5.3,5.3,46.1,,0.0,14,,"WSU Mt Vernon, Mount Vernon, Skagit County",330101,WSU Mt Vernon,2017-11-25 14:16:14.970354
1996-03-31,06:30,42.1,,37.6,84.0,0.0,NE@5.5,5.5,46.1,,0.0,25,,"WSU Mt Vernon, Mount Vernon, Skagit County",330101,WSU Mt Vernon,2017-11-25 14:16:14.970354
1996-03-31,06:45,42.2,,37.7,84.1,0.0,NE@5.5,5.5,46.1,,0.0,46,,"WSU Mt Vernon, Mount Vernon, Skagit County",330101,WSU Mt Vernon,2017-11-25 14:16:14.970354
1996-03-31,07:00,42.4,,37.7,83.1,0.0,NE@5.4,5.4,46.1,,0.0,76,,"WSU Mt Vernon, Mount Vernon, Skagit County",330101,WSU Mt Vernon,2017-11-25 14:16:14.970354
1996-03-31,07:15,43.1,,37.7,81.2,0.0,NE@5.1,5.1,46.1,,0.0,94,,"WSU Mt Vernon, Mount Vernon, Skagit County",330101,WSU Mt Vernon,2017-11-25 14:16:14.970354
1996-03-31,07:30,43.4,,37.7,80.1,0.0,NE@5.7,5.7,46.1,,0.0,110,,"WSU Mt Vernon, Mount Vernon, Skagit County",330101,WSU Mt Vernon,2017-11-25 14:16:14.970354
1996-03-31,07:45,44.0,,37.6,78.1,0.0,NE@5.6,5.6,46.1,,0.0,115,,"WSU Mt Vernon, Mount Vernon, Skagit County",330101,WSU Mt Vernon,2017-11-25 14:16:14.970354
1996-03-31,08:00,44.7,,37.2,74.9,0.0,E@6.4,6.4,46.1,,0.0,151,,"WSU Mt Vernon, Mount Vernon, Skagit County",330101,WSU Mt Vernon,2017-11-25 14:16:14.970354
1996-03-31,08:15,45.4,,37.5,73.7,0.0,NE@6.3,6.3,46.1,,0.0,180,,"WSU Mt Vernon, Mount Vernon, Skagit County",330101,WSU Mt Vernon,2017-11-25 14:16:14.970354
1996-03-31,08:30,46.0,,37.5,72.1,0.0,NE@6.0,6.0,46.1,,0.0,188,,"WSU Mt Vernon, Mount Vernon, Skagit County",330101,WSU Mt Vernon,2017-11-25 14:16:14.970354
1996-03-31,08:45,46.3,,37.7,71.6,0.0,NE@5.9,5.9,46.1,,0.0,167,,"WSU Mt Vernon, Mount Vernon, Skagit County",330101,WSU Mt Vernon,2017-11-25 14:16:14.970354
1996-03-31,09:00,46.8,,38.2,71.8,0.0,NE@5.2,5.2,46.1,,0.0,245,,"WSU Mt Vernon, Mount Vernon, Skagit County",330101,WSU Mt Vernon,2017-11-25 14:16:14.970354
1996-03-31,09:15,47.2,,38.2,70.7,0.0,NE@6.0,6.0,46.0,,0.0,211,,"WSU Mt Vernon, Mount Vernon, Skagit County",330101,WSU Mt Vernon,2017-11-25 14:16:14.970354
1996-03-31,09:30,47.7,,38.1,69.3,0.0,E@5.1,5.1,46.0,,0.0,242,,"WSU Mt Vernon, Mount Vernon, Skagit County",330101,WSU Mt Vernon,2017-11-25 14:16:14.970354
1996-03-31,09:45,48.2,,38.5,68.8,0.0,E@5.2,5.2,46.0,,0.0,217,,"WSU Mt Vernon, Mount Vernon, Skagit County",330101,WSU Mt Vernon,2017-11-25 14:16:14.970354
1996-03-31,10:00,49.3,,37.4,63.5,0.0,NE@7.0,7.0,46.0,,0.0,162,,"WSU Mt Vernon, Mount Vernon, Skagit County",330101,WSU Mt Vernon,2017-11-25 14:16:14.970354
1996-03-31,10:15,49.7,,37.1,61.6,0.0,E@6.2,6.2,45.9,,0.0,111,,"WSU Mt Vernon, Mount Vernon, Skagit County",330101,WSU Mt Vernon,2017-11-25 14:16:14.970354
1996-03-31,10:30,49.8,,36.8,60.6,0.0,E@4.5,4.5,45.9,,0.0,137,,"WSU Mt Vernon, Mount Vernon, Skagit County",330101,WSU Mt Vernon,2017-11-25 14:16:14.970354
1996-03-31,10:45,49.9,,37.6,62.4,0.16,E@2.4,2.4,45.9,,0.0,126,,"WSU Mt Vernon, Mount Vernon, Skagit County",330101,WSU Mt Vernon,2017-11-25 14:16:14.970354
1996-03-31,11:00,50.4,,37.7,61.5,0.24,SE@0.5,0.5,45.9,,0.0,145,,"WSU Mt Vernon, Mount Vernon, Skagit County",330101,WSU Mt Vernon,2017-11-25 14:16:14.970354
1996-03-31,11:15,50.5,,38.0,62.1,0.27,E@1.0,1.0,45.9,,0.0,94,,"WSU Mt Vernon, Mount Vernon, Skagit County",330101,WSU Mt Vernon,2017-11-25 14:16:14.970354
1996-03-31,11:30,49.3,,41.0,72.8,1.0,E@3.1,3.1,45.8,,0.0,151,,"WSU Mt Vernon, Mount Vernon, Skagit County",330101,WSU Mt Vernon,2017-11-25 14:16:14.970354
1996-03-31,11:45,49.7,,42.1,74.7,1.0,NE@6.5,6.5,45.7,,0.0,214,,"WSU Mt Vernon, Mount Vernon, Skagit County",330101,WSU Mt Vernon,2017-11-25 14:16:14.970354
1996-03-31,12:00,49.6,,41.5,73.4,1.0,NE@8.1,8.1,45.8,,0.0,170,,"WSU Mt Vernon, Mount Vernon, Skagit County",330101,WSU Mt Vernon,2017-11-25 14:16:14.970354
1996-03-31,12:15,49.3,,41.1,73.0,1.0,NE@7.9,7.9,45.8,,0.0,177,,"WSU Mt Vernon, Mount Vernon, Skagit County",330101,WSU Mt Vernon,2017-11-25 14:16:14.970354
1996-03-31,12:30,49.8,,41.6,73.2,1.0,NE@6.9,6.9,45.8,,0.0,186,,"WSU Mt Vernon, Mount Vernon, Skagit County",330101,WSU Mt Vernon,2017-11-25 14:16:14.970354
1996-03-31,12:45,50.5,,42.5,73.9,1.0,NE@6.2,6.2,45.7,,0.0,161,,"WSU Mt Vernon, Mount Vernon, Skagit County",330101,WSU Mt Vernon,2017-11-25 14:16:14.970354
1996-03-31,13:00,50.9,,42.8,73.7,0.89,NE@6.4,6.4,45.8,,0.0,128,,"WSU Mt Vernon, Mount Vernon, Skagit County",330101,WSU Mt Vernon,2017-11-25 14:16:14.970354
1996-03-31,13:15,50.5,,42.5,73.9,0.0,E@6.9,6.9,45.8,,0.0,134,,"WSU Mt Vernon, Mount Vernon, Skagit County",330101,WSU Mt Vernon,2017-11-25 14:16:14.970354
1996-03-31,13:30,51.1,,43.7,75.6,0.57,E@4.2,4.2,45.8,,0.0,122,,"WSU Mt Vernon, Mount Vernon, Skagit County",330101,WSU Mt Vernon,2017-11-25 14:16:14.970354
1996-03-31,13:45,52.1,,43.8,73.3,0.34,SE@4.3,4.3,45.8,,0.0,128,,"WSU Mt Vernon, Mount Vernon, Skagit County",330101,WSU Mt Vernon,2017-11-25 14:16:14.970354
1996-03-31,14:00,53.1,,43.6,70.1,0.0,E@4.6,4.6,45.9,,0.0,104,,"WSU Mt Vernon, Mount Vernon, Skagit County",330101,WSU Mt Vernon,2017-11-25 14:16:14.970354
1996-03-31,14:15,53.2,,43.8,70.3,0.0,SE@4.4,4.4,45.9,,0.0,87,,"WSU Mt Vernon, Mount Vernon, Skagit County",330101,WSU Mt Vernon,2017-11-25 14:16:14.970354
1996-03-31,14:30,53.0,,44.3,72.1,0.0,SE@4.1,4.1,45.9,,0.0,96,,"WSU Mt Vernon, Mount Vernon, Skagit County",330101,WSU Mt Vernon,2017-11-25 14:16:14.970354
1996-03-31,14:45,52.5,,44.6,74.2,0.0,SE@5.1,5.1,45.9,,0.0,98,,"WSU Mt Vernon, Mount Vernon, Skagit County",330101,WSU Mt Vernon,2017-11-25 14:16:14.970354
1996-03-31,15:00,52.1,,44.6,75.5,0.0,E@6.9,6.9,45.9,,0.0,95,,"WSU Mt Vernon, Mount Vernon, Skagit County",330101,WSU Mt Vernon,2017-11-25 14:16:14.970354
1996-03-31,15:15,51.9,,44.6,75.9,0.0,E@8.7,8.7,45.9,,0.0,83,,"WSU Mt Vernon, Mount Vernon, Skagit County",330101,WSU Mt Vernon,2017-11-25 14:16:14.970354
1996-03-31,15:30,52.2,,45.3,77.1,0.0,E@7.7,7.7,45.9,,0.0,85,,"WSU Mt Vernon, Mount Vernon, Skagit County",330101,WSU Mt Vernon,2017-11-25 14:16:14.970354
1996-03-31,15:45,52.7,,45.4,76.2,0.0,SE@6.4,6.4,45.9,,0.0,94,,"WSU Mt Vernon, Mount Vernon, Skagit County",330101,WSU Mt Vernon,2017-11-25 14:16:14.970354
1996-03-31,16:00,52.8,,45.8,77.0,0.0,E@6.6,6.6,46.0,,0.0,57,,"WSU Mt Vernon, Mount Vernon, Skagit County",330101,WSU Mt Vernon,2017-11-25 14:16:14.970354
1996-03-31,16:15,53.1,,46.6,78.4,0.43,SE@5.3,5.3,46.0,,0.0,34,,"WSU Mt Vernon, Mount Vernon, Skagit County",330101,WSU Mt Vernon,2017-11-25 14:16:14.970354
1996-03-31,16:30,53.3,,47.6,80.9,0.73,SE@5.8,5.8,46.0,,0.0,30,,"WSU Mt Vernon, Mount Vernon, Skagit County",330101,WSU Mt Vernon,2017-11-25 14:16:14.970354
1996-03-31,16:45,53.3,,48.2,82.7,1.0,SE@7.3,7.3,46.0,,0.01,24,,"WSU Mt Vernon, Mount Vernon, Skagit County",330101,WSU Mt Vernon,2017-11-25 14:16:14.970354
1996-03-31,17:00,52.3,,48.5,86.9,1.0,SE@6.6,6.6,46.0,,0.0,15,,"WSU Mt Vernon, Mount Vernon, Skagit County",330101,WSU Mt Vernon,2017-11-25 14:16:14.970354
1996-03-31,17:15,51.7,,48.6,88.9,1.0,SE@4.7,4.7,46.1,,0.01,14,,"WSU Mt Vernon, Mount Vernon, Skagit County",330101,WSU Mt Vernon,2017-11-25 14:16:14.970354
1996-03-31,17:30,51.8,,48.7,89.0,1.0,SE@5.0,5.0,46.1,,0.0,12,,"WSU Mt Vernon, Mount Vernon, Skagit County",330101,WSU Mt Vernon,2017-11-25 14:16:14.970354
1996-03-31,17:45,52.4,,48.1,85.3,1.0,SE@5.9,5.9,46.1,,0.0,11,,"WSU Mt Vernon, Mount Vernon, Skagit County",330101,WSU Mt Vernon,2017-11-25 14:16:14.970354
1996-03-31,18:00,52.6,,47.9,83.9,1.0,SE@6.7,6.7,46.1,,0.0,8,,"WSU Mt Vernon, Mount Vernon, Skagit County",330101,WSU Mt Vernon,2017-11-25 14:16:14.970354
1996-03-31,18:15,52.4,,47.5,83.3,1.0,SE@5.9,5.9,46.2,,0.0,8,,"WSU Mt Vernon, Mount Vernon, Skagit County",330101,WSU Mt Vernon,2017-11-25 14:16:14.970354
1996-03-31,18:30,52.6,,47.0,81.1,0.48,SE@7.9,7.9,46.2,,0.0,8,,"WSU Mt Vernon, Mount Vernon, Skagit County",330101,WSU Mt Vernon,2017-11-25 14:16:14.970354
1996-03-31,18:45,52.2,,47.0,82.3,0.0,SE@8.5,8.5,46.2,,0.0,1,,"WSU Mt Vernon, Mount Vernon, Skagit County",330101,WSU Mt Vernon,2017-11-25 14:16:14.970354
1996-03-31,19:00,52.1,,46.8,82.1,0.0,S@10.5,10.5,46.3,,0.0,0,,"WSU Mt Vernon, Mount Vernon, Skagit County",330101,WSU Mt Vernon,2017-11-25 14:16:14.970354
1996-03-31,19:15,51.9,,46.8,82.6,0.0,SE@7.5,7.5,46.2,,0.0,0,,"WSU Mt Vernon, Mount Vernon, Skagit County",330101,WSU Mt Vernon,2017-11-25 14:16:14.970354
1996-03-31,19:30,52.0,,46.5,81.5,0.0,SE@6.7,6.7,46.3,,0.0,0,,"WSU Mt Vernon, Mount Vernon, Skagit County",330101,WSU Mt Vernon,2017-11-25 14:16:14.970354
1996-03-31,19:45,51.7,,46.5,82.3,0.0,S@7.7,7.7,46.3,,0.0,0,,"WSU Mt Vernon, Mount Vernon, Skagit County",330101,WSU Mt Vernon,2017-11-25 14:16:14.970354
1996-03-31,20:00,51.6,,46.3,81.9,0.0,SE@5.2,5.2,46.3,,0.0,0,,"WSU Mt Vernon, Mount Vernon, Skagit County",330101,WSU Mt Vernon,2017-11-25 14:16:14.970354
1996-03-31,20:15,51.6,,46.2,81.8,0.0,SE@6.3,6.3,46.3,,0.0,0,,"WSU Mt Vernon, Mount Vernon, Skagit County",330101,WSU Mt Vernon,2017-11-25 14:16:14.970354
1996-03-31,20:30,51.2,,46.5,83.8,0.0,SE@6.7,6.7,46.3,,0.0,0,,"WSU Mt Vernon, Mount Vernon, Skagit County",330101,WSU Mt Vernon,2017-11-25 14:16:14.970354
1996-03-31,20:45,50.8,,46.8,86.0,0.0,SE@7.1,7.1,46.3,,0.0,0,,"WSU Mt Vernon, Mount Vernon, Skagit County",330101,WSU Mt Vernon,2017-11-25 14:16:14.970354
1996-03-31,21:00,50.5,,46.9,87.5,0.0,SE@7.4,7.4,46.3,,0.0,0,,"WSU Mt Vernon, Mount Vernon, Skagit County",330101,WSU Mt Vernon,2017-11-25 14:16:14.970354
1996-03-31,21:15,50.4,,46.9,87.9,0.0,S@7.0,7.0,46.4,,0.0,0,,"WSU Mt Vernon, Mount Vernon, Skagit County",330101,WSU Mt Vernon,2017-11-25 14:16:14.970354
1996-03-31,21:30,50.5,,46.7,86.8,0.0,S@7.2,7.2,46.4,,0.0,0,,"WSU Mt Vernon, Mount Vernon, Skagit County",330101,WSU Mt Vernon,2017-11-25 14:16:14.970354
1996-03-31,21:45,50.5,,46.5,85.8,0.0,SE@6.2,6.2,46.4,,0.0,0,,"WSU Mt Vernon, Mount Vernon, Skagit County",330101,WSU Mt Vernon,2017-11-25 14:16:14.970354
1996-03-31,22:00,50.6,,46.2,84.8,0.0,SE@5.2,5.2,46.4,,0.0,0,,"WSU Mt Vernon, Mount Vernon, Skagit County",330101,WSU Mt Vernon,2017-11-25 14:16:14.970354
1996-03-31,22:15,50.5,,45.9,83.9,0.0,SE@6.2,6.2,46.4,,0.0,0,,"WSU Mt Vernon, Mount Vernon, Skagit County",330101,WSU Mt Vernon,2017-11-25 14:16:14.970354
1996-03-31,22:30,50.4,,45.6,83.4,0.0,SE@5.5,5.5,46.5,,0.0,0,,"WSU Mt Vernon, Mount Vernon, Skagit County",330101,WSU Mt Vernon,2017-11-25 14:16:14.970354
1996-03-31,22:45,50.4,,45.5,83.0,0.0,SE@5.2,5.2,46.5,,0.0,0,,"WSU Mt Vernon, Mount Vernon, Skagit County",330101,WSU Mt Vernon,2017-11-25 14:16:14.970354
1996-03-31,23:00,50.4,,45.4,82.9,0.0,SE@5.5,5.5,46.5,,0.0,0,,"WSU Mt Vernon, Mount Vernon, Skagit County",330101,WSU Mt Vernon,2017-11-25 14:16:14.970354
1996-03-31,23:15,50.3,,45.4,83.1,0.0,SE@4.6,4.6,46.5,,0.0,0,,"WSU Mt Vernon, Mount Vernon, Skagit County",330101,WSU Mt Vernon,2017-11-25 14:16:14.970354
1996-03-31,23:30,50.5,,45.3,82.3,0.0,SE@5.2,5.2,46.5,,0.0,0,,"WSU Mt Vernon, Mount Vernon, Skagit County",330101,WSU Mt Vernon,2017-11-25 14:16:14.970354
1996-03-31,23:45,50.6,,45.1,81.5,0.0,SE@4.7,4.7,46.5,,0.0,0,,"WSU Mt Vernon, Mount Vernon, Skagit County",330101,WSU Mt Vernon,2017-11-25 14:16:14.970354
1996-03-31,24:00,,,,0.0,,0.0,99999.0,,,0.0,0,,"WSU Mt Vernon, Mount Vernon, Skagit County",330101,WSU Mt Vernon,2017-11-25 14:16:14.970354
1996-04-01,00:15,50.6,,44.8,80.2,0.0,SE@4.1,4.1,46.5,,0.0,0,,"WSU Mt Vernon, Mount Vernon, Skagit County",330101,WSU Mt Vernon,2017-11-25 14:16:14.970354
1996-04-01,00:30,50.5,,44.6,80.1,0.0,SE@3.7,3.7,46.5,,0.0,0,,"WSU Mt Vernon, Mount Vernon, Skagit County",330101,WSU Mt Vernon,2017-11-25 14:16:14.970354
1996-04-01,00:45,50.5,,44.6,79.9,0.0,SE@3.5,3.5,46.5,,0.0,0,,"WSU Mt Vernon, Mount Vernon, Skagit County",330101,WSU Mt Vernon,2017-11-25 14:16:14.970354
1996-04-01,01:00,50.6,,44.4,79.3,0.0,SE@3.3,3.3,46.5,,0.0,0,,"WSU Mt Vernon, Mount Vernon, Skagit County",330101,WSU Mt Vernon,2017-11-25 14:16:14.970354
1996-04-01,01:15,50.6,,44.4,79.3,0.0,SE@3.0,3.0,46.5,,0.0,0,,"WSU Mt Vernon, Mount Vernon, Skagit County",330101,WSU Mt Vernon,2017-11-25 14:16:14.970354
1996-04-01,01:30,50.5,,44.4,79.3,0.0,SE@2.5,2.5,46.5,,0.0,0,,"WSU Mt Vernon, Mount Vernon, Skagit County",330101,WSU Mt Vernon,2017-11-25 14:16:14.970354
1996-04-01,01:45,50.6,,44.1,78.4,0.0,SE@3.2,3.2,46.5,,0.0,0,,"WSU Mt Vernon, Mount Vernon, Skagit County",330101,WSU Mt Vernon,2017-11-25 14:16:14.970354
1996-04-01,02:00,50.7,,44.0,77.8,0.0,S@3.1,3.1,46.6,,0.0,0,,"WSU Mt Vernon, Mount Vernon, Skagit County",330101,WSU Mt Vernon,2017-11-25 14:16:14.970354
1996-04-01,02:15,50.3,,44.2,79.4,0.0,SE@0.8,0.8,46.5,,0.0,0,,"WSU Mt Vernon, Mount Vernon, Skagit County",330101,WSU Mt Vernon,2017-11-25 14:16:14.970354
1996-04-01,02:30,48.1,,43.9,85.4,0.0,NE@2.0,2.0,46.5,,0.0,0,,"WSU Mt Vernon, Mount Vernon, Skagit County",330101,WSU Mt Vernon,2017-11-25 14:16:14.970354
1996-04-01,02:45,46.9,,43.8,88.9,0.0,NE@1.3,1.3,46.4,,0.0,0,,"WSU Mt Vernon, Mount Vernon, Skagit County",330101,WSU Mt Vernon,2017-11-25 14:16:14.970354
1996-04-01,03:00,46.4,,43.7,90.0,0.0,NE@3.1,3.1,46.4,,0.0,0,,"WSU Mt Vernon, Mount Vernon, Skagit County",330101,WSU Mt Vernon,2017-11-25 14:16:14.970354
1996-04-01,03:15,46.0,,43.4,90.7,0.0,NE@3.3,3.3,46.3,,0.0,0,,"WSU Mt Vernon, Mount Vernon, Skagit County",330101,WSU Mt Vernon,2017-11-25 14:16:14.970354
1996-04-01,03:30,45.6,,43.2,91.1,0.0,NE@3.7,3.7,46.3,,0.0,0,,"WSU Mt Vernon, Mount Vernon, Skagit County",330101,WSU Mt Vernon,2017-11-25 14:16:14.970354
1996-04-01,03:45,45.7,,43.1,90.4,0.01,NE@5.7,5.7,46.3,,0.0,0,,"WSU Mt Vernon, Mount Vernon, Skagit County",330101,WSU Mt Vernon,2017-11-25 14:16:14.970354
1996-04-01,04:00,45.8,,43.2,90.6,1.0,NE@4.8,4.8,46.3,,0.0,0,,"WSU Mt Vernon, Mount Vernon, Skagit County",330101,WSU Mt Vernon,2017-11-25 14:16:14.970354
1996-04-01,04:15,45.5,,43.3,91.7,1.0,E@3.4,3.4,46.3,,0.0,0,,"WSU Mt Vernon, Mount Vernon, Skagit County",330101,WSU Mt Vernon,2017-11-25 14:16:14.970354
1996-04-01,04:30,45.4,,43.5,93.0,1.0,NE@3.6,3.6,46.3,,0.0,0,,"WSU Mt Vernon, Mount Vernon, Skagit County",330101,WSU Mt Vernon,2017-11-25 14:16:14.970354
1996-04-01,04:45,45.3,,43.5,93.5,1.0,NE@4.1,4.1,46.4,,0.0,0,,"WSU Mt Vernon, Mount Vernon, Skagit County",330101,WSU Mt Vernon,2017-11-25 14:16:14.970354
1996-04-01,05:00,45.5,,43.5,92.7,1.0,NE@4.7,4.7,46.3,,0.0,0,,"WSU Mt Vernon, Mount Vernon, Skagit County",330101,WSU Mt Vernon,2017-11-25 14:16:14.970354
1996-04-01,05:15,45.7,,43.7,92.6,1.0,NE@4.9,4.9,46.4,,0.0,0,,"WSU Mt Vernon, Mount Vernon, Skagit County",330101,WSU Mt Vernon,2017-11-25 14:16:14.970354
1996-04-01,05:30,45.8,,43.7,92.4,1.0,NE@6.2,6.2,46.4,,0.0,0,,"WSU Mt Vernon, Mount Vernon, Skagit County",330101,WSU Mt Vernon,2017-11-25 14:16:14.970354
1996-04-01,05:45,45.8,,43.8,92.7,1.0,E@4.6,4.6,46.4,,0.0,0,,"WSU Mt Vernon, Mount Vernon, Skagit County",330101,WSU Mt Vernon,2017-11-25 14:16:14.970354
1996-04-01,06:00,45.6,,44.0,93.9,1.0,NE@4.3,4.3,46.4,,0.0,1,,"WSU Mt Vernon, Mount Vernon, Skagit County",330101,WSU Mt Vernon,2017-11-25 14:16:14.970354
1996-04-01,06:15,45.6,,44.1,94.6,1.0,NE@3.5,3.5,46.3,,0.0,6,,"WSU Mt Vernon, Mount Vernon, Skagit County",330101,WSU Mt Vernon,2017-11-25 14:16:14.970354
1996-04-01,06:30,45.8,,44.1,93.7,1.0,NE@4.1,4.1,46.4,,0.0,7,,"WSU Mt Vernon, Mount Vernon, Skagit County",330101,WSU Mt Vernon,2017-11-25 14:16:14.970354
1996-04-01,06:45,45.9,,44.1,93.1,1.0,NE@4.1,4.1,46.4,,0.0,7,,"WSU Mt Vernon, Mount Vernon, Skagit County",330101,WSU Mt Vernon,2017-11-25 14:16:14.970354
1996-04-01,07:00,45.8,,44.2,94.3,1.0,S@2.6,2.6,46.4,,0.0,13,,"WSU Mt Vernon, Mount Vernon, Skagit County",330101,WSU Mt Vernon,2017-11-25 14:16:14.970354
1996-04-01,07:15,45.4,,44.6,96.8,1.0,SW@3.6,3.6,46.4,,0.0,21,,"WSU Mt Vernon, Mount Vernon, Skagit County",330101,WSU Mt Vernon,2017-11-25 14:16:14.970354
1996-04-01,07:30,45.2,,44.7,97.9,1.0,W@1.0,1.0,46.4,,0.02,16,,"WSU Mt Vernon, Mount Vernon, Skagit County",330101,WSU Mt Vernon,2017-11-25 14:16:14.970354
1996-04-01,07:45,45.3,,45.0,98.6,1.0,NW@0.4,0.4,46.4,,0.01,19,,"WSU Mt Vernon, Mount Vernon, Skagit County",330101,WSU Mt Vernon,2017-11-25 14:16:14.970354
1996-04-01,08:00,45.5,,45.2,99.0,1.0,N@0.5,0.5,46.3,,0.02,23,,"WSU Mt Vernon, Mount Vernon, Skagit County",330101,WSU Mt Vernon,2017-11-25 14:16:14.970354
1996-04-01,08:15,45.5,,45.5,100.0,1.0,NE@4.0,4.0,46.4,,0.02,29,,"WSU Mt Vernon, Mount Vernon, Skagit County",330101,WSU Mt Vernon,2017-11-25 14:16:14.970354
1996-04-01,08:30,45.4,,45.4,100.0,1.0,NE@6.0,6.0,46.4,,0.01,43,,"WSU Mt Vernon, Mount Vernon, Skagit County",330101,WSU Mt Vernon,2017-11-25 14:16:14.970354
1996-04-01,08:45,45.6,,45.6,100.0,1.0,NE@7.2,7.2,46.4,,0.01,60,,"WSU Mt Vernon, Mount Vernon, Skagit County",330101,WSU Mt Vernon,2017-11-25 14:16:14.970354
1996-04-01,09:00,46.0,,46.0,100.0,1.0,E@6.5,6.5,46.4,,0.01,63,,"WSU Mt Vernon, Mount Vernon, Skagit County",330101,WSU Mt Vernon,2017-11-25 14:16:14.970354
1996-04-01,09:15,46.4,,46.4,100.0,1.0,E@5.1,5.1,46.4,,0.01,49,,"WSU Mt Vernon, Mount Vernon, Skagit County",330101,WSU Mt Vernon,2017-11-25 14:16:14.970354
1996-04-01,09:30,47.2,,47.1,99.6,1.0,E@3.2,3.2,46.4,,0.01,55,,"WSU Mt Vernon, Mount Vernon, Skagit County",330101,WSU Mt Vernon,2017-11-25 14:16:14.970354
1996-04-01,09:45,48.0,,47.4,97.9,1.0,E@3.5,3.5,46.4,,0.0,80,,"WSU Mt Vernon, Mount Vernon, Skagit County",330101,WSU Mt Vernon,2017-11-25 14:16:14.970354
1996-04-01,10:00,48.7,,47.6,96.1,1.0,E@3.6,3.6,46.4,,0.0,123,,"WSU Mt Vernon, Mount Vernon, Skagit County",330101,WSU Mt Vernon,2017-11-25 14:16:14.970354
1996-04-01,10:15,49.9,,48.1,93.5,1.0,SE@2.5,2.5,46.5,,0.01,139,,"WSU Mt Vernon, Mount Vernon, Skagit County",330101,WSU Mt Vernon,2017-11-25 14:16:14.970354
1996-04-01,10:30,52.4,,47.9,84.7,1.0,SE@6.6,6.6,46.6,,0.0,117,,"WSU Mt Vernon, Mount Vernon, Skagit County",330101,WSU Mt Vernon,2017-11-25 14:16:14.970354
1996-04-01,10:45,52.2,,48.0,85.6,1.0,SE@5.9,5.9,46.5,,0.0,107,,"WSU Mt Vernon, Mount Vernon, Skagit County",330101,WSU Mt Vernon,2017-11-25 14:16:14.970354
1996-04-01,11:00,52.5,,47.7,83.6,1.0,SE@6.9,6.9,46.6,,0.0,127,,"WSU Mt Vernon, Mount Vernon, Skagit County",330101,WSU Mt Vernon,2017-11-25 14:16:14.970354
1996-04-01,11:15,53.0,,47.8,82.6,1.0,SE@6.7,6.7,46.6,,0.0,93,,"WSU Mt Vernon, Mount Vernon, Skagit County",330101,WSU Mt Vernon,2017-11-25 14:16:14.970354
1996-04-01,11:30,53.2,,47.4,80.8,1.0,SE@8.2,8.2,46.6,,0.0,113,,"WSU Mt Vernon, Mount Vernon, Skagit County",330101,WSU Mt Vernon,2017-11-25 14:16:14.970354
1996-04-01,11:45,53.4,,47.3,79.7,0.89,SE@9.9,9.9,46.6,,0.0,97,,"WSU Mt Vernon, Mount Vernon, Skagit County",330101,WSU Mt Vernon,2017-11-25 14:16:14.970354
1996-04-01,12:00,53.9,,47.6,79.2,0.19,S@11.0,11.0,46.6,,0.0,170,,"WSU Mt Vernon, Mount Vernon, Skagit County",330101,WSU Mt Vernon,2017-11-25 14:16:14.970354
1996-04-01,12:15,54.2,,48.5,81.0,0.0,SE@10.3,10.3,46.6,,0.0,358,,"WSU Mt Vernon, Mount Vernon, Skagit County",330101,WSU Mt Vernon,2017-11-25 14:16:14.970354
1996-04-01,12:30,54.8,,49.4,81.7,0.0,SE@10.0,10.0,46.6,,0.0,305,,"WSU Mt Vernon, Mount Vernon, Skagit County",330101,WSU Mt Vernon,2017-11-25 14:16:14.970354
1996-04-01,12:45,55.3,,49.8,81.7,0.0,S@14.6,14.6,46.5,,0.0,332,,"WSU Mt Vernon, Mount Vernon, Skagit County",330101,WSU Mt Vernon,2017-11-25 14:16:14.970354
1996-04-01,13:00,55.0,,49.8,82.6,0.0,S@15.0,15.0,46.5,,0.0,131,,"WSU Mt Vernon, Mount Vernon, Skagit County",330101,WSU Mt Vernon,2017-11-25 14:16:14.970354
1996-04-01,13:15,52.5,,49.2,88.2,0.82,S@12.8,12.8,46.3,,0.01,33,,"WSU Mt Vernon, Mount Vernon, Skagit County",330101,WSU Mt Vernon,2017-11-25 14:16:14.970354
1996-04-01,13:30,48.4,,47.5,96.6,1.0,SW@10.8,10.8,46.2,,0.01,58,,"WSU Mt Vernon, Mount Vernon, Skagit County",330101,WSU Mt Vernon,2017-11-25 14:16:14.970354
1996-04-01,13:45,48.2,,47.8,98.6,1.0,SW@9.8,9.8,46.2,,0.01,44,,"WSU Mt Vernon, Mount Vernon, Skagit County",330101,WSU Mt Vernon,2017-11-25 14:16:14.970354
1996-04-01,14:00,47.9,,47.7,99.2,1.0,SW@10.2,10.2,46.2,,0.01,54,,"WSU Mt Vernon, Mount Vernon, Skagit County",330101,WSU Mt Vernon,2017-11-25 14:16:14.970354
1996-04-01,14:15,47.8,,47.8,100.0,1.0,W@8.9,8.9,46.2,,0.0,62,,"WSU Mt Vernon, Mount Vernon, Skagit County",330101,WSU Mt Vernon,2017-11-25 14:16:14.970354
1996-04-01,14:30,47.6,,47.3,99.0,1.0,W@8.3,8.3,46.3,,0.0,33,,"WSU Mt Vernon, Mount Vernon, Skagit County",330101,WSU Mt Vernon,2017-11-25 14:16:14.970354
1996-04-01,14:45,47.4,,47.2,98.9,1.0,SW@7.3,7.3,46.4,,0.0,21,,"WSU Mt Vernon, Mount Vernon, Skagit County",330101,WSU Mt Vernon,2017-11-25 14:16:14.970354
1996-04-01,15:00,46.9,,46.5,98.4,1.0,SW@7.2,7.2,46.3,,0.02,36,,"WSU Mt Vernon, Mount Vernon, Skagit County",330101,WSU Mt Vernon,2017-11-25 14:16:14.970354
1996-04-01,15:15,46.4,,46.1,98.9,1.0,S@4.7,4.7,46.4,,0.02,49,,"WSU Mt Vernon, Mount Vernon, Skagit County",330101,WSU Mt Vernon,2017-11-25 14:16:14.970354
1996-04-01,15:30,46.3,,46.1,99.3,1.0,S@3.9,3.9,46.5,,0.0,86,,"WSU Mt Vernon, Mount Vernon, Skagit County",330101,WSU Mt Vernon,2017-11-25 14:16:14.970354
1996-04-01,15:45,46.6,,46.3,98.8,1.0,SE@2.5,2.5,46.5,,0.01,129,,"WSU Mt Vernon, Mount Vernon, Skagit County",330101,WSU Mt Vernon,2017-11-25 14:16:14.970354
1996-04-01,16:00,46.7,,46.2,98.1,1.0,S@2.5,2.5,46.5,,0.0,89,,"WSU Mt Vernon, Mount Vernon, Skagit County",330101,WSU Mt Vernon,2017-11-25 14:16:14.970354
1996-04-01,16:15,47.4,,46.5,96.8,1.0,SE@3.2,3.2,46.6,,0.0,81,,"WSU Mt Vernon, Mount Vernon, Skagit County",330101,WSU Mt Vernon,2017-11-25 14:16:14.970354
1996-04-01,16:30,47.5,,46.8,97.6,1.0,E@2.9,2.9,46.6,,0.0,49,,"WSU Mt Vernon, Mount Vernon, Skagit County",330101,WSU Mt Vernon,2017-11-25 14:16:14.970354
1996-04-01,16:45,47.6,,46.8,97.2,1.0,E@3.4,3.4,46.7,,0.0,65,,"WSU Mt Vernon, Mount Vernon, Skagit County",330101,WSU Mt Vernon,2017-11-25 14:16:14.970354
1996-04-01,17:00,48.0,,47.2,96.9,1.0,SE@1.1,1.1,46.7,,0.0,76,,"WSU Mt Vernon, Mount Vernon, Skagit County",330101,WSU Mt Vernon,2017-11-25 14:16:14.970354
1996-04-01,17:15,48.1,,47.2,96.4,1.0,SE@1.1,1.1,46.7,,0.0,57,,"WSU Mt Vernon, Mount Vernon, Skagit County",330101,WSU Mt Vernon,2017-11-25 14:16:14.970354
1996-04-01,17:30,48.2,,46.7,94.2,1.0,S@2.0,2.0,46.8,,0.0,63,,"WSU Mt Vernon, Mount Vernon, Skagit County",330101,WSU Mt Vernon,2017-11-25 14:16:14.970354
1996-04-01,17:45,48.5,,45.6,89.6,1.0,SW@3.2,3.2,46.7,,0.0,64,,"WSU Mt Vernon, Mount Vernon, Skagit County",330101,WSU Mt Vernon,2017-11-25 14:16:14.970354
1996-04-01,18:00,48.6,,46.7,92.9,1.0,S@4.0,4.0,46.8,,0.0,33,,"WSU Mt Vernon, Mount Vernon, Skagit County",330101,WSU Mt Vernon,2017-11-25 14:16:14.970354
1996-04-01,18:15,48.5,,47.2,95.1,1.0,S@3.0,3.0,46.8,,0.0,26,,"WSU Mt Vernon, Mount Vernon, Skagit County",330101,WSU Mt Vernon,2017-11-25 14:16:14.970354
1996-04-01,18:30,48.3,,47.1,95.7,1.0,S@3.4,3.4,46.8,,0.0,10,,"WSU Mt Vernon, Mount Vernon, Skagit County",330101,WSU Mt Vernon,2017-11-25 14:16:14.970354
1996-04-01,18:45,48.1,,46.7,94.9,1.0,SW@5.9,5.9,46.8,,0.0,1,,"WSU Mt Vernon, Mount Vernon, Skagit County",330101,WSU Mt Vernon,2017-11-25 14:16:14.970354
1996-04-01,19:00,46.9,,45.2,93.8,1.0,SW@8.7,8.7,46.8,,0.0,0,,"WSU Mt Vernon, Mount Vernon, Skagit County",330101,WSU Mt Vernon,2017-11-25 14:16:14.970354
1996-04-01,19:15,46.0,,44.3,93.5,1.0,SW@7.8,7.8,46.7,,0.0,0,,"WSU Mt Vernon, Mount Vernon, Skagit County",330101,WSU Mt Vernon,2017-11-25 14:16:14.970354
1996-04-01,19:30,45.1,,43.7,94.6,1.0,SW@7.7,7.7,46.7,,0.01,0,,"WSU Mt Vernon, Mount Vernon, Skagit County",330101,WSU Mt Vernon,2017-11-25 14:16:14.970354
1996-04-01,19:45,44.7,,43.5,95.6,1.0,SW@8.3,8.3,46.7,,0.02,0,,"WSU Mt Vernon, Mount Vernon, Skagit County",330101,WSU Mt Vernon,2017-11-25 14:16:14.970354
1996-04-01,20:00,44.1,,43.1,96.2,1.0,SW@8.1,8.1,46.7,,0.01,0,,"WSU Mt Vernon, Mount Vernon, Skagit County",330101,WSU Mt Vernon,2017-11-25 14:16:14.970354
1996-04-01,20:15,44.0,,42.9,95.9,1.0,SW@7.7,7.7,46.7,,0.0,0,,"WSU Mt Vernon, Mount Vernon, Skagit County",330101,WSU Mt Vernon,2017-11-25 14:16:14.970354
1996-04-01,20:30,44.0,,42.5,94.4,1.0,SW@7.7,7.7,46.7,,0.0,0,,"WSU Mt Vernon, Mount Vernon, Skagit County",330101,WSU Mt Vernon,2017-11-25 14:16:14.970354
1996-04-01,20:45,43.9,,42.3,93.7,1.0,SW@6.0,6.0,46.7,,0.0,0,,"WSU Mt Vernon, Mount Vernon, Skagit County",330101,WSU Mt Vernon,2017-11-25 14:16:14.970354
1996-04-01,21:00,43.8,,41.5,91.5,1.0,W@6.6,6.6,46.7,,0.01,0,,"WSU Mt Vernon, Mount Vernon, Skagit County",330101,WSU Mt Vernon,2017-11-25 14:16:14.970354
1996-04-01,21:15,43.4,,40.1,87.8,1.0,W@6.0,6.0,46.8,,0.0,0,,"WSU Mt Vernon, Mount Vernon, Skagit County",330101,WSU Mt Vernon,2017-11-25 14:16:14.970354
1996-04-01,21:30,42.7,,39.5,88.3,1.0,W@3.9,3.9,46.8,,0.0,0,,"WSU Mt Vernon, Mount Vernon, Skagit County",330101,WSU Mt Vernon,2017-11-25 14:16:14.970354
1996-04-01,21:45,42.7,,38.9,86.2,1.0,W@4.8,4.8,46.7,,0.01,0,,"WSU Mt Vernon, Mount Vernon, Skagit County",330101,WSU Mt Vernon,2017-11-25 14:16:14.970354
1996-04-01,22:00,42.5,,38.9,87.0,1.0,W@3.6,3.6,46.7,,0.0,0,,"WSU Mt Vernon, Mount Vernon, Skagit County",330101,WSU Mt Vernon,2017-11-25 14:16:14.970354
1996-04-01,22:15,42.7,,38.1,83.6,1.0,W@6.2,6.2,46.7,,0.0,0,,"WSU Mt Vernon, Mount Vernon, Skagit County",330101,WSU Mt Vernon,2017-11-25 14:16:14.970354
1996-04-01,22:30,42.2,,38.1,85.2,1.0,NW@2.8,2.8,46.7,,0.01,0,,"WSU Mt Vernon, Mount Vernon, Skagit County",330101,WSU Mt Vernon,2017-11-25 14:16:14.970354
1996-04-01,22:45,41.9,,37.7,85.0,1.0,NW@2.6,2.6,46.7,,0.0,0,,"WSU Mt Vernon, Mount Vernon, Skagit County",330101,WSU Mt Vernon,2017-11-25 14:16:14.970354
1996-04-01,23:00,41.4,,38.4,88.9,1.0,E@4.4,4.4,46.7,,0.01,0,,"WSU Mt Vernon, Mount Vernon, Skagit County",330101,WSU Mt Vernon,2017-11-25 14:16:14.970354
1996-04-01,23:15,41.0,,38.5,90.9,1.0,E@5.9,5.9,46.7,,0.0,0,,"WSU Mt Vernon, Mount Vernon, Skagit County",330101,WSU Mt Vernon,2017-11-25 14:16:14.970354
1996-04-01,23:30,40.9,,39.1,93.5,1.0,E@4.0,4.0,46.7,,0.0,0,,"WSU Mt Vernon, Mount Vernon, Skagit County",330101,WSU Mt Vernon,2017-11-25 14:16:14.970354
1996-04-01,23:45,40.9,,39.5,95.0,1.0,E@5.3,5.3,46.7,,0.01,0,,"WSU Mt Vernon, Mount Vernon, Skagit County",330101,WSU Mt Vernon,2017-11-25 14:16:14.970354
1996-04-01,24:00,,,,0.0,,0.0,99999.0,,,0.0,0,,"WSU Mt Vernon, Mount Vernon, Skagit County",330101,WSU Mt Vernon,2017-11-25 14:16:14.970354
