Date,Time PST,1.5m Air Temp °F, 1.5m Dew Point °F, 1.5m Rel Hum %, Tot Prec in, Solar Rad W/m², Wind Direction, Wind Speed mph, 2m Wind Gust mph, 1.5m Leaf Wet u., 2 in. Soil Tmp °F, 8 in. Soil Tmp °F,Location,Station ID,Station Name,Download Timestamp
2012-11-01,00:15,49.5,44.8,83.5,0.0,0,E,5.0,7.1,0.01,,56.5,"Outlook, Yakima County",310135,Outlook,2020-12-15 23:01:50.178151
2012-11-01,00:30,50.1,45.7,84.7,0.0,0,E,6.0,9.2,0.01,,56.5,"Outlook, Yakima County",310135,Outlook,2020-12-15 23:01:50.178151
2012-11-01,00:45,50.5,46.1,84.5,0.0,0,E,4.9,7.1,0.02,,56.4,"Outlook, Yakima County",310135,Outlook,2020-12-15 23:01:50.178151
2012-11-01,01:00,51.1,46.1,83.1,0.0,0,NE,4.4,6.7,0.01,,56.4,"Outlook, Yakima County",310135,Outlook,2020-12-15 23:01:50.178151
2012-11-01,01:15,51.1,46.1,83.0,0.0,0,NE,4.1,6.0,0.0,,56.4,"Outlook, Yakima County",310135,Outlook,2020-12-15 23:01:50.178151
2012-11-01,01:30,51.4,46.1,82.0,0.0,0,NE,4.6,7.1,0.01,,56.3,"Outlook, Yakima County",310135,Outlook,2020-12-15 23:01:50.178151
2012-11-01,01:45,51.5,46.3,82.1,0.0,0,NE,3.6,5.3,0.2,,56.3,"Outlook, Yakima County",310135,Outlook,2020-12-15 23:01:50.178151
2012-11-01,02:00,51.5,46.3,82.5,0.0,0,E,3.1,5.3,0.28,,56.2,"Outlook, Yakima County",310135,Outlook,2020-12-15 23:01:50.178151
2012-11-01,02:15,51.6,46.4,82.3,0.0,0,E,4.0,6.0,0.26,,56.2,"Outlook, Yakima County",310135,Outlook,2020-12-15 23:01:50.178151
2012-11-01,02:30,51.5,46.7,83.6,0.0,0,E,4.9,8.2,0.44,,56.2,"Outlook, Yakima County",310135,Outlook,2020-12-15 23:01:50.178151
2012-11-01,02:45,51.6,46.8,83.5,0.0,0,E,4.5,7.8,0.27,,56.1,"Outlook, Yakima County",310135,Outlook,2020-12-15 23:01:50.178151
2012-11-01,03:00,51.3,46.9,84.6,0.0,0,E,3.9,7.1,0.24,,56.1,"Outlook, Yakima County",310135,Outlook,2020-12-15 23:01:50.178151
2012-11-01,03:15,51.7,46.4,81.8,0.0,0,E,3.1,4.6,0.23,,56.0,"Outlook, Yakima County",310135,Outlook,2020-12-15 23:01:50.178151
2012-11-01,03:30,51.0,46.8,85.6,0.01,0,E,3.3,4.6,0.45,,56.0,"Outlook, Yakima County",310135,Outlook,2020-12-15 23:01:50.178151
2012-11-01,03:45,50.6,47.2,87.9,0.0,0,E,3.8,5.3,0.48,,55.9,"Outlook, Yakima County",310135,Outlook,2020-12-15 23:01:50.178151
2012-11-01,04:00,50.7,47.0,87.0,0.0,0,E,3.5,5.3,0.32,,55.9,"Outlook, Yakima County",310135,Outlook,2020-12-15 23:01:50.178151
2012-11-01,04:15,50.2,46.6,87.2,0.0,0,NE,3.0,4.2,0.14,,55.9,"Outlook, Yakima County",310135,Outlook,2020-12-15 23:01:50.178151
2012-11-01,04:30,50.1,45.9,85.5,0.0,0,NE,2.6,3.5,0.11,,55.8,"Outlook, Yakima County",310135,Outlook,2020-12-15 23:01:50.178151
2012-11-01,04:45,50.1,45.2,83.1,0.0,0,NE,2.7,4.2,0.08,,55.8,"Outlook, Yakima County",310135,Outlook,2020-12-15 23:01:50.178151
2012-11-01,05:00,50.0,44.9,82.5,0.0,0,NE,2.5,3.5,0.07,,55.7,"Outlook, Yakima County",310135,Outlook,2020-12-15 23:01:50.178151
2012-11-01,05:15,49.0,44.6,84.4,0.0,0,E,2.7,3.9,0.06,,55.7,"Outlook, Yakima County",310135,Outlook,2020-12-15 23:01:50.178151
2012-11-01,05:30,48.6,44.1,84.4,0.0,0,NE,3.3,7.8,0.06,,55.7,"Outlook, Yakima County",310135,Outlook,2020-12-15 23:01:50.178151
2012-11-01,05:45,48.0,44.0,86.0,0.0,0,NE,3.4,6.4,0.05,,55.7,"Outlook, Yakima County",310135,Outlook,2020-12-15 23:01:50.178151
2012-11-01,06:00,48.4,44.2,85.2,0.0,0,NE,2.9,4.2,0.05,,55.6,"Outlook, Yakima County",310135,Outlook,2020-12-15 23:01:50.178151
2012-11-01,06:15,47.6,43.5,85.6,0.0,0,N ,5.8,8.5,0.04,,55.6,"Outlook, Yakima County",310135,Outlook,2020-12-15 23:01:50.178151
2012-11-01,06:30,47.0,43.4,87.2,0.0,0,N ,6.4,8.2,0.04,,55.6,"Outlook, Yakima County",310135,Outlook,2020-12-15 23:01:50.178151
2012-11-01,06:45,47.5,43.6,86.4,0.0,3,N ,6.1,8.9,0.03,,55.5,"Outlook, Yakima County",310135,Outlook,2020-12-15 23:01:50.178151
2012-11-01,07:00,49.4,44.0,81.6,0.0,10,NE,4.2,5.3,0.03,,55.5,"Outlook, Yakima County",310135,Outlook,2020-12-15 23:01:50.178151
2012-11-01,07:15,49.3,44.0,81.6,0.0,28,NE,3.8,6.0,0.02,,55.5,"Outlook, Yakima County",310135,Outlook,2020-12-15 23:01:50.178151
2012-11-01,07:30,49.9,44.1,80.5,0.0,33,NE,3.3,4.9,0.02,,55.4,"Outlook, Yakima County",310135,Outlook,2020-12-15 23:01:50.178151
2012-11-01,07:45,50.1,44.4,80.7,0.0,43,NE,3.9,5.3,0.02,,55.4,"Outlook, Yakima County",310135,Outlook,2020-12-15 23:01:50.178151
2012-11-01,08:00,50.2,44.6,80.9,0.0,63,NE,3.5,5.7,0.02,,55.4,"Outlook, Yakima County",310135,Outlook,2020-12-15 23:01:50.178151
2012-11-01,08:15,51.2,44.5,77.8,0.0,59,E,3.5,4.9,0.02,,55.3,"Outlook, Yakima County",310135,Outlook,2020-12-15 23:01:50.178151
2012-11-01,08:30,52.4,43.9,72.7,0.0,64,SE,2.6,5.3,0.01,,55.3,"Outlook, Yakima County",310135,Outlook,2020-12-15 23:01:50.178151
2012-11-01,08:45,52.1,44.5,75.1,0.0,70,E,1.9,4.6,0.01,,55.3,"Outlook, Yakima County",310135,Outlook,2020-12-15 23:01:50.178151
2012-11-01,09:00,51.7,45.2,78.4,0.0,62,SE,2.2,3.9,0.04,,55.2,"Outlook, Yakima County",310135,Outlook,2020-12-15 23:01:50.178151
2012-11-01,09:15,51.4,44.9,78.3,0.0,45,S,2.8,6.7,0.14,,55.2,"Outlook, Yakima County",310135,Outlook,2020-12-15 23:01:50.178151
2012-11-01,09:30,50.7,45.2,81.3,0.01,45,S,3.1,6.4,0.27,,55.2,"Outlook, Yakima County",310135,Outlook,2020-12-15 23:01:50.178151
2012-11-01,09:45,50.0,45.9,85.8,0.0,29,SE,2.1,3.5,0.39,,55.1,"Outlook, Yakima County",310135,Outlook,2020-12-15 23:01:50.178151
2012-11-01,10:00,49.6,46.0,87.2,0.01,41,SE,0.9,2.4,0.47,,55.1,"Outlook, Yakima County",310135,Outlook,2020-12-15 23:01:50.178151
2012-11-01,10:15,49.7,47.0,90.4,0.0,110,E,2.5,3.9,0.51,,55.0,"Outlook, Yakima County",310135,Outlook,2020-12-15 23:01:50.178151
2012-11-01,10:30,50.4,47.6,90.0,0.0,185,E,3.6,6.0,0.5,,55.0,"Outlook, Yakima County",310135,Outlook,2020-12-15 23:01:50.178151
2012-11-01,10:45,51.6,47.6,86.0,0.0,292,E,5.4,7.8,0.17,,55.0,"Outlook, Yakima County",310135,Outlook,2020-12-15 23:01:50.178151
2012-11-01,11:00,52.4,47.6,83.6,0.0,317,SE,5.7,8.5,0.07,,55.0,"Outlook, Yakima County",310135,Outlook,2020-12-15 23:01:50.178151
2012-11-01,11:15,52.2,47.6,84.1,0.0,179,SE,5.8,8.9,0.04,,54.9,"Outlook, Yakima County",310135,Outlook,2020-12-15 23:01:50.178151
2012-11-01,11:30,51.7,47.4,85.0,0.0,146,E,5.8,8.9,0.03,,54.9,"Outlook, Yakima County",310135,Outlook,2020-12-15 23:01:50.178151
2012-11-01,11:45,51.8,47.6,85.6,0.0,209,E,5.3,8.5,0.03,,54.9,"Outlook, Yakima County",310135,Outlook,2020-12-15 23:01:50.178151
2012-11-01,12:00,52.8,46.7,79.5,0.0,309,E,5.0,7.8,0.02,,54.9,"Outlook, Yakima County",310135,Outlook,2020-12-15 23:01:50.178151
2012-11-01,12:15,53.6,46.5,76.8,0.0,283,E,4.9,7.4,0.02,,54.8,"Outlook, Yakima County",310135,Outlook,2020-12-15 23:01:50.178151
2012-11-01,12:30,54.2,45.9,73.6,0.0,276,SE,3.3,6.0,0.02,,54.8,"Outlook, Yakima County",310135,Outlook,2020-12-15 23:01:50.178151
2012-11-01,12:45,53.8,45.8,74.3,0.0,155,SE,3.1,5.7,0.04,,54.8,"Outlook, Yakima County",310135,Outlook,2020-12-15 23:01:50.178151
2012-11-01,13:00,53.7,46.3,75.9,0.0,99,S,3.5,6.0,0.02,,54.8,"Outlook, Yakima County",310135,Outlook,2020-12-15 23:01:50.178151
2012-11-01,13:15,53.5,46.6,77.2,0.0,129,SE,2.5,4.6,0.03,,54.8,"Outlook, Yakima County",310135,Outlook,2020-12-15 23:01:50.178151
2012-11-01,13:30,54.0,46.4,75.2,0.0,220,E,1.6,3.1,0.05,,54.8,"Outlook, Yakima County",310135,Outlook,2020-12-15 23:01:50.178151
2012-11-01,13:45,55.1,46.7,73.4,0.0,288,SE,2.1,3.9,0.02,,54.8,"Outlook, Yakima County",310135,Outlook,2020-12-15 23:01:50.178151
2012-11-01,14:00,55.3,46.8,73.0,0.0,265,SE,3.0,4.2,0.02,,54.8,"Outlook, Yakima County",310135,Outlook,2020-12-15 23:01:50.178151
2012-11-01,14:15,55.7,47.2,72.9,0.0,317,SE,2.0,4.2,0.01,,54.8,"Outlook, Yakima County",310135,Outlook,2020-12-15 23:01:50.178151
2012-11-01,14:30,56.3,47.5,72.2,0.0,274,SE,2.7,4.2,0.01,,54.9,"Outlook, Yakima County",310135,Outlook,2020-12-15 23:01:50.178151
2012-11-01,14:45,55.9,46.9,71.7,0.0,168,E,2.0,4.6,0.01,,54.9,"Outlook, Yakima County",310135,Outlook,2020-12-15 23:01:50.178151
2012-11-01,15:00,55.3,46.9,73.1,0.0,122,SE,2.8,4.6,0.01,,54.9,"Outlook, Yakima County",310135,Outlook,2020-12-15 23:01:50.178151
2012-11-01,15:15,55.5,46.6,71.9,0.0,138,E,2.2,3.9,0.01,,54.9,"Outlook, Yakima County",310135,Outlook,2020-12-15 23:01:50.178151
2012-11-01,15:30,55.9,46.8,71.5,0.0,135,E,1.5,3.1,0.01,,55.0,"Outlook, Yakima County",310135,Outlook,2020-12-15 23:01:50.178151
2012-11-01,15:45,55.6,47.3,73.7,0.0,65,N ,0.0,0.0,0.01,,55.0,"Outlook, Yakima County",310135,Outlook,2020-12-15 23:01:50.178151
2012-11-01,16:00,55.6,47.6,74.5,0.0,116,N ,0.5,3.1,0.01,,55.1,"Outlook, Yakima County",310135,Outlook,2020-12-15 23:01:50.178151
2012-11-01,16:15,55.6,47.4,73.7,0.0,72,NE,1.4,2.8,0.01,,55.1,"Outlook, Yakima County",310135,Outlook,2020-12-15 23:01:50.178151
2012-11-01,16:30,54.2,46.7,75.7,0.0,35,NE,2.5,3.9,0.0,,55.2,"Outlook, Yakima County",310135,Outlook,2020-12-15 23:01:50.178151
2012-11-01,16:45,51.8,45.7,79.6,0.0,8,N ,4.6,6.0,0.0,,55.2,"Outlook, Yakima County",310135,Outlook,2020-12-15 23:01:50.178151
2012-11-01,17:00,50.6,45.6,83.0,0.0,3,N ,5.5,7.4,0.01,,55.2,"Outlook, Yakima County",310135,Outlook,2020-12-15 23:01:50.178151
2012-11-01,17:15,50.1,44.8,81.9,0.0,0,N ,5.4,7.1,0.01,,55.3,"Outlook, Yakima County",310135,Outlook,2020-12-15 23:01:50.178151
2012-11-01,17:30,49.0,44.0,82.8,0.0,0,N ,6.9,8.2,0.01,,55.3,"Outlook, Yakima County",310135,Outlook,2020-12-15 23:01:50.178151
2012-11-01,17:45,48.5,43.9,83.9,0.0,0,N ,7.0,8.9,0.01,,55.4,"Outlook, Yakima County",310135,Outlook,2020-12-15 23:01:50.178151
2012-11-01,18:00,48.3,43.8,84.3,0.0,0,N ,6.4,8.9,0.01,,55.4,"Outlook, Yakima County",310135,Outlook,2020-12-15 23:01:50.178151
2012-11-01,18:15,47.7,43.8,86.0,0.0,0,N ,7.5,9.6,0.01,,55.5,"Outlook, Yakima County",310135,Outlook,2020-12-15 23:01:50.178151
2012-11-01,18:30,49.0,44.1,83.2,0.0,0,N ,6.4,8.2,0.01,,55.5,"Outlook, Yakima County",310135,Outlook,2020-12-15 23:01:50.178151
2012-11-01,18:45,48.6,43.7,83.1,0.0,0,N ,7.2,8.9,0.01,,55.6,"Outlook, Yakima County",310135,Outlook,2020-12-15 23:01:50.178151
2012-11-01,19:00,48.3,43.7,84.1,0.0,0,N ,7.3,8.9,0.01,,55.6,"Outlook, Yakima County",310135,Outlook,2020-12-15 23:01:50.178151
2012-11-01,19:15,48.5,43.8,83.9,0.0,0,N ,6.6,7.8,0.01,,55.6,"Outlook, Yakima County",310135,Outlook,2020-12-15 23:01:50.178151
2012-11-01,19:30,48.7,44.2,84.3,0.0,0,N ,6.7,8.5,0.01,,55.7,"Outlook, Yakima County",310135,Outlook,2020-12-15 23:01:50.178151
2012-11-01,19:45,49.0,44.5,84.4,0.0,0,N ,6.9,8.5,0.01,,55.7,"Outlook, Yakima County",310135,Outlook,2020-12-15 23:01:50.178151
2012-11-01,20:00,48.5,44.6,86.1,0.0,0,N ,6.9,8.5,0.01,,55.7,"Outlook, Yakima County",310135,Outlook,2020-12-15 23:01:50.178151
2012-11-01,20:15,48.1,44.5,87.1,0.0,0,N ,5.5,7.8,0.01,,55.7,"Outlook, Yakima County",310135,Outlook,2020-12-15 23:01:50.178151
2012-11-01,20:30,47.6,43.8,86.5,0.0,0,N,4.6,6.4,0.02,,55.7,"Outlook, Yakima County",310135,Outlook,2020-12-15 23:01:50.178151
2012-11-01,20:45,47.9,43.8,85.5,0.0,0,NW,5.3,6.4,0.02,,55.7,"Outlook, Yakima County",310135,Outlook,2020-12-15 23:01:50.178151
2012-11-01,21:00,48.2,43.7,84.1,0.0,0,N,5.8,6.7,0.02,,55.7,"Outlook, Yakima County",310135,Outlook,2020-12-15 23:01:50.178151
2012-11-01,21:15,48.8,43.8,82.7,0.0,0,NW,6.1,7.4,0.02,,55.7,"Outlook, Yakima County",310135,Outlook,2020-12-15 23:01:50.178151
2012-11-01,21:30,48.7,43.6,82.6,0.0,0,NW,5.9,7.1,0.02,,55.7,"Outlook, Yakima County",310135,Outlook,2020-12-15 23:01:50.178151
2012-11-01,21:45,48.7,43.6,82.4,0.0,0,N,6.0,7.4,0.02,,55.7,"Outlook, Yakima County",310135,Outlook,2020-12-15 23:01:50.178151
2012-11-01,22:00,48.2,43.6,84.0,0.0,0,NW,6.3,8.2,0.02,,55.7,"Outlook, Yakima County",310135,Outlook,2020-12-15 23:01:50.178151
2012-11-01,22:15,48.4,43.8,84.0,0.0,0,W,4.4,7.1,0.02,,55.7,"Outlook, Yakima County",310135,Outlook,2020-12-15 23:01:50.178151
2012-11-01,22:30,47.3,43.7,87.1,0.0,0,NE,2.6,4.2,0.02,,55.7,"Outlook, Yakima County",310135,Outlook,2020-12-15 23:01:50.178151
2012-11-01,22:45,47.4,43.8,87.3,0.0,0,NE,3.2,3.9,0.02,,55.6,"Outlook, Yakima County",310135,Outlook,2020-12-15 23:01:50.178151
2012-11-01,23:00,47.5,43.4,85.5,0.0,0,N ,3.0,3.5,0.02,,55.6,"Outlook, Yakima County",310135,Outlook,2020-12-15 23:01:50.178151
2012-11-02,23:15,46.8,42.8,85.8,0.0,0,N ,4.2,6.0,0.02,,55.6,"Outlook, Yakima County",310135,Outlook,2020-12-15 23:01:50.178151
2012-11-02,23:30,45.8,42.8,88.9,0.0,0,N ,6.6,8.2,0.03,,55.6,"Outlook, Yakima County",310135,Outlook,2020-12-15 23:01:50.178151
2012-11-02,23:45,45.9,42.8,88.7,0.0,0,N ,6.3,11.0,0.03,,55.5,"Outlook, Yakima County",310135,Outlook,2020-12-15 23:01:50.178151
2012-11-02,24:00,45.7,42.4,88.1,0.0,0,N ,7.9,9.9,0.03,,55.5,"Outlook, Yakima County",310135,Outlook,2020-12-15 23:01:50.178151
2012-11-02,00:15,45.5,42.3,88.5,0.0,0,N ,8.0,9.2,0.03,,55.5,"Outlook, Yakima County",310135,Outlook,2020-12-15 23:01:50.178151
2012-11-02,00:30,45.8,42.2,87.0,0.0,0,N ,7.2,9.2,0.02,,55.4,"Outlook, Yakima County",310135,Outlook,2020-12-15 23:01:50.178151
2012-11-02,00:45,46.4,42.8,87.2,0.0,0,N ,4.4,6.7,0.02,,55.4,"Outlook, Yakima County",310135,Outlook,2020-12-15 23:01:50.178151
2012-11-02,01:00,46.5,42.7,86.5,0.0,0,N ,4.2,6.7,0.02,,55.3,"Outlook, Yakima County",310135,Outlook,2020-12-15 23:01:50.178151
2012-11-02,01:15,46.7,43.0,86.8,0.0,0,N ,4.3,6.7,0.02,,55.3,"Outlook, Yakima County",310135,Outlook,2020-12-15 23:01:50.178151
2012-11-02,01:30,46.5,42.8,86.9,0.0,0,N ,6.0,7.4,0.02,,55.2,"Outlook, Yakima County",310135,Outlook,2020-12-15 23:01:50.178151
2012-11-02,01:45,46.1,42.4,86.5,0.0,0,N ,7.2,8.5,0.02,,55.2,"Outlook, Yakima County",310135,Outlook,2020-12-15 23:01:50.178151
2012-11-02,02:00,45.9,42.6,88.1,0.0,0,N,5.1,7.8,0.02,,55.2,"Outlook, Yakima County",310135,Outlook,2020-12-15 23:01:50.178151
2012-11-02,02:15,46.6,43.1,87.5,0.0,0,N,5.0,6.4,0.02,,55.1,"Outlook, Yakima County",310135,Outlook,2020-12-15 23:01:50.178151
2012-11-02,02:30,45.4,42.5,89.4,0.0,0,N,5.6,6.7,0.02,,55.1,"Outlook, Yakima County",310135,Outlook,2020-12-15 23:01:50.178151
2012-11-02,02:45,45.4,42.5,89.6,0.0,0,N ,7.5,9.6,0.03,,55.0,"Outlook, Yakima County",310135,Outlook,2020-12-15 23:01:50.178151
2012-11-02,03:00,46.2,42.9,88.1,0.0,0,N ,7.0,9.2,0.03,,55.0,"Outlook, Yakima County",310135,Outlook,2020-12-15 23:01:50.178151
2012-11-02,03:15,46.7,43.1,87.2,0.0,0,N ,7.7,9.9,0.02,,54.9,"Outlook, Yakima County",310135,Outlook,2020-12-15 23:01:50.178151
2012-11-02,03:30,46.2,42.6,87.3,0.0,0,N ,7.5,9.6,0.02,,54.9,"Outlook, Yakima County",310135,Outlook,2020-12-15 23:01:50.178151
2012-11-02,03:45,46.0,42.5,87.3,0.0,0,N ,5.5,8.5,0.02,,54.8,"Outlook, Yakima County",310135,Outlook,2020-12-15 23:01:50.178151
2012-11-02,04:00,45.7,42.2,87.4,0.0,0,NW,2.9,5.3,0.02,,54.8,"Outlook, Yakima County",310135,Outlook,2020-12-15 23:01:50.178151
2012-11-02,04:15,44.9,41.9,89.1,0.0,0,N ,5.8,7.8,0.03,,54.7,"Outlook, Yakima County",310135,Outlook,2020-12-15 23:01:50.178151
2012-11-02,04:30,45.2,41.7,87.6,0.0,0,N ,7.3,8.5,0.03,,54.7,"Outlook, Yakima County",310135,Outlook,2020-12-15 23:01:50.178151
2012-11-02,04:45,46.6,42.5,85.4,0.0,0,NE,5.4,8.9,0.02,,54.6,"Outlook, Yakima County",310135,Outlook,2020-12-15 23:01:50.178151
2012-11-02,05:00,46.5,42.3,85.3,0.0,0,SE,1.6,4.2,0.02,,54.6,"Outlook, Yakima County",310135,Outlook,2020-12-15 23:01:50.178151
2012-11-02,05:15,45.9,42.1,86.5,0.0,0,N,0.4,2.4,0.03,,54.5,"Outlook, Yakima County",310135,Outlook,2020-12-15 23:01:50.178151
2012-11-02,05:30,45.7,42.2,87.5,0.0,0,N ,0.0,0.0,0.05,,54.5,"Outlook, Yakima County",310135,Outlook,2020-12-15 23:01:50.178151
2012-11-02,05:45,45.6,42.2,87.8,0.0,0,NE,2.0,3.5,0.06,,54.4,"Outlook, Yakima County",310135,Outlook,2020-12-15 23:01:50.178151
2012-11-02,06:00,45.6,42.5,88.8,0.0,0,NE,3.3,4.6,0.06,,54.4,"Outlook, Yakima County",310135,Outlook,2020-12-15 23:01:50.178151
2012-11-02,06:15,45.8,42.4,87.8,0.0,0,NE,4.3,6.0,0.06,,54.3,"Outlook, Yakima County",310135,Outlook,2020-12-15 23:01:50.178151
2012-11-02,06:30,46.3,42.5,86.3,0.0,0,NE,4.6,7.1,0.04,,54.3,"Outlook, Yakima County",310135,Outlook,2020-12-15 23:01:50.178151
2012-11-02,06:45,44.8,41.8,89.1,0.0,5,N ,6.0,7.8,0.04,,54.2,"Outlook, Yakima County",310135,Outlook,2020-12-15 23:01:50.178151
2012-11-02,07:00,45.3,42.2,88.8,0.0,16,N ,4.9,6.0,0.03,,54.2,"Outlook, Yakima County",310135,Outlook,2020-12-15 23:01:50.178151
2012-11-02,07:15,46.8,42.9,86.3,0.0,23,NE,3.4,5.3,0.03,,54.1,"Outlook, Yakima County",310135,Outlook,2020-12-15 23:01:50.178151
2012-11-02,07:30,48.3,43.2,82.1,0.0,35,NE,3.0,4.6,0.02,,54.1,"Outlook, Yakima County",310135,Outlook,2020-12-15 23:01:50.178151
2012-11-02,07:45,48.8,43.5,82.0,0.0,62,NE,2.7,3.9,0.02,,54.0,"Outlook, Yakima County",310135,Outlook,2020-12-15 23:01:50.178151
2012-11-02,08:00,49.7,44.1,80.8,0.0,90,E,1.5,3.5,0.01,,54.0,"Outlook, Yakima County",310135,Outlook,2020-12-15 23:01:50.178151
2012-11-02,08:15,49.6,44.7,83.2,0.0,110,NE,1.4,3.1,0.01,,53.9,"Outlook, Yakima County",310135,Outlook,2020-12-15 23:01:50.178151
2012-11-02,08:30,50.2,45.3,82.9,0.0,124,S,0.8,3.5,0.01,,53.9,"Outlook, Yakima County",310135,Outlook,2020-12-15 23:01:50.178151
2012-11-02,08:45,48.9,45.2,86.8,0.0,201,SW,1.8,3.5,0.01,,53.8,"Outlook, Yakima County",310135,Outlook,2020-12-15 23:01:50.178151
2012-11-02,09:00,49.6,45.9,86.9,0.0,240,SW,2.9,3.9,0.01,,53.8,"Outlook, Yakima County",310135,Outlook,2020-12-15 23:01:50.178151
2012-11-02,09:15,50.5,45.4,82.5,0.0,248,W,1.8,3.9,0.01,,53.7,"Outlook, Yakima County",310135,Outlook,2020-12-15 23:01:50.178151
2012-11-02,09:30,51.5,45.2,78.8,0.0,311,W,1.2,3.1,0.0,,53.7,"Outlook, Yakima County",310135,Outlook,2020-12-15 23:01:50.178151
2012-11-02,09:45,53.5,45.4,74.0,0.0,380,S,0.9,3.1,0.0,,53.6,"Outlook, Yakima County",310135,Outlook,2020-12-15 23:01:50.178151
2012-11-02,10:00,54.2,46.0,73.6,0.0,408,SE,2.4,5.7,0.0,,53.6,"Outlook, Yakima County",310135,Outlook,2020-12-15 23:01:50.178151
2012-11-02,10:15,53.9,47.1,77.5,0.0,432,S,3.6,5.7,0.0,,53.5,"Outlook, Yakima County",310135,Outlook,2020-12-15 23:01:50.178151
2012-11-02,10:30,53.7,47.1,78.4,0.0,348,SW,3.5,5.7,0.0,,53.5,"Outlook, Yakima County",310135,Outlook,2020-12-15 23:01:50.178151
2012-11-02,10:45,52.5,47.4,82.7,0.0,300,SW,2.8,4.9,0.0,,53.5,"Outlook, Yakima County",310135,Outlook,2020-12-15 23:01:50.178151
2012-11-02,11:00,53.2,47.8,82.0,0.0,254,E,2.0,4.2,0.0,,53.4,"Outlook, Yakima County",310135,Outlook,2020-12-15 23:01:50.178151
2012-11-02,11:15,53.8,47.9,80.5,0.0,301,E,2.6,4.2,0.0,,53.4,"Outlook, Yakima County",310135,Outlook,2020-12-15 23:01:50.178151
2012-11-02,11:30,54.3,48.0,79.2,0.0,283,SE,3.0,5.3,0.0,,53.4,"Outlook, Yakima County",310135,Outlook,2020-12-15 23:01:50.178151
2012-11-02,11:45,55.3,48.0,76.4,0.0,366,SE,3.8,5.7,0.0,,53.4,"Outlook, Yakima County",310135,Outlook,2020-12-15 23:01:50.178151
2012-11-02,12:00,57.0,48.3,72.7,0.0,558,SE,3.9,6.4,0.0,,53.4,"Outlook, Yakima County",310135,Outlook,2020-12-15 23:01:50.178151
2012-11-02,12:15,56.9,48.6,73.6,0.0,440,SE,4.2,6.7,0.0,,53.4,"Outlook, Yakima County",310135,Outlook,2020-12-15 23:01:50.178151
2012-11-02,12:30,57.1,48.2,72.0,0.0,440,SE,4.1,6.4,0.0,,53.4,"Outlook, Yakima County",310135,Outlook,2020-12-15 23:01:50.178151
2012-11-02,12:45,57.3,48.5,72.3,0.0,346,SE,4.3,6.4,0.0,,53.4,"Outlook, Yakima County",310135,Outlook,2020-12-15 23:01:50.178151
2012-11-02,13:00,56.9,48.2,72.5,0.0,269,SE,3.9,6.7,0.0,,53.4,"Outlook, Yakima County",310135,Outlook,2020-12-15 23:01:50.178151
2012-11-02,13:15,57.2,48.7,73.3,0.0,282,SE,3.3,5.3,0.0,,53.5,"Outlook, Yakima County",310135,Outlook,2020-12-15 23:01:50.178151
2012-11-02,13:30,57.0,48.6,73.3,0.0,241,SE,3.7,6.4,0.0,,53.5,"Outlook, Yakima County",310135,Outlook,2020-12-15 23:01:50.178151
2012-11-02,13:45,57.2,49.0,74.0,0.0,273,SE,3.3,4.6,0.0,,53.5,"Outlook, Yakima County",310135,Outlook,2020-12-15 23:01:50.178151
2012-11-02,14:00,57.5,48.9,72.8,0.0,241,E,2.8,5.7,0.0,,53.6,"Outlook, Yakima County",310135,Outlook,2020-12-15 23:01:50.178151
2012-11-02,14:15,58.2,47.7,68.0,0.0,238,E,3.5,5.3,0.0,,53.7,"Outlook, Yakima County",310135,Outlook,2020-12-15 23:01:50.178151
2012-11-02,14:30,58.5,46.6,64.4,0.0,200,E,4.1,6.4,0.0,,53.7,"Outlook, Yakima County",310135,Outlook,2020-12-15 23:01:50.178151
2012-11-02,14:45,58.3,47.7,67.7,0.0,153,SE,4.2,6.7,0.0,,53.8,"Outlook, Yakima County",310135,Outlook,2020-12-15 23:01:50.178151
2012-11-02,15:00,58.0,49.0,71.9,0.0,125,SE,3.6,5.7,0.0,,53.9,"Outlook, Yakima County",310135,Outlook,2020-12-15 23:01:50.178151
2012-11-02,15:15,57.4,49.8,75.8,0.0,77,SE,3.0,5.3,0.0,,53.9,"Outlook, Yakima County",310135,Outlook,2020-12-15 23:01:50.178151
2012-11-02,15:30,57.0,50.4,78.4,0.0,69,SE,1.7,3.9,0.0,,54.0,"Outlook, Yakima County",310135,Outlook,2020-12-15 23:01:50.178151
2012-11-02,15:45,56.7,50.0,78.0,0.0,57,SE,2.2,4.2,0.0,,54.1,"Outlook, Yakima County",310135,Outlook,2020-12-15 23:01:50.178151
2012-11-02,16:00,56.3,48.9,76.1,0.0,26,E,0.6,3.1,0.0,,54.2,"Outlook, Yakima County",310135,Outlook,2020-12-15 23:01:50.178151
2012-11-02,16:15,55.5,48.6,77.5,0.0,20,NE,0.2,2.1,0.0,,54.3,"Outlook, Yakima County",310135,Outlook,2020-12-15 23:01:50.178151
2012-11-02,16:30,54.9,48.1,77.8,0.0,12,NE,1.4,3.1,0.0,,54.4,"Outlook, Yakima County",310135,Outlook,2020-12-15 23:01:50.178151
2012-11-02,16:45,54.6,48.4,79.5,0.0,3,W,1.0,2.8,0.0,,54.5,"Outlook, Yakima County",310135,Outlook,2020-12-15 23:01:50.178151
2012-11-02,17:00,53.2,49.2,86.2,0.0,1,NW,2.1,3.9,0.0,,54.5,"Outlook, Yakima County",310135,Outlook,2020-12-15 23:01:50.178151
2012-11-02,17:15,52.6,49.4,88.6,0.0,0,NW,3.0,3.9,0.0,,54.6,"Outlook, Yakima County",310135,Outlook,2020-12-15 23:01:50.178151
2012-11-02,17:30,52.3,49.2,89.0,0.0,0,NW,3.0,3.9,0.0,,54.7,"Outlook, Yakima County",310135,Outlook,2020-12-15 23:01:50.178151
2012-11-02,17:45,52.6,49.1,87.8,0.0,0,NW,2.7,3.9,0.0,,54.8,"Outlook, Yakima County",310135,Outlook,2020-12-15 23:01:50.178151
2012-11-02,18:00,52.7,48.7,86.1,0.0,0,W,3.5,4.9,0.0,,54.9,"Outlook, Yakima County",310135,Outlook,2020-12-15 23:01:50.178151
2012-11-02,18:15,52.5,48.3,85.6,0.0,0,W,4.4,5.7,0.0,,54.9,"Outlook, Yakima County",310135,Outlook,2020-12-15 23:01:50.178151
2012-11-02,18:30,52.1,48.4,87.1,0.0,0,NW,3.7,4.6,0.1,,55.0,"Outlook, Yakima County",310135,Outlook,2020-12-15 23:01:50.178151
2012-11-02,18:45,51.3,48.8,91.0,0.01,0,N,4.0,5.3,0.4,,55.1,"Outlook, Yakima County",310135,Outlook,2020-12-15 23:01:50.178151
2012-11-02,19:00,51.0,48.9,92.6,0.0,0,N ,4.1,7.4,0.46,,55.1,"Outlook, Yakima County",310135,Outlook,2020-12-15 23:01:50.178151
2012-11-02,19:15,51.6,48.6,89.4,0.0,0,N ,5.8,7.8,0.41,,55.2,"Outlook, Yakima County",310135,Outlook,2020-12-15 23:01:50.178151
2012-11-02,19:30,51.7,48.6,89.1,0.0,0,N,3.9,5.3,0.1,,55.2,"Outlook, Yakima County",310135,Outlook,2020-12-15 23:01:50.178151
2012-11-02,19:45,51.8,49.2,90.9,0.0,0,N ,5.4,7.4,0.07,,55.3,"Outlook, Yakima County",310135,Outlook,2020-12-15 23:01:50.178151
2012-11-02,20:00,52.1,49.5,90.7,0.0,0,N ,4.6,6.4,0.05,,55.3,"Outlook, Yakima County",310135,Outlook,2020-12-15 23:01:50.178151
2012-11-02,20:15,52.4,49.0,88.1,0.0,0,N ,2.9,4.6,0.04,,55.4,"Outlook, Yakima County",310135,Outlook,2020-12-15 23:01:50.178151
2012-11-02,20:30,52.5,48.4,85.7,0.0,0,W,0.3,2.8,0.03,,55.4,"Outlook, Yakima County",310135,Outlook,2020-12-15 23:01:50.178151
2012-11-02,20:45,52.1,47.9,85.6,0.0,0,N,1.0,3.1,0.03,,55.4,"Outlook, Yakima County",310135,Outlook,2020-12-15 23:01:50.178151
2012-11-02,21:00,51.5,47.5,86.3,0.0,0,N,2.4,4.2,0.03,,55.4,"Outlook, Yakima County",310135,Outlook,2020-12-15 23:01:50.178151
2012-11-02,21:15,51.5,47.6,86.5,0.0,0,NW,0.8,4.9,0.03,,55.5,"Outlook, Yakima County",310135,Outlook,2020-12-15 23:01:50.178151
2012-11-02,21:30,51.4,47.5,86.5,0.0,0,NW,4.5,5.7,0.02,,55.5,"Outlook, Yakima County",310135,Outlook,2020-12-15 23:01:50.178151
2012-11-02,21:45,50.5,47.2,88.1,0.0,0,NW,4.2,4.9,0.02,,55.5,"Outlook, Yakima County",310135,Outlook,2020-12-15 23:01:50.178151
2012-11-02,22:00,49.8,46.6,88.7,0.0,0,NW,4.9,5.7,0.02,,55.5,"Outlook, Yakima County",310135,Outlook,2020-12-15 23:01:50.178151
2012-11-02,22:15,48.8,46.3,90.8,0.0,0,NW,4.5,5.3,0.03,,55.5,"Outlook, Yakima County",310135,Outlook,2020-12-15 23:01:50.178151
2012-11-02,22:30,48.4,46.4,92.6,0.0,0,S,1.1,3.5,0.04,,55.5,"Outlook, Yakima County",310135,Outlook,2020-12-15 23:01:50.178151
2012-11-02,22:45,48.3,46.8,94.8,0.0,0,E,3.5,6.4,0.06,,55.5,"Outlook, Yakima County",310135,Outlook,2020-12-15 23:01:50.178151
2012-11-02,23:00,47.4,47.2,99.4,0.0,0,NE,3.9,5.7,0.1,,55.5,"Outlook, Yakima County",310135,Outlook,2020-12-15 23:01:50.178151
2012-11-03,23:15,47.1,47.1,100.0,0.0,0,NE,2.8,4.6,0.16,,55.5,"Outlook, Yakima County",310135,Outlook,2020-12-15 23:01:50.178151
2012-11-03,23:30,47.7,47.7,99.7,0.0,0,NE,2.4,4.2,0.21,,55.5,"Outlook, Yakima County",310135,Outlook,2020-12-15 23:01:50.178151
2012-11-03,23:45,47.9,47.1,97.2,0.0,0,NE,2.4,3.9,0.24,,55.5,"Outlook, Yakima County",310135,Outlook,2020-12-15 23:01:50.178151
2012-11-03,24:00,47.5,45.8,93.9,0.0,0,N ,3.1,5.3,0.27,,55.5,"Outlook, Yakima County",310135,Outlook,2020-12-15 23:01:50.178151
2012-11-03,00:15,47.3,45.7,94.0,0.0,0,N ,2.9,4.9,0.28,,55.5,"Outlook, Yakima County",310135,Outlook,2020-12-15 23:01:50.178151
2012-11-03,00:30,47.5,45.4,92.6,0.0,0,N ,3.9,5.3,0.23,,55.5,"Outlook, Yakima County",310135,Outlook,2020-12-15 23:01:50.178151
2012-11-03,00:45,48.2,46.0,92.0,0.0,0,N ,2.8,4.2,0.17,,55.5,"Outlook, Yakima County",310135,Outlook,2020-12-15 23:01:50.178151
2012-11-03,01:00,48.2,46.2,92.7,0.0,0,NE,2.3,3.5,0.14,,55.5,"Outlook, Yakima County",310135,Outlook,2020-12-15 23:01:50.178151
2012-11-03,01:15,48.0,45.9,92.4,0.0,0,N ,2.9,4.2,0.12,,55.5,"Outlook, Yakima County",310135,Outlook,2020-12-15 23:01:50.178151
2012-11-03,01:30,48.4,46.0,91.1,0.0,0,N ,1.4,3.9,0.1,,55.5,"Outlook, Yakima County",310135,Outlook,2020-12-15 23:01:50.178151
2012-11-03,01:45,48.5,45.7,90.0,0.0,0,N ,1.3,2.8,0.09,,55.5,"Outlook, Yakima County",310135,Outlook,2020-12-15 23:01:50.178151
2012-11-03,02:00,47.9,45.5,91.4,0.0,0,N ,2.8,4.2,0.09,,55.4,"Outlook, Yakima County",310135,Outlook,2020-12-15 23:01:50.178151
2012-11-03,02:15,48.2,45.6,90.5,0.0,0,N,1.1,3.5,0.08,,55.4,"Outlook, Yakima County",310135,Outlook,2020-12-15 23:01:50.178151
2012-11-03,02:30,47.0,44.8,92.0,0.0,0,N ,3.6,5.3,0.08,,55.4,"Outlook, Yakima County",310135,Outlook,2020-12-15 23:01:50.178151
2012-11-03,02:45,48.1,46.0,92.4,0.0,0,N,0.5,2.4,0.07,,55.4,"Outlook, Yakima County",310135,Outlook,2020-12-15 23:01:50.178151
2012-11-03,03:00,48.5,46.3,92.0,0.0,0,NE,1.3,2.8,0.06,,55.3,"Outlook, Yakima County",310135,Outlook,2020-12-15 23:01:50.178151
2012-11-03,03:15,48.6,46.6,92.8,0.0,0,NE,2.2,3.1,0.06,,55.3,"Outlook, Yakima County",310135,Outlook,2020-12-15 23:01:50.178151
2012-11-03,03:30,48.7,46.7,93.0,0.0,0,NE,1.0,2.8,0.05,,55.3,"Outlook, Yakima County",310135,Outlook,2020-12-15 23:01:50.178151
2012-11-03,03:45,48.6,46.9,93.8,0.0,0,N ,1.6,3.5,0.05,,55.2,"Outlook, Yakima County",310135,Outlook,2020-12-15 23:01:50.178151
2012-11-03,04:00,48.9,47.3,94.3,0.0,0,NE,0.6,2.8,0.05,,55.2,"Outlook, Yakima County",310135,Outlook,2020-12-15 23:01:50.178151
2012-11-03,04:15,48.7,47.4,95.1,0.0,0,NE,2.1,3.1,0.06,,55.2,"Outlook, Yakima County",310135,Outlook,2020-12-15 23:01:50.178151
2012-11-03,04:30,48.4,47.2,95.7,0.0,0,E,1.1,2.8,0.07,,55.1,"Outlook, Yakima County",310135,Outlook,2020-12-15 23:01:50.178151
2012-11-03,04:45,48.1,47.2,96.7,0.0,0,NE,1.6,2.8,0.1,,55.1,"Outlook, Yakima County",310135,Outlook,2020-12-15 23:01:50.178151
2012-11-03,05:00,48.4,47.5,96.9,0.0,0,NE,1.7,3.5,0.11,,55.1,"Outlook, Yakima County",310135,Outlook,2020-12-15 23:01:50.178151
2012-11-03,05:15,48.9,47.5,95.1,0.0,0,NE,2.3,3.5,0.1,,55.1,"Outlook, Yakima County",310135,Outlook,2020-12-15 23:01:50.178151
2012-11-03,05:30,49.3,47.5,93.3,0.0,0,NE,0.7,2.4,0.08,,55.0,"Outlook, Yakima County",310135,Outlook,2020-12-15 23:01:50.178151
2012-11-03,05:45,49.4,47.4,92.8,0.0,0,NE,1.5,2.8,0.07,,55.0,"Outlook, Yakima County",310135,Outlook,2020-12-15 23:01:50.178151
2012-11-03,06:00,49.3,47.4,93.1,0.0,0,E,1.1,2.8,0.23,,55.0,"Outlook, Yakima County",310135,Outlook,2020-12-15 23:01:50.178151
2012-11-03,06:15,48.9,47.6,94.9,0.0,0,E,1.5,3.1,0.4,,54.9,"Outlook, Yakima County",310135,Outlook,2020-12-15 23:01:50.178151
2012-11-03,06:30,48.6,47.3,95.4,0.0,0,NE,2.1,3.1,0.51,,54.9,"Outlook, Yakima County",310135,Outlook,2020-12-15 23:01:50.178151
2012-11-03,06:45,48.3,47.2,96.2,0.0,1,NE,2.6,3.9,0.53,,54.9,"Outlook, Yakima County",310135,Outlook,2020-12-15 23:01:50.178151
2012-11-03,07:00,48.4,47.3,96.1,0.0,5,E,2.6,3.9,0.54,,54.8,"Outlook, Yakima County",310135,Outlook,2020-12-15 23:01:50.178151
2012-11-03,07:15,48.4,47.4,96.3,0.0,15,E,2.9,4.2,0.54,,54.8,"Outlook, Yakima County",310135,Outlook,2020-12-15 23:01:50.178151
2012-11-03,07:30,48.7,47.6,95.9,0.0,27,E,1.9,4.9,0.52,,54.8,"Outlook, Yakima County",310135,Outlook,2020-12-15 23:01:50.178151
2012-11-03,07:45,48.8,47.7,95.9,0.0,40,E,1.2,3.5,0.52,,54.8,"Outlook, Yakima County",310135,Outlook,2020-12-15 23:01:50.178151
2012-11-03,08:00,49.4,48.3,96.0,0.0,97,E,2.5,3.5,0.51,,54.7,"Outlook, Yakima County",310135,Outlook,2020-12-15 23:01:50.178151
2012-11-03,08:15,50.5,49.0,94.4,0.0,100,E,3.6,6.7,0.46,,54.7,"Outlook, Yakima County",310135,Outlook,2020-12-15 23:01:50.178151
2012-11-03,08:30,51.1,49.0,92.5,0.0,103,E,3.8,6.0,0.41,,54.7,"Outlook, Yakima County",310135,Outlook,2020-12-15 23:01:50.178151
2012-11-03,08:45,51.4,48.9,91.3,0.0,142,E,3.9,6.0,0.35,,54.7,"Outlook, Yakima County",310135,Outlook,2020-12-15 23:01:50.178151
2012-11-03,09:00,52.1,49.1,89.7,0.0,207,E,4.8,7.8,0.29,,54.6,"Outlook, Yakima County",310135,Outlook,2020-12-15 23:01:50.178151
2012-11-03,09:15,52.0,49.0,89.5,0.0,126,SE,4.9,6.7,0.21,,54.6,"Outlook, Yakima County",310135,Outlook,2020-12-15 23:01:50.178151
2012-11-03,09:30,52.0,49.3,90.2,0.0,133,SE,3.9,5.3,0.16,,54.6,"Outlook, Yakima County",310135,Outlook,2020-12-15 23:01:50.178151
2012-11-03,09:45,52.3,49.1,88.8,0.0,142,SE,2.5,4.9,0.08,,54.6,"Outlook, Yakima County",310135,Outlook,2020-12-15 23:01:50.178151
2012-11-03,10:00,52.8,49.5,88.3,0.0,186,SE,1.9,3.1,0.05,,54.6,"Outlook, Yakima County",310135,Outlook,2020-12-15 23:01:50.178151
2012-11-03,10:15,52.9,49.8,89.1,0.0,196,SE,2.3,4.2,0.03,,54.5,"Outlook, Yakima County",310135,Outlook,2020-12-15 23:01:50.178151
2012-11-03,10:30,52.7,50.2,91.2,0.0,211,SE,1.9,4.2,0.02,,54.5,"Outlook, Yakima County",310135,Outlook,2020-12-15 23:01:50.178151
2012-11-03,10:45,53.2,50.6,90.8,0.0,235,S,1.7,3.9,0.02,,54.5,"Outlook, Yakima County",310135,Outlook,2020-12-15 23:01:50.178151
2012-11-03,11:00,53.3,50.5,89.9,0.0,243,SE,2.0,3.9,0.02,,54.5,"Outlook, Yakima County",310135,Outlook,2020-12-15 23:01:50.178151
2012-11-03,11:15,53.9,50.6,88.5,0.0,216,E,1.4,4.9,0.02,,54.5,"Outlook, Yakima County",310135,Outlook,2020-12-15 23:01:50.178151
2012-11-03,11:30,54.2,50.0,85.6,0.0,194,E,2.8,3.9,0.02,,54.5,"Outlook, Yakima County",310135,Outlook,2020-12-15 23:01:50.178151
2012-11-03,11:45,54.5,49.9,84.3,0.0,181,E,2.2,4.6,0.02,,54.5,"Outlook, Yakima County",310135,Outlook,2020-12-15 23:01:50.178151
2012-11-03,12:00,54.6,50.6,86.1,0.0,167,SE,3.3,5.3,0.02,,54.5,"Outlook, Yakima County",310135,Outlook,2020-12-15 23:01:50.178151
2012-11-03,12:15,54.9,51.0,86.6,0.0,174,SE,3.3,5.3,0.02,,54.5,"Outlook, Yakima County",310135,Outlook,2020-12-15 23:01:50.178151
2012-11-03,12:30,55.0,51.5,88.0,0.0,160,SE,2.9,4.9,0.02,,54.5,"Outlook, Yakima County",310135,Outlook,2020-12-15 23:01:50.178151
2012-11-03,12:45,55.1,51.5,87.4,0.0,159,SE,2.7,4.2,0.02,,54.5,"Outlook, Yakima County",310135,Outlook,2020-12-15 23:01:50.178151
2012-11-03,13:00,55.3,51.3,86.4,0.0,162,SE,2.1,3.5,0.02,,54.5,"Outlook, Yakima County",310135,Outlook,2020-12-15 23:01:50.178151
2012-11-03,13:15,55.1,51.6,88.0,0.0,149,S,2.4,3.9,0.02,,54.5,"Outlook, Yakima County",310135,Outlook,2020-12-15 23:01:50.178151
2012-11-03,13:30,54.9,52.0,89.8,0.0,168,S,3.0,4.6,0.02,,54.6,"Outlook, Yakima County",310135,Outlook,2020-12-15 23:01:50.178151
2012-11-03,13:45,54.9,51.9,89.4,0.0,169,SE,3.5,5.3,0.02,,54.6,"Outlook, Yakima County",310135,Outlook,2020-12-15 23:01:50.178151
2012-11-03,14:00,54.8,52.2,90.9,0.0,126,SE,3.6,5.7,0.02,,54.6,"Outlook, Yakima County",310135,Outlook,2020-12-15 23:01:50.178151
2012-11-03,14:15,54.9,52.0,89.8,0.0,110,E,3.6,6.0,0.02,,54.7,"Outlook, Yakima County",310135,Outlook,2020-12-15 23:01:50.178151
2012-11-03,14:30,55.1,52.1,89.6,0.0,117,E,3.5,5.3,0.02,,54.7,"Outlook, Yakima County",310135,Outlook,2020-12-15 23:01:50.178151
2012-11-03,14:45,55.1,52.3,90.1,0.0,96,E,3.5,5.3,0.02,,54.7,"Outlook, Yakima County",310135,Outlook,2020-12-15 23:01:50.178151
2012-11-03,15:00,55.0,52.4,90.8,0.0,88,E,2.9,5.7,0.02,,54.8,"Outlook, Yakima County",310135,Outlook,2020-12-15 23:01:50.178151
2012-11-03,15:15,55.4,52.0,88.2,0.0,76,E,2.2,4.9,0.02,,54.8,"Outlook, Yakima County",310135,Outlook,2020-12-15 23:01:50.178151
2012-11-03,15:30,55.1,52.2,90.0,0.0,63,SE,3.1,4.9,0.02,,54.9,"Outlook, Yakima County",310135,Outlook,2020-12-15 23:01:50.178151
2012-11-03,15:45,55.1,52.1,89.6,0.0,49,E,3.9,6.7,0.02,,54.9,"Outlook, Yakima County",310135,Outlook,2020-12-15 23:01:50.178151
2012-11-03,16:00,55.5,51.2,85.3,0.0,32,E,3.5,6.0,0.02,,55.0,"Outlook, Yakima County",310135,Outlook,2020-12-15 23:01:50.178151
2012-11-03,16:15,56.0,50.6,82.0,0.0,30,E,2.4,3.9,0.02,,55.0,"Outlook, Yakima County",310135,Outlook,2020-12-15 23:01:50.178151
2012-11-03,16:30,55.7,50.7,83.0,0.0,21,NE,2.1,3.1,0.02,,55.0,"Outlook, Yakima County",310135,Outlook,2020-12-15 23:01:50.178151
2012-11-03,16:45,55.1,50.4,84.0,0.0,3,NE,2.4,3.9,0.02,,55.1,"Outlook, Yakima County",310135,Outlook,2020-12-15 23:01:50.178151
2012-11-03,17:00,54.9,50.1,83.5,0.0,0,NE,3.1,5.7,0.02,,55.1,"Outlook, Yakima County",310135,Outlook,2020-12-15 23:01:50.178151
2012-11-03,17:15,54.9,49.9,83.2,0.0,0,NE,3.0,3.9,0.02,,55.2,"Outlook, Yakima County",310135,Outlook,2020-12-15 23:01:50.178151
2012-11-03,17:30,53.8,49.4,85.2,0.0,0,N ,4.1,5.7,0.02,,55.2,"Outlook, Yakima County",310135,Outlook,2020-12-15 23:01:50.178151
2012-11-03,17:45,54.2,49.7,84.5,0.0,0,NE,3.0,4.9,0.02,,55.3,"Outlook, Yakima County",310135,Outlook,2020-12-15 23:01:50.178151
2012-11-03,18:00,54.3,49.6,84.0,0.0,0,NE,3.0,3.9,0.02,,55.3,"Outlook, Yakima County",310135,Outlook,2020-12-15 23:01:50.178151
2012-11-03,18:15,54.7,49.6,82.9,0.0,0,NE,2.6,4.2,0.02,,55.3,"Outlook, Yakima County",310135,Outlook,2020-12-15 23:01:50.178151
2012-11-03,18:30,54.8,49.4,81.8,0.0,0,N ,2.1,3.9,0.01,,55.4,"Outlook, Yakima County",310135,Outlook,2020-12-15 23:01:50.178151
2012-11-03,18:45,54.1,49.1,82.9,0.0,0,N ,2.7,6.7,0.02,,55.4,"Outlook, Yakima County",310135,Outlook,2020-12-15 23:01:50.178151
2012-11-03,19:00,53.2,48.9,85.5,0.0,0,N ,5.0,7.4,0.02,,55.4,"Outlook, Yakima County",310135,Outlook,2020-12-15 23:01:50.178151
2012-11-03,19:15,53.8,49.3,84.8,0.0,0,NE,2.6,3.9,0.02,,55.4,"Outlook, Yakima County",310135,Outlook,2020-12-15 23:01:50.178151
2012-11-03,19:30,53.4,48.9,84.6,0.0,0,N ,4.7,7.8,0.02,,55.5,"Outlook, Yakima County",310135,Outlook,2020-12-15 23:01:50.178151
2012-11-03,19:45,53.6,49.1,84.9,0.0,0,N ,3.2,4.9,0.02,,55.5,"Outlook, Yakima County",310135,Outlook,2020-12-15 23:01:50.178151
2012-11-03,20:00,54.2,49.2,83.1,0.0,0,NE,2.9,5.3,0.02,,55.5,"Outlook, Yakima County",310135,Outlook,2020-12-15 23:01:50.178151
2012-11-03,20:15,54.3,49.1,82.3,0.0,0,NE,2.7,4.6,0.01,,55.5,"Outlook, Yakima County",310135,Outlook,2020-12-15 23:01:50.178151
2012-11-03,20:30,54.2,49.2,83.1,0.0,0,NE,3.1,4.9,0.01,,55.5,"Outlook, Yakima County",310135,Outlook,2020-12-15 23:01:50.178151
2012-11-03,20:45,54.9,49.4,81.6,0.0,0,NE,2.2,3.5,0.01,,55.5,"Outlook, Yakima County",310135,Outlook,2020-12-15 23:01:50.178151
2012-11-03,21:00,54.1,49.0,82.7,0.0,0,N ,3.2,4.6,0.01,,55.5,"Outlook, Yakima County",310135,Outlook,2020-12-15 23:01:50.178151
2012-11-03,21:15,54.6,49.1,81.6,0.0,0,NE,2.8,3.9,0.01,,55.5,"Outlook, Yakima County",310135,Outlook,2020-12-15 23:01:50.178151
2012-11-03,21:30,53.4,48.4,83.0,0.0,0,N ,5.1,6.7,0.01,,55.5,"Outlook, Yakima County",310135,Outlook,2020-12-15 23:01:50.178151
2012-11-03,21:45,52.2,48.3,86.7,0.0,0,N ,6.4,8.2,0.01,,55.5,"Outlook, Yakima County",310135,Outlook,2020-12-15 23:01:50.178151
2012-11-03,22:00,53.5,48.9,84.3,0.0,0,NE,3.4,6.4,0.01,,55.5,"Outlook, Yakima County",310135,Outlook,2020-12-15 23:01:50.178151
2012-11-03,22:15,54.5,48.7,80.4,0.0,0,NE,3.2,4.2,0.01,,55.5,"Outlook, Yakima County",310135,Outlook,2020-12-15 23:01:50.178151
2012-11-03,22:30,53.4,48.2,82.7,0.0,0,N ,3.4,4.9,0.01,,55.5,"Outlook, Yakima County",310135,Outlook,2020-12-15 23:01:50.178151
2012-11-03,22:45,52.6,47.9,84.1,0.0,0,N ,6.1,7.4,0.01,,55.5,"Outlook, Yakima County",310135,Outlook,2020-12-15 23:01:50.178151
2012-11-03,23:00,52.9,48.1,83.6,0.0,0,N ,5.7,7.4,0.01,,55.5,"Outlook, Yakima County",310135,Outlook,2020-12-15 23:01:50.178151
2012-11-04,23:15,51.6,47.6,85.9,0.0,0,N ,5.1,7.8,0.01,,55.5,"Outlook, Yakima County",310135,Outlook,2020-12-15 23:01:50.178151
2012-11-04,23:30,51.7,47.7,85.9,0.0,0,N ,7.1,9.2,0.01,,55.5,"Outlook, Yakima County",310135,Outlook,2020-12-15 23:01:50.178151
2012-11-04,23:45,53.2,48.2,83.0,0.0,0,N ,5.3,6.7,0.01,,55.5,"Outlook, Yakima County",310135,Outlook,2020-12-15 23:01:50.178151
2012-11-04,24:00,53.2,48.2,82.9,0.0,0,NE,3.6,5.3,0.01,,55.4,"Outlook, Yakima County",310135,Outlook,2020-12-15 23:01:50.178151
2012-11-04,00:15,53.0,48.3,83.8,0.0,0,NE,3.0,4.2,0.01,,55.4,"Outlook, Yakima County",310135,Outlook,2020-12-15 23:01:50.178151
2012-11-04,00:30,52.9,47.9,82.9,0.0,0,N ,3.6,5.7,0.01,,55.4,"Outlook, Yakima County",310135,Outlook,2020-12-15 23:01:50.178151
2012-11-04,00:45,52.5,47.7,83.8,0.0,0,N ,4.3,6.0,0.01,,55.4,"Outlook, Yakima County",310135,Outlook,2020-12-15 23:01:50.178151
2012-11-04,01:00,51.0,47.0,86.0,0.0,0,N ,6.8,8.2,0.01,,55.4,"Outlook, Yakima County",310135,Outlook,2020-12-15 23:01:50.178151
2012-11-04,01:15,50.9,46.9,86.0,0.0,0,N ,7.0,8.9,0.01,,55.4,"Outlook, Yakima County",310135,Outlook,2020-12-15 23:01:50.178151
2012-11-04,01:30,50.8,47.0,86.8,0.0,0,N ,5.0,7.8,0.01,,55.3,"Outlook, Yakima County",310135,Outlook,2020-12-15 23:01:50.178151
2012-11-04,01:45,51.6,47.3,85.1,0.0,0,NE,3.0,4.6,0.02,,55.3,"Outlook, Yakima County",310135,Outlook,2020-12-15 23:01:50.178151
2012-11-04,02:00,52.3,47.4,83.3,0.0,0,N ,3.5,6.0,0.02,,55.3,"Outlook, Yakima County",310135,Outlook,2020-12-15 23:01:50.178151
2012-11-04,02:15,50.8,46.5,85.1,0.0,0,N ,5.2,7.1,0.02,,55.3,"Outlook, Yakima County",310135,Outlook,2020-12-15 23:01:50.178151
2012-11-04,02:30,51.1,46.8,85.1,0.0,0,N ,4.3,6.7,0.02,,55.2,"Outlook, Yakima County",310135,Outlook,2020-12-15 23:01:50.178151
2012-11-04,02:45,50.8,46.6,85.3,0.0,0,N ,6.0,7.4,0.02,,55.2,"Outlook, Yakima County",310135,Outlook,2020-12-15 23:01:50.178151
2012-11-04,03:00,51.1,46.8,85.1,0.0,0,N ,6.7,8.5,0.01,,55.2,"Outlook, Yakima County",310135,Outlook,2020-12-15 23:01:50.178151
2012-11-04,03:15,51.8,47.1,83.8,0.0,0,N ,5.1,8.2,0.01,,55.2,"Outlook, Yakima County",310135,Outlook,2020-12-15 23:01:50.178151
2012-11-04,03:30,52.4,47.4,82.9,0.0,0,NE,3.6,5.3,0.01,,55.2,"Outlook, Yakima County",310135,Outlook,2020-12-15 23:01:50.178151
2012-11-04,03:45,54.1,47.8,79.1,0.0,0,NE,2.9,4.2,0.0,,55.1,"Outlook, Yakima County",310135,Outlook,2020-12-15 23:01:50.178151
2012-11-04,04:00,52.8,47.6,82.4,0.0,0,N ,3.8,5.7,0.0,,55.1,"Outlook, Yakima County",310135,Outlook,2020-12-15 23:01:50.178151
2012-11-04,04:15,51.2,47.0,85.2,0.0,0,N ,4.7,6.7,0.0,,55.1,"Outlook, Yakima County",310135,Outlook,2020-12-15 23:01:50.178151
2012-11-04,04:30,51.7,47.3,84.7,0.0,0,N ,5.0,6.4,0.0,,55.1,"Outlook, Yakima County",310135,Outlook,2020-12-15 23:01:50.178151
2012-11-04,04:45,53.1,47.8,82.1,0.0,0,N ,3.2,5.3,0.0,,55.0,"Outlook, Yakima County",310135,Outlook,2020-12-15 23:01:50.178151
2012-11-04,05:00,53.3,48.1,82.3,0.0,0,N ,3.1,4.2,0.0,,55.0,"Outlook, Yakima County",310135,Outlook,2020-12-15 23:01:50.178151
2012-11-04,05:15,53.4,48.1,82.3,0.0,0,N ,1.4,3.9,0.0,,55.0,"Outlook, Yakima County",310135,Outlook,2020-12-15 23:01:50.178151
2012-11-04,05:30,53.6,48.3,81.9,0.0,0,NE,1.1,3.1,0.0,,54.9,"Outlook, Yakima County",310135,Outlook,2020-12-15 23:01:50.178151
2012-11-04,05:45,53.2,48.3,83.4,0.0,0,NE,1.0,2.8,0.0,,54.9,"Outlook, Yakima County",310135,Outlook,2020-12-15 23:01:50.178151
2012-11-04,06:00,53.4,48.1,82.2,0.0,0,N,1.5,3.9,0.0,,54.9,"Outlook, Yakima County",310135,Outlook,2020-12-15 23:01:50.178151
2012-11-04,06:15,53.0,48.6,84.8,0.0,0,N ,4.3,6.0,0.0,,54.9,"Outlook, Yakima County",310135,Outlook,2020-12-15 23:01:50.178151
2012-11-04,06:30,52.8,48.5,85.2,0.0,0,N ,4.8,6.0,0.0,,54.8,"Outlook, Yakima County",310135,Outlook,2020-12-15 23:01:50.178151
2012-11-04,06:45,52.6,48.4,85.6,0.0,2,N ,5.2,6.7,0.0,,54.8,"Outlook, Yakima County",310135,Outlook,2020-12-15 23:01:50.178151
2012-11-04,07:00,52.4,48.3,85.9,0.0,9,N ,4.6,6.4,0.0,,54.8,"Outlook, Yakima County",310135,Outlook,2020-12-15 23:01:50.178151
2012-11-04,07:15,53.4,48.5,83.4,0.0,24,N ,3.9,5.3,0.0,,54.8,"Outlook, Yakima County",310135,Outlook,2020-12-15 23:01:50.178151
2012-11-04,07:30,53.2,48.6,84.4,0.0,46,N ,3.5,4.6,0.0,,54.7,"Outlook, Yakima County",310135,Outlook,2020-12-15 23:01:50.178151
2012-11-04,07:45,53.4,48.8,84.2,0.0,62,N ,2.0,4.2,0.0,,54.7,"Outlook, Yakima County",310135,Outlook,2020-12-15 23:01:50.178151
2012-11-04,08:00,54.0,49.1,83.4,0.0,83,N ,2.7,3.5,0.0,,54.7,"Outlook, Yakima County",310135,Outlook,2020-12-15 23:01:50.178151
2012-11-04,08:15,54.6,49.8,83.8,0.0,117,N ,2.7,4.6,0.0,,54.7,"Outlook, Yakima County",310135,Outlook,2020-12-15 23:01:50.178151
2012-11-04,08:30,55.5,50.4,82.8,0.0,136,N ,2.3,3.9,0.0,,54.7,"Outlook, Yakima County",310135,Outlook,2020-12-15 23:01:50.178151
2012-11-04,08:45,56.9,50.3,78.4,0.0,167,N ,1.2,3.5,0.0,,54.6,"Outlook, Yakima County",310135,Outlook,2020-12-15 23:01:50.178151
2012-11-04,09:00,58.1,49.5,72.9,0.0,161,NE,1.1,2.8,0.0,,54.6,"Outlook, Yakima County",310135,Outlook,2020-12-15 23:01:50.178151
2012-11-04,09:15,58.6,49.5,71.7,0.0,211,E,1.6,3.1,0.0,,54.6,"Outlook, Yakima County",310135,Outlook,2020-12-15 23:01:50.178151
2012-11-04,09:30,58.8,50.9,75.0,0.0,234,S,1.8,3.1,0.0,,54.6,"Outlook, Yakima County",310135,Outlook,2020-12-15 23:01:50.178151
2012-11-04,09:45,58.4,52.2,79.8,0.0,211,S,2.1,3.1,0.0,,54.6,"Outlook, Yakima County",310135,Outlook,2020-12-15 23:01:50.178151
2012-11-04,10:00,57.4,52.0,81.9,0.0,272,S,1.5,3.5,0.0,,54.6,"Outlook, Yakima County",310135,Outlook,2020-12-15 23:01:50.178151
2012-11-04,10:15,58.0,52.1,80.4,0.0,258,S,1.3,4.2,0.0,,54.6,"Outlook, Yakima County",310135,Outlook,2020-12-15 23:01:50.178151
2012-11-04,10:30,57.8,52.8,83.3,0.0,221,S,1.3,3.1,0.0,,54.5,"Outlook, Yakima County",310135,Outlook,2020-12-15 23:01:50.178151
2012-11-04,10:45,56.8,52.8,86.5,0.0,209,S,1.5,3.1,0.0,,54.5,"Outlook, Yakima County",310135,Outlook,2020-12-15 23:01:50.178151
2012-11-04,11:00,56.7,52.9,86.9,0.0,189,SE,2.8,3.9,0.0,,54.5,"Outlook, Yakima County",310135,Outlook,2020-12-15 23:01:50.178151
2012-11-04,11:15,57.2,53.7,87.9,0.0,193,E,2.2,3.5,0.0,,54.5,"Outlook, Yakima County",310135,Outlook,2020-12-15 23:01:50.178151
2012-11-04,11:30,58.4,54.0,85.3,0.0,203,E,3.1,4.9,0.0,,54.6,"Outlook, Yakima County",310135,Outlook,2020-12-15 23:01:50.178151
2012-11-04,11:45,58.6,53.9,84.3,0.0,180,SE,4.3,7.4,0.0,,54.6,"Outlook, Yakima County",310135,Outlook,2020-12-15 23:01:50.178151
2012-11-04,12:00,58.8,53.2,81.5,0.0,183,SE,5.6,8.2,0.0,,54.6,"Outlook, Yakima County",310135,Outlook,2020-12-15 23:01:50.178151
2012-11-04,12:15,59.2,53.5,81.3,0.0,198,E,5.5,8.2,0.0,,54.6,"Outlook, Yakima County",310135,Outlook,2020-12-15 23:01:50.178151
2012-11-04,12:30,59.7,53.8,80.9,0.0,234,E,5.5,8.5,0.0,,54.6,"Outlook, Yakima County",310135,Outlook,2020-12-15 23:01:50.178151
2012-11-04,12:45,60.0,54.2,81.0,0.0,255,E,5.5,8.5,0.0,,54.7,"Outlook, Yakima County",310135,Outlook,2020-12-15 23:01:50.178151
2012-11-04,13:00,60.7,54.3,79.3,0.0,329,E,5.5,7.8,0.0,,54.7,"Outlook, Yakima County",310135,Outlook,2020-12-15 23:01:50.178151
2012-11-04,13:15,61.4,54.5,77.9,0.0,369,E,6.2,8.9,0.0,,54.7,"Outlook, Yakima County",310135,Outlook,2020-12-15 23:01:50.178151
2012-11-04,13:30,61.5,54.7,78.3,0.0,257,E,5.0,7.4,0.0,,54.8,"Outlook, Yakima County",310135,Outlook,2020-12-15 23:01:50.178151
2012-11-04,13:45,61.9,54.9,77.6,0.0,286,E,5.7,8.2,0.0,,54.8,"Outlook, Yakima County",310135,Outlook,2020-12-15 23:01:50.178151
2012-11-04,14:00,62.7,54.9,75.4,0.0,333,E,5.6,7.8,0.0,,54.9,"Outlook, Yakima County",310135,Outlook,2020-12-15 23:01:50.178151
2012-11-04,14:15,62.9,54.9,75.0,0.0,222,E,4.6,6.7,0.0,,54.9,"Outlook, Yakima County",310135,Outlook,2020-12-15 23:01:50.178151
2012-11-04,14:30,63.7,55.0,73.2,0.0,265,E,5.1,7.1,0.0,,55.0,"Outlook, Yakima County",310135,Outlook,2020-12-15 23:01:50.178151
2012-11-04,14:45,64.2,55.2,72.4,0.0,256,E,5.0,7.1,0.0,,55.0,"Outlook, Yakima County",310135,Outlook,2020-12-15 23:01:50.178151
2012-11-04,15:00,64.4,55.0,71.4,0.0,169,E,4.5,7.1,0.0,,55.1,"Outlook, Yakima County",310135,Outlook,2020-12-15 23:01:50.178151
2012-11-04,15:15,64.6,55.5,72.2,0.0,181,E,4.8,7.1,0.0,,55.1,"Outlook, Yakima County",310135,Outlook,2020-12-15 23:01:50.178151
2012-11-04,15:30,64.6,55.2,71.6,0.0,173,E,4.4,6.4,0.0,,55.2,"Outlook, Yakima County",310135,Outlook,2020-12-15 23:01:50.178151
2012-11-04,15:45,64.1,55.3,73.0,0.0,116,E,4.0,6.4,0.0,,55.3,"Outlook, Yakima County",310135,Outlook,2020-12-15 23:01:50.178151
2012-11-04,16:00,63.5,55.9,76.2,0.0,79,E,2.9,4.2,0.0,,55.3,"Outlook, Yakima County",310135,Outlook,2020-12-15 23:01:50.178151
2012-11-04,16:15,62.6,56.2,79.6,0.0,75,E,2.4,3.9,0.0,,55.4,"Outlook, Yakima County",310135,Outlook,2020-12-15 23:01:50.178151
2012-11-04,16:30,62.0,56.1,81.0,0.0,40,E,1.3,3.1,0.0,,55.5,"Outlook, Yakima County",310135,Outlook,2020-12-15 23:01:50.178151
2012-11-04,16:45,60.5,55.6,83.8,0.0,6,NE,2.9,3.9,0.0,,55.5,"Outlook, Yakima County",310135,Outlook,2020-12-15 23:01:50.178151
2012-11-04,17:00,60.3,54.8,82.2,0.0,1,NE,2.7,3.9,0.0,,55.6,"Outlook, Yakima County",310135,Outlook,2020-12-15 23:01:50.178151
2012-11-04,17:15,60.3,54.7,81.8,0.0,0,NE,2.1,3.9,0.0,,55.7,"Outlook, Yakima County",310135,Outlook,2020-12-15 23:01:50.178151
2012-11-04,17:30,60.2,54.6,81.7,0.0,0,NE,2.0,3.9,0.0,,55.8,"Outlook, Yakima County",310135,Outlook,2020-12-15 23:01:50.178151
2012-11-04,17:45,58.9,54.3,84.6,0.0,0,NE,2.7,4.2,0.0,,55.9,"Outlook, Yakima County",310135,Outlook,2020-12-15 23:01:50.178151
2012-11-04,18:00,59.6,54.7,83.8,0.0,0,NE,2.8,4.2,0.0,,55.9,"Outlook, Yakima County",310135,Outlook,2020-12-15 23:01:50.178151
2012-11-04,18:15,59.8,54.8,83.4,0.0,0,NE,2.9,3.9,0.0,,56.0,"Outlook, Yakima County",310135,Outlook,2020-12-15 23:01:50.178151
2012-11-04,18:30,59.9,54.7,82.6,0.0,0,NE,3.2,4.6,0.0,,56.1,"Outlook, Yakima County",310135,Outlook,2020-12-15 23:01:50.178151
2012-11-04,18:45,59.6,54.4,82.6,0.0,0,NE,3.0,4.6,0.0,,56.1,"Outlook, Yakima County",310135,Outlook,2020-12-15 23:01:50.178151
2012-11-04,19:00,59.5,54.4,83.0,0.0,0,NE,2.0,3.1,0.0,,56.2,"Outlook, Yakima County",310135,Outlook,2020-12-15 23:01:50.178151
2012-11-04,19:15,58.6,53.9,84.4,0.0,0,N ,3.4,6.0,0.0,,56.3,"Outlook, Yakima County",310135,Outlook,2020-12-15 23:01:50.178151
2012-11-04,19:30,58.2,53.7,85.0,0.0,0,N ,4.0,6.7,0.0,,56.3,"Outlook, Yakima County",310135,Outlook,2020-12-15 23:01:50.178151
2012-11-04,19:45,58.1,53.5,84.6,0.0,0,N ,3.3,5.3,0.0,,56.4,"Outlook, Yakima County",310135,Outlook,2020-12-15 23:01:50.178151
2012-11-04,20:00,58.0,53.6,85.1,0.0,0,N ,3.4,6.4,0.0,,56.4,"Outlook, Yakima County",310135,Outlook,2020-12-15 23:01:50.178151
2012-11-04,20:15,57.6,53.3,85.4,0.0,0,N ,4.0,6.4,0.0,,56.5,"Outlook, Yakima County",310135,Outlook,2020-12-15 23:01:50.178151
2012-11-04,20:30,56.9,53.2,87.3,0.0,0,N ,5.7,7.4,0.0,,56.5,"Outlook, Yakima County",310135,Outlook,2020-12-15 23:01:50.178151
2012-11-04,20:45,57.5,53.2,85.6,0.0,0,N ,3.9,6.7,0.0,,56.5,"Outlook, Yakima County",310135,Outlook,2020-12-15 23:01:50.178151
2012-11-04,21:00,57.5,53.1,85.2,0.0,0,N ,4.1,6.4,0.0,,56.6,"Outlook, Yakima County",310135,Outlook,2020-12-15 23:01:50.178151
2012-11-04,21:15,57.9,52.8,83.0,0.0,0,N ,3.3,5.7,0.0,,56.6,"Outlook, Yakima County",310135,Outlook,2020-12-15 23:01:50.178151
2012-11-04,21:30,57.4,52.6,83.7,0.0,0,N ,4.9,7.8,0.0,,56.6,"Outlook, Yakima County",310135,Outlook,2020-12-15 23:01:50.178151
2012-11-04,21:45,58.2,52.5,81.1,0.0,0,NE,3.2,7.1,0.0,,56.7,"Outlook, Yakima County",310135,Outlook,2020-12-15 23:01:50.178151
2012-11-04,22:00,57.8,52.1,81.2,0.0,0,N ,5.2,7.4,0.0,,56.7,"Outlook, Yakima County",310135,Outlook,2020-12-15 23:01:50.178151
2012-11-04,22:15,57.4,52.0,82.1,0.0,0,N ,4.8,6.7,0.0,,56.7,"Outlook, Yakima County",310135,Outlook,2020-12-15 23:01:50.178151
2012-11-04,22:30,57.2,52.0,82.6,0.0,0,N ,4.0,6.4,0.0,,56.7,"Outlook, Yakima County",310135,Outlook,2020-12-15 23:01:50.178151
2012-11-04,22:45,57.2,52.1,83.0,0.0,0,N ,3.1,6.4,0.0,,56.7,"Outlook, Yakima County",310135,Outlook,2020-12-15 23:01:50.178151
2012-11-04,23:00,56.8,52.0,84.0,0.0,0,N,2.4,4.6,0.0,,56.7,"Outlook, Yakima County",310135,Outlook,2020-12-15 23:01:50.178151
2012-11-04,23:15,56.7,51.9,83.8,0.0,0,N ,3.4,5.3,0.0,,56.7,"Outlook, Yakima County",310135,Outlook,2020-12-15 23:01:50.178151
2012-11-04,23:30,56.8,52.1,84.2,0.0,0,NE,2.7,4.6,0.0,,56.7,"Outlook, Yakima County",310135,Outlook,2020-12-15 23:01:50.178151
2012-11-04,23:45,57.0,52.5,84.8,0.0,0,E,2.4,3.5,0.0,,56.7,"Outlook, Yakima County",310135,Outlook,2020-12-15 23:01:50.178151
2012-11-04,24:00,56.7,52.5,85.8,0.0,0,E,2.5,3.9,0.01,,56.7,"Outlook, Yakima County",310135,Outlook,2020-12-15 23:01:50.178151
2012-11-05,00:15,56.1,52.7,88.3,0.0,0,NE,3.1,4.2,0.01,,56.7,"Outlook, Yakima County",310135,Outlook,2020-12-15 23:01:50.178151
2012-11-05,00:30,56.3,52.8,87.8,0.0,0,NE,3.1,4.9,0.02,,56.7,"Outlook, Yakima County",310135,Outlook,2020-12-15 23:01:50.178151
2012-11-05,00:45,57.4,52.6,83.8,0.0,0,NE,2.1,6.4,0.02,,56.7,"Outlook, Yakima County",310135,Outlook,2020-12-15 23:01:50.178151
2012-11-05,01:00,55.4,51.6,86.9,0.0,0,N ,5.4,8.2,0.02,,56.7,"Outlook, Yakima County",310135,Outlook,2020-12-15 23:01:50.178151
2012-11-05,01:15,55.3,51.9,88.2,0.0,0,NE,4.5,7.1,0.02,,56.7,"Outlook, Yakima County",310135,Outlook,2020-12-15 23:01:50.178151
2012-11-05,01:30,56.2,52.3,86.8,0.0,0,NE,2.9,4.6,0.02,,56.7,"Outlook, Yakima County",310135,Outlook,2020-12-15 23:01:50.178151
2012-11-05,01:45,56.1,52.1,86.4,0.0,0,N ,3.7,5.7,0.02,,56.7,"Outlook, Yakima County",310135,Outlook,2020-12-15 23:01:50.178151
2012-11-05,02:00,56.0,52.4,87.6,0.0,0,NE,3.1,4.9,0.02,,56.7,"Outlook, Yakima County",310135,Outlook,2020-12-15 23:01:50.178151
2012-11-05,02:15,56.8,52.7,86.0,0.0,0,NE,3.2,5.7,0.02,,56.6,"Outlook, Yakima County",310135,Outlook,2020-12-15 23:01:50.178151
2012-11-05,02:30,56.7,52.8,86.8,0.0,0,NE,3.0,4.9,0.02,,56.6,"Outlook, Yakima County",310135,Outlook,2020-12-15 23:01:50.178151
2012-11-05,02:45,56.8,52.7,85.9,0.0,0,NE,4.1,6.4,0.02,,56.6,"Outlook, Yakima County",310135,Outlook,2020-12-15 23:01:50.178151
2012-11-05,03:00,56.0,52.4,87.5,0.0,0,N ,4.3,6.7,0.02,,56.6,"Outlook, Yakima County",310135,Outlook,2020-12-15 23:01:50.178151
2012-11-05,03:15,56.3,52.4,86.7,0.0,0,N ,4.1,6.7,0.02,,56.6,"Outlook, Yakima County",310135,Outlook,2020-12-15 23:01:50.178151
2012-11-05,03:30,56.2,52.2,86.4,0.0,0,N ,5.3,7.8,0.01,,56.6,"Outlook, Yakima County",310135,Outlook,2020-12-15 23:01:50.178151
2012-11-05,03:45,55.7,51.8,86.6,0.0,0,N ,4.7,8.2,0.01,,56.5,"Outlook, Yakima County",310135,Outlook,2020-12-15 23:01:50.178151
2012-11-05,04:00,54.8,51.3,87.9,0.0,0,N ,7.6,10.3,0.01,,56.5,"Outlook, Yakima County",310135,Outlook,2020-12-15 23:01:50.178151
2012-11-05,04:15,54.6,51.1,87.8,0.0,0,N ,7.7,9.9,0.01,,56.5,"Outlook, Yakima County",310135,Outlook,2020-12-15 23:01:50.178151
2012-11-05,04:30,54.8,51.3,87.6,0.0,0,N ,6.9,9.2,0.01,,56.5,"Outlook, Yakima County",310135,Outlook,2020-12-15 23:01:50.178151
2012-11-05,04:45,54.2,51.4,90.0,0.0,0,N ,5.7,7.8,0.02,,56.4,"Outlook, Yakima County",310135,Outlook,2020-12-15 23:01:50.178151
2012-11-05,05:00,54.1,51.9,92.2,0.0,0,N,5.4,6.4,0.02,,56.4,"Outlook, Yakima County",310135,Outlook,2020-12-15 23:01:50.178151
2012-11-05,05:15,55.6,52.6,89.5,0.0,0,NW,5.4,6.4,0.03,,56.4,"Outlook, Yakima County",310135,Outlook,2020-12-15 23:01:50.178151
2012-11-05,05:30,55.3,52.3,89.4,0.0,0,N,5.4,7.8,0.03,,56.4,"Outlook, Yakima County",310135,Outlook,2020-12-15 23:01:50.178151
2012-11-05,05:45,56.4,53.0,88.3,0.0,0,N,6.6,8.2,0.03,,56.4,"Outlook, Yakima County",310135,Outlook,2020-12-15 23:01:50.178151
2012-11-05,06:00,57.0,53.0,86.4,0.0,0,NW,6.5,7.8,0.02,,56.3,"Outlook, Yakima County",310135,Outlook,2020-12-15 23:01:50.178151
2012-11-05,06:15,57.4,53.2,85.6,0.0,0,NW,6.3,7.8,0.02,,56.3,"Outlook, Yakima County",310135,Outlook,2020-12-15 23:01:50.178151
2012-11-05,06:30,58.7,53.5,82.6,0.0,0,NW,6.5,8.2,0.01,,56.3,"Outlook, Yakima County",310135,Outlook,2020-12-15 23:01:50.178151
2012-11-05,06:45,57.9,53.0,83.7,0.0,1,NW,5.8,7.4,0.0,,56.3,"Outlook, Yakima County",310135,Outlook,2020-12-15 23:01:50.178151
2012-11-05,07:00,56.7,53.0,87.4,0.0,5,NW,6.6,8.2,0.01,,56.2,"Outlook, Yakima County",310135,Outlook,2020-12-15 23:01:50.178151
2012-11-05,07:15,57.3,53.3,86.4,0.0,18,N,6.3,7.4,0.01,,56.2,"Outlook, Yakima County",310135,Outlook,2020-12-15 23:01:50.178151
2012-11-05,07:30,58.3,53.7,84.8,0.0,44,NW,6.7,8.5,0.01,,56.2,"Outlook, Yakima County",310135,Outlook,2020-12-15 23:01:50.178151
2012-11-05,07:45,60.5,54.2,79.8,0.0,73,NW,6.6,8.5,0.0,,56.2,"Outlook, Yakima County",310135,Outlook,2020-12-15 23:01:50.178151
2012-11-05,08:00,60.7,54.6,80.1,0.0,101,NW,5.3,6.4,0.0,,56.1,"Outlook, Yakima County",310135,Outlook,2020-12-15 23:01:50.178151
2012-11-05,08:15,61.3,55.0,79.5,0.0,142,NW,6.2,8.5,0.0,,56.1,"Outlook, Yakima County",310135,Outlook,2020-12-15 23:01:50.178151
2012-11-05,08:30,62.6,55.3,77.0,0.0,172,NW,5.9,8.5,0.0,,56.1,"Outlook, Yakima County",310135,Outlook,2020-12-15 23:01:50.178151
2012-11-05,08:45,63.1,55.7,76.6,0.0,161,NW,4.6,8.9,0.0,,56.1,"Outlook, Yakima County",310135,Outlook,2020-12-15 23:01:50.178151
2012-11-05,09:00,63.1,55.2,75.4,0.0,173,NW,6.4,9.2,0.0,,56.1,"Outlook, Yakima County",310135,Outlook,2020-12-15 23:01:50.178151
2012-11-05,09:15,62.8,55.5,77.0,0.0,137,SW,2.7,4.9,0.0,,56.0,"Outlook, Yakima County",310135,Outlook,2020-12-15 23:01:50.178151
2012-11-05,09:30,62.4,55.9,79.1,0.0,157,SE,1.7,4.2,0.0,,56.0,"Outlook, Yakima County",310135,Outlook,2020-12-15 23:01:50.178151
2012-11-05,09:45,63.2,56.3,78.1,0.0,240,E,0.3,2.4,0.0,,56.0,"Outlook, Yakima County",310135,Outlook,2020-12-15 23:01:50.178151
2012-11-05,10:00,64.2,56.2,75.2,0.0,242,SE,2.5,4.9,0.0,,56.0,"Outlook, Yakima County",310135,Outlook,2020-12-15 23:01:50.178151
2012-11-05,10:15,64.0,55.3,73.5,0.0,208,SE,1.6,3.9,0.0,,56.0,"Outlook, Yakima County",310135,Outlook,2020-12-15 23:01:50.178151
2012-11-05,10:30,64.5,54.2,69.2,0.0,245,E,0.8,3.5,0.0,,56.0,"Outlook, Yakima County",310135,Outlook,2020-12-15 23:01:50.178151
2012-11-05,10:45,65.0,47.6,53.4,0.0,241,N,4.2,8.5,0.0,,56.0,"Outlook, Yakima County",310135,Outlook,2020-12-15 23:01:50.178151
2012-11-05,11:00,64.8,48.2,54.9,0.0,210,NW,4.8,8.9,0.0,,55.9,"Outlook, Yakima County",310135,Outlook,2020-12-15 23:01:50.178151
2012-11-05,11:15,64.8,45.6,49.7,0.0,199,N,4.9,8.9,0.0,,56.0,"Outlook, Yakima County",310135,Outlook,2020-12-15 23:01:50.178151
2012-11-05,11:30,64.6,45.6,50.1,0.0,192,N,5.3,7.8,0.0,,56.0,"Outlook, Yakima County",310135,Outlook,2020-12-15 23:01:50.178151
2012-11-05,11:45,64.7,45.9,50.6,0.0,228,NW,4.3,6.7,0.0,,56.0,"Outlook, Yakima County",310135,Outlook,2020-12-15 23:01:50.178151
2012-11-05,12:00,66.0,46.2,48.8,0.0,275,N,4.5,6.0,0.0,,56.0,"Outlook, Yakima County",310135,Outlook,2020-12-15 23:01:50.178151
2012-11-05,12:15,66.6,46.9,49.1,0.0,252,E,2.5,4.6,0.0,,56.0,"Outlook, Yakima County",310135,Outlook,2020-12-15 23:01:50.178151
2012-11-05,12:30,65.5,48.4,53.9,0.0,272,S,2.5,4.2,0.0,,56.0,"Outlook, Yakima County",310135,Outlook,2020-12-15 23:01:50.178151
2012-11-05,12:45,65.8,48.4,53.4,0.0,266,SE,1.5,3.9,0.0,,56.0,"Outlook, Yakima County",310135,Outlook,2020-12-15 23:01:50.178151
2012-11-05,13:00,65.8,48.2,52.9,0.0,274,S,2.4,4.2,0.0,,56.1,"Outlook, Yakima County",310135,Outlook,2020-12-15 23:01:50.178151
2012-11-05,13:15,66.1,48.0,51.9,0.0,301,SE,1.3,3.1,0.0,,56.1,"Outlook, Yakima County",310135,Outlook,2020-12-15 23:01:50.178151
2012-11-05,13:30,66.6,50.3,55.7,0.0,353,S,1.5,3.9,0.0,,56.1,"Outlook, Yakima County",310135,Outlook,2020-12-15 23:01:50.178151
2012-11-05,13:45,67.1,52.4,59.2,0.0,377,S,1.7,4.6,0.0,,56.2,"Outlook, Yakima County",310135,Outlook,2020-12-15 23:01:50.178151
2012-11-05,14:00,66.7,54.5,65.0,0.0,280,E,1.4,3.9,0.0,,56.2,"Outlook, Yakima County",310135,Outlook,2020-12-15 23:01:50.178151
2012-11-05,14:15,66.9,55.4,66.5,0.0,267,SE,0.8,3.1,0.0,,56.3,"Outlook, Yakima County",310135,Outlook,2020-12-15 23:01:50.178151
2012-11-05,14:30,66.4,55.1,66.8,0.0,258,SE,2.6,4.9,0.0,,56.3,"Outlook, Yakima County",310135,Outlook,2020-12-15 23:01:50.178151
2012-11-05,14:45,66.3,56.2,70.0,0.0,206,SE,1.5,4.2,0.0,,56.3,"Outlook, Yakima County",310135,Outlook,2020-12-15 23:01:50.178151
2012-11-05,15:00,65.9,55.8,69.9,0.0,194,SE,2.1,3.9,0.0,,56.4,"Outlook, Yakima County",310135,Outlook,2020-12-15 23:01:50.178151
2012-11-05,15:15,66.0,54.0,65.1,0.0,184,SE,1.9,3.5,0.0,,56.4,"Outlook, Yakima County",310135,Outlook,2020-12-15 23:01:50.178151
2012-11-05,15:30,66.2,54.2,65.1,0.0,140,SE,0.1,1.4,0.0,,56.5,"Outlook, Yakima County",310135,Outlook,2020-12-15 23:01:50.178151
2012-11-05,15:45,65.7,54.4,66.9,0.0,79,N ,0.0,0.0,0.0,,56.6,"Outlook, Yakima County",310135,Outlook,2020-12-15 23:01:50.178151
2012-11-05,16:00,65.0,55.1,70.1,0.0,58,N ,0.0,0.0,0.0,,56.6,"Outlook, Yakima County",310135,Outlook,2020-12-15 23:01:50.178151
2012-11-05,16:15,63.6,54.1,71.3,0.0,36,N,0.3,2.1,0.0,,56.7,"Outlook, Yakima County",310135,Outlook,2020-12-15 23:01:50.178151
2012-11-05,16:30,62.0,53.9,74.6,0.0,24,N,1.5,2.8,0.0,,56.8,"Outlook, Yakima County",310135,Outlook,2020-12-15 23:01:50.178151
2012-11-05,16:45,58.8,53.7,83.0,0.0,4,N ,4.7,6.4,0.0,,56.9,"Outlook, Yakima County",310135,Outlook,2020-12-15 23:01:50.178151
2012-11-05,17:00,57.0,51.8,82.9,0.0,1,N ,5.7,7.4,0.0,,56.9,"Outlook, Yakima County",310135,Outlook,2020-12-15 23:01:50.178151
2012-11-05,17:15,56.1,51.0,82.7,0.0,0,N ,6.9,8.5,0.0,,57.0,"Outlook, Yakima County",310135,Outlook,2020-12-15 23:01:50.178151
2012-11-05,17:30,56.1,50.9,82.6,0.0,0,N ,7.3,8.9,0.0,,57.1,"Outlook, Yakima County",310135,Outlook,2020-12-15 23:01:50.178151
2012-11-05,17:45,56.1,50.4,81.2,0.0,0,N ,7.3,9.2,0.0,,57.2,"Outlook, Yakima County",310135,Outlook,2020-12-15 23:01:50.178151
2012-11-05,18:00,55.8,50.1,81.0,0.0,0,N ,7.7,9.2,0.0,,57.2,"Outlook, Yakima County",310135,Outlook,2020-12-15 23:01:50.178151
2012-11-05,18:15,55.8,50.0,80.8,0.0,0,N ,7.6,9.6,0.0,,57.3,"Outlook, Yakima County",310135,Outlook,2020-12-15 23:01:50.178151
2012-11-05,18:30,55.9,51.0,83.6,0.0,0,N ,6.9,8.2,0.0,,57.4,"Outlook, Yakima County",310135,Outlook,2020-12-15 23:01:50.178151
2012-11-05,18:45,55.3,51.4,86.6,0.0,0,N ,7.5,9.6,0.0,,57.4,"Outlook, Yakima County",310135,Outlook,2020-12-15 23:01:50.178151
2012-11-05,19:00,55.4,51.9,88.0,0.0,0,N ,6.7,8.2,0.0,,57.5,"Outlook, Yakima County",310135,Outlook,2020-12-15 23:01:50.178151
2012-11-05,19:15,55.9,52.3,87.5,0.0,0,N ,6.3,8.2,0.0,,57.5,"Outlook, Yakima County",310135,Outlook,2020-12-15 23:01:50.178151
2012-11-05,19:30,55.1,52.0,89.4,0.0,0,N ,4.4,7.4,0.01,,57.6,"Outlook, Yakima County",310135,Outlook,2020-12-15 23:01:50.178151
2012-11-05,19:45,55.1,51.9,89.0,0.0,0,N ,5.8,6.7,0.01,,57.6,"Outlook, Yakima County",310135,Outlook,2020-12-15 23:01:50.178151
2012-11-05,20:00,55.3,51.7,87.4,0.0,0,N ,5.1,6.0,0.01,,57.7,"Outlook, Yakima County",310135,Outlook,2020-12-15 23:01:50.178151
2012-11-05,20:15,54.1,50.9,88.9,0.0,0,N ,6.4,8.2,0.02,,57.7,"Outlook, Yakima County",310135,Outlook,2020-12-15 23:01:50.178151
2012-11-05,20:30,53.7,50.7,89.4,0.0,0,N ,4.4,5.7,0.02,,57.7,"Outlook, Yakima County",310135,Outlook,2020-12-15 23:01:50.178151
2012-11-05,20:45,54.1,50.9,88.9,0.0,0,N ,3.4,5.3,0.02,,57.7,"Outlook, Yakima County",310135,Outlook,2020-12-15 23:01:50.178151
2012-11-05,21:00,53.5,50.5,89.6,0.0,0,N ,4.2,6.0,0.02,,57.8,"Outlook, Yakima County",310135,Outlook,2020-12-15 23:01:50.178151
2012-11-05,21:15,54.1,51.1,89.6,0.0,0,N ,2.6,4.2,0.03,,57.8,"Outlook, Yakima County",310135,Outlook,2020-12-15 23:01:50.178151
2012-11-05,21:30,53.9,51.0,89.7,0.0,0,NE,1.7,3.1,0.04,,57.8,"Outlook, Yakima County",310135,Outlook,2020-12-15 23:01:50.178151
2012-11-05,21:45,53.7,50.7,89.7,0.0,0,NE,0.8,2.8,0.05,,57.8,"Outlook, Yakima County",310135,Outlook,2020-12-15 23:01:50.178151
2012-11-05,22:00,53.6,50.1,87.7,0.0,0,NE,1.1,3.1,0.05,,57.8,"Outlook, Yakima County",310135,Outlook,2020-12-15 23:01:50.178151
2012-11-05,22:15,53.3,49.9,88.0,0.0,0,NE,2.5,3.5,0.05,,57.8,"Outlook, Yakima County",310135,Outlook,2020-12-15 23:01:50.178151
2012-11-05,22:30,52.7,49.2,87.6,0.0,0,NE,2.3,3.9,0.05,,57.8,"Outlook, Yakima County",310135,Outlook,2020-12-15 23:01:50.178151
2012-11-05,22:45,51.7,48.3,88.1,0.0,0,N ,3.1,4.9,0.04,,57.8,"Outlook, Yakima County",310135,Outlook,2020-12-15 23:01:50.178151
2012-11-05,23:00,51.3,48.5,90.1,0.0,0,N ,4.9,7.1,0.04,,57.8,"Outlook, Yakima County",310135,Outlook,2020-12-15 23:01:50.178151
2012-11-05,23:15,51.6,48.5,89.1,0.0,0,N ,6.0,7.1,0.04,,57.7,"Outlook, Yakima County",310135,Outlook,2020-12-15 23:01:50.178151
2012-11-05,23:30,52.0,48.5,87.7,0.0,0,N ,5.4,6.4,0.03,,57.7,"Outlook, Yakima County",310135,Outlook,2020-12-15 23:01:50.178151
2012-11-05,23:45,51.4,47.9,87.7,0.0,0,N ,5.5,7.1,0.02,,57.7,"Outlook, Yakima County",310135,Outlook,2020-12-15 23:01:50.178151
2012-11-05,24:00,51.4,47.4,86.0,0.0,0,N ,4.8,6.4,0.02,,57.7,"Outlook, Yakima County",310135,Outlook,2020-12-15 23:01:50.178151
2012-11-06,00:15,50.9,47.3,87.3,0.0,0,N ,5.6,6.7,0.02,,57.6,"Outlook, Yakima County",310135,Outlook,2020-12-15 23:01:50.178151
2012-11-06,00:30,51.1,46.9,85.5,0.0,0,N ,5.8,7.4,0.01,,57.6,"Outlook, Yakima County",310135,Outlook,2020-12-15 23:01:50.178151
2012-11-06,00:45,51.4,46.9,84.4,0.0,0,N ,5.8,6.7,0.01,,57.6,"Outlook, Yakima County",310135,Outlook,2020-12-15 23:01:50.178151
2012-11-06,01:00,51.0,46.6,84.9,0.0,0,N ,6.2,7.8,0.0,,57.5,"Outlook, Yakima County",310135,Outlook,2020-12-15 23:01:50.178151
2012-11-06,01:15,50.5,46.3,85.2,0.0,0,N ,4.8,7.1,0.0,,57.5,"Outlook, Yakima County",310135,Outlook,2020-12-15 23:01:50.178151
2012-11-06,01:30,52.1,46.6,81.5,0.0,0,N ,4.2,6.0,0.0,,57.5,"Outlook, Yakima County",310135,Outlook,2020-12-15 23:01:50.178151
2012-11-06,01:45,51.6,46.6,82.8,0.0,0,N ,4.4,6.7,0.0,,57.4,"Outlook, Yakima County",310135,Outlook,2020-12-15 23:01:50.178151
2012-11-06,02:00,52.1,46.8,82.0,0.0,0,N ,2.7,4.6,0.0,,57.4,"Outlook, Yakima County",310135,Outlook,2020-12-15 23:01:50.178151
2012-11-06,02:15,52.8,47.1,80.9,0.0,0,E,0.8,2.4,0.0,,57.3,"Outlook, Yakima County",310135,Outlook,2020-12-15 23:01:50.178151
2012-11-06,02:30,52.1,47.2,83.4,0.0,0,E,0.2,2.4,0.0,,57.3,"Outlook, Yakima County",310135,Outlook,2020-12-15 23:01:50.178151
2012-11-06,02:45,51.8,47.3,84.8,0.0,0,NE,0.3,2.1,0.0,,57.3,"Outlook, Yakima County",310135,Outlook,2020-12-15 23:01:50.178151
2012-11-06,03:00,51.7,47.5,85.4,0.0,0,NE,2.0,3.1,0.0,,57.2,"Outlook, Yakima County",310135,Outlook,2020-12-15 23:01:50.178151
2012-11-06,03:15,51.0,47.4,87.5,0.0,0,NE,0.1,1.7,0.0,,57.2,"Outlook, Yakima County",310135,Outlook,2020-12-15 23:01:50.178151
2012-11-06,03:30,50.2,47.1,89.1,0.0,0,E,0.3,2.8,0.01,,57.1,"Outlook, Yakima County",310135,Outlook,2020-12-15 23:01:50.178151
2012-11-06,03:45,49.2,46.8,91.4,0.0,0,E,0.1,2.1,0.02,,57.1,"Outlook, Yakima County",310135,Outlook,2020-12-15 23:01:50.178151
2012-11-06,04:00,48.5,46.4,92.4,0.0,0,N ,0.3,2.4,0.04,,57.0,"Outlook, Yakima County",310135,Outlook,2020-12-15 23:01:50.178151
2012-11-06,04:15,48.6,46.8,93.5,0.0,0,NE,0.4,2.8,0.06,,57.0,"Outlook, Yakima County",310135,Outlook,2020-12-15 23:01:50.178151
2012-11-06,04:30,48.4,47.0,94.6,0.0,0,NE,0.3,2.4,0.09,,57.0,"Outlook, Yakima County",310135,Outlook,2020-12-15 23:01:50.178151
2012-11-06,04:45,48.0,46.7,95.1,0.0,0,E,0.5,2.1,0.14,,56.9,"Outlook, Yakima County",310135,Outlook,2020-12-15 23:01:50.178151
2012-11-06,05:00,48.3,46.8,94.5,0.0,0,NE,0.1,1.7,0.18,,56.9,"Outlook, Yakima County",310135,Outlook,2020-12-15 23:01:50.178151
2012-11-06,05:15,48.3,46.9,94.9,0.0,0,NE,1.1,2.4,0.21,,56.8,"Outlook, Yakima County",310135,Outlook,2020-12-15 23:01:50.178151
2012-11-06,05:30,48.1,47.0,95.8,0.0,0,NE,0.5,2.1,0.25,,56.8,"Outlook, Yakima County",310135,Outlook,2020-12-15 23:01:50.178151
2012-11-06,05:45,48.1,46.8,95.1,0.0,0,NE,0.2,1.7,0.28,,56.8,"Outlook, Yakima County",310135,Outlook,2020-12-15 23:01:50.178151
2012-11-06,06:00,48.0,46.4,94.4,0.0,0,NE,1.8,2.4,0.3,,56.7,"Outlook, Yakima County",310135,Outlook,2020-12-15 23:01:50.178151
2012-11-06,06:15,47.6,46.2,94.8,0.0,0,NE,0.4,1.7,0.31,,56.7,"Outlook, Yakima County",310135,Outlook,2020-12-15 23:01:50.178151
2012-11-06,06:30,47.2,46.2,96.4,0.0,0,E,0.1,1.7,0.33,,56.6,"Outlook, Yakima County",310135,Outlook,2020-12-15 23:01:50.178151
2012-11-06,06:45,47.1,46.4,97.3,0.0,1,NE,0.0,1.4,0.35,,56.6,"Outlook, Yakima County",310135,Outlook,2020-12-15 23:01:50.178151
2012-11-06,07:00,46.8,45.9,96.7,0.0,4,N ,0.0,0.0,0.36,,56.6,"Outlook, Yakima County",310135,Outlook,2020-12-15 23:01:50.178151
2012-11-06,07:15,46.1,45.3,96.9,0.0,17,N,2.1,3.5,0.4,,56.5,"Outlook, Yakima County",310135,Outlook,2020-12-15 23:01:50.178151
2012-11-06,07:30,46.9,46.1,97.0,0.0,34,N ,2.2,3.5,0.42,,56.5,"Outlook, Yakima County",310135,Outlook,2020-12-15 23:01:50.178151
2012-11-06,07:45,48.0,46.5,94.5,0.0,58,N ,1.6,3.1,0.44,,56.4,"Outlook, Yakima County",310135,Outlook,2020-12-15 23:01:50.178151
2012-11-06,08:00,48.5,46.5,92.8,0.0,85,NE,0.7,2.4,0.44,,56.4,"Outlook, Yakima County",310135,Outlook,2020-12-15 23:01:50.178151
2012-11-06,08:15,49.6,47.4,92.1,0.0,115,N ,0.0,0.0,0.44,,56.3,"Outlook, Yakima County",310135,Outlook,2020-12-15 23:01:50.178151
2012-11-06,08:30,51.3,47.7,87.5,0.0,189,SW,0.5,2.8,0.39,,56.3,"Outlook, Yakima County",310135,Outlook,2020-12-15 23:01:50.178151
2012-11-06,08:45,52.1,48.1,86.0,0.0,217,S,0.5,2.1,0.27,,56.2,"Outlook, Yakima County",310135,Outlook,2020-12-15 23:01:50.178151
2012-11-06,09:00,52.7,48.2,84.6,0.0,256,SE,1.2,2.4,0.15,,56.2,"Outlook, Yakima County",310135,Outlook,2020-12-15 23:01:50.178151
2012-11-06,09:15,53.5,48.5,83.0,0.0,273,SW,0.2,2.1,0.06,,56.1,"Outlook, Yakima County",310135,Outlook,2020-12-15 23:01:50.178151
2012-11-06,09:30,53.4,48.6,83.5,0.0,264,SW,0.1,1.7,0.03,,56.1,"Outlook, Yakima County",310135,Outlook,2020-12-15 23:01:50.178151
2012-11-06,09:45,55.2,49.2,79.9,0.0,302,SE,0.0,1.4,0.01,,56.0,"Outlook, Yakima County",310135,Outlook,2020-12-15 23:01:50.178151
2012-11-06,10:00,56.0,49.1,77.5,0.0,349,S,0.9,3.5,0.0,,56.0,"Outlook, Yakima County",310135,Outlook,2020-12-15 23:01:50.178151
2012-11-06,10:15,54.9,49.8,82.9,0.0,364,S,2.8,4.6,0.0,,55.9,"Outlook, Yakima County",310135,Outlook,2020-12-15 23:01:50.178151
2012-11-06,10:30,54.9,49.5,82.1,0.0,411,S,2.3,4.9,0.0,,55.9,"Outlook, Yakima County",310135,Outlook,2020-12-15 23:01:50.178151
2012-11-06,10:45,55.2,49.4,80.6,0.0,410,S,1.4,3.5,0.0,,55.8,"Outlook, Yakima County",310135,Outlook,2020-12-15 23:01:50.178151
2012-11-06,11:00,56.1,49.4,78.4,0.0,408,S,2.1,4.6,0.0,,55.8,"Outlook, Yakima County",310135,Outlook,2020-12-15 23:01:50.178151
2012-11-06,11:15,55.9,49.9,80.1,0.0,371,S,2.3,4.2,0.0,,55.8,"Outlook, Yakima County",310135,Outlook,2020-12-15 23:01:50.178151
2012-11-06,11:30,55.6,49.4,79.7,0.0,355,E,2.0,4.6,0.0,,55.7,"Outlook, Yakima County",310135,Outlook,2020-12-15 23:01:50.178151
2012-11-06,11:45,56.4,50.0,79.0,0.0,432,SE,2.6,4.9,0.0,,55.7,"Outlook, Yakima County",310135,Outlook,2020-12-15 23:01:50.178151
2012-11-06,12:00,57.6,49.8,75.1,0.0,381,SE,2.5,5.7,0.0,,55.7,"Outlook, Yakima County",310135,Outlook,2020-12-15 23:01:50.178151
2012-11-06,12:15,57.5,49.5,74.5,0.0,370,S,2.8,5.3,0.0,,55.7,"Outlook, Yakima County",310135,Outlook,2020-12-15 23:01:50.178151
2012-11-06,12:30,57.8,49.7,74.2,0.0,350,S,3.1,5.3,0.0,,55.7,"Outlook, Yakima County",310135,Outlook,2020-12-15 23:01:50.178151
2012-11-06,12:45,57.9,49.5,73.7,0.0,310,S,3.0,4.6,0.0,,55.7,"Outlook, Yakima County",310135,Outlook,2020-12-15 23:01:50.178151
2012-11-06,13:00,57.8,49.1,72.5,0.0,271,SW,2.3,4.6,0.0,,55.7,"Outlook, Yakima County",310135,Outlook,2020-12-15 23:01:50.178151
2012-11-06,13:15,58.2,49.4,72.3,0.0,313,SW,2.1,3.9,0.0,,55.7,"Outlook, Yakima County",310135,Outlook,2020-12-15 23:01:50.178151
2012-11-06,13:30,58.9,49.8,71.5,0.0,344,SE,2.1,4.9,0.0,,55.8,"Outlook, Yakima County",310135,Outlook,2020-12-15 23:01:50.178151
2012-11-06,13:45,58.7,49.6,71.7,0.0,290,SE,3.1,5.7,0.0,,55.8,"Outlook, Yakima County",310135,Outlook,2020-12-15 23:01:50.178151
2012-11-06,14:00,58.8,49.7,71.8,0.0,269,SE,2.5,4.6,0.0,,55.8,"Outlook, Yakima County",310135,Outlook,2020-12-15 23:01:50.178151
2012-11-06,14:15,59.0,50.2,72.4,0.0,251,SE,2.7,5.3,0.0,,55.9,"Outlook, Yakima County",310135,Outlook,2020-12-15 23:01:50.178151
2012-11-06,14:30,58.6,50.3,73.7,0.0,188,SE,2.4,4.2,0.0,,55.9,"Outlook, Yakima County",310135,Outlook,2020-12-15 23:01:50.178151
2012-11-06,14:45,58.5,50.4,74.2,0.0,204,SE,2.2,4.2,0.0,,56.0,"Outlook, Yakima County",310135,Outlook,2020-12-15 23:01:50.178151
2012-11-06,15:00,58.5,50.6,74.8,0.0,177,SE,3.3,4.9,0.0,,56.0,"Outlook, Yakima County",310135,Outlook,2020-12-15 23:01:50.178151
2012-11-06,15:15,58.1,51.0,77.2,0.0,99,SE,2.7,4.2,0.0,,56.1,"Outlook, Yakima County",310135,Outlook,2020-12-15 23:01:50.178151
2012-11-06,15:30,57.9,51.3,78.5,0.0,92,SE,2.1,3.5,0.0,,56.2,"Outlook, Yakima County",310135,Outlook,2020-12-15 23:01:50.178151
2012-11-06,15:45,57.7,51.4,79.6,0.0,57,SE,0.4,2.1,0.0,,56.3,"Outlook, Yakima County",310135,Outlook,2020-12-15 23:01:50.178151
2012-11-06,16:00,57.4,51.4,80.4,0.0,40,N ,0.0,0.0,0.0,,56.3,"Outlook, Yakima County",310135,Outlook,2020-12-15 23:01:50.178151
2012-11-06,16:15,56.7,51.3,82.2,0.0,23,N ,0.0,0.0,0.0,,56.4,"Outlook, Yakima County",310135,Outlook,2020-12-15 23:01:50.178151
2012-11-06,16:30,55.3,50.7,84.4,0.0,10,N ,1.8,3.5,0.0,,56.5,"Outlook, Yakima County",310135,Outlook,2020-12-15 23:01:50.178151
2012-11-06,16:45,54.4,50.3,85.6,0.0,2,N,2.2,3.9,0.0,,56.6,"Outlook, Yakima County",310135,Outlook,2020-12-15 23:01:50.178151
2012-11-06,17:00,53.9,50.7,88.9,0.0,0,N ,3.5,4.6,0.0,,56.6,"Outlook, Yakima County",310135,Outlook,2020-12-15 23:01:50.178151
2012-11-06,17:15,53.7,50.9,90.0,0.0,0,N ,3.8,4.9,0.01,,56.7,"Outlook, Yakima County",310135,Outlook,2020-12-15 23:01:50.178151
2012-11-06,17:30,53.4,51.0,91.7,0.0,0,N ,4.0,5.3,0.02,,56.8,"Outlook, Yakima County",310135,Outlook,2020-12-15 23:01:50.178151
2012-11-06,17:45,53.6,51.1,91.1,0.0,0,N ,3.8,4.9,0.02,,56.8,"Outlook, Yakima County",310135,Outlook,2020-12-15 23:01:50.178151
2012-11-06,18:00,53.8,51.3,91.1,0.0,0,N ,3.0,5.7,0.02,,56.9,"Outlook, Yakima County",310135,Outlook,2020-12-15 23:01:50.178151
2012-11-06,18:15,53.8,51.3,91.0,0.0,0,NE,3.0,5.3,0.02,,57.0,"Outlook, Yakima County",310135,Outlook,2020-12-15 23:01:50.178151
2012-11-06,18:30,55.1,51.8,88.5,0.0,0,NE,2.7,4.9,0.02,,57.0,"Outlook, Yakima County",310135,Outlook,2020-12-15 23:01:50.178151
2012-11-06,18:45,55.2,51.4,87.1,0.0,0,NE,2.7,3.9,0.02,,57.1,"Outlook, Yakima County",310135,Outlook,2020-12-15 23:01:50.178151
2012-11-06,19:00,55.0,51.3,87.2,0.0,0,NE,1.7,3.9,0.02,,57.1,"Outlook, Yakima County",310135,Outlook,2020-12-15 23:01:50.178151
2012-11-06,19:15,54.7,50.8,86.8,0.0,0,N ,2.2,5.3,0.02,,57.2,"Outlook, Yakima County",310135,Outlook,2020-12-15 23:01:50.178151
2012-11-06,19:30,54.3,50.2,85.9,0.0,0,N ,3.4,5.3,0.02,,57.2,"Outlook, Yakima County",310135,Outlook,2020-12-15 23:01:50.178151
2012-11-06,19:45,54.7,50.0,84.0,0.0,0,N ,4.0,5.7,0.01,,57.2,"Outlook, Yakima County",310135,Outlook,2020-12-15 23:01:50.178151
2012-11-06,20:00,54.1,49.6,84.9,0.0,0,N,4.5,6.0,0.01,,57.3,"Outlook, Yakima County",310135,Outlook,2020-12-15 23:01:50.178151
2012-11-06,20:15,55.6,49.8,80.6,0.0,0,NW,3.2,5.7,0.0,,57.3,"Outlook, Yakima County",310135,Outlook,2020-12-15 23:01:50.178151
2012-11-06,20:30,56.0,49.3,78.1,0.0,0,N,1.3,3.1,0.0,,57.3,"Outlook, Yakima County",310135,Outlook,2020-12-15 23:01:50.178151
2012-11-06,20:45,55.7,49.4,79.2,0.0,0,NE,2.0,3.1,0.0,,57.3,"Outlook, Yakima County",310135,Outlook,2020-12-15 23:01:50.178151
2012-11-06,21:00,56.0,49.3,78.2,0.0,0,N,2.6,3.9,0.0,,57.3,"Outlook, Yakima County",310135,Outlook,2020-12-15 23:01:50.178151
2012-11-06,21:15,56.2,49.5,78.0,0.0,0,NW,5.7,7.8,0.0,,57.4,"Outlook, Yakima County",310135,Outlook,2020-12-15 23:01:50.178151
2012-11-06,21:30,57.2,49.6,75.6,0.0,0,NW,7.6,9.6,0.0,,57.4,"Outlook, Yakima County",310135,Outlook,2020-12-15 23:01:50.178151
2012-11-06,21:45,58.5,49.3,71.4,0.0,0,W,9.1,12.4,0.0,,57.4,"Outlook, Yakima County",310135,Outlook,2020-12-15 23:01:50.178151
2012-11-06,22:00,58.3,48.9,70.8,0.0,0,W,6.5,11.0,0.0,,57.4,"Outlook, Yakima County",310135,Outlook,2020-12-15 23:01:50.178151
2012-11-06,22:15,57.4,48.6,72.2,0.0,0,W,6.9,9.9,0.0,,57.4,"Outlook, Yakima County",310135,Outlook,2020-12-15 23:01:50.178151
2012-11-06,22:30,56.9,48.3,72.8,0.0,0,NW,8.3,10.7,0.0,,57.4,"Outlook, Yakima County",310135,Outlook,2020-12-15 23:01:50.178151
2012-11-06,22:45,56.3,48.1,73.9,0.0,0,W,9.3,13.2,0.0,,57.4,"Outlook, Yakima County",310135,Outlook,2020-12-15 23:01:50.178151
2012-11-06,23:00,56.0,48.1,74.5,0.0,0,W,7.9,12.1,0.0,,57.3,"Outlook, Yakima County",310135,Outlook,2020-12-15 23:01:50.178151
2012-11-06,23:15,55.6,47.9,75.2,0.0,0,W,10.3,15.7,0.0,,57.3,"Outlook, Yakima County",310135,Outlook,2020-12-15 23:01:50.178151
2012-11-06,23:30,55.8,48.0,74.8,0.0,0,W,12.7,17.5,0.0,,57.3,"Outlook, Yakima County",310135,Outlook,2020-12-15 23:01:50.178151
2012-11-06,23:45,55.9,47.9,74.5,0.0,0,W,13.7,19.6,0.0,,57.3,"Outlook, Yakima County",310135,Outlook,2020-12-15 23:01:50.178151
2012-11-06,24:00,56.2,46.1,68.7,0.0,0,W,12.8,16.7,0.0,,57.3,"Outlook, Yakima County",310135,Outlook,2020-12-15 23:01:50.178151
2012-11-07,00:15,56.2,44.2,63.8,0.0,0,NW,10.8,14.6,0.0,,57.3,"Outlook, Yakima County",310135,Outlook,2020-12-15 23:01:50.178151
2012-11-07,00:30,56.1,43.4,62.2,0.0,0,NW,11.3,14.6,0.0,,57.3,"Outlook, Yakima County",310135,Outlook,2020-12-15 23:01:50.178151
2012-11-07,00:45,55.7,42.8,61.6,0.0,0,NW,9.7,12.8,0.0,,57.2,"Outlook, Yakima County",310135,Outlook,2020-12-15 23:01:50.178151
2012-11-07,01:00,55.1,42.1,61.4,0.0,0,NW,8.3,11.7,0.0,,57.2,"Outlook, Yakima County",310135,Outlook,2020-12-15 23:01:50.178151
2012-11-07,01:15,54.6,41.1,60.1,0.0,0,NW,11.8,17.5,0.0,,57.2,"Outlook, Yakima County",310135,Outlook,2020-12-15 23:01:50.178151
2012-11-07,01:30,54.8,39.9,57.0,0.0,0,NW,10.7,15.3,0.0,,57.2,"Outlook, Yakima County",310135,Outlook,2020-12-15 23:01:50.178151
2012-11-07,01:45,54.0,38.9,56.5,0.0,0,NW,9.8,12.1,0.0,,57.1,"Outlook, Yakima County",310135,Outlook,2020-12-15 23:01:50.178151
2012-11-07,02:00,52.9,37.3,55.2,0.0,0,NW,9.3,12.4,0.0,,57.1,"Outlook, Yakima County",310135,Outlook,2020-12-15 23:01:50.178151
2012-11-07,02:15,51.1,34.5,52.8,0.0,0,NW,10.0,13.2,0.0,,57.1,"Outlook, Yakima County",310135,Outlook,2020-12-15 23:01:50.178151
2012-11-07,02:30,49.9,34.1,54.3,0.0,0,W,9.2,12.4,0.0,,57.1,"Outlook, Yakima County",310135,Outlook,2020-12-15 23:01:50.178151
2012-11-07,02:45,49.1,33.9,55.7,0.0,0,W,9.1,12.8,0.0,,57.1,"Outlook, Yakima County",310135,Outlook,2020-12-15 23:01:50.178151
2012-11-07,03:00,49.3,33.2,53.6,0.0,0,W,9.2,14.2,0.0,,57.0,"Outlook, Yakima County",310135,Outlook,2020-12-15 23:01:50.178151
2012-11-07,03:15,48.3,33.0,55.2,0.0,0,W,7.7,10.7,0.0,,57.0,"Outlook, Yakima County",310135,Outlook,2020-12-15 23:01:50.178151
2012-11-07,03:30,47.3,32.9,57.0,0.0,0,W,7.9,9.6,0.0,,57.0,"Outlook, Yakima County",310135,Outlook,2020-12-15 23:01:50.178151
2012-11-07,03:45,47.0,32.9,57.6,0.0,0,W,9.3,12.8,0.0,,57.0,"Outlook, Yakima County",310135,Outlook,2020-12-15 23:01:50.178151
2012-11-07,04:00,47.9,32.9,55.8,0.0,0,W,9.8,13.9,0.0,,56.9,"Outlook, Yakima County",310135,Outlook,2020-12-15 23:01:50.178151
2012-11-07,04:15,47.4,32.9,57.0,0.0,0,W,9.0,11.7,0.0,,56.9,"Outlook, Yakima County",310135,Outlook,2020-12-15 23:01:50.178151
2012-11-07,04:30,45.6,32.7,60.3,0.0,0,NW,7.5,9.9,0.0,,56.9,"Outlook, Yakima County",310135,Outlook,2020-12-15 23:01:50.178151
2012-11-07,04:45,44.3,32.5,62.9,0.0,0,NW,5.5,6.7,0.0,,56.9,"Outlook, Yakima County",310135,Outlook,2020-12-15 23:01:50.178151
2012-11-07,05:00,42.1,32.2,67.7,0.0,0,N ,6.3,10.3,0.0,,56.8,"Outlook, Yakima County",310135,Outlook,2020-12-15 23:01:50.178151
2012-11-07,05:15,41.5,32.3,69.4,0.0,0,N ,6.2,9.9,0.0,,56.8,"Outlook, Yakima County",310135,Outlook,2020-12-15 23:01:50.178151
2012-11-07,05:30,41.6,31.9,68.2,0.0,0,N ,4.4,6.7,0.0,,56.8,"Outlook, Yakima County",310135,Outlook,2020-12-15 23:01:50.178151
2012-11-07,05:45,40.0,31.7,72.0,0.0,0,N ,5.4,6.7,0.0,,56.7,"Outlook, Yakima County",310135,Outlook,2020-12-15 23:01:50.178151
2012-11-07,06:00,40.4,31.9,71.5,0.0,0,N ,5.2,7.4,0.0,,56.7,"Outlook, Yakima County",310135,Outlook,2020-12-15 23:01:50.178151
2012-11-07,06:15,40.5,31.8,71.0,0.0,0,N,4.3,6.4,0.0,,56.6,"Outlook, Yakima County",310135,Outlook,2020-12-15 23:01:50.178151
2012-11-07,06:30,42.8,33.0,68.0,0.0,0,NW,4.0,5.7,0.0,,56.6,"Outlook, Yakima County",310135,Outlook,2020-12-15 23:01:50.178151
2012-11-07,06:45,42.7,32.8,67.6,0.0,1,NW,4.8,6.7,0.0,,56.5,"Outlook, Yakima County",310135,Outlook,2020-12-15 23:01:50.178151
2012-11-07,07:00,42.1,32.8,69.3,0.0,4,NW,5.2,6.4,0.0,,56.5,"Outlook, Yakima County",310135,Outlook,2020-12-15 23:01:50.178151
2012-11-07,07:15,41.9,33.0,70.6,0.0,12,NW,5.8,7.1,0.0,,56.4,"Outlook, Yakima County",310135,Outlook,2020-12-15 23:01:50.178151
2012-11-07,07:30,43.2,33.4,68.1,0.0,48,NW,5.3,6.7,0.0,,56.3,"Outlook, Yakima County",310135,Outlook,2020-12-15 23:01:50.178151
2012-11-07,07:45,44.2,33.8,66.8,0.0,89,NW,3.9,6.0,0.0,,56.3,"Outlook, Yakima County",310135,Outlook,2020-12-15 23:01:50.178151
2012-11-07,08:00,45.6,34.2,64.1,0.0,118,NW,3.4,6.4,0.0,,56.2,"Outlook, Yakima County",310135,Outlook,2020-12-15 23:01:50.178151
2012-11-07,08:15,47.3,34.8,61.7,0.0,156,S,1.0,3.5,0.0,,56.2,"Outlook, Yakima County",310135,Outlook,2020-12-15 23:01:50.178151
2012-11-07,08:30,48.7,35.2,59.5,0.0,197,SE,0.3,2.8,0.0,,56.1,"Outlook, Yakima County",310135,Outlook,2020-12-15 23:01:50.178151
2012-11-07,08:45,48.7,34.9,58.6,0.0,231,SE,1.8,5.7,0.0,,56.0,"Outlook, Yakima County",310135,Outlook,2020-12-15 23:01:50.178151
2012-11-07,09:00,49.1,35.2,58.5,0.0,271,SE,2.2,5.3,0.0,,55.9,"Outlook, Yakima County",310135,Outlook,2020-12-15 23:01:50.178151
2012-11-07,09:15,49.3,35.3,58.4,0.0,307,SE,2.7,5.3,0.0,,55.9,"Outlook, Yakima County",310135,Outlook,2020-12-15 23:01:50.178151
2012-11-07,09:30,49.9,35.0,56.3,0.0,337,S,1.9,4.6,0.0,,55.8,"Outlook, Yakima County",310135,Outlook,2020-12-15 23:01:50.178151
2012-11-07,09:45,50.9,35.6,55.6,0.0,364,SE,1.3,3.9,0.0,,55.7,"Outlook, Yakima County",310135,Outlook,2020-12-15 23:01:50.178151
2012-11-07,10:00,51.5,35.3,53.7,0.0,391,SW,3.5,7.4,0.0,,55.6,"Outlook, Yakima County",310135,Outlook,2020-12-15 23:01:50.178151
2012-11-07,10:15,51.4,35.2,53.7,0.0,416,SW,4.6,8.9,0.0,,55.6,"Outlook, Yakima County",310135,Outlook,2020-12-15 23:01:50.178151
2012-11-07,10:30,51.7,34.4,51.4,0.0,436,SW,5.3,8.5,0.0,,55.5,"Outlook, Yakima County",310135,Outlook,2020-12-15 23:01:50.178151
2012-11-07,10:45,52.3,34.2,50.0,0.0,452,SW,4.9,9.6,0.0,,55.4,"Outlook, Yakima County",310135,Outlook,2020-12-15 23:01:50.178151
2012-11-07,11:00,52.7,33.9,48.8,0.0,468,W,5.6,9.6,0.0,,55.4,"Outlook, Yakima County",310135,Outlook,2020-12-15 23:01:50.178151
2012-11-07,11:15,53.2,33.9,47.7,0.0,476,W,6.1,11.7,0.0,,55.3,"Outlook, Yakima County",310135,Outlook,2020-12-15 23:01:50.178151
2012-11-07,11:30,53.7,32.8,44.8,0.0,483,W,6.9,12.1,0.0,,55.2,"Outlook, Yakima County",310135,Outlook,2020-12-15 23:01:50.178151
2012-11-07,11:45,54.0,32.0,42.9,0.0,487,SW,5.9,9.6,0.0,,55.2,"Outlook, Yakima County",310135,Outlook,2020-12-15 23:01:50.178151
2012-11-07,12:00,54.1,32.1,43.0,0.0,483,SW,6.2,9.9,0.0,,55.2,"Outlook, Yakima County",310135,Outlook,2020-12-15 23:01:50.178151
2012-11-07,12:15,54.4,32.2,42.7,0.0,485,SW,6.2,12.1,0.0,,55.1,"Outlook, Yakima County",310135,Outlook,2020-12-15 23:01:50.178151
2012-11-07,12:30,55.0,31.9,41.3,0.0,483,SW,6.3,10.3,0.0,,55.1,"Outlook, Yakima County",310135,Outlook,2020-12-15 23:01:50.178151
2012-11-07,12:45,54.9,31.1,40.1,0.0,472,SW,6.7,10.3,0.0,,55.1,"Outlook, Yakima County",310135,Outlook,2020-12-15 23:01:50.178151
2012-11-07,13:00,55.0,31.1,39.9,0.0,453,SW,5.4,9.2,0.0,,55.0,"Outlook, Yakima County",310135,Outlook,2020-12-15 23:01:50.178151
2012-11-07,13:15,55.1,31.0,39.7,0.0,436,W,4.9,9.9,0.0,,55.0,"Outlook, Yakima County",310135,Outlook,2020-12-15 23:01:50.178151
2012-11-07,13:30,55.0,30.6,39.1,0.0,423,W,5.2,9.6,0.0,,55.0,"Outlook, Yakima County",310135,Outlook,2020-12-15 23:01:50.178151
2012-11-07,13:45,55.9,30.9,38.3,0.0,366,SW,2.6,5.7,0.0,,55.0,"Outlook, Yakima County",310135,Outlook,2020-12-15 23:01:50.178151
2012-11-07,14:00,54.9,31.4,40.5,0.0,257,SW,2.9,6.0,0.0,,55.1,"Outlook, Yakima County",310135,Outlook,2020-12-15 23:01:50.178151
2012-11-07,14:15,55.9,31.0,38.6,0.0,405,NW,2.9,6.0,0.0,,55.1,"Outlook, Yakima County",310135,Outlook,2020-12-15 23:01:50.178151
2012-11-07,14:30,56.1,31.4,38.8,0.0,423,SW,5.1,11.0,0.0,,55.1,"Outlook, Yakima County",310135,Outlook,2020-12-15 23:01:50.178151
2012-11-07,14:45,56.0,32.0,40.0,0.0,380,SW,7.5,12.4,0.0,,55.1,"Outlook, Yakima County",310135,Outlook,2020-12-15 23:01:50.178151
2012-11-07,15:00,55.9,31.9,39.9,0.0,333,SW,6.4,9.6,0.0,,55.2,"Outlook, Yakima County",310135,Outlook,2020-12-15 23:01:50.178151
2012-11-07,15:15,55.6,32.5,41.3,0.0,280,SW,6.0,10.3,0.0,,55.2,"Outlook, Yakima County",310135,Outlook,2020-12-15 23:01:50.178151
2012-11-07,15:30,54.6,33.2,44.1,0.0,168,SW,6.3,13.2,0.0,,55.3,"Outlook, Yakima County",310135,Outlook,2020-12-15 23:01:50.178151
2012-11-07,15:45,54.0,33.1,44.9,0.0,107,SW,4.6,7.8,0.0,,55.3,"Outlook, Yakima County",310135,Outlook,2020-12-15 23:01:50.178151
2012-11-07,16:00,52.7,33.9,48.5,0.0,40,SW,4.7,7.1,0.0,,55.4,"Outlook, Yakima County",310135,Outlook,2020-12-15 23:01:50.178151
2012-11-07,16:15,52.5,34.3,49.9,0.0,52,SW,4.5,6.7,0.0,,55.5,"Outlook, Yakima County",310135,Outlook,2020-12-15 23:01:50.178151
2012-11-07,16:30,51.8,33.7,49.9,0.0,21,SW,5.9,11.0,0.0,,55.5,"Outlook, Yakima County",310135,Outlook,2020-12-15 23:01:50.178151
2012-11-07,16:45,50.2,34.4,54.4,0.0,3,W,5.9,8.9,0.0,,55.6,"Outlook, Yakima County",310135,Outlook,2020-12-15 23:01:50.178151
2012-11-07,17:00,49.4,34.0,55.1,0.0,0,W,5.5,8.5,0.0,,55.7,"Outlook, Yakima County",310135,Outlook,2020-12-15 23:01:50.178151
2012-11-07,17:15,49.2,32.9,53.3,0.0,0,W,5.7,8.2,0.0,,55.7,"Outlook, Yakima County",310135,Outlook,2020-12-15 23:01:50.178151
2012-11-07,17:30,48.6,32.7,53.9,0.0,0,W,4.1,6.4,0.0,,55.8,"Outlook, Yakima County",310135,Outlook,2020-12-15 23:01:50.178151
2012-11-07,17:45,47.0,32.6,56.9,0.0,0,NW,3.0,4.6,0.0,,55.9,"Outlook, Yakima County",310135,Outlook,2020-12-15 23:01:50.178151
2012-11-07,18:00,44.7,32.7,62.6,0.0,0,N,3.2,4.9,0.0,,56.0,"Outlook, Yakima County",310135,Outlook,2020-12-15 23:01:50.178151
2012-11-07,18:15,44.1,32.7,64.1,0.0,0,N,3.3,4.9,0.0,,56.0,"Outlook, Yakima County",310135,Outlook,2020-12-15 23:01:50.178151
2012-11-07,18:30,42.4,33.9,71.6,0.0,0,N ,4.7,6.4,0.0,,56.1,"Outlook, Yakima County",310135,Outlook,2020-12-15 23:01:50.178151
2012-11-07,18:45,42.4,33.9,71.8,0.0,0,N ,3.3,6.7,0.0,,56.2,"Outlook, Yakima County",310135,Outlook,2020-12-15 23:01:50.178151
2012-11-07,19:00,42.2,33.3,70.6,0.0,0,N ,3.2,4.6,0.0,,56.2,"Outlook, Yakima County",310135,Outlook,2020-12-15 23:01:50.178151
2012-11-07,19:15,42.5,33.1,69.2,0.0,0,NE,2.6,3.9,0.0,,56.3,"Outlook, Yakima County",310135,Outlook,2020-12-15 23:01:50.178151
2012-11-07,19:30,41.5,32.6,70.6,0.0,0,N ,5.2,7.4,0.0,,56.3,"Outlook, Yakima County",310135,Outlook,2020-12-15 23:01:50.178151
2012-11-07,19:45,41.1,32.9,72.4,0.0,0,NE,4.8,7.8,0.0,,56.4,"Outlook, Yakima County",310135,Outlook,2020-12-15 23:01:50.178151
2012-11-07,20:00,40.0,32.4,73.9,0.0,0,N ,5.1,7.1,0.0,,56.4,"Outlook, Yakima County",310135,Outlook,2020-12-15 23:01:50.178151
2012-11-07,20:15,40.7,32.7,73.0,0.0,0,N ,5.1,7.8,0.0,,56.4,"Outlook, Yakima County",310135,Outlook,2020-12-15 23:01:50.178151
2012-11-07,20:30,43.3,32.8,66.1,0.0,0,NE,4.0,7.1,0.0,,56.4,"Outlook, Yakima County",310135,Outlook,2020-12-15 23:01:50.178151
2012-11-07,20:45,41.9,32.5,69.1,0.0,0,N ,3.7,6.4,0.0,,56.4,"Outlook, Yakima County",310135,Outlook,2020-12-15 23:01:50.178151
2012-11-07,21:00,40.1,32.3,73.4,0.0,0,N ,4.7,7.1,0.0,,56.4,"Outlook, Yakima County",310135,Outlook,2020-12-15 23:01:50.178151
2012-11-07,21:15,40.0,32.3,73.5,0.0,0,N ,5.1,7.1,0.0,,56.4,"Outlook, Yakima County",310135,Outlook,2020-12-15 23:01:50.178151
2012-11-07,21:30,39.9,32.5,74.5,0.0,0,SW,1.6,5.7,0.0,,56.4,"Outlook, Yakima County",310135,Outlook,2020-12-15 23:01:50.178151
2012-11-07,21:45,38.2,32.1,78.4,0.0,0,N,0.3,3.1,0.0,,56.4,"Outlook, Yakima County",310135,Outlook,2020-12-15 23:01:50.178151
2012-11-07,22:00,37.5,31.3,78.0,0.0,0,N,4.2,6.7,0.0,,56.4,"Outlook, Yakima County",310135,Outlook,2020-12-15 23:01:50.178151
2012-11-07,22:15,36.1,31.2,82.3,0.0,0,N ,6.0,8.5,0.0,,56.4,"Outlook, Yakima County",310135,Outlook,2020-12-15 23:01:50.178151
2012-11-07,22:30,36.0,31.1,82.3,0.0,0,N ,7.4,9.6,0.0,,56.3,"Outlook, Yakima County",310135,Outlook,2020-12-15 23:01:50.178151
2012-11-07,22:45,35.6,30.7,82.1,0.0,0,N ,9.0,10.7,0.0,,56.3,"Outlook, Yakima County",310135,Outlook,2020-12-15 23:01:50.178151
2012-11-07,23:00,35.7,30.7,81.9,0.0,0,N ,9.0,10.3,0.0,,56.3,"Outlook, Yakima County",310135,Outlook,2020-12-15 23:01:50.178151
2012-11-07,23:15,36.2,30.7,80.1,0.0,0,N ,8.1,9.9,0.0,,56.2,"Outlook, Yakima County",310135,Outlook,2020-12-15 23:01:50.178151
2012-11-07,23:30,36.5,30.7,79.1,0.0,0,N ,7.8,9.2,0.0,,56.2,"Outlook, Yakima County",310135,Outlook,2020-12-15 23:01:50.178151
2012-11-07,23:45,36.8,30.5,77.6,0.0,0,N ,8.1,9.9,0.0,,56.1,"Outlook, Yakima County",310135,Outlook,2020-12-15 23:01:50.178151
2012-11-07,24:00,37.0,30.3,76.3,0.0,0,N ,7.0,8.2,0.0,,56.1,"Outlook, Yakima County",310135,Outlook,2020-12-15 23:01:50.178151
