Date,Time PST,Air Temp °F, 2<sup>nd</sup> Air Temp °F, Dew Point °F, Rel Hum %, Leaf Wet u., Wind Dir @ Speed mph, Wind Gust mph, 8 in. Soil Tmp °F, Tot Prec in, Solar Rad W/m²,Location,Station ID,Station Name,Download Timestamp
2009-06-26,00:15,59.9,,37.3,42.9,0.0,NE@2.5,3.9,78.0,0.0,0,"East Oroville, Okanogan County",330146,East Oroville,2017-12-09 17:31:00.254194
2009-06-26,00:30,59.6,,38.8,45.9,0.0,N@2.7,5.3,77.9,0.0,0,"East Oroville, Okanogan County",330146,East Oroville,2017-12-09 17:31:00.254194
2009-06-26,00:45,59.4,,39.3,47.2,0.0,N@2.8,6.4,77.7,0.0,0,"East Oroville, Okanogan County",330146,East Oroville,2017-12-09 17:31:00.254194
2009-06-26,01:00,59.8,,39.1,46.2,0.0,N@2.9,4.2,77.6,0.0,0,"East Oroville, Okanogan County",330146,East Oroville,2017-12-09 17:31:00.254194
2009-06-26,01:15,59.3,,39.5,47.7,0.0,N@2.8,4.6,77.5,0.0,0,"East Oroville, Okanogan County",330146,East Oroville,2017-12-09 17:31:00.254194
2009-06-26,01:30,59.3,,39.4,47.6,0.0,N@3.4,6.0,77.4,0.0,0,"East Oroville, Okanogan County",330146,East Oroville,2017-12-09 17:31:00.254194
2009-06-26,01:45,58.9,,39.8,49.0,0.0,N@3.3,6.0,77.2,0.0,0,"East Oroville, Okanogan County",330146,East Oroville,2017-12-09 17:31:00.254194
2009-06-26,02:00,58.4,,39.6,49.6,0.0,N@3.2,4.9,77.1,0.0,0,"East Oroville, Okanogan County",330146,East Oroville,2017-12-09 17:31:00.254194
2009-06-26,02:15,58.0,,40.0,50.9,0.0,N@3.0,4.9,76.9,0.0,0,"East Oroville, Okanogan County",330146,East Oroville,2017-12-09 17:31:00.254194
2009-06-26,02:30,57.5,,40.4,52.8,0.0,NW@3.0,5.7,76.8,0.0,0,"East Oroville, Okanogan County",330146,East Oroville,2017-12-09 17:31:00.254194
2009-06-26,02:45,56.9,,40.6,54.3,0.0,NW@3.0,5.3,76.7,0.0,0,"East Oroville, Okanogan County",330146,East Oroville,2017-12-09 17:31:00.254194
2009-06-26,03:00,56.7,,40.4,54.2,0.0,N@2.3,4.6,76.5,0.0,0,"East Oroville, Okanogan County",330146,East Oroville,2017-12-09 17:31:00.254194
2009-06-26,03:15,56.9,,39.5,52.1,0.0,N@3.2,6.4,76.4,0.0,0,"East Oroville, Okanogan County",330146,East Oroville,2017-12-09 17:31:00.254194
2009-06-26,03:30,56.8,,39.2,51.7,0.0,NE@4.2,7.4,76.2,0.0,0,"East Oroville, Okanogan County",330146,East Oroville,2017-12-09 17:31:00.254194
2009-06-26,03:45,56.3,,38.9,51.8,0.0,NE@4.5,7.4,76.1,0.0,1,"East Oroville, Okanogan County",330146,East Oroville,2017-12-09 17:31:00.254194
2009-06-26,04:00,56.6,,38.7,51.0,0.0,NE@4.4,9.2,75.9,0.0,4,"East Oroville, Okanogan County",330146,East Oroville,2017-12-09 17:31:00.254194
2009-06-26,04:15,56.8,,38.7,50.7,0.0,NE@4.0,7.1,75.7,0.0,9,"East Oroville, Okanogan County",330146,East Oroville,2017-12-09 17:31:00.254194
2009-06-26,04:30,56.5,,38.7,51.3,0.0,NE@4.4,7.1,75.6,0.0,15,"East Oroville, Okanogan County",330146,East Oroville,2017-12-09 17:31:00.254194
2009-06-26,04:45,56.8,,38.6,50.4,0.0,NE@4.1,7.8,75.4,0.0,20,"East Oroville, Okanogan County",330146,East Oroville,2017-12-09 17:31:00.254194
2009-06-26,05:00,56.5,,38.6,51.1,0.0,NE@4.0,6.7,75.3,0.0,24,"East Oroville, Okanogan County",330146,East Oroville,2017-12-09 17:31:00.254194
2009-06-26,05:15,56.6,,38.6,50.9,0.0,NE@3.5,7.1,75.1,0.0,28,"East Oroville, Okanogan County",330146,East Oroville,2017-12-09 17:31:00.254194
2009-06-26,05:30,56.4,,38.7,51.4,0.0,NE@3.2,7.1,74.9,0.0,34,"East Oroville, Okanogan County",330146,East Oroville,2017-12-09 17:31:00.254194
2009-06-26,05:45,55.8,,38.8,52.6,0.0,NE@2.9,4.9,74.8,0.0,39,"East Oroville, Okanogan County",330146,East Oroville,2017-12-09 17:31:00.254194
2009-06-26,06:00,57.6,,39.1,50.0,0.0,NE@2.4,3.9,74.6,0.0,177,"East Oroville, Okanogan County",330146,East Oroville,2017-12-09 17:31:00.254194
2009-06-26,06:15,60.0,,39.4,46.4,0.0,E@2.4,4.6,74.5,0.0,244,"East Oroville, Okanogan County",330146,East Oroville,2017-12-09 17:31:00.254194
2009-06-26,06:30,61.4,,40.0,45.3,0.0,NE@2.4,4.2,74.3,0.0,288,"East Oroville, Okanogan County",330146,East Oroville,2017-12-09 17:31:00.254194
2009-06-26,06:45,62.6,,41.0,44.9,0.0,N@2.2,3.9,74.1,0.0,344,"East Oroville, Okanogan County",330146,East Oroville,2017-12-09 17:31:00.254194
2009-06-26,07:00,62.6,,41.6,46.0,0.0,NW@3.3,6.7,74.0,0.0,395,"East Oroville, Okanogan County",330146,East Oroville,2017-12-09 17:31:00.254194
2009-06-26,07:15,62.6,,41.8,46.5,0.0,W@5.4,11.0,73.8,0.0,438,"East Oroville, Okanogan County",330146,East Oroville,2017-12-09 17:31:00.254194
2009-06-26,07:30,63.5,,41.5,44.4,0.0,W@5.2,9.2,73.7,0.0,513,"East Oroville, Okanogan County",330146,East Oroville,2017-12-09 17:31:00.254194
2009-06-26,07:45,64.8,,40.4,40.6,0.0,W@5.4,8.2,73.5,0.0,592,"East Oroville, Okanogan County",330146,East Oroville,2017-12-09 17:31:00.254194
2009-06-26,08:00,63.5,,40.1,42.2,0.0,W@5.2,8.2,73.4,0.0,336,"East Oroville, Okanogan County",330146,East Oroville,2017-12-09 17:31:00.254194
2009-06-26,08:15,62.4,,40.4,44.3,0.0,W@4.9,8.9,73.3,0.0,241,"East Oroville, Okanogan County",330146,East Oroville,2017-12-09 17:31:00.254194
2009-06-26,08:30,64.7,,41.0,41.8,0.0,W@5.6,9.6,73.2,0.0,666,"East Oroville, Okanogan County",330146,East Oroville,2017-12-09 17:31:00.254194
2009-06-26,08:45,66.5,,41.0,39.3,0.0,W@5.6,10.3,73.1,0.0,698,"East Oroville, Okanogan County",330146,East Oroville,2017-12-09 17:31:00.254194
2009-06-26,09:00,66.9,,40.6,38.1,0.0,NW@6.4,9.9,72.9,0.0,724,"East Oroville, Okanogan County",330146,East Oroville,2017-12-09 17:31:00.254194
2009-06-26,09:15,68.0,,40.9,37.1,0.0,NW@5.5,9.2,72.9,0.0,752,"East Oroville, Okanogan County",330146,East Oroville,2017-12-09 17:31:00.254194
2009-06-26,09:30,68.1,,40.6,36.6,0.0,NW@6.4,11.4,72.8,0.0,776,"East Oroville, Okanogan County",330146,East Oroville,2017-12-09 17:31:00.254194
2009-06-26,09:45,68.6,,40.9,36.4,0.0,NW@6.3,12.1,72.8,0.0,804,"East Oroville, Okanogan County",330146,East Oroville,2017-12-09 17:31:00.254194
2009-06-26,10:00,69.1,,40.7,35.6,0.0,NW@7.1,12.4,72.7,0.0,836,"East Oroville, Okanogan County",330146,East Oroville,2017-12-09 17:31:00.254194
2009-06-26,10:15,69.8,,40.9,34.9,0.0,NW@6.1,11.0,72.7,0.0,853,"East Oroville, Okanogan County",330146,East Oroville,2017-12-09 17:31:00.254194
2009-06-26,10:30,69.5,,39.8,33.9,0.0,NW@7.1,12.8,72.7,0.0,882,"East Oroville, Okanogan County",330146,East Oroville,2017-12-09 17:31:00.254194
2009-06-26,10:45,70.7,,40.5,33.4,0.0,NW@6.3,10.7,72.7,0.0,904,"East Oroville, Okanogan County",330146,East Oroville,2017-12-09 17:31:00.254194
2009-06-26,11:00,71.4,,40.4,32.4,0.0,NW@5.8,11.0,72.7,0.0,927,"East Oroville, Okanogan County",330146,East Oroville,2017-12-09 17:31:00.254194
2009-06-26,11:15,71.5,,40.4,32.2,0.0,W@6.5,12.4,72.7,0.0,941,"East Oroville, Okanogan County",330146,East Oroville,2017-12-09 17:31:00.254194
2009-06-26,11:30,72.0,,38.4,29.4,0.0,NW@6.6,10.7,72.8,0.0,949,"East Oroville, Okanogan County",330146,East Oroville,2017-12-09 17:31:00.254194
2009-06-26,11:45,73.3,,38.2,27.9,0.0,NW@5.9,11.0,72.9,0.0,960,"East Oroville, Okanogan County",330146,East Oroville,2017-12-09 17:31:00.254194
2009-06-26,12:00,72.6,,40.6,31.4,0.0,NW@6.8,12.1,73.0,0.0,967,"East Oroville, Okanogan County",330146,East Oroville,2017-12-09 17:31:00.254194
2009-06-26,12:15,73.4,,38.8,28.5,0.0,NW@6.7,12.4,73.1,0.0,966,"East Oroville, Okanogan County",330146,East Oroville,2017-12-09 17:31:00.254194
2009-06-26,12:30,74.6,,37.7,26.1,0.0,NW@6.5,11.0,73.2,0.0,967,"East Oroville, Okanogan County",330146,East Oroville,2017-12-09 17:31:00.254194
2009-06-26,12:45,73.9,,36.8,25.8,0.0,NW@6.8,11.7,73.3,0.0,962,"East Oroville, Okanogan County",330146,East Oroville,2017-12-09 17:31:00.254194
2009-06-26,13:00,75.1,,35.6,23.7,0.0,W@6.4,11.4,73.5,0.0,941,"East Oroville, Okanogan County",330146,East Oroville,2017-12-09 17:31:00.254194
2009-06-26,13:15,75.7,,37.0,24.6,0.0,NW@6.0,11.7,73.6,0.0,938,"East Oroville, Okanogan County",330146,East Oroville,2017-12-09 17:31:00.254194
2009-06-26,13:30,75.7,,35.3,23.0,0.0,NW@6.8,12.4,73.8,0.0,921,"East Oroville, Okanogan County",330146,East Oroville,2017-12-09 17:31:00.254194
2009-06-26,13:45,76.2,,33.4,20.9,0.0,NW@5.6,9.9,74.0,0.0,902,"East Oroville, Okanogan County",330146,East Oroville,2017-12-09 17:31:00.254194
2009-06-26,14:00,76.8,,33.4,20.5,0.0,NW@5.4,9.9,74.2,0.0,880,"East Oroville, Okanogan County",330146,East Oroville,2017-12-09 17:31:00.254194
2009-06-26,14:15,77.2,,33.5,20.3,0.0,W@5.9,11.0,74.4,0.0,854,"East Oroville, Okanogan County",330146,East Oroville,2017-12-09 17:31:00.254194
2009-06-26,14:30,77.4,,34.8,21.3,0.0,W@6.6,14.6,74.6,0.0,827,"East Oroville, Okanogan County",330146,East Oroville,2017-12-09 17:31:00.254194
2009-06-26,14:45,77.7,,35.5,21.6,0.0,W@6.2,11.0,74.8,0.0,797,"East Oroville, Okanogan County",330146,East Oroville,2017-12-09 17:31:00.254194
2009-06-26,15:00,77.6,,35.8,22.0,0.0,W@6.6,11.7,75.0,0.0,766,"East Oroville, Okanogan County",330146,East Oroville,2017-12-09 17:31:00.254194
2009-06-26,15:15,77.7,,34.7,21.0,0.0,W@6.5,10.7,75.2,0.0,731,"East Oroville, Okanogan County",330146,East Oroville,2017-12-09 17:31:00.254194
2009-06-26,15:30,77.8,,34.9,21.1,0.0,W@6.4,11.7,75.4,0.0,693,"East Oroville, Okanogan County",330146,East Oroville,2017-12-09 17:31:00.254194
2009-06-26,15:45,78.2,,34.9,20.8,0.0,W@5.7,9.6,75.7,0.0,655,"East Oroville, Okanogan County",330146,East Oroville,2017-12-09 17:31:00.254194
2009-06-26,16:00,78.7,,35.9,21.3,0.0,W@5.4,11.0,75.9,0.0,622,"East Oroville, Okanogan County",330146,East Oroville,2017-12-09 17:31:00.254194
2009-06-26,16:15,78.1,,34.8,20.8,0.0,W@5.8,10.3,76.1,0.0,587,"East Oroville, Okanogan County",330146,East Oroville,2017-12-09 17:31:00.254194
2009-06-26,16:30,78.7,,35.0,20.6,0.0,W@5.8,10.3,76.4,0.0,542,"East Oroville, Okanogan County",330146,East Oroville,2017-12-09 17:31:00.254194
2009-06-26,16:45,78.4,,34.9,20.7,0.0,W@6.2,11.0,76.6,0.0,497,"East Oroville, Okanogan County",330146,East Oroville,2017-12-09 17:31:00.254194
2009-06-26,17:00,78.2,,35.6,21.4,0.0,W@6.1,9.9,76.9,0.0,451,"East Oroville, Okanogan County",330146,East Oroville,2017-12-09 17:31:00.254194
2009-06-26,17:15,78.4,,35.1,20.9,0.0,NW@5.5,9.9,77.1,0.0,408,"East Oroville, Okanogan County",330146,East Oroville,2017-12-09 17:31:00.254194
2009-06-26,17:30,77.7,,34.0,20.4,0.0,NW@5.9,11.7,77.3,0.0,366,"East Oroville, Okanogan County",330146,East Oroville,2017-12-09 17:31:00.254194
2009-06-26,17:45,77.6,,33.3,19.9,0.0,NW@5.7,10.7,77.6,0.0,320,"East Oroville, Okanogan County",330146,East Oroville,2017-12-09 17:31:00.254194
2009-06-26,18:00,76.7,,30.5,18.3,0.0,NW@6.3,11.4,77.8,0.0,273,"East Oroville, Okanogan County",330146,East Oroville,2017-12-09 17:31:00.254194
2009-06-26,18:15,76.1,,29.3,17.8,0.0,NW@5.8,10.7,78.0,0.0,229,"East Oroville, Okanogan County",330146,East Oroville,2017-12-09 17:31:00.254194
2009-06-26,18:30,75.3,,28.8,17.9,0.0,NW@6.1,10.7,78.2,0.0,191,"East Oroville, Okanogan County",330146,East Oroville,2017-12-09 17:31:00.254194
2009-06-26,18:45,74.9,,26.9,16.8,0.0,NW@6.4,11.7,78.4,0.0,156,"East Oroville, Okanogan County",330146,East Oroville,2017-12-09 17:31:00.254194
2009-06-26,19:00,74.4,,27.5,17.5,0.0,NW@6.3,12.4,78.6,0.0,120,"East Oroville, Okanogan County",330146,East Oroville,2017-12-09 17:31:00.254194
2009-06-26,19:15,73.4,,28.6,18.9,0.0,NW@4.7,10.3,78.8,0.0,92,"East Oroville, Okanogan County",330146,East Oroville,2017-12-09 17:31:00.254194
2009-06-26,19:30,72.1,,29.2,20.3,0.0,NW@3.8,7.8,78.9,0.0,48,"East Oroville, Okanogan County",330146,East Oroville,2017-12-09 17:31:00.254194
2009-06-26,19:45,70.7,,30.7,22.6,0.0,NW@2.7,6.4,79.1,0.0,21,"East Oroville, Okanogan County",330146,East Oroville,2017-12-09 17:31:00.254194
2009-06-26,20:00,69.7,,31.6,24.3,0.0,N@2.0,4.9,79.2,0.0,13,"East Oroville, Okanogan County",330146,East Oroville,2017-12-09 17:31:00.254194
2009-06-26,20:15,68.0,,33.7,28.0,0.0,NE@2.0,3.5,79.3,0.0,5,"East Oroville, Okanogan County",330146,East Oroville,2017-12-09 17:31:00.254194
2009-06-26,20:30,67.3,,33.9,28.9,0.0,N@3.0,4.9,79.4,0.0,1,"East Oroville, Okanogan County",330146,East Oroville,2017-12-09 17:31:00.254194
2009-06-26,20:45,67.4,,33.6,28.5,0.0,N@2.8,4.9,79.5,0.0,0,"East Oroville, Okanogan County",330146,East Oroville,2017-12-09 17:31:00.254194
2009-06-26,21:00,66.9,,33.7,29.1,0.0,N@3.0,5.7,79.5,0.0,0,"East Oroville, Okanogan County",330146,East Oroville,2017-12-09 17:31:00.254194
2009-06-26,21:15,66.9,,31.8,26.9,0.0,NE@3.8,8.2,79.6,0.0,0,"East Oroville, Okanogan County",330146,East Oroville,2017-12-09 17:31:00.254194
2009-06-26,21:30,65.5,,31.4,27.8,0.0,NE@3.1,4.9,79.6,0.0,0,"East Oroville, Okanogan County",330146,East Oroville,2017-12-09 17:31:00.254194
2009-06-26,21:45,65.4,,32.9,29.7,0.0,N@3.1,6.0,79.7,0.0,0,"East Oroville, Okanogan County",330146,East Oroville,2017-12-09 17:31:00.254194
2009-06-26,22:00,65.2,,33.8,31.0,0.0,N@3.9,7.1,79.7,0.0,0,"East Oroville, Okanogan County",330146,East Oroville,2017-12-09 17:31:00.254194
2009-06-26,22:15,65.0,,33.6,30.9,0.0,NE@3.9,6.7,79.6,0.0,0,"East Oroville, Okanogan County",330146,East Oroville,2017-12-09 17:31:00.254194
2009-06-26,22:30,64.6,,32.7,30.2,0.0,NE@3.9,7.1,79.6,0.0,0,"East Oroville, Okanogan County",330146,East Oroville,2017-12-09 17:31:00.254194
2009-06-26,22:45,63.9,,31.1,29.1,0.0,NE@4.6,8.5,79.6,0.0,0,"East Oroville, Okanogan County",330146,East Oroville,2017-12-09 17:31:00.254194
2009-06-26,23:00,63.0,,32.9,32.3,0.0,NE@3.1,5.7,79.5,0.0,0,"East Oroville, Okanogan County",330146,East Oroville,2017-12-09 17:31:00.254194
2009-06-27,23:15,62.5,,33.4,33.5,0.0,NE@3.4,6.0,79.4,0.0,0,"East Oroville, Okanogan County",330146,East Oroville,2017-12-09 17:31:00.254194
2009-06-27,23:30,61.3,,33.9,35.7,0.0,N@2.5,3.5,79.4,0.0,0,"East Oroville, Okanogan County",330146,East Oroville,2017-12-09 17:31:00.254194
2009-06-27,23:45,61.5,,32.1,32.9,0.0,E@4.0,8.2,79.3,0.0,0,"East Oroville, Okanogan County",330146,East Oroville,2017-12-09 17:31:00.254194
2009-06-27,24:00,60.3,,31.0,32.9,0.0,E@6.1,9.6,79.2,0.0,0,"East Oroville, Okanogan County",330146,East Oroville,2017-12-09 17:31:00.254194
2009-06-27,00:15,61.3,,33.2,34.6,0.0,NE@3.4,6.4,79.1,0.0,0,"East Oroville, Okanogan County",330146,East Oroville,2017-12-09 17:31:00.254194
2009-06-27,00:30,61.4,,33.8,35.4,0.0,NE@3.4,6.0,79.0,0.0,0,"East Oroville, Okanogan County",330146,East Oroville,2017-12-09 17:31:00.254194
2009-06-27,00:45,61.3,,34.4,36.4,0.0,NE@3.4,5.7,78.8,0.0,0,"East Oroville, Okanogan County",330146,East Oroville,2017-12-09 17:31:00.254194
2009-06-27,01:00,60.5,,34.8,38.0,0.0,N@3.3,5.3,78.7,0.0,0,"East Oroville, Okanogan County",330146,East Oroville,2017-12-09 17:31:00.254194
2009-06-27,01:15,60.3,,34.6,38.0,0.0,NE@3.1,4.9,78.6,0.0,0,"East Oroville, Okanogan County",330146,East Oroville,2017-12-09 17:31:00.254194
2009-06-27,01:30,60.0,,34.0,37.5,0.0,NE@4.2,7.8,78.5,0.0,0,"East Oroville, Okanogan County",330146,East Oroville,2017-12-09 17:31:00.254194
2009-06-27,01:45,59.3,,33.1,37.1,0.0,NE@5.2,7.8,78.3,0.0,0,"East Oroville, Okanogan County",330146,East Oroville,2017-12-09 17:31:00.254194
2009-06-27,02:00,59.3,,32.5,36.3,0.0,NE@4.9,7.1,78.2,0.0,0,"East Oroville, Okanogan County",330146,East Oroville,2017-12-09 17:31:00.254194
2009-06-27,02:15,59.8,,32.6,35.6,0.0,NE@4.6,7.4,78.0,0.0,0,"East Oroville, Okanogan County",330146,East Oroville,2017-12-09 17:31:00.254194
2009-06-27,02:30,59.4,,34.7,39.4,0.0,N@3.2,7.4,77.9,0.0,0,"East Oroville, Okanogan County",330146,East Oroville,2017-12-09 17:31:00.254194
2009-06-27,02:45,58.0,,35.0,41.9,0.0,NW@2.4,5.3,77.7,0.0,0,"East Oroville, Okanogan County",330146,East Oroville,2017-12-09 17:31:00.254194
2009-06-27,03:00,57.2,,34.5,42.4,0.0,W@1.9,3.9,77.6,0.0,0,"East Oroville, Okanogan County",330146,East Oroville,2017-12-09 17:31:00.254194
2009-06-27,03:15,56.9,,34.5,42.7,0.0,E@2.2,3.9,77.4,0.0,0,"East Oroville, Okanogan County",330146,East Oroville,2017-12-09 17:31:00.254194
2009-06-27,03:30,56.3,,35.3,45.2,0.0,NE@2.2,4.6,77.3,0.0,0,"East Oroville, Okanogan County",330146,East Oroville,2017-12-09 17:31:00.254194
2009-06-27,03:45,56.6,,35.5,45.0,0.0,NE@2.6,4.9,77.1,0.0,1,"East Oroville, Okanogan County",330146,East Oroville,2017-12-09 17:31:00.254194
2009-06-27,04:00,56.3,,35.2,45.0,0.0,NE@2.5,3.9,77.0,0.0,4,"East Oroville, Okanogan County",330146,East Oroville,2017-12-09 17:31:00.254194
2009-06-27,04:15,55.6,,34.8,45.3,0.0,NE@2.7,4.2,76.8,0.0,11,"East Oroville, Okanogan County",330146,East Oroville,2017-12-09 17:31:00.254194
2009-06-27,04:30,55.7,,34.7,44.9,0.0,E@1.4,3.5,76.7,0.0,23,"East Oroville, Okanogan County",330146,East Oroville,2017-12-09 17:31:00.254194
2009-06-27,04:45,54.7,,33.9,45.2,0.0,SE@3.3,6.0,76.5,0.0,38,"East Oroville, Okanogan County",330146,East Oroville,2017-12-09 17:31:00.254194
2009-06-27,05:00,54.6,,34.1,45.6,0.0,E@3.2,7.1,76.3,0.0,39,"East Oroville, Okanogan County",330146,East Oroville,2017-12-09 17:31:00.254194
2009-06-27,05:15,54.7,,35.0,47.3,0.0,NE@2.3,4.9,76.2,0.0,31,"East Oroville, Okanogan County",330146,East Oroville,2017-12-09 17:31:00.254194
2009-06-27,05:30,55.7,,35.5,46.5,0.0,NE@1.5,2.4,76.0,0.0,35,"East Oroville, Okanogan County",330146,East Oroville,2017-12-09 17:31:00.254194
2009-06-27,05:45,55.1,,35.9,48.2,0.0,NE@2.2,3.5,75.9,0.0,50,"East Oroville, Okanogan County",330146,East Oroville,2017-12-09 17:31:00.254194
2009-06-27,06:00,56.9,,36.2,45.7,0.0,E@2.5,3.9,75.7,0.0,162,"East Oroville, Okanogan County",330146,East Oroville,2017-12-09 17:31:00.254194
2009-06-27,06:15,59.7,,38.0,44.3,0.0,W@1.5,2.8,75.6,0.0,225,"East Oroville, Okanogan County",330146,East Oroville,2017-12-09 17:31:00.254194
2009-06-27,06:30,59.6,,39.9,47.9,0.0,NW@1.6,2.4,75.4,0.0,273,"East Oroville, Okanogan County",330146,East Oroville,2017-12-09 17:31:00.254194
2009-06-27,06:45,59.4,,39.6,47.7,0.0,W@2.0,3.9,75.2,0.0,294,"East Oroville, Okanogan County",330146,East Oroville,2017-12-09 17:31:00.254194
2009-06-27,07:00,59.9,,41.0,49.5,0.0,W@3.2,4.9,75.1,0.0,379,"East Oroville, Okanogan County",330146,East Oroville,2017-12-09 17:31:00.254194
2009-06-27,07:15,60.8,,41.0,47.9,0.0,W@2.7,3.9,74.9,0.0,412,"East Oroville, Okanogan County",330146,East Oroville,2017-12-09 17:31:00.254194
2009-06-27,07:30,61.6,,42.6,49.6,0.0,W@2.5,4.2,74.8,0.0,461,"East Oroville, Okanogan County",330146,East Oroville,2017-12-09 17:31:00.254194
2009-06-27,07:45,62.8,,42.5,47.4,0.0,W@2.4,4.2,74.6,0.0,511,"East Oroville, Okanogan County",330146,East Oroville,2017-12-09 17:31:00.254194
2009-06-27,08:00,63.5,,42.2,45.7,0.0,W@3.1,6.0,74.5,0.0,551,"East Oroville, Okanogan County",330146,East Oroville,2017-12-09 17:31:00.254194
2009-06-27,08:15,64.2,,42.4,44.9,0.0,SW@3.0,5.3,74.3,0.0,594,"East Oroville, Okanogan County",330146,East Oroville,2017-12-09 17:31:00.254194
2009-06-27,08:30,65.3,,42.0,42.5,0.0,NW@2.5,4.9,74.2,0.0,642,"East Oroville, Okanogan County",330146,East Oroville,2017-12-09 17:31:00.254194
2009-06-27,08:45,65.9,,40.8,39.9,0.0,W@3.1,4.9,74.1,0.0,670,"East Oroville, Okanogan County",330146,East Oroville,2017-12-09 17:31:00.254194
2009-06-27,09:00,66.7,,39.8,37.3,0.0,W@3.7,6.0,74.0,0.0,709,"East Oroville, Okanogan County",330146,East Oroville,2017-12-09 17:31:00.254194
2009-06-27,09:15,68.6,,39.4,34.3,0.0,W@3.8,6.0,73.9,0.0,745,"East Oroville, Okanogan County",330146,East Oroville,2017-12-09 17:31:00.254194
2009-06-27,09:30,69.1,,39.5,34.0,0.0,W@4.2,6.4,73.8,0.0,782,"East Oroville, Okanogan County",330146,East Oroville,2017-12-09 17:31:00.254194
2009-06-27,09:45,69.9,,38.1,31.2,0.0,W@3.6,5.7,73.7,0.0,814,"East Oroville, Okanogan County",330146,East Oroville,2017-12-09 17:31:00.254194
2009-06-27,10:00,71.3,,34.3,25.5,0.0,SW@3.2,6.0,73.7,0.0,845,"East Oroville, Okanogan County",330146,East Oroville,2017-12-09 17:31:00.254194
2009-06-27,10:15,72.8,,32.2,22.4,0.0,SW@2.9,7.4,73.7,0.0,867,"East Oroville, Okanogan County",330146,East Oroville,2017-12-09 17:31:00.254194
2009-06-27,10:30,73.9,,31.6,21.1,0.0,SW@4.0,8.5,73.7,0.0,887,"East Oroville, Okanogan County",330146,East Oroville,2017-12-09 17:31:00.254194
2009-06-27,10:45,74.4,,33.0,21.9,0.0,S@3.5,7.8,73.7,0.0,910,"East Oroville, Okanogan County",330146,East Oroville,2017-12-09 17:31:00.254194
2009-06-27,11:00,75.7,,33.0,21.0,0.0,SE@4.0,8.2,73.7,0.0,927,"East Oroville, Okanogan County",330146,East Oroville,2017-12-09 17:31:00.254194
2009-06-27,11:15,77.0,,32.2,19.5,0.0,S@6.1,12.4,73.7,0.0,946,"East Oroville, Okanogan County",330146,East Oroville,2017-12-09 17:31:00.254194
2009-06-27,11:30,78.4,,26.2,14.5,0.0,S@7.9,13.9,73.8,0.0,958,"East Oroville, Okanogan County",330146,East Oroville,2017-12-09 17:31:00.254194
2009-06-27,11:45,79.1,,25.6,13.8,0.0,S@8.0,13.5,73.9,0.0,962,"East Oroville, Okanogan County",330146,East Oroville,2017-12-09 17:31:00.254194
2009-06-27,12:00,80.0,,26.0,13.7,0.0,S@8.0,12.4,73.9,0.0,964,"East Oroville, Okanogan County",330146,East Oroville,2017-12-09 17:31:00.254194
2009-06-27,12:15,80.5,,26.6,13.8,0.0,S@8.4,14.6,74.1,0.0,966,"East Oroville, Okanogan County",330146,East Oroville,2017-12-09 17:31:00.254194
2009-06-27,12:30,81.0,,26.5,13.5,0.0,S@9.3,16.4,74.2,0.0,964,"East Oroville, Okanogan County",330146,East Oroville,2017-12-09 17:31:00.254194
2009-06-27,12:45,81.7,,27.8,13.9,0.0,S@9.2,14.2,74.3,0.0,957,"East Oroville, Okanogan County",330146,East Oroville,2017-12-09 17:31:00.254194
2009-06-27,13:00,82.0,,29.9,15.0,0.0,S@9.6,15.0,74.5,0.0,967,"East Oroville, Okanogan County",330146,East Oroville,2017-12-09 17:31:00.254194
2009-06-27,13:15,82.9,,31.2,15.4,0.0,S@8.5,12.4,74.7,0.0,907,"East Oroville, Okanogan County",330146,East Oroville,2017-12-09 17:31:00.254194
2009-06-27,13:30,83.2,,31.0,15.1,0.0,S@8.5,12.8,74.9,0.0,815,"East Oroville, Okanogan County",330146,East Oroville,2017-12-09 17:31:00.254194
2009-06-27,13:45,84.0,,31.1,14.8,0.0,SE@8.5,15.0,75.1,0.0,872,"East Oroville, Okanogan County",330146,East Oroville,2017-12-09 17:31:00.254194
2009-06-27,14:00,84.5,,30.0,14.0,0.0,S@8.3,14.6,75.3,0.0,815,"East Oroville, Okanogan County",330146,East Oroville,2017-12-09 17:31:00.254194
2009-06-27,14:15,84.7,,28.9,13.3,0.0,S@8.4,15.0,75.5,0.0,794,"East Oroville, Okanogan County",330146,East Oroville,2017-12-09 17:31:00.254194
2009-06-27,14:30,84.7,,30.4,14.1,0.0,S@10.2,16.0,75.7,0.0,831,"East Oroville, Okanogan County",330146,East Oroville,2017-12-09 17:31:00.254194
2009-06-27,14:45,85.3,,31.4,14.3,0.0,S@9.5,15.3,75.9,0.0,796,"East Oroville, Okanogan County",330146,East Oroville,2017-12-09 17:31:00.254194
2009-06-27,15:00,85.4,,31.2,14.2,0.0,S@11.5,17.8,76.1,0.0,763,"East Oroville, Okanogan County",330146,East Oroville,2017-12-09 17:31:00.254194
2009-06-27,15:15,85.8,,32.1,14.5,0.0,S@9.9,15.7,76.4,0.0,730,"East Oroville, Okanogan County",330146,East Oroville,2017-12-09 17:31:00.254194
2009-06-27,15:30,86.0,,31.9,14.3,0.0,S@11.1,19.2,76.6,0.0,694,"East Oroville, Okanogan County",330146,East Oroville,2017-12-09 17:31:00.254194
2009-06-27,15:45,86.1,,31.8,14.3,0.0,S@11.2,20.7,76.9,0.0,659,"East Oroville, Okanogan County",330146,East Oroville,2017-12-09 17:31:00.254194
2009-06-27,16:00,85.9,,31.9,14.4,0.0,S@11.3,18.2,77.1,0.0,623,"East Oroville, Okanogan County",330146,East Oroville,2017-12-09 17:31:00.254194
2009-06-27,16:15,86.0,,32.2,14.5,0.0,S@12.0,20.0,77.3,0.0,583,"East Oroville, Okanogan County",330146,East Oroville,2017-12-09 17:31:00.254194
2009-06-27,16:30,85.8,,32.1,14.5,0.0,S@11.1,17.8,77.6,0.0,541,"East Oroville, Okanogan County",330146,East Oroville,2017-12-09 17:31:00.254194
2009-06-27,16:45,85.7,,32.8,15.0,0.0,S@11.4,18.9,77.8,0.0,489,"East Oroville, Okanogan County",330146,East Oroville,2017-12-09 17:31:00.254194
2009-06-27,17:00,85.7,,32.7,15.0,0.0,S@11.4,18.5,78.1,0.0,486,"East Oroville, Okanogan County",330146,East Oroville,2017-12-09 17:31:00.254194
2009-06-27,17:15,86.2,,32.6,14.7,0.0,SE@11.3,18.9,78.3,0.0,469,"East Oroville, Okanogan County",330146,East Oroville,2017-12-09 17:31:00.254194
2009-06-27,17:30,86.0,,31.9,14.3,0.0,SE@11.4,18.2,78.5,0.0,412,"East Oroville, Okanogan County",330146,East Oroville,2017-12-09 17:31:00.254194
2009-06-27,17:45,86.0,,32.2,14.5,0.0,SE@9.2,15.0,78.7,0.0,339,"East Oroville, Okanogan County",330146,East Oroville,2017-12-09 17:31:00.254194
2009-06-27,18:00,85.4,,33.3,15.4,0.0,SE@8.5,13.5,79.0,0.0,293,"East Oroville, Okanogan County",330146,East Oroville,2017-12-09 17:31:00.254194
2009-06-27,18:15,85.1,,33.4,15.6,0.0,SE@7.4,12.1,79.2,0.0,239,"East Oroville, Okanogan County",330146,East Oroville,2017-12-09 17:31:00.254194
2009-06-27,18:30,84.4,,33.4,16.0,0.0,SE@8.4,13.5,79.4,0.0,194,"East Oroville, Okanogan County",330146,East Oroville,2017-12-09 17:31:00.254194
2009-06-27,18:45,83.9,,33.6,16.4,0.0,SE@7.5,12.1,79.6,0.0,153,"East Oroville, Okanogan County",330146,East Oroville,2017-12-09 17:31:00.254194
2009-06-27,19:00,83.1,,33.5,16.7,0.0,SE@7.2,12.1,79.7,0.0,117,"East Oroville, Okanogan County",330146,East Oroville,2017-12-09 17:31:00.254194
2009-06-27,19:15,82.3,,33.5,17.2,0.0,SE@6.6,12.1,79.9,0.0,78,"East Oroville, Okanogan County",330146,East Oroville,2017-12-09 17:31:00.254194
2009-06-27,19:30,80.9,,34.1,18.4,0.0,SE@6.6,12.1,80.1,0.0,40,"East Oroville, Okanogan County",330146,East Oroville,2017-12-09 17:31:00.254194
2009-06-27,19:45,79.9,,33.9,18.9,0.0,SE@6.2,9.9,80.2,0.0,17,"East Oroville, Okanogan County",330146,East Oroville,2017-12-09 17:31:00.254194
2009-06-27,20:00,79.0,,33.8,19.4,0.0,SE@6.5,9.9,80.4,0.0,9,"East Oroville, Okanogan County",330146,East Oroville,2017-12-09 17:31:00.254194
2009-06-27,20:15,78.9,,32.6,18.5,0.0,SE@6.6,10.7,80.5,0.0,3,"East Oroville, Okanogan County",330146,East Oroville,2017-12-09 17:31:00.254194
2009-06-27,20:30,78.4,,32.1,18.5,0.0,SE@6.4,9.2,80.6,0.0,1,"East Oroville, Okanogan County",330146,East Oroville,2017-12-09 17:31:00.254194
2009-06-27,20:45,78.3,,31.7,18.2,0.0,SE@6.1,9.6,80.7,0.0,0,"East Oroville, Okanogan County",330146,East Oroville,2017-12-09 17:31:00.254194
2009-06-27,21:00,78.0,,31.4,18.2,0.0,SE@5.3,8.5,80.8,0.0,0,"East Oroville, Okanogan County",330146,East Oroville,2017-12-09 17:31:00.254194
2009-06-27,21:15,77.4,,31.3,18.5,0.0,SE@5.9,9.6,80.8,0.0,0,"East Oroville, Okanogan County",330146,East Oroville,2017-12-09 17:31:00.254194
2009-06-27,21:30,76.4,,31.5,19.2,0.0,E@5.5,8.9,80.9,0.0,0,"East Oroville, Okanogan County",330146,East Oroville,2017-12-09 17:31:00.254194
2009-06-27,21:45,76.0,,31.4,19.4,0.0,E@5.6,9.2,80.9,0.0,0,"East Oroville, Okanogan County",330146,East Oroville,2017-12-09 17:31:00.254194
2009-06-27,22:00,75.6,,31.2,19.6,0.0,E@5.4,8.2,80.9,0.0,0,"East Oroville, Okanogan County",330146,East Oroville,2017-12-09 17:31:00.254194
2009-06-27,22:15,75.2,,31.3,19.9,0.0,E@5.7,9.6,80.9,0.0,0,"East Oroville, Okanogan County",330146,East Oroville,2017-12-09 17:31:00.254194
2009-06-27,22:30,75.6,,31.1,19.5,0.0,E@6.6,9.6,80.9,0.0,0,"East Oroville, Okanogan County",330146,East Oroville,2017-12-09 17:31:00.254194
2009-06-27,22:45,75.4,,31.1,19.7,0.0,SE@5.6,8.9,80.9,0.0,0,"East Oroville, Okanogan County",330146,East Oroville,2017-12-09 17:31:00.254194
2009-06-27,23:00,74.9,,31.5,20.3,0.0,E@4.9,7.8,80.9,0.0,0,"East Oroville, Okanogan County",330146,East Oroville,2017-12-09 17:31:00.254194
2009-06-28,23:15,75.1,,31.8,20.4,0.0,SE@6.1,10.3,80.8,0.0,0,"East Oroville, Okanogan County",330146,East Oroville,2017-12-09 17:31:00.254194
2009-06-28,23:30,74.7,,32.1,20.9,0.0,SE@5.5,9.2,80.8,0.0,0,"East Oroville, Okanogan County",330146,East Oroville,2017-12-09 17:31:00.254194
2009-06-28,23:45,73.6,,32.6,22.1,0.0,SE@4.9,8.9,80.7,0.0,0,"East Oroville, Okanogan County",330146,East Oroville,2017-12-09 17:31:00.254194
2009-06-28,24:00,73.3,,33.1,22.8,0.0,E@4.9,8.5,80.7,0.0,0,"East Oroville, Okanogan County",330146,East Oroville,2017-12-09 17:31:00.254194
2009-06-28,00:15,72.8,,33.6,23.7,0.0,E@5.4,8.9,80.6,0.0,0,"East Oroville, Okanogan County",330146,East Oroville,2017-12-09 17:31:00.254194
2009-06-28,00:30,72.2,,33.4,23.9,0.0,E@4.9,7.8,80.5,0.0,0,"East Oroville, Okanogan County",330146,East Oroville,2017-12-09 17:31:00.254194
2009-06-28,00:45,71.7,,34.0,25.0,0.0,E@2.4,4.6,80.5,0.0,0,"East Oroville, Okanogan County",330146,East Oroville,2017-12-09 17:31:00.254194
2009-06-28,01:00,71.5,,34.1,25.2,0.0,E@3.1,6.0,80.4,0.0,0,"East Oroville, Okanogan County",330146,East Oroville,2017-12-09 17:31:00.254194
2009-06-28,01:15,70.8,,34.0,25.7,0.0,E@3.4,6.0,80.3,0.0,0,"East Oroville, Okanogan County",330146,East Oroville,2017-12-09 17:31:00.254194
2009-06-28,01:30,70.7,,33.6,25.5,0.0,E@3.1,6.0,80.2,0.0,0,"East Oroville, Okanogan County",330146,East Oroville,2017-12-09 17:31:00.254194
2009-06-28,01:45,68.8,,33.7,27.2,0.0,E@3.0,5.7,80.1,0.0,0,"East Oroville, Okanogan County",330146,East Oroville,2017-12-09 17:31:00.254194
2009-06-28,02:00,66.9,,37.0,33.2,0.0,N@2.8,4.6,80.0,0.0,0,"East Oroville, Okanogan County",330146,East Oroville,2017-12-09 17:31:00.254194
2009-06-28,02:15,65.6,,41.5,41.3,0.0,N@2.8,5.3,79.9,0.0,0,"East Oroville, Okanogan County",330146,East Oroville,2017-12-09 17:31:00.254194
2009-06-28,02:30,66.4,,39.8,37.6,0.0,NW@3.5,6.0,79.8,0.0,0,"East Oroville, Okanogan County",330146,East Oroville,2017-12-09 17:31:00.254194
2009-06-28,02:45,67.5,,37.3,32.9,0.0,N@4.8,8.5,79.7,0.0,0,"East Oroville, Okanogan County",330146,East Oroville,2017-12-09 17:31:00.254194
2009-06-28,03:00,67.7,,36.4,31.4,0.0,N@3.5,8.9,79.6,0.0,0,"East Oroville, Okanogan County",330146,East Oroville,2017-12-09 17:31:00.254194
2009-06-28,03:15,66.8,,38.3,35.0,0.0,NW@2.6,5.7,79.4,0.0,0,"East Oroville, Okanogan County",330146,East Oroville,2017-12-09 17:31:00.254194
2009-06-28,03:30,66.4,,38.2,35.4,0.0,N@2.3,4.6,79.3,0.0,0,"East Oroville, Okanogan County",330146,East Oroville,2017-12-09 17:31:00.254194
2009-06-28,03:45,66.6,,36.8,33.3,0.0,NE@3.1,6.0,79.2,0.0,0,"East Oroville, Okanogan County",330146,East Oroville,2017-12-09 17:31:00.254194
2009-06-28,04:00,66.0,,39.0,37.0,0.0,N@3.1,5.3,79.1,0.0,3,"East Oroville, Okanogan County",330146,East Oroville,2017-12-09 17:31:00.254194
2009-06-28,04:15,65.8,,39.9,38.6,0.0,N@4.4,8.9,79.0,0.0,8,"East Oroville, Okanogan County",330146,East Oroville,2017-12-09 17:31:00.254194
2009-06-28,04:30,64.3,,41.4,43.2,0.0,NW@3.8,7.1,78.8,0.0,14,"East Oroville, Okanogan County",330146,East Oroville,2017-12-09 17:31:00.254194
2009-06-28,04:45,63.9,,41.9,44.6,0.0,N@3.6,7.4,78.7,0.0,22,"East Oroville, Okanogan County",330146,East Oroville,2017-12-09 17:31:00.254194
2009-06-28,05:00,64.0,,41.9,44.4,0.0,N@4.0,6.4,78.6,0.0,29,"East Oroville, Okanogan County",330146,East Oroville,2017-12-09 17:31:00.254194
2009-06-28,05:15,63.7,,42.3,45.5,0.0,N@1.9,4.6,78.5,0.0,33,"East Oroville, Okanogan County",330146,East Oroville,2017-12-09 17:31:00.254194
2009-06-28,05:30,63.5,,41.6,44.6,0.0,N@3.1,6.7,78.3,0.0,39,"East Oroville, Okanogan County",330146,East Oroville,2017-12-09 17:31:00.254194
2009-06-28,05:45,64.0,,40.9,42.6,0.0,NE@4.7,8.9,78.2,0.0,49,"East Oroville, Okanogan County",330146,East Oroville,2017-12-09 17:31:00.254194
2009-06-28,06:00,64.9,,42.3,43.5,0.0,N@3.6,7.8,78.1,0.0,173,"East Oroville, Okanogan County",330146,East Oroville,2017-12-09 17:31:00.254194
2009-06-28,06:15,66.5,,42.5,41.6,0.0,N@3.0,6.0,77.9,0.0,240,"East Oroville, Okanogan County",330146,East Oroville,2017-12-09 17:31:00.254194
2009-06-28,06:30,67.3,,42.1,39.9,0.0,N@3.5,6.7,77.8,0.0,278,"East Oroville, Okanogan County",330146,East Oroville,2017-12-09 17:31:00.254194
2009-06-28,06:45,68.3,,42.2,38.7,0.0,N@3.6,5.7,77.6,0.0,315,"East Oroville, Okanogan County",330146,East Oroville,2017-12-09 17:31:00.254194
2009-06-28,07:00,69.0,,42.6,38.3,0.0,NE@3.4,6.7,77.5,0.0,364,"East Oroville, Okanogan County",330146,East Oroville,2017-12-09 17:31:00.254194
2009-06-28,07:15,68.8,,44.8,42.0,0.0,NW@3.5,6.4,77.4,0.0,412,"East Oroville, Okanogan County",330146,East Oroville,2017-12-09 17:31:00.254194
2009-06-28,07:30,68.7,,44.4,41.5,0.0,NW@4.7,8.2,77.2,0.0,445,"East Oroville, Okanogan County",330146,East Oroville,2017-12-09 17:31:00.254194
2009-06-28,07:45,68.8,,42.5,38.4,0.0,NW@5.5,9.9,77.1,0.0,488,"East Oroville, Okanogan County",330146,East Oroville,2017-12-09 17:31:00.254194
2009-06-28,08:00,69.3,,42.2,37.3,0.0,NW@5.7,9.2,77.0,0.0,538,"East Oroville, Okanogan County",330146,East Oroville,2017-12-09 17:31:00.254194
2009-06-28,08:15,69.7,,41.7,36.2,0.0,NW@5.9,9.9,76.9,0.0,594,"East Oroville, Okanogan County",330146,East Oroville,2017-12-09 17:31:00.254194
2009-06-28,08:30,70.1,,42.0,36.0,0.0,W@5.4,9.6,76.8,0.0,623,"East Oroville, Okanogan County",330146,East Oroville,2017-12-09 17:31:00.254194
2009-06-28,08:45,71.0,,41.4,34.2,0.0,NW@4.7,7.4,76.7,0.0,657,"East Oroville, Okanogan County",330146,East Oroville,2017-12-09 17:31:00.254194
2009-06-28,09:00,71.0,,40.5,33.0,0.0,W@5.2,8.5,76.6,0.0,706,"East Oroville, Okanogan County",330146,East Oroville,2017-12-09 17:31:00.254194
2009-06-28,09:15,71.5,,41.5,33.6,0.0,W@5.1,9.6,76.5,0.0,740,"East Oroville, Okanogan County",330146,East Oroville,2017-12-09 17:31:00.254194
2009-06-28,09:30,71.7,,40.2,31.8,0.0,W@5.6,9.6,76.4,0.0,777,"East Oroville, Okanogan County",330146,East Oroville,2017-12-09 17:31:00.254194
2009-06-28,09:45,72.6,,40.1,30.8,0.0,W@5.5,9.6,76.3,0.0,815,"East Oroville, Okanogan County",330146,East Oroville,2017-12-09 17:31:00.254194
2009-06-28,10:00,73.4,,39.8,29.7,0.0,NW@4.7,8.9,76.3,0.0,844,"East Oroville, Okanogan County",330146,East Oroville,2017-12-09 17:31:00.254194
2009-06-28,10:15,73.7,,39.4,28.8,0.0,W@5.4,9.6,76.3,0.0,874,"East Oroville, Okanogan County",330146,East Oroville,2017-12-09 17:31:00.254194
2009-06-28,10:30,73.7,,38.8,28.1,0.0,W@5.4,9.6,76.2,0.0,897,"East Oroville, Okanogan County",330146,East Oroville,2017-12-09 17:31:00.254194
2009-06-28,10:45,74.4,,37.7,26.4,0.0,W@5.5,8.5,76.2,0.0,910,"East Oroville, Okanogan County",330146,East Oroville,2017-12-09 17:31:00.254194
2009-06-28,11:00,75.0,,37.1,25.3,0.0,W@5.1,8.5,76.2,0.0,932,"East Oroville, Okanogan County",330146,East Oroville,2017-12-09 17:31:00.254194
2009-06-28,11:15,75.8,,34.7,22.4,0.0,W@4.7,8.9,76.2,0.0,941,"East Oroville, Okanogan County",330146,East Oroville,2017-12-09 17:31:00.254194
2009-06-28,11:30,76.8,,34.5,21.4,0.0,W@5.2,8.9,76.3,0.0,945,"East Oroville, Okanogan County",330146,East Oroville,2017-12-09 17:31:00.254194
2009-06-28,11:45,77.8,,34.1,20.5,0.0,SW@5.8,9.6,76.3,0.0,946,"East Oroville, Okanogan County",330146,East Oroville,2017-12-09 17:31:00.254194
2009-06-28,12:00,77.8,,35.7,21.8,0.0,W@4.7,9.9,76.4,0.0,945,"East Oroville, Okanogan County",330146,East Oroville,2017-12-09 17:31:00.254194
2009-06-28,12:15,78.3,,38.5,23.9,0.0,W@4.9,8.9,76.5,0.0,950,"East Oroville, Okanogan County",330146,East Oroville,2017-12-09 17:31:00.254194
2009-06-28,12:30,78.9,,39.0,23.9,0.0,W@5.0,8.5,76.6,0.0,947,"East Oroville, Okanogan County",330146,East Oroville,2017-12-09 17:31:00.254194
2009-06-28,12:45,79.1,,38.3,23.1,0.0,NW@4.8,9.2,76.7,0.0,939,"East Oroville, Okanogan County",330146,East Oroville,2017-12-09 17:31:00.254194
2009-06-28,13:00,79.7,,38.6,22.9,0.0,W@4.9,8.9,76.8,0.0,936,"East Oroville, Okanogan County",330146,East Oroville,2017-12-09 17:31:00.254194
2009-06-28,13:15,79.6,,38.2,22.6,0.0,NW@4.3,8.5,76.9,0.0,922,"East Oroville, Okanogan County",330146,East Oroville,2017-12-09 17:31:00.254194
2009-06-28,13:30,80.2,,39.1,23.0,0.0,NW@4.4,8.5,77.1,0.0,910,"East Oroville, Okanogan County",330146,East Oroville,2017-12-09 17:31:00.254194
2009-06-28,13:45,80.2,,38.8,22.7,0.0,NW@4.9,9.9,77.2,0.0,896,"East Oroville, Okanogan County",330146,East Oroville,2017-12-09 17:31:00.254194
2009-06-28,14:00,80.4,,39.2,22.9,0.0,NW@4.8,7.8,77.4,0.0,873,"East Oroville, Okanogan County",330146,East Oroville,2017-12-09 17:31:00.254194
2009-06-28,14:15,80.8,,39.5,22.9,0.0,NW@4.7,8.5,77.6,0.0,846,"East Oroville, Okanogan County",330146,East Oroville,2017-12-09 17:31:00.254194
2009-06-28,14:30,81.1,,41.6,24.6,0.0,NW@3.7,6.7,77.7,0.0,825,"East Oroville, Okanogan County",330146,East Oroville,2017-12-09 17:31:00.254194
2009-06-28,14:45,81.5,,39.7,22.6,0.0,NW@3.9,6.7,77.9,0.0,809,"East Oroville, Okanogan County",330146,East Oroville,2017-12-09 17:31:00.254194
2009-06-28,15:00,81.4,,41.2,24.0,0.0,NW@4.0,7.4,78.1,0.0,781,"East Oroville, Okanogan County",330146,East Oroville,2017-12-09 17:31:00.254194
2009-06-28,15:15,81.2,,39.7,22.8,0.0,NW@4.2,7.8,78.3,0.0,737,"East Oroville, Okanogan County",330146,East Oroville,2017-12-09 17:31:00.254194
2009-06-28,15:30,81.6,,37.0,20.3,0.0,W@6.0,9.2,78.5,0.0,685,"East Oroville, Okanogan County",330146,East Oroville,2017-12-09 17:31:00.254194
2009-06-28,15:45,82.0,,42.0,24.3,0.0,NW@3.5,7.1,78.7,0.0,649,"East Oroville, Okanogan County",330146,East Oroville,2017-12-09 17:31:00.254194
2009-06-28,16:00,81.8,,39.3,22.0,0.0,NW@4.1,7.8,79.0,0.0,615,"East Oroville, Okanogan County",330146,East Oroville,2017-12-09 17:31:00.254194
2009-06-28,16:15,81.5,,39.8,22.7,0.0,NW@4.2,8.2,79.2,0.0,561,"East Oroville, Okanogan County",330146,East Oroville,2017-12-09 17:31:00.254194
2009-06-28,16:30,80.7,,41.3,24.7,0.0,NW@3.5,6.0,79.4,0.0,519,"East Oroville, Okanogan County",330146,East Oroville,2017-12-09 17:31:00.254194
2009-06-28,16:45,81.3,,40.8,23.8,0.0,NW@4.1,7.8,79.6,0.0,482,"East Oroville, Okanogan County",330146,East Oroville,2017-12-09 17:31:00.254194
2009-06-28,17:00,79.8,,40.1,24.2,0.0,NW@4.6,7.8,79.9,0.0,433,"East Oroville, Okanogan County",330146,East Oroville,2017-12-09 17:31:00.254194
2009-06-28,17:15,79.4,,39.3,23.8,0.0,NW@4.7,8.5,80.1,0.0,395,"East Oroville, Okanogan County",330146,East Oroville,2017-12-09 17:31:00.254194
2009-06-28,17:30,78.8,,39.9,24.9,0.0,NW@5.2,9.9,80.3,0.0,348,"East Oroville, Okanogan County",330146,East Oroville,2017-12-09 17:31:00.254194
2009-06-28,17:45,78.4,,39.8,25.1,0.0,NW@5.3,9.6,80.5,0.0,310,"East Oroville, Okanogan County",330146,East Oroville,2017-12-09 17:31:00.254194
2009-06-28,18:00,77.4,,39.9,26.1,0.0,NW@5.5,9.9,80.7,0.0,228,"East Oroville, Okanogan County",330146,East Oroville,2017-12-09 17:31:00.254194
2009-06-28,18:15,75.7,,40.1,27.8,0.0,NW@5.2,8.5,80.9,0.0,150,"East Oroville, Okanogan County",330146,East Oroville,2017-12-09 17:31:00.254194
2009-06-28,18:30,74.1,,40.6,29.8,0.0,NW@5.2,11.4,81.1,0.0,75,"East Oroville, Okanogan County",330146,East Oroville,2017-12-09 17:31:00.254194
2009-06-28,18:45,73.5,,40.3,30.1,0.0,NW@6.1,10.7,81.3,0.0,72,"East Oroville, Okanogan County",330146,East Oroville,2017-12-09 17:31:00.254194
2009-06-28,19:00,73.8,,40.3,29.8,0.0,NW@6.3,11.4,81.5,0.0,88,"East Oroville, Okanogan County",330146,East Oroville,2017-12-09 17:31:00.254194
2009-06-28,19:15,73.1,,39.7,29.8,0.0,NW@6.5,13.2,81.6,0.0,87,"East Oroville, Okanogan County",330146,East Oroville,2017-12-09 17:31:00.254194
2009-06-28,19:30,72.1,,39.9,31.1,0.0,NW@6.5,11.4,81.8,0.0,50,"East Oroville, Okanogan County",330146,East Oroville,2017-12-09 17:31:00.254194
2009-06-28,19:45,71.1,,39.9,32.1,0.0,NW@6.5,14.2,81.9,0.0,22,"East Oroville, Okanogan County",330146,East Oroville,2017-12-09 17:31:00.254194
2009-06-28,20:00,70.7,,38.4,30.7,0.0,NW@7.2,12.4,82.1,0.0,14,"East Oroville, Okanogan County",330146,East Oroville,2017-12-09 17:31:00.254194
2009-06-28,20:15,70.2,,36.2,28.6,0.0,NW@6.8,12.8,82.2,0.0,7,"East Oroville, Okanogan County",330146,East Oroville,2017-12-09 17:31:00.254194
2009-06-28,20:30,69.7,,35.1,28.0,0.0,NW@6.6,10.7,82.2,0.0,3,"East Oroville, Okanogan County",330146,East Oroville,2017-12-09 17:31:00.254194
2009-06-28,20:45,68.8,,36.3,30.2,0.0,NW@5.9,9.9,82.3,0.0,0,"East Oroville, Okanogan County",330146,East Oroville,2017-12-09 17:31:00.254194
2009-06-28,21:00,68.1,,36.8,31.5,0.0,NW@5.2,9.9,82.4,0.0,0,"East Oroville, Okanogan County",330146,East Oroville,2017-12-09 17:31:00.254194
2009-06-28,21:15,66.9,,38.3,34.8,0.0,NW@4.5,9.6,82.4,0.0,0,"East Oroville, Okanogan County",330146,East Oroville,2017-12-09 17:31:00.254194
2009-06-28,21:30,66.8,,37.7,34.2,0.0,NW@5.1,10.7,82.4,0.0,0,"East Oroville, Okanogan County",330146,East Oroville,2017-12-09 17:31:00.254194
2009-06-28,21:45,66.6,,36.5,32.9,0.0,NW@6.0,9.6,82.4,0.0,0,"East Oroville, Okanogan County",330146,East Oroville,2017-12-09 17:31:00.254194
2009-06-28,22:00,65.8,,36.3,33.5,0.0,NW@5.0,9.6,82.4,0.0,0,"East Oroville, Okanogan County",330146,East Oroville,2017-12-09 17:31:00.254194
2009-06-28,22:15,65.0,,35.7,33.6,0.0,NW@5.2,9.2,82.4,0.0,0,"East Oroville, Okanogan County",330146,East Oroville,2017-12-09 17:31:00.254194
2009-06-28,22:30,64.8,,34.8,32.6,0.0,NW@6.4,12.8,82.4,0.0,0,"East Oroville, Okanogan County",330146,East Oroville,2017-12-09 17:31:00.254194
2009-06-28,22:45,64.2,,34.1,32.5,0.0,NW@5.5,9.9,82.3,0.0,0,"East Oroville, Okanogan County",330146,East Oroville,2017-12-09 17:31:00.254194
2009-06-28,23:00,63.3,,34.7,34.3,0.0,NW@4.8,9.6,82.3,0.0,0,"East Oroville, Okanogan County",330146,East Oroville,2017-12-09 17:31:00.254194
2009-06-29,23:15,63.0,,33.9,33.6,0.0,NW@5.9,12.8,82.2,0.0,0,"East Oroville, Okanogan County",330146,East Oroville,2017-12-09 17:31:00.254194
2009-06-29,23:30,62.4,,34.8,35.5,0.0,NW@4.2,7.8,82.2,0.0,0,"East Oroville, Okanogan County",330146,East Oroville,2017-12-09 17:31:00.254194
2009-06-29,23:45,61.6,,35.3,37.2,0.0,NW@3.8,6.7,82.1,0.0,0,"East Oroville, Okanogan County",330146,East Oroville,2017-12-09 17:31:00.254194
2009-06-29,24:00,60.8,,35.2,38.1,0.0,NW@3.7,7.1,82.0,0.0,0,"East Oroville, Okanogan County",330146,East Oroville,2017-12-09 17:31:00.254194
2009-06-29,00:15,60.6,,34.6,37.6,0.0,N@2.9,5.3,81.9,0.0,0,"East Oroville, Okanogan County",330146,East Oroville,2017-12-09 17:31:00.254194
2009-06-29,00:30,61.6,,30.5,30.8,0.0,E@3.1,6.0,81.8,0.0,0,"East Oroville, Okanogan County",330146,East Oroville,2017-12-09 17:31:00.254194
2009-06-29,00:45,61.9,,30.3,30.2,0.0,NE@3.2,6.7,81.7,0.0,0,"East Oroville, Okanogan County",330146,East Oroville,2017-12-09 17:31:00.254194
2009-06-29,01:00,60.4,,31.9,33.9,0.0,N@3.8,7.4,81.5,0.0,0,"East Oroville, Okanogan County",330146,East Oroville,2017-12-09 17:31:00.254194
2009-06-29,01:15,60.2,,32.6,35.1,0.0,N@3.5,8.5,81.4,0.0,0,"East Oroville, Okanogan County",330146,East Oroville,2017-12-09 17:31:00.254194
2009-06-29,01:30,59.7,,31.4,34.2,0.0,E@2.6,5.7,81.3,0.0,0,"East Oroville, Okanogan County",330146,East Oroville,2017-12-09 17:31:00.254194
2009-06-29,01:45,59.6,,29.1,31.1,0.0,E@3.5,8.9,81.1,0.0,0,"East Oroville, Okanogan County",330146,East Oroville,2017-12-09 17:31:00.254194
2009-06-29,02:00,57.7,,28.5,32.6,0.0,E@4.4,7.8,81.0,0.0,0,"East Oroville, Okanogan County",330146,East Oroville,2017-12-09 17:31:00.254194
2009-06-29,02:15,58.6,,29.7,33.1,0.0,NE@4.5,9.2,80.9,0.0,0,"East Oroville, Okanogan County",330146,East Oroville,2017-12-09 17:31:00.254194
2009-06-29,02:30,58.5,,33.9,39.3,0.0,N@3.1,5.7,80.7,0.0,0,"East Oroville, Okanogan County",330146,East Oroville,2017-12-09 17:31:00.254194
2009-06-29,02:45,58.5,,33.9,39.3,0.0,N@5.2,8.9,80.6,0.0,0,"East Oroville, Okanogan County",330146,East Oroville,2017-12-09 17:31:00.254194
2009-06-29,03:00,58.0,,34.3,40.7,0.0,N@3.9,7.8,80.4,0.0,0,"East Oroville, Okanogan County",330146,East Oroville,2017-12-09 17:31:00.254194
2009-06-29,03:15,57.7,,34.1,40.8,0.0,N@3.3,6.7,80.3,0.0,0,"East Oroville, Okanogan County",330146,East Oroville,2017-12-09 17:31:00.254194
2009-06-29,03:30,57.4,,33.6,40.5,0.0,N@3.2,5.3,80.1,0.0,0,"East Oroville, Okanogan County",330146,East Oroville,2017-12-09 17:31:00.254194
2009-06-29,03:45,57.5,,33.7,40.5,0.0,NE@4.4,7.4,79.9,0.0,1,"East Oroville, Okanogan County",330146,East Oroville,2017-12-09 17:31:00.254194
2009-06-29,04:00,57.5,,34.2,41.3,0.0,NE@4.0,8.2,79.8,0.0,3,"East Oroville, Okanogan County",330146,East Oroville,2017-12-09 17:31:00.254194
2009-06-29,04:15,56.9,,34.7,43.0,0.0,N@3.6,7.4,79.6,0.0,8,"East Oroville, Okanogan County",330146,East Oroville,2017-12-09 17:31:00.254194
2009-06-29,04:30,56.6,,33.3,41.2,0.0,NE@3.7,6.4,79.5,0.0,13,"East Oroville, Okanogan County",330146,East Oroville,2017-12-09 17:31:00.254194
2009-06-29,04:45,56.1,,32.8,41.1,0.0,NE@4.4,7.8,79.3,0.0,18,"East Oroville, Okanogan County",330146,East Oroville,2017-12-09 17:31:00.254194
2009-06-29,05:00,56.8,,32.2,39.2,0.0,NE@4.5,7.4,79.1,0.0,24,"East Oroville, Okanogan County",330146,East Oroville,2017-12-09 17:31:00.254194
2009-06-29,05:15,57.1,,33.5,40.7,0.0,NE@3.6,6.0,79.0,0.0,28,"East Oroville, Okanogan County",330146,East Oroville,2017-12-09 17:31:00.254194
2009-06-29,05:30,57.4,,33.7,40.6,0.0,NE@3.8,5.7,78.8,0.0,33,"East Oroville, Okanogan County",330146,East Oroville,2017-12-09 17:31:00.254194
2009-06-29,05:45,57.5,,35.1,42.8,0.0,NE@3.5,7.4,78.6,0.0,37,"East Oroville, Okanogan County",330146,East Oroville,2017-12-09 17:31:00.254194
2009-06-29,06:00,58.0,,36.8,45.0,0.0,N@3.2,6.4,78.4,0.0,171,"East Oroville, Okanogan County",330146,East Oroville,2017-12-09 17:31:00.254194
2009-06-29,06:15,59.9,,37.2,42.7,0.0,NE@3.4,6.4,78.3,0.0,252,"East Oroville, Okanogan County",330146,East Oroville,2017-12-09 17:31:00.254194
2009-06-29,06:30,60.4,,37.3,42.2,0.0,NE@4.9,8.5,78.1,0.0,296,"East Oroville, Okanogan County",330146,East Oroville,2017-12-09 17:31:00.254194
2009-06-29,06:45,61.0,,38.3,42.9,0.0,N@4.1,7.8,77.9,0.0,341,"East Oroville, Okanogan County",330146,East Oroville,2017-12-09 17:31:00.254194
2009-06-29,07:00,61.5,,38.2,42.0,0.0,NE@4.4,7.8,77.8,0.0,386,"East Oroville, Okanogan County",330146,East Oroville,2017-12-09 17:31:00.254194
2009-06-29,07:15,62.0,,39.0,42.4,0.0,N@4.5,10.7,77.6,0.0,430,"East Oroville, Okanogan County",330146,East Oroville,2017-12-09 17:31:00.254194
2009-06-29,07:30,63.2,,40.5,43.2,0.0,N@3.8,7.1,77.5,0.0,474,"East Oroville, Okanogan County",330146,East Oroville,2017-12-09 17:31:00.254194
2009-06-29,07:45,63.7,,40.2,42.0,0.0,N@3.9,6.7,77.3,0.0,516,"East Oroville, Okanogan County",330146,East Oroville,2017-12-09 17:31:00.254194
2009-06-29,08:00,65.0,,41.2,41.7,0.0,NW@3.3,6.0,77.1,0.0,559,"East Oroville, Okanogan County",330146,East Oroville,2017-12-09 17:31:00.254194
2009-06-29,08:15,65.6,,41.1,40.7,0.0,NW@3.4,5.3,77.0,0.0,600,"East Oroville, Okanogan County",330146,East Oroville,2017-12-09 17:31:00.254194
2009-06-29,08:30,67.0,,41.9,40.1,0.0,NW@3.9,6.0,76.8,0.0,642,"East Oroville, Okanogan County",330146,East Oroville,2017-12-09 17:31:00.254194
2009-06-29,08:45,68.0,,41.2,37.7,0.0,NW@4.1,9.2,76.7,0.0,682,"East Oroville, Okanogan County",330146,East Oroville,2017-12-09 17:31:00.254194
2009-06-29,09:00,68.7,,41.8,37.6,0.0,NW@4.1,6.7,76.6,0.0,720,"East Oroville, Okanogan County",330146,East Oroville,2017-12-09 17:31:00.254194
2009-06-29,09:15,69.2,,41.8,36.8,0.0,NW@3.9,6.0,76.5,0.0,756,"East Oroville, Okanogan County",330146,East Oroville,2017-12-09 17:31:00.254194
2009-06-29,09:30,70.3,,40.7,34.0,0.0,NW@3.7,7.4,76.4,0.0,789,"East Oroville, Okanogan County",330146,East Oroville,2017-12-09 17:31:00.254194
2009-06-29,09:45,71.3,,39.7,31.8,0.0,NW@3.7,7.1,76.3,0.0,821,"East Oroville, Okanogan County",330146,East Oroville,2017-12-09 17:31:00.254194
2009-06-29,10:00,72.0,,40.5,32.0,0.0,NW@3.1,6.0,76.2,0.0,852,"East Oroville, Okanogan County",330146,East Oroville,2017-12-09 17:31:00.254194
2009-06-29,10:15,72.7,,38.6,28.9,0.0,W@3.0,5.3,76.1,0.0,879,"East Oroville, Okanogan County",330146,East Oroville,2017-12-09 17:31:00.254194
2009-06-29,10:30,73.2,,39.9,30.0,0.0,NW@3.7,8.9,76.1,0.0,899,"East Oroville, Okanogan County",330146,East Oroville,2017-12-09 17:31:00.254194
2009-06-29,10:45,73.6,,38.2,27.7,0.0,W@4.2,6.7,76.0,0.0,922,"East Oroville, Okanogan County",330146,East Oroville,2017-12-09 17:31:00.254194
2009-06-29,11:00,74.1,,39.0,28.0,0.0,NW@3.6,8.5,76.0,0.0,941,"East Oroville, Okanogan County",330146,East Oroville,2017-12-09 17:31:00.254194
2009-06-29,11:15,75.4,,37.5,25.3,0.0,NW@3.2,6.4,76.0,0.0,955,"East Oroville, Okanogan County",330146,East Oroville,2017-12-09 17:31:00.254194
2009-06-29,11:30,75.6,,37.5,25.1,0.0,NW@3.4,6.4,76.0,0.0,964,"East Oroville, Okanogan County",330146,East Oroville,2017-12-09 17:31:00.254194
2009-06-29,11:45,76.3,,33.5,21.0,0.0,W@5.2,8.9,76.0,0.0,970,"East Oroville, Okanogan County",330146,East Oroville,2017-12-09 17:31:00.254194
2009-06-29,12:00,77.7,,31.6,18.5,0.0,W@3.9,7.8,76.1,0.0,966,"East Oroville, Okanogan County",330146,East Oroville,2017-12-09 17:31:00.254194
2009-06-29,12:15,77.9,,34.5,20.6,0.0,W@4.8,10.3,76.2,0.0,975,"East Oroville, Okanogan County",330146,East Oroville,2017-12-09 17:31:00.254194
2009-06-29,12:30,78.1,,35.1,21.1,0.0,NW@3.7,7.1,76.2,0.0,972,"East Oroville, Okanogan County",330146,East Oroville,2017-12-09 17:31:00.254194
2009-06-29,12:45,78.8,,31.7,18.0,0.0,W@4.0,6.0,76.3,0.0,995,"East Oroville, Okanogan County",330146,East Oroville,2017-12-09 17:31:00.254194
2009-06-29,13:00,79.4,,31.7,17.6,0.0,NW@3.3,6.0,76.4,0.0,995,"East Oroville, Okanogan County",330146,East Oroville,2017-12-09 17:31:00.254194
2009-06-29,13:15,80.3,,15.6,8.7,0.0,SW@4.2,6.7,76.6,0.0,892,"East Oroville, Okanogan County",330146,East Oroville,2017-12-09 17:31:00.254194
2009-06-29,13:30,80.7,,15.7,8.7,0.0,SW@4.5,7.4,76.7,0.0,895,"East Oroville, Okanogan County",330146,East Oroville,2017-12-09 17:31:00.254194
2009-06-29,13:45,81.3,,12.9,7.5,0.0,SW@3.8,6.7,76.8,0.0,846,"East Oroville, Okanogan County",330146,East Oroville,2017-12-09 17:31:00.254194
2009-06-29,14:00,82.3,,18.3,9.2,0.0,SW@3.7,6.0,77.0,0.0,907,"East Oroville, Okanogan County",330146,East Oroville,2017-12-09 17:31:00.254194
2009-06-29,14:15,81.8,,19.2,9.7,0.0,SW@4.3,6.7,77.2,0.0,809,"East Oroville, Okanogan County",330146,East Oroville,2017-12-09 17:31:00.254194
2009-06-29,14:30,81.8,,23.7,11.7,0.0,SW@3.7,6.4,77.3,0.0,754,"East Oroville, Okanogan County",330146,East Oroville,2017-12-09 17:31:00.254194
2009-06-29,14:45,82.4,,24.1,11.7,0.0,SW@4.2,8.2,77.5,0.0,829,"East Oroville, Okanogan County",330146,East Oroville,2017-12-09 17:31:00.254194
2009-06-29,15:00,83.4,,23.9,11.2,0.0,SW@4.1,7.4,77.7,0.0,793,"East Oroville, Okanogan County",330146,East Oroville,2017-12-09 17:31:00.254194
2009-06-29,15:15,83.2,,26.5,12.6,0.0,W@3.9,7.1,77.9,0.0,771,"East Oroville, Okanogan County",330146,East Oroville,2017-12-09 17:31:00.254194
2009-06-29,15:30,83.6,,27.3,12.9,0.0,SW@4.6,7.1,78.1,0.0,758,"East Oroville, Okanogan County",330146,East Oroville,2017-12-09 17:31:00.254194
2009-06-29,15:45,83.8,,23.8,11.0,0.0,S@4.3,7.1,78.3,0.0,767,"East Oroville, Okanogan County",330146,East Oroville,2017-12-09 17:31:00.254194
2009-06-29,16:00,84.0,,29.9,14.1,0.0,W@3.9,7.1,78.5,0.0,700,"East Oroville, Okanogan County",330146,East Oroville,2017-12-09 17:31:00.254194
2009-06-29,16:15,84.0,,24.1,11.1,0.0,S@3.3,6.4,78.7,0.0,601,"East Oroville, Okanogan County",330146,East Oroville,2017-12-09 17:31:00.254194
2009-06-29,16:30,84.0,,24.6,11.3,0.0,SE@3.6,6.7,79.0,0.0,559,"East Oroville, Okanogan County",330146,East Oroville,2017-12-09 17:31:00.254194
2009-06-29,16:45,84.9,,30.3,13.9,0.0,NW@2.8,6.4,79.2,0.0,508,"East Oroville, Okanogan County",330146,East Oroville,2017-12-09 17:31:00.254194
2009-06-29,17:00,84.8,,30.0,13.8,0.0,NW@2.5,5.3,79.4,0.0,453,"East Oroville, Okanogan County",330146,East Oroville,2017-12-09 17:31:00.254194
2009-06-29,17:15,85.6,,33.1,15.2,0.0,N@2.1,4.6,79.6,0.0,399,"East Oroville, Okanogan County",330146,East Oroville,2017-12-09 17:31:00.254194
2009-06-29,17:30,84.9,,25.9,11.6,0.0,SW@3.2,5.3,79.8,0.0,354,"East Oroville, Okanogan County",330146,East Oroville,2017-12-09 17:31:00.254194
2009-06-29,17:45,84.8,,37.0,18.3,0.0,NW@1.7,3.5,80.1,0.0,313,"East Oroville, Okanogan County",330146,East Oroville,2017-12-09 17:31:00.254194
2009-06-29,18:00,85.0,,27.9,12.6,0.0,SW@2.7,4.9,80.3,0.0,273,"East Oroville, Okanogan County",330146,East Oroville,2017-12-09 17:31:00.254194
2009-06-29,18:15,84.4,,33.4,16.0,0.0,W@2.4,4.9,80.5,0.0,229,"East Oroville, Okanogan County",330146,East Oroville,2017-12-09 17:31:00.254194
2009-06-29,18:30,83.1,,41.5,23.0,0.0,NW@1.7,2.8,80.7,0.0,180,"East Oroville, Okanogan County",330146,East Oroville,2017-12-09 17:31:00.254194
2009-06-29,18:45,82.2,,33.8,17.5,0.0,NW@1.4,1.7,80.9,0.0,110,"East Oroville, Okanogan County",330146,East Oroville,2017-12-09 17:31:00.254194
2009-06-29,19:00,80.7,,32.0,17.1,0.0,NW@1.6,2.1,81.1,0.0,80,"East Oroville, Okanogan County",330146,East Oroville,2017-12-09 17:31:00.254194
2009-06-29,19:15,78.5,,31.4,17.9,0.0,N@2.1,3.1,81.3,0.0,42,"East Oroville, Okanogan County",330146,East Oroville,2017-12-09 17:31:00.254194
2009-06-29,19:30,76.1,,36.2,23.5,0.0,NW@4.2,7.8,81.5,0.0,25,"East Oroville, Okanogan County",330146,East Oroville,2017-12-09 17:31:00.254194
2009-06-29,19:45,75.2,,34.6,22.7,0.0,NW@5.1,8.9,81.7,0.0,17,"East Oroville, Okanogan County",330146,East Oroville,2017-12-09 17:31:00.254194
2009-06-29,20:00,74.9,,32.4,21.0,0.0,NW@5.4,11.4,81.9,0.0,11,"East Oroville, Okanogan County",330146,East Oroville,2017-12-09 17:31:00.254194
2009-06-29,20:15,74.4,,31.9,21.0,0.0,NW@5.8,11.4,82.0,0.0,5,"East Oroville, Okanogan County",330146,East Oroville,2017-12-09 17:31:00.254194
2009-06-29,20:30,72.8,,35.6,25.6,0.0,NW@4.7,8.5,82.1,0.0,2,"East Oroville, Okanogan County",330146,East Oroville,2017-12-09 17:31:00.254194
2009-06-29,20:45,72.3,,35.8,26.3,0.0,NW@5.1,9.2,82.2,0.0,0,"East Oroville, Okanogan County",330146,East Oroville,2017-12-09 17:31:00.254194
2009-06-29,21:00,71.6,,36.1,27.2,0.0,NW@4.5,8.5,82.3,0.0,0,"East Oroville, Okanogan County",330146,East Oroville,2017-12-09 17:31:00.254194
2009-06-29,21:15,70.8,,37.3,29.4,0.0,NW@4.1,8.5,82.4,0.0,0,"East Oroville, Okanogan County",330146,East Oroville,2017-12-09 17:31:00.254194
2009-06-29,21:30,70.2,,37.1,29.7,0.0,NW@3.9,8.2,82.5,0.0,0,"East Oroville, Okanogan County",330146,East Oroville,2017-12-09 17:31:00.254194
2009-06-29,21:45,69.7,,35.9,28.7,0.0,NW@4.0,8.2,82.5,0.0,0,"East Oroville, Okanogan County",330146,East Oroville,2017-12-09 17:31:00.254194
2009-06-29,22:00,69.4,,34.8,27.9,0.0,NW@4.0,6.7,82.6,0.0,0,"East Oroville, Okanogan County",330146,East Oroville,2017-12-09 17:31:00.254194
2009-06-29,22:15,68.7,,35.1,28.9,0.0,NW@4.2,8.9,82.6,0.0,0,"East Oroville, Okanogan County",330146,East Oroville,2017-12-09 17:31:00.254194
2009-06-29,22:30,68.1,,34.3,28.6,0.0,NW@4.1,8.2,82.6,0.0,0,"East Oroville, Okanogan County",330146,East Oroville,2017-12-09 17:31:00.254194
2009-06-29,22:45,67.6,,34.8,29.6,0.0,NW@3.8,7.1,82.6,0.0,0,"East Oroville, Okanogan County",330146,East Oroville,2017-12-09 17:31:00.254194
2009-06-29,23:00,67.0,,33.9,29.2,0.0,NW@3.7,8.5,82.6,0.0,0,"East Oroville, Okanogan County",330146,East Oroville,2017-12-09 17:31:00.254194
2009-06-30,23:15,66.5,,32.5,28.0,0.0,NW@3.8,6.7,82.6,0.0,0,"East Oroville, Okanogan County",330146,East Oroville,2017-12-09 17:31:00.254194
2009-06-30,23:30,66.3,,32.4,28.2,0.0,NW@3.7,7.1,82.5,0.0,0,"East Oroville, Okanogan County",330146,East Oroville,2017-12-09 17:31:00.254194
2009-06-30,23:45,66.0,,32.3,28.3,0.0,N@3.1,6.4,82.5,0.0,0,"East Oroville, Okanogan County",330146,East Oroville,2017-12-09 17:31:00.254194
2009-06-30,24:00,65.5,,29.2,25.5,0.0,N@3.6,6.0,82.4,0.0,0,"East Oroville, Okanogan County",330146,East Oroville,2017-12-09 17:31:00.254194
2009-06-30,00:15,65.0,,28.6,25.3,0.0,N@3.7,7.1,82.4,0.0,0,"East Oroville, Okanogan County",330146,East Oroville,2017-12-09 17:31:00.254194
2009-06-30,00:30,64.8,,28.0,24.8,0.0,N@3.7,7.1,82.3,0.0,0,"East Oroville, Okanogan County",330146,East Oroville,2017-12-09 17:31:00.254194
2009-06-30,00:45,64.5,,27.9,25.0,0.0,N@4.7,9.6,82.2,0.0,0,"East Oroville, Okanogan County",330146,East Oroville,2017-12-09 17:31:00.254194
2009-06-30,01:00,64.8,,27.6,24.4,0.0,N@4.4,8.5,82.1,0.0,0,"East Oroville, Okanogan County",330146,East Oroville,2017-12-09 17:31:00.254194
2009-06-30,01:15,63.6,,28.1,26.0,0.0,NE@2.9,5.3,82.0,0.0,0,"East Oroville, Okanogan County",330146,East Oroville,2017-12-09 17:31:00.254194
2009-06-30,01:30,65.4,,24.1,20.7,0.0,N@4.7,9.6,81.9,0.0,0,"East Oroville, Okanogan County",330146,East Oroville,2017-12-09 17:31:00.254194
2009-06-30,01:45,65.3,,23.5,20.2,0.0,NW@5.4,9.6,81.8,0.0,0,"East Oroville, Okanogan County",330146,East Oroville,2017-12-09 17:31:00.254194
2009-06-30,02:00,64.4,,25.2,22.4,0.0,NW@3.4,7.4,81.7,0.0,0,"East Oroville, Okanogan County",330146,East Oroville,2017-12-09 17:31:00.254194
2009-06-30,02:15,62.6,,30.9,30.2,0.0,NW@2.6,6.0,81.6,0.0,0,"East Oroville, Okanogan County",330146,East Oroville,2017-12-09 17:31:00.254194
2009-06-30,02:30,62.8,,29.3,28.1,0.0,NW@3.3,8.9,81.4,0.0,0,"East Oroville, Okanogan County",330146,East Oroville,2017-12-09 17:31:00.254194
2009-06-30,02:45,62.2,,29.9,29.4,0.0,SE@2.1,4.9,81.3,0.0,0,"East Oroville, Okanogan County",330146,East Oroville,2017-12-09 17:31:00.254194
2009-06-30,03:00,61.2,,34.2,36.2,0.0,N@2.5,4.9,81.2,0.0,0,"East Oroville, Okanogan County",330146,East Oroville,2017-12-09 17:31:00.254194
2009-06-30,03:15,60.7,,33.6,36.0,0.0,E@2.0,6.4,81.0,0.0,0,"East Oroville, Okanogan County",330146,East Oroville,2017-12-09 17:31:00.254194
2009-06-30,03:30,60.6,,34.7,37.7,0.0,E@1.6,3.5,80.9,0.0,0,"East Oroville, Okanogan County",330146,East Oroville,2017-12-09 17:31:00.254194
2009-06-30,03:45,60.0,,36.3,41.1,0.0,NW@2.7,5.3,80.8,0.0,0,"East Oroville, Okanogan County",330146,East Oroville,2017-12-09 17:31:00.254194
2009-06-30,04:00,59.8,,36.6,41.9,0.0,NW@3.3,6.7,80.6,0.0,3,"East Oroville, Okanogan County",330146,East Oroville,2017-12-09 17:31:00.254194
2009-06-30,04:15,59.8,,36.5,41.7,0.0,NW@3.1,5.3,80.5,0.0,7,"East Oroville, Okanogan County",330146,East Oroville,2017-12-09 17:31:00.254194
2009-06-30,04:30,59.7,,36.3,41.5,0.0,N@3.6,6.0,80.3,0.0,13,"East Oroville, Okanogan County",330146,East Oroville,2017-12-09 17:31:00.254194
2009-06-30,04:45,59.8,,36.1,41.1,0.0,N@3.3,7.1,80.2,0.0,18,"East Oroville, Okanogan County",330146,East Oroville,2017-12-09 17:31:00.254194
2009-06-30,05:00,60.2,,36.1,40.5,0.0,N@4.2,8.5,80.0,0.0,22,"East Oroville, Okanogan County",330146,East Oroville,2017-12-09 17:31:00.254194
2009-06-30,05:15,60.1,,36.4,40.9,0.0,N@4.0,6.7,79.9,0.0,25,"East Oroville, Okanogan County",330146,East Oroville,2017-12-09 17:31:00.254194
2009-06-30,05:30,60.0,,36.5,41.4,0.0,N@4.7,8.5,79.7,0.0,29,"East Oroville, Okanogan County",330146,East Oroville,2017-12-09 17:31:00.254194
2009-06-30,05:45,59.7,,37.5,43.5,0.0,N@4.0,6.4,79.6,0.0,32,"East Oroville, Okanogan County",330146,East Oroville,2017-12-09 17:31:00.254194
2009-06-30,06:00,60.5,,37.8,42.8,0.0,N@3.8,6.4,79.4,0.0,163,"East Oroville, Okanogan County",330146,East Oroville,2017-12-09 17:31:00.254194
2009-06-30,06:15,61.7,,38.1,41.4,0.0,N@3.8,6.7,79.3,0.0,252,"East Oroville, Okanogan County",330146,East Oroville,2017-12-09 17:31:00.254194
2009-06-30,06:30,62.7,,39.1,41.7,0.0,N@2.9,5.7,79.1,0.0,297,"East Oroville, Okanogan County",330146,East Oroville,2017-12-09 17:31:00.254194
2009-06-30,06:45,63.7,,39.0,40.1,0.0,N@3.1,6.4,79.0,0.0,342,"East Oroville, Okanogan County",330146,East Oroville,2017-12-09 17:31:00.254194
2009-06-30,07:00,64.8,,39.4,39.3,0.0,NW@3.1,6.7,78.8,0.0,387,"East Oroville, Okanogan County",330146,East Oroville,2017-12-09 17:31:00.254194
2009-06-30,07:15,65.1,,39.3,38.6,0.0,NW@3.7,7.4,78.7,0.0,431,"East Oroville, Okanogan County",330146,East Oroville,2017-12-09 17:31:00.254194
2009-06-30,07:30,65.8,,38.1,35.9,0.0,NW@5.3,8.9,78.5,0.0,478,"East Oroville, Okanogan County",330146,East Oroville,2017-12-09 17:31:00.254194
2009-06-30,07:45,66.5,,37.9,34.8,0.0,NW@5.6,10.3,78.4,0.0,522,"East Oroville, Okanogan County",330146,East Oroville,2017-12-09 17:31:00.254194
2009-06-30,08:00,67.0,,37.8,34.0,0.0,NW@5.6,10.3,78.2,0.0,566,"East Oroville, Okanogan County",330146,East Oroville,2017-12-09 17:31:00.254194
2009-06-30,08:15,67.7,,36.9,32.0,0.0,NW@6.3,10.7,78.1,0.0,608,"East Oroville, Okanogan County",330146,East Oroville,2017-12-09 17:31:00.254194
2009-06-30,08:30,68.5,,36.5,30.7,0.0,NW@5.9,11.4,77.9,0.0,648,"East Oroville, Okanogan County",330146,East Oroville,2017-12-09 17:31:00.254194
2009-06-30,08:45,69.0,,35.9,29.5,0.0,NW@6.5,11.4,77.8,0.0,688,"East Oroville, Okanogan County",330146,East Oroville,2017-12-09 17:31:00.254194
2009-06-30,09:00,69.5,,35.7,28.8,0.0,W@6.6,11.4,77.7,0.0,723,"East Oroville, Okanogan County",330146,East Oroville,2017-12-09 17:31:00.254194
2009-06-30,09:15,70.4,,36.2,28.5,0.0,NW@6.4,15.3,77.6,0.0,756,"East Oroville, Okanogan County",330146,East Oroville,2017-12-09 17:31:00.254194
2009-06-30,09:30,70.7,,34.6,26.4,0.0,NW@7.2,12.4,77.5,0.0,797,"East Oroville, Okanogan County",330146,East Oroville,2017-12-09 17:31:00.254194
2009-06-30,09:45,71.4,,34.3,25.6,0.0,NW@8.1,14.2,77.4,0.0,827,"East Oroville, Okanogan County",330146,East Oroville,2017-12-09 17:31:00.254194
2009-06-30,10:00,71.6,,34.2,25.3,0.0,W@8.4,13.5,77.3,0.0,854,"East Oroville, Okanogan County",330146,East Oroville,2017-12-09 17:31:00.254194
2009-06-30,10:15,71.6,,34.3,25.3,0.0,W@8.4,12.4,77.3,0.0,879,"East Oroville, Okanogan County",330146,East Oroville,2017-12-09 17:31:00.254194
2009-06-30,10:30,72.2,,35.2,25.8,0.0,W@8.0,12.1,77.2,0.0,898,"East Oroville, Okanogan County",330146,East Oroville,2017-12-09 17:31:00.254194
2009-06-30,10:45,72.7,,35.1,25.2,0.0,W@7.6,12.1,77.2,0.0,920,"East Oroville, Okanogan County",330146,East Oroville,2017-12-09 17:31:00.254194
2009-06-30,11:00,73.3,,34.6,24.2,0.0,W@7.8,13.5,77.1,0.0,935,"East Oroville, Okanogan County",330146,East Oroville,2017-12-09 17:31:00.254194
2009-06-30,11:15,74.4,,34.6,23.3,0.0,NW@6.9,12.4,77.1,0.0,950,"East Oroville, Okanogan County",330146,East Oroville,2017-12-09 17:31:00.254194
2009-06-30,11:30,74.8,,34.9,23.4,0.0,NW@7.2,12.8,77.1,0.0,963,"East Oroville, Okanogan County",330146,East Oroville,2017-12-09 17:31:00.254194
2009-06-30,11:45,74.9,,35.5,23.7,0.0,W@7.6,11.7,77.1,0.0,971,"East Oroville, Okanogan County",330146,East Oroville,2017-12-09 17:31:00.254194
2009-06-30,12:00,75.7,,35.2,22.9,0.0,NW@7.1,12.8,77.1,0.0,974,"East Oroville, Okanogan County",330146,East Oroville,2017-12-09 17:31:00.254194
2009-06-30,12:15,75.9,,35.3,22.9,0.0,W@7.0,11.4,77.2,0.0,971,"East Oroville, Okanogan County",330146,East Oroville,2017-12-09 17:31:00.254194
2009-06-30,12:30,76.5,,35.1,22.1,0.0,NW@7.3,12.1,77.2,0.0,972,"East Oroville, Okanogan County",330146,East Oroville,2017-12-09 17:31:00.254194
2009-06-30,12:45,76.7,,34.5,21.5,0.0,NW@7.1,10.7,77.3,0.0,967,"East Oroville, Okanogan County",330146,East Oroville,2017-12-09 17:31:00.254194
2009-06-30,13:00,77.5,,34.6,21.1,0.0,W@6.9,12.1,77.3,0.0,959,"East Oroville, Okanogan County",330146,East Oroville,2017-12-09 17:31:00.254194
2009-06-30,13:15,77.7,,34.5,20.8,0.0,NW@6.9,12.1,77.4,0.0,945,"East Oroville, Okanogan County",330146,East Oroville,2017-12-09 17:31:00.254194
2009-06-30,13:30,78.2,,35.3,21.2,0.0,NW@6.8,12.1,77.5,0.0,927,"East Oroville, Okanogan County",330146,East Oroville,2017-12-09 17:31:00.254194
2009-06-30,13:45,78.6,,35.6,21.1,0.0,NW@6.5,11.7,77.6,0.0,910,"East Oroville, Okanogan County",330146,East Oroville,2017-12-09 17:31:00.254194
2009-06-30,14:00,79.0,,34.9,20.3,0.0,NW@6.8,12.4,77.7,0.0,893,"East Oroville, Okanogan County",330146,East Oroville,2017-12-09 17:31:00.254194
2009-06-30,14:15,79.4,,34.8,20.0,0.0,NW@6.4,10.3,77.8,0.0,867,"East Oroville, Okanogan County",330146,East Oroville,2017-12-09 17:31:00.254194
2009-06-30,14:30,79.5,,34.6,19.7,0.0,W@6.1,10.7,77.9,0.0,838,"East Oroville, Okanogan County",330146,East Oroville,2017-12-09 17:31:00.254194
2009-06-30,14:45,79.7,,35.0,19.9,0.0,NW@6.0,9.6,78.1,0.0,807,"East Oroville, Okanogan County",330146,East Oroville,2017-12-09 17:31:00.254194
2009-06-30,15:00,79.6,,34.4,19.5,0.0,W@6.8,12.4,78.2,0.0,773,"East Oroville, Okanogan County",330146,East Oroville,2017-12-09 17:31:00.254194
2009-06-30,15:15,79.8,,33.7,18.9,0.0,W@6.8,9.9,78.4,0.0,737,"East Oroville, Okanogan County",330146,East Oroville,2017-12-09 17:31:00.254194
2009-06-30,15:30,80.1,,35.3,19.9,0.0,W@6.8,11.4,78.5,0.0,701,"East Oroville, Okanogan County",330146,East Oroville,2017-12-09 17:31:00.254194
2009-06-30,15:45,79.9,,33.1,18.3,0.0,W@6.6,9.9,78.7,0.0,666,"East Oroville, Okanogan County",330146,East Oroville,2017-12-09 17:31:00.254194
2009-06-30,16:00,80.5,,33.5,18.2,0.0,W@5.4,10.7,78.8,0.0,625,"East Oroville, Okanogan County",330146,East Oroville,2017-12-09 17:31:00.254194
2009-06-30,16:15,80.4,,32.7,17.8,0.0,W@6.3,10.3,79.0,0.0,585,"East Oroville, Okanogan County",330146,East Oroville,2017-12-09 17:31:00.254194
2009-06-30,16:30,80.1,,32.6,17.8,0.0,W@6.2,9.6,79.2,0.0,543,"East Oroville, Okanogan County",330146,East Oroville,2017-12-09 17:31:00.254194
2009-06-30,16:45,80.2,,33.4,18.3,0.0,W@5.7,9.9,79.3,0.0,499,"East Oroville, Okanogan County",330146,East Oroville,2017-12-09 17:31:00.254194
2009-06-30,17:00,80.1,,33.2,18.3,0.0,W@5.8,8.5,79.5,0.0,453,"East Oroville, Okanogan County",330146,East Oroville,2017-12-09 17:31:00.254194
2009-06-30,17:15,80.0,,33.2,18.3,0.0,NW@5.1,9.2,79.7,0.0,408,"East Oroville, Okanogan County",330146,East Oroville,2017-12-09 17:31:00.254194
2009-06-30,17:30,80.1,,33.6,18.5,0.0,NW@5.0,10.7,79.9,0.0,364,"East Oroville, Okanogan County",330146,East Oroville,2017-12-09 17:31:00.254194
2009-06-30,17:45,79.8,,34.4,19.3,0.0,NW@4.5,8.2,80.0,0.0,321,"East Oroville, Okanogan County",330146,East Oroville,2017-12-09 17:31:00.254194
2009-06-30,18:00,79.2,,35.0,20.2,0.0,W@4.7,8.2,80.2,0.0,278,"East Oroville, Okanogan County",330146,East Oroville,2017-12-09 17:31:00.254194
2009-06-30,18:15,79.0,,35.0,20.4,0.0,NW@3.9,7.1,80.4,0.0,237,"East Oroville, Okanogan County",330146,East Oroville,2017-12-09 17:31:00.254194
2009-06-30,18:30,78.1,,34.6,20.6,0.0,NW@4.1,7.8,80.6,0.0,200,"East Oroville, Okanogan County",330146,East Oroville,2017-12-09 17:31:00.254194
2009-06-30,18:45,77.5,,33.8,20.4,0.0,NW@3.9,7.1,80.7,0.0,162,"East Oroville, Okanogan County",330146,East Oroville,2017-12-09 17:31:00.254194
2009-06-30,19:00,77.0,,33.8,20.7,0.0,NW@3.6,5.7,80.9,0.0,128,"East Oroville, Okanogan County",330146,East Oroville,2017-12-09 17:31:00.254194
2009-06-30,19:15,76.0,,31.8,19.8,0.0,NW@3.8,6.7,81.0,0.0,94,"East Oroville, Okanogan County",330146,East Oroville,2017-12-09 17:31:00.254194
2009-06-30,19:30,75.2,,29.9,18.8,0.0,N@4.5,8.9,81.2,0.0,51,"East Oroville, Okanogan County",330146,East Oroville,2017-12-09 17:31:00.254194
2009-06-30,19:45,74.4,,29.3,18.9,0.0,N@4.3,7.4,81.3,0.0,20,"East Oroville, Okanogan County",330146,East Oroville,2017-12-09 17:31:00.254194
2009-06-30,20:00,73.5,,29.4,19.5,0.0,N@5.4,8.9,81.5,0.0,12,"East Oroville, Okanogan County",330146,East Oroville,2017-12-09 17:31:00.254194
2009-06-30,20:15,73.4,,28.0,18.4,0.0,N@6.1,11.7,81.6,0.0,6,"East Oroville, Okanogan County",330146,East Oroville,2017-12-09 17:31:00.254194
2009-06-30,20:30,72.7,,28.9,19.7,0.0,N@5.4,10.3,81.7,0.0,2,"East Oroville, Okanogan County",330146,East Oroville,2017-12-09 17:31:00.254194
2009-06-30,20:45,72.0,,29.8,20.8,0.0,N@5.2,9.6,81.8,0.0,0,"East Oroville, Okanogan County",330146,East Oroville,2017-12-09 17:31:00.254194
2009-06-30,21:00,71.4,,30.5,21.9,0.0,NW@5.4,10.3,81.8,0.0,0,"East Oroville, Okanogan County",330146,East Oroville,2017-12-09 17:31:00.254194
2009-06-30,21:15,70.5,,31.6,23.6,0.0,N@5.4,8.9,81.9,0.0,0,"East Oroville, Okanogan County",330146,East Oroville,2017-12-09 17:31:00.254194
2009-06-30,21:30,69.4,,32.6,25.5,0.0,NW@5.0,8.5,82.0,0.0,0,"East Oroville, Okanogan County",330146,East Oroville,2017-12-09 17:31:00.254194
2009-06-30,21:45,68.7,,32.9,26.4,0.0,NW@4.6,7.8,82.0,0.0,0,"East Oroville, Okanogan County",330146,East Oroville,2017-12-09 17:31:00.254194
2009-06-30,22:00,68.0,,33.8,28.1,0.0,NW@3.8,8.2,82.0,0.0,0,"East Oroville, Okanogan County",330146,East Oroville,2017-12-09 17:31:00.254194
2009-06-30,22:15,68.1,,32.9,27.0,0.0,NW@5.2,9.9,82.0,0.0,0,"East Oroville, Okanogan County",330146,East Oroville,2017-12-09 17:31:00.254194
2009-06-30,22:30,67.9,,32.9,27.2,0.0,NW@5.1,9.2,82.0,0.0,0,"East Oroville, Okanogan County",330146,East Oroville,2017-12-09 17:31:00.254194
2009-06-30,22:45,68.0,,29.9,24.0,0.0,NW@6.4,9.9,82.0,0.0,0,"East Oroville, Okanogan County",330146,East Oroville,2017-12-09 17:31:00.254194
2009-06-30,23:00,67.8,,29.4,23.6,0.0,NW@6.0,11.7,82.0,0.0,0,"East Oroville, Okanogan County",330146,East Oroville,2017-12-09 17:31:00.254194
2009-07-01,23:15,66.5,,32.5,28.1,0.0,NW@4.5,9.9,82.0,0.0,0,"East Oroville, Okanogan County",330146,East Oroville,2017-12-09 17:31:00.254194
2009-07-01,23:30,65.9,,32.0,28.1,0.0,NW@4.9,8.5,82.0,0.0,0,"East Oroville, Okanogan County",330146,East Oroville,2017-12-09 17:31:00.254194
2009-07-01,23:45,65.4,,31.5,28.1,0.0,NW@4.8,8.9,81.9,0.0,0,"East Oroville, Okanogan County",330146,East Oroville,2017-12-09 17:31:00.254194
2009-07-01,24:00,65.2,,31.1,27.7,0.0,N@4.9,8.9,81.9,0.0,0,"East Oroville, Okanogan County",330146,East Oroville,2017-12-09 17:31:00.254194
2009-07-01,00:15,65.2,,31.2,27.8,0.0,N@5.3,9.9,81.8,0.0,0,"East Oroville, Okanogan County",330146,East Oroville,2017-12-09 17:31:00.254194
2009-07-01,00:30,64.7,,32.0,29.3,0.0,NW@4.5,9.2,81.8,0.0,0,"East Oroville, Okanogan County",330146,East Oroville,2017-12-09 17:31:00.254194
2009-07-01,00:45,64.4,,31.3,28.7,0.0,N@4.2,7.8,81.7,0.0,0,"East Oroville, Okanogan County",330146,East Oroville,2017-12-09 17:31:00.254194
2009-07-01,01:00,64.3,,31.4,29.0,0.0,N@4.3,7.8,81.6,0.0,0,"East Oroville, Okanogan County",330146,East Oroville,2017-12-09 17:31:00.254194
2009-07-01,01:15,63.9,,30.9,28.8,0.0,NE@4.1,8.5,81.5,0.0,0,"East Oroville, Okanogan County",330146,East Oroville,2017-12-09 17:31:00.254194
2009-07-01,01:30,64.2,,30.6,28.2,0.0,NE@2.9,6.0,81.4,0.0,0,"East Oroville, Okanogan County",330146,East Oroville,2017-12-09 17:31:00.254194
2009-07-01,01:45,64.0,,29.5,27.2,0.0,NE@4.4,8.9,81.3,0.0,0,"East Oroville, Okanogan County",330146,East Oroville,2017-12-09 17:31:00.254194
2009-07-01,02:00,63.4,,29.4,27.5,0.0,NE@3.8,9.6,81.2,0.0,0,"East Oroville, Okanogan County",330146,East Oroville,2017-12-09 17:31:00.254194
2009-07-01,02:15,61.7,,26.2,25.7,0.0,E@3.7,6.4,81.1,0.0,0,"East Oroville, Okanogan County",330146,East Oroville,2017-12-09 17:31:00.254194
2009-07-01,02:30,62.2,,25.7,24.7,0.0,E@4.9,9.6,81.0,0.0,0,"East Oroville, Okanogan County",330146,East Oroville,2017-12-09 17:31:00.254194
2009-07-01,02:45,61.4,,25.9,25.6,0.0,E@3.9,7.1,80.8,0.0,0,"East Oroville, Okanogan County",330146,East Oroville,2017-12-09 17:31:00.254194
2009-07-01,03:00,60.3,,27.3,28.3,0.0,E@3.3,6.4,80.7,0.0,0,"East Oroville, Okanogan County",330146,East Oroville,2017-12-09 17:31:00.254194
2009-07-01,03:15,59.3,,29.0,31.4,0.0,NE@3.1,4.9,80.6,0.0,0,"East Oroville, Okanogan County",330146,East Oroville,2017-12-09 17:31:00.254194
2009-07-01,03:30,58.0,,29.5,33.6,0.0,E@4.2,7.4,80.5,0.0,0,"East Oroville, Okanogan County",330146,East Oroville,2017-12-09 17:31:00.254194
2009-07-01,03:45,56.7,,29.4,35.0,0.0,E@2.9,7.4,80.4,0.0,0,"East Oroville, Okanogan County",330146,East Oroville,2017-12-09 17:31:00.254194
2009-07-01,04:00,58.7,,30.2,33.7,0.0,N@2.0,3.5,80.2,0.0,3,"East Oroville, Okanogan County",330146,East Oroville,2017-12-09 17:31:00.254194
2009-07-01,04:15,58.1,,29.9,34.0,0.0,NE@2.0,3.5,80.1,0.0,7,"East Oroville, Okanogan County",330146,East Oroville,2017-12-09 17:31:00.254194
2009-07-01,04:30,58.4,,30.4,34.3,0.0,N@2.3,3.9,80.0,0.0,12,"East Oroville, Okanogan County",330146,East Oroville,2017-12-09 17:31:00.254194
2009-07-01,04:45,58.7,,30.8,34.5,0.0,NE@2.6,4.6,79.8,0.0,17,"East Oroville, Okanogan County",330146,East Oroville,2017-12-09 17:31:00.254194
2009-07-01,05:00,58.6,,31.3,35.3,0.0,N@1.9,4.2,79.7,0.0,21,"East Oroville, Okanogan County",330146,East Oroville,2017-12-09 17:31:00.254194
2009-07-01,05:15,59.0,,31.6,35.2,0.0,N@3.1,4.9,79.6,0.0,25,"East Oroville, Okanogan County",330146,East Oroville,2017-12-09 17:31:00.254194
2009-07-01,05:30,59.0,,31.2,34.7,0.0,NE@3.0,4.9,79.4,0.0,28,"East Oroville, Okanogan County",330146,East Oroville,2017-12-09 17:31:00.254194
2009-07-01,05:45,59.1,,31.5,35.0,0.0,N@3.0,6.0,79.3,0.0,32,"East Oroville, Okanogan County",330146,East Oroville,2017-12-09 17:31:00.254194
2009-07-01,06:00,59.8,,31.4,34.0,0.0,N@3.5,7.1,79.1,0.0,161,"East Oroville, Okanogan County",330146,East Oroville,2017-12-09 17:31:00.254194
2009-07-01,06:15,61.7,,32.1,32.8,0.0,N@3.7,5.7,79.0,0.0,254,"East Oroville, Okanogan County",330146,East Oroville,2017-12-09 17:31:00.254194
2009-07-01,06:30,62.2,,33.2,33.5,0.0,N@3.5,6.4,78.8,0.0,298,"East Oroville, Okanogan County",330146,East Oroville,2017-12-09 17:31:00.254194
2009-07-01,06:45,63.1,,33.9,33.4,0.0,N@3.6,6.7,78.7,0.0,342,"East Oroville, Okanogan County",330146,East Oroville,2017-12-09 17:31:00.254194
2009-07-01,07:00,63.5,,33.9,33.1,0.0,N@4.4,7.1,78.5,0.0,387,"East Oroville, Okanogan County",330146,East Oroville,2017-12-09 17:31:00.254194
2009-07-01,07:15,64.2,,34.8,33.4,0.0,N@4.0,6.4,78.4,0.0,432,"East Oroville, Okanogan County",330146,East Oroville,2017-12-09 17:31:00.254194
2009-07-01,07:30,64.9,,34.4,32.1,0.0,NW@3.6,6.7,78.2,0.0,477,"East Oroville, Okanogan County",330146,East Oroville,2017-12-09 17:31:00.254194
2009-07-01,07:45,65.4,,35.5,32.9,0.0,NW@3.9,7.1,78.1,0.0,522,"East Oroville, Okanogan County",330146,East Oroville,2017-12-09 17:31:00.254194
2009-07-01,08:00,65.9,,36.4,33.6,0.0,NW@4.5,7.8,77.9,0.0,565,"East Oroville, Okanogan County",330146,East Oroville,2017-12-09 17:31:00.254194
2009-07-01,08:15,66.5,,36.6,33.0,0.0,NW@4.0,6.4,77.8,0.0,606,"East Oroville, Okanogan County",330146,East Oroville,2017-12-09 17:31:00.254194
2009-07-01,08:30,67.9,,36.1,30.9,0.0,N@3.8,6.7,77.7,0.0,646,"East Oroville, Okanogan County",330146,East Oroville,2017-12-09 17:31:00.254194
2009-07-01,08:45,69.1,,37.5,31.3,0.0,NW@4.0,7.4,77.5,0.0,685,"East Oroville, Okanogan County",330146,East Oroville,2017-12-09 17:31:00.254194
2009-07-01,09:00,70.0,,37.7,30.6,0.0,N@4.0,7.8,77.4,0.0,722,"East Oroville, Okanogan County",330146,East Oroville,2017-12-09 17:31:00.254194
2009-07-01,09:15,71.1,,38.1,29.9,0.0,NW@3.3,5.3,77.3,0.0,758,"East Oroville, Okanogan County",330146,East Oroville,2017-12-09 17:31:00.254194
2009-07-01,09:30,71.5,,37.3,28.6,0.0,NW@4.4,8.5,77.2,0.0,791,"East Oroville, Okanogan County",330146,East Oroville,2017-12-09 17:31:00.254194
2009-07-01,09:45,72.5,,38.0,28.5,0.0,NW@4.2,7.8,77.1,0.0,823,"East Oroville, Okanogan County",330146,East Oroville,2017-12-09 17:31:00.254194
2009-07-01,10:00,73.2,,37.7,27.5,0.0,NW@4.8,8.5,77.1,0.0,852,"East Oroville, Okanogan County",330146,East Oroville,2017-12-09 17:31:00.254194
2009-07-01,10:15,74.1,,37.4,26.3,0.0,NW@4.7,8.2,77.0,0.0,877,"East Oroville, Okanogan County",330146,East Oroville,2017-12-09 17:31:00.254194
2009-07-01,10:30,74.6,,35.9,24.4,0.0,NW@4.7,7.4,76.9,0.0,902,"East Oroville, Okanogan County",330146,East Oroville,2017-12-09 17:31:00.254194
2009-07-01,10:45,75.3,,34.5,22.5,0.0,NW@5.1,7.8,76.9,0.0,922,"East Oroville, Okanogan County",330146,East Oroville,2017-12-09 17:31:00.254194
2009-07-01,11:00,76.2,,33.9,21.4,0.0,NW@5.5,8.9,76.9,0.0,940,"East Oroville, Okanogan County",330146,East Oroville,2017-12-09 17:31:00.254194
2009-07-01,11:15,77.0,,32.0,19.3,0.0,NW@4.8,7.8,76.8,0.0,955,"East Oroville, Okanogan County",330146,East Oroville,2017-12-09 17:31:00.254194
2009-07-01,11:30,77.4,,30.5,17.9,0.0,NW@4.9,9.2,76.8,0.0,966,"East Oroville, Okanogan County",330146,East Oroville,2017-12-09 17:31:00.254194
2009-07-01,11:45,78.2,,30.5,17.5,0.0,NW@4.6,7.8,76.8,0.0,972,"East Oroville, Okanogan County",330146,East Oroville,2017-12-09 17:31:00.254194
2009-07-01,12:00,78.5,,29.7,16.8,0.0,NW@4.8,9.2,76.9,0.0,976,"East Oroville, Okanogan County",330146,East Oroville,2017-12-09 17:31:00.254194
2009-07-01,12:15,78.7,,28.8,16.0,0.0,W@6.0,9.6,76.9,0.0,978,"East Oroville, Okanogan County",330146,East Oroville,2017-12-09 17:31:00.254194
2009-07-01,12:30,79.4,,30.5,16.8,0.0,W@5.9,9.9,76.9,0.0,973,"East Oroville, Okanogan County",330146,East Oroville,2017-12-09 17:31:00.254194
2009-07-01,12:45,80.1,,31.2,16.8,0.0,NW@5.7,9.2,77.0,0.0,965,"East Oroville, Okanogan County",330146,East Oroville,2017-12-09 17:31:00.254194
2009-07-01,13:00,80.0,,30.7,16.6,0.0,W@6.4,10.7,77.1,0.0,954,"East Oroville, Okanogan County",330146,East Oroville,2017-12-09 17:31:00.254194
2009-07-01,13:15,80.1,,30.2,16.2,0.0,W@6.0,11.7,77.2,0.0,940,"East Oroville, Okanogan County",330146,East Oroville,2017-12-09 17:31:00.254194
2009-07-01,13:30,80.5,,30.4,16.1,0.0,W@6.3,10.3,77.3,0.0,923,"East Oroville, Okanogan County",330146,East Oroville,2017-12-09 17:31:00.254194
2009-07-01,13:45,81.1,,31.7,16.7,0.0,NW@5.8,9.6,77.4,0.0,905,"East Oroville, Okanogan County",330146,East Oroville,2017-12-09 17:31:00.254194
2009-07-01,14:00,82.0,,32.3,16.6,0.0,NW@6.0,10.7,77.5,0.0,884,"East Oroville, Okanogan County",330146,East Oroville,2017-12-09 17:31:00.254194
2009-07-01,14:15,82.1,,31.9,16.3,0.0,NW@6.1,10.3,77.7,0.0,861,"East Oroville, Okanogan County",330146,East Oroville,2017-12-09 17:31:00.254194
2009-07-01,14:30,81.9,,30.3,15.3,0.0,NW@6.6,11.4,77.8,0.0,834,"East Oroville, Okanogan County",330146,East Oroville,2017-12-09 17:31:00.254194
2009-07-01,14:45,82.4,,30.4,15.1,0.0,NW@6.3,10.7,78.0,0.0,806,"East Oroville, Okanogan County",330146,East Oroville,2017-12-09 17:31:00.254194
2009-07-01,15:00,82.3,,29.9,14.9,0.0,NW@6.6,11.4,78.1,0.0,775,"East Oroville, Okanogan County",330146,East Oroville,2017-12-09 17:31:00.254194
2009-07-01,15:15,82.5,,31.1,15.5,0.0,W@6.4,11.7,78.3,0.0,742,"East Oroville, Okanogan County",330146,East Oroville,2017-12-09 17:31:00.254194
2009-07-01,15:30,82.9,,31.2,15.4,0.0,NW@6.0,9.9,78.5,0.0,707,"East Oroville, Okanogan County",330146,East Oroville,2017-12-09 17:31:00.254194
2009-07-01,15:45,82.5,,32.0,16.1,0.0,W@6.9,11.4,78.6,0.0,671,"East Oroville, Okanogan County",330146,East Oroville,2017-12-09 17:31:00.254194
2009-07-01,16:00,82.4,,32.3,16.4,0.0,W@6.9,12.4,78.8,0.0,631,"East Oroville, Okanogan County",330146,East Oroville,2017-12-09 17:31:00.254194
2009-07-01,16:15,82.6,,32.0,16.1,0.0,NW@6.5,12.1,79.0,0.0,591,"East Oroville, Okanogan County",330146,East Oroville,2017-12-09 17:31:00.254194
2009-07-01,16:30,82.6,,31.8,15.9,0.0,W@6.7,10.7,79.2,0.0,550,"East Oroville, Okanogan County",330146,East Oroville,2017-12-09 17:31:00.254194
2009-07-01,16:45,82.5,,32.9,16.7,0.0,NW@6.1,10.3,79.4,0.0,507,"East Oroville, Okanogan County",330146,East Oroville,2017-12-09 17:31:00.254194
2009-07-01,17:00,82.3,,34.1,17.6,0.0,W@6.2,9.9,79.6,0.0,464,"East Oroville, Okanogan County",330146,East Oroville,2017-12-09 17:31:00.254194
2009-07-01,17:15,82.2,,35.1,18.4,0.0,NW@5.2,11.4,79.8,0.0,419,"East Oroville, Okanogan County",330146,East Oroville,2017-12-09 17:31:00.254194
2009-07-01,17:30,81.7,,33.7,17.7,0.0,W@5.9,9.9,79.9,0.0,374,"East Oroville, Okanogan County",330146,East Oroville,2017-12-09 17:31:00.254194
2009-07-01,17:45,81.2,,34.0,18.2,0.0,W@6.1,9.2,80.1,0.0,330,"East Oroville, Okanogan County",330146,East Oroville,2017-12-09 17:31:00.254194
2009-07-01,18:00,81.2,,34.1,18.3,0.0,NW@5.2,9.9,80.3,0.0,286,"East Oroville, Okanogan County",330146,East Oroville,2017-12-09 17:31:00.254194
2009-07-01,18:15,81.0,,33.6,18.1,0.0,NW@5.1,9.2,80.5,0.0,242,"East Oroville, Okanogan County",330146,East Oroville,2017-12-09 17:31:00.254194
2009-07-01,18:30,80.1,,34.6,19.3,0.0,NW@4.7,8.2,80.7,0.0,200,"East Oroville, Okanogan County",330146,East Oroville,2017-12-09 17:31:00.254194
2009-07-01,18:45,79.6,,34.2,19.4,0.0,NW@4.4,8.5,80.9,0.0,161,"East Oroville, Okanogan County",330146,East Oroville,2017-12-09 17:31:00.254194
2009-07-01,19:00,78.1,,33.7,19.9,0.0,NW@5.3,8.9,81.0,0.0,124,"East Oroville, Okanogan County",330146,East Oroville,2017-12-09 17:31:00.254194
2009-07-01,19:15,77.1,,33.5,20.4,0.0,NW@4.8,7.8,81.2,0.0,90,"East Oroville, Okanogan County",330146,East Oroville,2017-12-09 17:31:00.254194
2009-07-01,19:30,76.1,,33.2,20.8,0.0,NW@4.1,7.1,81.4,0.0,47,"East Oroville, Okanogan County",330146,East Oroville,2017-12-09 17:31:00.254194
2009-07-01,19:45,75.2,,31.6,20.2,0.0,NW@3.7,7.1,81.5,0.0,15,"East Oroville, Okanogan County",330146,East Oroville,2017-12-09 17:31:00.254194
2009-07-01,20:00,75.3,,29.0,18.1,0.0,N@4.3,9.2,81.6,0.0,8,"East Oroville, Okanogan County",330146,East Oroville,2017-12-09 17:31:00.254194
2009-07-01,20:15,74.8,,28.5,18.0,0.0,N@4.3,8.2,81.8,0.0,3,"East Oroville, Okanogan County",330146,East Oroville,2017-12-09 17:31:00.254194
2009-07-01,20:30,74.6,,28.1,17.8,0.0,N@4.5,8.9,81.9,0.0,1,"East Oroville, Okanogan County",330146,East Oroville,2017-12-09 17:31:00.254194
2009-07-01,20:45,73.9,,28.1,18.2,0.0,N@4.7,7.4,82.0,0.0,0,"East Oroville, Okanogan County",330146,East Oroville,2017-12-09 17:31:00.254194
2009-07-01,21:00,73.9,,27.4,17.7,0.0,NE@5.3,8.5,82.0,0.0,0,"East Oroville, Okanogan County",330146,East Oroville,2017-12-09 17:31:00.254194
2009-07-01,21:15,73.4,,27.0,17.7,0.0,NE@3.2,6.0,82.1,0.0,0,"East Oroville, Okanogan County",330146,East Oroville,2017-12-09 17:31:00.254194
2009-07-01,21:30,72.4,,27.1,18.4,0.0,NE@3.1,6.4,82.2,0.0,0,"East Oroville, Okanogan County",330146,East Oroville,2017-12-09 17:31:00.254194
2009-07-01,21:45,71.3,,26.7,18.8,0.0,NE@3.7,6.7,82.2,0.0,0,"East Oroville, Okanogan County",330146,East Oroville,2017-12-09 17:31:00.254194
2009-07-01,22:00,71.4,,26.5,18.5,0.0,NE@3.4,6.4,82.3,0.0,0,"East Oroville, Okanogan County",330146,East Oroville,2017-12-09 17:31:00.254194
2009-07-01,22:15,71.2,,27.1,19.2,0.0,NE@2.6,5.3,82.3,0.0,0,"East Oroville, Okanogan County",330146,East Oroville,2017-12-09 17:31:00.254194
2009-07-01,22:30,70.7,,27.4,19.8,0.0,N@2.7,4.6,82.3,0.0,0,"East Oroville, Okanogan County",330146,East Oroville,2017-12-09 17:31:00.254194
2009-07-01,22:45,70.1,,27.0,19.8,0.0,NE@3.2,6.4,82.3,0.0,0,"East Oroville, Okanogan County",330146,East Oroville,2017-12-09 17:31:00.254194
2009-07-01,23:00,70.2,,25.4,18.5,0.0,E@4.2,9.2,82.3,0.0,0,"East Oroville, Okanogan County",330146,East Oroville,2017-12-09 17:31:00.254194
2009-07-02,23:15,69.7,,25.9,19.2,0.0,NE@3.7,8.5,82.3,0.0,0,"East Oroville, Okanogan County",330146,East Oroville,2017-12-09 17:31:00.254194
2009-07-02,23:30,68.3,,26.4,20.6,0.0,NE@3.3,4.2,82.3,0.0,0,"East Oroville, Okanogan County",330146,East Oroville,2017-12-09 17:31:00.254194
2009-07-02,23:45,68.0,,26.5,20.9,0.0,NE@3.6,4.9,82.2,0.0,0,"East Oroville, Okanogan County",330146,East Oroville,2017-12-09 17:31:00.254194
2009-07-02,24:00,67.5,,26.8,21.5,0.0,N@2.8,3.9,82.2,0.0,0,"East Oroville, Okanogan County",330146,East Oroville,2017-12-09 17:31:00.254194
2009-07-02,00:15,66.2,,27.8,23.4,0.0,NE@2.6,4.6,82.1,0.0,0,"East Oroville, Okanogan County",330146,East Oroville,2017-12-09 17:31:00.254194
2009-07-02,00:30,65.2,,28.8,25.3,0.0,N@2.4,3.5,82.1,0.0,0,"East Oroville, Okanogan County",330146,East Oroville,2017-12-09 17:31:00.254194
2009-07-02,00:45,63.8,,28.1,25.8,0.0,NE@2.5,4.2,82.0,0.0,0,"East Oroville, Okanogan County",330146,East Oroville,2017-12-09 17:31:00.254194
2009-07-02,01:00,65.2,,24.8,21.4,0.0,NE@5.0,6.7,81.9,0.0,0,"East Oroville, Okanogan County",330146,East Oroville,2017-12-09 17:31:00.254194
2009-07-02,01:15,64.6,,24.7,21.8,0.0,E@4.5,8.5,81.8,0.0,0,"East Oroville, Okanogan County",330146,East Oroville,2017-12-09 17:31:00.254194
2009-07-02,01:30,64.6,,25.2,22.3,0.0,E@3.0,4.6,81.8,0.0,0,"East Oroville, Okanogan County",330146,East Oroville,2017-12-09 17:31:00.254194
2009-07-02,01:45,63.3,,25.8,23.9,0.0,E@3.7,6.4,81.7,0.0,0,"East Oroville, Okanogan County",330146,East Oroville,2017-12-09 17:31:00.254194
2009-07-02,02:00,62.7,,26.7,25.3,0.0,NE@3.0,5.3,81.6,0.0,0,"East Oroville, Okanogan County",330146,East Oroville,2017-12-09 17:31:00.254194
2009-07-02,02:15,62.3,,26.4,25.4,0.0,NE@2.8,4.6,81.5,0.0,0,"East Oroville, Okanogan County",330146,East Oroville,2017-12-09 17:31:00.254194
2009-07-02,02:30,62.1,,28.3,27.7,0.0,E@2.2,3.5,81.4,0.0,0,"East Oroville, Okanogan County",330146,East Oroville,2017-12-09 17:31:00.254194
2009-07-02,02:45,61.0,,27.7,28.1,0.0,NE@2.7,5.7,81.2,0.0,0,"East Oroville, Okanogan County",330146,East Oroville,2017-12-09 17:31:00.254194
2009-07-02,03:00,60.6,,28.4,29.3,0.0,NE@2.5,3.1,81.1,0.0,0,"East Oroville, Okanogan County",330146,East Oroville,2017-12-09 17:31:00.254194
2009-07-02,03:15,59.0,,29.5,32.5,0.0,NE@2.6,3.5,81.0,0.0,0,"East Oroville, Okanogan County",330146,East Oroville,2017-12-09 17:31:00.254194
2009-07-02,03:30,58.4,,30.3,34.1,0.0,NE@2.6,3.5,80.9,0.0,0,"East Oroville, Okanogan County",330146,East Oroville,2017-12-09 17:31:00.254194
2009-07-02,03:45,57.8,,30.3,35.0,0.0,NE@2.3,3.1,80.8,0.0,0,"East Oroville, Okanogan County",330146,East Oroville,2017-12-09 17:31:00.254194
2009-07-02,04:00,57.8,,32.3,37.9,0.0,NE@2.1,3.1,80.6,0.0,3,"East Oroville, Okanogan County",330146,East Oroville,2017-12-09 17:31:00.254194
2009-07-02,04:15,56.5,,33.6,41.8,0.0,NE@2.6,3.1,80.5,0.0,7,"East Oroville, Okanogan County",330146,East Oroville,2017-12-09 17:31:00.254194
2009-07-02,04:30,57.1,,33.6,40.9,0.0,NE@2.5,3.5,80.4,0.0,12,"East Oroville, Okanogan County",330146,East Oroville,2017-12-09 17:31:00.254194
2009-07-02,04:45,58.0,,30.6,35.1,0.0,NE@2.7,4.6,80.2,0.0,16,"East Oroville, Okanogan County",330146,East Oroville,2017-12-09 17:31:00.254194
2009-07-02,05:00,59.1,,30.2,33.1,0.0,N@2.0,3.5,80.1,0.0,20,"East Oroville, Okanogan County",330146,East Oroville,2017-12-09 17:31:00.254194
2009-07-02,05:15,58.7,,31.6,35.7,0.0,NW@1.8,3.1,79.9,0.0,22,"East Oroville, Okanogan County",330146,East Oroville,2017-12-09 17:31:00.254194
2009-07-02,05:30,59.5,,30.3,32.8,0.0,N@3.2,6.7,79.8,0.0,25,"East Oroville, Okanogan County",330146,East Oroville,2017-12-09 17:31:00.254194
2009-07-02,05:45,59.7,,30.9,33.4,0.0,N@3.3,5.7,79.6,0.0,28,"East Oroville, Okanogan County",330146,East Oroville,2017-12-09 17:31:00.254194
2009-07-02,06:00,59.8,,31.3,33.9,0.0,N@2.2,4.2,79.5,0.0,153,"East Oroville, Okanogan County",330146,East Oroville,2017-12-09 17:31:00.254194
2009-07-02,06:15,62.3,,30.9,30.5,0.0,N@3.0,4.9,79.3,0.0,254,"East Oroville, Okanogan County",330146,East Oroville,2017-12-09 17:31:00.254194
2009-07-02,06:30,62.6,,31.8,31.3,0.0,NW@3.7,7.4,79.2,0.0,297,"East Oroville, Okanogan County",330146,East Oroville,2017-12-09 17:31:00.254194
2009-07-02,06:45,62.9,,33.3,32.9,0.0,NW@3.7,6.0,79.0,0.0,342,"East Oroville, Okanogan County",330146,East Oroville,2017-12-09 17:31:00.254194
2009-07-02,07:00,64.0,,32.6,30.7,0.0,NW@3.8,5.3,78.9,0.0,387,"East Oroville, Okanogan County",330146,East Oroville,2017-12-09 17:31:00.254194
2009-07-02,07:15,65.1,,32.4,29.3,0.0,N@4.3,7.1,78.8,0.0,432,"East Oroville, Okanogan County",330146,East Oroville,2017-12-09 17:31:00.254194
2009-07-02,07:30,65.3,,33.2,30.1,0.0,NW@4.4,6.0,78.6,0.0,477,"East Oroville, Okanogan County",330146,East Oroville,2017-12-09 17:31:00.254194
2009-07-02,07:45,66.1,,34.7,31.2,0.0,NW@4.1,6.7,78.4,0.0,520,"East Oroville, Okanogan County",330146,East Oroville,2017-12-09 17:31:00.254194
2009-07-02,08:00,67.0,,36.4,32.3,0.0,NW@4.2,7.1,78.3,0.0,563,"East Oroville, Okanogan County",330146,East Oroville,2017-12-09 17:31:00.254194
2009-07-02,08:15,67.7,,37.0,32.2,0.0,NW@4.6,6.7,78.1,0.0,603,"East Oroville, Okanogan County",330146,East Oroville,2017-12-09 17:31:00.254194
2009-07-02,08:30,68.7,,37.7,31.9,0.0,NW@4.7,8.2,78.0,0.0,645,"East Oroville, Okanogan County",330146,East Oroville,2017-12-09 17:31:00.254194
2009-07-02,08:45,69.7,,38.1,31.4,0.0,NW@4.6,7.8,77.9,0.0,684,"East Oroville, Okanogan County",330146,East Oroville,2017-12-09 17:31:00.254194
2009-07-02,09:00,70.4,,37.9,30.4,0.0,NW@4.6,8.2,77.7,0.0,719,"East Oroville, Okanogan County",330146,East Oroville,2017-12-09 17:31:00.254194
2009-07-02,09:15,71.3,,37.8,29.4,0.0,NW@4.6,7.1,77.6,0.0,754,"East Oroville, Okanogan County",330146,East Oroville,2017-12-09 17:31:00.254194
2009-07-02,09:30,72.1,,37.5,28.3,0.0,NW@4.5,7.8,77.5,0.0,788,"East Oroville, Okanogan County",330146,East Oroville,2017-12-09 17:31:00.254194
2009-07-02,09:45,73.3,,37.3,27.0,0.0,NW@4.1,7.1,77.4,0.0,819,"East Oroville, Okanogan County",330146,East Oroville,2017-12-09 17:31:00.254194
2009-07-02,10:00,74.2,,36.8,25.6,0.0,NW@4.2,7.8,77.4,0.0,848,"East Oroville, Okanogan County",330146,East Oroville,2017-12-09 17:31:00.254194
2009-07-02,10:15,75.1,,37.9,26.0,0.0,NW@4.6,8.9,77.3,0.0,872,"East Oroville, Okanogan County",330146,East Oroville,2017-12-09 17:31:00.254194
2009-07-02,10:30,76.3,,39.0,26.0,0.0,NW@4.7,8.9,77.2,0.0,895,"East Oroville, Okanogan County",330146,East Oroville,2017-12-09 17:31:00.254194
2009-07-02,10:45,77.0,,38.8,25.3,0.0,NW@5.3,9.2,77.2,0.0,914,"East Oroville, Okanogan County",330146,East Oroville,2017-12-09 17:31:00.254194
2009-07-02,11:00,77.9,,38.6,24.4,0.0,NW@5.2,8.2,77.1,0.0,931,"East Oroville, Okanogan County",330146,East Oroville,2017-12-09 17:31:00.254194
2009-07-02,11:15,78.9,,38.3,23.3,0.0,NW@5.5,10.7,77.1,0.0,945,"East Oroville, Okanogan County",330146,East Oroville,2017-12-09 17:31:00.254194
2009-07-02,11:30,80.4,,38.8,22.6,0.0,NW@5.0,8.2,77.1,0.0,954,"East Oroville, Okanogan County",330146,East Oroville,2017-12-09 17:31:00.254194
2009-07-02,11:45,81.1,,37.3,20.8,0.0,NW@5.3,8.5,77.1,0.0,962,"East Oroville, Okanogan County",330146,East Oroville,2017-12-09 17:31:00.254194
2009-07-02,12:00,82.1,,36.9,19.8,0.0,NW@5.4,9.6,77.1,0.0,965,"East Oroville, Okanogan County",330146,East Oroville,2017-12-09 17:31:00.254194
2009-07-02,12:15,82.8,,36.3,18.9,0.0,NW@5.6,8.9,77.1,0.0,967,"East Oroville, Okanogan County",330146,East Oroville,2017-12-09 17:31:00.254194
2009-07-02,12:30,83.3,,34.8,17.6,0.0,NW@5.3,8.9,77.1,0.0,964,"East Oroville, Okanogan County",330146,East Oroville,2017-12-09 17:31:00.254194
2009-07-02,12:45,84.3,,34.1,16.6,0.0,NW@5.2,8.9,77.2,0.0,957,"East Oroville, Okanogan County",330146,East Oroville,2017-12-09 17:31:00.254194
2009-07-02,13:00,84.7,,33.6,16.0,0.0,NW@5.3,8.5,77.3,0.0,948,"East Oroville, Okanogan County",330146,East Oroville,2017-12-09 17:31:00.254194
2009-07-02,13:15,85.4,,33.0,15.2,0.0,W@5.0,9.6,77.3,0.0,935,"East Oroville, Okanogan County",330146,East Oroville,2017-12-09 17:31:00.254194
2009-07-02,13:30,85.7,,32.2,14.7,0.0,NW@4.9,8.9,77.4,0.0,921,"East Oroville, Okanogan County",330146,East Oroville,2017-12-09 17:31:00.254194
2009-07-02,13:45,86.4,,33.3,15.0,0.0,NW@4.7,7.4,77.5,0.0,903,"East Oroville, Okanogan County",330146,East Oroville,2017-12-09 17:31:00.254194
2009-07-02,14:00,86.5,,33.3,14.9,0.0,NW@5.0,8.2,77.7,0.0,893,"East Oroville, Okanogan County",330146,East Oroville,2017-12-09 17:31:00.254194
2009-07-02,14:15,87.1,,34.3,15.3,0.0,NW@4.2,8.2,77.8,0.0,879,"East Oroville, Okanogan County",330146,East Oroville,2017-12-09 17:31:00.254194
2009-07-02,14:30,87.6,,35.4,15.7,0.0,NW@4.5,6.7,77.9,0.0,861,"East Oroville, Okanogan County",330146,East Oroville,2017-12-09 17:31:00.254194
2009-07-02,14:45,87.4,,34.6,15.3,0.0,NW@4.6,7.8,78.1,0.0,827,"East Oroville, Okanogan County",330146,East Oroville,2017-12-09 17:31:00.254194
2009-07-02,15:00,86.8,,40.1,19.3,0.0,NW@3.6,6.7,78.2,0.0,796,"East Oroville, Okanogan County",330146,East Oroville,2017-12-09 17:31:00.254194
2009-07-02,15:15,86.2,,43.5,22.5,0.0,NW@3.7,7.4,78.4,0.0,782,"East Oroville, Okanogan County",330146,East Oroville,2017-12-09 17:31:00.254194
2009-07-02,15:30,85.0,,41.8,21.9,0.0,NW@4.3,7.4,78.6,0.0,632,"East Oroville, Okanogan County",330146,East Oroville,2017-12-09 17:31:00.254194
2009-07-02,15:45,86.1,,39.1,19.0,0.0,NW@4.6,7.4,78.8,0.0,733,"East Oroville, Okanogan County",330146,East Oroville,2017-12-09 17:31:00.254194
2009-07-02,16:00,86.4,,40.6,20.0,0.0,NW@3.7,5.7,78.9,0.0,686,"East Oroville, Okanogan County",330146,East Oroville,2017-12-09 17:31:00.254194
2009-07-02,16:15,87.1,,40.5,19.4,0.0,NW@3.5,7.8,79.1,0.0,604,"East Oroville, Okanogan County",330146,East Oroville,2017-12-09 17:31:00.254194
2009-07-02,16:30,86.6,,38.4,18.2,0.0,NW@3.4,5.3,79.3,0.0,549,"East Oroville, Okanogan County",330146,East Oroville,2017-12-09 17:31:00.254194
2009-07-02,16:45,87.2,,38.7,18.1,0.0,NW@3.2,6.0,79.5,0.0,501,"East Oroville, Okanogan County",330146,East Oroville,2017-12-09 17:31:00.254194
2009-07-02,17:00,87.3,,43.1,21.4,0.0,NW@2.6,5.7,79.7,0.0,453,"East Oroville, Okanogan County",330146,East Oroville,2017-12-09 17:31:00.254194
2009-07-02,17:15,87.9,,39.3,18.1,0.0,NW@2.6,5.3,79.9,0.0,408,"East Oroville, Okanogan County",330146,East Oroville,2017-12-09 17:31:00.254194
2009-07-02,17:30,86.7,,39.1,18.6,0.0,NW@3.7,6.7,80.1,0.0,363,"East Oroville, Okanogan County",330146,East Oroville,2017-12-09 17:31:00.254194
2009-07-02,17:45,85.7,,39.4,19.5,0.0,NW@4.3,7.4,80.3,0.0,319,"East Oroville, Okanogan County",330146,East Oroville,2017-12-09 17:31:00.254194
2009-07-02,18:00,85.3,,38.2,18.8,0.0,NW@5.1,8.9,80.5,0.0,276,"East Oroville, Okanogan County",330146,East Oroville,2017-12-09 17:31:00.254194
2009-07-02,18:15,84.8,,38.9,19.7,0.0,NW@4.5,8.2,80.7,0.0,233,"East Oroville, Okanogan County",330146,East Oroville,2017-12-09 17:31:00.254194
2009-07-02,18:30,84.8,,37.5,18.6,0.0,NW@4.5,8.2,80.9,0.0,192,"East Oroville, Okanogan County",330146,East Oroville,2017-12-09 17:31:00.254194
2009-07-02,18:45,84.2,,36.5,18.3,0.0,NW@4.4,7.1,81.1,0.0,140,"East Oroville, Okanogan County",330146,East Oroville,2017-12-09 17:31:00.254194
2009-07-02,19:00,83.4,,37.0,19.1,0.0,NW@4.1,7.4,81.3,0.0,117,"East Oroville, Okanogan County",330146,East Oroville,2017-12-09 17:31:00.254194
2009-07-02,19:15,82.3,,37.1,19.9,0.0,NW@3.9,7.4,81.5,0.0,85,"East Oroville, Okanogan County",330146,East Oroville,2017-12-09 17:31:00.254194
2009-07-02,19:30,81.8,,34.5,18.2,0.0,N@5.3,11.0,81.7,0.0,45,"East Oroville, Okanogan County",330146,East Oroville,2017-12-09 17:31:00.254194
2009-07-02,19:45,81.4,,33.0,17.3,0.0,N@5.9,9.9,81.9,0.0,17,"East Oroville, Okanogan County",330146,East Oroville,2017-12-09 17:31:00.254194
2009-07-02,20:00,80.9,,32.2,17.1,0.0,N@5.9,9.9,82.1,0.0,10,"East Oroville, Okanogan County",330146,East Oroville,2017-12-09 17:31:00.254194
2009-07-02,20:15,80.4,,32.1,17.3,0.0,N@5.5,10.7,82.2,0.0,4,"East Oroville, Okanogan County",330146,East Oroville,2017-12-09 17:31:00.254194
2009-07-02,20:30,80.0,,31.5,17.1,0.0,N@5.1,9.6,82.4,0.0,0,"East Oroville, Okanogan County",330146,East Oroville,2017-12-09 17:31:00.254194
2009-07-02,20:45,79.6,,31.0,17.0,0.0,N@4.8,8.2,82.5,0.0,0,"East Oroville, Okanogan County",330146,East Oroville,2017-12-09 17:31:00.254194
2009-07-02,21:00,79.6,,29.9,16.3,0.0,NE@4.0,9.6,82.6,0.0,0,"East Oroville, Okanogan County",330146,East Oroville,2017-12-09 17:31:00.254194
2009-07-02,21:15,78.8,,30.3,17.0,0.0,NE@3.0,5.7,82.7,0.0,0,"East Oroville, Okanogan County",330146,East Oroville,2017-12-09 17:31:00.254194
2009-07-02,21:30,78.0,,30.6,17.6,0.0,NE@3.4,9.2,82.8,0.0,0,"East Oroville, Okanogan County",330146,East Oroville,2017-12-09 17:31:00.254194
2009-07-02,21:45,77.2,,30.6,18.1,0.0,NE@3.3,6.4,82.9,0.0,0,"East Oroville, Okanogan County",330146,East Oroville,2017-12-09 17:31:00.254194
2009-07-02,22:00,77.3,,30.8,18.2,0.0,NE@3.6,7.4,82.9,0.0,0,"East Oroville, Okanogan County",330146,East Oroville,2017-12-09 17:31:00.254194
2009-07-02,22:15,76.2,,31.9,19.8,0.0,N@3.2,6.7,83.0,0.0,0,"East Oroville, Okanogan County",330146,East Oroville,2017-12-09 17:31:00.254194
2009-07-02,22:30,75.2,,32.0,20.4,0.0,NE@2.9,5.7,83.0,0.0,0,"East Oroville, Okanogan County",330146,East Oroville,2017-12-09 17:31:00.254194
2009-07-02,22:45,74.7,,31.9,20.7,0.0,NE@3.0,5.7,83.1,0.0,0,"East Oroville, Okanogan County",330146,East Oroville,2017-12-09 17:31:00.254194
2009-07-02,23:00,73.7,,31.2,20.9,0.0,NE@3.1,4.6,83.1,0.0,0,"East Oroville, Okanogan County",330146,East Oroville,2017-12-09 17:31:00.254194
2009-07-03,23:15,72.7,,31.0,21.4,0.0,NE@3.6,8.9,83.1,0.0,0,"East Oroville, Okanogan County",330146,East Oroville,2017-12-09 17:31:00.254194
2009-07-03,23:30,73.3,,30.5,20.6,0.0,NE@4.5,7.8,83.1,0.0,0,"East Oroville, Okanogan County",330146,East Oroville,2017-12-09 17:31:00.254194
2009-07-03,23:45,73.3,,29.6,19.9,0.0,E@5.8,10.3,83.1,0.0,0,"East Oroville, Okanogan County",330146,East Oroville,2017-12-09 17:31:00.254194
2009-07-03,24:00,73.4,,29.4,19.6,0.0,E@5.0,9.6,83.0,0.0,0,"East Oroville, Okanogan County",330146,East Oroville,2017-12-09 17:31:00.254194
