Date,Time PDT,1.5m Air Temp °F, 1.5m Dew Point °F, 1.5m Rel Hum %, Tot Prec in, Solar Rad W/m², Wind Direction, Wind Speed mph, 2m Wind Gust mph, 1.5m Leaf Wet u., 8 in. Soil Tmp °F,Location,Station ID,Station Name,Download Timestamp
2008-10-30,00:15,46.3,46.3,100.0,0.0,0,NE,0.4,6.7,0.1,76.6,"Nooksack, Everson, Whatcom County",330061,Nooksack,2021-04-15 12:47:04.462400
2008-10-30,00:30,46.8,46.8,100.0,0.0,0,NE,0.0,3.1,0.07,77.0,"Nooksack, Everson, Whatcom County",330061,Nooksack,2021-04-15 12:47:04.462400
2008-10-30,00:45,46.3,46.3,100.0,0.0,0,NE,0.0,1.7,0.08,77.1,"Nooksack, Everson, Whatcom County",330061,Nooksack,2021-04-15 12:47:04.462400
2008-10-30,01:00,45.8,45.8,100.0,0.0,0,N ,0.0,0.0,0.1,77.5,"Nooksack, Everson, Whatcom County",330061,Nooksack,2021-04-15 12:47:04.462400
2008-10-30,01:15,45.9,45.9,100.0,0.0,0,NE,0.0,1.4,0.1,77.2,"Nooksack, Everson, Whatcom County",330061,Nooksack,2021-04-15 12:47:04.462400
2008-10-30,01:30,46.5,46.5,100.0,0.0,0,NE,0.5,10.7,0.06,76.5,"Nooksack, Everson, Whatcom County",330061,Nooksack,2021-04-15 12:47:04.462400
2008-10-30,01:45,47.3,47.3,100.0,0.0,0,NE,6.8,11.7,0.02,77.0,"Nooksack, Everson, Whatcom County",330061,Nooksack,2021-04-15 12:47:04.462400
2008-10-30,02:00,47.2,47.2,100.0,0.0,0,NE,6.3,11.7,0.02,76.2,"Nooksack, Everson, Whatcom County",330061,Nooksack,2021-04-15 12:47:04.462400
2008-10-30,02:15,46.9,46.9,100.0,0.0,0,NE,4.4,12.4,0.02,76.9,"Nooksack, Everson, Whatcom County",330061,Nooksack,2021-04-15 12:47:04.462400
2008-10-30,02:30,46.9,46.9,100.0,0.0,0,NE,6.9,11.4,0.02,76.8,"Nooksack, Everson, Whatcom County",330061,Nooksack,2021-04-15 12:47:04.462400
2008-10-30,02:45,47.1,47.1,100.0,0.0,0,NE,8.0,14.2,0.01,76.6,"Nooksack, Everson, Whatcom County",330061,Nooksack,2021-04-15 12:47:04.462400
2008-10-30,03:00,47.2,47.2,100.0,0.0,0,NE,6.6,13.9,0.01,77.1,"Nooksack, Everson, Whatcom County",330061,Nooksack,2021-04-15 12:47:04.462400
2008-10-30,03:15,46.7,46.7,100.0,0.0,0,NE,4.3,11.4,0.01,76.6,"Nooksack, Everson, Whatcom County",330061,Nooksack,2021-04-15 12:47:04.462400
2008-10-30,03:30,46.8,46.8,100.0,0.0,0,NE,2.4,11.4,0.01,76.4,"Nooksack, Everson, Whatcom County",330061,Nooksack,2021-04-15 12:47:04.462400
2008-10-30,03:45,46.6,46.6,100.0,0.0,0,NE,0.1,7.4,0.01,76.9,"Nooksack, Everson, Whatcom County",330061,Nooksack,2021-04-15 12:47:04.462400
2008-10-30,04:00,47.2,47.2,100.0,0.0,0,NE,5.3,12.4,0.01,76.7,"Nooksack, Everson, Whatcom County",330061,Nooksack,2021-04-15 12:47:04.462400
2008-10-30,04:15,47.8,47.8,100.0,0.0,0,NE,0.6,9.6,0.01,77.0,"Nooksack, Everson, Whatcom County",330061,Nooksack,2021-04-15 12:47:04.462400
2008-10-30,04:30,48.1,48.1,100.0,0.0,0,NE,3.2,9.2,0.01,77.1,"Nooksack, Everson, Whatcom County",330061,Nooksack,2021-04-15 12:47:04.462400
2008-10-30,04:45,47.9,47.9,100.0,0.0,0,NE,2.8,12.4,0.01,76.4,"Nooksack, Everson, Whatcom County",330061,Nooksack,2021-04-15 12:47:04.462400
2008-10-30,05:00,48.3,48.3,100.0,0.0,0,NE,5.5,12.4,0.0,75.9,"Nooksack, Everson, Whatcom County",330061,Nooksack,2021-04-15 12:47:04.462400
2008-10-30,05:15,48.3,48.3,100.0,0.0,0,NE,2.4,12.1,0.0,75.9,"Nooksack, Everson, Whatcom County",330061,Nooksack,2021-04-15 12:47:04.462400
2008-10-30,05:30,48.8,48.8,100.0,0.0,0,NE,9.0,14.6,0.0,76.0,"Nooksack, Everson, Whatcom County",330061,Nooksack,2021-04-15 12:47:04.462400
2008-10-30,05:45,48.9,48.9,100.0,0.0,0,E,2.6,11.7,0.0,75.9,"Nooksack, Everson, Whatcom County",330061,Nooksack,2021-04-15 12:47:04.462400
2008-10-30,06:00,48.8,48.8,100.0,0.0,0,NE,2.8,12.1,0.0,76.1,"Nooksack, Everson, Whatcom County",330061,Nooksack,2021-04-15 12:47:04.462400
2008-10-30,06:15,49.2,49.2,100.0,0.0,0,E,4.5,12.1,0.0,77.1,"Nooksack, Everson, Whatcom County",330061,Nooksack,2021-04-15 12:47:04.462400
2008-10-30,06:30,49.2,49.2,100.0,0.0,0,NE,7.8,15.7,0.0,77.9,"Nooksack, Everson, Whatcom County",330061,Nooksack,2021-04-15 12:47:04.462400
2008-10-30,06:45,49.4,49.4,100.0,0.0,0,E,6.9,15.3,0.0,78.3,"Nooksack, Everson, Whatcom County",330061,Nooksack,2021-04-15 12:47:04.462400
2008-10-30,07:00,49.7,49.7,100.0,0.0,0,E,6.6,15.0,0.0,78.2,"Nooksack, Everson, Whatcom County",330061,Nooksack,2021-04-15 12:47:04.462400
2008-10-30,07:15,49.0,49.0,100.0,0.0,0,N ,0.0,0.0,0.0,78.2,"Nooksack, Everson, Whatcom County",330061,Nooksack,2021-04-15 12:47:04.462400
2008-10-30,07:30,48.9,48.9,100.0,0.0,0,N ,0.0,0.0,0.0,78.4,"Nooksack, Everson, Whatcom County",330061,Nooksack,2021-04-15 12:47:04.462400
2008-10-30,07:45,49.2,49.2,100.0,0.0,0,E,0.1,6.0,0.0,78.4,"Nooksack, Everson, Whatcom County",330061,Nooksack,2021-04-15 12:47:04.462400
2008-10-30,08:00,49.2,49.2,100.0,0.0,1,E,0.2,7.8,0.0,78.4,"Nooksack, Everson, Whatcom County",330061,Nooksack,2021-04-15 12:47:04.462400
2008-10-30,08:15,49.1,49.1,100.0,0.0,4,NE,0.4,9.9,0.0,78.4,"Nooksack, Everson, Whatcom County",330061,Nooksack,2021-04-15 12:47:04.462400
2008-10-30,08:30,49.1,49.1,100.0,0.0,10,NE,1.1,8.5,0.0,78.0,"Nooksack, Everson, Whatcom County",330061,Nooksack,2021-04-15 12:47:04.462400
2008-10-30,08:45,49.0,49.0,100.0,0.0,20,NE,2.9,8.9,0.0,78.0,"Nooksack, Everson, Whatcom County",330061,Nooksack,2021-04-15 12:47:04.462400
2008-10-30,09:00,49.5,49.5,100.0,0.0,24,NE,0.1,7.8,0.0,79.0,"Nooksack, Everson, Whatcom County",330061,Nooksack,2021-04-15 12:47:04.462400
2008-10-30,09:15,49.6,49.6,100.0,0.0,34,NE,0.4,7.4,0.0,78.5,"Nooksack, Everson, Whatcom County",330061,Nooksack,2021-04-15 12:47:04.462400
2008-10-30,09:30,49.9,49.9,100.0,0.0,38,NE,0.0,1.7,0.0,78.4,"Nooksack, Everson, Whatcom County",330061,Nooksack,2021-04-15 12:47:04.462400
2008-10-30,09:45,49.1,49.1,100.0,0.0,49,N ,0.0,0.0,0.0,78.5,"Nooksack, Everson, Whatcom County",330061,Nooksack,2021-04-15 12:47:04.462400
2008-10-30,10:00,48.1,48.1,100.0,0.0,72,N ,0.0,0.0,0.0,78.8,"Nooksack, Everson, Whatcom County",330061,Nooksack,2021-04-15 12:47:04.462400
2008-10-30,10:15,48.1,48.1,100.0,0.0,77,SW,0.3,5.3,0.0,78.3,"Nooksack, Everson, Whatcom County",330061,Nooksack,2021-04-15 12:47:04.462400
2008-10-30,10:30,48.6,48.6,100.0,0.0,85,S,0.0,1.4,0.0,78.2,"Nooksack, Everson, Whatcom County",330061,Nooksack,2021-04-15 12:47:04.462400
2008-10-30,10:45,49.3,49.3,100.0,0.0,106,N ,0.0,0.0,0.0,78.1,"Nooksack, Everson, Whatcom County",330061,Nooksack,2021-04-15 12:47:04.462400
2008-10-30,11:00,49.4,49.4,100.0,0.0,117,S,0.0,3.5,0.0,78.3,"Nooksack, Everson, Whatcom County",330061,Nooksack,2021-04-15 12:47:04.462400
2008-10-30,11:15,49.9,49.9,100.0,0.0,137,N ,0.0,0.0,0.0,78.1,"Nooksack, Everson, Whatcom County",330061,Nooksack,2021-04-15 12:47:04.462400
2008-10-30,11:30,50.1,50.1,100.0,0.0,115,N ,0.0,0.0,0.0,78.3,"Nooksack, Everson, Whatcom County",330061,Nooksack,2021-04-15 12:47:04.462400
2008-10-30,11:45,50.5,50.5,100.0,0.0,105,N ,0.0,0.0,0.0,78.1,"Nooksack, Everson, Whatcom County",330061,Nooksack,2021-04-15 12:47:04.462400
2008-10-30,12:00,51.0,51.0,100.0,0.0,133,N ,0.0,0.0,0.0,78.3,"Nooksack, Everson, Whatcom County",330061,Nooksack,2021-04-15 12:47:04.462400
2008-10-30,12:15,50.8,50.8,100.0,0.0,109,N ,0.0,0.0,0.0,78.4,"Nooksack, Everson, Whatcom County",330061,Nooksack,2021-04-15 12:47:04.462400
2008-10-30,12:30,50.8,50.8,100.0,0.0,63,N ,0.0,0.0,0.0,78.4,"Nooksack, Everson, Whatcom County",330061,Nooksack,2021-04-15 12:47:04.462400
2008-10-30,12:45,51.4,51.4,100.0,0.0,79,N ,0.0,0.0,0.0,78.4,"Nooksack, Everson, Whatcom County",330061,Nooksack,2021-04-15 12:47:04.462400
2008-10-30,13:00,52.2,52.2,100.0,0.0,56,N ,0.0,0.0,0.0,78.5,"Nooksack, Everson, Whatcom County",330061,Nooksack,2021-04-15 12:47:04.462400
2008-10-30,13:15,51.8,51.8,100.0,0.0,84,N ,0.0,0.0,0.09,78.5,"Nooksack, Everson, Whatcom County",330061,Nooksack,2021-04-15 12:47:04.462400
2008-10-30,13:30,52.7,52.7,100.0,0.0,96,N ,0.0,0.0,0.01,78.5,"Nooksack, Everson, Whatcom County",330061,Nooksack,2021-04-15 12:47:04.462400
2008-10-30,13:45,52.6,52.6,100.0,0.0,99,N ,0.0,0.0,0.01,78.5,"Nooksack, Everson, Whatcom County",330061,Nooksack,2021-04-15 12:47:04.462400
2008-10-30,14:00,52.3,52.3,100.0,0.0,91,N ,0.0,0.0,0.03,78.5,"Nooksack, Everson, Whatcom County",330061,Nooksack,2021-04-15 12:47:04.462400
2008-10-30,14:15,53.0,53.0,100.0,0.0,78,N ,0.0,0.0,0.56,78.5,"Nooksack, Everson, Whatcom County",330061,Nooksack,2021-04-15 12:47:04.462400
2008-10-30,14:30,52.9,52.9,100.0,0.0,61,N ,0.0,0.0,0.92,78.6,"Nooksack, Everson, Whatcom County",330061,Nooksack,2021-04-15 12:47:04.462400
2008-10-30,14:45,52.6,52.6,100.0,0.0,47,N ,0.0,0.0,1.0,78.5,"Nooksack, Everson, Whatcom County",330061,Nooksack,2021-04-15 12:47:04.462400
2008-10-30,15:00,52.3,52.3,100.0,0.0,54,N ,0.0,0.0,1.0,78.4,"Nooksack, Everson, Whatcom County",330061,Nooksack,2021-04-15 12:47:04.462400
2008-10-30,15:15,51.9,51.9,100.0,0.01,51,N ,0.0,0.0,1.0,78.5,"Nooksack, Everson, Whatcom County",330061,Nooksack,2021-04-15 12:47:04.462400
2008-10-30,15:30,52.1,52.1,100.0,0.0,40,N ,0.0,0.0,1.0,78.5,"Nooksack, Everson, Whatcom County",330061,Nooksack,2021-04-15 12:47:04.462400
2008-10-30,15:45,51.6,51.6,100.0,0.0,33,NE,0.1,5.3,1.0,78.4,"Nooksack, Everson, Whatcom County",330061,Nooksack,2021-04-15 12:47:04.462400
2008-10-30,16:00,51.3,51.3,100.0,0.0,32,NE,0.0,1.4,1.0,78.2,"Nooksack, Everson, Whatcom County",330061,Nooksack,2021-04-15 12:47:04.462400
2008-10-30,16:15,51.3,51.3,100.0,0.0,32,NE,0.0,1.4,1.0,78.4,"Nooksack, Everson, Whatcom County",330061,Nooksack,2021-04-15 12:47:04.462400
2008-10-30,16:30,51.3,51.3,100.0,0.0,25,N ,0.0,0.0,1.0,78.4,"Nooksack, Everson, Whatcom County",330061,Nooksack,2021-04-15 12:47:04.462400
2008-10-30,16:45,50.7,50.7,100.0,0.0,15,NE,1.7,11.4,1.0,78.5,"Nooksack, Everson, Whatcom County",330061,Nooksack,2021-04-15 12:47:04.462400
2008-10-30,17:00,50.8,50.8,100.0,0.01,12,NE,6.4,15.3,0.99,78.3,"Nooksack, Everson, Whatcom County",330061,Nooksack,2021-04-15 12:47:04.462400
2008-10-30,17:15,50.4,50.4,100.0,0.0,9,NE,11.2,17.1,0.95,78.9,"Nooksack, Everson, Whatcom County",330061,Nooksack,2021-04-15 12:47:04.462400
2008-10-30,17:30,50.0,50.1,100.0,0.0,7,E,13.0,17.8,0.95,78.5,"Nooksack, Everson, Whatcom County",330061,Nooksack,2021-04-15 12:47:04.462400
2008-10-30,17:45,50.4,50.4,100.0,0.0,2,NE,10.0,17.1,0.93,78.9,"Nooksack, Everson, Whatcom County",330061,Nooksack,2021-04-15 12:47:04.462400
2008-10-30,18:00,50.4,50.4,100.0,0.0,0,NE,4.1,13.2,0.93,79.1,"Nooksack, Everson, Whatcom County",330061,Nooksack,2021-04-15 12:47:04.462400
2008-10-30,18:15,50.8,50.8,100.0,0.0,0,NE,9.6,17.1,0.94,80.4,"Nooksack, Everson, Whatcom County",330061,Nooksack,2021-04-15 12:47:04.462400
2008-10-30,18:30,50.8,50.8,100.0,0.0,0,NE,9.1,17.8,1.0,80.0,"Nooksack, Everson, Whatcom County",330061,Nooksack,2021-04-15 12:47:04.462400
2008-10-30,18:45,50.9,50.9,100.0,0.0,0,NE,11.3,19.6,0.99,79.8,"Nooksack, Everson, Whatcom County",330061,Nooksack,2021-04-15 12:47:04.462400
2008-10-30,19:00,50.9,50.9,100.0,0.0,0,NE,14.4,21.4,0.94,79.2,"Nooksack, Everson, Whatcom County",330061,Nooksack,2021-04-15 12:47:04.462400
2008-10-30,19:15,51.3,51.3,100.0,0.0,0,NE,17.1,22.1,0.94,79.0,"Nooksack, Everson, Whatcom County",330061,Nooksack,2021-04-15 12:47:04.462400
2008-10-30,19:30,51.4,51.4,100.0,0.0,0,NE,16.4,23.2,0.93,78.8,"Nooksack, Everson, Whatcom County",330061,Nooksack,2021-04-15 12:47:04.462400
2008-10-30,19:45,51.8,51.8,100.0,0.0,0,NE,16.6,21.8,0.9,78.9,"Nooksack, Everson, Whatcom County",330061,Nooksack,2021-04-15 12:47:04.462400
2008-10-30,20:00,51.8,51.8,100.0,0.0,0,NE,16.2,22.5,0.73,79.0,"Nooksack, Everson, Whatcom County",330061,Nooksack,2021-04-15 12:47:04.462400
2008-10-30,20:15,51.9,51.9,100.0,0.0,0,NE,15.2,20.7,0.23,79.3,"Nooksack, Everson, Whatcom County",330061,Nooksack,2021-04-15 12:47:04.462400
2008-10-30,20:30,52.5,52.5,100.0,0.0,0,NE,13.8,19.2,0.11,78.8,"Nooksack, Everson, Whatcom County",330061,Nooksack,2021-04-15 12:47:04.462400
2008-10-30,20:45,53.1,53.1,100.0,0.0,0,NE,11.1,18.5,0.57,78.6,"Nooksack, Everson, Whatcom County",330061,Nooksack,2021-04-15 12:47:04.462400
2008-10-30,21:00,52.8,52.8,100.0,0.0,0,NE,9.9,18.9,0.89,78.8,"Nooksack, Everson, Whatcom County",330061,Nooksack,2021-04-15 12:47:04.462400
2008-10-30,21:15,52.1,52.1,100.0,0.0,0,NE,12.2,16.4,0.93,78.6,"Nooksack, Everson, Whatcom County",330061,Nooksack,2021-04-15 12:47:04.462400
2008-10-30,21:30,52.2,52.2,100.0,0.01,0,NE,12.4,17.1,0.94,78.5,"Nooksack, Everson, Whatcom County",330061,Nooksack,2021-04-15 12:47:04.462400
2008-10-30,21:45,52.1,52.1,100.0,0.0,0,NE,11.2,16.4,0.93,78.5,"Nooksack, Everson, Whatcom County",330061,Nooksack,2021-04-15 12:47:04.462400
2008-10-30,22:00,52.4,52.4,100.0,0.0,0,NE,12.5,16.7,0.92,78.8,"Nooksack, Everson, Whatcom County",330061,Nooksack,2021-04-15 12:47:04.462400
2008-10-30,22:15,52.9,52.9,100.0,0.0,0,NE,13.8,21.8,0.89,79.7,"Nooksack, Everson, Whatcom County",330061,Nooksack,2021-04-15 12:47:04.462400
2008-10-30,22:30,52.9,52.9,100.0,0.0,0,NE,13.8,18.9,0.87,79.5,"Nooksack, Everson, Whatcom County",330061,Nooksack,2021-04-15 12:47:04.462400
2008-10-30,22:45,52.6,52.6,100.0,0.0,0,NE,14.7,19.6,0.83,79.2,"Nooksack, Everson, Whatcom County",330061,Nooksack,2021-04-15 12:47:04.462400
2008-10-30,23:00,52.8,52.8,100.0,0.0,0,NE,13.5,18.2,0.46,79.2,"Nooksack, Everson, Whatcom County",330061,Nooksack,2021-04-15 12:47:04.462400
2008-10-30,23:15,52.9,52.9,100.0,0.0,0,NE,13.4,19.2,0.03,79.2,"Nooksack, Everson, Whatcom County",330061,Nooksack,2021-04-15 12:47:04.462400
2008-10-30,23:30,53.0,53.0,100.0,0.0,0,NE,14.2,21.4,0.02,79.2,"Nooksack, Everson, Whatcom County",330061,Nooksack,2021-04-15 12:47:04.462400
2008-10-30,23:45,52.8,52.8,100.0,0.0,0,NE,15.1,20.7,0.73,79.4,"Nooksack, Everson, Whatcom County",330061,Nooksack,2021-04-15 12:47:04.462400
2008-10-30,24:00,52.5,52.5,100.0,0.0,0,NE,12.9,17.5,0.94,79.3,"Nooksack, Everson, Whatcom County",330061,Nooksack,2021-04-15 12:47:04.462400
2008-10-31,00:15,52.5,52.5,100.0,0.0,0,NE,13.3,17.8,0.95,79.3,"Nooksack, Everson, Whatcom County",330061,Nooksack,2021-04-15 12:47:04.462400
2008-10-31,00:30,52.1,52.1,100.0,0.0,0,NE,13.2,18.5,0.96,79.2,"Nooksack, Everson, Whatcom County",330061,Nooksack,2021-04-15 12:47:04.462400
2008-10-31,00:45,52.5,52.5,100.0,0.0,0,NE,11.8,17.8,0.95,79.2,"Nooksack, Everson, Whatcom County",330061,Nooksack,2021-04-15 12:47:04.462400
2008-10-31,01:00,52.5,52.5,100.0,0.01,0,NE,12.6,16.7,0.95,79.3,"Nooksack, Everson, Whatcom County",330061,Nooksack,2021-04-15 12:47:04.462400
2008-10-31,01:15,52.5,52.5,100.0,0.0,0,NE,15.0,19.6,0.95,79.4,"Nooksack, Everson, Whatcom County",330061,Nooksack,2021-04-15 12:47:04.462400
2008-10-31,01:30,52.5,52.5,100.0,0.0,0,NE,14.5,20.7,0.94,79.3,"Nooksack, Everson, Whatcom County",330061,Nooksack,2021-04-15 12:47:04.462400
2008-10-31,01:45,52.1,52.1,100.0,0.0,0,NE,11.3,18.5,0.94,79.2,"Nooksack, Everson, Whatcom County",330061,Nooksack,2021-04-15 12:47:04.462400
2008-10-31,02:00,52.1,52.1,100.0,0.0,0,NE,13.1,17.5,0.94,79.1,"Nooksack, Everson, Whatcom County",330061,Nooksack,2021-04-15 12:47:04.462400
2008-10-31,02:15,52.1,52.1,100.0,0.0,0,NE,8.7,16.0,0.94,78.3,"Nooksack, Everson, Whatcom County",330061,Nooksack,2021-04-15 12:47:04.462400
2008-10-31,02:30,52.4,52.4,100.0,0.0,0,NE,8.5,14.6,0.93,78.4,"Nooksack, Everson, Whatcom County",330061,Nooksack,2021-04-15 12:47:04.462400
2008-10-31,02:45,52.0,52.0,100.0,0.0,0,E,7.2,15.7,0.91,77.9,"Nooksack, Everson, Whatcom County",330061,Nooksack,2021-04-15 12:47:04.462400
2008-10-31,03:00,52.6,52.6,100.0,0.0,0,NE,12.2,18.9,0.85,78.1,"Nooksack, Everson, Whatcom County",330061,Nooksack,2021-04-15 12:47:04.462400
2008-10-31,03:15,52.9,52.9,100.0,0.0,0,NE,11.6,16.4,0.64,78.1,"Nooksack, Everson, Whatcom County",330061,Nooksack,2021-04-15 12:47:04.462400
2008-10-31,03:30,53.1,53.1,100.0,0.0,0,NE,10.7,16.0,0.19,78.0,"Nooksack, Everson, Whatcom County",330061,Nooksack,2021-04-15 12:47:04.462400
2008-10-31,03:45,53.5,53.5,100.0,0.0,0,NE,12.8,18.5,0.01,78.0,"Nooksack, Everson, Whatcom County",330061,Nooksack,2021-04-15 12:47:04.462400
2008-10-31,04:00,53.9,53.9,100.0,0.0,0,NE,11.3,15.7,0.0,78.7,"Nooksack, Everson, Whatcom County",330061,Nooksack,2021-04-15 12:47:04.462400
2008-10-31,04:15,54.0,54.0,100.0,0.0,0,NE,11.7,19.2,0.0,78.7,"Nooksack, Everson, Whatcom County",330061,Nooksack,2021-04-15 12:47:04.462400
2008-10-31,04:30,55.0,55.0,100.0,0.0,0,NE,13.0,21.0,0.0,78.8,"Nooksack, Everson, Whatcom County",330061,Nooksack,2021-04-15 12:47:04.462400
2008-10-31,04:45,55.1,55.1,100.0,0.0,0,NE,14.9,24.6,0.0,78.8,"Nooksack, Everson, Whatcom County",330061,Nooksack,2021-04-15 12:47:04.462400
2008-10-31,05:00,54.4,54.4,100.0,0.0,0,NE,9.1,15.3,0.0,78.5,"Nooksack, Everson, Whatcom County",330061,Nooksack,2021-04-15 12:47:04.462400
2008-10-31,05:15,54.8,54.8,100.0,0.0,0,NE,13.0,17.5,0.0,78.4,"Nooksack, Everson, Whatcom County",330061,Nooksack,2021-04-15 12:47:04.462400
2008-10-31,05:30,54.4,54.4,100.0,0.0,0,NE,11.4,17.8,0.0,78.2,"Nooksack, Everson, Whatcom County",330061,Nooksack,2021-04-15 12:47:04.462400
2008-10-31,05:45,54.0,54.0,100.0,0.0,0,NE,10.4,17.5,0.0,78.0,"Nooksack, Everson, Whatcom County",330061,Nooksack,2021-04-15 12:47:04.462400
2008-10-31,06:00,53.9,53.9,100.0,0.0,0,E,2.1,10.3,0.0,78.1,"Nooksack, Everson, Whatcom County",330061,Nooksack,2021-04-15 12:47:04.462400
2008-10-31,06:15,54.0,54.0,100.0,0.0,0,E,0.1,3.5,0.0,78.4,"Nooksack, Everson, Whatcom County",330061,Nooksack,2021-04-15 12:47:04.462400
2008-10-31,06:30,54.0,54.0,100.0,0.0,0,N ,0.0,0.0,0.0,78.4,"Nooksack, Everson, Whatcom County",330061,Nooksack,2021-04-15 12:47:04.462400
2008-10-31,06:45,54.3,54.3,100.0,0.0,0,N ,0.0,0.0,0.02,78.4,"Nooksack, Everson, Whatcom County",330061,Nooksack,2021-04-15 12:47:04.462400
2008-10-31,07:00,54.7,54.7,100.0,0.0,0,N ,0.0,0.0,0.14,78.2,"Nooksack, Everson, Whatcom County",330061,Nooksack,2021-04-15 12:47:04.462400
2008-10-31,07:15,53.8,53.8,100.0,0.0,0,N ,0.0,0.0,0.59,78.3,"Nooksack, Everson, Whatcom County",330061,Nooksack,2021-04-15 12:47:04.462400
2008-10-31,07:30,52.9,52.9,100.0,0.0,0,N ,0.0,0.0,0.84,78.3,"Nooksack, Everson, Whatcom County",330061,Nooksack,2021-04-15 12:47:04.462400
2008-10-31,07:45,52.5,52.5,100.0,0.0,0,N ,0.0,0.0,0.88,78.5,"Nooksack, Everson, Whatcom County",330061,Nooksack,2021-04-15 12:47:04.462400
2008-10-31,08:00,52.0,52.0,100.0,0.0,0,N ,0.0,0.0,0.91,78.9,"Nooksack, Everson, Whatcom County",330061,Nooksack,2021-04-15 12:47:04.462400
2008-10-31,08:15,52.0,52.0,100.0,0.0,1,N ,0.0,0.0,0.92,78.8,"Nooksack, Everson, Whatcom County",330061,Nooksack,2021-04-15 12:47:04.462400
2008-10-31,08:30,52.4,52.4,100.0,0.0,3,N ,0.0,0.0,0.93,78.8,"Nooksack, Everson, Whatcom County",330061,Nooksack,2021-04-15 12:47:04.462400
2008-10-31,08:45,52.6,52.6,100.0,0.0,12,N ,0.0,0.0,0.96,78.8,"Nooksack, Everson, Whatcom County",330061,Nooksack,2021-04-15 12:47:04.462400
2008-10-31,09:00,53.0,53.0,100.0,0.01,19,N ,0.0,0.0,1.0,78.8,"Nooksack, Everson, Whatcom County",330061,Nooksack,2021-04-15 12:47:04.462400
2008-10-31,09:15,53.0,53.0,100.0,0.0,17,N ,0.0,0.0,1.0,78.7,"Nooksack, Everson, Whatcom County",330061,Nooksack,2021-04-15 12:47:04.462400
2008-10-31,09:30,53.0,53.0,100.0,0.0,18,N ,0.0,0.0,1.0,78.7,"Nooksack, Everson, Whatcom County",330061,Nooksack,2021-04-15 12:47:04.462400
2008-10-31,09:45,52.6,52.6,100.0,0.0,16,N ,0.0,0.0,1.0,78.5,"Nooksack, Everson, Whatcom County",330061,Nooksack,2021-04-15 12:47:04.462400
2008-10-31,10:00,52.5,52.5,100.0,0.0,34,N ,0.0,0.0,1.0,78.7,"Nooksack, Everson, Whatcom County",330061,Nooksack,2021-04-15 12:47:04.462400
2008-10-31,10:15,52.5,52.5,100.0,0.0,37,N ,0.0,0.0,1.0,78.8,"Nooksack, Everson, Whatcom County",330061,Nooksack,2021-04-15 12:47:04.462400
2008-10-31,10:30,52.5,52.5,100.0,0.0,16,N ,0.0,0.0,0.95,78.8,"Nooksack, Everson, Whatcom County",330061,Nooksack,2021-04-15 12:47:04.462400
2008-10-31,10:45,52.2,52.2,100.0,0.01,21,N ,0.0,0.0,0.94,78.7,"Nooksack, Everson, Whatcom County",330061,Nooksack,2021-04-15 12:47:04.462400
2008-10-31,11:00,52.1,52.1,100.0,0.02,20,N ,0.0,0.0,0.94,78.7,"Nooksack, Everson, Whatcom County",330061,Nooksack,2021-04-15 12:47:04.462400
2008-10-31,11:15,52.1,52.1,100.0,0.02,23,N ,0.0,0.0,0.95,78.7,"Nooksack, Everson, Whatcom County",330061,Nooksack,2021-04-15 12:47:04.462400
2008-10-31,11:30,52.1,52.1,100.0,0.02,20,N ,0.0,0.0,1.0,78.8,"Nooksack, Everson, Whatcom County",330061,Nooksack,2021-04-15 12:47:04.462400
2008-10-31,11:45,52.1,52.1,100.0,0.03,27,N ,0.0,0.0,0.98,78.7,"Nooksack, Everson, Whatcom County",330061,Nooksack,2021-04-15 12:47:04.462400
2008-10-31,12:00,52.0,52.0,100.0,0.03,33,N ,0.0,0.0,0.94,78.6,"Nooksack, Everson, Whatcom County",330061,Nooksack,2021-04-15 12:47:04.462400
2008-10-31,12:15,52.1,52.1,100.0,0.03,26,N ,0.0,0.0,0.94,78.6,"Nooksack, Everson, Whatcom County",330061,Nooksack,2021-04-15 12:47:04.462400
2008-10-31,12:30,52.2,52.2,100.0,0.04,26,N ,0.0,0.0,0.94,78.5,"Nooksack, Everson, Whatcom County",330061,Nooksack,2021-04-15 12:47:04.462400
2008-10-31,12:45,52.8,52.8,100.0,0.03,30,N ,0.0,0.0,0.94,78.8,"Nooksack, Everson, Whatcom County",330061,Nooksack,2021-04-15 12:47:04.462400
2008-10-31,13:00,53.0,53.0,100.0,0.02,30,N ,0.0,0.0,0.93,78.8,"Nooksack, Everson, Whatcom County",330061,Nooksack,2021-04-15 12:47:04.462400
2008-10-31,13:15,53.1,53.1,100.0,0.01,45,N ,0.0,0.0,0.92,78.7,"Nooksack, Everson, Whatcom County",330061,Nooksack,2021-04-15 12:47:04.462400
2008-10-31,13:30,54.1,54.1,100.0,0.01,63,SW,0.0,1.4,0.92,78.8,"Nooksack, Everson, Whatcom County",330061,Nooksack,2021-04-15 12:47:04.462400
2008-10-31,13:45,55.7,55.7,100.0,0.0,62,S,3.1,8.9,0.91,78.8,"Nooksack, Everson, Whatcom County",330061,Nooksack,2021-04-15 12:47:04.462400
2008-10-31,14:00,55.0,55.0,100.0,0.01,47,N ,0.0,0.0,0.92,78.7,"Nooksack, Everson, Whatcom County",330061,Nooksack,2021-04-15 12:47:04.462400
2008-10-31,14:15,54.1,54.1,100.0,0.0,49,N ,0.0,0.0,0.93,78.5,"Nooksack, Everson, Whatcom County",330061,Nooksack,2021-04-15 12:47:04.462400
2008-10-31,14:30,54.5,54.5,100.0,0.0,51,N ,0.0,0.0,0.93,78.6,"Nooksack, Everson, Whatcom County",330061,Nooksack,2021-04-15 12:47:04.462400
2008-10-31,14:45,55.1,55.1,100.0,0.01,56,N ,0.0,0.0,0.93,78.5,"Nooksack, Everson, Whatcom County",330061,Nooksack,2021-04-15 12:47:04.462400
2008-10-31,15:00,55.3,55.3,100.0,0.0,61,N ,0.0,0.0,0.92,78.5,"Nooksack, Everson, Whatcom County",330061,Nooksack,2021-04-15 12:47:04.462400
2008-10-31,15:15,55.3,55.3,100.0,0.0,62,N ,0.0,0.0,0.93,78.7,"Nooksack, Everson, Whatcom County",330061,Nooksack,2021-04-15 12:47:04.462400
2008-10-31,15:30,55.2,55.2,100.0,0.0,58,N ,0.0,0.0,0.93,78.8,"Nooksack, Everson, Whatcom County",330061,Nooksack,2021-04-15 12:47:04.462400
2008-10-31,15:45,55.3,55.3,100.0,0.0,50,N ,0.0,0.0,0.93,78.8,"Nooksack, Everson, Whatcom County",330061,Nooksack,2021-04-15 12:47:04.462400
2008-10-31,16:00,54.8,54.8,100.0,0.0,51,N ,0.0,0.0,0.93,79.0,"Nooksack, Everson, Whatcom County",330061,Nooksack,2021-04-15 12:47:04.462400
2008-10-31,16:15,54.7,54.7,100.0,0.01,38,N ,0.0,0.0,0.94,79.1,"Nooksack, Everson, Whatcom County",330061,Nooksack,2021-04-15 12:47:04.462400
2008-10-31,16:30,54.3,54.3,100.0,0.0,39,NE,0.0,1.4,0.93,79.0,"Nooksack, Everson, Whatcom County",330061,Nooksack,2021-04-15 12:47:04.462400
2008-10-31,16:45,54.3,54.3,100.0,0.0,24,N ,0.0,0.0,0.93,79.4,"Nooksack, Everson, Whatcom County",330061,Nooksack,2021-04-15 12:47:04.462400
2008-10-31,17:00,54.1,54.1,100.0,0.0,15,NE,0.8,6.0,0.93,79.5,"Nooksack, Everson, Whatcom County",330061,Nooksack,2021-04-15 12:47:04.462400
2008-10-31,17:15,53.9,53.9,100.0,0.0,13,N ,0.0,0.0,0.93,79.2,"Nooksack, Everson, Whatcom County",330061,Nooksack,2021-04-15 12:47:04.462400
2008-10-31,17:30,53.9,53.9,100.0,0.0,7,N ,0.0,0.0,0.93,79.3,"Nooksack, Everson, Whatcom County",330061,Nooksack,2021-04-15 12:47:04.462400
2008-10-31,17:45,53.9,53.9,100.0,0.0,3,N ,0.0,0.0,0.93,79.3,"Nooksack, Everson, Whatcom County",330061,Nooksack,2021-04-15 12:47:04.462400
2008-10-31,18:00,53.9,53.9,100.0,0.0,0,N ,0.0,0.0,0.93,79.3,"Nooksack, Everson, Whatcom County",330061,Nooksack,2021-04-15 12:47:04.462400
2008-10-31,18:15,53.6,53.6,100.0,0.01,0,N ,0.0,0.0,0.93,79.4,"Nooksack, Everson, Whatcom County",330061,Nooksack,2021-04-15 12:47:04.462400
2008-10-31,18:30,53.5,53.5,100.0,0.0,0,NE,0.8,5.7,0.93,79.3,"Nooksack, Everson, Whatcom County",330061,Nooksack,2021-04-15 12:47:04.462400
2008-10-31,18:45,53.4,53.4,100.0,0.0,0,NE,2.5,9.2,0.93,79.2,"Nooksack, Everson, Whatcom County",330061,Nooksack,2021-04-15 12:47:04.462400
2008-10-31,19:00,53.4,53.4,100.0,0.0,0,NE,0.0,1.4,0.92,79.2,"Nooksack, Everson, Whatcom County",330061,Nooksack,2021-04-15 12:47:04.462400
2008-10-31,19:15,53.1,53.1,100.0,0.0,0,N ,0.0,0.0,0.92,79.2,"Nooksack, Everson, Whatcom County",330061,Nooksack,2021-04-15 12:47:04.462400
2008-10-31,19:30,53.1,53.1,100.0,0.0,0,NE,2.4,8.9,0.92,79.3,"Nooksack, Everson, Whatcom County",330061,Nooksack,2021-04-15 12:47:04.462400
2008-10-31,19:45,52.8,52.8,100.0,0.0,0,NE,1.2,7.4,0.92,79.3,"Nooksack, Everson, Whatcom County",330061,Nooksack,2021-04-15 12:47:04.462400
2008-10-31,20:00,52.6,52.6,100.0,0.0,0,E,0.0,1.4,0.93,79.3,"Nooksack, Everson, Whatcom County",330061,Nooksack,2021-04-15 12:47:04.462400
2008-10-31,20:15,51.7,51.7,100.0,0.0,0,N ,0.0,0.0,0.93,79.3,"Nooksack, Everson, Whatcom County",330061,Nooksack,2021-04-15 12:47:04.462400
2008-10-31,20:30,51.9,51.9,100.0,0.0,0,N ,0.0,0.0,0.93,79.2,"Nooksack, Everson, Whatcom County",330061,Nooksack,2021-04-15 12:47:04.462400
2008-10-31,20:45,52.0,52.0,100.0,0.0,0,N ,0.0,0.0,0.93,79.2,"Nooksack, Everson, Whatcom County",330061,Nooksack,2021-04-15 12:47:04.462400
2008-10-31,21:00,52.0,52.0,100.0,0.0,0,NE,2.1,8.9,0.94,79.3,"Nooksack, Everson, Whatcom County",330061,Nooksack,2021-04-15 12:47:04.462400
2008-10-31,21:15,52.0,52.0,100.0,0.0,0,NE,1.8,9.2,0.94,79.3,"Nooksack, Everson, Whatcom County",330061,Nooksack,2021-04-15 12:47:04.462400
2008-10-31,21:30,52.0,52.0,100.0,0.0,0,NE,0.1,4.6,0.94,79.5,"Nooksack, Everson, Whatcom County",330061,Nooksack,2021-04-15 12:47:04.462400
2008-10-31,21:45,51.8,51.8,100.0,0.0,0,NE,5.7,9.9,0.94,79.5,"Nooksack, Everson, Whatcom County",330061,Nooksack,2021-04-15 12:47:04.462400
2008-10-31,22:00,51.5,51.5,100.0,0.0,0,NE,6.7,10.7,0.94,79.7,"Nooksack, Everson, Whatcom County",330061,Nooksack,2021-04-15 12:47:04.462400
2008-10-31,22:15,51.3,51.3,100.0,0.0,0,NE,7.0,12.1,0.95,79.6,"Nooksack, Everson, Whatcom County",330061,Nooksack,2021-04-15 12:47:04.462400
2008-10-31,22:30,51.3,51.3,100.0,0.0,0,NE,8.5,11.4,0.95,79.7,"Nooksack, Everson, Whatcom County",330061,Nooksack,2021-04-15 12:47:04.462400
2008-10-31,22:45,51.1,51.1,100.0,0.0,0,NE,7.9,10.7,0.95,79.5,"Nooksack, Everson, Whatcom County",330061,Nooksack,2021-04-15 12:47:04.462400
2008-10-31,23:00,50.8,50.8,100.0,0.01,0,NE,7.5,10.7,0.95,79.7,"Nooksack, Everson, Whatcom County",330061,Nooksack,2021-04-15 12:47:04.462400
2008-10-31,23:15,50.4,50.4,100.0,0.0,0,NE,7.1,12.1,0.95,79.7,"Nooksack, Everson, Whatcom County",330061,Nooksack,2021-04-15 12:47:04.462400
2008-10-31,23:30,50.0,50.0,100.0,0.0,0,NE,7.6,12.8,0.95,79.7,"Nooksack, Everson, Whatcom County",330061,Nooksack,2021-04-15 12:47:04.462400
2008-10-31,23:45,49.6,49.6,100.0,0.0,0,NE,9.0,12.8,0.95,79.5,"Nooksack, Everson, Whatcom County",330061,Nooksack,2021-04-15 12:47:04.462400
2008-10-31,24:00,49.3,49.3,100.0,0.0,0,NE,8.3,12.1,0.94,79.3,"Nooksack, Everson, Whatcom County",330061,Nooksack,2021-04-15 12:47:04.462400
2008-11-01,00:15,48.8,48.8,100.0,0.0,0,NE,8.7,11.7,0.94,79.2,"Nooksack, Everson, Whatcom County",330061,Nooksack,2021-04-15 12:47:04.462400
2008-11-01,00:30,49.0,49.0,100.0,0.0,0,NE,6.7,12.4,0.94,79.5,"Nooksack, Everson, Whatcom County",330061,Nooksack,2021-04-15 12:47:04.462400
2008-11-01,00:45,49.0,49.0,100.0,0.0,0,NE,8.6,12.8,0.94,79.7,"Nooksack, Everson, Whatcom County",330061,Nooksack,2021-04-15 12:47:04.462400
2008-11-01,01:00,49.0,49.0,100.0,0.0,0,NE,3.8,11.7,0.94,79.7,"Nooksack, Everson, Whatcom County",330061,Nooksack,2021-04-15 12:47:04.462400
2008-11-01,01:15,49.2,49.2,100.0,0.0,0,NE,10.6,14.6,0.94,79.6,"Nooksack, Everson, Whatcom County",330061,Nooksack,2021-04-15 12:47:04.462400
2008-11-01,01:30,49.1,49.1,100.0,0.0,0,NE,4.6,12.4,0.93,79.9,"Nooksack, Everson, Whatcom County",330061,Nooksack,2021-04-15 12:47:04.462400
2008-11-01,01:45,48.5,48.5,100.0,0.0,0,NE,3.8,11.4,0.93,79.8,"Nooksack, Everson, Whatcom County",330061,Nooksack,2021-04-15 12:47:04.462400
2008-11-01,02:00,48.5,48.5,100.0,0.0,0,NE,4.0,11.4,0.93,79.9,"Nooksack, Everson, Whatcom County",330061,Nooksack,2021-04-15 12:47:04.462400
2008-11-01,02:15,48.9,48.9,100.0,0.0,0,NE,5.9,12.1,0.93,79.8,"Nooksack, Everson, Whatcom County",330061,Nooksack,2021-04-15 12:47:04.462400
2008-11-01,02:30,49.1,49.1,100.0,0.0,0,NE,6.8,11.0,0.93,79.8,"Nooksack, Everson, Whatcom County",330061,Nooksack,2021-04-15 12:47:04.462400
2008-11-01,02:45,49.7,49.7,100.0,0.0,0,NE,11.8,16.0,0.93,79.6,"Nooksack, Everson, Whatcom County",330061,Nooksack,2021-04-15 12:47:04.462400
2008-11-01,03:00,50.1,50.1,100.0,0.0,0,NE,11.0,17.5,0.92,79.5,"Nooksack, Everson, Whatcom County",330061,Nooksack,2021-04-15 12:47:04.462400
2008-11-01,03:15,49.9,49.9,100.0,0.0,0,NE,11.4,14.6,0.9,79.4,"Nooksack, Everson, Whatcom County",330061,Nooksack,2021-04-15 12:47:04.462400
2008-11-01,03:30,49.9,49.9,100.0,0.0,0,NE,11.6,15.0,0.88,79.5,"Nooksack, Everson, Whatcom County",330061,Nooksack,2021-04-15 12:47:04.462400
2008-11-01,03:45,50.0,50.0,100.0,0.0,0,NE,11.7,16.7,0.86,79.6,"Nooksack, Everson, Whatcom County",330061,Nooksack,2021-04-15 12:47:04.462400
2008-11-01,04:00,50.6,50.6,100.0,0.0,0,NE,12.4,16.4,0.8,79.9,"Nooksack, Everson, Whatcom County",330061,Nooksack,2021-04-15 12:47:04.462400
2008-11-01,04:15,50.8,50.8,100.0,0.0,0,NE,14.3,20.7,0.64,79.7,"Nooksack, Everson, Whatcom County",330061,Nooksack,2021-04-15 12:47:04.462400
2008-11-01,04:30,51.0,51.0,100.0,0.0,0,NE,15.3,21.4,0.23,79.6,"Nooksack, Everson, Whatcom County",330061,Nooksack,2021-04-15 12:47:04.462400
2008-11-01,04:45,51.5,51.5,100.0,0.0,0,NE,16.1,21.4,0.01,79.6,"Nooksack, Everson, Whatcom County",330061,Nooksack,2021-04-15 12:47:04.462400
2008-11-01,05:00,51.7,51.7,100.0,0.0,0,NE,14.1,18.9,0.0,79.7,"Nooksack, Everson, Whatcom County",330061,Nooksack,2021-04-15 12:47:04.462400
2008-11-01,05:15,51.7,51.7,100.0,0.0,0,NE,14.0,18.5,0.0,79.5,"Nooksack, Everson, Whatcom County",330061,Nooksack,2021-04-15 12:47:04.462400
2008-11-01,05:30,51.9,51.9,100.0,0.0,0,NE,14.1,18.5,0.0,79.6,"Nooksack, Everson, Whatcom County",330061,Nooksack,2021-04-15 12:47:04.462400
2008-11-01,05:45,52.0,52.0,100.0,0.0,0,NE,15.4,22.5,0.0,79.9,"Nooksack, Everson, Whatcom County",330061,Nooksack,2021-04-15 12:47:04.462400
2008-11-01,06:00,51.8,51.8,100.0,0.0,0,NE,15.2,23.2,0.0,79.9,"Nooksack, Everson, Whatcom County",330061,Nooksack,2021-04-15 12:47:04.462400
2008-11-01,06:15,51.7,51.7,100.0,0.0,0,NE,14.8,20.3,0.0,79.9,"Nooksack, Everson, Whatcom County",330061,Nooksack,2021-04-15 12:47:04.462400
2008-11-01,06:30,51.7,51.7,100.0,0.0,0,NE,15.5,21.4,0.0,80.0,"Nooksack, Everson, Whatcom County",330061,Nooksack,2021-04-15 12:47:04.462400
2008-11-01,06:45,51.1,51.1,100.0,0.0,0,NE,7.2,17.5,0.0,80.1,"Nooksack, Everson, Whatcom County",330061,Nooksack,2021-04-15 12:47:04.462400
2008-11-01,07:00,51.7,51.7,100.0,0.0,0,NE,9.7,17.5,0.0,81.6,"Nooksack, Everson, Whatcom County",330061,Nooksack,2021-04-15 12:47:04.462400
2008-11-01,07:15,50.7,50.7,100.0,0.0,0,E,2.8,13.2,0.0,81.7,"Nooksack, Everson, Whatcom County",330061,Nooksack,2021-04-15 12:47:04.462400
2008-11-01,07:30,50.6,50.6,100.0,0.0,0,NE,1.6,11.4,0.0,81.9,"Nooksack, Everson, Whatcom County",330061,Nooksack,2021-04-15 12:47:04.462400
2008-11-01,07:45,51.0,51.0,100.0,0.0,0,NE,5.1,12.4,0.0,81.9,"Nooksack, Everson, Whatcom County",330061,Nooksack,2021-04-15 12:47:04.462400
2008-11-01,08:00,50.9,50.9,100.0,0.0,2,NE,3.3,12.1,0.0,82.0,"Nooksack, Everson, Whatcom County",330061,Nooksack,2021-04-15 12:47:04.462400
2008-11-01,08:15,51.2,51.2,100.0,0.0,5,NE,9.7,16.4,0.0,81.6,"Nooksack, Everson, Whatcom County",330061,Nooksack,2021-04-15 12:47:04.462400
2008-11-01,08:30,51.0,51.0,100.0,0.0,12,NE,5.0,12.8,0.0,82.1,"Nooksack, Everson, Whatcom County",330061,Nooksack,2021-04-15 12:47:04.462400
2008-11-01,08:45,51.0,51.0,100.0,0.0,16,NE,4.0,12.1,0.0,81.7,"Nooksack, Everson, Whatcom County",330061,Nooksack,2021-04-15 12:47:04.462400
2008-11-01,09:00,51.4,51.4,100.0,0.0,17,NE,3.9,14.2,0.0,81.6,"Nooksack, Everson, Whatcom County",330061,Nooksack,2021-04-15 12:47:04.462400
2008-11-01,09:15,51.8,51.8,100.0,0.0,27,NE,3.4,15.3,0.0,81.6,"Nooksack, Everson, Whatcom County",330061,Nooksack,2021-04-15 12:47:04.462400
2008-11-01,09:30,51.8,51.8,100.0,0.0,47,NE,6.4,14.6,0.0,82.0,"Nooksack, Everson, Whatcom County",330061,Nooksack,2021-04-15 12:47:04.462400
2008-11-01,09:45,51.8,51.8,100.0,0.0,69,NE,5.3,12.8,0.0,82.3,"Nooksack, Everson, Whatcom County",330061,Nooksack,2021-04-15 12:47:04.462400
2008-11-01,10:00,52.4,52.4,100.0,0.0,84,NE,7.5,15.0,0.0,82.6,"Nooksack, Everson, Whatcom County",330061,Nooksack,2021-04-15 12:47:04.462400
2008-11-01,10:15,52.8,52.8,100.0,0.0,91,NE,8.7,16.4,0.0,82.3,"Nooksack, Everson, Whatcom County",330061,Nooksack,2021-04-15 12:47:04.462400
2008-11-01,10:30,53.0,53.0,100.0,0.0,84,NE,8.6,16.7,0.0,82.4,"Nooksack, Everson, Whatcom County",330061,Nooksack,2021-04-15 12:47:04.462400
2008-11-01,10:45,53.5,53.5,100.0,0.0,64,NE,10.4,17.8,0.0,81.7,"Nooksack, Everson, Whatcom County",330061,Nooksack,2021-04-15 12:47:04.462400
2008-11-01,11:00,54.2,54.2,100.0,0.0,165,NE,10.2,16.0,0.0,81.6,"Nooksack, Everson, Whatcom County",330061,Nooksack,2021-04-15 12:47:04.462400
2008-11-01,11:15,54.8,54.8,100.0,0.0,142,NE,9.7,17.8,0.0,81.9,"Nooksack, Everson, Whatcom County",330061,Nooksack,2021-04-15 12:47:04.462400
2008-11-01,11:30,54.8,54.8,100.0,0.0,128,NE,12.5,23.2,0.0,82.0,"Nooksack, Everson, Whatcom County",330061,Nooksack,2021-04-15 12:47:04.462400
2008-11-01,11:45,55.6,55.6,100.0,0.0,263,NE,15.3,21.8,0.0,82.4,"Nooksack, Everson, Whatcom County",330061,Nooksack,2021-04-15 12:47:04.462400
2008-11-01,12:00,56.3,56.3,100.0,0.0,182,NE,16.3,22.1,0.0,82.3,"Nooksack, Everson, Whatcom County",330061,Nooksack,2021-04-15 12:47:04.462400
2008-11-01,12:15,55.9,55.9,100.0,0.0,105,NE,10.9,20.0,0.0,82.1,"Nooksack, Everson, Whatcom County",330061,Nooksack,2021-04-15 12:47:04.462400
2008-11-01,12:30,55.9,55.9,100.0,0.0,88,NE,10.5,19.2,0.0,82.0,"Nooksack, Everson, Whatcom County",330061,Nooksack,2021-04-15 12:47:04.462400
2008-11-01,12:45,55.9,55.9,100.0,0.0,152,NE,11.0,16.4,0.0,82.0,"Nooksack, Everson, Whatcom County",330061,Nooksack,2021-04-15 12:47:04.462400
2008-11-01,13:00,56.6,56.6,100.0,0.0,163,NE,12.8,18.5,0.0,82.0,"Nooksack, Everson, Whatcom County",330061,Nooksack,2021-04-15 12:47:04.462400
2008-11-01,13:15,56.4,56.4,100.0,0.0,120,NE,7.9,18.5,0.0,82.1,"Nooksack, Everson, Whatcom County",330061,Nooksack,2021-04-15 12:47:04.462400
2008-11-01,13:30,56.6,56.6,100.0,0.0,101,NE,11.6,17.1,0.0,81.6,"Nooksack, Everson, Whatcom County",330061,Nooksack,2021-04-15 12:47:04.462400
2008-11-01,13:45,56.5,56.5,100.0,0.0,101,NE,8.5,17.5,0.0,80.7,"Nooksack, Everson, Whatcom County",330061,Nooksack,2021-04-15 12:47:04.462400
2008-11-01,14:00,56.7,56.7,100.0,0.0,91,NE,9.2,16.4,0.0,80.7,"Nooksack, Everson, Whatcom County",330061,Nooksack,2021-04-15 12:47:04.462400
2008-11-01,14:15,56.6,56.6,100.0,0.0,81,NE,1.4,12.8,0.0,81.1,"Nooksack, Everson, Whatcom County",330061,Nooksack,2021-04-15 12:47:04.462400
2008-11-01,14:30,56.7,56.7,100.0,0.0,47,NE,10.5,17.8,0.0,82.5,"Nooksack, Everson, Whatcom County",330061,Nooksack,2021-04-15 12:47:04.462400
2008-11-01,14:45,56.3,56.3,100.0,0.0,39,NE,8.3,15.3,0.55,82.1,"Nooksack, Everson, Whatcom County",330061,Nooksack,2021-04-15 12:47:04.462400
2008-11-01,15:00,55.6,55.6,100.0,0.0,40,NE,6.5,15.0,0.92,82.0,"Nooksack, Everson, Whatcom County",330061,Nooksack,2021-04-15 12:47:04.462400
2008-11-01,15:15,55.5,55.5,100.0,0.0,26,NE,0.0,1.4,0.93,82.0,"Nooksack, Everson, Whatcom County",330061,Nooksack,2021-04-15 12:47:04.462400
2008-11-01,15:30,55.7,55.7,100.0,0.0,26,NE,0.0,1.4,0.93,82.2,"Nooksack, Everson, Whatcom County",330061,Nooksack,2021-04-15 12:47:04.462400
2008-11-01,15:45,55.4,55.4,100.0,0.0,28,NE,1.2,12.1,0.87,81.8,"Nooksack, Everson, Whatcom County",330061,Nooksack,2021-04-15 12:47:04.462400
2008-11-01,16:00,55.4,55.4,100.0,0.0,26,N ,0.0,0.0,0.66,80.9,"Nooksack, Everson, Whatcom County",330061,Nooksack,2021-04-15 12:47:04.462400
2008-11-01,16:15,55.4,55.4,100.0,0.0,36,NE,0.0,1.7,0.6,80.9,"Nooksack, Everson, Whatcom County",330061,Nooksack,2021-04-15 12:47:04.462400
2008-11-01,16:30,55.4,55.4,100.0,0.0,32,NE,0.1,9.6,0.14,80.8,"Nooksack, Everson, Whatcom County",330061,Nooksack,2021-04-15 12:47:04.462400
2008-11-01,16:45,55.0,55.0,100.0,0.0,16,NE,1.5,15.3,0.03,80.5,"Nooksack, Everson, Whatcom County",330061,Nooksack,2021-04-15 12:47:04.462400
2008-11-01,17:00,54.9,54.9,100.0,0.0,16,NE,12.4,17.1,0.43,80.3,"Nooksack, Everson, Whatcom County",330061,Nooksack,2021-04-15 12:47:04.462400
2008-11-01,17:15,55.2,55.2,100.0,0.0,9,NE,12.8,17.1,0.0,80.5,"Nooksack, Everson, Whatcom County",330061,Nooksack,2021-04-15 12:47:04.462400
2008-11-01,17:30,54.9,54.9,100.0,0.0,5,NE,7.8,15.3,0.0,80.4,"Nooksack, Everson, Whatcom County",330061,Nooksack,2021-04-15 12:47:04.462400
2008-11-01,17:45,54.8,54.8,100.0,0.0,1,NE,13.2,22.5,0.0,80.4,"Nooksack, Everson, Whatcom County",330061,Nooksack,2021-04-15 12:47:04.462400
2008-11-01,18:00,54.9,54.9,100.0,0.0,0,NE,13.4,22.8,0.0,80.3,"Nooksack, Everson, Whatcom County",330061,Nooksack,2021-04-15 12:47:04.462400
2008-11-01,18:15,55.5,55.5,100.0,0.0,0,NE,13.5,19.2,0.0,80.2,"Nooksack, Everson, Whatcom County",330061,Nooksack,2021-04-15 12:47:04.462400
2008-11-01,18:30,55.4,55.4,100.0,0.0,0,NE,8.9,17.5,0.0,80.0,"Nooksack, Everson, Whatcom County",330061,Nooksack,2021-04-15 12:47:04.462400
2008-11-01,18:45,55.4,55.4,100.0,0.0,0,NE,11.2,17.8,0.0,80.0,"Nooksack, Everson, Whatcom County",330061,Nooksack,2021-04-15 12:47:04.462400
2008-11-01,19:00,54.7,54.7,100.0,0.0,0,NE,12.8,18.9,0.29,80.2,"Nooksack, Everson, Whatcom County",330061,Nooksack,2021-04-15 12:47:04.462400
2008-11-01,19:15,54.7,54.7,100.0,0.0,0,NE,10.7,16.7,0.32,80.1,"Nooksack, Everson, Whatcom County",330061,Nooksack,2021-04-15 12:47:04.462400
2008-11-01,19:30,55.2,55.2,100.0,0.0,0,NE,6.3,15.7,0.07,80.3,"Nooksack, Everson, Whatcom County",330061,Nooksack,2021-04-15 12:47:04.462400
2008-11-01,19:45,55.8,55.8,100.0,0.0,0,E,3.8,16.0,0.89,80.4,"Nooksack, Everson, Whatcom County",330061,Nooksack,2021-04-15 12:47:04.462400
2008-11-01,20:00,57.2,57.2,100.0,0.0,0,S,0.0,1.7,0.82,80.4,"Nooksack, Everson, Whatcom County",330061,Nooksack,2021-04-15 12:47:04.462400
2008-11-01,20:15,57.0,57.0,100.0,0.02,0,S,0.8,11.0,0.83,80.6,"Nooksack, Everson, Whatcom County",330061,Nooksack,2021-04-15 12:47:04.462400
2008-11-01,20:30,58.0,58.0,100.0,0.0,0,S,2.7,11.7,0.57,82.2,"Nooksack, Everson, Whatcom County",330061,Nooksack,2021-04-15 12:47:04.462400
2008-11-01,20:45,57.9,57.9,100.0,0.0,0,S,1.7,11.4,0.07,83.9,"Nooksack, Everson, Whatcom County",330061,Nooksack,2021-04-15 12:47:04.462400
2008-11-01,21:00,58.7,58.7,100.0,0.0,0,S,3.3,14.2,0.0,83.9,"Nooksack, Everson, Whatcom County",330061,Nooksack,2021-04-15 12:47:04.462400
2008-11-01,21:15,58.8,58.8,100.0,0.0,0,S,3.0,10.7,0.0,83.4,"Nooksack, Everson, Whatcom County",330061,Nooksack,2021-04-15 12:47:04.462400
2008-11-01,21:30,59.7,59.7,100.0,0.0,0,S,0.3,5.7,0.0,83.3,"Nooksack, Everson, Whatcom County",330061,Nooksack,2021-04-15 12:47:04.462400
2008-11-01,21:45,61.1,61.1,100.0,0.0,0,S,1.5,11.4,0.0,83.7,"Nooksack, Everson, Whatcom County",330061,Nooksack,2021-04-15 12:47:04.462400
2008-11-01,22:00,59.9,59.9,100.0,0.0,0,N ,0.0,0.0,0.0,83.4,"Nooksack, Everson, Whatcom County",330061,Nooksack,2021-04-15 12:47:04.462400
2008-11-01,22:15,59.4,59.4,100.0,0.0,0,N ,0.0,0.0,0.0,83.5,"Nooksack, Everson, Whatcom County",330061,Nooksack,2021-04-15 12:47:04.462400
2008-11-01,22:30,58.8,58.8,100.0,0.0,0,E,0.0,1.4,0.0,83.4,"Nooksack, Everson, Whatcom County",330061,Nooksack,2021-04-15 12:47:04.462400
2008-11-01,22:45,58.0,58.0,100.0,0.0,0,SE,0.3,11.7,0.0,83.5,"Nooksack, Everson, Whatcom County",330061,Nooksack,2021-04-15 12:47:04.462400
2008-11-01,23:00,55.2,55.2,100.0,0.0,0,E,2.2,12.1,0.0,83.3,"Nooksack, Everson, Whatcom County",330061,Nooksack,2021-04-15 12:47:04.462400
2008-11-01,23:15,54.8,54.8,100.0,0.0,0,NE,2.8,12.1,0.0,83.6,"Nooksack, Everson, Whatcom County",330061,Nooksack,2021-04-15 12:47:04.462400
2008-11-01,23:30,53.5,53.5,100.0,0.0,0,NE,1.4,7.8,0.0,83.5,"Nooksack, Everson, Whatcom County",330061,Nooksack,2021-04-15 12:47:04.462400
2008-11-01,23:45,52.5,52.5,100.0,0.0,0,NE,3.8,11.7,0.01,83.1,"Nooksack, Everson, Whatcom County",330061,Nooksack,2021-04-15 12:47:04.462400
2008-11-01,24:00,52.1,52.1,100.0,0.0,0,NE,0.0,1.4,0.01,83.3,"Nooksack, Everson, Whatcom County",330061,Nooksack,2021-04-15 12:47:04.462400
2008-11-02,00:15,52.0,52.0,100.0,0.0,0,NE,1.5,12.4,0.01,83.6,"Nooksack, Everson, Whatcom County",330061,Nooksack,2021-04-15 12:47:04.462400
2008-11-02,00:30,52.2,52.2,100.0,0.0,0,NE,1.8,8.5,0.01,83.7,"Nooksack, Everson, Whatcom County",330061,Nooksack,2021-04-15 12:47:04.462400
2008-11-02,00:45,52.4,52.4,100.0,0.0,0,NE,0.0,3.1,0.01,84.0,"Nooksack, Everson, Whatcom County",330061,Nooksack,2021-04-15 12:47:04.462400
2008-11-02,01:00,52.5,52.5,100.0,0.0,0,E,0.8,7.8,0.01,84.0,"Nooksack, Everson, Whatcom County",330061,Nooksack,2021-04-15 12:47:04.462400
2008-11-02,01:15,51.7,51.7,100.0,0.0,0,NE,2.6,12.4,0.02,84.1,"Nooksack, Everson, Whatcom County",330061,Nooksack,2021-04-15 12:47:04.462400
2008-11-02,01:30,51.9,51.9,100.0,0.0,0,NE,5.4,15.3,0.01,83.7,"Nooksack, Everson, Whatcom County",330061,Nooksack,2021-04-15 12:47:04.462400
2008-11-02,01:45,51.7,51.7,100.0,0.0,0,NE,2.3,15.7,0.02,83.5,"Nooksack, Everson, Whatcom County",330061,Nooksack,2021-04-15 12:47:04.462400
2008-11-02,01:00,51.4,51.4,100.0,0.0,0,N ,0.0,0.0,0.04,83.7,"Nooksack, Everson, Whatcom County",330061,Nooksack,2021-04-15 12:47:04.462400
2008-11-02,01:15,52.2,52.2,100.0,0.0,0,N ,0.0,0.0,0.02,83.8,"Nooksack, Everson, Whatcom County",330061,Nooksack,2021-04-15 12:47:04.462400
2008-11-02,01:30,51.8,51.8,100.0,0.0,0,NE,2.0,7.4,0.02,83.9,"Nooksack, Everson, Whatcom County",330061,Nooksack,2021-04-15 12:47:04.462400
2008-11-02,01:45,51.8,51.8,100.0,0.0,0,NE,4.7,10.7,0.02,83.5,"Nooksack, Everson, Whatcom County",330061,Nooksack,2021-04-15 12:47:04.462400
2008-11-02,02:00,51.5,51.5,100.0,0.0,0,N ,0.0,0.0,0.02,83.7,"Nooksack, Everson, Whatcom County",330061,Nooksack,2021-04-15 12:47:04.462400
2008-11-02,02:15,51.9,51.9,100.0,0.0,0,E,0.0,1.4,0.02,83.8,"Nooksack, Everson, Whatcom County",330061,Nooksack,2021-04-15 12:47:04.462400
2008-11-02,02:30,51.6,51.6,100.0,0.0,0,E,1.2,10.3,0.04,83.7,"Nooksack, Everson, Whatcom County",330061,Nooksack,2021-04-15 12:47:04.462400
2008-11-02,02:45,51.4,51.4,100.0,0.0,0,NE,3.8,12.4,0.05,83.6,"Nooksack, Everson, Whatcom County",330061,Nooksack,2021-04-15 12:47:04.462400
2008-11-02,03:00,50.8,50.8,100.0,0.0,0,NE,4.3,12.1,0.04,83.5,"Nooksack, Everson, Whatcom County",330061,Nooksack,2021-04-15 12:47:04.462400
2008-11-02,03:15,51.4,51.4,100.0,0.0,0,E,2.5,9.9,0.04,83.5,"Nooksack, Everson, Whatcom County",330061,Nooksack,2021-04-15 12:47:04.462400
2008-11-02,03:30,50.8,50.8,100.0,0.0,0,E,2.4,10.3,0.04,84.0,"Nooksack, Everson, Whatcom County",330061,Nooksack,2021-04-15 12:47:04.462400
2008-11-02,03:45,50.0,50.0,100.0,0.0,0,NE,2.5,9.2,0.04,84.0,"Nooksack, Everson, Whatcom County",330061,Nooksack,2021-04-15 12:47:04.462400
2008-11-02,04:00,50.0,50.0,100.0,0.0,0,E,2.3,9.9,0.06,83.4,"Nooksack, Everson, Whatcom County",330061,Nooksack,2021-04-15 12:47:04.462400
2008-11-02,04:15,50.3,50.3,100.0,0.0,0,NE,0.0,3.1,0.04,83.7,"Nooksack, Everson, Whatcom County",330061,Nooksack,2021-04-15 12:47:04.462400
2008-11-02,04:30,50.5,50.5,100.0,0.0,0,N ,0.0,0.0,0.05,84.0,"Nooksack, Everson, Whatcom County",330061,Nooksack,2021-04-15 12:47:04.462400
2008-11-02,04:45,50.8,50.8,100.0,0.0,0,NE,0.1,7.4,0.03,84.3,"Nooksack, Everson, Whatcom County",330061,Nooksack,2021-04-15 12:47:04.462400
2008-11-02,05:00,51.8,51.8,100.0,0.0,0,NE,0.0,1.7,0.01,84.1,"Nooksack, Everson, Whatcom County",330061,Nooksack,2021-04-15 12:47:04.462400
2008-11-02,05:15,52.0,52.0,100.0,0.0,0,NE,0.0,1.4,0.0,84.1,"Nooksack, Everson, Whatcom County",330061,Nooksack,2021-04-15 12:47:04.462400
2008-11-02,05:30,51.9,51.9,100.0,0.0,0,N ,0.0,0.0,0.01,83.9,"Nooksack, Everson, Whatcom County",330061,Nooksack,2021-04-15 12:47:04.462400
2008-11-02,05:45,53.3,53.3,100.0,0.0,0,SE,1.4,11.7,0.3,83.5,"Nooksack, Everson, Whatcom County",330061,Nooksack,2021-04-15 12:47:04.462400
2008-11-02,06:00,57.5,57.5,100.0,0.0,0,S,10.7,18.9,0.05,83.6,"Nooksack, Everson, Whatcom County",330061,Nooksack,2021-04-15 12:47:04.462400
2008-11-02,06:15,56.9,56.9,100.0,0.0,0,S,8.8,17.5,0.0,84.1,"Nooksack, Everson, Whatcom County",330061,Nooksack,2021-04-15 12:47:04.462400
2008-11-02,06:30,56.0,56.0,100.0,0.0,0,S,5.9,18.5,0.0,84.2,"Nooksack, Everson, Whatcom County",330061,Nooksack,2021-04-15 12:47:04.462400
2008-11-02,06:45,55.0,55.0,100.0,0.0,0,S,4.9,12.4,0.0,83.9,"Nooksack, Everson, Whatcom County",330061,Nooksack,2021-04-15 12:47:04.462400
2008-11-02,07:00,54.8,54.8,100.0,0.0,0,S,1.5,9.6,0.0,84.2,"Nooksack, Everson, Whatcom County",330061,Nooksack,2021-04-15 12:47:04.462400
2008-11-02,07:15,54.9,54.9,100.0,0.01,3,SW,1.8,9.9,0.01,84.2,"Nooksack, Everson, Whatcom County",330061,Nooksack,2021-04-15 12:47:04.462400
2008-11-02,07:30,54.9,54.9,100.0,0.0,7,SW,0.2,6.4,0.02,84.5,"Nooksack, Everson, Whatcom County",330061,Nooksack,2021-04-15 12:47:04.462400
2008-11-02,07:45,54.4,54.4,100.0,0.0,7,SW,2.2,10.7,0.02,84.8,"Nooksack, Everson, Whatcom County",330061,Nooksack,2021-04-15 12:47:04.462400
2008-11-02,08:00,53.8,53.8,100.0,0.02,10,SW,1.1,9.2,0.25,84.6,"Nooksack, Everson, Whatcom County",330061,Nooksack,2021-04-15 12:47:04.462400
2008-11-02,08:15,53.2,53.2,100.0,0.01,15,SW,1.0,8.9,0.67,84.4,"Nooksack, Everson, Whatcom County",330061,Nooksack,2021-04-15 12:47:04.462400
2008-11-02,08:30,53.0,53.0,100.0,0.03,9,SW,0.9,7.4,0.86,84.1,"Nooksack, Everson, Whatcom County",330061,Nooksack,2021-04-15 12:47:04.462400
2008-11-02,08:45,52.5,52.5,100.0,0.03,15,SW,0.1,5.7,0.9,84.5,"Nooksack, Everson, Whatcom County",330061,Nooksack,2021-04-15 12:47:04.462400
2008-11-02,09:00,52.8,52.8,100.0,0.03,18,SW,1.5,9.2,0.9,84.6,"Nooksack, Everson, Whatcom County",330061,Nooksack,2021-04-15 12:47:04.462400
2008-11-02,09:15,52.6,52.6,100.0,0.07,13,SW,2.6,10.7,0.88,84.5,"Nooksack, Everson, Whatcom County",330061,Nooksack,2021-04-15 12:47:04.462400
2008-11-02,09:30,52.7,52.7,100.0,0.17,12,N ,0.0,0.0,0.86,84.4,"Nooksack, Everson, Whatcom County",330061,Nooksack,2021-04-15 12:47:04.462400
2008-11-02,09:45,52.2,52.2,100.0,0.12,16,N ,0.0,0.0,0.86,84.5,"Nooksack, Everson, Whatcom County",330061,Nooksack,2021-04-15 12:47:04.462400
2008-11-02,10:00,52.1,52.1,100.0,0.05,20,N ,0.0,0.0,0.87,84.4,"Nooksack, Everson, Whatcom County",330061,Nooksack,2021-04-15 12:47:04.462400
2008-11-02,10:15,51.9,51.9,100.0,0.05,21,N ,0.0,0.0,0.88,83.8,"Nooksack, Everson, Whatcom County",330061,Nooksack,2021-04-15 12:47:04.462400
2008-11-02,10:30,51.5,51.5,100.0,0.04,22,S,0.4,6.7,0.89,83.7,"Nooksack, Everson, Whatcom County",330061,Nooksack,2021-04-15 12:47:04.462400
2008-11-02,10:45,51.3,51.3,100.0,0.02,30,S,1.7,6.4,0.89,83.1,"Nooksack, Everson, Whatcom County",330061,Nooksack,2021-04-15 12:47:04.462400
2008-11-02,11:00,51.0,51.0,100.0,0.06,19,SE,1.3,5.7,0.89,83.3,"Nooksack, Everson, Whatcom County",330061,Nooksack,2021-04-15 12:47:04.462400
2008-11-02,11:15,50.8,50.8,100.0,0.02,37,SE,0.0,1.4,0.9,83.2,"Nooksack, Everson, Whatcom County",330061,Nooksack,2021-04-15 12:47:04.462400
2008-11-02,11:30,51.0,51.0,100.0,0.02,48,N ,0.0,0.0,0.89,83.4,"Nooksack, Everson, Whatcom County",330061,Nooksack,2021-04-15 12:47:04.462400
2008-11-02,11:45,51.0,51.0,100.0,0.07,28,N ,0.0,0.0,0.9,83.7,"Nooksack, Everson, Whatcom County",330061,Nooksack,2021-04-15 12:47:04.462400
2008-11-02,12:00,51.3,51.3,100.0,0.0,57,N ,0.0,0.0,0.9,83.6,"Nooksack, Everson, Whatcom County",330061,Nooksack,2021-04-15 12:47:04.462400
2008-11-02,12:15,51.7,51.7,100.0,0.0,68,N ,0.0,0.0,0.9,83.4,"Nooksack, Everson, Whatcom County",330061,Nooksack,2021-04-15 12:47:04.462400
2008-11-02,12:30,52.1,52.1,100.0,0.0,92,N ,0.0,0.0,0.89,83.9,"Nooksack, Everson, Whatcom County",330061,Nooksack,2021-04-15 12:47:04.462400
2008-11-02,12:45,52.5,52.5,100.0,0.0,133,N ,0.0,0.0,0.89,84.3,"Nooksack, Everson, Whatcom County",330061,Nooksack,2021-04-15 12:47:04.462400
2008-11-02,13:00,52.6,52.6,100.0,0.0,65,SE,0.0,1.4,0.89,84.4,"Nooksack, Everson, Whatcom County",330061,Nooksack,2021-04-15 12:47:04.462400
2008-11-02,13:15,52.5,52.5,100.0,0.0,60,E,0.0,1.4,0.88,84.2,"Nooksack, Everson, Whatcom County",330061,Nooksack,2021-04-15 12:47:04.462400
2008-11-02,13:30,52.5,52.5,100.0,0.0,65,N ,0.0,0.0,0.88,84.0,"Nooksack, Everson, Whatcom County",330061,Nooksack,2021-04-15 12:47:04.462400
2008-11-02,13:45,52.0,52.0,100.0,0.0,37,W,0.4,6.7,0.87,83.7,"Nooksack, Everson, Whatcom County",330061,Nooksack,2021-04-15 12:47:04.462400
2008-11-02,14:00,49.8,49.8,100.0,0.01,17,SW,1.1,6.0,0.87,83.5,"Nooksack, Everson, Whatcom County",330061,Nooksack,2021-04-15 12:47:04.462400
2008-11-02,14:15,48.5,48.5,100.0,0.02,33,SW,0.9,5.3,0.92,83.8,"Nooksack, Everson, Whatcom County",330061,Nooksack,2021-04-15 12:47:04.462400
2008-11-02,14:30,48.5,48.5,100.0,0.02,16,SW,0.4,4.6,0.92,83.8,"Nooksack, Everson, Whatcom County",330061,Nooksack,2021-04-15 12:47:04.462400
2008-11-02,14:45,48.1,48.1,100.0,0.09,25,W,1.7,8.2,0.9,84.0,"Nooksack, Everson, Whatcom County",330061,Nooksack,2021-04-15 12:47:04.462400
2008-11-02,15:00,47.9,47.9,100.0,0.06,12,S,0.5,4.2,0.88,83.9,"Nooksack, Everson, Whatcom County",330061,Nooksack,2021-04-15 12:47:04.462400
2008-11-02,15:15,48.0,48.0,100.0,0.08,5,S,0.6,3.9,0.9,84.2,"Nooksack, Everson, Whatcom County",330061,Nooksack,2021-04-15 12:47:04.462400
2008-11-02,15:30,47.8,47.8,100.0,0.02,5,SE,0.2,3.5,0.9,84.3,"Nooksack, Everson, Whatcom County",330061,Nooksack,2021-04-15 12:47:04.462400
2008-11-02,15:45,47.7,47.7,100.0,0.05,6,S,0.1,1.7,0.9,84.0,"Nooksack, Everson, Whatcom County",330061,Nooksack,2021-04-15 12:47:04.462400
2008-11-02,16:00,47.7,47.7,100.0,0.02,19,SE,0.7,3.9,0.9,83.0,"Nooksack, Everson, Whatcom County",330061,Nooksack,2021-04-15 12:47:04.462400
2008-11-02,16:15,48.0,48.0,100.0,0.0,21,S,0.0,1.4,0.89,83.0,"Nooksack, Everson, Whatcom County",330061,Nooksack,2021-04-15 12:47:04.462400
2008-11-02,16:30,48.6,48.6,100.0,0.0,55,S,0.6,6.4,0.89,82.8,"Nooksack, Everson, Whatcom County",330061,Nooksack,2021-04-15 12:47:04.462400
2008-11-02,16:45,49.3,49.3,100.0,0.0,31,S,0.0,1.4,0.89,82.7,"Nooksack, Everson, Whatcom County",330061,Nooksack,2021-04-15 12:47:04.462400
2008-11-02,17:00,49.1,49.1,100.0,0.0,4,N ,0.0,0.0,0.89,83.0,"Nooksack, Everson, Whatcom County",330061,Nooksack,2021-04-15 12:47:04.462400
2008-11-02,17:15,49.0,49.0,100.0,0.0,0,N ,0.0,0.0,0.89,82.8,"Nooksack, Everson, Whatcom County",330061,Nooksack,2021-04-15 12:47:04.462400
2008-11-02,17:30,49.0,49.0,100.0,0.0,0,S,0.0,1.4,0.89,82.7,"Nooksack, Everson, Whatcom County",330061,Nooksack,2021-04-15 12:47:04.462400
2008-11-02,17:45,49.2,49.2,100.0,0.0,0,N ,0.0,0.0,0.89,82.9,"Nooksack, Everson, Whatcom County",330061,Nooksack,2021-04-15 12:47:04.462400
2008-11-02,18:00,49.3,49.3,100.0,0.0,0,N ,0.0,0.0,0.87,83.0,"Nooksack, Everson, Whatcom County",330061,Nooksack,2021-04-15 12:47:04.462400
2008-11-02,18:15,48.2,48.2,100.0,0.0,0,N ,0.0,0.0,0.85,82.5,"Nooksack, Everson, Whatcom County",330061,Nooksack,2021-04-15 12:47:04.462400
2008-11-02,18:30,47.2,47.2,100.0,0.0,0,N ,0.0,0.0,0.85,82.0,"Nooksack, Everson, Whatcom County",330061,Nooksack,2021-04-15 12:47:04.462400
2008-11-02,18:45,45.8,45.8,100.0,0.0,0,N ,0.0,0.0,0.85,81.7,"Nooksack, Everson, Whatcom County",330061,Nooksack,2021-04-15 12:47:04.462400
2008-11-02,19:00,46.0,46.0,100.0,0.0,0,N ,0.0,0.0,0.85,82.0,"Nooksack, Everson, Whatcom County",330061,Nooksack,2021-04-15 12:47:04.462400
2008-11-02,19:15,46.0,46.0,100.0,0.0,0,N ,0.0,0.0,0.85,82.5,"Nooksack, Everson, Whatcom County",330061,Nooksack,2021-04-15 12:47:04.462400
2008-11-02,19:30,46.1,46.1,100.0,0.0,0,N ,0.0,0.0,0.85,82.6,"Nooksack, Everson, Whatcom County",330061,Nooksack,2021-04-15 12:47:04.462400
2008-11-02,19:45,46.3,46.3,100.0,0.0,0,N ,0.0,0.0,0.85,82.5,"Nooksack, Everson, Whatcom County",330061,Nooksack,2021-04-15 12:47:04.462400
2008-11-02,20:00,46.4,46.4,100.0,0.0,0,N ,0.0,0.0,0.85,82.5,"Nooksack, Everson, Whatcom County",330061,Nooksack,2021-04-15 12:47:04.462400
2008-11-02,20:15,46.4,46.4,100.0,0.0,0,N ,0.0,0.0,0.85,82.5,"Nooksack, Everson, Whatcom County",330061,Nooksack,2021-04-15 12:47:04.462400
2008-11-02,20:30,46.5,46.5,100.0,0.0,0,N ,0.0,0.0,0.85,82.6,"Nooksack, Everson, Whatcom County",330061,Nooksack,2021-04-15 12:47:04.462400
2008-11-02,20:45,47.0,47.0,100.0,0.01,0,N ,0.0,0.0,0.89,82.6,"Nooksack, Everson, Whatcom County",330061,Nooksack,2021-04-15 12:47:04.462400
2008-11-02,21:00,47.0,47.0,100.0,0.0,0,N ,0.0,0.0,0.93,82.2,"Nooksack, Everson, Whatcom County",330061,Nooksack,2021-04-15 12:47:04.462400
2008-11-02,21:15,46.8,46.8,100.0,0.0,0,N ,0.0,0.0,0.93,82.4,"Nooksack, Everson, Whatcom County",330061,Nooksack,2021-04-15 12:47:04.462400
2008-11-02,21:30,46.4,46.4,100.0,0.0,0,N ,0.0,0.0,0.94,82.5,"Nooksack, Everson, Whatcom County",330061,Nooksack,2021-04-15 12:47:04.462400
2008-11-02,21:45,46.6,46.6,100.0,0.0,0,N ,0.0,0.0,0.94,82.5,"Nooksack, Everson, Whatcom County",330061,Nooksack,2021-04-15 12:47:04.462400
2008-11-02,22:00,46.7,46.7,100.0,0.0,0,N ,0.0,0.0,0.94,82.1,"Nooksack, Everson, Whatcom County",330061,Nooksack,2021-04-15 12:47:04.462400
2008-11-02,22:15,46.7,46.7,100.0,0.0,0,N ,0.0,0.0,0.93,82.0,"Nooksack, Everson, Whatcom County",330061,Nooksack,2021-04-15 12:47:04.462400
2008-11-02,22:30,46.7,46.7,100.0,0.0,0,N ,0.0,0.0,0.93,82.2,"Nooksack, Everson, Whatcom County",330061,Nooksack,2021-04-15 12:47:04.462400
2008-11-02,22:45,46.6,46.6,100.0,0.0,0,N ,0.0,0.0,0.93,82.2,"Nooksack, Everson, Whatcom County",330061,Nooksack,2021-04-15 12:47:04.462400
2008-11-02,23:00,46.4,46.4,100.0,0.0,0,N ,0.0,0.0,0.93,82.1,"Nooksack, Everson, Whatcom County",330061,Nooksack,2021-04-15 12:47:04.462400
2008-11-02,23:15,46.3,46.3,100.0,0.0,0,NE,0.5,5.3,0.93,82.3,"Nooksack, Everson, Whatcom County",330061,Nooksack,2021-04-15 12:47:04.462400
2008-11-02,23:30,46.3,46.3,100.0,0.0,0,SE,0.3,5.7,0.93,82.3,"Nooksack, Everson, Whatcom County",330061,Nooksack,2021-04-15 12:47:04.462400
2008-11-02,23:45,46.2,46.2,100.0,0.0,0,N ,0.0,0.0,0.93,82.4,"Nooksack, Everson, Whatcom County",330061,Nooksack,2021-04-15 12:47:04.462400
2008-11-02,24:00,45.8,45.8,100.0,0.0,0,N ,0.0,0.0,0.92,82.6,"Nooksack, Everson, Whatcom County",330061,Nooksack,2021-04-15 12:47:04.462400
2008-11-03,00:15,45.8,45.8,100.0,0.0,0,N ,0.0,0.0,0.92,82.9,"Nooksack, Everson, Whatcom County",330061,Nooksack,2021-04-15 12:47:04.462400
2008-11-03,00:30,45.9,45.9,100.0,0.0,0,N ,0.0,0.0,0.94,82.8,"Nooksack, Everson, Whatcom County",330061,Nooksack,2021-04-15 12:47:04.462400
2008-11-03,00:45,45.9,45.9,100.0,0.0,0,N ,0.0,0.0,0.94,82.7,"Nooksack, Everson, Whatcom County",330061,Nooksack,2021-04-15 12:47:04.462400
2008-11-03,01:00,45.8,45.8,100.0,0.0,0,N ,0.0,0.0,0.94,82.7,"Nooksack, Everson, Whatcom County",330061,Nooksack,2021-04-15 12:47:04.462400
2008-11-03,01:15,45.8,45.8,100.0,0.0,0,N ,0.0,0.0,0.94,82.4,"Nooksack, Everson, Whatcom County",330061,Nooksack,2021-04-15 12:47:04.462400
2008-11-03,01:30,45.7,45.7,100.0,0.0,0,N ,0.0,0.0,0.94,82.2,"Nooksack, Everson, Whatcom County",330061,Nooksack,2021-04-15 12:47:04.462400
2008-11-03,01:45,45.9,45.9,100.0,0.0,0,NE,0.3,3.5,0.93,81.8,"Nooksack, Everson, Whatcom County",330061,Nooksack,2021-04-15 12:47:04.462400
2008-11-03,02:00,45.9,45.9,100.0,0.0,0,N ,0.0,0.0,0.92,83.0,"Nooksack, Everson, Whatcom County",330061,Nooksack,2021-04-15 12:47:04.462400
2008-11-03,02:15,45.9,45.9,100.0,0.0,0,N ,0.0,0.0,0.92,83.9,"Nooksack, Everson, Whatcom County",330061,Nooksack,2021-04-15 12:47:04.462400
2008-11-03,02:30,45.9,45.9,100.0,0.0,0,NE,0.8,7.4,0.92,83.8,"Nooksack, Everson, Whatcom County",330061,Nooksack,2021-04-15 12:47:04.462400
2008-11-03,02:45,45.9,45.9,100.0,0.0,0,NE,0.9,6.7,0.93,84.1,"Nooksack, Everson, Whatcom County",330061,Nooksack,2021-04-15 12:47:04.462400
2008-11-03,03:00,45.7,45.7,100.0,0.0,0,NE,2.8,8.5,0.94,84.3,"Nooksack, Everson, Whatcom County",330061,Nooksack,2021-04-15 12:47:04.462400
2008-11-03,03:15,45.4,45.4,100.0,0.0,0,NE,3.5,7.8,0.93,83.8,"Nooksack, Everson, Whatcom County",330061,Nooksack,2021-04-15 12:47:04.462400
2008-11-03,03:30,45.4,45.4,100.0,0.0,0,NE,4.8,7.1,0.93,83.5,"Nooksack, Everson, Whatcom County",330061,Nooksack,2021-04-15 12:47:04.462400
2008-11-03,03:45,45.4,45.4,100.0,0.01,0,NE,6.0,8.9,0.93,84.0,"Nooksack, Everson, Whatcom County",330061,Nooksack,2021-04-15 12:47:04.462400
2008-11-03,04:00,45.2,45.2,100.0,0.01,0,NE,7.1,9.6,0.92,83.9,"Nooksack, Everson, Whatcom County",330061,Nooksack,2021-04-15 12:47:04.462400
2008-11-03,04:15,45.1,45.1,100.0,0.0,0,NE,6.9,9.6,0.92,84.3,"Nooksack, Everson, Whatcom County",330061,Nooksack,2021-04-15 12:47:04.462400
2008-11-03,04:30,44.9,44.9,100.0,0.01,0,NE,7.2,10.3,0.91,84.2,"Nooksack, Everson, Whatcom County",330061,Nooksack,2021-04-15 12:47:04.462400
2008-11-03,04:45,44.9,44.9,100.0,0.0,0,NE,7.9,11.0,0.91,84.3,"Nooksack, Everson, Whatcom County",330061,Nooksack,2021-04-15 12:47:04.462400
2008-11-03,05:00,44.9,44.9,100.0,0.0,0,NE,7.5,10.7,0.91,84.4,"Nooksack, Everson, Whatcom County",330061,Nooksack,2021-04-15 12:47:04.462400
2008-11-03,05:15,44.9,44.9,100.0,0.0,0,NE,4.7,10.7,0.91,84.3,"Nooksack, Everson, Whatcom County",330061,Nooksack,2021-04-15 12:47:04.462400
2008-11-03,05:30,44.9,44.9,100.0,0.0,0,NE,3.8,10.3,0.92,84.0,"Nooksack, Everson, Whatcom County",330061,Nooksack,2021-04-15 12:47:04.462400
2008-11-03,05:45,44.9,44.9,100.0,0.0,0,NE,6.4,9.9,0.92,83.7,"Nooksack, Everson, Whatcom County",330061,Nooksack,2021-04-15 12:47:04.462400
2008-11-03,06:00,44.9,44.9,100.0,0.0,0,NE,6.6,10.3,0.92,84.6,"Nooksack, Everson, Whatcom County",330061,Nooksack,2021-04-15 12:47:04.462400
2008-11-03,06:15,44.9,44.9,100.0,0.0,0,NE,5.4,8.5,0.92,84.9,"Nooksack, Everson, Whatcom County",330061,Nooksack,2021-04-15 12:47:04.462400
2008-11-03,06:30,45.2,45.2,100.0,0.01,0,NE,6.3,9.9,0.92,84.8,"Nooksack, Everson, Whatcom County",330061,Nooksack,2021-04-15 12:47:04.462400
2008-11-03,06:45,45.4,45.4,100.0,0.0,0,NE,6.6,9.6,0.92,84.6,"Nooksack, Everson, Whatcom County",330061,Nooksack,2021-04-15 12:47:04.462400
2008-11-03,07:00,44.9,44.9,100.0,0.0,0,NE,7.4,10.7,0.91,84.2,"Nooksack, Everson, Whatcom County",330061,Nooksack,2021-04-15 12:47:04.462400
2008-11-03,07:15,44.9,44.9,100.0,0.0,1,NE,7.5,9.9,0.91,84.0,"Nooksack, Everson, Whatcom County",330061,Nooksack,2021-04-15 12:47:04.462400
2008-11-03,07:30,44.9,44.9,100.0,0.01,3,NE,3.9,9.2,0.91,83.9,"Nooksack, Everson, Whatcom County",330061,Nooksack,2021-04-15 12:47:04.462400
2008-11-03,07:45,44.9,44.9,100.0,0.0,6,NE,7.1,9.9,0.91,84.1,"Nooksack, Everson, Whatcom County",330061,Nooksack,2021-04-15 12:47:04.462400
2008-11-03,08:00,45.0,45.0,100.0,0.0,7,NE,2.9,9.9,0.9,84.0,"Nooksack, Everson, Whatcom County",330061,Nooksack,2021-04-15 12:47:04.462400
2008-11-03,08:15,45.3,45.3,100.0,0.0,11,N ,0.0,0.0,0.9,84.3,"Nooksack, Everson, Whatcom County",330061,Nooksack,2021-04-15 12:47:04.462400
2008-11-03,08:30,45.0,45.0,100.0,0.0,16,NE,1.0,7.4,0.9,84.5,"Nooksack, Everson, Whatcom County",330061,Nooksack,2021-04-15 12:47:04.462400
2008-11-03,08:45,45.0,45.0,100.0,0.0,23,NE,5.3,8.9,0.91,84.7,"Nooksack, Everson, Whatcom County",330061,Nooksack,2021-04-15 12:47:04.462400
2008-11-03,09:00,45.4,45.4,100.0,0.0,40,NE,4.1,8.2,0.91,84.6,"Nooksack, Everson, Whatcom County",330061,Nooksack,2021-04-15 12:47:04.462400
2008-11-03,09:15,45.4,45.4,100.0,0.01,54,NE,2.6,8.2,0.91,84.3,"Nooksack, Everson, Whatcom County",330061,Nooksack,2021-04-15 12:47:04.462400
2008-11-03,09:30,45.7,45.7,100.0,0.0,79,NE,0.6,6.0,0.91,84.1,"Nooksack, Everson, Whatcom County",330061,Nooksack,2021-04-15 12:47:04.462400
2008-11-03,09:45,45.8,45.8,100.0,0.0,84,NE,1.6,7.8,0.9,84.0,"Nooksack, Everson, Whatcom County",330061,Nooksack,2021-04-15 12:47:04.462400
2008-11-03,10:00,45.9,45.9,100.0,0.0,50,N ,0.0,0.0,0.9,83.7,"Nooksack, Everson, Whatcom County",330061,Nooksack,2021-04-15 12:47:04.462400
2008-11-03,10:15,45.8,45.8,100.0,0.01,84,NE,2.8,9.6,0.9,83.4,"Nooksack, Everson, Whatcom County",330061,Nooksack,2021-04-15 12:47:04.462400
2008-11-03,10:30,46.1,46.1,100.0,0.0,104,NE,7.5,9.6,0.9,83.6,"Nooksack, Everson, Whatcom County",330061,Nooksack,2021-04-15 12:47:04.462400
2008-11-03,10:45,46.3,46.3,100.0,0.0,121,NE,7.2,10.7,0.9,83.7,"Nooksack, Everson, Whatcom County",330061,Nooksack,2021-04-15 12:47:04.462400
2008-11-03,11:00,46.3,46.3,100.0,0.0,93,NE,6.2,8.5,0.9,83.6,"Nooksack, Everson, Whatcom County",330061,Nooksack,2021-04-15 12:47:04.462400
2008-11-03,11:15,46.3,46.3,100.0,0.0,74,NE,5.4,8.5,0.9,83.7,"Nooksack, Everson, Whatcom County",330061,Nooksack,2021-04-15 12:47:04.462400
2008-11-03,11:30,46.4,46.4,100.0,0.0,110,NE,6.1,7.8,0.9,83.7,"Nooksack, Everson, Whatcom County",330061,Nooksack,2021-04-15 12:47:04.462400
2008-11-03,11:45,46.6,46.6,100.0,0.01,120,NE,5.3,8.5,0.89,83.8,"Nooksack, Everson, Whatcom County",330061,Nooksack,2021-04-15 12:47:04.462400
2008-11-03,12:00,46.8,46.8,100.0,0.0,103,NE,6.8,9.9,0.89,83.9,"Nooksack, Everson, Whatcom County",330061,Nooksack,2021-04-15 12:47:04.462400
2008-11-03,12:15,46.7,46.7,100.0,0.0,72,NE,7.3,11.0,0.88,84.0,"Nooksack, Everson, Whatcom County",330061,Nooksack,2021-04-15 12:47:04.462400
2008-11-03,12:30,46.8,46.8,100.0,0.0,81,NE,8.1,10.7,0.86,83.7,"Nooksack, Everson, Whatcom County",330061,Nooksack,2021-04-15 12:47:04.462400
2008-11-03,12:45,47.1,47.1,100.0,0.0,105,NE,7.5,11.4,0.85,83.8,"Nooksack, Everson, Whatcom County",330061,Nooksack,2021-04-15 12:47:04.462400
2008-11-03,13:00,47.2,47.2,100.0,0.0,67,NE,7.2,11.0,0.85,84.0,"Nooksack, Everson, Whatcom County",330061,Nooksack,2021-04-15 12:47:04.462400
2008-11-03,13:15,47.2,47.2,100.0,0.0,53,NE,7.3,11.0,0.92,84.1,"Nooksack, Everson, Whatcom County",330061,Nooksack,2021-04-15 12:47:04.462400
2008-11-03,13:30,47.2,47.2,100.0,0.0,49,NE,7.0,11.0,0.91,83.6,"Nooksack, Everson, Whatcom County",330061,Nooksack,2021-04-15 12:47:04.462400
2008-11-03,13:45,46.8,46.8,100.0,0.0,30,NE,7.0,10.3,0.91,83.3,"Nooksack, Everson, Whatcom County",330061,Nooksack,2021-04-15 12:47:04.462400
2008-11-03,14:00,46.8,46.8,100.0,0.0,27,NE,5.6,8.5,0.91,82.9,"Nooksack, Everson, Whatcom County",330061,Nooksack,2021-04-15 12:47:04.462400
2008-11-03,14:15,46.9,46.9,100.0,0.0,44,NE,4.8,7.1,0.91,83.0,"Nooksack, Everson, Whatcom County",330061,Nooksack,2021-04-15 12:47:04.462400
2008-11-03,14:30,47.2,47.2,100.0,0.0,65,NE,5.5,8.2,0.91,82.2,"Nooksack, Everson, Whatcom County",330061,Nooksack,2021-04-15 12:47:04.462400
2008-11-03,14:45,47.2,47.2,100.0,0.0,59,NE,5.1,7.4,0.91,82.1,"Nooksack, Everson, Whatcom County",330061,Nooksack,2021-04-15 12:47:04.462400
2008-11-03,15:00,47.2,47.2,100.0,0.0,48,NE,5.2,7.8,0.91,82.2,"Nooksack, Everson, Whatcom County",330061,Nooksack,2021-04-15 12:47:04.462400
2008-11-03,15:15,47.2,47.2,100.0,0.0,35,NE,5.4,8.2,0.91,82.3,"Nooksack, Everson, Whatcom County",330061,Nooksack,2021-04-15 12:47:04.462400
2008-11-03,15:30,47.2,47.2,100.0,0.0,27,NE,3.8,6.7,0.9,83.0,"Nooksack, Everson, Whatcom County",330061,Nooksack,2021-04-15 12:47:04.462400
2008-11-03,15:45,46.9,46.9,100.0,0.01,27,NE,5.4,7.8,0.9,83.0,"Nooksack, Everson, Whatcom County",330061,Nooksack,2021-04-15 12:47:04.462400
2008-11-03,16:00,46.8,46.8,100.0,0.0,19,NE,6.0,8.2,0.9,83.0,"Nooksack, Everson, Whatcom County",330061,Nooksack,2021-04-15 12:47:04.462400
2008-11-03,16:15,46.5,46.5,100.0,0.0,14,NE,6.4,8.9,0.9,83.1,"Nooksack, Everson, Whatcom County",330061,Nooksack,2021-04-15 12:47:04.462400
2008-11-03,16:30,46.3,46.3,100.0,0.01,8,NE,6.8,9.9,0.9,82.9,"Nooksack, Everson, Whatcom County",330061,Nooksack,2021-04-15 12:47:04.462400
2008-11-03,16:45,46.0,46.0,100.0,0.0,4,NE,5.4,8.5,0.9,82.8,"Nooksack, Everson, Whatcom County",330061,Nooksack,2021-04-15 12:47:04.462400
2008-11-03,17:00,45.5,45.5,100.0,0.0,1,NE,5.5,7.8,0.9,83.0,"Nooksack, Everson, Whatcom County",330061,Nooksack,2021-04-15 12:47:04.462400
2008-11-03,17:15,45.1,45.2,100.0,0.0,0,NE,6.0,8.9,0.9,82.8,"Nooksack, Everson, Whatcom County",330061,Nooksack,2021-04-15 12:47:04.462400
2008-11-03,17:30,44.9,44.9,100.0,0.0,0,NE,4.3,7.1,0.9,82.8,"Nooksack, Everson, Whatcom County",330061,Nooksack,2021-04-15 12:47:04.462400
2008-11-03,17:45,44.5,44.5,100.0,0.0,0,NE,1.9,6.7,0.9,83.2,"Nooksack, Everson, Whatcom County",330061,Nooksack,2021-04-15 12:47:04.462400
2008-11-03,18:00,44.5,44.5,100.0,0.0,0,NE,5.4,7.8,0.9,83.0,"Nooksack, Everson, Whatcom County",330061,Nooksack,2021-04-15 12:47:04.462400
2008-11-03,18:15,44.5,44.5,100.0,0.0,0,NE,6.7,8.2,0.89,83.4,"Nooksack, Everson, Whatcom County",330061,Nooksack,2021-04-15 12:47:04.462400
2008-11-03,18:30,44.6,44.6,100.0,0.0,0,NE,6.2,8.5,0.89,83.1,"Nooksack, Everson, Whatcom County",330061,Nooksack,2021-04-15 12:47:04.462400
2008-11-03,18:45,44.5,44.5,100.0,0.0,0,NE,6.4,11.0,0.89,83.8,"Nooksack, Everson, Whatcom County",330061,Nooksack,2021-04-15 12:47:04.462400
2008-11-03,19:00,44.8,44.8,100.0,0.0,0,NE,8.8,11.4,0.89,83.9,"Nooksack, Everson, Whatcom County",330061,Nooksack,2021-04-15 12:47:04.462400
2008-11-03,19:15,44.5,44.5,100.0,0.0,0,NE,7.9,10.7,0.89,84.3,"Nooksack, Everson, Whatcom County",330061,Nooksack,2021-04-15 12:47:04.462400
2008-11-03,19:30,44.5,44.5,100.0,0.0,0,NE,8.0,12.1,0.88,84.3,"Nooksack, Everson, Whatcom County",330061,Nooksack,2021-04-15 12:47:04.462400
2008-11-03,19:45,44.9,45.0,100.0,0.0,0,NE,9.9,13.9,0.85,84.1,"Nooksack, Everson, Whatcom County",330061,Nooksack,2021-04-15 12:47:04.462400
2008-11-03,20:00,44.9,44.9,100.0,0.0,0,NE,7.2,11.7,0.81,84.1,"Nooksack, Everson, Whatcom County",330061,Nooksack,2021-04-15 12:47:04.462400
2008-11-03,20:15,44.7,44.7,100.0,0.0,0,NE,5.5,7.4,0.77,84.2,"Nooksack, Everson, Whatcom County",330061,Nooksack,2021-04-15 12:47:04.462400
2008-11-03,20:30,44.7,44.7,100.0,0.0,0,NE,4.7,7.8,0.74,84.1,"Nooksack, Everson, Whatcom County",330061,Nooksack,2021-04-15 12:47:04.462400
2008-11-03,20:45,44.8,44.8,100.0,0.0,0,NE,3.0,6.0,0.74,84.1,"Nooksack, Everson, Whatcom County",330061,Nooksack,2021-04-15 12:47:04.462400
2008-11-03,21:00,44.9,45.0,100.0,0.0,0,NE,1.4,4.2,0.74,84.0,"Nooksack, Everson, Whatcom County",330061,Nooksack,2021-04-15 12:47:04.462400
2008-11-03,21:15,44.9,44.9,100.0,0.0,0,NE,0.0,1.4,0.73,83.9,"Nooksack, Everson, Whatcom County",330061,Nooksack,2021-04-15 12:47:04.462400
2008-11-03,21:30,44.9,44.9,100.0,0.0,0,N ,0.0,0.0,0.74,83.5,"Nooksack, Everson, Whatcom County",330061,Nooksack,2021-04-15 12:47:04.462400
2008-11-03,21:45,44.9,44.9,100.0,0.0,0,E,0.0,1.4,0.76,83.3,"Nooksack, Everson, Whatcom County",330061,Nooksack,2021-04-15 12:47:04.462400
2008-11-03,22:00,44.9,45.0,100.0,0.0,0,N ,0.0,0.0,0.78,83.4,"Nooksack, Everson, Whatcom County",330061,Nooksack,2021-04-15 12:47:04.462400
2008-11-03,22:15,45.0,45.0,100.0,0.0,0,N ,0.0,0.0,0.84,83.5,"Nooksack, Everson, Whatcom County",330061,Nooksack,2021-04-15 12:47:04.462400
2008-11-03,22:30,44.9,44.9,100.0,0.0,0,N ,0.0,0.0,0.9,83.6,"Nooksack, Everson, Whatcom County",330061,Nooksack,2021-04-15 12:47:04.462400
2008-11-03,22:45,44.6,44.6,100.0,0.0,0,N ,0.0,0.0,0.92,83.8,"Nooksack, Everson, Whatcom County",330061,Nooksack,2021-04-15 12:47:04.462400
2008-11-03,23:00,44.5,44.5,100.0,0.0,0,N ,0.0,0.0,0.93,83.7,"Nooksack, Everson, Whatcom County",330061,Nooksack,2021-04-15 12:47:04.462400
2008-11-03,23:15,44.5,44.5,100.0,0.0,0,N ,0.0,0.0,0.93,83.6,"Nooksack, Everson, Whatcom County",330061,Nooksack,2021-04-15 12:47:04.462400
2008-11-03,23:30,44.5,44.5,100.0,0.0,0,N ,0.0,0.0,0.93,83.8,"Nooksack, Everson, Whatcom County",330061,Nooksack,2021-04-15 12:47:04.462400
2008-11-03,23:45,44.5,44.5,100.0,0.0,0,N ,0.0,0.0,0.92,83.6,"Nooksack, Everson, Whatcom County",330061,Nooksack,2021-04-15 12:47:04.462400
2008-11-03,24:00,44.6,44.6,100.0,0.0,0,N ,0.0,0.0,0.92,83.5,"Nooksack, Everson, Whatcom County",330061,Nooksack,2021-04-15 12:47:04.462400
2008-11-04,00:15,45.0,45.0,100.0,0.01,0,N ,0.0,0.0,0.92,83.6,"Nooksack, Everson, Whatcom County",330061,Nooksack,2021-04-15 12:47:04.462400
2008-11-04,00:30,44.6,44.6,100.0,0.01,0,N ,0.0,0.0,0.92,83.8,"Nooksack, Everson, Whatcom County",330061,Nooksack,2021-04-15 12:47:04.462400
2008-11-04,00:45,44.4,44.4,100.0,0.01,0,N ,0.0,0.0,0.91,83.9,"Nooksack, Everson, Whatcom County",330061,Nooksack,2021-04-15 12:47:04.462400
2008-11-04,01:00,44.4,44.4,100.0,0.01,0,N ,0.0,0.0,0.9,83.9,"Nooksack, Everson, Whatcom County",330061,Nooksack,2021-04-15 12:47:04.462400
2008-11-04,01:15,44.1,44.1,100.0,0.01,0,N ,0.0,0.0,0.9,83.5,"Nooksack, Everson, Whatcom County",330061,Nooksack,2021-04-15 12:47:04.462400
2008-11-04,01:30,44.0,44.0,100.0,0.02,0,N ,0.0,0.0,0.9,83.6,"Nooksack, Everson, Whatcom County",330061,Nooksack,2021-04-15 12:47:04.462400
2008-11-04,01:45,44.0,44.0,100.0,0.01,0,N ,0.0,0.0,0.9,83.2,"Nooksack, Everson, Whatcom County",330061,Nooksack,2021-04-15 12:47:04.462400
2008-11-04,02:00,44.3,44.4,100.0,0.03,0,N ,0.0,0.0,0.9,83.2,"Nooksack, Everson, Whatcom County",330061,Nooksack,2021-04-15 12:47:04.462400
2008-11-04,02:15,44.0,44.0,100.0,0.02,0,N ,0.0,0.0,0.89,83.4,"Nooksack, Everson, Whatcom County",330061,Nooksack,2021-04-15 12:47:04.462400
2008-11-04,02:30,44.0,44.0,100.0,0.02,0,N ,0.0,0.0,0.9,83.5,"Nooksack, Everson, Whatcom County",330061,Nooksack,2021-04-15 12:47:04.462400
2008-11-04,02:45,44.0,44.1,100.0,0.03,0,N ,0.0,0.0,0.9,83.7,"Nooksack, Everson, Whatcom County",330061,Nooksack,2021-04-15 12:47:04.462400
2008-11-04,03:00,44.0,44.0,100.0,0.02,0,N ,0.0,0.0,0.91,83.4,"Nooksack, Everson, Whatcom County",330061,Nooksack,2021-04-15 12:47:04.462400
2008-11-04,03:15,44.0,44.1,100.0,0.02,0,N ,0.0,0.0,0.91,83.8,"Nooksack, Everson, Whatcom County",330061,Nooksack,2021-04-15 12:47:04.462400
2008-11-04,03:30,44.0,44.0,100.0,0.02,0,N ,0.0,0.0,0.91,82.6,"Nooksack, Everson, Whatcom County",330061,Nooksack,2021-04-15 12:47:04.462400
2008-11-04,03:45,44.0,44.0,100.0,0.03,0,SW,0.0,1.4,0.9,82.8,"Nooksack, Everson, Whatcom County",330061,Nooksack,2021-04-15 12:47:04.462400
2008-11-04,04:00,44.0,44.0,100.0,0.02,0,SW,0.1,2.1,0.88,83.3,"Nooksack, Everson, Whatcom County",330061,Nooksack,2021-04-15 12:47:04.462400
2008-11-04,04:15,44.0,44.0,100.0,0.02,0,W,0.4,3.5,0.87,83.1,"Nooksack, Everson, Whatcom County",330061,Nooksack,2021-04-15 12:47:04.462400
2008-11-04,04:30,44.0,44.0,100.0,0.02,0,W,0.7,3.9,0.87,83.4,"Nooksack, Everson, Whatcom County",330061,Nooksack,2021-04-15 12:47:04.462400
2008-11-04,04:45,44.0,44.0,100.0,0.01,0,SW,2.0,5.3,0.87,83.5,"Nooksack, Everson, Whatcom County",330061,Nooksack,2021-04-15 12:47:04.462400
2008-11-04,05:00,44.0,44.0,100.0,0.02,0,SW,2.9,5.3,0.87,83.0,"Nooksack, Everson, Whatcom County",330061,Nooksack,2021-04-15 12:47:04.462400
2008-11-04,05:15,44.0,44.0,100.0,0.02,0,SW,2.9,4.9,0.88,83.4,"Nooksack, Everson, Whatcom County",330061,Nooksack,2021-04-15 12:47:04.462400
2008-11-04,05:30,44.0,44.0,100.0,0.02,0,SW,4.1,6.4,0.88,82.6,"Nooksack, Everson, Whatcom County",330061,Nooksack,2021-04-15 12:47:04.462400
2008-11-04,05:45,44.0,44.0,100.0,0.03,0,S,4.5,6.7,0.88,82.9,"Nooksack, Everson, Whatcom County",330061,Nooksack,2021-04-15 12:47:04.462400
2008-11-04,06:00,44.0,44.0,100.0,0.02,0,S,4.9,6.7,0.88,83.3,"Nooksack, Everson, Whatcom County",330061,Nooksack,2021-04-15 12:47:04.462400
2008-11-04,06:15,44.0,44.0,100.0,0.02,0,S,5.2,7.4,0.89,83.4,"Nooksack, Everson, Whatcom County",330061,Nooksack,2021-04-15 12:47:04.462400
2008-11-04,06:30,44.0,44.0,100.0,0.03,0,S,5.1,8.5,0.89,83.5,"Nooksack, Everson, Whatcom County",330061,Nooksack,2021-04-15 12:47:04.462400
2008-11-04,06:45,44.0,44.0,100.0,0.03,0,S,5.6,8.5,0.89,83.4,"Nooksack, Everson, Whatcom County",330061,Nooksack,2021-04-15 12:47:04.462400
2008-11-04,07:00,44.0,44.0,100.0,0.03,0,S,7.8,11.7,0.89,83.2,"Nooksack, Everson, Whatcom County",330061,Nooksack,2021-04-15 12:47:04.462400
2008-11-04,07:15,44.0,44.0,100.0,0.02,2,SW,9.3,13.5,0.89,84.2,"Nooksack, Everson, Whatcom County",330061,Nooksack,2021-04-15 12:47:04.462400
2008-11-04,07:30,44.0,44.0,100.0,0.03,5,S,8.1,11.0,0.89,83.1,"Nooksack, Everson, Whatcom County",330061,Nooksack,2021-04-15 12:47:04.462400
2008-11-04,07:45,44.0,44.0,100.0,0.02,9,S,8.8,12.8,0.9,83.2,"Nooksack, Everson, Whatcom County",330061,Nooksack,2021-04-15 12:47:04.462400
2008-11-04,08:00,44.0,44.0,100.0,0.04,8,S,7.5,12.1,0.9,84.0,"Nooksack, Everson, Whatcom County",330061,Nooksack,2021-04-15 12:47:04.462400
2008-11-04,08:15,44.0,44.0,100.0,0.03,9,S,7.7,13.5,0.9,83.2,"Nooksack, Everson, Whatcom County",330061,Nooksack,2021-04-15 12:47:04.462400
2008-11-04,08:30,43.5,43.5,100.0,0.04,14,S,9.1,13.9,0.9,82.9,"Nooksack, Everson, Whatcom County",330061,Nooksack,2021-04-15 12:47:04.462400
2008-11-04,08:45,43.5,43.5,100.0,0.02,18,S,8.6,13.9,0.9,82.9,"Nooksack, Everson, Whatcom County",330061,Nooksack,2021-04-15 12:47:04.462400
2008-11-04,09:00,43.8,43.8,100.0,0.0,31,S,8.3,12.4,0.89,83.2,"Nooksack, Everson, Whatcom County",330061,Nooksack,2021-04-15 12:47:04.462400
2008-11-04,09:15,44.1,44.1,100.0,0.0,34,S,8.9,14.2,0.89,83.3,"Nooksack, Everson, Whatcom County",330061,Nooksack,2021-04-15 12:47:04.462400
2008-11-04,09:30,44.5,44.5,100.0,0.0,48,S,8.2,12.8,0.89,82.7,"Nooksack, Everson, Whatcom County",330061,Nooksack,2021-04-15 12:47:04.462400
2008-11-04,09:45,45.0,45.0,100.0,0.0,67,S,8.5,12.4,0.87,83.4,"Nooksack, Everson, Whatcom County",330061,Nooksack,2021-04-15 12:47:04.462400
2008-11-04,10:00,45.4,45.4,100.0,0.0,112,S,8.4,13.5,0.84,82.9,"Nooksack, Everson, Whatcom County",330061,Nooksack,2021-04-15 12:47:04.462400
2008-11-04,10:15,46.0,46.0,100.0,0.0,150,S,7.8,12.8,0.73,83.3,"Nooksack, Everson, Whatcom County",330061,Nooksack,2021-04-15 12:47:04.462400
2008-11-04,10:30,46.5,46.5,100.0,0.0,173,S,7.6,11.7,0.32,82.2,"Nooksack, Everson, Whatcom County",330061,Nooksack,2021-04-15 12:47:04.462400
2008-11-04,10:45,46.8,46.8,100.0,0.0,151,S,6.4,9.6,0.01,82.2,"Nooksack, Everson, Whatcom County",330061,Nooksack,2021-04-15 12:47:04.462400
2008-11-04,11:00,47.2,47.2,100.0,0.0,178,S,6.0,9.2,0.0,82.6,"Nooksack, Everson, Whatcom County",330061,Nooksack,2021-04-15 12:47:04.462400
2008-11-04,11:15,47.6,47.6,100.0,0.0,180,S,5.1,9.6,0.0,82.7,"Nooksack, Everson, Whatcom County",330061,Nooksack,2021-04-15 12:47:04.462400
2008-11-04,11:30,47.4,47.4,100.0,0.0,134,S,6.5,10.7,0.0,82.4,"Nooksack, Everson, Whatcom County",330061,Nooksack,2021-04-15 12:47:04.462400
2008-11-04,11:45,47.7,47.7,100.0,0.0,120,S,6.5,9.9,0.0,82.8,"Nooksack, Everson, Whatcom County",330061,Nooksack,2021-04-15 12:47:04.462400
2008-11-04,12:00,47.6,47.6,100.0,0.0,114,S,6.0,10.3,0.0,82.8,"Nooksack, Everson, Whatcom County",330061,Nooksack,2021-04-15 12:47:04.462400
2008-11-04,12:15,47.6,47.6,100.0,0.0,94,S,5.7,8.5,0.0,82.7,"Nooksack, Everson, Whatcom County",330061,Nooksack,2021-04-15 12:47:04.462400
2008-11-04,12:30,47.6,47.6,100.0,0.0,85,S,5.6,8.5,0.0,82.5,"Nooksack, Everson, Whatcom County",330061,Nooksack,2021-04-15 12:47:04.462400
2008-11-04,12:45,47.2,47.2,100.0,0.0,83,S,6.1,8.2,0.0,82.6,"Nooksack, Everson, Whatcom County",330061,Nooksack,2021-04-15 12:47:04.462400
2008-11-04,13:00,47.2,47.2,100.0,0.0,93,S,5.3,7.8,0.0,82.4,"Nooksack, Everson, Whatcom County",330061,Nooksack,2021-04-15 12:47:04.462400
2008-11-04,13:15,47.2,47.2,100.0,0.0,112,S,6.5,9.9,0.0,82.5,"Nooksack, Everson, Whatcom County",330061,Nooksack,2021-04-15 12:47:04.462400
2008-11-04,13:30,47.2,47.2,100.0,0.0,64,S,6.0,9.9,0.0,82.9,"Nooksack, Everson, Whatcom County",330061,Nooksack,2021-04-15 12:47:04.462400
2008-11-04,13:45,47.2,47.2,100.0,0.0,42,SW,3.9,6.7,0.01,82.9,"Nooksack, Everson, Whatcom County",330061,Nooksack,2021-04-15 12:47:04.462400
2008-11-04,14:00,47.8,47.8,100.0,0.0,106,SW,0.4,2.8,0.03,82.9,"Nooksack, Everson, Whatcom County",330061,Nooksack,2021-04-15 12:47:04.462400
2008-11-04,14:15,49.2,49.2,100.0,0.0,148,N ,0.0,0.0,0.0,83.0,"Nooksack, Everson, Whatcom County",330061,Nooksack,2021-04-15 12:47:04.462400
2008-11-04,14:30,48.4,48.4,100.0,0.0,107,S,0.2,3.9,0.0,82.9,"Nooksack, Everson, Whatcom County",330061,Nooksack,2021-04-15 12:47:04.462400
2008-11-04,14:45,47.7,47.7,100.0,0.0,63,SW,0.2,3.9,0.0,83.3,"Nooksack, Everson, Whatcom County",330061,Nooksack,2021-04-15 12:47:04.462400
2008-11-04,15:00,47.8,47.8,100.0,0.0,38,SW,0.0,1.4,0.16,83.1,"Nooksack, Everson, Whatcom County",330061,Nooksack,2021-04-15 12:47:04.462400
2008-11-04,15:15,47.2,47.2,100.0,0.0,25,N ,0.0,0.0,0.52,83.7,"Nooksack, Everson, Whatcom County",330061,Nooksack,2021-04-15 12:47:04.462400
2008-11-04,15:30,46.9,46.9,100.0,0.0,25,SW,0.3,2.8,0.32,83.5,"Nooksack, Everson, Whatcom County",330061,Nooksack,2021-04-15 12:47:04.462400
2008-11-04,15:45,46.7,46.7,100.0,0.0,25,W,0.6,3.1,0.07,83.5,"Nooksack, Everson, Whatcom County",330061,Nooksack,2021-04-15 12:47:04.462400
2008-11-04,16:00,46.9,46.9,100.0,0.0,42,SW,0.0,2.8,0.0,83.5,"Nooksack, Everson, Whatcom County",330061,Nooksack,2021-04-15 12:47:04.462400
2008-11-04,16:15,47.8,47.8,100.0,0.0,44,S,4.7,9.2,0.0,83.6,"Nooksack, Everson, Whatcom County",330061,Nooksack,2021-04-15 12:47:04.462400
2008-11-04,16:30,48.1,48.1,100.0,0.0,23,S,7.2,11.0,0.0,83.6,"Nooksack, Everson, Whatcom County",330061,Nooksack,2021-04-15 12:47:04.462400
2008-11-04,16:45,48.0,48.0,100.0,0.0,9,S,7.1,9.9,0.0,83.9,"Nooksack, Everson, Whatcom County",330061,Nooksack,2021-04-15 12:47:04.462400
2008-11-04,17:00,47.6,47.6,100.0,0.0,2,S,7.0,9.9,0.0,84.1,"Nooksack, Everson, Whatcom County",330061,Nooksack,2021-04-15 12:47:04.462400
2008-11-04,17:15,47.7,47.7,100.0,0.0,0,S,6.7,10.7,0.0,84.1,"Nooksack, Everson, Whatcom County",330061,Nooksack,2021-04-15 12:47:04.462400
2008-11-04,17:30,47.6,47.6,100.0,0.0,0,S,6.3,8.5,0.0,83.9,"Nooksack, Everson, Whatcom County",330061,Nooksack,2021-04-15 12:47:04.462400
2008-11-04,17:45,47.7,47.7,100.0,0.0,0,S,6.7,12.8,0.0,83.5,"Nooksack, Everson, Whatcom County",330061,Nooksack,2021-04-15 12:47:04.462400
2008-11-04,18:00,47.7,47.7,100.0,0.0,0,S,8.1,14.6,0.0,83.2,"Nooksack, Everson, Whatcom County",330061,Nooksack,2021-04-15 12:47:04.462400
2008-11-04,18:15,47.6,47.6,100.0,0.0,0,S,7.4,12.1,0.0,83.0,"Nooksack, Everson, Whatcom County",330061,Nooksack,2021-04-15 12:47:04.462400
2008-11-04,18:30,47.3,47.3,100.0,0.0,0,S,7.9,12.1,0.0,83.2,"Nooksack, Everson, Whatcom County",330061,Nooksack,2021-04-15 12:47:04.462400
2008-11-04,18:45,47.2,47.2,100.0,0.01,0,S,8.2,12.4,0.01,83.3,"Nooksack, Everson, Whatcom County",330061,Nooksack,2021-04-15 12:47:04.462400
2008-11-04,19:00,47.2,47.2,100.0,0.0,0,S,6.7,10.3,0.0,83.5,"Nooksack, Everson, Whatcom County",330061,Nooksack,2021-04-15 12:47:04.462400
2008-11-04,19:15,46.8,46.8,100.0,0.0,0,S,7.6,11.4,0.0,83.4,"Nooksack, Everson, Whatcom County",330061,Nooksack,2021-04-15 12:47:04.462400
2008-11-04,19:30,46.3,46.3,100.0,0.0,0,S,8.1,11.7,0.0,83.6,"Nooksack, Everson, Whatcom County",330061,Nooksack,2021-04-15 12:47:04.462400
2008-11-04,19:45,45.7,45.7,100.0,0.0,0,S,7.5,12.1,0.0,83.6,"Nooksack, Everson, Whatcom County",330061,Nooksack,2021-04-15 12:47:04.462400
2008-11-04,20:00,45.8,45.8,100.0,0.0,0,S,7.7,13.9,0.0,83.4,"Nooksack, Everson, Whatcom County",330061,Nooksack,2021-04-15 12:47:04.462400
2008-11-04,20:15,45.1,45.2,100.0,0.0,0,S,6.3,9.6,0.0,83.3,"Nooksack, Everson, Whatcom County",330061,Nooksack,2021-04-15 12:47:04.462400
2008-11-04,20:30,45.2,45.3,100.0,0.0,0,S,8.3,12.4,0.0,83.6,"Nooksack, Everson, Whatcom County",330061,Nooksack,2021-04-15 12:47:04.462400
2008-11-04,20:45,45.2,45.2,100.0,0.0,0,S,7.2,10.3,0.0,83.3,"Nooksack, Everson, Whatcom County",330061,Nooksack,2021-04-15 12:47:04.462400
2008-11-04,21:00,44.6,44.6,100.0,0.0,0,S,7.2,12.8,0.0,83.3,"Nooksack, Everson, Whatcom County",330061,Nooksack,2021-04-15 12:47:04.462400
2008-11-04,21:15,45.1,45.1,100.0,0.0,0,S,6.8,9.9,0.0,83.4,"Nooksack, Everson, Whatcom County",330061,Nooksack,2021-04-15 12:47:04.462400
2008-11-04,21:30,44.6,44.6,100.0,0.0,0,S,5.5,7.4,0.0,83.2,"Nooksack, Everson, Whatcom County",330061,Nooksack,2021-04-15 12:47:04.462400
2008-11-04,21:45,44.9,44.9,100.0,0.0,0,S,5.9,9.2,0.0,83.3,"Nooksack, Everson, Whatcom County",330061,Nooksack,2021-04-15 12:47:04.462400
2008-11-04,22:00,45.0,45.0,100.0,0.0,0,S,5.9,8.9,0.0,83.0,"Nooksack, Everson, Whatcom County",330061,Nooksack,2021-04-15 12:47:04.462400
2008-11-04,22:15,44.7,44.8,100.0,0.0,0,S,5.6,7.8,0.0,83.2,"Nooksack, Everson, Whatcom County",330061,Nooksack,2021-04-15 12:47:04.462400
2008-11-04,22:30,44.4,44.4,100.0,0.0,0,S,5.7,8.5,0.0,83.7,"Nooksack, Everson, Whatcom County",330061,Nooksack,2021-04-15 12:47:04.462400
2008-11-04,22:45,44.7,44.7,100.0,0.0,0,S,6.0,8.5,0.0,83.4,"Nooksack, Everson, Whatcom County",330061,Nooksack,2021-04-15 12:47:04.462400
2008-11-04,23:00,44.8,44.8,100.0,0.0,0,S,5.1,9.2,0.0,83.6,"Nooksack, Everson, Whatcom County",330061,Nooksack,2021-04-15 12:47:04.462400
2008-11-04,23:15,44.5,44.5,100.0,0.0,0,S,5.0,7.1,0.0,83.9,"Nooksack, Everson, Whatcom County",330061,Nooksack,2021-04-15 12:47:04.462400
2008-11-04,23:30,44.0,44.0,100.0,0.0,0,S,4.4,7.8,0.0,83.8,"Nooksack, Everson, Whatcom County",330061,Nooksack,2021-04-15 12:47:04.462400
2008-11-04,23:45,44.0,44.0,100.0,0.0,0,S,5.5,8.2,0.0,83.7,"Nooksack, Everson, Whatcom County",330061,Nooksack,2021-04-15 12:47:04.462400
2008-11-04,24:00,43.9,43.9,100.0,0.0,0,S,5.5,8.5,0.0,84.0,"Nooksack, Everson, Whatcom County",330061,Nooksack,2021-04-15 12:47:04.462400
2008-11-05,00:15,43.2,43.2,100.0,0.0,0,S,5.4,9.9,0.0,84.0,"Nooksack, Everson, Whatcom County",330061,Nooksack,2021-04-15 12:47:04.462400
2008-11-05,00:30,43.1,43.1,100.0,0.0,0,S,6.5,9.9,0.0,84.2,"Nooksack, Everson, Whatcom County",330061,Nooksack,2021-04-15 12:47:04.462400
2008-11-05,00:45,43.5,43.5,100.0,0.0,0,S,7.2,9.6,0.0,84.2,"Nooksack, Everson, Whatcom County",330061,Nooksack,2021-04-15 12:47:04.462400
2008-11-05,01:00,43.3,43.3,100.0,0.0,0,S,5.7,8.9,0.0,84.2,"Nooksack, Everson, Whatcom County",330061,Nooksack,2021-04-15 12:47:04.462400
2008-11-05,01:15,42.3,42.3,100.0,0.0,0,SW,4.0,6.4,0.0,84.1,"Nooksack, Everson, Whatcom County",330061,Nooksack,2021-04-15 12:47:04.462400
2008-11-05,01:30,42.6,42.6,100.0,0.0,0,S,4.6,7.1,0.0,84.3,"Nooksack, Everson, Whatcom County",330061,Nooksack,2021-04-15 12:47:04.462400
2008-11-05,01:45,43.0,43.0,100.0,0.0,0,S,4.6,7.4,0.0,84.3,"Nooksack, Everson, Whatcom County",330061,Nooksack,2021-04-15 12:47:04.462400
2008-11-05,02:00,42.4,42.4,100.0,0.0,0,SW,4.0,6.0,0.0,84.1,"Nooksack, Everson, Whatcom County",330061,Nooksack,2021-04-15 12:47:04.462400
2008-11-05,02:15,41.4,41.4,100.0,0.0,0,SW,3.5,5.3,0.0,84.2,"Nooksack, Everson, Whatcom County",330061,Nooksack,2021-04-15 12:47:04.462400
2008-11-05,02:30,42.7,42.7,100.0,0.0,0,S,5.2,8.2,0.0,84.3,"Nooksack, Everson, Whatcom County",330061,Nooksack,2021-04-15 12:47:04.462400
2008-11-05,02:45,43.3,43.3,100.0,0.0,0,S,5.3,8.2,0.0,84.4,"Nooksack, Everson, Whatcom County",330061,Nooksack,2021-04-15 12:47:04.462400
2008-11-05,03:00,43.4,43.4,100.0,0.0,0,S,4.8,7.1,0.0,84.5,"Nooksack, Everson, Whatcom County",330061,Nooksack,2021-04-15 12:47:04.462400
2008-11-05,03:15,42.1,42.1,100.0,0.0,0,SW,3.6,5.3,0.0,84.5,"Nooksack, Everson, Whatcom County",330061,Nooksack,2021-04-15 12:47:04.462400
2008-11-05,03:30,40.5,40.5,100.0,0.0,0,SW,2.1,4.2,0.0,84.5,"Nooksack, Everson, Whatcom County",330061,Nooksack,2021-04-15 12:47:04.462400
2008-11-05,03:45,39.3,39.3,100.0,0.0,0,SW,0.6,2.8,0.0,84.8,"Nooksack, Everson, Whatcom County",330061,Nooksack,2021-04-15 12:47:04.462400
2008-11-05,04:00,37.6,37.6,100.0,0.0,0,N ,0.0,0.0,0.01,84.8,"Nooksack, Everson, Whatcom County",330061,Nooksack,2021-04-15 12:47:04.462400
2008-11-05,04:15,36.7,36.7,100.0,0.0,0,SW,0.6,3.5,0.03,84.6,"Nooksack, Everson, Whatcom County",330061,Nooksack,2021-04-15 12:47:04.462400
2008-11-05,04:30,36.8,36.8,100.0,0.0,0,N ,0.0,0.0,0.06,84.7,"Nooksack, Everson, Whatcom County",330061,Nooksack,2021-04-15 12:47:04.462400
2008-11-05,04:45,36.6,36.6,100.0,0.0,0,N ,0.0,0.0,0.12,84.7,"Nooksack, Everson, Whatcom County",330061,Nooksack,2021-04-15 12:47:04.462400
2008-11-05,05:00,36.5,36.5,100.0,0.0,0,SW,0.9,6.7,0.19,84.6,"Nooksack, Everson, Whatcom County",330061,Nooksack,2021-04-15 12:47:04.462400
2008-11-05,05:15,37.3,37.3,100.0,0.0,0,SE,0.0,1.4,0.24,84.7,"Nooksack, Everson, Whatcom County",330061,Nooksack,2021-04-15 12:47:04.462400
2008-11-05,05:30,36.9,36.9,100.0,0.0,0,N ,0.0,0.0,0.27,84.8,"Nooksack, Everson, Whatcom County",330061,Nooksack,2021-04-15 12:47:04.462400
2008-11-05,05:45,35.8,35.9,100.0,0.0,0,N ,0.0,0.0,0.3,84.7,"Nooksack, Everson, Whatcom County",330061,Nooksack,2021-04-15 12:47:04.462400
2008-11-05,06:00,34.5,34.5,100.0,0.0,0,N ,0.0,0.0,0.35,84.5,"Nooksack, Everson, Whatcom County",330061,Nooksack,2021-04-15 12:47:04.462400
2008-11-05,06:15,34.1,34.1,100.0,0.0,0,N ,0.0,0.0,0.39,84.7,"Nooksack, Everson, Whatcom County",330061,Nooksack,2021-04-15 12:47:04.462400
2008-11-05,06:30,35.2,35.2,100.0,0.0,0,SW,0.0,1.4,0.43,84.8,"Nooksack, Everson, Whatcom County",330061,Nooksack,2021-04-15 12:47:04.462400
2008-11-05,06:45,36.8,36.8,100.0,0.0,0,SW,0.0,2.4,0.46,84.7,"Nooksack, Everson, Whatcom County",330061,Nooksack,2021-04-15 12:47:04.462400
2008-11-05,07:00,37.1,37.1,100.0,0.0,2,N ,0.0,0.0,0.49,84.9,"Nooksack, Everson, Whatcom County",330061,Nooksack,2021-04-15 12:47:04.462400
2008-11-05,07:15,37.4,37.4,100.0,0.0,10,N ,0.0,0.0,0.52,84.9,"Nooksack, Everson, Whatcom County",330061,Nooksack,2021-04-15 12:47:04.462400
2008-11-05,07:30,37.5,37.5,100.0,0.0,21,N ,0.0,0.0,0.52,84.6,"Nooksack, Everson, Whatcom County",330061,Nooksack,2021-04-15 12:47:04.462400
2008-11-05,07:45,36.8,36.8,100.0,0.0,26,N ,0.0,0.0,0.52,84.6,"Nooksack, Everson, Whatcom County",330061,Nooksack,2021-04-15 12:47:04.462400
2008-11-05,08:00,35.9,35.9,100.0,0.0,31,N ,0.0,0.0,0.53,84.7,"Nooksack, Everson, Whatcom County",330061,Nooksack,2021-04-15 12:47:04.462400
2008-11-05,08:15,37.0,37.0,100.0,0.0,79,N ,0.0,0.0,0.57,84.4,"Nooksack, Everson, Whatcom County",330061,Nooksack,2021-04-15 12:47:04.462400
2008-11-05,08:30,39.4,39.4,100.0,0.0,146,N ,0.0,0.0,0.57,84.5,"Nooksack, Everson, Whatcom County",330061,Nooksack,2021-04-15 12:47:04.462400
2008-11-05,08:45,41.2,41.2,100.0,0.0,180,N ,0.0,0.0,0.5,84.3,"Nooksack, Everson, Whatcom County",330061,Nooksack,2021-04-15 12:47:04.462400
2008-11-05,09:00,41.6,41.6,100.0,0.0,175,N ,0.0,0.0,0.38,84.3,"Nooksack, Everson, Whatcom County",330061,Nooksack,2021-04-15 12:47:04.462400
2008-11-05,09:15,42.6,42.6,100.0,0.0,239,N ,0.0,0.0,0.19,84.3,"Nooksack, Everson, Whatcom County",330061,Nooksack,2021-04-15 12:47:04.462400
2008-11-05,09:30,43.1,43.1,100.0,0.0,239,NE,4.2,6.4,0.03,84.5,"Nooksack, Everson, Whatcom County",330061,Nooksack,2021-04-15 12:47:04.462400
2008-11-05,09:45,43.6,43.6,100.0,0.0,219,NE,4.0,6.0,0.0,84.7,"Nooksack, Everson, Whatcom County",330061,Nooksack,2021-04-15 12:47:04.462400
2008-11-05,10:00,44.1,44.1,100.0,0.0,274,E,4.1,6.4,0.0,84.8,"Nooksack, Everson, Whatcom County",330061,Nooksack,2021-04-15 12:47:04.462400
2008-11-05,10:15,44.6,44.6,100.0,0.0,278,NE,4.9,7.4,0.0,84.5,"Nooksack, Everson, Whatcom County",330061,Nooksack,2021-04-15 12:47:04.462400
2008-11-05,10:30,44.7,44.7,100.0,0.0,298,NE,5.8,9.2,0.0,84.6,"Nooksack, Everson, Whatcom County",330061,Nooksack,2021-04-15 12:47:04.462400
2008-11-05,10:45,45.2,45.2,100.0,0.0,334,NE,6.2,8.9,0.0,84.7,"Nooksack, Everson, Whatcom County",330061,Nooksack,2021-04-15 12:47:04.462400
2008-11-05,11:00,45.9,45.9,100.0,0.0,309,NE,7.1,9.2,0.0,84.4,"Nooksack, Everson, Whatcom County",330061,Nooksack,2021-04-15 12:47:04.462400
2008-11-05,11:15,46.0,46.0,100.0,0.0,294,NE,7.7,9.6,0.0,84.6,"Nooksack, Everson, Whatcom County",330061,Nooksack,2021-04-15 12:47:04.462400
2008-11-05,11:30,47.0,47.0,100.0,0.0,346,NE,8.0,10.7,0.0,84.9,"Nooksack, Everson, Whatcom County",330061,Nooksack,2021-04-15 12:47:04.462400
2008-11-05,11:45,47.2,47.2,100.0,0.0,362,NE,7.9,9.9,0.0,85.3,"Nooksack, Everson, Whatcom County",330061,Nooksack,2021-04-15 12:47:04.462400
2008-11-05,12:00,47.8,47.8,100.0,0.0,400,NE,7.3,10.7,0.0,85.0,"Nooksack, Everson, Whatcom County",330061,Nooksack,2021-04-15 12:47:04.462400
2008-11-05,12:15,48.1,48.1,100.0,0.0,338,NE,7.5,9.2,0.0,85.3,"Nooksack, Everson, Whatcom County",330061,Nooksack,2021-04-15 12:47:04.462400
2008-11-05,12:30,48.4,48.4,100.0,0.0,369,NE,7.9,11.0,0.0,85.1,"Nooksack, Everson, Whatcom County",330061,Nooksack,2021-04-15 12:47:04.462400
2008-11-05,12:45,49.2,49.2,100.0,0.0,369,NE,7.8,10.3,0.0,84.7,"Nooksack, Everson, Whatcom County",330061,Nooksack,2021-04-15 12:47:04.462400
2008-11-05,13:00,49.3,49.3,100.0,0.0,356,NE,7.9,11.0,0.0,84.4,"Nooksack, Everson, Whatcom County",330061,Nooksack,2021-04-15 12:47:04.462400
2008-11-05,13:15,49.3,49.3,100.0,0.0,291,NE,3.4,9.6,0.0,84.7,"Nooksack, Everson, Whatcom County",330061,Nooksack,2021-04-15 12:47:04.462400
2008-11-05,13:30,49.8,49.8,100.0,0.0,312,NE,0.7,10.3,0.0,84.9,"Nooksack, Everson, Whatcom County",330061,Nooksack,2021-04-15 12:47:04.462400
2008-11-05,13:45,49.4,49.4,100.0,0.0,252,NE,0.1,4.6,0.0,84.8,"Nooksack, Everson, Whatcom County",330061,Nooksack,2021-04-15 12:47:04.462400
2008-11-05,14:00,48.9,49.0,100.0,0.0,152,N ,0.0,0.0,0.0,84.5,"Nooksack, Everson, Whatcom County",330061,Nooksack,2021-04-15 12:47:04.462400
2008-11-05,14:15,48.6,48.6,100.0,0.0,177,N ,0.0,0.0,0.0,84.6,"Nooksack, Everson, Whatcom County",330061,Nooksack,2021-04-15 12:47:04.462400
2008-11-05,14:30,49.2,49.2,100.0,0.0,247,NE,0.0,1.4,0.0,85.0,"Nooksack, Everson, Whatcom County",330061,Nooksack,2021-04-15 12:47:04.462400
2008-11-05,14:45,48.9,48.9,100.0,0.0,153,NE,6.1,13.2,0.0,85.0,"Nooksack, Everson, Whatcom County",330061,Nooksack,2021-04-15 12:47:04.462400
2008-11-05,15:00,47.6,47.6,100.0,0.0,80,NE,3.4,12.1,0.0,84.9,"Nooksack, Everson, Whatcom County",330061,Nooksack,2021-04-15 12:47:04.462400
2008-11-05,15:15,46.8,46.8,100.0,0.0,86,NE,0.5,7.8,0.0,84.7,"Nooksack, Everson, Whatcom County",330061,Nooksack,2021-04-15 12:47:04.462400
2008-11-05,15:30,46.9,46.9,100.0,0.0,72,NE,0.0,5.3,0.0,84.6,"Nooksack, Everson, Whatcom County",330061,Nooksack,2021-04-15 12:47:04.462400
2008-11-05,15:45,46.1,46.1,100.0,0.0,51,N ,0.0,0.0,0.0,85.0,"Nooksack, Everson, Whatcom County",330061,Nooksack,2021-04-15 12:47:04.462400
2008-11-05,16:00,45.2,45.2,100.0,0.0,26,N ,0.0,0.0,0.0,85.1,"Nooksack, Everson, Whatcom County",330061,Nooksack,2021-04-15 12:47:04.462400
2008-11-05,16:15,44.1,44.1,100.0,0.0,19,N ,0.0,0.0,0.0,85.1,"Nooksack, Everson, Whatcom County",330061,Nooksack,2021-04-15 12:47:04.462400
2008-11-05,16:30,44.2,44.3,100.0,0.0,10,N ,0.0,0.0,0.0,85.0,"Nooksack, Everson, Whatcom County",330061,Nooksack,2021-04-15 12:47:04.462400
2008-11-05,16:45,44.0,44.0,100.0,0.0,2,N ,0.0,0.0,0.0,85.2,"Nooksack, Everson, Whatcom County",330061,Nooksack,2021-04-15 12:47:04.462400
2008-11-05,17:00,44.7,44.7,100.0,0.0,0,NE,2.2,11.4,0.0,85.2,"Nooksack, Everson, Whatcom County",330061,Nooksack,2021-04-15 12:47:04.462400
2008-11-05,17:15,45.1,45.1,100.0,0.0,0,NE,3.2,11.4,0.0,84.8,"Nooksack, Everson, Whatcom County",330061,Nooksack,2021-04-15 12:47:04.462400
2008-11-05,17:30,44.1,44.1,100.0,0.0,0,NE,0.0,1.4,0.0,84.8,"Nooksack, Everson, Whatcom County",330061,Nooksack,2021-04-15 12:47:04.462400
2008-11-05,17:45,43.8,43.8,100.0,0.0,0,NE,0.0,1.4,0.0,84.8,"Nooksack, Everson, Whatcom County",330061,Nooksack,2021-04-15 12:47:04.462400
2008-11-05,18:00,43.5,43.5,100.0,0.0,0,NE,0.1,2.4,0.0,84.9,"Nooksack, Everson, Whatcom County",330061,Nooksack,2021-04-15 12:47:04.462400
2008-11-05,18:15,43.3,43.3,100.0,0.0,0,NE,0.7,9.2,0.0,85.0,"Nooksack, Everson, Whatcom County",330061,Nooksack,2021-04-15 12:47:04.462400
2008-11-05,18:30,43.6,43.6,100.0,0.0,0,NE,0.2,6.7,0.0,84.8,"Nooksack, Everson, Whatcom County",330061,Nooksack,2021-04-15 12:47:04.462400
2008-11-05,18:45,43.4,43.4,100.0,0.0,0,NE,1.2,7.8,0.0,85.2,"Nooksack, Everson, Whatcom County",330061,Nooksack,2021-04-15 12:47:04.462400
2008-11-05,19:00,43.5,43.5,100.0,0.0,0,NE,0.0,1.4,0.0,85.0,"Nooksack, Everson, Whatcom County",330061,Nooksack,2021-04-15 12:47:04.462400
2008-11-05,19:15,43.4,43.4,100.0,0.0,0,E,0.1,9.6,0.0,85.1,"Nooksack, Everson, Whatcom County",330061,Nooksack,2021-04-15 12:47:04.462400
2008-11-05,19:30,44.0,44.0,100.0,0.0,0,NE,4.0,11.7,0.0,85.0,"Nooksack, Everson, Whatcom County",330061,Nooksack,2021-04-15 12:47:04.462400
2008-11-05,19:45,43.8,43.8,100.0,0.0,0,NE,1.5,9.9,0.0,84.9,"Nooksack, Everson, Whatcom County",330061,Nooksack,2021-04-15 12:47:04.462400
2008-11-05,20:00,43.6,43.6,100.0,0.0,0,NE,1.1,10.7,0.0,85.2,"Nooksack, Everson, Whatcom County",330061,Nooksack,2021-04-15 12:47:04.462400
2008-11-05,20:15,43.5,43.6,100.0,0.0,0,NE,5.3,11.0,0.0,84.8,"Nooksack, Everson, Whatcom County",330061,Nooksack,2021-04-15 12:47:04.462400
2008-11-05,20:30,43.5,43.6,100.0,0.0,0,NE,7.3,15.3,0.0,84.6,"Nooksack, Everson, Whatcom County",330061,Nooksack,2021-04-15 12:47:04.462400
2008-11-05,20:45,43.3,43.3,100.0,0.0,0,NE,6.6,14.6,0.0,84.8,"Nooksack, Everson, Whatcom County",330061,Nooksack,2021-04-15 12:47:04.462400
2008-11-05,21:00,43.3,43.4,100.0,0.0,0,NE,7.9,15.3,0.0,85.1,"Nooksack, Everson, Whatcom County",330061,Nooksack,2021-04-15 12:47:04.462400
2008-11-05,21:15,43.2,43.2,100.0,0.0,0,NE,8.9,14.2,0.0,85.1,"Nooksack, Everson, Whatcom County",330061,Nooksack,2021-04-15 12:47:04.462400
2008-11-05,21:30,43.1,43.1,100.0,0.0,0,NE,6.0,13.9,0.0,84.9,"Nooksack, Everson, Whatcom County",330061,Nooksack,2021-04-15 12:47:04.462400
2008-11-05,21:45,43.1,43.1,100.0,0.0,0,NE,7.8,15.0,0.0,84.8,"Nooksack, Everson, Whatcom County",330061,Nooksack,2021-04-15 12:47:04.462400
2008-11-05,22:00,43.1,43.1,100.0,0.0,0,NE,4.2,14.2,0.0,85.0,"Nooksack, Everson, Whatcom County",330061,Nooksack,2021-04-15 12:47:04.462400
2008-11-05,22:15,43.2,43.2,100.0,0.0,0,NE,0.6,10.7,0.0,84.8,"Nooksack, Everson, Whatcom County",330061,Nooksack,2021-04-15 12:47:04.462400
2008-11-05,22:30,43.5,43.5,100.0,0.0,0,NE,10.8,15.7,0.0,84.7,"Nooksack, Everson, Whatcom County",330061,Nooksack,2021-04-15 12:47:04.462400
2008-11-05,22:45,43.5,43.5,100.0,0.0,0,NE,6.5,16.4,0.0,84.7,"Nooksack, Everson, Whatcom County",330061,Nooksack,2021-04-15 12:47:04.462400
2008-11-05,23:00,43.3,43.3,100.0,0.0,0,NE,10.5,15.7,0.0,84.5,"Nooksack, Everson, Whatcom County",330061,Nooksack,2021-04-15 12:47:04.462400
