Date,Time PDT,1.5m Air Temp °F, 1.5m Dew Point °F, 1.5m Rel Hum %, Tot Prec in, Solar Rad W/m², Wind Direction, Wind Speed mph, 2m Wind Gust mph, 1.5m Leaf Wet u., 8 in. Soil Tmp °F,Location,Station ID,Station Name,Download Timestamp
2017-03-08,23:15,34.1,34.0,99.4,0.01,0,NE,4.4,5.7,0.5,38.4,"Nooksack, Everson, Whatcom County",330061,Nooksack,2021-04-28 23:17:08.279751
2017-03-08,23:30,34.0,33.8,99.4,0.01,0,NE,4.2,5.7,0.45,38.3,"Nooksack, Everson, Whatcom County",330061,Nooksack,2021-04-28 23:17:08.279751
2017-03-08,23:45,33.9,33.8,99.4,0.0,0,NE,4.2,5.7,0.46,38.3,"Nooksack, Everson, Whatcom County",330061,Nooksack,2021-04-28 23:17:08.279751
2017-03-08,24:00,34.0,33.8,99.4,0.0,0,NE,3.2,5.3,0.42,38.2,"Nooksack, Everson, Whatcom County",330061,Nooksack,2021-04-28 23:17:08.279751
2017-03-09,00:15,34.1,34.0,99.4,0.01,0,NE,4.2,6.0,0.45,38.2,"Nooksack, Everson, Whatcom County",330061,Nooksack,2021-04-28 23:17:08.279751
2017-03-09,00:30,34.2,34.1,99.4,0.0,0,NE,3.6,6.4,0.47,38.1,"Nooksack, Everson, Whatcom County",330061,Nooksack,2021-04-28 23:17:08.279751
2017-03-09,00:45,34.3,34.2,99.4,0.0,0,NE,4.9,6.4,0.52,38.1,"Nooksack, Everson, Whatcom County",330061,Nooksack,2021-04-28 23:17:08.279751
2017-03-09,01:00,34.4,34.3,99.4,0.0,0,NE,5.1,7.1,0.56,38.0,"Nooksack, Everson, Whatcom County",330061,Nooksack,2021-04-28 23:17:08.279751
2017-03-09,01:15,34.5,34.4,99.4,0.0,0,NE,2.2,3.9,0.53,38.0,"Nooksack, Everson, Whatcom County",330061,Nooksack,2021-04-28 23:17:08.279751
2017-03-09,01:30,34.4,34.3,99.4,0.0,0,NE,4.7,6.7,0.45,37.9,"Nooksack, Everson, Whatcom County",330061,Nooksack,2021-04-28 23:17:08.279751
2017-03-09,01:45,34.3,34.2,99.4,0.0,0,NE,5.9,8.2,0.42,37.9,"Nooksack, Everson, Whatcom County",330061,Nooksack,2021-04-28 23:17:08.279751
2017-03-09,02:00,34.4,34.2,99.4,0.01,0,NE,6.2,8.2,0.45,37.9,"Nooksack, Everson, Whatcom County",330061,Nooksack,2021-04-28 23:17:08.279751
2017-03-09,02:15,34.4,34.2,99.4,0.0,0,NE,6.9,9.9,0.54,37.8,"Nooksack, Everson, Whatcom County",330061,Nooksack,2021-04-28 23:17:08.279751
2017-03-09,02:30,34.4,34.2,99.4,0.0,0,NE,6.5,8.2,0.55,37.8,"Nooksack, Everson, Whatcom County",330061,Nooksack,2021-04-28 23:17:08.279751
2017-03-09,02:45,34.3,34.2,99.4,0.0,0,NE,7.3,9.2,0.59,37.7,"Nooksack, Everson, Whatcom County",330061,Nooksack,2021-04-28 23:17:08.279751
2017-03-09,03:00,34.3,34.2,99.4,0.0,0,NE,6.5,8.5,0.58,37.7,"Nooksack, Everson, Whatcom County",330061,Nooksack,2021-04-28 23:17:08.279751
2017-03-09,03:15,34.4,34.3,99.4,0.0,0,NE,6.1,9.6,0.61,37.7,"Nooksack, Everson, Whatcom County",330061,Nooksack,2021-04-28 23:17:08.279751
2017-03-09,03:30,34.5,34.3,99.4,0.0,0,NE,6.6,9.6,0.65,37.6,"Nooksack, Everson, Whatcom County",330061,Nooksack,2021-04-28 23:17:08.279751
2017-03-09,03:45,34.4,34.2,99.4,0.0,0,NE,6.3,7.8,0.63,37.6,"Nooksack, Everson, Whatcom County",330061,Nooksack,2021-04-28 23:17:08.279751
2017-03-09,04:00,34.1,34.0,99.4,0.0,0,NE,5.9,8.2,0.58,37.6,"Nooksack, Everson, Whatcom County",330061,Nooksack,2021-04-28 23:17:08.279751
2017-03-09,04:15,34.3,34.1,99.4,0.0,0,NE,6.2,7.8,0.58,37.5,"Nooksack, Everson, Whatcom County",330061,Nooksack,2021-04-28 23:17:08.279751
2017-03-09,04:30,34.3,34.2,99.4,0.0,0,NE,6.7,8.9,0.61,37.5,"Nooksack, Everson, Whatcom County",330061,Nooksack,2021-04-28 23:17:08.279751
2017-03-09,04:45,34.2,34.1,99.4,0.0,0,NE,6.5,8.9,0.63,37.5,"Nooksack, Everson, Whatcom County",330061,Nooksack,2021-04-28 23:17:08.279751
2017-03-09,05:00,34.1,34.0,99.4,0.0,0,NE,6.8,9.2,0.63,37.4,"Nooksack, Everson, Whatcom County",330061,Nooksack,2021-04-28 23:17:08.279751
2017-03-09,05:15,34.0,33.9,99.4,0.0,0,NE,6.6,8.9,0.65,37.4,"Nooksack, Everson, Whatcom County",330061,Nooksack,2021-04-28 23:17:08.279751
2017-03-09,05:30,34.0,33.9,99.4,0.0,0,NE,6.9,10.7,0.63,37.4,"Nooksack, Everson, Whatcom County",330061,Nooksack,2021-04-28 23:17:08.279751
2017-03-09,05:45,33.9,33.8,99.4,0.0,0,NE,6.7,9.6,0.6,37.3,"Nooksack, Everson, Whatcom County",330061,Nooksack,2021-04-28 23:17:08.279751
2017-03-09,06:00,34.0,33.9,99.4,0.0,0,NE,6.5,8.5,0.58,37.3,"Nooksack, Everson, Whatcom County",330061,Nooksack,2021-04-28 23:17:08.279751
2017-03-09,06:15,34.1,33.9,99.4,0.0,0,NE,6.6,8.5,0.55,37.3,"Nooksack, Everson, Whatcom County",330061,Nooksack,2021-04-28 23:17:08.279751
2017-03-09,06:30,34.2,34.1,99.4,0.0,0,NE,6.7,8.9,0.5,37.2,"Nooksack, Everson, Whatcom County",330061,Nooksack,2021-04-28 23:17:08.279751
2017-03-09,06:45,34.4,34.2,99.4,0.0,2,NE,7.1,9.6,0.46,37.2,"Nooksack, Everson, Whatcom County",330061,Nooksack,2021-04-28 23:17:08.279751
2017-03-09,07:00,34.4,34.3,99.4,0.0,8,NE,6.4,8.9,0.46,37.2,"Nooksack, Everson, Whatcom County",330061,Nooksack,2021-04-28 23:17:08.279751
2017-03-09,07:15,34.5,34.4,99.4,0.0,15,NE,6.5,9.2,0.47,37.2,"Nooksack, Everson, Whatcom County",330061,Nooksack,2021-04-28 23:17:08.279751
2017-03-09,07:30,34.6,34.5,99.4,0.0,21,NE,6.4,8.9,0.48,37.1,"Nooksack, Everson, Whatcom County",330061,Nooksack,2021-04-28 23:17:08.279751
2017-03-09,07:45,34.8,34.6,99.4,0.0,39,NE,7.5,9.9,0.5,37.1,"Nooksack, Everson, Whatcom County",330061,Nooksack,2021-04-28 23:17:08.279751
2017-03-09,08:00,35.1,34.9,99.4,0.0,48,NE,8.0,10.7,0.51,37.1,"Nooksack, Everson, Whatcom County",330061,Nooksack,2021-04-28 23:17:08.279751
2017-03-09,08:15,35.2,35.0,99.4,0.0,46,NE,7.9,9.9,0.52,37.0,"Nooksack, Everson, Whatcom County",330061,Nooksack,2021-04-28 23:17:08.279751
2017-03-09,08:30,35.5,35.4,99.4,0.0,56,NE,7.8,9.6,0.54,37.0,"Nooksack, Everson, Whatcom County",330061,Nooksack,2021-04-28 23:17:08.279751
2017-03-09,08:45,35.7,35.6,99.4,0.0,67,NE,8.3,11.0,0.54,37.0,"Nooksack, Everson, Whatcom County",330061,Nooksack,2021-04-28 23:17:08.279751
2017-03-09,09:00,36.0,35.9,99.4,0.0,95,NE,9.3,12.4,0.49,37.0,"Nooksack, Everson, Whatcom County",330061,Nooksack,2021-04-28 23:17:08.279751
2017-03-09,09:15,36.4,36.3,99.4,0.0,121,NE,9.1,12.1,0.44,37.0,"Nooksack, Everson, Whatcom County",330061,Nooksack,2021-04-28 23:17:08.279751
2017-03-09,09:30,36.8,36.5,99.1,0.0,140,NE,9.7,12.8,0.35,37.0,"Nooksack, Everson, Whatcom County",330061,Nooksack,2021-04-28 23:17:08.279751
2017-03-09,09:45,37.1,36.7,98.3,0.0,151,NE,9.8,15.0,0.19,36.9,"Nooksack, Everson, Whatcom County",330061,Nooksack,2021-04-28 23:17:08.279751
2017-03-09,10:00,37.3,36.6,97.6,0.0,144,NE,9.9,13.2,0.23,36.9,"Nooksack, Everson, Whatcom County",330061,Nooksack,2021-04-28 23:17:08.279751
2017-03-09,10:15,37.9,37.2,97.3,0.0,179,NE,9.3,12.8,0.11,36.9,"Nooksack, Everson, Whatcom County",330061,Nooksack,2021-04-28 23:17:08.279751
2017-03-09,10:30,38.4,37.2,95.1,0.0,183,NE,10.0,12.8,0.01,36.9,"Nooksack, Everson, Whatcom County",330061,Nooksack,2021-04-28 23:17:08.279751
2017-03-09,10:45,38.6,37.2,94.4,0.0,224,NE,11.1,16.0,0.0,37.0,"Nooksack, Everson, Whatcom County",330061,Nooksack,2021-04-28 23:17:08.279751
2017-03-09,11:00,39.0,37.3,93.6,0.0,207,NE,10.9,15.0,0.0,37.0,"Nooksack, Everson, Whatcom County",330061,Nooksack,2021-04-28 23:17:08.279751
2017-03-09,11:15,39.6,37.4,92.0,0.0,196,NE,9.9,13.9,0.0,37.0,"Nooksack, Everson, Whatcom County",330061,Nooksack,2021-04-28 23:17:08.279751
2017-03-09,11:30,39.6,37.3,91.5,0.0,190,NE,10.0,13.9,0.0,37.0,"Nooksack, Everson, Whatcom County",330061,Nooksack,2021-04-28 23:17:08.279751
2017-03-09,11:45,39.9,36.9,88.8,0.0,218,NE,11.0,14.6,0.0,37.1,"Nooksack, Everson, Whatcom County",330061,Nooksack,2021-04-28 23:17:08.279751
2017-03-09,12:00,39.8,36.9,89.1,0.0,158,NE,10.5,13.5,0.0,37.1,"Nooksack, Everson, Whatcom County",330061,Nooksack,2021-04-28 23:17:08.279751
2017-03-09,12:15,39.6,36.0,86.9,0.0,100,NE,11.2,15.0,0.0,37.2,"Nooksack, Everson, Whatcom County",330061,Nooksack,2021-04-28 23:17:08.279751
2017-03-09,12:30,39.8,36.0,86.3,0.0,98,NE,10.0,13.5,0.0,37.2,"Nooksack, Everson, Whatcom County",330061,Nooksack,2021-04-28 23:17:08.279751
2017-03-09,12:45,39.7,35.5,85.0,0.0,78,NE,9.4,13.2,0.06,37.3,"Nooksack, Everson, Whatcom County",330061,Nooksack,2021-04-28 23:17:08.279751
2017-03-09,13:00,39.7,35.7,85.5,0.0,81,NE,9.2,13.5,0.05,37.3,"Nooksack, Everson, Whatcom County",330061,Nooksack,2021-04-28 23:17:08.279751
2017-03-09,13:15,39.8,36.1,86.3,0.0,69,NE,9.1,12.1,0.29,37.4,"Nooksack, Everson, Whatcom County",330061,Nooksack,2021-04-28 23:17:08.279751
2017-03-09,13:30,39.5,36.3,87.9,0.0,48,NE,10.2,13.2,0.69,37.5,"Nooksack, Everson, Whatcom County",330061,Nooksack,2021-04-28 23:17:08.279751
2017-03-09,13:45,39.2,36.5,90.0,0.01,60,NE,10.2,14.2,0.56,37.5,"Nooksack, Everson, Whatcom County",330061,Nooksack,2021-04-28 23:17:08.279751
2017-03-09,14:00,38.8,35.9,89.4,0.02,67,NE,11.8,16.4,0.44,37.6,"Nooksack, Everson, Whatcom County",330061,Nooksack,2021-04-28 23:17:08.279751
2017-03-09,14:15,38.6,35.8,89.5,0.0,51,NE,12.2,17.1,0.44,37.6,"Nooksack, Everson, Whatcom County",330061,Nooksack,2021-04-28 23:17:08.279751
2017-03-09,14:30,38.6,36.1,90.5,0.01,38,NE,12.7,19.6,0.42,37.7,"Nooksack, Everson, Whatcom County",330061,Nooksack,2021-04-28 23:17:08.279751
2017-03-09,14:45,38.0,36.0,92.4,0.01,30,NE,13.4,18.2,0.38,37.7,"Nooksack, Everson, Whatcom County",330061,Nooksack,2021-04-28 23:17:08.279751
2017-03-09,15:00,37.5,35.8,93.7,0.01,38,NE,13.7,18.5,0.35,37.7,"Nooksack, Everson, Whatcom County",330061,Nooksack,2021-04-28 23:17:08.279751
2017-03-09,15:15,37.1,35.8,94.9,0.03,65,NE,13.8,18.2,0.29,37.8,"Nooksack, Everson, Whatcom County",330061,Nooksack,2021-04-28 23:17:08.279751
2017-03-09,15:30,37.0,36.0,96.4,0.02,71,NE,14.3,18.5,0.29,37.8,"Nooksack, Everson, Whatcom County",330061,Nooksack,2021-04-28 23:17:08.279751
2017-03-09,15:45,36.6,35.9,97.2,0.01,54,NE,14.3,18.9,0.28,37.8,"Nooksack, Everson, Whatcom County",330061,Nooksack,2021-04-28 23:17:08.279751
2017-03-09,16:00,36.4,35.9,98.0,0.0,40,NE,13.0,18.5,0.32,37.8,"Nooksack, Everson, Whatcom County",330061,Nooksack,2021-04-28 23:17:08.279751
2017-03-09,16:15,36.3,36.0,98.8,0.0,26,NE,11.9,17.1,0.33,37.9,"Nooksack, Everson, Whatcom County",330061,Nooksack,2021-04-28 23:17:08.279751
2017-03-09,16:30,36.3,36.0,99.0,0.02,25,NE,12.2,17.5,0.3,37.9,"Nooksack, Everson, Whatcom County",330061,Nooksack,2021-04-28 23:17:08.279751
2017-03-09,16:45,36.2,35.9,98.9,0.01,23,NE,11.6,16.0,0.28,37.9,"Nooksack, Everson, Whatcom County",330061,Nooksack,2021-04-28 23:17:08.279751
2017-03-09,17:00,36.1,35.9,99.2,0.01,19,NE,10.0,15.0,0.27,37.9,"Nooksack, Everson, Whatcom County",330061,Nooksack,2021-04-28 23:17:08.279751
2017-03-09,17:15,36.1,35.9,99.4,0.01,25,NE,10.1,13.9,0.28,37.9,"Nooksack, Everson, Whatcom County",330061,Nooksack,2021-04-28 23:17:08.279751
2017-03-09,17:30,36.1,36.0,99.4,0.0,19,NE,10.9,14.2,0.29,37.9,"Nooksack, Everson, Whatcom County",330061,Nooksack,2021-04-28 23:17:08.279751
2017-03-09,17:45,36.2,36.1,99.4,0.01,9,NE,11.3,15.3,0.3,37.9,"Nooksack, Everson, Whatcom County",330061,Nooksack,2021-04-28 23:17:08.279751
2017-03-09,18:00,36.4,36.3,99.4,0.0,4,NE,11.1,16.0,0.34,37.9,"Nooksack, Everson, Whatcom County",330061,Nooksack,2021-04-28 23:17:08.279751
2017-03-09,18:15,36.6,36.4,99.2,0.0,0,NE,11.0,14.6,0.38,37.8,"Nooksack, Everson, Whatcom County",330061,Nooksack,2021-04-28 23:17:08.279751
2017-03-09,18:30,36.7,36.4,99.0,0.0,0,NE,10.3,14.2,0.34,37.8,"Nooksack, Everson, Whatcom County",330061,Nooksack,2021-04-28 23:17:08.279751
2017-03-09,18:45,36.8,36.6,99.1,0.0,0,NE,10.3,15.0,0.36,37.8,"Nooksack, Everson, Whatcom County",330061,Nooksack,2021-04-28 23:17:08.279751
2017-03-09,19:00,36.9,36.6,98.7,0.0,0,NE,12.8,18.9,0.38,37.8,"Nooksack, Everson, Whatcom County",330061,Nooksack,2021-04-28 23:17:08.279751
2017-03-09,19:15,37.0,36.7,98.6,0.0,0,NE,12.3,17.5,0.38,37.8,"Nooksack, Everson, Whatcom County",330061,Nooksack,2021-04-28 23:17:08.279751
2017-03-09,19:30,37.2,36.7,98.0,0.01,0,NE,13.7,19.2,0.37,37.8,"Nooksack, Everson, Whatcom County",330061,Nooksack,2021-04-28 23:17:08.279751
2017-03-09,19:45,37.1,36.8,98.7,0.0,0,NE,12.4,18.2,0.52,37.7,"Nooksack, Everson, Whatcom County",330061,Nooksack,2021-04-28 23:17:08.279751
2017-03-09,20:00,37.0,36.9,99.4,0.0,0,NE,13.9,19.2,0.47,37.7,"Nooksack, Everson, Whatcom County",330061,Nooksack,2021-04-28 23:17:08.279751
2017-03-09,20:15,37.1,37.0,99.4,0.0,0,NE,14.8,21.0,0.48,37.7,"Nooksack, Everson, Whatcom County",330061,Nooksack,2021-04-28 23:17:08.279751
2017-03-09,20:30,37.2,37.0,99.4,0.0,0,NE,16.5,21.8,0.43,37.7,"Nooksack, Everson, Whatcom County",330061,Nooksack,2021-04-28 23:17:08.279751
2017-03-09,20:45,37.2,37.0,99.4,0.0,0,NE,15.4,20.7,0.36,37.7,"Nooksack, Everson, Whatcom County",330061,Nooksack,2021-04-28 23:17:08.279751
2017-03-09,21:00,37.4,37.2,99.4,0.0,0,NE,14.4,21.0,0.29,37.7,"Nooksack, Everson, Whatcom County",330061,Nooksack,2021-04-28 23:17:08.279751
2017-03-09,21:15,37.3,37.1,99.0,0.0,0,NE,14.4,20.7,0.29,37.6,"Nooksack, Everson, Whatcom County",330061,Nooksack,2021-04-28 23:17:08.279751
2017-03-09,21:30,37.4,37.0,98.7,0.0,0,NE,13.9,18.9,0.28,37.6,"Nooksack, Everson, Whatcom County",330061,Nooksack,2021-04-28 23:17:08.279751
2017-03-09,21:45,37.5,37.0,98.2,0.0,0,NE,16.0,21.8,0.29,37.6,"Nooksack, Everson, Whatcom County",330061,Nooksack,2021-04-28 23:17:08.279751
2017-03-09,22:00,37.5,36.9,97.6,0.0,0,NE,16.3,22.1,0.13,37.6,"Nooksack, Everson, Whatcom County",330061,Nooksack,2021-04-28 23:17:08.279751
2017-03-09,22:15,37.4,36.8,97.6,0.0,0,NE,15.0,21.4,0.03,37.6,"Nooksack, Everson, Whatcom County",330061,Nooksack,2021-04-28 23:17:08.279751
2017-03-09,22:30,37.6,36.8,96.8,0.0,0,NE,14.8,19.6,0.01,37.6,"Nooksack, Everson, Whatcom County",330061,Nooksack,2021-04-28 23:17:08.279751
2017-03-09,22:45,37.7,36.6,95.9,0.0,0,NE,14.6,19.2,0.0,37.6,"Nooksack, Everson, Whatcom County",330061,Nooksack,2021-04-28 23:17:08.279751
2017-03-09,23:00,37.5,36.5,96.2,0.0,0,NE,15.2,21.4,0.03,37.6,"Nooksack, Everson, Whatcom County",330061,Nooksack,2021-04-28 23:17:08.279751
2017-03-09,23:15,37.3,36.5,97.0,0.0,0,NE,14.5,20.3,0.07,37.6,"Nooksack, Everson, Whatcom County",330061,Nooksack,2021-04-28 23:17:08.279751
2017-03-09,23:30,37.4,36.6,96.8,0.0,0,NE,13.4,19.6,0.01,37.5,"Nooksack, Everson, Whatcom County",330061,Nooksack,2021-04-28 23:17:08.279751
2017-03-09,23:45,37.5,36.4,95.7,0.0,0,NE,15.4,22.1,0.0,37.5,"Nooksack, Everson, Whatcom County",330061,Nooksack,2021-04-28 23:17:08.279751
2017-03-09,24:00,37.5,36.4,95.4,0.0,0,NE,16.9,23.2,0.12,37.5,"Nooksack, Everson, Whatcom County",330061,Nooksack,2021-04-28 23:17:08.279751
2017-03-10,00:15,37.5,36.4,95.6,0.0,0,NE,15.1,22.8,0.16,37.5,"Nooksack, Everson, Whatcom County",330061,Nooksack,2021-04-28 23:17:08.279751
2017-03-10,00:30,37.5,36.2,94.9,0.0,0,NE,15.7,22.8,0.03,37.5,"Nooksack, Everson, Whatcom County",330061,Nooksack,2021-04-28 23:17:08.279751
2017-03-10,00:45,37.5,36.1,94.7,0.0,0,NE,14.7,25.0,0.32,37.5,"Nooksack, Everson, Whatcom County",330061,Nooksack,2021-04-28 23:17:08.279751
2017-03-10,01:00,37.3,36.2,95.8,0.01,0,NE,13.1,22.5,0.52,37.5,"Nooksack, Everson, Whatcom County",330061,Nooksack,2021-04-28 23:17:08.279751
2017-03-10,01:15,37.1,36.4,97.3,0.02,0,NE,14.0,19.2,0.43,37.5,"Nooksack, Everson, Whatcom County",330061,Nooksack,2021-04-28 23:17:08.279751
2017-03-10,01:30,37.1,36.7,98.4,0.0,0,NE,11.5,16.0,0.36,37.5,"Nooksack, Everson, Whatcom County",330061,Nooksack,2021-04-28 23:17:08.279751
2017-03-10,01:45,37.4,36.7,97.5,0.0,0,NE,13.3,20.0,0.25,37.5,"Nooksack, Everson, Whatcom County",330061,Nooksack,2021-04-28 23:17:08.279751
2017-03-10,02:00,37.4,36.8,97.5,0.0,0,NE,11.5,19.2,0.25,37.5,"Nooksack, Everson, Whatcom County",330061,Nooksack,2021-04-28 23:17:08.279751
2017-03-10,02:15,37.9,37.2,97.0,0.0,0,NE,10.3,16.4,0.21,37.5,"Nooksack, Everson, Whatcom County",330061,Nooksack,2021-04-28 23:17:08.279751
2017-03-10,02:30,38.5,37.5,95.9,0.0,0,NE,7.8,14.2,0.24,37.5,"Nooksack, Everson, Whatcom County",330061,Nooksack,2021-04-28 23:17:08.279751
2017-03-10,02:45,39.0,38.3,97.3,0.0,0,N ,2.7,6.4,0.59,37.5,"Nooksack, Everson, Whatcom County",330061,Nooksack,2021-04-28 23:17:08.279751
2017-03-10,03:00,39.2,38.7,98.1,0.0,0,NE,1.4,4.6,0.54,37.5,"Nooksack, Everson, Whatcom County",330061,Nooksack,2021-04-28 23:17:08.279751
2017-03-10,03:15,39.0,38.6,98.5,0.01,0,N ,2.1,4.9,0.56,37.5,"Nooksack, Everson, Whatcom County",330061,Nooksack,2021-04-28 23:17:08.279751
2017-03-10,03:30,38.7,38.5,99.4,0.0,0,NE,4.1,7.8,0.6,37.5,"Nooksack, Everson, Whatcom County",330061,Nooksack,2021-04-28 23:17:08.279751
2017-03-10,03:45,38.1,38.0,99.4,0.01,0,E,5.8,9.2,0.58,37.5,"Nooksack, Everson, Whatcom County",330061,Nooksack,2021-04-28 23:17:08.279751
2017-03-10,04:00,37.7,37.5,99.4,0.0,0,NE,5.9,9.2,0.61,37.4,"Nooksack, Everson, Whatcom County",330061,Nooksack,2021-04-28 23:17:08.279751
2017-03-10,04:15,37.7,37.5,99.4,0.0,0,NE,6.2,9.6,0.57,37.4,"Nooksack, Everson, Whatcom County",330061,Nooksack,2021-04-28 23:17:08.279751
2017-03-10,04:30,37.5,37.4,99.4,0.0,0,E,6.4,13.2,0.58,37.4,"Nooksack, Everson, Whatcom County",330061,Nooksack,2021-04-28 23:17:08.279751
2017-03-10,04:45,37.5,37.3,99.4,0.0,0,E,6.6,8.9,0.6,37.4,"Nooksack, Everson, Whatcom County",330061,Nooksack,2021-04-28 23:17:08.279751
2017-03-10,05:00,37.4,37.2,99.4,0.0,0,NE,6.9,8.9,0.54,37.5,"Nooksack, Everson, Whatcom County",330061,Nooksack,2021-04-28 23:17:08.279751
2017-03-10,05:15,37.5,37.3,99.4,0.0,0,NE,5.8,9.2,0.6,37.5,"Nooksack, Everson, Whatcom County",330061,Nooksack,2021-04-28 23:17:08.279751
2017-03-10,05:30,37.5,37.4,99.4,0.01,0,NE,7.1,9.6,0.57,37.5,"Nooksack, Everson, Whatcom County",330061,Nooksack,2021-04-28 23:17:08.279751
2017-03-10,05:45,37.6,37.5,99.4,0.0,0,NE,5.3,7.4,0.5,37.5,"Nooksack, Everson, Whatcom County",330061,Nooksack,2021-04-28 23:17:08.279751
2017-03-10,06:00,37.7,37.5,99.4,0.0,0,NE,4.5,6.7,0.46,37.5,"Nooksack, Everson, Whatcom County",330061,Nooksack,2021-04-28 23:17:08.279751
2017-03-10,06:15,37.8,37.7,99.4,0.0,0,NE,4.5,7.1,0.56,37.5,"Nooksack, Everson, Whatcom County",330061,Nooksack,2021-04-28 23:17:08.279751
2017-03-10,06:30,37.8,37.7,99.4,0.0,0,NE,4.7,8.2,0.52,37.5,"Nooksack, Everson, Whatcom County",330061,Nooksack,2021-04-28 23:17:08.279751
2017-03-10,06:45,37.8,37.7,99.4,0.0,0,NE,4.1,6.4,0.45,37.5,"Nooksack, Everson, Whatcom County",330061,Nooksack,2021-04-28 23:17:08.279751
2017-03-10,07:00,38.0,37.8,99.4,0.0,3,NE,3.0,4.9,0.46,37.5,"Nooksack, Everson, Whatcom County",330061,Nooksack,2021-04-28 23:17:08.279751
2017-03-10,07:15,38.2,38.0,99.4,0.0,5,NE,3.4,6.4,0.56,37.5,"Nooksack, Everson, Whatcom County",330061,Nooksack,2021-04-28 23:17:08.279751
2017-03-10,07:30,38.5,38.4,99.4,0.0,9,NE,0.9,2.8,0.57,37.5,"Nooksack, Everson, Whatcom County",330061,Nooksack,2021-04-28 23:17:08.279751
2017-03-10,07:45,38.9,38.8,99.4,0.01,17,N ,0.0,0.0,0.57,37.5,"Nooksack, Everson, Whatcom County",330061,Nooksack,2021-04-28 23:17:08.279751
2017-03-10,08:00,39.7,39.6,99.4,0.0,19,SE,0.5,3.9,0.57,37.5,"Nooksack, Everson, Whatcom County",330061,Nooksack,2021-04-28 23:17:08.279751
2017-03-10,08:15,46.2,46.0,99.1,0.01,21,S,6.4,14.6,0.47,37.5,"Nooksack, Everson, Whatcom County",330061,Nooksack,2021-04-28 23:17:08.279751
2017-03-10,08:30,48.1,46.3,93.5,0.0,28,S,8.0,13.5,0.3,37.5,"Nooksack, Everson, Whatcom County",330061,Nooksack,2021-04-28 23:17:08.279751
2017-03-10,08:45,47.6,46.4,95.3,0.0,37,SW,6.3,10.7,0.3,37.5,"Nooksack, Everson, Whatcom County",330061,Nooksack,2021-04-28 23:17:08.279751
2017-03-10,09:00,47.5,46.8,97.5,0.0,44,SW,7.6,12.4,0.48,37.5,"Nooksack, Everson, Whatcom County",330061,Nooksack,2021-04-28 23:17:08.279751
2017-03-10,09:15,47.5,47.0,98.0,0.0,49,SW,6.9,12.8,0.44,37.5,"Nooksack, Everson, Whatcom County",330061,Nooksack,2021-04-28 23:17:08.279751
2017-03-10,09:30,47.6,47.0,97.9,0.0,68,S,7.8,12.1,0.46,37.5,"Nooksack, Everson, Whatcom County",330061,Nooksack,2021-04-28 23:17:08.279751
2017-03-10,09:45,47.9,47.1,97.3,0.0,87,SW,7.1,12.4,0.41,37.6,"Nooksack, Everson, Whatcom County",330061,Nooksack,2021-04-28 23:17:08.279751
2017-03-10,10:00,47.8,47.4,98.6,0.0,105,SW,6.4,9.9,0.43,37.6,"Nooksack, Everson, Whatcom County",330061,Nooksack,2021-04-28 23:17:08.279751
2017-03-10,10:15,47.9,47.7,99.1,0.0,115,SW,6.9,11.0,0.45,37.6,"Nooksack, Everson, Whatcom County",330061,Nooksack,2021-04-28 23:17:08.279751
2017-03-10,10:30,47.9,47.8,99.3,0.01,105,SW,5.2,9.6,0.5,37.7,"Nooksack, Everson, Whatcom County",330061,Nooksack,2021-04-28 23:17:08.279751
2017-03-10,10:45,48.2,48.1,99.3,0.0,111,S,6.6,12.8,0.5,37.7,"Nooksack, Everson, Whatcom County",330061,Nooksack,2021-04-28 23:17:08.279751
2017-03-10,11:00,48.4,48.2,99.0,0.0,165,S,7.0,11.0,0.49,37.8,"Nooksack, Everson, Whatcom County",330061,Nooksack,2021-04-28 23:17:08.279751
2017-03-10,11:15,48.9,48.0,96.8,0.0,172,S,6.9,9.9,0.45,37.9,"Nooksack, Everson, Whatcom County",330061,Nooksack,2021-04-28 23:17:08.279751
2017-03-10,11:30,49.3,47.5,93.3,0.0,162,S,6.3,10.7,0.36,38.0,"Nooksack, Everson, Whatcom County",330061,Nooksack,2021-04-28 23:17:08.279751
2017-03-10,11:45,49.6,47.7,93.0,0.0,188,S,5.6,9.6,0.29,38.1,"Nooksack, Everson, Whatcom County",330061,Nooksack,2021-04-28 23:17:08.279751
2017-03-10,12:00,49.9,47.5,91.1,0.0,198,S,6.6,11.4,0.15,38.1,"Nooksack, Everson, Whatcom County",330061,Nooksack,2021-04-28 23:17:08.279751
2017-03-10,12:15,50.5,46.8,87.2,0.0,286,SW,7.1,11.0,0.01,38.3,"Nooksack, Everson, Whatcom County",330061,Nooksack,2021-04-28 23:17:08.279751
2017-03-10,12:30,50.9,45.7,82.1,0.0,311,S,8.1,13.5,0.0,38.4,"Nooksack, Everson, Whatcom County",330061,Nooksack,2021-04-28 23:17:08.279751
2017-03-10,12:45,50.9,45.2,80.6,0.0,240,SW,7.3,11.7,0.0,38.5,"Nooksack, Everson, Whatcom County",330061,Nooksack,2021-04-28 23:17:08.279751
2017-03-10,13:00,50.8,44.3,78.1,0.0,260,SW,8.4,13.2,0.0,38.6,"Nooksack, Everson, Whatcom County",330061,Nooksack,2021-04-28 23:17:08.279751
2017-03-10,13:15,50.7,43.5,76.3,0.0,285,SW,9.0,14.6,0.0,38.7,"Nooksack, Everson, Whatcom County",330061,Nooksack,2021-04-28 23:17:08.279751
2017-03-10,13:30,50.4,42.7,74.6,0.0,258,SW,8.6,13.5,0.0,38.8,"Nooksack, Everson, Whatcom County",330061,Nooksack,2021-04-28 23:17:08.279751
2017-03-10,13:45,49.8,41.5,73.0,0.0,171,SW,8.8,15.7,0.0,39.0,"Nooksack, Everson, Whatcom County",330061,Nooksack,2021-04-28 23:17:08.279751
2017-03-10,14:00,49.3,40.8,72.3,0.0,126,SW,7.9,12.4,0.0,39.1,"Nooksack, Everson, Whatcom County",330061,Nooksack,2021-04-28 23:17:08.279751
2017-03-10,14:15,49.2,40.7,72.2,0.0,103,SW,7.6,11.4,0.0,39.3,"Nooksack, Everson, Whatcom County",330061,Nooksack,2021-04-28 23:17:08.279751
2017-03-10,14:30,49.0,40.0,70.7,0.0,110,SW,8.3,12.1,0.0,39.4,"Nooksack, Everson, Whatcom County",330061,Nooksack,2021-04-28 23:17:08.279751
2017-03-10,14:45,48.9,39.7,70.4,0.0,155,SW,7.3,11.0,0.0,39.5,"Nooksack, Everson, Whatcom County",330061,Nooksack,2021-04-28 23:17:08.279751
2017-03-10,15:00,48.9,39.5,69.7,0.0,141,SW,6.3,9.2,0.0,39.7,"Nooksack, Everson, Whatcom County",330061,Nooksack,2021-04-28 23:17:08.279751
2017-03-10,15:15,48.5,38.7,68.7,0.0,99,SW,7.7,12.1,0.0,39.8,"Nooksack, Everson, Whatcom County",330061,Nooksack,2021-04-28 23:17:08.279751
2017-03-10,15:30,48.4,39.1,69.8,0.0,92,SW,6.2,9.6,0.0,39.9,"Nooksack, Everson, Whatcom County",330061,Nooksack,2021-04-28 23:17:08.279751
2017-03-10,15:45,48.1,39.0,70.4,0.0,64,SW,6.2,10.3,0.0,40.0,"Nooksack, Everson, Whatcom County",330061,Nooksack,2021-04-28 23:17:08.279751
2017-03-10,16:00,47.9,39.3,71.9,0.0,58,SW,6.2,8.5,0.0,40.1,"Nooksack, Everson, Whatcom County",330061,Nooksack,2021-04-28 23:17:08.279751
2017-03-10,16:15,48.1,40.0,73.3,0.0,107,SW,5.6,9.6,0.0,40.2,"Nooksack, Everson, Whatcom County",330061,Nooksack,2021-04-28 23:17:08.279751
2017-03-10,16:30,47.7,41.6,79.1,0.0,38,SW,5.6,8.9,0.0,40.3,"Nooksack, Everson, Whatcom County",330061,Nooksack,2021-04-28 23:17:08.279751
2017-03-10,16:45,47.3,42.4,82.7,0.0,38,S,5.3,8.9,0.0,40.4,"Nooksack, Everson, Whatcom County",330061,Nooksack,2021-04-28 23:17:08.279751
2017-03-10,17:00,47.2,42.7,84.2,0.0,49,S,4.1,6.4,0.0,40.5,"Nooksack, Everson, Whatcom County",330061,Nooksack,2021-04-28 23:17:08.279751
2017-03-10,17:15,47.2,41.3,79.8,0.0,42,SW,4.6,8.2,0.0,40.5,"Nooksack, Everson, Whatcom County",330061,Nooksack,2021-04-28 23:17:08.279751
2017-03-10,17:30,46.9,40.9,79.5,0.0,27,SW,4.6,8.5,0.0,40.6,"Nooksack, Everson, Whatcom County",330061,Nooksack,2021-04-28 23:17:08.279751
2017-03-10,17:45,46.7,41.0,80.3,0.0,14,SW,5.2,7.4,0.0,40.6,"Nooksack, Everson, Whatcom County",330061,Nooksack,2021-04-28 23:17:08.279751
2017-03-10,18:00,46.5,41.5,82.6,0.0,8,SW,4.2,6.7,0.0,40.7,"Nooksack, Everson, Whatcom County",330061,Nooksack,2021-04-28 23:17:08.279751
2017-03-10,18:15,46.3,41.8,84.4,0.0,2,S,3.7,6.0,0.0,40.7,"Nooksack, Everson, Whatcom County",330061,Nooksack,2021-04-28 23:17:08.279751
2017-03-10,18:30,46.1,42.0,85.4,0.0,0,SW,2.7,4.6,0.0,40.8,"Nooksack, Everson, Whatcom County",330061,Nooksack,2021-04-28 23:17:08.279751
2017-03-10,18:45,46.0,42.2,86.6,0.0,0,S,2.5,3.9,0.0,40.8,"Nooksack, Everson, Whatcom County",330061,Nooksack,2021-04-28 23:17:08.279751
2017-03-10,19:00,45.7,42.4,88.2,0.0,0,SW,1.7,3.5,0.0,40.8,"Nooksack, Everson, Whatcom County",330061,Nooksack,2021-04-28 23:17:08.279751
2017-03-10,19:15,45.6,42.5,88.7,0.0,0,S,1.7,4.2,0.0,40.9,"Nooksack, Everson, Whatcom County",330061,Nooksack,2021-04-28 23:17:08.279751
2017-03-10,19:30,45.4,42.5,89.7,0.0,0,S,2.2,4.2,0.0,40.9,"Nooksack, Everson, Whatcom County",330061,Nooksack,2021-04-28 23:17:08.279751
2017-03-10,19:45,45.1,42.4,90.1,0.0,0,S,1.5,3.5,0.0,40.9,"Nooksack, Everson, Whatcom County",330061,Nooksack,2021-04-28 23:17:08.279751
2017-03-10,20:00,45.1,42.2,89.7,0.0,0,S,1.6,3.5,0.0,40.9,"Nooksack, Everson, Whatcom County",330061,Nooksack,2021-04-28 23:17:08.279751
2017-03-10,20:15,44.9,42.1,89.8,0.0,0,SW,0.7,2.4,0.0,40.9,"Nooksack, Everson, Whatcom County",330061,Nooksack,2021-04-28 23:17:08.279751
2017-03-10,20:30,44.8,42.0,89.8,0.0,0,SW,1.2,2.4,0.0,40.9,"Nooksack, Everson, Whatcom County",330061,Nooksack,2021-04-28 23:17:08.279751
2017-03-10,20:45,43.2,41.5,93.6,0.0,0,W,0.4,2.1,0.0,40.9,"Nooksack, Everson, Whatcom County",330061,Nooksack,2021-04-28 23:17:08.279751
2017-03-10,21:00,42.5,41.6,96.4,0.0,0,NE,0.2,2.1,0.01,40.9,"Nooksack, Everson, Whatcom County",330061,Nooksack,2021-04-28 23:17:08.279751
2017-03-10,21:15,41.8,41.3,97.9,0.0,0,E,0.8,2.8,0.01,40.9,"Nooksack, Everson, Whatcom County",330061,Nooksack,2021-04-28 23:17:08.279751
2017-03-10,21:30,41.5,41.2,99.0,0.0,0,N ,0.0,0.0,0.01,40.9,"Nooksack, Everson, Whatcom County",330061,Nooksack,2021-04-28 23:17:08.279751
2017-03-10,21:45,42.2,42.0,99.2,0.0,0,N ,0.0,0.0,0.01,40.9,"Nooksack, Everson, Whatcom County",330061,Nooksack,2021-04-28 23:17:08.279751
2017-03-10,22:00,42.4,42.1,98.8,0.0,0,N ,0.0,0.0,0.01,40.9,"Nooksack, Everson, Whatcom County",330061,Nooksack,2021-04-28 23:17:08.279751
2017-03-10,22:15,42.4,42.1,98.7,0.0,0,N ,0.0,0.0,0.01,40.9,"Nooksack, Everson, Whatcom County",330061,Nooksack,2021-04-28 23:17:08.279751
2017-03-10,22:30,42.5,42.2,98.5,0.0,0,N ,0.0,0.0,0.01,40.9,"Nooksack, Everson, Whatcom County",330061,Nooksack,2021-04-28 23:17:08.279751
2017-03-10,22:45,42.4,42.1,98.8,0.0,0,E,0.2,2.8,0.01,40.8,"Nooksack, Everson, Whatcom County",330061,Nooksack,2021-04-28 23:17:08.279751
2017-03-10,23:00,42.2,42.1,99.3,0.0,0,E,0.3,2.4,0.01,40.8,"Nooksack, Everson, Whatcom County",330061,Nooksack,2021-04-28 23:17:08.279751
2017-03-10,23:15,42.1,41.9,99.4,0.0,0,N ,0.0,0.0,0.01,40.8,"Nooksack, Everson, Whatcom County",330061,Nooksack,2021-04-28 23:17:08.279751
2017-03-10,23:30,41.9,41.7,99.4,0.0,0,N ,0.0,0.0,0.01,40.8,"Nooksack, Everson, Whatcom County",330061,Nooksack,2021-04-28 23:17:08.279751
2017-03-10,23:45,41.6,41.4,99.4,0.0,0,NE,2.0,3.5,0.01,40.8,"Nooksack, Everson, Whatcom County",330061,Nooksack,2021-04-28 23:17:08.279751
2017-03-10,24:00,41.6,41.5,99.4,0.0,0,NE,2.0,3.1,0.01,40.7,"Nooksack, Everson, Whatcom County",330061,Nooksack,2021-04-28 23:17:08.279751
2017-03-11,00:15,41.7,41.5,99.2,0.0,0,NE,1.1,3.1,0.01,40.7,"Nooksack, Everson, Whatcom County",330061,Nooksack,2021-04-28 23:17:08.279751
2017-03-11,00:30,40.7,40.5,99.2,0.0,0,NE,1.6,4.2,0.01,40.7,"Nooksack, Everson, Whatcom County",330061,Nooksack,2021-04-28 23:17:08.279751
2017-03-11,00:45,40.2,40.1,99.4,0.0,0,NE,3.8,4.9,0.04,40.7,"Nooksack, Everson, Whatcom County",330061,Nooksack,2021-04-28 23:17:08.279751
2017-03-11,01:00,39.6,39.4,99.4,0.0,0,NE,2.9,4.2,0.09,40.7,"Nooksack, Everson, Whatcom County",330061,Nooksack,2021-04-28 23:17:08.279751
2017-03-11,01:15,40.5,40.3,99.4,0.0,0,NE,4.5,6.7,0.15,40.6,"Nooksack, Everson, Whatcom County",330061,Nooksack,2021-04-28 23:17:08.279751
2017-03-11,01:30,40.4,40.3,99.4,0.0,0,NE,4.0,5.7,0.13,40.6,"Nooksack, Everson, Whatcom County",330061,Nooksack,2021-04-28 23:17:08.279751
2017-03-11,01:45,40.2,40.0,99.4,0.0,0,NE,5.3,7.4,0.14,40.6,"Nooksack, Everson, Whatcom County",330061,Nooksack,2021-04-28 23:17:08.279751
2017-03-11,02:00,40.1,39.9,99.4,0.0,0,NE,5.0,6.7,0.16,40.6,"Nooksack, Everson, Whatcom County",330061,Nooksack,2021-04-28 23:17:08.279751
2017-03-11,02:15,39.8,39.7,99.4,0.0,0,NE,4.3,6.7,0.18,40.5,"Nooksack, Everson, Whatcom County",330061,Nooksack,2021-04-28 23:17:08.279751
2017-03-11,02:30,40.3,40.1,99.4,0.0,0,NE,7.1,10.3,0.19,40.5,"Nooksack, Everson, Whatcom County",330061,Nooksack,2021-04-28 23:17:08.279751
2017-03-11,02:45,39.9,39.7,99.4,0.0,0,NE,5.7,7.4,0.18,40.5,"Nooksack, Everson, Whatcom County",330061,Nooksack,2021-04-28 23:17:08.279751
2017-03-11,03:00,39.7,39.5,99.4,0.0,0,NE,7.2,10.3,0.2,40.4,"Nooksack, Everson, Whatcom County",330061,Nooksack,2021-04-28 23:17:08.279751
2017-03-11,03:15,39.9,39.7,99.4,0.0,0,NE,8.4,11.0,0.2,40.4,"Nooksack, Everson, Whatcom County",330061,Nooksack,2021-04-28 23:17:08.279751
2017-03-11,03:30,40.0,39.8,99.4,0.0,0,NE,8.2,12.1,0.14,40.4,"Nooksack, Everson, Whatcom County",330061,Nooksack,2021-04-28 23:17:08.279751
2017-03-11,03:45,39.9,39.7,99.4,0.0,0,NE,7.5,10.3,0.07,40.3,"Nooksack, Everson, Whatcom County",330061,Nooksack,2021-04-28 23:17:08.279751
2017-03-11,04:00,39.4,39.3,99.4,0.0,0,NE,7.1,9.6,0.06,40.3,"Nooksack, Everson, Whatcom County",330061,Nooksack,2021-04-28 23:17:08.279751
2017-03-11,04:15,39.1,38.9,99.4,0.0,0,NE,6.6,9.2,0.12,40.2,"Nooksack, Everson, Whatcom County",330061,Nooksack,2021-04-28 23:17:08.279751
2017-03-11,04:30,38.7,38.6,99.4,0.0,0,NE,5.7,7.4,0.18,40.2,"Nooksack, Everson, Whatcom County",330061,Nooksack,2021-04-28 23:17:08.279751
2017-03-11,04:45,38.7,38.6,99.4,0.0,0,E,7.2,9.9,0.26,40.1,"Nooksack, Everson, Whatcom County",330061,Nooksack,2021-04-28 23:17:08.279751
2017-03-11,05:00,39.0,38.8,99.4,0.0,0,NE,7.6,9.9,0.25,40.1,"Nooksack, Everson, Whatcom County",330061,Nooksack,2021-04-28 23:17:08.279751
2017-03-11,05:15,39.0,38.8,99.4,0.0,0,NE,8.5,12.4,0.2,40.0,"Nooksack, Everson, Whatcom County",330061,Nooksack,2021-04-28 23:17:08.279751
2017-03-11,05:30,39.3,39.2,99.4,0.0,0,NE,8.5,11.0,0.07,40.0,"Nooksack, Everson, Whatcom County",330061,Nooksack,2021-04-28 23:17:08.279751
2017-03-11,05:45,39.5,39.3,99.4,0.0,0,NE,8.0,11.0,0.01,40.0,"Nooksack, Everson, Whatcom County",330061,Nooksack,2021-04-28 23:17:08.279751
2017-03-11,06:00,39.8,39.6,99.2,0.0,0,NE,9.1,12.8,0.0,39.9,"Nooksack, Everson, Whatcom County",330061,Nooksack,2021-04-28 23:17:08.279751
2017-03-11,06:15,39.9,39.6,99.0,0.0,0,E,10.5,13.9,0.0,39.9,"Nooksack, Everson, Whatcom County",330061,Nooksack,2021-04-28 23:17:08.279751
2017-03-11,06:30,39.8,39.6,99.1,0.0,0,E,6.8,11.0,0.0,39.8,"Nooksack, Everson, Whatcom County",330061,Nooksack,2021-04-28 23:17:08.279751
2017-03-11,06:45,40.0,39.7,98.8,0.0,2,NE,9.4,15.0,0.0,39.8,"Nooksack, Everson, Whatcom County",330061,Nooksack,2021-04-28 23:17:08.279751
2017-03-11,07:00,40.6,39.6,96.5,0.0,7,NE,10.8,15.7,0.0,39.7,"Nooksack, Everson, Whatcom County",330061,Nooksack,2021-04-28 23:17:08.279751
2017-03-11,07:15,40.6,39.6,96.2,0.0,17,NE,10.2,13.9,0.0,39.7,"Nooksack, Everson, Whatcom County",330061,Nooksack,2021-04-28 23:17:08.279751
2017-03-11,07:30,40.7,39.6,95.5,0.0,27,E,9.4,12.8,0.0,39.7,"Nooksack, Everson, Whatcom County",330061,Nooksack,2021-04-28 23:17:08.279751
2017-03-11,07:45,41.0,39.6,94.8,0.0,50,NE,11.7,16.4,0.0,39.6,"Nooksack, Everson, Whatcom County",330061,Nooksack,2021-04-28 23:17:08.279751
2017-03-11,08:00,41.0,39.7,95.3,0.0,75,NE,11.4,16.7,0.0,39.6,"Nooksack, Everson, Whatcom County",330061,Nooksack,2021-04-28 23:17:08.279751
2017-03-11,08:15,41.4,39.8,94.1,0.0,79,NE,11.8,15.3,0.0,39.6,"Nooksack, Everson, Whatcom County",330061,Nooksack,2021-04-28 23:17:08.279751
2017-03-11,08:30,41.5,39.8,93.8,0.0,72,NE,12.7,17.5,0.0,39.5,"Nooksack, Everson, Whatcom County",330061,Nooksack,2021-04-28 23:17:08.279751
2017-03-11,08:45,41.9,39.9,92.6,0.0,63,NE,12.9,17.1,0.0,39.5,"Nooksack, Everson, Whatcom County",330061,Nooksack,2021-04-28 23:17:08.279751
2017-03-11,09:00,42.5,39.9,90.5,0.0,66,NE,12.4,17.1,0.0,39.5,"Nooksack, Everson, Whatcom County",330061,Nooksack,2021-04-28 23:17:08.279751
2017-03-11,09:15,42.6,40.1,90.9,0.0,72,NE,13.7,18.5,0.0,39.5,"Nooksack, Everson, Whatcom County",330061,Nooksack,2021-04-28 23:17:08.279751
2017-03-11,09:30,42.8,40.1,90.1,0.0,70,NE,12.1,15.7,0.0,39.5,"Nooksack, Everson, Whatcom County",330061,Nooksack,2021-04-28 23:17:08.279751
2017-03-11,09:45,43.0,39.9,88.9,0.0,49,NE,13.2,18.9,0.0,39.5,"Nooksack, Everson, Whatcom County",330061,Nooksack,2021-04-28 23:17:08.279751
2017-03-11,10:00,43.0,39.9,88.8,0.0,44,NE,11.5,18.5,0.21,39.4,"Nooksack, Everson, Whatcom County",330061,Nooksack,2021-04-28 23:17:08.279751
2017-03-11,10:15,43.6,40.6,89.3,0.0,47,NE,9.1,12.4,0.79,39.5,"Nooksack, Everson, Whatcom County",330061,Nooksack,2021-04-28 23:17:08.279751
2017-03-11,10:30,42.9,40.6,91.5,0.0,41,E,7.2,13.2,0.78,39.5,"Nooksack, Everson, Whatcom County",330061,Nooksack,2021-04-28 23:17:08.279751
2017-03-11,10:45,42.8,40.7,92.1,0.0,38,NE,8.5,12.4,0.71,39.5,"Nooksack, Everson, Whatcom County",330061,Nooksack,2021-04-28 23:17:08.279751
2017-03-11,11:00,42.7,40.7,92.6,0.01,49,NE,10.3,14.6,0.59,39.5,"Nooksack, Everson, Whatcom County",330061,Nooksack,2021-04-28 23:17:08.279751
2017-03-11,11:15,42.5,40.9,94.1,0.01,44,NE,10.6,14.6,0.53,39.5,"Nooksack, Everson, Whatcom County",330061,Nooksack,2021-04-28 23:17:08.279751
2017-03-11,11:30,42.3,41.1,95.4,0.0,53,NE,9.7,17.5,0.52,39.5,"Nooksack, Everson, Whatcom County",330061,Nooksack,2021-04-28 23:17:08.279751
2017-03-11,11:45,42.4,41.2,95.3,0.01,58,NE,9.3,15.0,0.54,39.5,"Nooksack, Everson, Whatcom County",330061,Nooksack,2021-04-28 23:17:08.279751
2017-03-11,12:00,42.6,41.4,95.5,0.0,63,NE,9.2,15.3,0.52,39.5,"Nooksack, Everson, Whatcom County",330061,Nooksack,2021-04-28 23:17:08.279751
2017-03-11,12:15,42.5,41.3,95.6,0.0,34,NE,9.2,13.2,0.36,39.6,"Nooksack, Everson, Whatcom County",330061,Nooksack,2021-04-28 23:17:08.279751
2017-03-11,12:30,42.5,41.3,95.4,0.0,39,NE,8.5,12.8,0.55,39.6,"Nooksack, Everson, Whatcom County",330061,Nooksack,2021-04-28 23:17:08.279751
2017-03-11,12:45,42.3,41.0,95.2,0.01,31,NE,8.0,13.2,0.53,39.6,"Nooksack, Everson, Whatcom County",330061,Nooksack,2021-04-28 23:17:08.279751
2017-03-11,13:00,41.9,41.3,97.7,0.02,33,NE,9.7,13.2,0.42,39.6,"Nooksack, Everson, Whatcom County",330061,Nooksack,2021-04-28 23:17:08.279751
2017-03-11,13:15,41.7,41.5,99.2,0.02,38,NE,10.8,15.3,0.36,39.7,"Nooksack, Everson, Whatcom County",330061,Nooksack,2021-04-28 23:17:08.279751
2017-03-11,13:30,41.6,41.5,99.4,0.02,24,NE,9.9,13.2,0.36,39.7,"Nooksack, Everson, Whatcom County",330061,Nooksack,2021-04-28 23:17:08.279751
2017-03-11,13:45,41.5,41.4,99.4,0.02,31,NE,10.3,13.5,0.36,39.7,"Nooksack, Everson, Whatcom County",330061,Nooksack,2021-04-28 23:17:08.279751
2017-03-11,14:00,41.5,41.4,99.4,0.01,46,NE,10.4,14.2,0.35,39.7,"Nooksack, Everson, Whatcom County",330061,Nooksack,2021-04-28 23:17:08.279751
2017-03-11,14:15,41.7,41.5,99.4,0.01,48,NE,9.4,14.6,0.35,39.7,"Nooksack, Everson, Whatcom County",330061,Nooksack,2021-04-28 23:17:08.279751
2017-03-11,14:30,41.9,41.8,99.4,0.0,50,NE,4.6,10.7,0.39,39.8,"Nooksack, Everson, Whatcom County",330061,Nooksack,2021-04-28 23:17:08.279751
2017-03-11,14:45,42.3,42.1,99.4,0.01,67,NE,3.3,7.8,0.44,39.8,"Nooksack, Everson, Whatcom County",330061,Nooksack,2021-04-28 23:17:08.279751
2017-03-11,15:00,42.4,42.2,99.4,0.0,81,NE,6.7,9.6,0.39,39.8,"Nooksack, Everson, Whatcom County",330061,Nooksack,2021-04-28 23:17:08.279751
2017-03-11,15:15,42.6,42.5,99.4,0.0,105,NE,9.0,14.6,0.42,39.8,"Nooksack, Everson, Whatcom County",330061,Nooksack,2021-04-28 23:17:08.279751
2017-03-11,15:30,43.1,43.0,99.4,0.0,131,NE,8.4,14.6,0.51,39.8,"Nooksack, Everson, Whatcom County",330061,Nooksack,2021-04-28 23:17:08.279751
2017-03-11,15:45,43.0,42.8,99.4,0.0,61,NE,7.0,12.8,0.54,39.9,"Nooksack, Everson, Whatcom County",330061,Nooksack,2021-04-28 23:17:08.279751
2017-03-11,16:00,42.8,42.6,99.3,0.0,26,NE,4.5,8.5,0.51,39.9,"Nooksack, Everson, Whatcom County",330061,Nooksack,2021-04-28 23:17:08.279751
2017-03-11,16:15,42.7,42.5,99.3,0.01,20,NE,7.9,17.1,0.52,39.9,"Nooksack, Everson, Whatcom County",330061,Nooksack,2021-04-28 23:17:08.279751
2017-03-11,16:30,42.5,42.4,99.3,0.0,22,NE,8.8,13.5,0.42,39.9,"Nooksack, Everson, Whatcom County",330061,Nooksack,2021-04-28 23:17:08.279751
2017-03-11,16:45,42.6,42.4,99.4,0.0,27,NE,8.1,11.7,0.34,40.0,"Nooksack, Everson, Whatcom County",330061,Nooksack,2021-04-28 23:17:08.279751
2017-03-11,17:00,42.6,42.4,99.4,0.0,24,NE,7.1,12.1,0.32,40.0,"Nooksack, Everson, Whatcom County",330061,Nooksack,2021-04-28 23:17:08.279751
2017-03-11,17:15,42.4,42.3,99.4,0.0,13,NE,7.3,10.7,0.43,40.0,"Nooksack, Everson, Whatcom County",330061,Nooksack,2021-04-28 23:17:08.279751
2017-03-11,17:30,42.3,42.2,99.4,0.03,9,NE,6.0,8.5,0.48,40.1,"Nooksack, Everson, Whatcom County",330061,Nooksack,2021-04-28 23:17:08.279751
2017-03-11,17:45,42.2,42.1,99.4,0.06,1,N ,2.8,4.6,0.48,40.1,"Nooksack, Everson, Whatcom County",330061,Nooksack,2021-04-28 23:17:08.279751
2017-03-11,18:00,42.2,42.1,99.4,0.09,0,N ,2.0,6.0,0.39,40.1,"Nooksack, Everson, Whatcom County",330061,Nooksack,2021-04-28 23:17:08.279751
2017-03-11,18:15,42.6,42.5,99.4,0.1,0,N ,1.3,6.4,0.41,40.2,"Nooksack, Everson, Whatcom County",330061,Nooksack,2021-04-28 23:17:08.279751
2017-03-11,18:30,42.3,42.1,99.4,0.04,0,NE,4.0,7.1,0.38,40.2,"Nooksack, Everson, Whatcom County",330061,Nooksack,2021-04-28 23:17:08.279751
2017-03-11,18:45,42.0,41.8,99.4,0.02,0,E,4.0,6.4,0.39,40.2,"Nooksack, Everson, Whatcom County",330061,Nooksack,2021-04-28 23:17:08.279751
2017-03-11,19:00,41.9,41.8,99.4,0.01,0,E,4.1,6.7,0.4,40.2,"Nooksack, Everson, Whatcom County",330061,Nooksack,2021-04-28 23:17:08.279751
2017-03-11,19:15,42.2,42.0,99.4,0.01,0,SE,2.3,4.2,0.43,40.2,"Nooksack, Everson, Whatcom County",330061,Nooksack,2021-04-28 23:17:08.279751
2017-03-11,19:30,42.3,42.2,99.4,0.0,0,N ,0.0,0.0,0.45,40.2,"Nooksack, Everson, Whatcom County",330061,Nooksack,2021-04-28 23:17:08.279751
2017-03-11,19:45,42.2,42.0,99.4,0.0,0,N ,0.0,0.0,0.45,40.3,"Nooksack, Everson, Whatcom County",330061,Nooksack,2021-04-28 23:17:08.279751
2017-03-11,20:00,42.2,42.0,99.4,0.0,0,N ,0.0,0.0,0.47,40.3,"Nooksack, Everson, Whatcom County",330061,Nooksack,2021-04-28 23:17:08.279751
2017-03-11,20:15,42.5,42.4,99.4,0.0,0,SW,2.3,6.0,0.53,40.3,"Nooksack, Everson, Whatcom County",330061,Nooksack,2021-04-28 23:17:08.279751
2017-03-11,20:30,45.5,45.4,99.4,0.0,0,S,7.4,13.2,0.49,40.3,"Nooksack, Everson, Whatcom County",330061,Nooksack,2021-04-28 23:17:08.279751
2017-03-11,20:45,48.0,47.4,97.7,0.0,0,S,9.3,13.5,0.35,40.3,"Nooksack, Everson, Whatcom County",330061,Nooksack,2021-04-28 23:17:08.279751
2017-03-11,21:00,48.7,47.0,93.7,0.0,0,S,8.0,12.4,0.3,40.3,"Nooksack, Everson, Whatcom County",330061,Nooksack,2021-04-28 23:17:08.279751
2017-03-11,21:15,48.8,46.6,92.1,0.01,0,SW,6.1,9.9,0.28,40.3,"Nooksack, Everson, Whatcom County",330061,Nooksack,2021-04-28 23:17:08.279751
2017-03-11,21:30,48.5,45.8,90.1,0.0,0,SW,6.2,10.7,0.24,40.3,"Nooksack, Everson, Whatcom County",330061,Nooksack,2021-04-28 23:17:08.279751
2017-03-11,21:45,49.0,45.3,86.9,0.0,0,SW,8.4,16.0,0.09,40.3,"Nooksack, Everson, Whatcom County",330061,Nooksack,2021-04-28 23:17:08.279751
2017-03-11,22:00,49.1,45.3,86.6,0.0,0,S,8.7,13.5,0.0,40.3,"Nooksack, Everson, Whatcom County",330061,Nooksack,2021-04-28 23:17:08.279751
2017-03-11,22:15,49.2,44.8,84.6,0.0,0,S,8.7,15.7,0.0,40.3,"Nooksack, Everson, Whatcom County",330061,Nooksack,2021-04-28 23:17:08.279751
2017-03-11,22:30,48.9,44.9,86.0,0.0,0,SW,7.7,11.7,0.0,40.3,"Nooksack, Everson, Whatcom County",330061,Nooksack,2021-04-28 23:17:08.279751
2017-03-11,22:45,48.7,45.2,87.7,0.0,0,S,7.2,12.8,0.0,40.4,"Nooksack, Everson, Whatcom County",330061,Nooksack,2021-04-28 23:17:08.279751
2017-03-11,23:00,49.0,45.0,85.9,0.0,0,SW,7.3,14.2,0.0,40.4,"Nooksack, Everson, Whatcom County",330061,Nooksack,2021-04-28 23:17:08.279751
2017-03-11,23:15,48.0,45.2,90.0,0.0,0,SW,5.2,8.5,0.0,40.4,"Nooksack, Everson, Whatcom County",330061,Nooksack,2021-04-28 23:17:08.279751
2017-03-11,23:30,48.4,45.0,87.7,0.0,0,SW,4.9,8.5,0.0,40.4,"Nooksack, Everson, Whatcom County",330061,Nooksack,2021-04-28 23:17:08.279751
2017-03-11,23:45,47.1,45.2,93.1,0.0,0,SW,3.5,5.3,0.0,40.5,"Nooksack, Everson, Whatcom County",330061,Nooksack,2021-04-28 23:17:08.279751
2017-03-11,24:00,46.9,45.4,94.2,0.0,0,SW,3.1,4.2,0.0,40.5,"Nooksack, Everson, Whatcom County",330061,Nooksack,2021-04-28 23:17:08.279751
2017-03-12,00:15,46.9,45.3,94.2,0.0,0,SW,4.4,7.8,0.0,40.5,"Nooksack, Everson, Whatcom County",330061,Nooksack,2021-04-28 23:17:08.279751
2017-03-12,00:30,47.4,45.4,92.7,0.0,0,SW,5.5,8.5,0.0,40.5,"Nooksack, Everson, Whatcom County",330061,Nooksack,2021-04-28 23:17:08.279751
2017-03-12,00:45,47.8,45.4,91.3,0.0,0,SW,5.8,8.9,0.0,40.6,"Nooksack, Everson, Whatcom County",330061,Nooksack,2021-04-28 23:17:08.279751
2017-03-12,01:00,47.7,45.1,90.8,0.0,0,SW,6.0,9.9,0.0,40.6,"Nooksack, Everson, Whatcom County",330061,Nooksack,2021-04-28 23:17:08.279751
2017-03-12,01:15,48.0,44.9,88.8,0.0,0,S,6.9,13.9,0.0,40.6,"Nooksack, Everson, Whatcom County",330061,Nooksack,2021-04-28 23:17:08.279751
2017-03-12,01:30,48.0,44.6,87.7,0.0,0,S,6.6,11.0,0.0,40.6,"Nooksack, Everson, Whatcom County",330061,Nooksack,2021-04-28 23:17:08.279751
2017-03-12,01:45,48.0,44.6,87.7,0.0,0,SW,6.4,9.6,0.0,40.7,"Nooksack, Everson, Whatcom County",330061,Nooksack,2021-04-28 23:17:08.279751
2017-03-12,03:00,48.3,44.3,86.0,0.0,0,SW,7.3,11.7,0.0,40.7,"Nooksack, Everson, Whatcom County",330061,Nooksack,2021-04-28 23:17:08.279751
2017-03-12,03:15,48.5,44.1,84.4,0.0,0,SW,8.4,15.3,0.0,40.7,"Nooksack, Everson, Whatcom County",330061,Nooksack,2021-04-28 23:17:08.279751
2017-03-12,03:30,48.6,44.0,83.7,0.0,0,S,9.1,15.3,0.0,40.7,"Nooksack, Everson, Whatcom County",330061,Nooksack,2021-04-28 23:17:08.279751
2017-03-12,03:45,48.2,44.2,86.0,0.0,0,SW,8.6,13.5,0.0,40.7,"Nooksack, Everson, Whatcom County",330061,Nooksack,2021-04-28 23:17:08.279751
2017-03-12,04:00,47.9,44.2,86.7,0.0,0,SW,8.1,12.4,0.0,40.7,"Nooksack, Everson, Whatcom County",330061,Nooksack,2021-04-28 23:17:08.279751
2017-03-12,04:15,47.9,44.1,86.7,0.0,0,SW,7.9,13.5,0.0,40.8,"Nooksack, Everson, Whatcom County",330061,Nooksack,2021-04-28 23:17:08.279751
2017-03-12,04:30,47.4,44.2,88.4,0.0,0,SW,6.6,10.7,0.0,40.8,"Nooksack, Everson, Whatcom County",330061,Nooksack,2021-04-28 23:17:08.279751
2017-03-12,04:45,47.4,44.1,88.0,0.0,0,SW,7.0,10.7,0.0,40.8,"Nooksack, Everson, Whatcom County",330061,Nooksack,2021-04-28 23:17:08.279751
2017-03-12,05:00,47.6,44.0,87.4,0.0,0,SW,6.9,10.7,0.0,40.8,"Nooksack, Everson, Whatcom County",330061,Nooksack,2021-04-28 23:17:08.279751
2017-03-12,05:15,47.3,44.0,88.3,0.0,0,SW,6.4,9.9,0.0,40.8,"Nooksack, Everson, Whatcom County",330061,Nooksack,2021-04-28 23:17:08.279751
2017-03-12,05:30,47.1,44.0,88.9,0.0,0,SW,6.6,10.3,0.0,40.8,"Nooksack, Everson, Whatcom County",330061,Nooksack,2021-04-28 23:17:08.279751
2017-03-12,05:45,47.1,44.0,89.2,0.0,0,SW,6.1,9.2,0.0,40.9,"Nooksack, Everson, Whatcom County",330061,Nooksack,2021-04-28 23:17:08.279751
2017-03-12,06:00,46.8,44.1,90.1,0.0,0,SW,5.8,8.2,0.0,40.9,"Nooksack, Everson, Whatcom County",330061,Nooksack,2021-04-28 23:17:08.279751
2017-03-12,06:15,46.5,44.1,91.2,0.0,0,SW,4.4,6.4,0.0,40.9,"Nooksack, Everson, Whatcom County",330061,Nooksack,2021-04-28 23:17:08.279751
2017-03-12,06:30,46.4,44.2,91.8,0.0,0,W,4.5,7.4,0.0,40.9,"Nooksack, Everson, Whatcom County",330061,Nooksack,2021-04-28 23:17:08.279751
2017-03-12,06:45,46.2,44.2,92.7,0.0,0,SW,4.4,7.1,0.0,40.9,"Nooksack, Everson, Whatcom County",330061,Nooksack,2021-04-28 23:17:08.279751
2017-03-12,07:00,46.7,44.4,91.6,0.0,0,W,5.4,7.4,0.0,40.9,"Nooksack, Everson, Whatcom County",330061,Nooksack,2021-04-28 23:17:08.279751
2017-03-12,07:15,46.5,44.2,91.8,0.0,0,W,4.1,6.0,0.0,40.9,"Nooksack, Everson, Whatcom County",330061,Nooksack,2021-04-28 23:17:08.279751
2017-03-12,07:30,46.1,44.2,93.2,0.0,1,W,3.3,4.6,0.0,41.0,"Nooksack, Everson, Whatcom County",330061,Nooksack,2021-04-28 23:17:08.279751
2017-03-12,07:45,45.7,44.3,94.7,0.0,4,W,2.9,4.2,0.0,41.0,"Nooksack, Everson, Whatcom County",330061,Nooksack,2021-04-28 23:17:08.279751
2017-03-12,08:00,45.5,44.3,95.7,0.0,15,W,2.9,3.9,0.0,41.0,"Nooksack, Everson, Whatcom County",330061,Nooksack,2021-04-28 23:17:08.279751
2017-03-12,08:15,45.5,44.5,96.2,0.0,32,SW,1.8,4.2,0.0,41.0,"Nooksack, Everson, Whatcom County",330061,Nooksack,2021-04-28 23:17:08.279751
2017-03-12,08:30,46.6,45.1,94.4,0.0,107,SW,0.9,3.1,0.0,41.0,"Nooksack, Everson, Whatcom County",330061,Nooksack,2021-04-28 23:17:08.279751
2017-03-12,08:45,47.0,45.1,93.3,0.0,90,SW,1.3,2.8,0.0,41.0,"Nooksack, Everson, Whatcom County",330061,Nooksack,2021-04-28 23:17:08.279751
2017-03-12,09:00,46.9,45.1,93.6,0.0,109,SE,1.8,3.1,0.0,41.0,"Nooksack, Everson, Whatcom County",330061,Nooksack,2021-04-28 23:17:08.279751
2017-03-12,09:15,47.2,45.3,92.9,0.0,114,SW,1.7,2.8,0.0,41.0,"Nooksack, Everson, Whatcom County",330061,Nooksack,2021-04-28 23:17:08.279751
2017-03-12,09:30,47.7,45.4,91.9,0.0,121,SW,0.9,2.8,0.0,41.0,"Nooksack, Everson, Whatcom County",330061,Nooksack,2021-04-28 23:17:08.279751
2017-03-12,09:45,48.3,46.0,91.4,0.0,161,W,0.4,2.8,0.0,41.0,"Nooksack, Everson, Whatcom County",330061,Nooksack,2021-04-28 23:17:08.279751
2017-03-12,10:00,49.0,46.3,90.1,0.0,215,NE,1.5,2.8,0.0,41.0,"Nooksack, Everson, Whatcom County",330061,Nooksack,2021-04-28 23:17:08.279751
2017-03-12,10:15,48.8,46.1,90.4,0.0,224,NE,2.7,4.6,0.0,41.1,"Nooksack, Everson, Whatcom County",330061,Nooksack,2021-04-28 23:17:08.279751
2017-03-12,10:30,49.3,46.2,89.1,0.0,194,NE,2.2,3.5,0.0,41.1,"Nooksack, Everson, Whatcom County",330061,Nooksack,2021-04-28 23:17:08.279751
2017-03-12,10:45,49.5,46.6,89.5,0.0,196,E,3.7,6.0,0.0,41.1,"Nooksack, Everson, Whatcom County",330061,Nooksack,2021-04-28 23:17:08.279751
2017-03-12,11:00,49.6,46.6,89.5,0.0,232,E,5.5,7.1,0.04,41.1,"Nooksack, Everson, Whatcom County",330061,Nooksack,2021-04-28 23:17:08.279751
2017-03-12,11:15,50.0,46.8,88.7,0.0,271,E,5.1,7.1,0.06,41.2,"Nooksack, Everson, Whatcom County",330061,Nooksack,2021-04-28 23:17:08.279751
2017-03-12,11:30,50.8,47.0,86.7,0.0,381,E,4.5,6.0,0.0,41.2,"Nooksack, Everson, Whatcom County",330061,Nooksack,2021-04-28 23:17:08.279751
2017-03-12,11:45,51.3,47.0,85.0,0.0,360,E,5.0,7.4,0.0,41.3,"Nooksack, Everson, Whatcom County",330061,Nooksack,2021-04-28 23:17:08.279751
2017-03-12,12:00,51.3,46.6,83.7,0.0,297,NE,4.5,6.4,0.0,41.4,"Nooksack, Everson, Whatcom County",330061,Nooksack,2021-04-28 23:17:08.279751
2017-03-12,12:15,51.6,46.3,82.2,0.0,289,NE,4.4,6.4,0.0,41.5,"Nooksack, Everson, Whatcom County",330061,Nooksack,2021-04-28 23:17:08.279751
2017-03-12,12:30,52.1,46.4,80.8,0.0,244,NE,4.5,7.8,0.08,41.5,"Nooksack, Everson, Whatcom County",330061,Nooksack,2021-04-28 23:17:08.279751
2017-03-12,12:45,52.4,45.6,77.7,0.0,238,S,2.0,4.2,0.03,41.7,"Nooksack, Everson, Whatcom County",330061,Nooksack,2021-04-28 23:17:08.279751
2017-03-12,13:00,52.4,46.5,80.3,0.0,221,E,2.5,4.9,0.17,41.8,"Nooksack, Everson, Whatcom County",330061,Nooksack,2021-04-28 23:17:08.279751
2017-03-12,13:15,52.1,46.6,81.1,0.0,141,SE,3.1,7.4,0.55,41.9,"Nooksack, Everson, Whatcom County",330061,Nooksack,2021-04-28 23:17:08.279751
2017-03-12,13:30,52.3,46.8,81.4,0.0,142,SW,4.5,7.1,0.35,42.0,"Nooksack, Everson, Whatcom County",330061,Nooksack,2021-04-28 23:17:08.279751
2017-03-12,13:45,52.4,46.7,80.8,0.0,171,SW,3.9,6.4,0.15,42.1,"Nooksack, Everson, Whatcom County",330061,Nooksack,2021-04-28 23:17:08.279751
2017-03-12,14:00,52.2,46.9,82.3,0.0,160,SW,4.2,8.2,0.16,42.3,"Nooksack, Everson, Whatcom County",330061,Nooksack,2021-04-28 23:17:08.279751
2017-03-12,14:15,51.9,46.8,82.4,0.0,161,SW,6.6,11.4,0.01,42.4,"Nooksack, Everson, Whatcom County",330061,Nooksack,2021-04-28 23:17:08.279751
2017-03-12,14:30,51.9,46.8,82.6,0.0,173,SW,6.5,10.7,0.01,42.5,"Nooksack, Everson, Whatcom County",330061,Nooksack,2021-04-28 23:17:08.279751
2017-03-12,14:45,52.3,46.6,80.7,0.0,187,SW,6.2,9.6,0.0,42.7,"Nooksack, Everson, Whatcom County",330061,Nooksack,2021-04-28 23:17:08.279751
2017-03-12,15:00,52.5,46.5,80.1,0.0,154,SW,5.5,10.3,0.01,42.8,"Nooksack, Everson, Whatcom County",330061,Nooksack,2021-04-28 23:17:08.279751
2017-03-12,15:15,52.3,46.6,81.0,0.0,152,SW,6.0,10.3,0.2,42.9,"Nooksack, Everson, Whatcom County",330061,Nooksack,2021-04-28 23:17:08.279751
2017-03-12,15:30,52.0,47.1,83.3,0.0,174,S,6.2,11.0,0.33,43.0,"Nooksack, Everson, Whatcom County",330061,Nooksack,2021-04-28 23:17:08.279751
2017-03-12,15:45,52.3,47.2,82.8,0.0,159,SW,5.0,8.2,0.03,43.1,"Nooksack, Everson, Whatcom County",330061,Nooksack,2021-04-28 23:17:08.279751
2017-03-12,16:00,52.6,47.1,81.3,0.0,197,SW,4.3,7.4,0.04,43.2,"Nooksack, Everson, Whatcom County",330061,Nooksack,2021-04-28 23:17:08.279751
2017-03-12,16:15,53.0,46.0,77.0,0.0,186,SW,6.0,11.4,0.01,43.3,"Nooksack, Everson, Whatcom County",330061,Nooksack,2021-04-28 23:17:08.279751
2017-03-12,16:30,52.9,44.7,73.4,0.0,129,S,9.0,14.6,0.0,43.4,"Nooksack, Everson, Whatcom County",330061,Nooksack,2021-04-28 23:17:08.279751
2017-03-12,16:45,53.2,43.7,70.0,0.0,123,S,9.3,15.3,0.0,43.5,"Nooksack, Everson, Whatcom County",330061,Nooksack,2021-04-28 23:17:08.279751
2017-03-12,17:00,53.3,43.6,69.4,0.0,94,SW,8.4,13.9,0.0,43.6,"Nooksack, Everson, Whatcom County",330061,Nooksack,2021-04-28 23:17:08.279751
2017-03-12,17:15,53.0,43.7,70.4,0.0,65,SW,7.2,12.1,0.0,43.7,"Nooksack, Everson, Whatcom County",330061,Nooksack,2021-04-28 23:17:08.279751
2017-03-12,17:30,52.5,44.5,74.0,0.0,52,SW,5.8,8.9,0.0,43.8,"Nooksack, Everson, Whatcom County",330061,Nooksack,2021-04-28 23:17:08.279751
2017-03-12,17:45,52.5,44.5,73.9,0.0,43,SW,4.0,7.1,0.01,43.8,"Nooksack, Everson, Whatcom County",330061,Nooksack,2021-04-28 23:17:08.279751
2017-03-12,18:00,52.3,44.2,73.9,0.0,34,SW,3.4,7.1,0.0,43.9,"Nooksack, Everson, Whatcom County",330061,Nooksack,2021-04-28 23:17:08.279751
2017-03-12,18:15,52.3,43.9,73.0,0.0,24,SW,1.7,3.9,0.01,44.0,"Nooksack, Everson, Whatcom County",330061,Nooksack,2021-04-28 23:17:08.279751
2017-03-12,18:30,51.9,44.1,74.5,0.0,19,SW,0.0,1.4,0.02,44.0,"Nooksack, Everson, Whatcom County",330061,Nooksack,2021-04-28 23:17:08.279751
2017-03-12,18:45,51.6,43.8,74.4,0.0,8,S,0.3,3.5,0.02,44.1,"Nooksack, Everson, Whatcom County",330061,Nooksack,2021-04-28 23:17:08.279751
2017-03-12,19:00,50.6,45.9,83.6,0.0,4,N ,3.4,6.4,0.4,44.1,"Nooksack, Everson, Whatcom County",330061,Nooksack,2021-04-28 23:17:08.279751
2017-03-12,19:15,49.3,47.5,93.4,0.0,0,N ,2.6,4.6,0.75,44.1,"Nooksack, Everson, Whatcom County",330061,Nooksack,2021-04-28 23:17:08.279751
2017-03-12,19:30,49.1,47.7,94.7,0.01,0,N ,3.1,4.6,0.64,44.2,"Nooksack, Everson, Whatcom County",330061,Nooksack,2021-04-28 23:17:08.279751
2017-03-12,19:45,48.8,47.8,96.5,0.0,0,NE,3.4,4.9,0.59,44.2,"Nooksack, Everson, Whatcom County",330061,Nooksack,2021-04-28 23:17:08.279751
2017-03-12,20:00,48.5,47.8,97.1,0.0,0,NE,3.7,4.9,0.59,44.2,"Nooksack, Everson, Whatcom County",330061,Nooksack,2021-04-28 23:17:08.279751
2017-03-12,20:15,48.3,47.4,96.4,0.0,0,N ,4.0,6.0,0.62,44.2,"Nooksack, Everson, Whatcom County",330061,Nooksack,2021-04-28 23:17:08.279751
2017-03-12,20:30,48.3,47.0,95.2,0.0,0,NE,4.2,6.7,0.54,44.2,"Nooksack, Everson, Whatcom County",330061,Nooksack,2021-04-28 23:17:08.279751
2017-03-12,20:45,48.2,47.5,97.1,0.0,0,NE,4.8,7.4,0.55,44.3,"Nooksack, Everson, Whatcom County",330061,Nooksack,2021-04-28 23:17:08.279751
2017-03-12,21:00,48.1,47.6,98.1,0.0,0,NE,6.4,10.3,0.53,44.3,"Nooksack, Everson, Whatcom County",330061,Nooksack,2021-04-28 23:17:08.279751
2017-03-12,21:15,48.0,47.6,98.4,0.0,0,NE,5.4,9.9,0.5,44.3,"Nooksack, Everson, Whatcom County",330061,Nooksack,2021-04-28 23:17:08.279751
2017-03-12,21:30,47.6,47.4,99.1,0.0,0,NE,4.7,6.4,0.5,44.3,"Nooksack, Everson, Whatcom County",330061,Nooksack,2021-04-28 23:17:08.279751
2017-03-12,21:45,47.3,47.1,99.4,0.0,0,NE,4.5,7.8,0.51,44.2,"Nooksack, Everson, Whatcom County",330061,Nooksack,2021-04-28 23:17:08.279751
2017-03-12,22:00,47.3,47.2,99.4,0.0,0,NE,5.0,8.2,0.52,44.2,"Nooksack, Everson, Whatcom County",330061,Nooksack,2021-04-28 23:17:08.279751
2017-03-12,22:15,47.3,47.1,99.4,0.0,0,NE,6.0,8.2,0.52,44.2,"Nooksack, Everson, Whatcom County",330061,Nooksack,2021-04-28 23:17:08.279751
2017-03-12,22:30,47.3,47.2,99.4,0.0,0,NE,7.2,10.3,0.51,44.2,"Nooksack, Everson, Whatcom County",330061,Nooksack,2021-04-28 23:17:08.279751
2017-03-12,22:45,47.2,47.0,99.4,0.0,0,NE,5.0,7.4,0.51,44.2,"Nooksack, Everson, Whatcom County",330061,Nooksack,2021-04-28 23:17:08.279751
2017-03-12,23:00,47.0,46.8,99.4,0.0,0,NE,5.8,7.8,0.65,44.2,"Nooksack, Everson, Whatcom County",330061,Nooksack,2021-04-28 23:17:08.279751
2017-03-12,23:15,46.7,46.5,99.4,0.0,0,NE,6.6,8.9,0.68,44.2,"Nooksack, Everson, Whatcom County",330061,Nooksack,2021-04-28 23:17:08.279751
2017-03-12,23:30,46.5,46.3,99.4,0.0,0,NE,6.3,8.2,0.69,44.1,"Nooksack, Everson, Whatcom County",330061,Nooksack,2021-04-28 23:17:08.279751
2017-03-12,23:45,46.3,46.1,99.4,0.0,0,NE,6.5,9.2,0.81,44.1,"Nooksack, Everson, Whatcom County",330061,Nooksack,2021-04-28 23:17:08.279751
2017-03-12,24:00,46.2,46.0,99.4,0.0,0,NE,5.7,8.5,0.76,44.1,"Nooksack, Everson, Whatcom County",330061,Nooksack,2021-04-28 23:17:08.279751
2017-03-13,00:15,46.2,46.1,99.4,0.0,0,NE,6.2,8.9,0.68,44.1,"Nooksack, Everson, Whatcom County",330061,Nooksack,2021-04-28 23:17:08.279751
2017-03-13,00:30,46.0,45.9,99.4,0.01,0,NE,6.0,7.8,0.63,44.0,"Nooksack, Everson, Whatcom County",330061,Nooksack,2021-04-28 23:17:08.279751
2017-03-13,00:45,45.8,45.6,99.4,0.0,0,NE,5.3,8.2,0.54,44.0,"Nooksack, Everson, Whatcom County",330061,Nooksack,2021-04-28 23:17:08.279751
2017-03-13,01:00,45.7,45.5,99.4,0.01,0,NE,6.3,10.7,0.54,44.0,"Nooksack, Everson, Whatcom County",330061,Nooksack,2021-04-28 23:17:08.279751
2017-03-13,01:15,45.6,45.4,99.4,0.0,0,NE,7.2,9.6,0.56,44.0,"Nooksack, Everson, Whatcom County",330061,Nooksack,2021-04-28 23:17:08.279751
2017-03-13,01:30,45.4,45.3,99.4,0.01,0,NE,5.8,9.2,0.57,44.0,"Nooksack, Everson, Whatcom County",330061,Nooksack,2021-04-28 23:17:08.279751
2017-03-13,01:45,45.4,45.3,99.4,0.01,0,NE,6.5,9.9,0.54,43.9,"Nooksack, Everson, Whatcom County",330061,Nooksack,2021-04-28 23:17:08.279751
2017-03-13,02:00,45.5,45.3,99.4,0.0,0,NE,8.4,13.5,0.52,43.9,"Nooksack, Everson, Whatcom County",330061,Nooksack,2021-04-28 23:17:08.279751
2017-03-13,02:15,45.3,45.2,99.4,0.01,0,NE,11.5,15.7,0.54,43.9,"Nooksack, Everson, Whatcom County",330061,Nooksack,2021-04-28 23:17:08.279751
2017-03-13,02:30,45.4,45.3,99.4,0.0,0,NE,11.8,16.4,0.55,43.9,"Nooksack, Everson, Whatcom County",330061,Nooksack,2021-04-28 23:17:08.279751
2017-03-13,02:45,45.5,45.3,99.4,0.01,0,NE,10.3,13.9,0.53,43.9,"Nooksack, Everson, Whatcom County",330061,Nooksack,2021-04-28 23:17:08.279751
2017-03-13,03:00,45.3,45.1,99.4,0.01,0,NE,9.7,13.9,0.5,43.9,"Nooksack, Everson, Whatcom County",330061,Nooksack,2021-04-28 23:17:08.279751
2017-03-13,03:15,45.1,45.0,99.4,0.0,0,NE,11.5,17.8,0.53,43.8,"Nooksack, Everson, Whatcom County",330061,Nooksack,2021-04-28 23:17:08.279751
2017-03-13,03:30,45.0,44.9,99.4,0.0,0,NE,11.5,15.0,0.5,43.8,"Nooksack, Everson, Whatcom County",330061,Nooksack,2021-04-28 23:17:08.279751
2017-03-13,03:45,45.0,44.9,99.4,0.0,0,NE,11.5,16.4,0.46,43.8,"Nooksack, Everson, Whatcom County",330061,Nooksack,2021-04-28 23:17:08.279751
2017-03-13,04:00,45.0,44.8,99.4,0.0,0,NE,11.5,16.4,0.49,43.8,"Nooksack, Everson, Whatcom County",330061,Nooksack,2021-04-28 23:17:08.279751
2017-03-13,04:15,45.0,44.9,99.4,0.0,0,NE,10.8,17.1,0.54,43.7,"Nooksack, Everson, Whatcom County",330061,Nooksack,2021-04-28 23:17:08.279751
2017-03-13,04:30,44.9,44.7,99.4,0.0,0,NE,10.5,16.4,0.54,43.7,"Nooksack, Everson, Whatcom County",330061,Nooksack,2021-04-28 23:17:08.279751
2017-03-13,04:45,45.0,44.8,99.4,0.01,0,NE,11.9,16.4,0.52,43.7,"Nooksack, Everson, Whatcom County",330061,Nooksack,2021-04-28 23:17:08.279751
2017-03-13,05:00,45.1,44.9,99.4,0.0,0,NE,10.8,16.7,0.53,43.7,"Nooksack, Everson, Whatcom County",330061,Nooksack,2021-04-28 23:17:08.279751
2017-03-13,05:15,45.2,45.0,99.4,0.0,0,NE,9.5,13.9,0.6,43.7,"Nooksack, Everson, Whatcom County",330061,Nooksack,2021-04-28 23:17:08.279751
2017-03-13,05:30,45.1,45.0,99.4,0.01,0,NE,11.2,16.0,0.56,43.6,"Nooksack, Everson, Whatcom County",330061,Nooksack,2021-04-28 23:17:08.279751
2017-03-13,05:45,45.2,45.1,99.4,0.0,0,NE,12.1,18.2,0.56,43.6,"Nooksack, Everson, Whatcom County",330061,Nooksack,2021-04-28 23:17:08.279751
2017-03-13,06:00,45.0,44.9,99.4,0.0,0,NE,9.1,14.6,0.54,43.6,"Nooksack, Everson, Whatcom County",330061,Nooksack,2021-04-28 23:17:08.279751
2017-03-13,06:15,45.1,44.9,99.4,0.0,0,NE,13.4,20.3,0.52,43.6,"Nooksack, Everson, Whatcom County",330061,Nooksack,2021-04-28 23:17:08.279751
2017-03-13,06:30,44.9,44.8,99.4,0.0,0,NE,13.2,17.8,0.47,43.6,"Nooksack, Everson, Whatcom County",330061,Nooksack,2021-04-28 23:17:08.279751
2017-03-13,06:45,45.0,44.8,99.4,0.0,0,NE,9.0,16.0,0.52,43.5,"Nooksack, Everson, Whatcom County",330061,Nooksack,2021-04-28 23:17:08.279751
2017-03-13,07:00,45.0,44.8,99.4,0.02,0,NE,7.8,12.8,0.45,43.5,"Nooksack, Everson, Whatcom County",330061,Nooksack,2021-04-28 23:17:08.279751
2017-03-13,07:15,44.8,44.6,99.4,0.02,0,NE,10.8,18.2,0.4,43.5,"Nooksack, Everson, Whatcom County",330061,Nooksack,2021-04-28 23:17:08.279751
2017-03-13,07:30,44.7,44.5,99.4,0.0,0,NE,8.7,14.2,0.38,43.5,"Nooksack, Everson, Whatcom County",330061,Nooksack,2021-04-28 23:17:08.279751
2017-03-13,07:45,44.7,44.5,99.3,0.0,0,NE,8.1,15.0,0.45,43.5,"Nooksack, Everson, Whatcom County",330061,Nooksack,2021-04-28 23:17:08.279751
2017-03-13,08:00,44.8,44.3,98.2,0.0,3,NE,11.0,16.0,0.39,43.5,"Nooksack, Everson, Whatcom County",330061,Nooksack,2021-04-28 23:17:08.279751
2017-03-13,08:15,44.7,44.1,97.8,0.0,4,NE,11.3,20.7,0.29,43.4,"Nooksack, Everson, Whatcom County",330061,Nooksack,2021-04-28 23:17:08.279751
2017-03-13,08:30,44.6,44.0,97.6,0.0,7,NE,12.0,16.4,0.48,43.4,"Nooksack, Everson, Whatcom County",330061,Nooksack,2021-04-28 23:17:08.279751
2017-03-13,08:45,44.4,44.1,98.7,0.0,7,NE,11.1,15.7,0.46,43.4,"Nooksack, Everson, Whatcom County",330061,Nooksack,2021-04-28 23:17:08.279751
2017-03-13,09:00,44.6,44.2,98.5,0.0,10,SE,6.1,12.1,0.36,43.4,"Nooksack, Everson, Whatcom County",330061,Nooksack,2021-04-28 23:17:08.279751
2017-03-13,09:15,44.8,44.3,98.1,0.01,47,E,11.1,19.6,0.53,43.4,"Nooksack, Everson, Whatcom County",330061,Nooksack,2021-04-28 23:17:08.279751
2017-03-13,09:30,44.7,44.5,99.2,0.0,59,NE,6.2,9.6,0.47,43.3,"Nooksack, Everson, Whatcom County",330061,Nooksack,2021-04-28 23:17:08.279751
2017-03-13,09:45,45.1,44.7,98.3,0.0,55,NE,6.1,11.0,0.34,43.3,"Nooksack, Everson, Whatcom County",330061,Nooksack,2021-04-28 23:17:08.279751
2017-03-13,10:00,45.6,44.9,97.3,0.0,49,N ,4.1,6.4,0.34,43.3,"Nooksack, Everson, Whatcom County",330061,Nooksack,2021-04-28 23:17:08.279751
2017-03-13,10:15,45.7,45.1,97.8,0.0,60,NE,5.9,11.4,0.34,43.3,"Nooksack, Everson, Whatcom County",330061,Nooksack,2021-04-28 23:17:08.279751
2017-03-13,10:30,45.4,44.6,96.9,0.0,73,NE,9.4,12.8,0.29,43.3,"Nooksack, Everson, Whatcom County",330061,Nooksack,2021-04-28 23:17:08.279751
2017-03-13,10:45,45.3,45.0,98.9,0.0,75,NE,8.0,11.4,0.26,43.3,"Nooksack, Everson, Whatcom County",330061,Nooksack,2021-04-28 23:17:08.279751
2017-03-13,11:00,45.5,45.1,98.2,0.0,59,NE,8.1,13.2,0.17,43.3,"Nooksack, Everson, Whatcom County",330061,Nooksack,2021-04-28 23:17:08.279751
2017-03-13,11:15,45.5,44.8,97.4,0.0,70,NE,8.0,11.0,0.58,43.3,"Nooksack, Everson, Whatcom County",330061,Nooksack,2021-04-28 23:17:08.279751
2017-03-13,11:30,45.7,45.3,98.5,0.0,100,NE,6.3,9.9,0.59,43.3,"Nooksack, Everson, Whatcom County",330061,Nooksack,2021-04-28 23:17:08.279751
2017-03-13,11:45,45.7,45.1,97.4,0.0,108,NE,5.9,9.2,0.44,43.3,"Nooksack, Everson, Whatcom County",330061,Nooksack,2021-04-28 23:17:08.279751
2017-03-13,12:00,46.0,45.1,96.8,0.0,137,NE,7.9,12.1,0.35,43.3,"Nooksack, Everson, Whatcom County",330061,Nooksack,2021-04-28 23:17:08.279751
2017-03-13,12:15,46.3,45.4,96.7,0.0,140,NE,7.4,10.7,0.18,43.3,"Nooksack, Everson, Whatcom County",330061,Nooksack,2021-04-28 23:17:08.279751
2017-03-13,12:30,46.6,45.7,96.3,0.0,152,NE,6.9,9.9,0.13,43.3,"Nooksack, Everson, Whatcom County",330061,Nooksack,2021-04-28 23:17:08.279751
2017-03-13,12:45,46.9,45.6,95.2,0.0,160,NE,6.0,9.2,0.12,43.3,"Nooksack, Everson, Whatcom County",330061,Nooksack,2021-04-28 23:17:08.279751
2017-03-13,13:00,47.2,45.6,94.1,0.0,193,NE,8.7,12.4,0.04,43.3,"Nooksack, Everson, Whatcom County",330061,Nooksack,2021-04-28 23:17:08.279751
2017-03-13,13:15,47.4,45.9,94.4,0.0,201,NE,8.4,11.7,0.01,43.3,"Nooksack, Everson, Whatcom County",330061,Nooksack,2021-04-28 23:17:08.279751
2017-03-13,13:30,47.6,45.9,93.9,0.0,219,NE,7.9,11.4,0.0,43.3,"Nooksack, Everson, Whatcom County",330061,Nooksack,2021-04-28 23:17:08.279751
2017-03-13,13:45,48.0,46.0,92.8,0.0,227,NE,8.4,11.0,0.0,43.4,"Nooksack, Everson, Whatcom County",330061,Nooksack,2021-04-28 23:17:08.279751
2017-03-13,14:00,48.1,46.0,92.5,0.0,184,NE,8.6,12.1,0.0,43.4,"Nooksack, Everson, Whatcom County",330061,Nooksack,2021-04-28 23:17:08.279751
2017-03-13,14:15,48.2,45.6,90.7,0.0,171,NE,9.6,13.2,0.0,43.4,"Nooksack, Everson, Whatcom County",330061,Nooksack,2021-04-28 23:17:08.279751
2017-03-13,14:30,48.4,46.0,91.1,0.0,164,NE,8.3,11.4,0.0,43.5,"Nooksack, Everson, Whatcom County",330061,Nooksack,2021-04-28 23:17:08.279751
2017-03-13,14:45,48.5,45.8,90.3,0.0,159,NE,6.4,9.6,0.0,43.5,"Nooksack, Everson, Whatcom County",330061,Nooksack,2021-04-28 23:17:08.279751
2017-03-13,15:00,48.6,45.8,89.9,0.0,154,NE,5.9,8.2,0.0,43.6,"Nooksack, Everson, Whatcom County",330061,Nooksack,2021-04-28 23:17:08.279751
2017-03-13,15:15,49.2,46.3,89.4,0.0,277,NE,7.2,9.2,0.0,43.6,"Nooksack, Everson, Whatcom County",330061,Nooksack,2021-04-28 23:17:08.279751
2017-03-13,15:30,49.5,46.4,89.0,0.0,186,NE,6.9,9.2,0.0,43.7,"Nooksack, Everson, Whatcom County",330061,Nooksack,2021-04-28 23:17:08.279751
2017-03-13,15:45,49.7,46.4,88.5,0.0,143,NE,6.1,8.2,0.09,43.7,"Nooksack, Everson, Whatcom County",330061,Nooksack,2021-04-28 23:17:08.279751
2017-03-13,16:00,49.8,46.6,88.6,0.0,171,NE,5.8,8.9,0.09,43.8,"Nooksack, Everson, Whatcom County",330061,Nooksack,2021-04-28 23:17:08.279751
2017-03-13,16:15,49.6,46.2,88.0,0.0,169,NE,6.4,9.2,0.28,43.8,"Nooksack, Everson, Whatcom County",330061,Nooksack,2021-04-28 23:17:08.279751
2017-03-13,16:30,49.8,46.6,88.6,0.0,173,NE,5.4,7.4,0.08,43.9,"Nooksack, Everson, Whatcom County",330061,Nooksack,2021-04-28 23:17:08.279751
2017-03-13,16:45,49.9,46.7,88.6,0.0,163,NE,4.9,7.4,0.0,44.0,"Nooksack, Everson, Whatcom County",330061,Nooksack,2021-04-28 23:17:08.279751
2017-03-13,17:00,50.2,46.8,88.0,0.0,160,NE,3.8,6.0,0.0,44.0,"Nooksack, Everson, Whatcom County",330061,Nooksack,2021-04-28 23:17:08.279751
2017-03-13,17:15,50.1,46.7,87.9,0.0,94,NE,2.9,4.2,0.0,44.1,"Nooksack, Everson, Whatcom County",330061,Nooksack,2021-04-28 23:17:08.279751
2017-03-13,17:30,49.8,46.8,89.3,0.0,55,NE,2.9,4.2,0.12,44.2,"Nooksack, Everson, Whatcom County",330061,Nooksack,2021-04-28 23:17:08.279751
2017-03-13,17:45,49.7,47.0,90.5,0.0,56,NE,3.6,4.6,0.11,44.2,"Nooksack, Everson, Whatcom County",330061,Nooksack,2021-04-28 23:17:08.279751
2017-03-13,18:00,49.6,47.1,91.2,0.0,45,NE,3.6,4.6,0.12,44.3,"Nooksack, Everson, Whatcom County",330061,Nooksack,2021-04-28 23:17:08.279751
2017-03-13,18:15,49.2,46.9,91.4,0.0,32,E,4.1,5.3,0.22,44.4,"Nooksack, Everson, Whatcom County",330061,Nooksack,2021-04-28 23:17:08.279751
2017-03-13,18:30,49.1,47.4,94.0,0.0,23,NE,3.9,4.9,0.11,44.4,"Nooksack, Everson, Whatcom County",330061,Nooksack,2021-04-28 23:17:08.279751
2017-03-13,18:45,48.8,47.6,95.8,0.0,24,NE,3.5,4.2,0.22,44.5,"Nooksack, Everson, Whatcom County",330061,Nooksack,2021-04-28 23:17:08.279751
2017-03-13,19:00,48.3,47.7,97.5,0.0,10,NE,3.3,4.6,0.05,44.6,"Nooksack, Everson, Whatcom County",330061,Nooksack,2021-04-28 23:17:08.279751
2017-03-13,19:15,48.0,47.5,98.0,0.0,3,NE,3.2,4.2,0.01,44.6,"Nooksack, Everson, Whatcom County",330061,Nooksack,2021-04-28 23:17:08.279751
2017-03-13,19:30,47.7,47.2,98.1,0.0,0,NE,2.8,4.6,0.01,44.6,"Nooksack, Everson, Whatcom County",330061,Nooksack,2021-04-28 23:17:08.279751
2017-03-13,19:45,47.4,47.1,98.6,0.0,0,NE,3.9,4.6,0.01,44.7,"Nooksack, Everson, Whatcom County",330061,Nooksack,2021-04-28 23:17:08.279751
2017-03-13,20:00,47.3,47.1,99.3,0.0,0,NE,4.7,6.0,0.01,44.7,"Nooksack, Everson, Whatcom County",330061,Nooksack,2021-04-28 23:17:08.279751
2017-03-13,20:15,47.1,46.9,99.4,0.0,0,E,5.1,7.1,0.01,44.8,"Nooksack, Everson, Whatcom County",330061,Nooksack,2021-04-28 23:17:08.279751
2017-03-13,20:30,47.2,47.1,99.4,0.0,0,E,6.9,12.4,0.01,44.8,"Nooksack, Everson, Whatcom County",330061,Nooksack,2021-04-28 23:17:08.279751
2017-03-13,20:45,47.3,47.1,99.3,0.0,0,NE,7.1,9.9,0.0,44.8,"Nooksack, Everson, Whatcom County",330061,Nooksack,2021-04-28 23:17:08.279751
2017-03-13,21:00,47.1,46.9,99.4,0.0,0,NE,6.3,8.9,0.01,44.8,"Nooksack, Everson, Whatcom County",330061,Nooksack,2021-04-28 23:17:08.279751
2017-03-13,21:15,46.7,46.6,99.4,0.0,0,NE,6.7,9.2,0.01,44.8,"Nooksack, Everson, Whatcom County",330061,Nooksack,2021-04-28 23:17:08.279751
2017-03-13,21:30,46.4,46.2,99.4,0.0,0,NE,4.4,8.5,0.01,44.8,"Nooksack, Everson, Whatcom County",330061,Nooksack,2021-04-28 23:17:08.279751
2017-03-13,21:45,46.1,45.9,99.4,0.0,0,NE,5.0,6.4,0.03,44.8,"Nooksack, Everson, Whatcom County",330061,Nooksack,2021-04-28 23:17:08.279751
2017-03-13,22:00,45.8,45.7,99.4,0.0,0,NE,5.1,7.1,0.04,44.8,"Nooksack, Everson, Whatcom County",330061,Nooksack,2021-04-28 23:17:08.279751
2017-03-13,22:15,45.9,45.8,99.4,0.0,0,NE,5.2,7.1,0.05,44.8,"Nooksack, Everson, Whatcom County",330061,Nooksack,2021-04-28 23:17:08.279751
2017-03-13,22:30,45.9,45.8,99.4,0.0,0,NE,4.4,5.7,0.05,44.8,"Nooksack, Everson, Whatcom County",330061,Nooksack,2021-04-28 23:17:08.279751
2017-03-13,22:45,46.0,45.8,99.4,0.0,0,NE,4.5,6.4,0.04,44.7,"Nooksack, Everson, Whatcom County",330061,Nooksack,2021-04-28 23:17:08.279751
2017-03-13,23:00,45.9,45.8,99.4,0.0,0,NE,4.5,6.4,0.05,44.7,"Nooksack, Everson, Whatcom County",330061,Nooksack,2021-04-28 23:17:08.279751
2017-03-13,23:15,46.2,46.1,99.4,0.0,0,NE,5.3,7.4,0.04,44.7,"Nooksack, Everson, Whatcom County",330061,Nooksack,2021-04-28 23:17:08.279751
2017-03-13,23:30,46.2,46.0,99.4,0.0,0,NE,6.1,8.2,0.02,44.7,"Nooksack, Everson, Whatcom County",330061,Nooksack,2021-04-28 23:17:08.279751
2017-03-13,23:45,46.0,45.8,99.4,0.0,0,NE,7.2,9.9,0.02,44.6,"Nooksack, Everson, Whatcom County",330061,Nooksack,2021-04-28 23:17:08.279751
2017-03-13,24:00,46.0,45.8,99.4,0.0,0,NE,7.5,11.7,0.02,44.6,"Nooksack, Everson, Whatcom County",330061,Nooksack,2021-04-28 23:17:08.279751
2017-03-14,00:15,46.2,46.0,99.4,0.0,0,NE,9.1,13.9,0.01,44.6,"Nooksack, Everson, Whatcom County",330061,Nooksack,2021-04-28 23:17:08.279751
2017-03-14,00:30,46.3,46.1,99.4,0.0,0,NE,10.0,14.2,0.01,44.6,"Nooksack, Everson, Whatcom County",330061,Nooksack,2021-04-28 23:17:08.279751
2017-03-14,00:45,46.2,46.0,99.3,0.0,0,NE,9.0,12.8,0.01,44.5,"Nooksack, Everson, Whatcom County",330061,Nooksack,2021-04-28 23:17:08.279751
2017-03-14,01:00,45.9,45.7,99.4,0.0,0,NE,8.9,12.1,0.01,44.5,"Nooksack, Everson, Whatcom County",330061,Nooksack,2021-04-28 23:17:08.279751
2017-03-14,01:15,45.8,45.6,99.4,0.0,0,NE,8.4,11.0,0.01,44.5,"Nooksack, Everson, Whatcom County",330061,Nooksack,2021-04-28 23:17:08.279751
2017-03-14,01:30,45.7,45.5,99.4,0.0,0,NE,9.3,12.8,0.01,44.4,"Nooksack, Everson, Whatcom County",330061,Nooksack,2021-04-28 23:17:08.279751
2017-03-14,01:45,45.6,45.5,99.4,0.0,0,NE,9.3,12.8,0.01,44.4,"Nooksack, Everson, Whatcom County",330061,Nooksack,2021-04-28 23:17:08.279751
2017-03-14,02:00,45.8,45.6,99.4,0.0,0,NE,8.0,11.0,0.01,44.4,"Nooksack, Everson, Whatcom County",330061,Nooksack,2021-04-28 23:17:08.279751
2017-03-14,02:15,45.7,45.5,99.4,0.0,0,NE,8.3,12.4,0.01,44.3,"Nooksack, Everson, Whatcom County",330061,Nooksack,2021-04-28 23:17:08.279751
2017-03-14,02:30,45.5,45.4,99.4,0.0,0,NE,7.8,12.1,0.01,44.3,"Nooksack, Everson, Whatcom County",330061,Nooksack,2021-04-28 23:17:08.279751
2017-03-14,02:45,45.8,45.6,99.3,0.0,0,NE,8.0,11.7,0.0,44.3,"Nooksack, Everson, Whatcom County",330061,Nooksack,2021-04-28 23:17:08.279751
2017-03-14,03:00,46.0,45.6,98.4,0.0,0,NE,9.8,13.2,0.0,44.2,"Nooksack, Everson, Whatcom County",330061,Nooksack,2021-04-28 23:17:08.279751
2017-03-14,03:15,45.9,45.3,97.7,0.0,0,NE,11.5,17.1,0.0,44.2,"Nooksack, Everson, Whatcom County",330061,Nooksack,2021-04-28 23:17:08.279751
2017-03-14,03:30,45.7,45.1,97.9,0.0,0,NE,11.1,15.3,0.0,44.2,"Nooksack, Everson, Whatcom County",330061,Nooksack,2021-04-28 23:17:08.279751
2017-03-14,03:45,45.9,45.0,96.7,0.0,0,NE,12.1,15.7,0.04,44.2,"Nooksack, Everson, Whatcom County",330061,Nooksack,2021-04-28 23:17:08.279751
2017-03-14,04:00,45.8,44.9,96.7,0.0,0,NE,11.0,16.0,0.59,44.1,"Nooksack, Everson, Whatcom County",330061,Nooksack,2021-04-28 23:17:08.279751
2017-03-14,04:15,45.4,45.0,98.4,0.0,0,NE,12.1,16.0,0.78,44.1,"Nooksack, Everson, Whatcom County",330061,Nooksack,2021-04-28 23:17:08.279751
2017-03-14,04:30,45.2,45.0,99.3,0.0,0,NE,10.9,15.7,0.61,44.1,"Nooksack, Everson, Whatcom County",330061,Nooksack,2021-04-28 23:17:08.279751
2017-03-14,04:45,45.1,45.0,99.4,0.01,0,NE,12.2,15.7,0.51,44.1,"Nooksack, Everson, Whatcom County",330061,Nooksack,2021-04-28 23:17:08.279751
2017-03-14,05:00,45.1,44.9,99.4,0.02,0,NE,10.5,14.6,0.46,44.1,"Nooksack, Everson, Whatcom County",330061,Nooksack,2021-04-28 23:17:08.279751
2017-03-14,05:15,44.9,44.8,99.4,0.02,0,NE,11.0,15.7,0.41,44.0,"Nooksack, Everson, Whatcom County",330061,Nooksack,2021-04-28 23:17:08.279751
2017-03-14,05:30,44.8,44.7,99.4,0.02,0,NE,10.9,15.0,0.38,44.0,"Nooksack, Everson, Whatcom County",330061,Nooksack,2021-04-28 23:17:08.279751
2017-03-14,05:45,44.8,44.6,99.4,0.01,0,NE,10.4,14.2,0.38,44.0,"Nooksack, Everson, Whatcom County",330061,Nooksack,2021-04-28 23:17:08.279751
2017-03-14,06:00,44.7,44.6,99.4,0.01,0,NE,10.5,14.6,0.38,44.0,"Nooksack, Everson, Whatcom County",330061,Nooksack,2021-04-28 23:17:08.279751
2017-03-14,06:15,44.7,44.5,99.4,0.02,0,E,9.8,13.9,0.36,44.0,"Nooksack, Everson, Whatcom County",330061,Nooksack,2021-04-28 23:17:08.279751
2017-03-14,06:30,44.7,44.5,99.4,0.02,0,E,8.9,11.7,0.37,44.0,"Nooksack, Everson, Whatcom County",330061,Nooksack,2021-04-28 23:17:08.279751
2017-03-14,06:45,44.6,44.5,99.4,0.02,0,NE,8.1,11.0,0.36,43.9,"Nooksack, Everson, Whatcom County",330061,Nooksack,2021-04-28 23:17:08.279751
2017-03-14,07:00,44.7,44.5,99.4,0.02,0,NE,7.5,11.7,0.34,43.9,"Nooksack, Everson, Whatcom County",330061,Nooksack,2021-04-28 23:17:08.279751
2017-03-14,07:15,44.8,44.6,99.4,0.02,0,NE,7.1,12.1,0.34,43.9,"Nooksack, Everson, Whatcom County",330061,Nooksack,2021-04-28 23:17:08.279751
2017-03-14,07:30,44.9,44.7,99.4,0.0,0,E,6.8,11.7,0.36,43.9,"Nooksack, Everson, Whatcom County",330061,Nooksack,2021-04-28 23:17:08.279751
2017-03-14,07:45,45.0,44.8,99.4,0.0,2,NE,6.8,14.6,0.39,43.9,"Nooksack, Everson, Whatcom County",330061,Nooksack,2021-04-28 23:17:08.279751
2017-03-14,08:00,45.0,44.9,99.4,0.0,5,E,4.1,10.3,0.4,43.8,"Nooksack, Everson, Whatcom County",330061,Nooksack,2021-04-28 23:17:08.279751
2017-03-14,08:15,45.1,45.0,99.4,0.0,8,NE,7.3,15.7,0.43,43.8,"Nooksack, Everson, Whatcom County",330061,Nooksack,2021-04-28 23:17:08.279751
2017-03-14,08:30,45.6,45.5,99.4,0.0,16,NE,8.7,16.0,0.37,43.8,"Nooksack, Everson, Whatcom County",330061,Nooksack,2021-04-28 23:17:08.279751
2017-03-14,08:45,45.9,45.8,99.4,0.01,19,NE,11.7,19.2,0.56,43.8,"Nooksack, Everson, Whatcom County",330061,Nooksack,2021-04-28 23:17:08.279751
2017-03-14,09:00,46.1,46.0,99.4,0.0,23,NE,9.8,14.6,0.55,43.8,"Nooksack, Everson, Whatcom County",330061,Nooksack,2021-04-28 23:17:08.279751
2017-03-14,09:15,46.2,46.0,99.4,0.0,33,NE,10.9,18.5,0.53,43.8,"Nooksack, Everson, Whatcom County",330061,Nooksack,2021-04-28 23:17:08.279751
2017-03-14,09:30,46.4,46.2,99.4,0.01,41,NE,7.2,13.2,0.4,43.8,"Nooksack, Everson, Whatcom County",330061,Nooksack,2021-04-28 23:17:08.279751
2017-03-14,09:45,46.4,46.2,99.4,0.02,70,NE,4.0,8.5,0.39,43.8,"Nooksack, Everson, Whatcom County",330061,Nooksack,2021-04-28 23:17:08.279751
2017-03-14,10:00,46.8,46.6,99.4,0.01,68,NE,3.7,7.8,0.43,43.8,"Nooksack, Everson, Whatcom County",330061,Nooksack,2021-04-28 23:17:08.279751
2017-03-14,10:15,46.8,46.6,99.4,0.01,56,NE,6.2,9.9,0.4,43.8,"Nooksack, Everson, Whatcom County",330061,Nooksack,2021-04-28 23:17:08.279751
2017-03-14,10:30,46.8,46.6,99.4,0.02,63,NE,4.9,9.2,0.44,43.8,"Nooksack, Everson, Whatcom County",330061,Nooksack,2021-04-28 23:17:08.279751
2017-03-14,10:45,47.2,47.0,99.4,0.01,89,NE,3.8,7.8,0.46,43.8,"Nooksack, Everson, Whatcom County",330061,Nooksack,2021-04-28 23:17:08.279751
2017-03-14,11:00,47.4,47.3,99.4,0.01,85,NE,3.9,6.0,0.45,43.8,"Nooksack, Everson, Whatcom County",330061,Nooksack,2021-04-28 23:17:08.279751
2017-03-14,11:15,47.5,47.4,99.4,0.0,84,NE,4.3,6.7,0.46,43.8,"Nooksack, Everson, Whatcom County",330061,Nooksack,2021-04-28 23:17:08.279751
2017-03-14,11:30,47.5,47.4,99.4,0.01,84,NE,5.0,8.2,0.51,43.8,"Nooksack, Everson, Whatcom County",330061,Nooksack,2021-04-28 23:17:08.279751
2017-03-14,11:45,47.7,47.5,99.4,0.01,124,NE,7.8,10.7,0.48,43.8,"Nooksack, Everson, Whatcom County",330061,Nooksack,2021-04-28 23:17:08.279751
2017-03-14,12:00,47.9,47.7,99.4,0.0,93,NE,5.8,10.3,0.47,43.8,"Nooksack, Everson, Whatcom County",330061,Nooksack,2021-04-28 23:17:08.279751
2017-03-14,12:15,47.9,47.7,99.4,0.0,122,NE,5.6,9.2,0.48,43.9,"Nooksack, Everson, Whatcom County",330061,Nooksack,2021-04-28 23:17:08.279751
2017-03-14,12:30,48.3,48.2,99.4,0.0,170,NE,8.0,11.4,0.52,43.9,"Nooksack, Everson, Whatcom County",330061,Nooksack,2021-04-28 23:17:08.279751
2017-03-14,12:45,48.3,48.2,99.4,0.0,120,NE,8.5,11.7,0.47,43.9,"Nooksack, Everson, Whatcom County",330061,Nooksack,2021-04-28 23:17:08.279751
2017-03-14,13:00,48.5,48.4,99.4,0.0,107,NE,7.8,11.7,0.33,44.0,"Nooksack, Everson, Whatcom County",330061,Nooksack,2021-04-28 23:17:08.279751
2017-03-14,13:15,48.8,48.7,99.4,0.0,134,NE,6.2,8.9,0.47,44.0,"Nooksack, Everson, Whatcom County",330061,Nooksack,2021-04-28 23:17:08.279751
2017-03-14,13:30,48.8,48.6,99.4,0.0,102,NE,7.3,10.7,0.54,44.1,"Nooksack, Everson, Whatcom County",330061,Nooksack,2021-04-28 23:17:08.279751
2017-03-14,13:45,48.6,48.5,99.4,0.0,139,NE,8.3,11.0,0.55,44.1,"Nooksack, Everson, Whatcom County",330061,Nooksack,2021-04-28 23:17:08.279751
2017-03-14,14:00,48.8,48.7,99.4,0.01,136,NE,7.9,10.3,0.55,44.2,"Nooksack, Everson, Whatcom County",330061,Nooksack,2021-04-28 23:17:08.279751
2017-03-14,14:15,49.0,48.8,99.4,0.0,152,NE,6.7,10.3,0.55,44.2,"Nooksack, Everson, Whatcom County",330061,Nooksack,2021-04-28 23:17:08.279751
2017-03-14,14:30,49.3,49.1,99.4,0.0,196,NE,6.4,9.2,0.43,44.3,"Nooksack, Everson, Whatcom County",330061,Nooksack,2021-04-28 23:17:08.279751
2017-03-14,14:45,49.4,49.2,99.4,0.0,111,NE,5.5,7.4,0.39,44.3,"Nooksack, Everson, Whatcom County",330061,Nooksack,2021-04-28 23:17:08.279751
2017-03-14,15:00,49.5,49.4,99.4,0.0,102,NE,5.3,7.4,0.38,44.4,"Nooksack, Everson, Whatcom County",330061,Nooksack,2021-04-28 23:17:08.279751
2017-03-14,15:15,50.0,49.9,99.4,0.0,88,NE,4.0,6.0,0.43,44.5,"Nooksack, Everson, Whatcom County",330061,Nooksack,2021-04-28 23:17:08.279751
2017-03-14,15:30,50.8,50.6,99.4,0.0,87,NE,2.2,3.9,0.54,44.5,"Nooksack, Everson, Whatcom County",330061,Nooksack,2021-04-28 23:17:08.279751
2017-03-14,15:45,51.7,51.6,99.4,0.0,75,SW,1.3,8.5,0.49,44.6,"Nooksack, Everson, Whatcom County",330061,Nooksack,2021-04-28 23:17:08.279751
2017-03-14,16:00,53.5,52.4,95.9,0.0,86,E,3.3,7.1,0.44,44.7,"Nooksack, Everson, Whatcom County",330061,Nooksack,2021-04-28 23:17:08.279751
2017-03-14,16:15,53.7,53.1,97.5,0.0,71,SE,2.6,6.4,0.42,44.7,"Nooksack, Everson, Whatcom County",330061,Nooksack,2021-04-28 23:17:08.279751
2017-03-14,16:30,57.5,52.8,84.2,0.0,109,SW,8.3,15.0,0.1,44.8,"Nooksack, Everson, Whatcom County",330061,Nooksack,2021-04-28 23:17:08.279751
2017-03-14,16:45,57.2,53.1,86.1,0.0,130,SW,8.5,18.2,0.0,44.9,"Nooksack, Everson, Whatcom County",330061,Nooksack,2021-04-28 23:17:08.279751
2017-03-14,17:00,57.1,53.4,87.2,0.0,173,SW,8.8,15.3,0.0,44.9,"Nooksack, Everson, Whatcom County",330061,Nooksack,2021-04-28 23:17:08.279751
2017-03-14,17:15,57.0,53.3,87.6,0.0,149,S,7.2,13.5,0.0,45.0,"Nooksack, Everson, Whatcom County",330061,Nooksack,2021-04-28 23:17:08.279751
2017-03-14,17:30,56.9,53.0,86.9,0.0,71,S,7.7,13.5,0.0,45.1,"Nooksack, Everson, Whatcom County",330061,Nooksack,2021-04-28 23:17:08.279751
2017-03-14,17:45,56.6,52.5,85.8,0.0,39,S,10.4,17.1,0.0,45.1,"Nooksack, Everson, Whatcom County",330061,Nooksack,2021-04-28 23:17:08.279751
2017-03-14,18:00,56.5,52.2,85.2,0.0,49,S,11.0,16.4,0.0,45.2,"Nooksack, Everson, Whatcom County",330061,Nooksack,2021-04-28 23:17:08.279751
2017-03-14,18:15,56.5,51.8,84.2,0.0,31,S,9.9,19.2,0.0,45.3,"Nooksack, Everson, Whatcom County",330061,Nooksack,2021-04-28 23:17:08.279751
2017-03-14,18:30,56.4,51.4,83.2,0.0,20,S,8.7,15.7,0.0,45.4,"Nooksack, Everson, Whatcom County",330061,Nooksack,2021-04-28 23:17:08.279751
2017-03-14,18:45,56.5,51.0,81.8,0.0,12,S,9.7,16.0,0.0,45.5,"Nooksack, Everson, Whatcom County",330061,Nooksack,2021-04-28 23:17:08.279751
2017-03-14,19:00,56.9,50.6,79.5,0.0,5,S,9.8,15.7,0.0,45.5,"Nooksack, Everson, Whatcom County",330061,Nooksack,2021-04-28 23:17:08.279751
2017-03-14,19:15,56.8,50.5,79.2,0.0,2,S,8.6,15.7,0.0,45.6,"Nooksack, Everson, Whatcom County",330061,Nooksack,2021-04-28 23:17:08.279751
2017-03-14,19:30,56.7,50.1,78.4,0.0,0,S,11.4,20.0,0.0,45.7,"Nooksack, Everson, Whatcom County",330061,Nooksack,2021-04-28 23:17:08.279751
2017-03-14,19:45,56.2,49.9,79.4,0.0,0,S,11.9,18.9,0.0,45.7,"Nooksack, Everson, Whatcom County",330061,Nooksack,2021-04-28 23:17:08.279751
2017-03-14,20:00,55.8,49.7,79.9,0.0,0,S,11.5,21.0,0.0,45.8,"Nooksack, Everson, Whatcom County",330061,Nooksack,2021-04-28 23:17:08.279751
2017-03-14,20:15,55.4,49.7,81.0,0.0,0,S,8.5,16.4,0.0,45.9,"Nooksack, Everson, Whatcom County",330061,Nooksack,2021-04-28 23:17:08.279751
2017-03-14,20:30,54.7,50.2,84.5,0.0,0,SW,7.3,11.4,0.0,45.9,"Nooksack, Everson, Whatcom County",330061,Nooksack,2021-04-28 23:17:08.279751
2017-03-14,20:45,53.9,50.6,88.7,0.0,0,SW,6.1,9.9,0.05,45.9,"Nooksack, Everson, Whatcom County",330061,Nooksack,2021-04-28 23:17:08.279751
2017-03-14,21:00,53.1,50.9,92.2,0.0,0,SW,6.7,11.7,0.53,46.0,"Nooksack, Everson, Whatcom County",330061,Nooksack,2021-04-28 23:17:08.279751
2017-03-14,21:15,52.6,51.2,94.8,0.0,0,SW,8.2,11.7,0.58,46.0,"Nooksack, Everson, Whatcom County",330061,Nooksack,2021-04-28 23:17:08.279751
2017-03-14,21:30,52.0,51.7,98.9,0.01,0,SW,6.3,9.2,0.68,46.1,"Nooksack, Everson, Whatcom County",330061,Nooksack,2021-04-28 23:17:08.279751
2017-03-14,21:45,51.7,51.5,99.3,0.02,0,W,6.2,8.5,0.63,46.1,"Nooksack, Everson, Whatcom County",330061,Nooksack,2021-04-28 23:17:08.279751
2017-03-14,22:00,51.5,51.3,99.4,0.06,0,SW,5.4,9.2,0.46,46.1,"Nooksack, Everson, Whatcom County",330061,Nooksack,2021-04-28 23:17:08.279751
2017-03-14,22:15,51.3,51.2,99.4,0.03,0,W,4.3,8.2,0.41,46.1,"Nooksack, Everson, Whatcom County",330061,Nooksack,2021-04-28 23:17:08.279751
2017-03-14,22:30,51.2,51.0,99.4,0.02,0,SW,3.9,6.4,0.44,46.2,"Nooksack, Everson, Whatcom County",330061,Nooksack,2021-04-28 23:17:08.279751
2017-03-14,22:45,50.7,50.6,99.4,0.02,0,SW,3.2,6.4,0.45,46.2,"Nooksack, Everson, Whatcom County",330061,Nooksack,2021-04-28 23:17:08.279751
2017-03-14,23:00,50.9,50.7,99.4,0.02,0,SW,3.3,4.9,0.46,46.2,"Nooksack, Everson, Whatcom County",330061,Nooksack,2021-04-28 23:17:08.279751
2017-03-14,23:15,50.7,50.5,99.4,0.02,0,SW,4.5,8.2,0.42,46.2,"Nooksack, Everson, Whatcom County",330061,Nooksack,2021-04-28 23:17:08.279751
2017-03-14,23:30,50.5,50.4,99.4,0.0,0,S,5.4,8.5,0.37,46.3,"Nooksack, Everson, Whatcom County",330061,Nooksack,2021-04-28 23:17:08.279751
2017-03-14,23:45,50.5,50.2,99.0,0.0,0,S,4.7,7.4,0.39,46.3,"Nooksack, Everson, Whatcom County",330061,Nooksack,2021-04-28 23:17:08.279751
2017-03-14,24:00,50.3,49.8,98.4,0.02,0,S,5.6,8.5,0.44,46.3,"Nooksack, Everson, Whatcom County",330061,Nooksack,2021-04-28 23:17:08.279751
2017-03-15,00:15,49.9,49.5,98.2,0.0,0,S,4.2,6.7,0.4,46.3,"Nooksack, Everson, Whatcom County",330061,Nooksack,2021-04-28 23:17:08.279751
2017-03-15,00:30,49.6,49.3,98.6,0.01,0,S,4.7,7.4,0.41,46.3,"Nooksack, Everson, Whatcom County",330061,Nooksack,2021-04-28 23:17:08.279751
2017-03-15,00:45,49.4,48.9,98.1,0.0,0,S,3.7,7.1,0.4,46.3,"Nooksack, Everson, Whatcom County",330061,Nooksack,2021-04-28 23:17:08.279751
2017-03-15,01:00,49.3,48.5,97.2,0.01,0,S,3.6,5.7,0.46,46.3,"Nooksack, Everson, Whatcom County",330061,Nooksack,2021-04-28 23:17:08.279751
2017-03-15,01:15,49.1,48.2,96.6,0.0,0,S,3.7,6.0,0.5,46.3,"Nooksack, Everson, Whatcom County",330061,Nooksack,2021-04-28 23:17:08.279751
2017-03-15,01:30,49.2,47.8,94.9,0.0,0,S,4.8,7.4,0.35,46.3,"Nooksack, Everson, Whatcom County",330061,Nooksack,2021-04-28 23:17:08.279751
2017-03-15,01:45,49.3,47.6,93.7,0.0,0,S,4.8,7.1,0.29,46.3,"Nooksack, Everson, Whatcom County",330061,Nooksack,2021-04-28 23:17:08.279751
2017-03-15,02:00,49.5,47.3,92.0,0.0,0,S,5.1,7.4,0.28,46.3,"Nooksack, Everson, Whatcom County",330061,Nooksack,2021-04-28 23:17:08.279751
2017-03-15,02:15,49.2,47.3,93.0,0.0,0,S,4.0,6.0,0.27,46.3,"Nooksack, Everson, Whatcom County",330061,Nooksack,2021-04-28 23:17:08.279751
2017-03-15,02:30,49.1,47.1,92.8,0.0,0,S,3.8,6.4,0.27,46.3,"Nooksack, Everson, Whatcom County",330061,Nooksack,2021-04-28 23:17:08.279751
2017-03-15,02:45,49.4,46.7,90.5,0.0,0,S,2.6,4.6,0.26,46.3,"Nooksack, Everson, Whatcom County",330061,Nooksack,2021-04-28 23:17:08.279751
2017-03-15,03:00,49.1,46.7,91.4,0.0,0,S,0.8,3.1,0.27,46.3,"Nooksack, Everson, Whatcom County",330061,Nooksack,2021-04-28 23:17:08.279751
2017-03-15,03:15,48.5,46.8,93.7,0.0,0,NE,2.4,3.9,0.27,46.3,"Nooksack, Everson, Whatcom County",330061,Nooksack,2021-04-28 23:17:08.279751
2017-03-15,03:30,48.1,47.0,96.1,0.0,0,NE,3.7,5.3,0.26,46.3,"Nooksack, Everson, Whatcom County",330061,Nooksack,2021-04-28 23:17:08.279751
2017-03-15,03:45,47.7,47.3,98.2,0.0,0,NE,4.2,5.3,0.24,46.2,"Nooksack, Everson, Whatcom County",330061,Nooksack,2021-04-28 23:17:08.279751
2017-03-15,04:00,47.7,47.3,98.4,0.0,0,NE,4.2,5.3,0.22,46.2,"Nooksack, Everson, Whatcom County",330061,Nooksack,2021-04-28 23:17:08.279751
2017-03-15,04:15,47.7,47.2,97.8,0.0,0,NE,4.2,6.0,0.4,46.2,"Nooksack, Everson, Whatcom County",330061,Nooksack,2021-04-28 23:17:08.279751
2017-03-15,04:30,47.5,47.1,98.5,0.0,0,E,3.4,4.2,0.59,46.2,"Nooksack, Everson, Whatcom County",330061,Nooksack,2021-04-28 23:17:08.279751
2017-03-15,04:45,47.2,47.0,99.3,0.0,0,E,0.8,3.9,0.6,46.2,"Nooksack, Everson, Whatcom County",330061,Nooksack,2021-04-28 23:17:08.279751
2017-03-15,05:00,47.0,46.9,99.3,0.01,0,NE,1.4,2.8,0.62,46.1,"Nooksack, Everson, Whatcom County",330061,Nooksack,2021-04-28 23:17:08.279751
2017-03-15,05:15,47.2,47.1,99.3,0.01,0,NE,2.0,4.6,0.54,46.1,"Nooksack, Everson, Whatcom County",330061,Nooksack,2021-04-28 23:17:08.279751
2017-03-15,05:30,47.3,47.2,99.3,0.02,0,NE,4.3,6.0,0.44,46.1,"Nooksack, Everson, Whatcom County",330061,Nooksack,2021-04-28 23:17:08.279751
2017-03-15,05:45,47.2,47.1,99.3,0.01,0,NE,4.5,6.4,0.39,46.1,"Nooksack, Everson, Whatcom County",330061,Nooksack,2021-04-28 23:17:08.279751
2017-03-15,06:00,47.0,46.9,99.3,0.0,0,NE,4.3,5.7,0.41,46.1,"Nooksack, Everson, Whatcom County",330061,Nooksack,2021-04-28 23:17:08.279751
2017-03-15,06:15,46.9,46.7,99.3,0.0,0,NE,4.9,6.7,0.39,46.0,"Nooksack, Everson, Whatcom County",330061,Nooksack,2021-04-28 23:17:08.279751
2017-03-15,06:30,46.9,46.7,99.3,0.0,0,NE,4.0,6.4,0.35,46.0,"Nooksack, Everson, Whatcom County",330061,Nooksack,2021-04-28 23:17:08.279751
2017-03-15,06:45,46.9,46.7,99.4,0.0,0,NE,5.4,8.5,0.41,46.0,"Nooksack, Everson, Whatcom County",330061,Nooksack,2021-04-28 23:17:08.279751
2017-03-15,07:00,46.8,46.7,99.4,0.0,0,E,7.0,9.6,0.42,46.0,"Nooksack, Everson, Whatcom County",330061,Nooksack,2021-04-28 23:17:08.279751
2017-03-15,07:15,46.8,46.6,99.4,0.0,0,E,6.4,9.2,0.47,45.9,"Nooksack, Everson, Whatcom County",330061,Nooksack,2021-04-28 23:17:08.279751
2017-03-15,07:30,46.6,46.4,99.4,0.0,0,E,8.1,12.4,0.45,45.9,"Nooksack, Everson, Whatcom County",330061,Nooksack,2021-04-28 23:17:08.279751
2017-03-15,07:45,46.7,46.5,99.3,0.0,4,NE,10.1,14.2,0.44,45.9,"Nooksack, Everson, Whatcom County",330061,Nooksack,2021-04-28 23:17:08.279751
2017-03-15,08:00,46.7,46.4,99.1,0.0,10,NE,10.5,13.5,0.42,45.8,"Nooksack, Everson, Whatcom County",330061,Nooksack,2021-04-28 23:17:08.279751
2017-03-15,08:15,46.6,46.3,99.0,0.0,19,NE,10.0,12.8,0.41,45.8,"Nooksack, Everson, Whatcom County",330061,Nooksack,2021-04-28 23:17:08.279751
2017-03-15,08:30,46.5,46.2,98.8,0.0,21,NE,9.7,13.2,0.35,45.8,"Nooksack, Everson, Whatcom County",330061,Nooksack,2021-04-28 23:17:08.279751
2017-03-15,08:45,46.6,46.4,99.0,0.0,32,NE,11.0,14.2,0.27,45.8,"Nooksack, Everson, Whatcom County",330061,Nooksack,2021-04-28 23:17:08.279751
2017-03-15,09:00,46.8,46.0,97.0,0.0,40,NE,9.6,12.1,0.11,45.7,"Nooksack, Everson, Whatcom County",330061,Nooksack,2021-04-28 23:17:08.279751
2017-03-15,09:15,46.6,45.5,95.6,0.0,50,NE,9.3,12.4,0.04,45.7,"Nooksack, Everson, Whatcom County",330061,Nooksack,2021-04-28 23:17:08.279751
2017-03-15,09:30,46.5,44.8,93.8,0.0,56,E,7.5,11.4,0.01,45.7,"Nooksack, Everson, Whatcom County",330061,Nooksack,2021-04-28 23:17:08.279751
2017-03-15,09:45,46.5,44.5,92.8,0.0,66,E,5.2,7.1,0.0,45.7,"Nooksack, Everson, Whatcom County",330061,Nooksack,2021-04-28 23:17:08.279751
2017-03-15,10:00,46.8,44.3,90.8,0.0,95,E,5.0,7.1,0.0,45.6,"Nooksack, Everson, Whatcom County",330061,Nooksack,2021-04-28 23:17:08.279751
2017-03-15,10:15,47.1,44.6,90.8,0.0,91,E,4.4,6.7,0.0,45.6,"Nooksack, Everson, Whatcom County",330061,Nooksack,2021-04-28 23:17:08.279751
2017-03-15,10:30,47.6,44.7,89.5,0.0,96,E,3.4,4.6,0.0,45.6,"Nooksack, Everson, Whatcom County",330061,Nooksack,2021-04-28 23:17:08.279751
2017-03-15,10:45,47.9,45.2,90.4,0.0,124,NE,2.9,4.2,0.0,45.6,"Nooksack, Everson, Whatcom County",330061,Nooksack,2021-04-28 23:17:08.279751
2017-03-15,11:00,48.2,46.1,92.4,0.0,127,NE,4.2,5.7,0.0,45.6,"Nooksack, Everson, Whatcom County",330061,Nooksack,2021-04-28 23:17:08.279751
2017-03-15,11:15,48.3,46.5,93.1,0.0,157,E,4.5,6.4,0.0,45.5,"Nooksack, Everson, Whatcom County",330061,Nooksack,2021-04-28 23:17:08.279751
2017-03-15,11:30,48.1,45.7,91.4,0.0,166,NE,6.4,8.2,0.02,45.5,"Nooksack, Everson, Whatcom County",330061,Nooksack,2021-04-28 23:17:08.279751
2017-03-15,11:45,48.0,45.8,92.2,0.0,132,NE,6.8,8.9,0.0,45.5,"Nooksack, Everson, Whatcom County",330061,Nooksack,2021-04-28 23:17:08.279751
2017-03-15,12:00,48.1,45.7,91.4,0.0,188,NE,7.1,9.2,0.0,45.5,"Nooksack, Everson, Whatcom County",330061,Nooksack,2021-04-28 23:17:08.279751
2017-03-15,12:15,48.1,45.5,90.9,0.0,175,NE,7.9,10.7,0.1,45.5,"Nooksack, Everson, Whatcom County",330061,Nooksack,2021-04-28 23:17:08.279751
2017-03-15,12:30,47.7,45.7,92.7,0.0,135,NE,7.1,9.2,0.08,45.6,"Nooksack, Everson, Whatcom County",330061,Nooksack,2021-04-28 23:17:08.279751
2017-03-15,12:45,47.8,46.1,93.8,0.0,146,NE,6.4,8.2,0.0,45.6,"Nooksack, Everson, Whatcom County",330061,Nooksack,2021-04-28 23:17:08.279751
2017-03-15,13:00,48.0,46.2,93.4,0.0,154,E,6.1,7.8,0.0,45.6,"Nooksack, Everson, Whatcom County",330061,Nooksack,2021-04-28 23:17:08.279751
2017-03-15,13:15,48.2,46.0,92.0,0.0,150,NE,5.7,8.9,0.02,45.6,"Nooksack, Everson, Whatcom County",330061,Nooksack,2021-04-28 23:17:08.279751
2017-03-15,13:30,48.0,45.8,92.0,0.0,128,NE,5.5,7.8,0.0,45.7,"Nooksack, Everson, Whatcom County",330061,Nooksack,2021-04-28 23:17:08.279751
2017-03-15,13:45,48.0,46.0,92.8,0.0,137,NE,5.6,7.8,0.0,45.7,"Nooksack, Everson, Whatcom County",330061,Nooksack,2021-04-28 23:17:08.279751
2017-03-15,14:00,47.9,46.3,93.9,0.0,117,NE,5.9,7.8,0.02,45.7,"Nooksack, Everson, Whatcom County",330061,Nooksack,2021-04-28 23:17:08.279751
2017-03-15,14:15,48.3,46.7,94.1,0.0,162,NE,6.1,7.8,0.02,45.8,"Nooksack, Everson, Whatcom County",330061,Nooksack,2021-04-28 23:17:08.279751
2017-03-15,14:30,48.3,46.9,94.6,0.0,140,NE,5.9,7.4,0.01,45.8,"Nooksack, Everson, Whatcom County",330061,Nooksack,2021-04-28 23:17:08.279751
2017-03-15,14:45,48.4,46.8,94.1,0.0,147,NE,5.4,7.1,0.0,45.8,"Nooksack, Everson, Whatcom County",330061,Nooksack,2021-04-28 23:17:08.279751
2017-03-15,15:00,48.9,47.0,93.1,0.0,239,NE,5.2,8.2,0.0,45.9,"Nooksack, Everson, Whatcom County",330061,Nooksack,2021-04-28 23:17:08.279751
2017-03-15,15:15,49.6,47.3,91.8,0.0,376,NE,6.9,8.9,0.0,45.9,"Nooksack, Everson, Whatcom County",330061,Nooksack,2021-04-28 23:17:08.279751
2017-03-15,15:30,49.6,47.3,91.4,0.0,290,NE,7.2,9.9,0.0,45.9,"Nooksack, Everson, Whatcom County",330061,Nooksack,2021-04-28 23:17:08.279751
2017-03-15,15:45,49.3,46.8,90.9,0.0,137,NE,7.5,10.3,0.0,46.0,"Nooksack, Everson, Whatcom County",330061,Nooksack,2021-04-28 23:17:08.279751
2017-03-15,16:00,48.7,46.7,92.7,0.0,81,NE,6.8,9.2,0.08,46.0,"Nooksack, Everson, Whatcom County",330061,Nooksack,2021-04-28 23:17:08.279751
2017-03-15,16:15,48.7,47.0,93.9,0.0,94,NE,6.6,8.2,0.67,46.1,"Nooksack, Everson, Whatcom County",330061,Nooksack,2021-04-28 23:17:08.279751
2017-03-15,16:30,48.7,47.4,95.5,0.01,118,NE,6.7,8.9,0.76,46.1,"Nooksack, Everson, Whatcom County",330061,Nooksack,2021-04-28 23:17:08.279751
2017-03-15,16:45,48.6,47.1,94.6,0.0,103,NE,6.6,9.6,0.71,46.2,"Nooksack, Everson, Whatcom County",330061,Nooksack,2021-04-28 23:17:08.279751
2017-03-15,17:00,48.9,47.4,94.3,0.0,169,NE,7.4,8.9,0.4,46.2,"Nooksack, Everson, Whatcom County",330061,Nooksack,2021-04-28 23:17:08.279751
2017-03-15,17:15,49.0,47.4,94.2,0.0,89,NE,7.2,9.9,0.03,46.3,"Nooksack, Everson, Whatcom County",330061,Nooksack,2021-04-28 23:17:08.279751
2017-03-15,17:30,48.6,46.8,93.3,0.0,32,NE,6.2,8.2,0.0,46.3,"Nooksack, Everson, Whatcom County",330061,Nooksack,2021-04-28 23:17:08.279751
2017-03-15,17:45,48.3,46.2,92.1,0.0,19,NE,6.2,8.9,0.01,46.4,"Nooksack, Everson, Whatcom County",330061,Nooksack,2021-04-28 23:17:08.279751
2017-03-15,18:00,48.1,46.6,94.3,0.0,11,NE,4.1,7.1,0.51,46.4,"Nooksack, Everson, Whatcom County",330061,Nooksack,2021-04-28 23:17:08.279751
2017-03-15,18:15,47.8,47.1,97.2,0.01,14,NE,2.9,5.3,0.52,46.5,"Nooksack, Everson, Whatcom County",330061,Nooksack,2021-04-28 23:17:08.279751
2017-03-15,18:30,47.6,47.2,98.5,0.02,11,NE,2.6,4.6,0.48,46.5,"Nooksack, Everson, Whatcom County",330061,Nooksack,2021-04-28 23:17:08.279751
2017-03-15,18:45,47.3,47.2,99.2,0.03,15,E,4.2,5.7,0.42,46.5,"Nooksack, Everson, Whatcom County",330061,Nooksack,2021-04-28 23:17:08.279751
2017-03-15,19:00,47.2,47.0,99.3,0.0,14,E,5.0,7.8,0.43,46.6,"Nooksack, Everson, Whatcom County",330061,Nooksack,2021-04-28 23:17:08.279751
2017-03-15,19:15,47.0,46.6,98.4,0.0,5,NE,4.6,6.4,0.42,46.6,"Nooksack, Everson, Whatcom County",330061,Nooksack,2021-04-28 23:17:08.279751
2017-03-15,19:30,46.9,46.2,97.6,0.0,0,NE,3.4,5.3,0.34,46.6,"Nooksack, Everson, Whatcom County",330061,Nooksack,2021-04-28 23:17:08.279751
2017-03-15,19:45,46.8,45.9,96.7,0.0,0,NE,1.4,3.5,0.34,46.6,"Nooksack, Everson, Whatcom County",330061,Nooksack,2021-04-28 23:17:08.279751
2017-03-15,20:00,46.9,46.3,98.0,0.0,0,NE,1.4,4.6,0.36,46.6,"Nooksack, Everson, Whatcom County",330061,Nooksack,2021-04-28 23:17:08.279751
2017-03-15,20:15,46.9,46.5,98.3,0.0,0,SE,1.5,2.8,0.38,46.6,"Nooksack, Everson, Whatcom County",330061,Nooksack,2021-04-28 23:17:08.279751
2017-03-15,20:30,47.0,46.7,98.7,0.0,0,S,0.9,3.1,0.42,46.6,"Nooksack, Everson, Whatcom County",330061,Nooksack,2021-04-28 23:17:08.279751
2017-03-15,20:45,47.2,46.8,98.4,0.0,0,SW,0.9,3.5,0.44,46.6,"Nooksack, Everson, Whatcom County",330061,Nooksack,2021-04-28 23:17:08.279751
2017-03-15,21:00,47.5,46.8,97.2,0.0,0,S,3.3,7.4,0.45,46.6,"Nooksack, Everson, Whatcom County",330061,Nooksack,2021-04-28 23:17:08.279751
2017-03-15,21:15,49.0,47.0,92.6,0.0,0,S,4.5,7.8,0.43,46.5,"Nooksack, Everson, Whatcom County",330061,Nooksack,2021-04-28 23:17:08.279751
2017-03-15,21:30,48.3,46.7,94.1,0.0,0,S,3.6,6.7,0.44,46.5,"Nooksack, Everson, Whatcom County",330061,Nooksack,2021-04-28 23:17:08.279751
2017-03-15,21:45,48.9,46.8,92.3,0.0,0,SW,5.0,7.4,0.42,46.5,"Nooksack, Everson, Whatcom County",330061,Nooksack,2021-04-28 23:17:08.279751
2017-03-15,22:00,48.4,46.7,93.6,0.0,0,SW,6.5,9.2,0.35,46.5,"Nooksack, Everson, Whatcom County",330061,Nooksack,2021-04-28 23:17:08.279751
2017-03-15,22:15,48.8,46.4,91.4,0.0,0,SW,6.5,10.3,0.27,46.4,"Nooksack, Everson, Whatcom County",330061,Nooksack,2021-04-28 23:17:08.279751
2017-03-15,22:30,49.2,46.0,88.3,0.0,0,SW,6.6,13.2,0.15,46.4,"Nooksack, Everson, Whatcom County",330061,Nooksack,2021-04-28 23:17:08.279751
2017-03-15,22:45,50.3,45.6,83.7,0.0,0,S,9.4,17.1,0.01,46.4,"Nooksack, Everson, Whatcom County",330061,Nooksack,2021-04-28 23:17:08.279751
2017-03-15,23:00,49.5,46.3,88.7,0.08,0,SW,11.1,24.3,0.35,46.3,"Nooksack, Everson, Whatcom County",330061,Nooksack,2021-04-28 23:17:08.279751
2017-03-15,23:15,48.5,46.6,92.8,0.0,0,SW,9.9,16.4,0.42,46.3,"Nooksack, Everson, Whatcom County",330061,Nooksack,2021-04-28 23:17:08.279751
2017-03-15,23:30,48.4,45.1,88.0,0.0,0,S,12.2,19.2,0.23,46.2,"Nooksack, Everson, Whatcom County",330061,Nooksack,2021-04-28 23:17:08.279751
2017-03-15,23:45,48.0,43.8,85.4,0.0,0,S,12.1,18.9,0.06,46.2,"Nooksack, Everson, Whatcom County",330061,Nooksack,2021-04-28 23:17:08.279751
2017-03-15,24:00,47.9,43.1,83.4,0.0,0,S,13.1,18.9,0.0,46.1,"Nooksack, Everson, Whatcom County",330061,Nooksack,2021-04-28 23:17:08.279751
