Date,Time PDT,Air Temp °F, Dew Point °F, Rel Hum %, Tot Prec in, Wind Dir @ Speed mph, Wind Gust mph, Leaf Wet u., Solar Rad W/m², 8 in. Soil Tmp °F,Location,Station ID,Station Name,Download Timestamp
2013-10-31,00:15,34.8,26.7,72.0,0.0,SE@3.1,5.7,0.0,0,41.4,"Davenport, Davenport, Lincoln County",330029,Davenport,2020-06-01 14:45:37.354667
2013-10-31,00:30,35.7,26.9,70.0,0.0,SE@2.8,4.6,0.0,0,41.4,"Davenport, Davenport, Lincoln County",330029,Davenport,2020-06-01 14:45:37.354667
2013-10-31,00:45,35.9,27.1,70.0,0.0,N@0.9,2.8,0.0,0,41.3,"Davenport, Davenport, Lincoln County",330029,Davenport,2020-06-01 14:45:37.354667
2013-10-31,01:00,35.7,27.2,71.0,0.0,SE@3.0,5.7,0.0,0,41.3,"Davenport, Davenport, Lincoln County",330029,Davenport,2020-06-01 14:45:37.354667
2013-10-31,01:15,35.8,27.3,70.9,0.0,SE@2.3,5.7,0.0,0,41.3,"Davenport, Davenport, Lincoln County",330029,Davenport,2020-06-01 14:45:37.354667
2013-10-31,01:30,35.9,27.7,71.9,0.0,S@1.9,3.9,0.0,0,41.2,"Davenport, Davenport, Lincoln County",330029,Davenport,2020-06-01 14:45:37.354667
2013-10-31,01:45,36.2,27.8,71.4,0.0,SE@3.0,6.7,0.0,0,41.2,"Davenport, Davenport, Lincoln County",330029,Davenport,2020-06-01 14:45:37.354667
2013-10-31,02:00,35.9,27.9,72.4,0.0,SE@4.1,6.4,0.0,0,41.2,"Davenport, Davenport, Lincoln County",330029,Davenport,2020-06-01 14:45:37.354667
2013-10-31,02:15,35.2,27.5,73.4,0.0,SE@5.3,8.2,0.0,0,41.1,"Davenport, Davenport, Lincoln County",330029,Davenport,2020-06-01 14:45:37.354667
2013-10-31,02:30,34.8,27.4,74.4,0.0,SE@4.0,6.4,0.0,0,41.1,"Davenport, Davenport, Lincoln County",330029,Davenport,2020-06-01 14:45:37.354667
2013-10-31,02:45,34.7,27.6,74.8,0.0,SE@0.9,3.1,0.0,0,41.1,"Davenport, Davenport, Lincoln County",330029,Davenport,2020-06-01 14:45:37.354667
2013-10-31,03:00,34.7,27.9,75.9,0.0,NE@2.3,4.2,0.0,0,41.1,"Davenport, Davenport, Lincoln County",330029,Davenport,2020-06-01 14:45:37.354667
2013-10-31,03:15,35.6,28.3,74.4,0.0,E@2.0,3.1,0.0,0,41.0,"Davenport, Davenport, Lincoln County",330029,Davenport,2020-06-01 14:45:37.354667
2013-10-31,03:30,35.5,28.3,74.9,0.0,SE@3.8,5.7,0.0,0,41.0,"Davenport, Davenport, Lincoln County",330029,Davenport,2020-06-01 14:45:37.354667
2013-10-31,03:45,35.7,28.3,74.2,0.0,SE@3.6,5.7,0.0,0,41.0,"Davenport, Davenport, Lincoln County",330029,Davenport,2020-06-01 14:45:37.354667
2013-10-31,04:00,34.5,27.8,76.3,0.0,SE@7.2,9.9,0.0,0,41.0,"Davenport, Davenport, Lincoln County",330029,Davenport,2020-06-01 14:45:37.354667
2013-10-31,04:15,34.6,28.0,76.7,0.0,S@8.0,9.9,0.0,0,41.0,"Davenport, Davenport, Lincoln County",330029,Davenport,2020-06-01 14:45:37.354667
2013-10-31,04:30,34.0,27.7,77.5,0.0,S@6.1,8.2,0.0,0,40.9,"Davenport, Davenport, Lincoln County",330029,Davenport,2020-06-01 14:45:37.354667
2013-10-31,04:45,34.3,28.3,78.4,0.0,S@4.3,6.0,0.0,0,40.9,"Davenport, Davenport, Lincoln County",330029,Davenport,2020-06-01 14:45:37.354667
2013-10-31,05:00,35.0,28.6,77.1,0.0,SE@4.7,7.1,0.0,0,40.9,"Davenport, Davenport, Lincoln County",330029,Davenport,2020-06-01 14:45:37.354667
2013-10-31,05:15,35.2,28.7,76.8,0.0,S@5.2,6.4,0.0,0,40.9,"Davenport, Davenport, Lincoln County",330029,Davenport,2020-06-01 14:45:37.354667
2013-10-31,05:30,35.4,28.8,76.6,0.0,S@3.4,6.4,0.0,0,40.9,"Davenport, Davenport, Lincoln County",330029,Davenport,2020-06-01 14:45:37.354667
2013-10-31,05:45,35.3,28.7,76.5,0.0,NE@2.6,4.2,0.0,0,40.9,"Davenport, Davenport, Lincoln County",330029,Davenport,2020-06-01 14:45:37.354667
2013-10-31,06:00,35.0,28.5,76.8,0.0,NE@4.3,7.8,0.0,0,40.9,"Davenport, Davenport, Lincoln County",330029,Davenport,2020-06-01 14:45:37.354667
2013-10-31,06:15,34.6,28.6,78.5,0.0,NE@6.3,8.2,0.0,0,40.8,"Davenport, Davenport, Lincoln County",330029,Davenport,2020-06-01 14:45:37.354667
2013-10-31,06:30,34.2,28.6,79.8,0.0,NE@6.3,8.2,0.0,0,40.8,"Davenport, Davenport, Lincoln County",330029,Davenport,2020-06-01 14:45:37.354667
2013-10-31,06:45,33.9,28.7,81.0,0.0,E@4.2,4.9,0.0,0,40.8,"Davenport, Davenport, Lincoln County",330029,Davenport,2020-06-01 14:45:37.354667
2013-10-31,07:00,34.0,28.8,80.8,0.0,E@3.3,4.9,0.0,0,40.8,"Davenport, Davenport, Lincoln County",330029,Davenport,2020-06-01 14:45:37.354667
2013-10-31,07:15,33.7,28.6,81.5,0.0,E@3.4,5.3,0.03,0,40.8,"Davenport, Davenport, Lincoln County",330029,Davenport,2020-06-01 14:45:37.354667
2013-10-31,07:30,32.8,28.4,83.5,0.0,NE@5.0,6.7,0.0,0,40.8,"Davenport, Davenport, Lincoln County",330029,Davenport,2020-06-01 14:45:37.354667
2013-10-31,07:45,32.8,28.2,83.1,0.0,E@4.5,6.0,0.0,5,40.8,"Davenport, Davenport, Lincoln County",330029,Davenport,2020-06-01 14:45:37.354667
2013-10-31,08:00,31.7,27.3,84.1,0.0,E@4.0,5.3,0.0,17,40.7,"Davenport, Davenport, Lincoln County",330029,Davenport,2020-06-01 14:45:37.354667
2013-10-31,08:15,33.0,28.7,83.8,0.0,E@3.5,5.7,0.0,42,40.7,"Davenport, Davenport, Lincoln County",330029,Davenport,2020-06-01 14:45:37.354667
2013-10-31,08:30,35.1,29.5,80.0,0.0,E@3.6,5.3,0.0,74,40.7,"Davenport, Davenport, Lincoln County",330029,Davenport,2020-06-01 14:45:37.354667
2013-10-31,08:45,36.3,29.6,76.4,0.0,NE@4.9,6.7,0.0,79,40.7,"Davenport, Davenport, Lincoln County",330029,Davenport,2020-06-01 14:45:37.354667
2013-10-31,09:00,37.4,30.0,74.4,0.0,SE@2.9,4.9,0.0,76,40.7,"Davenport, Davenport, Lincoln County",330029,Davenport,2020-06-01 14:45:37.354667
2013-10-31,09:15,38.1,29.6,71.2,0.0,SE@2.1,3.9,0.07,58,40.7,"Davenport, Davenport, Lincoln County",330029,Davenport,2020-06-01 14:45:37.354667
2013-10-31,09:30,38.4,29.9,71.4,0.0,S@4.1,6.7,0.01,61,40.7,"Davenport, Davenport, Lincoln County",330029,Davenport,2020-06-01 14:45:37.354667
2013-10-31,09:45,38.6,30.3,71.7,0.0,S@4.4,6.0,0.04,90,40.7,"Davenport, Davenport, Lincoln County",330029,Davenport,2020-06-01 14:45:37.354667
2013-10-31,10:00,39.5,30.9,71.0,0.0,S@7.4,11.0,0.0,137,40.6,"Davenport, Davenport, Lincoln County",330029,Davenport,2020-06-01 14:45:37.354667
2013-10-31,10:15,40.4,31.1,69.2,0.0,NW@3.3,5.3,0.0,173,40.6,"Davenport, Davenport, Lincoln County",330029,Davenport,2020-06-01 14:45:37.354667
2013-10-31,10:30,41.4,31.4,67.5,0.0,N@4.4,7.8,0.0,239,40.6,"Davenport, Davenport, Lincoln County",330029,Davenport,2020-06-01 14:45:37.354667
2013-10-31,10:45,41.7,31.7,67.4,0.0,N@3.9,6.4,0.0,298,40.6,"Davenport, Davenport, Lincoln County",330029,Davenport,2020-06-01 14:45:37.354667
2013-10-31,11:00,43.1,32.2,65.3,0.0,NW@2.2,5.3,0.0,326,40.7,"Davenport, Davenport, Lincoln County",330029,Davenport,2020-06-01 14:45:37.354667
2013-10-31,11:15,44.5,32.6,62.8,0.0,SW@3.1,6.7,0.0,405,40.7,"Davenport, Davenport, Lincoln County",330029,Davenport,2020-06-01 14:45:37.354667
2013-10-31,11:30,45.6,33.2,61.7,0.0,S@5.9,9.6,0.0,410,40.7,"Davenport, Davenport, Lincoln County",330029,Davenport,2020-06-01 14:45:37.354667
2013-10-31,11:45,46.5,33.5,60.5,0.0,SW@6.2,9.6,0.0,435,40.7,"Davenport, Davenport, Lincoln County",330029,Davenport,2020-06-01 14:45:37.354667
2013-10-31,12:00,46.9,33.6,59.8,0.0,SW@7.3,10.7,0.0,438,40.8,"Davenport, Davenport, Lincoln County",330029,Davenport,2020-06-01 14:45:37.354667
2013-10-31,12:15,48.1,34.2,58.2,0.0,SW@6.7,9.9,0.0,444,40.8,"Davenport, Davenport, Lincoln County",330029,Davenport,2020-06-01 14:45:37.354667
2013-10-31,12:30,49.0,34.4,56.8,0.0,SW@7.0,11.4,0.0,446,40.9,"Davenport, Davenport, Lincoln County",330029,Davenport,2020-06-01 14:45:37.354667
2013-10-31,12:45,49.7,34.6,55.8,0.0,SW@6.9,11.0,0.0,446,40.9,"Davenport, Davenport, Lincoln County",330029,Davenport,2020-06-01 14:45:37.354667
2013-10-31,13:00,50.5,34.6,54.3,0.0,W@7.3,10.7,0.0,442,41.0,"Davenport, Davenport, Lincoln County",330029,Davenport,2020-06-01 14:45:37.354667
2013-10-31,13:15,51.0,34.3,52.6,0.0,W@6.9,11.4,0.0,436,41.1,"Davenport, Davenport, Lincoln County",330029,Davenport,2020-06-01 14:45:37.354667
2013-10-31,13:30,51.6,34.2,51.1,0.0,W@7.0,11.0,0.0,426,41.2,"Davenport, Davenport, Lincoln County",330029,Davenport,2020-06-01 14:45:37.354667
2013-10-31,13:45,51.9,34.2,50.6,0.0,W@5.8,11.4,0.0,413,41.3,"Davenport, Davenport, Lincoln County",330029,Davenport,2020-06-01 14:45:37.354667
2013-10-31,14:00,52.9,34.3,49.1,0.0,W@6.1,11.4,0.0,397,41.4,"Davenport, Davenport, Lincoln County",330029,Davenport,2020-06-01 14:45:37.354667
2013-10-31,14:15,53.8,34.3,47.5,0.0,W@6.9,11.4,0.0,380,41.5,"Davenport, Davenport, Lincoln County",330029,Davenport,2020-06-01 14:45:37.354667
2013-10-31,14:30,53.9,34.3,47.1,0.0,W@6.7,11.0,0.0,361,41.6,"Davenport, Davenport, Lincoln County",330029,Davenport,2020-06-01 14:45:37.354667
2013-10-31,14:45,54.7,34.7,46.7,0.0,W@7.3,11.4,0.0,339,41.8,"Davenport, Davenport, Lincoln County",330029,Davenport,2020-06-01 14:45:37.354667
2013-10-31,15:00,55.2,35.0,46.5,0.0,W@7.6,12.1,0.0,313,41.9,"Davenport, Davenport, Lincoln County",330029,Davenport,2020-06-01 14:45:37.354667
2013-10-31,15:15,55.4,34.9,45.8,0.0,W@7.8,12.1,0.0,288,42.1,"Davenport, Davenport, Lincoln County",330029,Davenport,2020-06-01 14:45:37.354667
2013-10-31,15:30,55.8,35.0,45.4,0.0,W@8.1,11.4,0.0,261,42.2,"Davenport, Davenport, Lincoln County",330029,Davenport,2020-06-01 14:45:37.354667
2013-10-31,15:45,56.0,35.1,45.2,0.0,SW@7.3,11.4,0.0,232,42.4,"Davenport, Davenport, Lincoln County",330029,Davenport,2020-06-01 14:45:37.354667
2013-10-31,16:00,55.8,35.4,46.1,0.0,SW@8.6,13.5,0.0,201,42.5,"Davenport, Davenport, Lincoln County",330029,Davenport,2020-06-01 14:45:37.354667
2013-10-31,16:15,55.5,35.3,46.4,0.0,W@9.1,12.8,0.0,170,42.7,"Davenport, Davenport, Lincoln County",330029,Davenport,2020-06-01 14:45:37.354667
2013-10-31,16:30,54.9,35.1,47.0,0.0,W@9.1,12.1,0.0,139,42.9,"Davenport, Davenport, Lincoln County",330029,Davenport,2020-06-01 14:45:37.354667
2013-10-31,16:45,54.4,35.1,48.0,0.0,SW@8.2,12.1,0.0,107,43.0,"Davenport, Davenport, Lincoln County",330029,Davenport,2020-06-01 14:45:37.354667
2013-10-31,17:00,53.8,35.0,48.9,0.0,SW@7.8,11.0,0.0,77,43.2,"Davenport, Davenport, Lincoln County",330029,Davenport,2020-06-01 14:45:37.354667
2013-10-31,17:15,52.7,34.9,50.6,0.0,SW@7.4,12.1,0.0,50,43.3,"Davenport, Davenport, Lincoln County",330029,Davenport,2020-06-01 14:45:37.354667
2013-10-31,17:30,51.5,34.8,52.6,0.0,SW@8.2,11.4,0.0,24,43.5,"Davenport, Davenport, Lincoln County",330029,Davenport,2020-06-01 14:45:37.354667
2013-10-31,17:45,49.4,34.4,56.2,0.0,SW@7.0,8.9,0.0,6,43.6,"Davenport, Davenport, Lincoln County",330029,Davenport,2020-06-01 14:45:37.354667
2013-10-31,18:00,46.0,33.7,61.9,0.0,SW@6.5,8.5,0.0,0,43.7,"Davenport, Davenport, Lincoln County",330029,Davenport,2020-06-01 14:45:37.354667
2013-10-31,18:15,44.4,33.9,66.3,0.0,S@7.1,8.5,0.0,0,43.8,"Davenport, Davenport, Lincoln County",330029,Davenport,2020-06-01 14:45:37.354667
2013-10-31,18:30,42.6,33.7,70.5,0.0,S@6.7,7.8,0.0,0,43.9,"Davenport, Davenport, Lincoln County",330029,Davenport,2020-06-01 14:45:37.354667
2013-10-31,18:45,43.1,34.2,70.7,0.0,S@5.8,6.7,0.0,0,44.0,"Davenport, Davenport, Lincoln County",330029,Davenport,2020-06-01 14:45:37.354667
2013-10-31,19:00,42.5,34.0,71.6,0.0,S@5.4,6.4,0.0,0,44.1,"Davenport, Davenport, Lincoln County",330029,Davenport,2020-06-01 14:45:37.354667
2013-10-31,19:15,42.8,34.4,71.8,0.0,S@4.6,5.7,0.0,0,44.2,"Davenport, Davenport, Lincoln County",330029,Davenport,2020-06-01 14:45:37.354667
2013-10-31,19:30,41.8,33.8,72.9,0.0,SE@4.0,5.7,0.0,0,44.2,"Davenport, Davenport, Lincoln County",330029,Davenport,2020-06-01 14:45:37.354667
2013-10-31,19:45,40.1,33.1,75.7,0.0,E@4.2,5.3,0.0,0,44.3,"Davenport, Davenport, Lincoln County",330029,Davenport,2020-06-01 14:45:37.354667
2013-10-31,20:00,41.9,34.5,74.9,0.0,SE@3.6,4.6,0.0,0,44.3,"Davenport, Davenport, Lincoln County",330029,Davenport,2020-06-01 14:45:37.354667
2013-10-31,20:15,41.6,34.3,75.2,0.0,SE@4.2,5.7,0.0,0,44.3,"Davenport, Davenport, Lincoln County",330029,Davenport,2020-06-01 14:45:37.354667
2013-10-31,20:30,41.3,34.5,76.5,0.0,S@4.3,5.3,0.0,0,44.4,"Davenport, Davenport, Lincoln County",330029,Davenport,2020-06-01 14:45:37.354667
2013-10-31,20:45,39.2,32.9,77.9,0.0,SW@0.4,2.8,0.0,0,44.4,"Davenport, Davenport, Lincoln County",330029,Davenport,2020-06-01 14:45:37.354667
2013-10-31,21:00,39.1,33.9,81.4,0.0,SE@1.4,3.1,0.0,0,44.4,"Davenport, Davenport, Lincoln County",330029,Davenport,2020-06-01 14:45:37.354667
2013-10-31,21:15,39.8,34.4,80.9,0.0,S@1.6,3.1,0.0,0,44.3,"Davenport, Davenport, Lincoln County",330029,Davenport,2020-06-01 14:45:37.354667
2013-10-31,21:30,39.9,34.6,81.0,0.0,SE@1.4,2.8,0.0,0,44.3,"Davenport, Davenport, Lincoln County",330029,Davenport,2020-06-01 14:45:37.354667
2013-10-31,21:45,40.6,34.8,79.4,0.0,SW@0.7,3.5,0.0,0,44.3,"Davenport, Davenport, Lincoln County",330029,Davenport,2020-06-01 14:45:37.354667
2013-10-31,22:00,40.7,34.5,78.3,0.0,W@2.4,3.5,0.0,0,44.3,"Davenport, Davenport, Lincoln County",330029,Davenport,2020-06-01 14:45:37.354667
2013-10-31,22:15,39.8,33.9,79.0,0.0,W@2.9,4.6,0.0,0,44.3,"Davenport, Davenport, Lincoln County",330029,Davenport,2020-06-01 14:45:37.354667
2013-10-31,22:30,37.9,32.6,81.1,0.0,W@3.6,4.9,0.0,0,44.2,"Davenport, Davenport, Lincoln County",330029,Davenport,2020-06-01 14:45:37.354667
2013-10-31,22:45,37.4,32.4,82.1,0.0,W@3.5,4.9,0.0,0,44.2,"Davenport, Davenport, Lincoln County",330029,Davenport,2020-06-01 14:45:37.354667
2013-10-31,23:00,37.3,32.4,82.2,0.0,W@4.2,6.0,0.0,0,44.1,"Davenport, Davenport, Lincoln County",330029,Davenport,2020-06-01 14:45:37.354667
2013-10-31,23:15,37.6,32.5,81.6,0.0,W@3.9,5.7,0.0,0,44.1,"Davenport, Davenport, Lincoln County",330029,Davenport,2020-06-01 14:45:37.354667
2013-10-31,23:30,36.5,32.0,83.6,0.0,W@3.2,5.7,0.0,0,44.0,"Davenport, Davenport, Lincoln County",330029,Davenport,2020-06-01 14:45:37.354667
2013-10-31,23:45,36.6,32.2,83.9,0.0,W@3.6,4.9,0.0,0,44.0,"Davenport, Davenport, Lincoln County",330029,Davenport,2020-06-01 14:45:37.354667
2013-10-31,24:00,36.3,32.1,84.6,0.0,W@3.0,4.6,0.0,0,43.9,"Davenport, Davenport, Lincoln County",330029,Davenport,2020-06-01 14:45:37.354667
2013-11-01,00:15,35.0,31.2,85.8,0.0,SW@4.4,7.8,0.0,0,43.8,"Davenport, Davenport, Lincoln County",330029,Davenport,2020-06-01 14:45:37.354667
2013-11-01,00:30,35.7,31.9,85.7,0.0,NW@2.7,4.9,0.0,0,43.8,"Davenport, Davenport, Lincoln County",330029,Davenport,2020-06-01 14:45:37.354667
2013-11-01,00:45,33.8,30.3,87.0,0.0,N @4.2,5.3,0.02,0,43.7,"Davenport, Davenport, Lincoln County",330029,Davenport,2020-06-01 14:45:37.354667
2013-11-01,01:00,34.8,31.5,87.8,0.0,W@2.4,3.1,0.07,0,43.6,"Davenport, Davenport, Lincoln County",330029,Davenport,2020-06-01 14:45:37.354667
2013-11-01,01:15,35.9,32.0,85.8,0.0,SW@2.2,2.8,0.07,0,43.6,"Davenport, Davenport, Lincoln County",330029,Davenport,2020-06-01 14:45:37.354667
2013-11-01,01:30,34.8,31.1,86.3,0.0,SE@1.6,3.9,0.1,0,43.5,"Davenport, Davenport, Lincoln County",330029,Davenport,2020-06-01 14:45:37.354667
2013-11-01,01:45,35.5,31.9,86.7,0.0,SW@1.1,3.5,0.2,0,43.4,"Davenport, Davenport, Lincoln County",330029,Davenport,2020-06-01 14:45:37.354667
2013-11-01,02:00,34.3,31.0,87.3,0.0,S@3.6,4.6,0.3,0,43.4,"Davenport, Davenport, Lincoln County",330029,Davenport,2020-06-01 14:45:37.354667
2013-11-01,02:15,32.8,29.8,88.4,0.0,SW@3.3,4.6,0.4,0,43.3,"Davenport, Davenport, Lincoln County",330029,Davenport,2020-06-01 14:45:37.354667
2013-11-01,02:30,32.3,29.7,90.1,0.0,S@3.4,4.6,0.49,0,43.2,"Davenport, Davenport, Lincoln County",330029,Davenport,2020-06-01 14:45:37.354667
2013-11-01,02:45,32.3,29.1,87.8,0.0,SE@2.1,3.9,0.51,0,43.2,"Davenport, Davenport, Lincoln County",330029,Davenport,2020-06-01 14:45:37.354667
2013-11-01,03:00,27.4,23.8,89.0,0.0,NE@3.5,4.9,0.06,0,43.1,"Davenport, Davenport, Lincoln County",330029,Davenport,2020-06-01 14:45:37.354667
2013-11-01,03:15,31.9,29.3,90.4,0.0,NE@3.4,4.6,0.15,0,43.0,"Davenport, Davenport, Lincoln County",330029,Davenport,2020-06-01 14:45:37.354667
2013-11-01,03:30,30.1,27.2,90.4,0.0,E@3.5,5.3,0.1,0,42.9,"Davenport, Davenport, Lincoln County",330029,Davenport,2020-06-01 14:45:37.354667
2013-11-01,03:45,30.5,27.5,89.8,0.0,S@1.8,4.6,0.09,0,42.9,"Davenport, Davenport, Lincoln County",330029,Davenport,2020-06-01 14:45:37.354667
2013-11-01,04:00,30.0,26.7,89.1,0.0,E@2.0,7.4,0.07,0,42.8,"Davenport, Davenport, Lincoln County",330029,Davenport,2020-06-01 14:45:37.354667
2013-11-01,04:15,28.8,25.4,88.9,0.0,SE@2.9,4.9,0.05,0,42.7,"Davenport, Davenport, Lincoln County",330029,Davenport,2020-06-01 14:45:37.354667
2013-11-01,04:30,28.7,25.2,88.8,0.0,NE@1.7,3.9,0.03,0,42.7,"Davenport, Davenport, Lincoln County",330029,Davenport,2020-06-01 14:45:37.354667
2013-11-01,04:45,28.7,26.2,92.3,0.0,E@2.3,3.5,0.07,0,42.6,"Davenport, Davenport, Lincoln County",330029,Davenport,2020-06-01 14:45:37.354667
2013-11-01,05:00,29.6,26.6,89.9,0.0,NE@0.7,2.8,0.03,0,42.5,"Davenport, Davenport, Lincoln County",330029,Davenport,2020-06-01 14:45:37.354667
2013-11-01,05:15,29.0,26.5,92.3,0.0,SE@1.4,2.8,0.07,0,42.4,"Davenport, Davenport, Lincoln County",330029,Davenport,2020-06-01 14:45:37.354667
2013-11-01,05:30,29.7,27.7,93.8,0.0,E@3.5,5.7,0.1,0,42.3,"Davenport, Davenport, Lincoln County",330029,Davenport,2020-06-01 14:45:37.354667
2013-11-01,05:45,29.9,28.2,94.7,0.0,E@3.4,5.3,0.11,0,42.3,"Davenport, Davenport, Lincoln County",330029,Davenport,2020-06-01 14:45:37.354667
2013-11-01,06:00,30.2,28.5,94.8,0.0,SE@1.8,4.2,0.1,0,42.2,"Davenport, Davenport, Lincoln County",330029,Davenport,2020-06-01 14:45:37.354667
2013-11-01,06:15,29.3,27.4,94.4,0.0,S@2.0,3.5,0.06,0,42.1,"Davenport, Davenport, Lincoln County",330029,Davenport,2020-06-01 14:45:37.354667
2013-11-01,06:30,27.4,25.3,94.4,0.0,S@2.8,3.5,0.01,0,42.0,"Davenport, Davenport, Lincoln County",330029,Davenport,2020-06-01 14:45:37.354667
2013-11-01,06:45,28.3,26.7,96.2,0.0,SE@2.8,3.9,0.05,0,42.0,"Davenport, Davenport, Lincoln County",330029,Davenport,2020-06-01 14:45:37.354667
2013-11-01,07:00,29.6,28.2,96.6,0.0,E@1.6,3.5,0.07,0,41.9,"Davenport, Davenport, Lincoln County",330029,Davenport,2020-06-01 14:45:37.354667
2013-11-01,07:15,28.3,26.6,95.8,0.0,E@4.4,5.7,0.07,0,41.8,"Davenport, Davenport, Lincoln County",330029,Davenport,2020-06-01 14:45:37.354667
2013-11-01,07:30,27.3,25.5,95.9,0.0,SE@3.4,5.3,0.06,1,41.7,"Davenport, Davenport, Lincoln County",330029,Davenport,2020-06-01 14:45:37.354667
2013-11-01,07:45,28.2,26.6,96.2,0.0,E@3.8,5.3,0.08,8,41.7,"Davenport, Davenport, Lincoln County",330029,Davenport,2020-06-01 14:45:37.354667
2013-11-01,08:00,29.2,27.7,95.8,0.0,E@1.9,3.5,0.1,18,41.6,"Davenport, Davenport, Lincoln County",330029,Davenport,2020-06-01 14:45:37.354667
2013-11-01,08:15,30.1,28.5,95.3,0.0,E@2.0,3.5,0.13,28,41.5,"Davenport, Davenport, Lincoln County",330029,Davenport,2020-06-01 14:45:37.354667
2013-11-01,08:30,30.6,29.1,95.4,0.0,E@2.3,3.5,0.17,26,41.5,"Davenport, Davenport, Lincoln County",330029,Davenport,2020-06-01 14:45:37.354667
2013-11-01,08:45,31.8,30.6,95.7,0.0,E@2.8,3.9,0.36,47,41.4,"Davenport, Davenport, Lincoln County",330029,Davenport,2020-06-01 14:45:37.354667
2013-11-01,09:00,32.9,31.8,95.7,0.0,E@1.5,3.5,0.77,56,41.3,"Davenport, Davenport, Lincoln County",330029,Davenport,2020-06-01 14:45:37.354667
2013-11-01,09:15,34.1,33.0,96.0,0.0,SE@2.8,4.9,0.91,63,41.3,"Davenport, Davenport, Lincoln County",330029,Davenport,2020-06-01 14:45:37.354667
2013-11-01,09:30,35.8,34.9,96.3,0.0,S@3.5,4.9,0.9,90,41.2,"Davenport, Davenport, Lincoln County",330029,Davenport,2020-06-01 14:45:37.354667
2013-11-01,09:45,37.0,36.1,96.4,0.0,S@5.2,7.1,0.89,107,41.1,"Davenport, Davenport, Lincoln County",330029,Davenport,2020-06-01 14:45:37.354667
2013-11-01,10:00,37.7,36.8,96.8,0.0,S@5.7,7.8,0.87,110,41.1,"Davenport, Davenport, Lincoln County",330029,Davenport,2020-06-01 14:45:37.354667
2013-11-01,10:15,37.9,37.0,96.6,0.0,SE@5.8,8.2,0.82,114,41.0,"Davenport, Davenport, Lincoln County",330029,Davenport,2020-06-01 14:45:37.354667
2013-11-01,10:30,38.1,37.2,96.4,0.0,SE@4.0,7.4,0.74,114,41.0,"Davenport, Davenport, Lincoln County",330029,Davenport,2020-06-01 14:45:37.354667
2013-11-01,10:45,38.9,37.8,95.7,0.0,SE@3.5,5.3,0.5,123,41.0,"Davenport, Davenport, Lincoln County",330029,Davenport,2020-06-01 14:45:37.354667
2013-11-01,11:00,39.9,38.3,94.1,0.0,SE@4.5,6.0,0.07,149,41.0,"Davenport, Davenport, Lincoln County",330029,Davenport,2020-06-01 14:45:37.354667
2013-11-01,11:15,41.2,39.0,91.6,0.0,SE@3.9,6.0,0.0,251,41.0,"Davenport, Davenport, Lincoln County",330029,Davenport,2020-06-01 14:45:37.354667
2013-11-01,11:30,43.4,39.6,86.4,0.0,SE@4.3,6.7,0.0,313,41.0,"Davenport, Davenport, Lincoln County",330029,Davenport,2020-06-01 14:45:37.354667
2013-11-01,11:45,45.3,39.6,80.2,0.0,SE@5.8,8.2,0.0,399,41.0,"Davenport, Davenport, Lincoln County",330029,Davenport,2020-06-01 14:45:37.354667
2013-11-01,12:00,46.1,39.1,76.5,0.0,SE@5.5,8.2,0.0,262,41.0,"Davenport, Davenport, Lincoln County",330029,Davenport,2020-06-01 14:45:37.354667
2013-11-01,12:15,46.9,39.4,75.2,0.0,SE@6.4,9.6,0.0,261,41.0,"Davenport, Davenport, Lincoln County",330029,Davenport,2020-06-01 14:45:37.354667
2013-11-01,12:30,47.8,39.8,73.7,0.0,SE@6.9,9.9,0.0,391,41.0,"Davenport, Davenport, Lincoln County",330029,Davenport,2020-06-01 14:45:37.354667
2013-11-01,12:45,49.0,39.6,69.7,0.0,SE@6.0,11.0,0.0,413,41.0,"Davenport, Davenport, Lincoln County",330029,Davenport,2020-06-01 14:45:37.354667
2013-11-01,13:00,49.9,39.1,66.2,0.0,S@7.5,12.4,0.0,391,41.1,"Davenport, Davenport, Lincoln County",330029,Davenport,2020-06-01 14:45:37.354667
2013-11-01,13:15,49.5,38.6,65.8,0.0,S@7.7,10.7,0.0,276,41.2,"Davenport, Davenport, Lincoln County",330029,Davenport,2020-06-01 14:45:37.354667
2013-11-01,13:30,49.8,38.4,64.5,0.0,S@7.2,10.7,0.0,224,41.2,"Davenport, Davenport, Lincoln County",330029,Davenport,2020-06-01 14:45:37.354667
2013-11-01,13:45,50.1,38.3,63.6,0.0,S@7.7,10.7,0.0,244,41.3,"Davenport, Davenport, Lincoln County",330029,Davenport,2020-06-01 14:45:37.354667
2013-11-01,14:00,49.6,38.5,65.4,0.0,S@7.8,11.0,0.0,200,41.4,"Davenport, Davenport, Lincoln County",330029,Davenport,2020-06-01 14:45:37.354667
2013-11-01,14:15,49.7,38.5,65.3,0.0,S@6.6,9.6,0.0,214,41.5,"Davenport, Davenport, Lincoln County",330029,Davenport,2020-06-01 14:45:37.354667
2013-11-01,14:30,49.5,38.4,65.3,0.0,S@5.9,8.2,0.0,198,41.7,"Davenport, Davenport, Lincoln County",330029,Davenport,2020-06-01 14:45:37.354667
2013-11-01,14:45,50.3,38.9,64.8,0.0,S@6.8,9.9,0.0,282,41.8,"Davenport, Davenport, Lincoln County",330029,Davenport,2020-06-01 14:45:37.354667
2013-11-01,15:00,50.9,39.0,63.5,0.0,S@6.8,11.0,0.0,286,41.9,"Davenport, Davenport, Lincoln County",330029,Davenport,2020-06-01 14:45:37.354667
2013-11-01,15:15,51.7,38.9,61.5,0.0,S@6.8,11.7,0.0,326,42.0,"Davenport, Davenport, Lincoln County",330029,Davenport,2020-06-01 14:45:37.354667
2013-11-01,15:30,51.6,38.2,60.2,0.0,S@6.0,8.2,0.0,222,42.2,"Davenport, Davenport, Lincoln County",330029,Davenport,2020-06-01 14:45:37.354667
2013-11-01,15:45,51.6,37.7,58.9,0.0,S@5.6,9.6,0.0,100,42.3,"Davenport, Davenport, Lincoln County",330029,Davenport,2020-06-01 14:45:37.354667
2013-11-01,16:00,50.1,37.1,60.8,0.0,S@5.4,7.4,0.0,65,42.4,"Davenport, Davenport, Lincoln County",330029,Davenport,2020-06-01 14:45:37.354667
2013-11-01,16:15,50.7,37.0,59.1,0.0,S@4.8,6.7,0.0,95,42.6,"Davenport, Davenport, Lincoln County",330029,Davenport,2020-06-01 14:45:37.354667
2013-11-01,16:30,51.2,37.7,59.8,0.0,S@5.9,8.9,0.0,74,42.7,"Davenport, Davenport, Lincoln County",330029,Davenport,2020-06-01 14:45:37.354667
2013-11-01,16:45,50.9,38.9,63.4,0.0,S@6.6,8.9,0.0,48,42.9,"Davenport, Davenport, Lincoln County",330029,Davenport,2020-06-01 14:45:37.354667
2013-11-01,17:00,50.3,39.4,65.9,0.0,SE@6.4,8.5,0.0,27,43.0,"Davenport, Davenport, Lincoln County",330029,Davenport,2020-06-01 14:45:37.354667
2013-11-01,17:15,49.8,39.6,67.7,0.0,SE@3.6,7.1,0.0,16,43.1,"Davenport, Davenport, Lincoln County",330029,Davenport,2020-06-01 14:45:37.354667
2013-11-01,17:30,49.1,39.6,69.7,0.0,SE@2.5,4.9,0.0,7,43.3,"Davenport, Davenport, Lincoln County",330029,Davenport,2020-06-01 14:45:37.354667
2013-11-01,17:45,47.9,39.3,71.8,0.0,SE@3.0,4.6,0.0,2,43.4,"Davenport, Davenport, Lincoln County",330029,Davenport,2020-06-01 14:45:37.354667
2013-11-01,18:00,46.8,39.0,74.1,0.0,E@3.9,4.9,0.0,0,43.5,"Davenport, Davenport, Lincoln County",330029,Davenport,2020-06-01 14:45:37.354667
2013-11-01,18:15,45.7,38.7,76.2,0.0,E@4.8,6.0,0.0,0,43.6,"Davenport, Davenport, Lincoln County",330029,Davenport,2020-06-01 14:45:37.354667
2013-11-01,18:30,45.2,38.5,77.2,0.0,E@4.4,6.0,0.0,0,43.7,"Davenport, Davenport, Lincoln County",330029,Davenport,2020-06-01 14:45:37.354667
2013-11-01,18:45,45.2,38.4,76.9,0.0,E@4.3,5.7,0.0,0,43.8,"Davenport, Davenport, Lincoln County",330029,Davenport,2020-06-01 14:45:37.354667
2013-11-01,19:00,44.3,38.1,78.4,0.0,E@4.4,6.0,0.0,0,43.8,"Davenport, Davenport, Lincoln County",330029,Davenport,2020-06-01 14:45:37.354667
2013-11-01,19:15,42.9,37.4,80.6,0.0,E@5.3,6.4,0.0,0,43.9,"Davenport, Davenport, Lincoln County",330029,Davenport,2020-06-01 14:45:37.354667
2013-11-01,19:30,42.6,37.2,81.0,0.0,E@5.2,6.0,0.0,0,44.0,"Davenport, Davenport, Lincoln County",330029,Davenport,2020-06-01 14:45:37.354667
2013-11-01,19:45,41.4,36.8,83.4,0.0,E@4.9,6.0,0.0,0,44.0,"Davenport, Davenport, Lincoln County",330029,Davenport,2020-06-01 14:45:37.354667
2013-11-01,20:00,41.6,37.0,83.6,0.0,E@5.1,6.4,0.0,0,44.1,"Davenport, Davenport, Lincoln County",330029,Davenport,2020-06-01 14:45:37.354667
2013-11-01,20:15,42.7,37.4,81.6,0.0,E@4.9,6.4,0.0,0,44.1,"Davenport, Davenport, Lincoln County",330029,Davenport,2020-06-01 14:45:37.354667
2013-11-01,20:30,42.8,37.5,81.2,0.0,E@4.2,5.3,0.0,0,44.1,"Davenport, Davenport, Lincoln County",330029,Davenport,2020-06-01 14:45:37.354667
2013-11-01,20:45,43.1,37.6,80.8,0.0,E@4.6,6.7,0.0,0,44.2,"Davenport, Davenport, Lincoln County",330029,Davenport,2020-06-01 14:45:37.354667
2013-11-01,21:00,43.5,37.5,79.2,0.0,SE@5.0,6.7,0.0,0,44.2,"Davenport, Davenport, Lincoln County",330029,Davenport,2020-06-01 14:45:37.354667
2013-11-01,21:15,43.5,37.3,78.6,0.0,SE@4.5,6.4,0.0,0,44.2,"Davenport, Davenport, Lincoln County",330029,Davenport,2020-06-01 14:45:37.354667
2013-11-01,21:30,43.4,37.2,78.6,0.0,E@4.8,6.4,0.0,0,44.2,"Davenport, Davenport, Lincoln County",330029,Davenport,2020-06-01 14:45:37.354667
2013-11-01,21:45,42.8,36.9,79.4,0.0,E@5.3,6.7,0.0,0,44.2,"Davenport, Davenport, Lincoln County",330029,Davenport,2020-06-01 14:45:37.354667
2013-11-01,22:00,42.0,36.7,81.3,0.0,E@5.7,6.7,0.0,0,44.2,"Davenport, Davenport, Lincoln County",330029,Davenport,2020-06-01 14:45:37.354667
2013-11-01,22:15,40.4,36.1,84.6,0.0,NE@7.5,9.2,0.0,0,44.2,"Davenport, Davenport, Lincoln County",330029,Davenport,2020-06-01 14:45:37.354667
2013-11-01,22:30,39.8,36.0,86.0,0.0,NE@7.2,9.9,0.0,0,44.2,"Davenport, Davenport, Lincoln County",330029,Davenport,2020-06-01 14:45:37.354667
2013-11-01,22:45,39.0,35.6,87.6,0.0,NE@6.7,8.9,0.0,0,44.2,"Davenport, Davenport, Lincoln County",330029,Davenport,2020-06-01 14:45:37.354667
2013-11-01,23:00,38.6,35.6,89.0,0.0,NE@7.5,9.6,0.0,0,44.2,"Davenport, Davenport, Lincoln County",330029,Davenport,2020-06-01 14:45:37.354667
2013-11-01,23:15,38.4,35.6,89.3,0.0,NE@8.1,9.9,0.0,0,44.2,"Davenport, Davenport, Lincoln County",330029,Davenport,2020-06-01 14:45:37.354667
2013-11-01,23:30,38.3,35.6,90.0,0.0,NE@8.0,9.9,0.0,0,44.2,"Davenport, Davenport, Lincoln County",330029,Davenport,2020-06-01 14:45:37.354667
2013-11-01,23:45,38.4,35.9,90.5,0.0,NE@9.2,11.4,0.0,0,44.2,"Davenport, Davenport, Lincoln County",330029,Davenport,2020-06-01 14:45:37.354667
2013-11-01,24:00,38.9,36.3,90.0,0.0,NE@9.6,11.7,0.0,0,44.2,"Davenport, Davenport, Lincoln County",330029,Davenport,2020-06-01 14:45:37.354667
2013-11-02,00:15,39.3,36.8,90.7,0.0,NE@8.9,11.0,0.0,0,44.2,"Davenport, Davenport, Lincoln County",330029,Davenport,2020-06-01 14:45:37.354667
2013-11-02,00:30,39.3,36.9,91.1,0.0,E@8.2,10.3,0.0,0,44.2,"Davenport, Davenport, Lincoln County",330029,Davenport,2020-06-01 14:45:37.354667
2013-11-02,00:45,39.4,37.1,91.4,0.0,NE@8.6,10.7,0.0,0,44.1,"Davenport, Davenport, Lincoln County",330029,Davenport,2020-06-01 14:45:37.354667
2013-11-02,01:00,39.9,37.3,90.3,0.0,E@9.0,11.0,0.0,0,44.1,"Davenport, Davenport, Lincoln County",330029,Davenport,2020-06-01 14:45:37.354667
2013-11-02,01:15,40.2,37.3,89.2,0.0,E@8.5,10.7,0.0,0,44.1,"Davenport, Davenport, Lincoln County",330029,Davenport,2020-06-01 14:45:37.354667
2013-11-02,01:30,40.4,37.3,88.4,0.0,E@8.8,10.7,0.0,0,44.1,"Davenport, Davenport, Lincoln County",330029,Davenport,2020-06-01 14:45:37.354667
2013-11-02,01:45,40.7,37.2,87.1,0.0,E@9.6,12.4,0.0,0,44.0,"Davenport, Davenport, Lincoln County",330029,Davenport,2020-06-01 14:45:37.354667
2013-11-02,02:00,41.1,37.0,85.3,0.0,E@10.0,13.5,0.02,0,44.0,"Davenport, Davenport, Lincoln County",330029,Davenport,2020-06-01 14:45:37.354667
2013-11-02,02:15,41.3,36.9,84.1,0.0,E@8.9,11.0,0.1,0,44.0,"Davenport, Davenport, Lincoln County",330029,Davenport,2020-06-01 14:45:37.354667
2013-11-02,02:30,41.3,36.8,84.0,0.0,E@8.8,11.7,0.02,0,44.0,"Davenport, Davenport, Lincoln County",330029,Davenport,2020-06-01 14:45:37.354667
2013-11-02,02:45,41.4,37.0,84.2,0.0,E@7.1,9.9,0.51,0,43.9,"Davenport, Davenport, Lincoln County",330029,Davenport,2020-06-01 14:45:37.354667
2013-11-02,03:00,41.0,37.5,87.3,0.0,NE@7.0,9.2,0.96,0,43.9,"Davenport, Davenport, Lincoln County",330029,Davenport,2020-06-01 14:45:37.354667
2013-11-02,03:15,40.5,37.8,90.2,0.0,E@7.7,9.9,0.97,0,43.9,"Davenport, Davenport, Lincoln County",330029,Davenport,2020-06-01 14:45:37.354667
2013-11-02,03:30,40.6,38.2,91.3,0.0,E@7.3,9.9,0.93,0,43.9,"Davenport, Davenport, Lincoln County",330029,Davenport,2020-06-01 14:45:37.354667
2013-11-02,03:45,40.7,38.7,92.4,0.0,E@6.3,8.2,0.92,0,43.9,"Davenport, Davenport, Lincoln County",330029,Davenport,2020-06-01 14:45:37.354667
2013-11-02,04:00,40.8,39.0,93.2,0.0,E@4.9,6.4,0.91,0,43.9,"Davenport, Davenport, Lincoln County",330029,Davenport,2020-06-01 14:45:37.354667
2013-11-02,04:15,40.2,38.7,94.3,0.0,N @4.3,6.0,0.91,0,43.8,"Davenport, Davenport, Lincoln County",330029,Davenport,2020-06-01 14:45:37.354667
2013-11-02,04:30,40.0,38.6,94.7,0.0,NE@5.4,8.5,0.9,0,43.8,"Davenport, Davenport, Lincoln County",330029,Davenport,2020-06-01 14:45:37.354667
2013-11-02,04:45,39.8,38.7,95.6,0.01,E@5.9,7.8,0.88,0,43.8,"Davenport, Davenport, Lincoln County",330029,Davenport,2020-06-01 14:45:37.354667
2013-11-02,05:00,39.5,38.6,96.4,0.03,NE@7.3,9.6,0.81,0,43.8,"Davenport, Davenport, Lincoln County",330029,Davenport,2020-06-01 14:45:37.354667
2013-11-02,05:15,39.3,38.6,97.1,0.0,NE@8.6,11.4,0.81,0,43.8,"Davenport, Davenport, Lincoln County",330029,Davenport,2020-06-01 14:45:37.354667
2013-11-02,05:30,39.5,38.8,97.2,0.0,NE@9.2,12.8,0.83,0,43.8,"Davenport, Davenport, Lincoln County",330029,Davenport,2020-06-01 14:45:37.354667
2013-11-02,05:45,39.6,38.9,97.2,0.01,NE@9.1,11.7,0.84,0,43.8,"Davenport, Davenport, Lincoln County",330029,Davenport,2020-06-01 14:45:37.354667
2013-11-02,06:00,39.5,38.9,97.5,0.0,NE@9.1,11.7,0.83,0,43.8,"Davenport, Davenport, Lincoln County",330029,Davenport,2020-06-01 14:45:37.354667
2013-11-02,06:15,39.4,38.8,97.8,0.01,NE@9.2,12.4,0.83,0,43.7,"Davenport, Davenport, Lincoln County",330029,Davenport,2020-06-01 14:45:37.354667
2013-11-02,06:30,39.6,39.0,97.8,0.01,NE@7.9,10.7,0.81,0,43.7,"Davenport, Davenport, Lincoln County",330029,Davenport,2020-06-01 14:45:37.354667
2013-11-02,06:45,39.6,39.1,97.9,0.02,NE@7.5,9.6,0.8,0,43.7,"Davenport, Davenport, Lincoln County",330029,Davenport,2020-06-01 14:45:37.354667
2013-11-02,07:00,39.4,39.1,98.6,0.04,NE@7.9,10.3,0.76,0,43.7,"Davenport, Davenport, Lincoln County",330029,Davenport,2020-06-01 14:45:37.354667
2013-11-02,07:15,39.5,39.3,99.0,0.03,E@9.1,11.0,0.74,0,43.7,"Davenport, Davenport, Lincoln County",330029,Davenport,2020-06-01 14:45:37.354667
2013-11-02,07:30,39.6,39.5,99.4,0.02,E@8.7,10.7,0.74,0,43.7,"Davenport, Davenport, Lincoln County",330029,Davenport,2020-06-01 14:45:37.354667
2013-11-02,07:45,39.7,39.6,99.4,0.02,E@9.2,11.4,0.73,0,43.7,"Davenport, Davenport, Lincoln County",330029,Davenport,2020-06-01 14:45:37.354667
2013-11-02,08:00,39.8,39.8,99.7,0.02,E@8.1,10.3,0.74,8,43.7,"Davenport, Davenport, Lincoln County",330029,Davenport,2020-06-01 14:45:37.354667
2013-11-02,08:15,40.2,40.2,99.9,0.02,E@7.0,10.7,0.75,3,43.7,"Davenport, Davenport, Lincoln County",330029,Davenport,2020-06-01 14:45:37.354667
2013-11-02,08:30,40.8,40.8,99.9,0.01,SE@6.0,8.9,0.75,7,43.7,"Davenport, Davenport, Lincoln County",330029,Davenport,2020-06-01 14:45:37.354667
2013-11-02,08:45,41.6,41.6,100.0,0.03,SE@6.6,11.4,0.77,7,43.6,"Davenport, Davenport, Lincoln County",330029,Davenport,2020-06-01 14:45:37.354667
2013-11-02,09:00,42.3,42.3,100.0,0.03,SE@8.8,14.2,0.81,10,43.6,"Davenport, Davenport, Lincoln County",330029,Davenport,2020-06-01 14:45:37.354667
2013-11-02,09:15,42.6,42.6,100.0,0.02,S@8.5,12.1,0.81,9,43.6,"Davenport, Davenport, Lincoln County",330029,Davenport,2020-06-01 14:45:37.354667
2013-11-02,09:30,43.1,43.1,100.0,0.02,S@13.6,20.7,0.84,8,43.6,"Davenport, Davenport, Lincoln County",330029,Davenport,2020-06-01 14:45:37.354667
2013-11-02,09:45,43.4,43.4,100.0,0.01,S@14.8,20.3,0.83,9,43.6,"Davenport, Davenport, Lincoln County",330029,Davenport,2020-06-01 14:45:37.354667
2013-11-02,10:00,43.9,43.9,100.0,0.0,S@15.3,21.4,0.82,18,43.6,"Davenport, Davenport, Lincoln County",330029,Davenport,2020-06-01 14:45:37.354667
2013-11-02,10:15,44.2,44.2,100.0,0.0,S@14.6,20.0,0.81,34,43.5,"Davenport, Davenport, Lincoln County",330029,Davenport,2020-06-01 14:45:37.354667
2013-11-02,10:30,44.6,44.6,100.0,0.0,S@17.2,24.6,0.82,77,43.5,"Davenport, Davenport, Lincoln County",330029,Davenport,2020-06-01 14:45:37.354667
2013-11-02,10:45,44.9,44.9,100.0,0.0,S@19.9,26.0,0.82,70,43.5,"Davenport, Davenport, Lincoln County",330029,Davenport,2020-06-01 14:45:37.354667
2013-11-02,11:00,45.7,45.3,98.4,0.0,S@21.9,32.8,0.83,102,43.5,"Davenport, Davenport, Lincoln County",330029,Davenport,2020-06-01 14:45:37.354667
2013-11-02,11:15,46.2,45.3,96.7,0.0,S@18.2,24.6,0.81,120,43.5,"Davenport, Davenport, Lincoln County",330029,Davenport,2020-06-01 14:45:37.354667
2013-11-02,11:30,46.2,45.3,96.7,0.0,S@19.6,25.3,0.75,92,43.5,"Davenport, Davenport, Lincoln County",330029,Davenport,2020-06-01 14:45:37.354667
2013-11-02,11:45,46.3,45.4,96.8,0.0,S@21.7,29.6,0.61,115,43.5,"Davenport, Davenport, Lincoln County",330029,Davenport,2020-06-01 14:45:37.354667
2013-11-02,12:00,46.4,45.1,95.1,0.0,S@22.2,29.6,0.23,125,43.5,"Davenport, Davenport, Lincoln County",330029,Davenport,2020-06-01 14:45:37.354667
2013-11-02,12:15,46.6,44.7,93.3,0.0,S@24.8,33.2,0.0,141,43.5,"Davenport, Davenport, Lincoln County",330029,Davenport,2020-06-01 14:45:37.354667
2013-11-02,12:30,46.5,44.5,92.5,0.0,S@23.5,32.5,0.0,71,43.6,"Davenport, Davenport, Lincoln County",330029,Davenport,2020-06-01 14:45:37.354667
2013-11-02,12:45,46.7,44.3,91.4,0.0,S@24.7,33.6,0.0,140,43.6,"Davenport, Davenport, Lincoln County",330029,Davenport,2020-06-01 14:45:37.354667
2013-11-02,13:00,46.9,44.2,90.1,0.0,S@25.9,34.3,0.0,133,43.6,"Davenport, Davenport, Lincoln County",330029,Davenport,2020-06-01 14:45:37.354667
2013-11-02,13:15,47.1,44.1,89.3,0.01,SW@24.3,34.3,0.0,103,43.6,"Davenport, Davenport, Lincoln County",330029,Davenport,2020-06-01 14:45:37.354667
2013-11-02,13:30,47.4,44.1,88.2,0.0,SW@24.3,32.1,0.0,108,43.7,"Davenport, Davenport, Lincoln County",330029,Davenport,2020-06-01 14:45:37.354667
2013-11-02,13:45,47.4,43.8,87.3,0.0,SW@22.3,28.9,0.0,75,43.7,"Davenport, Davenport, Lincoln County",330029,Davenport,2020-06-01 14:45:37.354667
2013-11-02,14:00,48.8,44.7,85.7,0.0,SW@22.4,31.4,0.0,228,43.8,"Davenport, Davenport, Lincoln County",330029,Davenport,2020-06-01 14:45:37.354667
2013-11-02,14:15,48.6,44.0,84.0,0.0,SW@22.0,32.8,0.0,97,43.8,"Davenport, Davenport, Lincoln County",330029,Davenport,2020-06-01 14:45:37.354667
2013-11-02,14:30,49.5,41.4,73.4,0.0,SW@23.9,35.0,0.0,120,43.8,"Davenport, Davenport, Lincoln County",330029,Davenport,2020-06-01 14:45:37.354667
2013-11-02,14:45,49.5,40.0,69.4,0.0,SW@24.1,33.6,0.0,105,43.9,"Davenport, Davenport, Lincoln County",330029,Davenport,2020-06-01 14:45:37.354667
2013-11-02,15:00,51.5,36.5,56.4,0.0,SW@24.8,42.5,0.0,309,43.9,"Davenport, Davenport, Lincoln County",330029,Davenport,2020-06-01 14:45:37.354667
2013-11-02,15:15,50.5,34.7,54.4,0.0,SW@25.7,41.8,0.0,206,44.0,"Davenport, Davenport, Lincoln County",330029,Davenport,2020-06-01 14:45:37.354667
2013-11-02,15:30,49.7,35.1,57.0,0.0,SW@22.3,30.3,0.0,105,44.0,"Davenport, Davenport, Lincoln County",330029,Davenport,2020-06-01 14:45:37.354667
2013-11-02,15:45,48.9,35.0,58.5,0.0,SW@22.4,32.5,0.0,56,44.1,"Davenport, Davenport, Lincoln County",330029,Davenport,2020-06-01 14:45:37.354667
2013-11-02,16:00,48.8,34.7,58.1,0.0,SW@20.8,29.6,0.0,36,44.1,"Davenport, Davenport, Lincoln County",330029,Davenport,2020-06-01 14:45:37.354667
2013-11-02,16:15,48.4,35.1,59.7,0.0,SW@19.7,31.4,0.0,35,44.2,"Davenport, Davenport, Lincoln County",330029,Davenport,2020-06-01 14:45:37.354667
2013-11-02,16:30,48.0,35.5,61.7,0.0,SW@18.5,28.6,0.0,52,44.2,"Davenport, Davenport, Lincoln County",330029,Davenport,2020-06-01 14:45:37.354667
2013-11-02,16:45,47.4,34.9,61.7,0.0,SW@19.1,27.1,0.0,53,44.3,"Davenport, Davenport, Lincoln County",330029,Davenport,2020-06-01 14:45:37.354667
2013-11-02,17:00,46.9,35.1,63.4,0.0,SW@16.5,23.2,0.0,29,44.3,"Davenport, Davenport, Lincoln County",330029,Davenport,2020-06-01 14:45:37.354667
2013-11-02,17:15,45.8,33.5,62.1,0.0,SW@18.5,28.9,0.0,16,44.4,"Davenport, Davenport, Lincoln County",330029,Davenport,2020-06-01 14:45:37.354667
2013-11-02,17:30,44.7,32.9,63.0,0.0,SW@18.9,26.4,0.0,7,44.4,"Davenport, Davenport, Lincoln County",330029,Davenport,2020-06-01 14:45:37.354667
2013-11-02,17:45,44.6,31.7,60.3,0.0,SW@22.5,33.6,0.0,2,44.5,"Davenport, Davenport, Lincoln County",330029,Davenport,2020-06-01 14:45:37.354667
2013-11-02,18:00,43.9,30.4,58.6,0.0,SW@21.5,30.7,0.0,0,44.5,"Davenport, Davenport, Lincoln County",330029,Davenport,2020-06-01 14:45:37.354667
2013-11-02,18:15,42.9,30.3,60.6,0.0,SW@19.2,25.7,0.0,0,44.5,"Davenport, Davenport, Lincoln County",330029,Davenport,2020-06-01 14:45:37.354667
2013-11-02,18:30,42.2,30.0,61.5,0.0,SW@20.2,28.6,0.0,0,44.5,"Davenport, Davenport, Lincoln County",330029,Davenport,2020-06-01 14:45:37.354667
2013-11-02,18:45,41.7,30.0,62.9,0.0,SW@19.6,28.9,0.0,0,44.5,"Davenport, Davenport, Lincoln County",330029,Davenport,2020-06-01 14:45:37.354667
2013-11-02,19:00,41.0,29.9,64.2,0.0,SW@20.4,26.8,0.0,0,44.5,"Davenport, Davenport, Lincoln County",330029,Davenport,2020-06-01 14:45:37.354667
2013-11-02,19:15,40.5,30.0,66.0,0.0,SW@18.1,25.3,0.0,0,44.5,"Davenport, Davenport, Lincoln County",330029,Davenport,2020-06-01 14:45:37.354667
2013-11-02,19:30,40.5,30.4,67.0,0.0,SW@18.6,25.7,0.0,0,44.5,"Davenport, Davenport, Lincoln County",330029,Davenport,2020-06-01 14:45:37.354667
2013-11-02,19:45,40.6,30.3,66.4,0.0,SW@19.4,27.1,0.0,0,44.5,"Davenport, Davenport, Lincoln County",330029,Davenport,2020-06-01 14:45:37.354667
2013-11-02,20:00,40.6,29.7,64.6,0.0,SW@17.9,23.5,0.0,0,44.5,"Davenport, Davenport, Lincoln County",330029,Davenport,2020-06-01 14:45:37.354667
2013-11-02,20:15,40.4,29.5,64.6,0.0,SW@17.4,26.0,0.0,0,44.5,"Davenport, Davenport, Lincoln County",330029,Davenport,2020-06-01 14:45:37.354667
2013-11-02,20:30,39.7,30.2,68.4,0.0,SW@16.9,23.9,0.0,0,44.4,"Davenport, Davenport, Lincoln County",330029,Davenport,2020-06-01 14:45:37.354667
2013-11-02,20:45,39.3,30.6,70.7,0.0,SW@16.2,22.1,0.0,0,44.4,"Davenport, Davenport, Lincoln County",330029,Davenport,2020-06-01 14:45:37.354667
2013-11-02,21:00,38.9,30.6,71.6,0.0,SW@15.6,20.0,0.0,0,44.4,"Davenport, Davenport, Lincoln County",330029,Davenport,2020-06-01 14:45:37.354667
2013-11-02,21:15,38.7,30.4,72.0,0.0,SW@15.6,20.3,0.0,0,44.3,"Davenport, Davenport, Lincoln County",330029,Davenport,2020-06-01 14:45:37.354667
2013-11-02,21:30,38.5,30.2,71.8,0.0,SW@14.9,23.2,0.0,0,44.3,"Davenport, Davenport, Lincoln County",330029,Davenport,2020-06-01 14:45:37.354667
2013-11-02,21:45,38.4,30.2,72.2,0.0,SW@14.8,21.8,0.0,0,44.3,"Davenport, Davenport, Lincoln County",330029,Davenport,2020-06-01 14:45:37.354667
2013-11-02,22:00,38.2,30.2,72.6,0.0,SW@12.6,16.7,0.0,0,44.2,"Davenport, Davenport, Lincoln County",330029,Davenport,2020-06-01 14:45:37.354667
2013-11-02,22:15,38.1,30.1,72.7,0.0,SW@14.1,20.7,0.0,0,44.2,"Davenport, Davenport, Lincoln County",330029,Davenport,2020-06-01 14:45:37.354667
2013-11-02,22:30,38.0,30.0,72.6,0.0,SW@14.4,19.2,0.0,0,44.1,"Davenport, Davenport, Lincoln County",330029,Davenport,2020-06-01 14:45:37.354667
2013-11-02,22:45,37.9,29.9,72.7,0.0,SW@12.4,16.7,0.0,0,44.1,"Davenport, Davenport, Lincoln County",330029,Davenport,2020-06-01 14:45:37.354667
2013-11-02,23:00,37.5,30.0,74.1,0.0,SW@11.5,15.3,0.0,0,44.0,"Davenport, Davenport, Lincoln County",330029,Davenport,2020-06-01 14:45:37.354667
2013-11-02,23:15,37.5,30.0,74.0,0.0,SW@12.4,17.5,0.0,0,44.0,"Davenport, Davenport, Lincoln County",330029,Davenport,2020-06-01 14:45:37.354667
2013-11-02,23:30,37.1,30.1,75.5,0.0,SW@13.0,17.8,0.0,0,43.9,"Davenport, Davenport, Lincoln County",330029,Davenport,2020-06-01 14:45:37.354667
2013-11-02,23:45,37.0,30.0,75.6,0.0,SW@14.3,18.9,0.0,0,43.9,"Davenport, Davenport, Lincoln County",330029,Davenport,2020-06-01 14:45:37.354667
2013-11-02,24:00,36.8,29.9,75.7,0.0,SW@15.4,21.4,0.0,0,43.9,"Davenport, Davenport, Lincoln County",330029,Davenport,2020-06-01 14:45:37.354667
2013-11-03,00:15,36.4,29.7,76.3,0.0,SW@12.6,17.5,0.0,0,43.8,"Davenport, Davenport, Lincoln County",330029,Davenport,2020-06-01 14:45:37.354667
2013-11-03,00:30,35.7,29.7,78.7,0.0,SW@13.4,17.1,0.0,0,43.8,"Davenport, Davenport, Lincoln County",330029,Davenport,2020-06-01 14:45:37.354667
2013-11-03,00:45,35.2,29.7,80.1,0.0,SW@11.8,15.7,0.0,0,43.7,"Davenport, Davenport, Lincoln County",330029,Davenport,2020-06-01 14:45:37.354667
2013-11-03,01:00,35.0,29.7,80.7,0.0,SW@11.5,16.4,0.0,0,43.7,"Davenport, Davenport, Lincoln County",330029,Davenport,2020-06-01 14:45:37.354667
2013-11-03,01:15,34.7,29.6,81.4,0.0,SW@11.2,15.3,0.0,0,43.6,"Davenport, Davenport, Lincoln County",330029,Davenport,2020-06-01 14:45:37.354667
2013-11-03,01:30,34.7,29.7,81.9,0.0,SW@10.8,15.7,0.0,0,43.6,"Davenport, Davenport, Lincoln County",330029,Davenport,2020-06-01 14:45:37.354667
2013-11-03,01:45,34.5,29.6,82.1,0.0,SW@10.7,14.2,0.0,0,43.5,"Davenport, Davenport, Lincoln County",330029,Davenport,2020-06-01 14:45:37.354667
2013-11-03,01:00,33.9,29.2,82.8,0.0,SW@10.2,13.5,0.0,0,43.5,"Davenport, Davenport, Lincoln County",330029,Davenport,2020-06-01 14:45:37.354667
2013-11-03,01:15,33.0,28.8,84.3,0.0,SW@10.2,12.4,0.0,0,43.4,"Davenport, Davenport, Lincoln County",330029,Davenport,2020-06-01 14:45:37.354667
2013-11-03,01:30,32.5,28.5,84.9,0.0,SW@11.1,14.6,0.0,0,43.4,"Davenport, Davenport, Lincoln County",330029,Davenport,2020-06-01 14:45:37.354667
2013-11-03,01:45,32.3,28.1,84.1,0.0,SW@11.0,15.0,0.0,0,43.3,"Davenport, Davenport, Lincoln County",330029,Davenport,2020-06-01 14:45:37.354667
2013-11-03,02:00,32.3,28.1,84.3,0.0,SW@11.7,15.0,0.0,0,43.3,"Davenport, Davenport, Lincoln County",330029,Davenport,2020-06-01 14:45:37.354667
2013-11-03,02:15,31.8,27.5,84.4,0.0,SW@11.6,15.0,0.0,0,43.2,"Davenport, Davenport, Lincoln County",330029,Davenport,2020-06-01 14:45:37.354667
2013-11-03,02:30,31.6,27.3,84.6,0.0,SW@10.9,15.0,0.0,0,43.2,"Davenport, Davenport, Lincoln County",330029,Davenport,2020-06-01 14:45:37.354667
2013-11-03,02:45,31.1,27.1,85.8,0.0,SW@10.5,13.2,0.0,0,43.1,"Davenport, Davenport, Lincoln County",330029,Davenport,2020-06-01 14:45:37.354667
2013-11-03,03:00,31.1,27.0,85.6,0.0,SW@11.4,14.2,0.0,0,43.1,"Davenport, Davenport, Lincoln County",330029,Davenport,2020-06-01 14:45:37.354667
2013-11-03,03:15,31.2,26.9,84.9,0.0,SW@10.5,14.6,0.0,0,43.0,"Davenport, Davenport, Lincoln County",330029,Davenport,2020-06-01 14:45:37.354667
2013-11-03,03:30,31.0,26.9,85.3,0.0,SW@9.5,13.9,0.0,0,43.0,"Davenport, Davenport, Lincoln County",330029,Davenport,2020-06-01 14:45:37.354667
2013-11-03,03:45,31.0,27.1,86.2,0.0,SW@9.1,12.1,0.0,0,42.9,"Davenport, Davenport, Lincoln County",330029,Davenport,2020-06-01 14:45:37.354667
2013-11-03,04:00,31.4,27.6,86.6,0.0,SW@8.6,10.3,0.0,0,42.9,"Davenport, Davenport, Lincoln County",330029,Davenport,2020-06-01 14:45:37.354667
2013-11-03,04:15,31.6,27.9,86.6,0.0,SW@8.0,10.3,0.0,0,42.8,"Davenport, Davenport, Lincoln County",330029,Davenport,2020-06-01 14:45:37.354667
2013-11-03,04:30,31.6,28.1,87.1,0.0,SW@6.5,9.2,0.0,0,42.7,"Davenport, Davenport, Lincoln County",330029,Davenport,2020-06-01 14:45:37.354667
2013-11-03,04:45,31.7,28.2,87.1,0.0,SW@6.7,10.3,0.0,0,42.7,"Davenport, Davenport, Lincoln County",330029,Davenport,2020-06-01 14:45:37.354667
2013-11-03,05:00,31.8,28.3,87.0,0.0,W@4.5,7.1,0.0,0,42.6,"Davenport, Davenport, Lincoln County",330029,Davenport,2020-06-01 14:45:37.354667
2013-11-03,05:15,31.6,28.2,87.8,0.0,SW@4.0,6.4,0.0,0,42.6,"Davenport, Davenport, Lincoln County",330029,Davenport,2020-06-01 14:45:37.354667
2013-11-03,05:30,31.2,28.2,89.5,0.0,SW@5.6,7.4,0.0,0,42.5,"Davenport, Davenport, Lincoln County",330029,Davenport,2020-06-01 14:45:37.354667
2013-11-03,05:45,30.9,28.5,91.7,0.0,SW@5.7,7.1,0.0,0,42.4,"Davenport, Davenport, Lincoln County",330029,Davenport,2020-06-01 14:45:37.354667
2013-11-03,06:00,30.8,28.8,93.2,0.0,SW@5.4,7.1,0.0,0,42.4,"Davenport, Davenport, Lincoln County",330029,Davenport,2020-06-01 14:45:37.354667
2013-11-03,06:15,30.8,28.9,93.6,0.0,SW@5.5,7.1,0.0,0,42.3,"Davenport, Davenport, Lincoln County",330029,Davenport,2020-06-01 14:45:37.354667
2013-11-03,06:30,30.8,28.9,93.6,0.0,S@5.0,6.7,0.0,0,42.3,"Davenport, Davenport, Lincoln County",330029,Davenport,2020-06-01 14:45:37.354667
2013-11-03,06:45,30.5,28.6,94.1,0.0,S@5.6,7.1,0.0,1,42.2,"Davenport, Davenport, Lincoln County",330029,Davenport,2020-06-01 14:45:37.354667
2013-11-03,07:00,30.6,28.9,94.7,0.0,S@5.6,7.1,0.0,4,42.1,"Davenport, Davenport, Lincoln County",330029,Davenport,2020-06-01 14:45:37.354667
2013-11-03,07:15,30.8,29.4,95.2,0.0,S@6.2,7.8,0.0,9,42.1,"Davenport, Davenport, Lincoln County",330029,Davenport,2020-06-01 14:45:37.354667
2013-11-03,07:30,31.1,29.7,95.5,0.0,S@6.1,7.8,0.0,20,42.0,"Davenport, Davenport, Lincoln County",330029,Davenport,2020-06-01 14:45:37.354667
2013-11-03,07:45,31.4,30.0,95.4,0.0,SW@5.9,7.8,0.0,31,42.0,"Davenport, Davenport, Lincoln County",330029,Davenport,2020-06-01 14:45:37.354667
2013-11-03,08:00,31.7,30.3,95.0,0.0,SW@5.5,7.8,0.0,43,41.9,"Davenport, Davenport, Lincoln County",330029,Davenport,2020-06-01 14:45:37.354667
2013-11-03,08:15,32.0,30.7,94.7,0.0,SW@6.2,7.8,0.0,50,41.9,"Davenport, Davenport, Lincoln County",330029,Davenport,2020-06-01 14:45:37.354667
2013-11-03,08:30,32.8,31.2,94.1,0.0,SW@6.8,9.2,0.0,62,41.9,"Davenport, Davenport, Lincoln County",330029,Davenport,2020-06-01 14:45:37.354667
2013-11-03,08:45,33.7,31.7,92.3,0.0,SW@7.1,9.9,0.0,74,41.8,"Davenport, Davenport, Lincoln County",330029,Davenport,2020-06-01 14:45:37.354667
2013-11-03,09:00,34.2,32.0,91.6,0.0,SW@7.3,11.4,0.0,81,41.8,"Davenport, Davenport, Lincoln County",330029,Davenport,2020-06-01 14:45:37.354667
2013-11-03,09:15,34.7,32.1,89.8,0.0,SW@8.6,11.7,0.0,106,41.7,"Davenport, Davenport, Lincoln County",330029,Davenport,2020-06-01 14:45:37.354667
2013-11-03,09:30,35.4,32.1,87.7,0.0,SW@8.4,11.0,0.0,128,41.7,"Davenport, Davenport, Lincoln County",330029,Davenport,2020-06-01 14:45:37.354667
2013-11-03,09:45,35.9,31.9,85.2,0.0,SW@9.4,12.1,0.0,147,41.7,"Davenport, Davenport, Lincoln County",330029,Davenport,2020-06-01 14:45:37.354667
2013-11-03,10:00,36.1,31.6,83.6,0.0,SW@9.1,13.2,0.0,138,41.6,"Davenport, Davenport, Lincoln County",330029,Davenport,2020-06-01 14:45:37.354667
2013-11-03,10:15,36.3,31.1,81.2,0.0,SW@8.3,11.7,0.0,145,41.6,"Davenport, Davenport, Lincoln County",330029,Davenport,2020-06-01 14:45:37.354667
2013-11-03,10:30,37.4,30.9,77.1,0.0,SW@8.2,12.4,0.0,167,41.6,"Davenport, Davenport, Lincoln County",330029,Davenport,2020-06-01 14:45:37.354667
2013-11-03,10:45,38.8,28.9,67.3,0.0,W@10.7,15.0,0.0,222,41.6,"Davenport, Davenport, Lincoln County",330029,Davenport,2020-06-01 14:45:37.354667
2013-11-03,11:00,39.2,27.8,63.4,0.0,W@11.5,16.7,0.0,218,41.6,"Davenport, Davenport, Lincoln County",330029,Davenport,2020-06-01 14:45:37.354667
2013-11-03,11:15,39.2,28.3,64.7,0.0,W@12.1,17.1,0.0,211,41.5,"Davenport, Davenport, Lincoln County",330029,Davenport,2020-06-01 14:45:37.354667
2013-11-03,11:30,39.6,28.2,63.4,0.0,W@11.2,15.7,0.0,212,41.5,"Davenport, Davenport, Lincoln County",330029,Davenport,2020-06-01 14:45:37.354667
2013-11-03,11:45,40.3,26.3,57.0,0.0,W@9.7,16.7,0.0,239,41.5,"Davenport, Davenport, Lincoln County",330029,Davenport,2020-06-01 14:45:37.354667
2013-11-03,12:00,40.2,25.3,54.8,0.0,W@10.0,13.9,0.0,226,41.6,"Davenport, Davenport, Lincoln County",330029,Davenport,2020-06-01 14:45:37.354667
2013-11-03,12:15,40.5,26.4,57.0,0.0,W@10.5,14.6,0.0,238,41.6,"Davenport, Davenport, Lincoln County",330029,Davenport,2020-06-01 14:45:37.354667
2013-11-03,12:30,40.2,26.5,57.5,0.0,SW@10.6,15.0,0.0,178,41.6,"Davenport, Davenport, Lincoln County",330029,Davenport,2020-06-01 14:45:37.354667
2013-11-03,12:45,40.4,26.4,57.1,0.0,SW@10.0,12.8,0.0,220,41.6,"Davenport, Davenport, Lincoln County",330029,Davenport,2020-06-01 14:45:37.354667
2013-11-03,13:00,41.4,25.6,53.2,0.0,W@10.3,17.1,0.0,219,41.6,"Davenport, Davenport, Lincoln County",330029,Davenport,2020-06-01 14:45:37.354667
2013-11-03,13:15,41.1,23.0,48.2,0.0,W@10.3,16.0,0.0,165,41.7,"Davenport, Davenport, Lincoln County",330029,Davenport,2020-06-01 14:45:37.354667
2013-11-03,13:30,41.0,23.6,49.7,0.0,W@10.3,16.7,0.0,121,41.7,"Davenport, Davenport, Lincoln County",330029,Davenport,2020-06-01 14:45:37.354667
2013-11-03,13:45,40.9,24.4,51.4,0.0,SW@10.2,15.3,0.0,115,41.8,"Davenport, Davenport, Lincoln County",330029,Davenport,2020-06-01 14:45:37.354667
2013-11-03,14:00,39.8,26.4,58.3,0.0,SW@11.8,19.6,0.0,124,41.8,"Davenport, Davenport, Lincoln County",330029,Davenport,2020-06-01 14:45:37.354667
2013-11-03,14:15,38.7,27.7,64.1,0.0,W@8.0,15.7,0.0,38,41.8,"Davenport, Davenport, Lincoln County",330029,Davenport,2020-06-01 14:45:37.354667
2013-11-03,14:30,36.0,28.4,73.6,0.0,W@7.8,11.4,0.0,12,41.9,"Davenport, Davenport, Lincoln County",330029,Davenport,2020-06-01 14:45:37.354667
2013-11-03,14:45,35.0,29.8,81.1,0.0,NW@5.5,10.7,0.3,14,41.9,"Davenport, Davenport, Lincoln County",330029,Davenport,2020-06-01 14:45:37.354667
2013-11-03,15:00,34.1,30.8,87.9,0.0,N @3.9,6.7,0.88,77,41.9,"Davenport, Davenport, Lincoln County",330029,Davenport,2020-06-01 14:45:37.354667
2013-11-03,15:15,35.4,32.3,88.4,0.01,NE@3.1,4.9,0.88,199,42.0,"Davenport, Davenport, Lincoln County",330029,Davenport,2020-06-01 14:45:37.354667
2013-11-03,15:30,36.1,31.8,84.2,0.0,NE@3.8,4.9,0.84,100,42.0,"Davenport, Davenport, Lincoln County",330029,Davenport,2020-06-01 14:45:37.354667
2013-11-03,15:45,34.7,30.7,85.1,0.0,E@3.9,4.9,0.84,29,42.1,"Davenport, Davenport, Lincoln County",330029,Davenport,2020-06-01 14:45:37.354667
2013-11-03,16:00,34.6,30.3,84.0,0.0,S@4.7,6.4,0.84,18,42.1,"Davenport, Davenport, Lincoln County",330029,Davenport,2020-06-01 14:45:37.354667
2013-11-03,16:15,34.4,30.2,84.6,0.0,SE@3.9,5.7,0.83,14,42.1,"Davenport, Davenport, Lincoln County",330029,Davenport,2020-06-01 14:45:37.354667
2013-11-03,16:30,34.0,29.6,83.9,0.0,SE@4.2,6.4,0.81,7,42.1,"Davenport, Davenport, Lincoln County",330029,Davenport,2020-06-01 14:45:37.354667
2013-11-03,16:45,33.5,29.0,83.5,0.0,SE@3.6,4.9,0.79,2,42.1,"Davenport, Davenport, Lincoln County",330029,Davenport,2020-06-01 14:45:37.354667
2013-11-03,17:00,34.3,28.6,79.5,0.0,SE@3.1,4.6,0.73,0,42.1,"Davenport, Davenport, Lincoln County",330029,Davenport,2020-06-01 14:45:37.354667
2013-11-03,17:15,33.8,27.7,78.1,0.0,SE@3.9,4.9,0.63,0,42.1,"Davenport, Davenport, Lincoln County",330029,Davenport,2020-06-01 14:45:37.354667
2013-11-03,17:30,34.0,28.0,78.4,0.0,SE@2.6,4.2,0.49,0,42.1,"Davenport, Davenport, Lincoln County",330029,Davenport,2020-06-01 14:45:37.354667
2013-11-03,17:45,33.9,28.0,78.9,0.0,S@3.2,4.2,0.32,0,42.1,"Davenport, Davenport, Lincoln County",330029,Davenport,2020-06-01 14:45:37.354667
2013-11-03,18:00,33.6,28.0,79.6,0.0,SE@2.3,4.2,0.22,0,42.1,"Davenport, Davenport, Lincoln County",330029,Davenport,2020-06-01 14:45:37.354667
2013-11-03,18:15,32.5,27.9,82.8,0.0,E@2.2,4.6,0.1,0,42.0,"Davenport, Davenport, Lincoln County",330029,Davenport,2020-06-01 14:45:37.354667
2013-11-03,18:30,31.9,27.8,84.8,0.0,NE@1.8,3.9,0.01,0,42.0,"Davenport, Davenport, Lincoln County",330029,Davenport,2020-06-01 14:45:37.354667
2013-11-03,18:45,31.4,27.7,86.7,0.0,E@3.6,4.9,0.0,0,42.0,"Davenport, Davenport, Lincoln County",330029,Davenport,2020-06-01 14:45:37.354667
2013-11-03,19:00,32.5,28.6,85.1,0.0,SE@3.5,4.6,0.0,0,42.0,"Davenport, Davenport, Lincoln County",330029,Davenport,2020-06-01 14:45:37.354667
2013-11-03,19:15,32.4,28.4,85.0,0.0,SE@4.5,5.7,0.0,0,41.9,"Davenport, Davenport, Lincoln County",330029,Davenport,2020-06-01 14:45:37.354667
2013-11-03,19:30,31.9,28.4,87.2,0.0,S@4.8,6.7,0.0,0,41.9,"Davenport, Davenport, Lincoln County",330029,Davenport,2020-06-01 14:45:37.354667
2013-11-03,19:45,32.3,29.0,87.3,0.0,S@5.8,7.1,0.0,0,41.9,"Davenport, Davenport, Lincoln County",330029,Davenport,2020-06-01 14:45:37.354667
2013-11-03,20:00,31.9,28.8,88.8,0.0,S@5.1,6.7,0.0,0,41.8,"Davenport, Davenport, Lincoln County",330029,Davenport,2020-06-01 14:45:37.354667
2013-11-03,20:15,31.9,29.1,89.6,0.0,SE@3.1,4.6,0.0,0,41.8,"Davenport, Davenport, Lincoln County",330029,Davenport,2020-06-01 14:45:37.354667
2013-11-03,20:30,31.6,28.9,90.1,0.0,SE@0.8,2.4,0.0,0,41.7,"Davenport, Davenport, Lincoln County",330029,Davenport,2020-06-01 14:45:37.354667
2013-11-03,20:45,31.8,29.0,89.5,0.0,SE@1.0,2.8,0.04,0,41.7,"Davenport, Davenport, Lincoln County",330029,Davenport,2020-06-01 14:45:37.354667
2013-11-03,21:00,31.9,28.7,88.5,0.0,S@1.2,2.8,0.09,0,41.6,"Davenport, Davenport, Lincoln County",330029,Davenport,2020-06-01 14:45:37.354667
2013-11-03,21:15,31.5,28.7,89.6,0.0,N @0.0,0.0,0.16,0,41.6,"Davenport, Davenport, Lincoln County",330029,Davenport,2020-06-01 14:45:37.354667
2013-11-03,21:30,31.2,28.5,90.2,0.0,W@0.2,1.7,0.27,0,41.6,"Davenport, Davenport, Lincoln County",330029,Davenport,2020-06-01 14:45:37.354667
2013-11-03,21:45,30.3,27.8,91.6,0.0,S@1.5,3.5,0.34,0,41.5,"Davenport, Davenport, Lincoln County",330029,Davenport,2020-06-01 14:45:37.354667
2013-11-03,22:00,29.7,27.4,92.9,0.0,SW@3.4,5.7,0.36,0,41.5,"Davenport, Davenport, Lincoln County",330029,Davenport,2020-06-01 14:45:37.354667
2013-11-03,22:15,29.7,27.7,93.7,0.0,W@1.0,5.7,0.08,0,41.4,"Davenport, Davenport, Lincoln County",330029,Davenport,2020-06-01 14:45:37.354667
2013-11-03,22:30,30.4,28.3,93.2,0.0,S@1.6,3.5,0.01,0,41.4,"Davenport, Davenport, Lincoln County",330029,Davenport,2020-06-01 14:45:37.354667
2013-11-03,22:45,30.2,28.1,93.2,0.0,W@1.7,3.1,0.0,0,41.4,"Davenport, Davenport, Lincoln County",330029,Davenport,2020-06-01 14:45:37.354667
2013-11-03,23:00,29.7,27.7,93.8,0.0,S@4.1,5.7,0.0,0,41.3,"Davenport, Davenport, Lincoln County",330029,Davenport,2020-06-01 14:45:37.354667
2013-11-03,23:15,29.3,27.2,93.9,0.0,S@4.6,5.3,0.0,0,41.3,"Davenport, Davenport, Lincoln County",330029,Davenport,2020-06-01 14:45:37.354667
2013-11-03,23:30,29.5,27.3,93.0,0.0,S@4.3,4.9,0.0,0,41.2,"Davenport, Davenport, Lincoln County",330029,Davenport,2020-06-01 14:45:37.354667
2013-11-03,23:45,29.4,26.8,91.6,0.0,NW@2.9,5.7,0.0,0,41.2,"Davenport, Davenport, Lincoln County",330029,Davenport,2020-06-01 14:45:37.354667
2013-11-03,24:00,29.0,26.8,93.6,0.0,N@0.5,2.8,0.0,0,41.1,"Davenport, Davenport, Lincoln County",330029,Davenport,2020-06-01 14:45:37.354667
2013-11-04,00:15,29.6,27.4,93.1,0.0,N@0.5,2.4,0.0,0,41.1,"Davenport, Davenport, Lincoln County",330029,Davenport,2020-06-01 14:45:37.354667
2013-11-04,00:30,28.4,26.3,94.0,0.0,S@1.4,3.5,0.0,0,41.0,"Davenport, Davenport, Lincoln County",330029,Davenport,2020-06-01 14:45:37.354667
2013-11-04,00:45,29.0,27.0,94.2,0.0,S@2.7,3.9,0.0,0,41.0,"Davenport, Davenport, Lincoln County",330029,Davenport,2020-06-01 14:45:37.354667
2013-11-04,01:00,28.3,26.2,94.2,0.0,SW@1.2,3.1,0.0,0,40.9,"Davenport, Davenport, Lincoln County",330029,Davenport,2020-06-01 14:45:37.354667
2013-11-04,01:15,28.9,26.9,94.1,0.0,S@0.9,2.8,0.0,0,40.9,"Davenport, Davenport, Lincoln County",330029,Davenport,2020-06-01 14:45:37.354667
2013-11-04,01:30,28.1,25.9,94.1,0.0,S@2.5,4.6,0.0,0,40.9,"Davenport, Davenport, Lincoln County",330029,Davenport,2020-06-01 14:45:37.354667
2013-11-04,01:45,27.6,25.5,94.4,0.0,S@2.0,3.9,0.0,0,40.8,"Davenport, Davenport, Lincoln County",330029,Davenport,2020-06-01 14:45:37.354667
2013-11-04,02:00,28.4,26.2,93.8,0.0,S@1.1,4.2,0.0,0,40.8,"Davenport, Davenport, Lincoln County",330029,Davenport,2020-06-01 14:45:37.354667
2013-11-04,02:15,27.9,25.6,93.5,0.0,S@3.5,4.2,0.0,0,40.7,"Davenport, Davenport, Lincoln County",330029,Davenport,2020-06-01 14:45:37.354667
2013-11-04,02:30,28.3,25.8,92.6,0.0,SW@1.5,3.1,0.0,0,40.7,"Davenport, Davenport, Lincoln County",330029,Davenport,2020-06-01 14:45:37.354667
2013-11-04,02:45,28.1,25.3,91.5,0.0,NW@0.6,2.8,0.0,0,40.6,"Davenport, Davenport, Lincoln County",330029,Davenport,2020-06-01 14:45:37.354667
2013-11-04,03:00,27.9,25.0,91.2,0.0,W@0.6,2.8,0.0,0,40.6,"Davenport, Davenport, Lincoln County",330029,Davenport,2020-06-01 14:45:37.354667
2013-11-04,03:15,27.5,24.4,90.8,0.0,W@0.3,2.1,0.0,0,40.5,"Davenport, Davenport, Lincoln County",330029,Davenport,2020-06-01 14:45:37.354667
2013-11-04,03:30,26.3,23.3,91.4,0.0,SW@1.8,3.5,0.0,0,40.5,"Davenport, Davenport, Lincoln County",330029,Davenport,2020-06-01 14:45:37.354667
2013-11-04,03:45,25.1,22.2,92.9,0.0,SW@3.0,4.9,0.0,0,40.5,"Davenport, Davenport, Lincoln County",330029,Davenport,2020-06-01 14:45:37.354667
2013-11-04,04:00,25.6,22.6,92.0,0.0,SW@1.3,3.5,0.0,0,40.4,"Davenport, Davenport, Lincoln County",330029,Davenport,2020-06-01 14:45:37.354667
2013-11-04,04:15,26.5,23.2,90.4,0.0,W@0.1,2.1,0.0,0,40.4,"Davenport, Davenport, Lincoln County",330029,Davenport,2020-06-01 14:45:37.354667
2013-11-04,04:30,26.5,22.8,89.0,0.0,SW@0.4,2.8,0.0,0,40.3,"Davenport, Davenport, Lincoln County",330029,Davenport,2020-06-01 14:45:37.354667
2013-11-04,04:45,26.3,22.3,87.7,0.0,SW@3.5,4.2,0.0,0,40.3,"Davenport, Davenport, Lincoln County",330029,Davenport,2020-06-01 14:45:37.354667
2013-11-04,05:00,25.7,21.6,88.0,0.0,SW@0.2,2.4,0.0,0,40.2,"Davenport, Davenport, Lincoln County",330029,Davenport,2020-06-01 14:45:37.354667
2013-11-04,05:15,25.5,21.4,87.8,0.0,E@0.0,1.4,0.0,0,40.2,"Davenport, Davenport, Lincoln County",330029,Davenport,2020-06-01 14:45:37.354667
2013-11-04,05:30,24.9,20.9,88.4,0.0,SE@0.0,1.4,0.0,0,40.2,"Davenport, Davenport, Lincoln County",330029,Davenport,2020-06-01 14:45:37.354667
2013-11-04,05:45,25.2,21.0,87.7,0.0,E@0.6,3.1,0.0,0,40.1,"Davenport, Davenport, Lincoln County",330029,Davenport,2020-06-01 14:45:37.354667
2013-11-04,06:00,24.8,20.5,87.3,0.0,S@0.0,1.7,0.0,0,40.1,"Davenport, Davenport, Lincoln County",330029,Davenport,2020-06-01 14:45:37.354667
2013-11-04,06:15,23.6,19.5,88.4,0.0,SW@1.0,2.8,0.0,0,40.0,"Davenport, Davenport, Lincoln County",330029,Davenport,2020-06-01 14:45:37.354667
2013-11-04,06:30,23.5,19.4,88.4,0.0,SE@0.3,2.8,0.0,0,40.0,"Davenport, Davenport, Lincoln County",330029,Davenport,2020-06-01 14:45:37.354667
2013-11-04,06:45,24.5,20.2,87.6,0.0,N @0.0,0.0,0.0,3,39.9,"Davenport, Davenport, Lincoln County",330029,Davenport,2020-06-01 14:45:37.354667
2013-11-04,07:00,24.8,19.9,85.4,0.0,SW@0.7,3.5,0.0,11,39.9,"Davenport, Davenport, Lincoln County",330029,Davenport,2020-06-01 14:45:37.354667
2013-11-04,07:15,22.1,17.0,85.4,0.0,S@3.9,4.6,0.0,35,39.9,"Davenport, Davenport, Lincoln County",330029,Davenport,2020-06-01 14:45:37.354667
2013-11-04,07:30,22.7,17.8,86.0,0.0,S@3.4,4.9,0.0,75,39.8,"Davenport, Davenport, Lincoln County",330029,Davenport,2020-06-01 14:45:37.354667
2013-11-04,07:45,24.1,19.6,86.9,0.0,SW@3.1,4.6,0.0,71,39.8,"Davenport, Davenport, Lincoln County",330029,Davenport,2020-06-01 14:45:37.354667
2013-11-04,08:00,24.7,20.6,88.1,0.0,S@3.5,4.2,0.0,43,39.7,"Davenport, Davenport, Lincoln County",330029,Davenport,2020-06-01 14:45:37.354667
2013-11-04,08:15,25.5,22.0,89.8,0.0,S@2.2,4.2,0.0,50,39.7,"Davenport, Davenport, Lincoln County",330029,Davenport,2020-06-01 14:45:37.354667
2013-11-04,08:30,26.8,23.3,89.6,0.0,S@0.0,1.4,0.0,73,39.7,"Davenport, Davenport, Lincoln County",330029,Davenport,2020-06-01 14:45:37.354667
2013-11-04,08:45,27.7,23.9,88.4,0.0,N @0.0,0.0,0.0,75,39.6,"Davenport, Davenport, Lincoln County",330029,Davenport,2020-06-01 14:45:37.354667
2013-11-04,09:00,28.0,24.1,87.3,0.0,SW@0.0,1.4,0.0,138,39.6,"Davenport, Davenport, Lincoln County",330029,Davenport,2020-06-01 14:45:37.354667
2013-11-04,09:15,29.0,24.9,86.4,0.0,SW@0.5,2.4,0.01,187,39.5,"Davenport, Davenport, Lincoln County",330029,Davenport,2020-06-01 14:45:37.354667
2013-11-04,09:30,31.2,27.0,84.8,0.0,SW@0.8,2.4,0.14,380,39.5,"Davenport, Davenport, Lincoln County",330029,Davenport,2020-06-01 14:45:37.354667
2013-11-04,09:45,32.6,28.1,83.3,0.0,SW@1.0,3.9,0.69,314,39.5,"Davenport, Davenport, Lincoln County",330029,Davenport,2020-06-01 14:45:37.354667
2013-11-04,10:00,32.7,28.2,83.4,0.0,SW@1.5,3.1,0.71,154,39.4,"Davenport, Davenport, Lincoln County",330029,Davenport,2020-06-01 14:45:37.354667
2013-11-04,10:15,33.1,28.7,83.4,0.0,W@2.6,3.9,0.68,156,39.4,"Davenport, Davenport, Lincoln County",330029,Davenport,2020-06-01 14:45:37.354667
2013-11-04,10:30,33.5,28.6,82.2,0.0,W@2.4,3.9,0.68,155,39.4,"Davenport, Davenport, Lincoln County",330029,Davenport,2020-06-01 14:45:37.354667
2013-11-04,10:45,34.1,29.1,81.6,0.0,W@2.2,3.9,0.8,167,39.3,"Davenport, Davenport, Lincoln County",330029,Davenport,2020-06-01 14:45:37.354667
2013-11-04,11:00,34.6,29.2,80.5,0.0,W@2.1,3.5,0.73,152,39.3,"Davenport, Davenport, Lincoln County",330029,Davenport,2020-06-01 14:45:37.354667
2013-11-04,11:15,35.2,28.1,75.1,0.0,N@0.4,3.1,0.5,156,39.3,"Davenport, Davenport, Lincoln County",330029,Davenport,2020-06-01 14:45:37.354667
2013-11-04,11:30,35.7,28.0,73.4,0.0,NE@0.0,1.7,0.04,168,39.3,"Davenport, Davenport, Lincoln County",330029,Davenport,2020-06-01 14:45:37.354667
2013-11-04,11:45,36.3,27.8,70.9,0.0,NE@1.0,4.2,0.0,223,39.2,"Davenport, Davenport, Lincoln County",330029,Davenport,2020-06-01 14:45:37.354667
2013-11-04,12:00,37.4,27.9,68.2,0.0,N @1.5,3.9,0.0,423,39.2,"Davenport, Davenport, Lincoln County",330029,Davenport,2020-06-01 14:45:37.354667
2013-11-04,12:15,38.3,29.2,69.6,0.0,N @3.9,6.7,0.0,447,39.2,"Davenport, Davenport, Lincoln County",330029,Davenport,2020-06-01 14:45:37.354667
2013-11-04,12:30,38.6,25.9,60.1,0.0,N @3.8,6.7,0.0,431,39.2,"Davenport, Davenport, Lincoln County",330029,Davenport,2020-06-01 14:45:37.354667
2013-11-04,12:45,39.8,26.4,58.2,0.0,SW@2.1,6.0,0.0,342,39.2,"Davenport, Davenport, Lincoln County",330029,Davenport,2020-06-01 14:45:37.354667
2013-11-04,13:00,38.8,25.1,57.7,0.0,SW@2.8,6.4,0.0,249,39.1,"Davenport, Davenport, Lincoln County",330029,Davenport,2020-06-01 14:45:37.354667
2013-11-04,13:15,39.2,25.4,57.2,0.0,SW@4.6,7.4,0.0,272,39.1,"Davenport, Davenport, Lincoln County",330029,Davenport,2020-06-01 14:45:37.354667
2013-11-04,13:30,38.5,25.0,58.0,0.0,SW@4.4,10.3,0.0,130,39.1,"Davenport, Davenport, Lincoln County",330029,Davenport,2020-06-01 14:45:37.354667
2013-11-04,13:45,38.5,25.3,58.9,0.0,S@3.3,7.8,0.0,120,39.1,"Davenport, Davenport, Lincoln County",330029,Davenport,2020-06-01 14:45:37.354667
2013-11-04,14:00,38.8,24.1,55.2,0.0,S@2.1,6.0,0.0,177,39.1,"Davenport, Davenport, Lincoln County",330029,Davenport,2020-06-01 14:45:37.354667
2013-11-04,14:15,39.4,24.6,55.0,0.0,NE@3.0,5.3,0.0,180,39.2,"Davenport, Davenport, Lincoln County",330029,Davenport,2020-06-01 14:45:37.354667
2013-11-04,14:30,41.0,24.1,50.5,0.0,S@4.0,7.8,0.0,315,39.2,"Davenport, Davenport, Lincoln County",330029,Davenport,2020-06-01 14:45:37.354667
2013-11-04,14:45,39.6,23.1,51.1,0.0,SW@3.8,6.4,0.0,130,39.2,"Davenport, Davenport, Lincoln County",330029,Davenport,2020-06-01 14:45:37.354667
2013-11-04,15:00,39.0,22.9,51.9,0.0,S@4.1,6.0,0.0,107,39.3,"Davenport, Davenport, Lincoln County",330029,Davenport,2020-06-01 14:45:37.354667
2013-11-04,15:15,38.8,22.8,52.2,0.0,S@2.8,5.3,0.0,91,39.3,"Davenport, Davenport, Lincoln County",330029,Davenport,2020-06-01 14:45:37.354667
2013-11-04,15:30,39.1,23.5,53.1,0.0,S@3.5,7.8,0.0,76,39.4,"Davenport, Davenport, Lincoln County",330029,Davenport,2020-06-01 14:45:37.354667
2013-11-04,15:45,38.5,24.9,57.7,0.0,S@5.0,6.4,0.0,96,39.5,"Davenport, Davenport, Lincoln County",330029,Davenport,2020-06-01 14:45:37.354667
2013-11-04,16:00,37.9,25.4,60.5,0.0,S@4.3,6.0,0.0,59,39.5,"Davenport, Davenport, Lincoln County",330029,Davenport,2020-06-01 14:45:37.354667
2013-11-04,16:15,35.9,25.3,65.0,0.0,S@4.8,5.7,0.0,28,39.6,"Davenport, Davenport, Lincoln County",330029,Davenport,2020-06-01 14:45:37.354667
2013-11-04,16:30,34.4,24.5,66.7,0.0,S@5.1,6.7,0.0,11,39.7,"Davenport, Davenport, Lincoln County",330029,Davenport,2020-06-01 14:45:37.354667
2013-11-04,16:45,32.8,24.5,71.4,0.0,S@6.0,7.4,0.0,2,39.8,"Davenport, Davenport, Lincoln County",330029,Davenport,2020-06-01 14:45:37.354667
2013-11-04,17:00,32.1,25.3,75.6,0.0,S@6.2,7.1,0.0,0,39.8,"Davenport, Davenport, Lincoln County",330029,Davenport,2020-06-01 14:45:37.354667
2013-11-04,17:15,31.9,25.7,77.8,0.0,S@7.0,8.2,0.0,0,39.9,"Davenport, Davenport, Lincoln County",330029,Davenport,2020-06-01 14:45:37.354667
2013-11-04,17:30,31.7,25.6,78.2,0.0,S@6.8,8.2,0.0,0,39.9,"Davenport, Davenport, Lincoln County",330029,Davenport,2020-06-01 14:45:37.354667
2013-11-04,17:45,31.4,24.9,77.2,0.0,S@6.3,7.8,0.0,0,40.0,"Davenport, Davenport, Lincoln County",330029,Davenport,2020-06-01 14:45:37.354667
2013-11-04,18:00,30.4,24.6,79.8,0.0,S@6.2,7.1,0.0,0,40.0,"Davenport, Davenport, Lincoln County",330029,Davenport,2020-06-01 14:45:37.354667
2013-11-04,18:15,30.2,24.3,79.5,0.0,S@6.1,7.4,0.0,0,40.0,"Davenport, Davenport, Lincoln County",330029,Davenport,2020-06-01 14:45:37.354667
2013-11-04,18:30,29.2,23.8,81.9,0.0,SE@5.9,7.1,0.0,0,40.1,"Davenport, Davenport, Lincoln County",330029,Davenport,2020-06-01 14:45:37.354667
2013-11-04,18:45,29.0,24.2,84.1,0.0,SE@6.4,7.8,0.0,0,40.1,"Davenport, Davenport, Lincoln County",330029,Davenport,2020-06-01 14:45:37.354667
2013-11-04,19:00,28.7,24.2,84.8,0.0,SE@5.6,7.4,0.0,0,40.1,"Davenport, Davenport, Lincoln County",330029,Davenport,2020-06-01 14:45:37.354667
2013-11-04,19:15,28.8,24.3,84.9,0.0,SE@6.3,8.2,0.0,0,40.1,"Davenport, Davenport, Lincoln County",330029,Davenport,2020-06-01 14:45:37.354667
2013-11-04,19:30,28.7,23.9,84.0,0.0,SE@6.0,7.4,0.0,0,40.1,"Davenport, Davenport, Lincoln County",330029,Davenport,2020-06-01 14:45:37.354667
2013-11-04,19:45,28.4,23.6,84.4,0.0,SE@6.2,7.4,0.0,0,40.1,"Davenport, Davenport, Lincoln County",330029,Davenport,2020-06-01 14:45:37.354667
2013-11-04,20:00,27.8,23.2,85.1,0.0,SE@5.6,6.7,0.0,0,40.0,"Davenport, Davenport, Lincoln County",330029,Davenport,2020-06-01 14:45:37.354667
2013-11-04,20:15,26.9,22.5,86.2,0.0,S@4.7,6.0,0.0,0,40.0,"Davenport, Davenport, Lincoln County",330029,Davenport,2020-06-01 14:45:37.354667
2013-11-04,20:30,26.2,22.1,87.7,0.0,S@5.1,6.4,0.0,0,40.0,"Davenport, Davenport, Lincoln County",330029,Davenport,2020-06-01 14:45:37.354667
2013-11-04,20:45,27.0,22.6,86.2,0.0,SE@5.7,6.7,0.0,0,40.0,"Davenport, Davenport, Lincoln County",330029,Davenport,2020-06-01 14:45:37.354667
2013-11-04,21:00,27.3,22.0,82.8,0.0,SE@5.9,7.1,0.0,0,39.9,"Davenport, Davenport, Lincoln County",330029,Davenport,2020-06-01 14:45:37.354667
2013-11-04,21:15,27.3,21.6,81.3,0.0,S@6.0,6.7,0.0,0,39.9,"Davenport, Davenport, Lincoln County",330029,Davenport,2020-06-01 14:45:37.354667
2013-11-04,21:30,26.7,20.7,80.6,0.0,S@4.4,5.3,0.0,0,39.9,"Davenport, Davenport, Lincoln County",330029,Davenport,2020-06-01 14:45:37.354667
2013-11-04,21:45,26.3,20.3,80.9,0.0,SE@3.7,4.9,0.0,0,39.9,"Davenport, Davenport, Lincoln County",330029,Davenport,2020-06-01 14:45:37.354667
2013-11-04,22:00,26.3,20.7,81.9,0.0,SE@4.1,4.9,0.0,0,39.8,"Davenport, Davenport, Lincoln County",330029,Davenport,2020-06-01 14:45:37.354667
2013-11-04,22:15,25.9,20.6,83.2,0.0,SE@4.0,4.9,0.0,0,39.8,"Davenport, Davenport, Lincoln County",330029,Davenport,2020-06-01 14:45:37.354667
2013-11-04,22:30,25.6,20.3,83.5,0.0,S@2.5,4.6,0.0,0,39.7,"Davenport, Davenport, Lincoln County",330029,Davenport,2020-06-01 14:45:37.354667
2013-11-04,22:45,26.7,20.9,81.5,0.0,S@2.6,4.6,0.0,0,39.7,"Davenport, Davenport, Lincoln County",330029,Davenport,2020-06-01 14:45:37.354667
2013-11-04,23:00,27.5,21.1,78.9,0.0,S@3.6,5.3,0.0,0,39.7,"Davenport, Davenport, Lincoln County",330029,Davenport,2020-06-01 14:45:37.354667
2013-11-04,23:15,27.6,20.9,78.0,0.0,S@3.7,5.7,0.0,0,39.6,"Davenport, Davenport, Lincoln County",330029,Davenport,2020-06-01 14:45:37.354667
2013-11-04,23:30,27.7,21.2,78.6,0.0,S@3.7,6.7,0.0,0,39.6,"Davenport, Davenport, Lincoln County",330029,Davenport,2020-06-01 14:45:37.354667
2013-11-04,23:45,27.7,21.8,80.8,0.0,SE@4.4,6.7,0.0,0,39.6,"Davenport, Davenport, Lincoln County",330029,Davenport,2020-06-01 14:45:37.354667
2013-11-04,24:00,27.9,21.8,79.7,0.0,SE@4.8,7.4,0.0,0,39.5,"Davenport, Davenport, Lincoln County",330029,Davenport,2020-06-01 14:45:37.354667
2013-11-05,00:15,27.9,21.8,79.9,0.0,SE@2.8,5.7,0.0,0,39.5,"Davenport, Davenport, Lincoln County",330029,Davenport,2020-06-01 14:45:37.354667
2013-11-05,00:30,28.2,21.7,78.4,0.0,SE@3.8,5.7,0.0,0,39.4,"Davenport, Davenport, Lincoln County",330029,Davenport,2020-06-01 14:45:37.354667
2013-11-05,00:45,27.9,21.4,78.5,0.0,SE@4.0,4.9,0.0,0,39.4,"Davenport, Davenport, Lincoln County",330029,Davenport,2020-06-01 14:45:37.354667
2013-11-05,01:00,28.0,21.6,78.6,0.0,SE@3.8,5.3,0.0,0,39.4,"Davenport, Davenport, Lincoln County",330029,Davenport,2020-06-01 14:45:37.354667
2013-11-05,01:15,28.2,21.9,79.0,0.0,SE@3.2,4.9,0.0,0,39.3,"Davenport, Davenport, Lincoln County",330029,Davenport,2020-06-01 14:45:37.354667
2013-11-05,01:30,28.4,22.4,79.9,0.0,SE@3.2,6.4,0.0,0,39.3,"Davenport, Davenport, Lincoln County",330029,Davenport,2020-06-01 14:45:37.354667
2013-11-05,01:45,28.7,22.7,79.6,0.0,SE@2.5,4.2,0.0,0,39.3,"Davenport, Davenport, Lincoln County",330029,Davenport,2020-06-01 14:45:37.354667
2013-11-05,02:00,29.1,23.2,80.2,0.0,SE@3.2,4.9,0.0,0,39.2,"Davenport, Davenport, Lincoln County",330029,Davenport,2020-06-01 14:45:37.354667
2013-11-05,02:15,29.3,23.5,80.1,0.0,SE@3.6,5.7,0.0,0,39.2,"Davenport, Davenport, Lincoln County",330029,Davenport,2020-06-01 14:45:37.354667
2013-11-05,02:30,29.4,23.8,80.7,0.0,SE@3.7,6.0,0.0,0,39.2,"Davenport, Davenport, Lincoln County",330029,Davenport,2020-06-01 14:45:37.354667
2013-11-05,02:45,29.4,24.1,81.9,0.0,SE@3.4,5.7,0.0,0,39.1,"Davenport, Davenport, Lincoln County",330029,Davenport,2020-06-01 14:45:37.354667
2013-11-05,03:00,29.2,24.2,83.1,0.0,SE@4.3,6.7,0.0,0,39.1,"Davenport, Davenport, Lincoln County",330029,Davenport,2020-06-01 14:45:37.354667
2013-11-05,03:15,29.2,24.5,84.1,0.0,SE@3.7,6.0,0.0,0,39.1,"Davenport, Davenport, Lincoln County",330029,Davenport,2020-06-01 14:45:37.354667
2013-11-05,03:30,29.6,25.0,84.6,0.0,SE@3.4,6.0,0.0,0,39.1,"Davenport, Davenport, Lincoln County",330029,Davenport,2020-06-01 14:45:37.354667
2013-11-05,03:45,30.0,25.5,84.4,0.0,SE@3.2,5.7,0.0,0,39.0,"Davenport, Davenport, Lincoln County",330029,Davenport,2020-06-01 14:45:37.354667
2013-11-05,04:00,30.1,25.7,84.5,0.0,SE@2.5,4.2,0.0,0,39.0,"Davenport, Davenport, Lincoln County",330029,Davenport,2020-06-01 14:45:37.354667
2013-11-05,04:15,30.2,25.9,85.4,0.0,SE@2.5,5.3,0.0,0,39.0,"Davenport, Davenport, Lincoln County",330029,Davenport,2020-06-01 14:45:37.354667
2013-11-05,04:30,30.4,26.3,85.7,0.0,SE@3.9,5.7,0.0,0,38.9,"Davenport, Davenport, Lincoln County",330029,Davenport,2020-06-01 14:45:37.354667
2013-11-05,04:45,30.9,26.4,84.2,0.0,SE@4.4,7.8,0.0,0,38.9,"Davenport, Davenport, Lincoln County",330029,Davenport,2020-06-01 14:45:37.354667
2013-11-05,05:00,31.2,26.4,82.8,0.0,SE@4.7,8.5,0.0,0,38.9,"Davenport, Davenport, Lincoln County",330029,Davenport,2020-06-01 14:45:37.354667
2013-11-05,05:15,31.4,26.6,82.6,0.0,SE@4.7,9.6,0.0,0,38.9,"Davenport, Davenport, Lincoln County",330029,Davenport,2020-06-01 14:45:37.354667
2013-11-05,05:30,30.8,27.0,86.4,0.0,SE@5.6,9.2,0.0,0,38.8,"Davenport, Davenport, Lincoln County",330029,Davenport,2020-06-01 14:45:37.354667
2013-11-05,05:45,30.4,27.4,89.5,0.0,SE@3.9,6.7,0.0,0,38.8,"Davenport, Davenport, Lincoln County",330029,Davenport,2020-06-01 14:45:37.354667
2013-11-05,06:00,30.1,27.8,92.3,0.0,SE@3.4,4.9,0.0,0,38.8,"Davenport, Davenport, Lincoln County",330029,Davenport,2020-06-01 14:45:37.354667
2013-11-05,06:15,29.8,27.9,94.3,0.0,SE@3.8,6.0,0.0,0,38.8,"Davenport, Davenport, Lincoln County",330029,Davenport,2020-06-01 14:45:37.354667
2013-11-05,06:30,29.7,28.0,95.3,0.0,SE@3.5,5.7,0.0,0,38.7,"Davenport, Davenport, Lincoln County",330029,Davenport,2020-06-01 14:45:37.354667
2013-11-05,06:45,29.6,28.1,95.9,0.0,E@4.4,6.0,0.0,0,38.7,"Davenport, Davenport, Lincoln County",330029,Davenport,2020-06-01 14:45:37.354667
2013-11-05,07:00,29.5,28.2,96.4,0.0,E@5.3,7.8,0.0,5,38.7,"Davenport, Davenport, Lincoln County",330029,Davenport,2020-06-01 14:45:37.354667
2013-11-05,07:15,29.6,28.3,96.7,0.0,E@5.2,6.7,0.0,15,38.7,"Davenport, Davenport, Lincoln County",330029,Davenport,2020-06-01 14:45:37.354667
2013-11-05,07:30,29.8,28.6,96.9,0.0,E@5.2,7.8,0.0,32,38.7,"Davenport, Davenport, Lincoln County",330029,Davenport,2020-06-01 14:45:37.354667
2013-11-05,07:45,30.1,28.8,96.7,0.0,SE@5.3,7.8,0.0,42,38.6,"Davenport, Davenport, Lincoln County",330029,Davenport,2020-06-01 14:45:37.354667
2013-11-05,08:00,30.2,28.9,96.3,0.0,SE@5.0,7.8,0.0,43,38.6,"Davenport, Davenport, Lincoln County",330029,Davenport,2020-06-01 14:45:37.354667
2013-11-05,08:15,30.3,28.9,95.8,0.0,SE@4.8,7.8,0.0,36,38.6,"Davenport, Davenport, Lincoln County",330029,Davenport,2020-06-01 14:45:37.354667
2013-11-05,08:30,30.2,28.7,95.4,0.0,SE@5.6,8.9,0.0,35,38.6,"Davenport, Davenport, Lincoln County",330029,Davenport,2020-06-01 14:45:37.354667
2013-11-05,08:45,30.3,28.7,95.1,0.0,SE@5.6,9.9,0.0,55,38.6,"Davenport, Davenport, Lincoln County",330029,Davenport,2020-06-01 14:45:37.354667
2013-11-05,09:00,30.5,28.8,94.8,0.0,SE@5.2,8.2,0.0,87,38.5,"Davenport, Davenport, Lincoln County",330029,Davenport,2020-06-01 14:45:37.354667
2013-11-05,09:15,30.5,28.8,94.6,0.0,E@6.5,10.3,0.0,90,38.5,"Davenport, Davenport, Lincoln County",330029,Davenport,2020-06-01 14:45:37.354667
2013-11-05,09:30,30.6,28.9,94.4,0.0,E@6.7,9.6,0.0,97,38.5,"Davenport, Davenport, Lincoln County",330029,Davenport,2020-06-01 14:45:37.354667
2013-11-05,09:45,30.7,29.0,94.2,0.0,SE@6.2,8.9,0.0,79,38.5,"Davenport, Davenport, Lincoln County",330029,Davenport,2020-06-01 14:45:37.354667
2013-11-05,10:00,30.8,29.0,94.1,0.0,E@6.1,9.2,0.0,89,38.5,"Davenport, Davenport, Lincoln County",330029,Davenport,2020-06-01 14:45:37.354667
2013-11-05,10:15,31.0,29.1,93.9,0.0,E@7.4,10.7,0.0,104,38.5,"Davenport, Davenport, Lincoln County",330029,Davenport,2020-06-01 14:45:37.354667
2013-11-05,10:30,31.1,29.3,93.8,0.0,E@7.3,9.6,0.0,95,38.4,"Davenport, Davenport, Lincoln County",330029,Davenport,2020-06-01 14:45:37.354667
2013-11-05,10:45,31.2,29.4,93.9,0.0,E@7.8,11.4,0.0,109,38.4,"Davenport, Davenport, Lincoln County",330029,Davenport,2020-06-01 14:45:37.354667
2013-11-05,11:00,31.4,29.6,93.9,0.0,E@7.3,10.3,0.0,127,38.4,"Davenport, Davenport, Lincoln County",330029,Davenport,2020-06-01 14:45:37.354667
2013-11-05,11:15,31.5,29.9,94.2,0.0,E@7.1,9.6,0.0,91,38.4,"Davenport, Davenport, Lincoln County",330029,Davenport,2020-06-01 14:45:37.354667
2013-11-05,11:30,31.5,29.9,94.4,0.0,E@7.6,10.3,0.0,85,38.4,"Davenport, Davenport, Lincoln County",330029,Davenport,2020-06-01 14:45:37.354667
2013-11-05,11:45,31.6,30.1,94.3,0.0,E@7.1,10.3,0.0,100,38.4,"Davenport, Davenport, Lincoln County",330029,Davenport,2020-06-01 14:45:37.354667
2013-11-05,12:00,31.7,30.2,94.7,0.0,SE@6.0,8.9,0.0,101,38.4,"Davenport, Davenport, Lincoln County",330029,Davenport,2020-06-01 14:45:37.354667
2013-11-05,12:15,31.6,30.2,95.4,0.0,SE@6.0,8.9,0.0,122,38.4,"Davenport, Davenport, Lincoln County",330029,Davenport,2020-06-01 14:45:37.354667
2013-11-05,12:30,31.4,30.3,96.1,0.0,SE@6.4,9.9,0.08,88,38.3,"Davenport, Davenport, Lincoln County",330029,Davenport,2020-06-01 14:45:37.354667
2013-11-05,12:45,31.5,30.6,96.8,0.01,E@6.0,11.0,0.17,78,38.3,"Davenport, Davenport, Lincoln County",330029,Davenport,2020-06-01 14:45:37.354667
2013-11-05,13:00,31.5,30.6,97.3,0.0,E@6.7,10.3,0.26,56,38.3,"Davenport, Davenport, Lincoln County",330029,Davenport,2020-06-01 14:45:37.354667
2013-11-05,13:15,31.5,30.8,97.8,0.0,E@7.2,9.9,0.36,37,38.3,"Davenport, Davenport, Lincoln County",330029,Davenport,2020-06-01 14:45:37.354667
2013-11-05,13:30,31.5,30.9,98.0,0.0,E@7.4,10.7,0.35,43,38.3,"Davenport, Davenport, Lincoln County",330029,Davenport,2020-06-01 14:45:37.354667
2013-11-05,13:45,31.7,31.1,98.4,0.0,E@7.5,9.9,0.56,45,38.3,"Davenport, Davenport, Lincoln County",330029,Davenport,2020-06-01 14:45:37.354667
2013-11-05,14:00,31.7,31.3,98.7,0.0,E@7.1,9.6,0.68,31,38.3,"Davenport, Davenport, Lincoln County",330029,Davenport,2020-06-01 14:45:37.354667
2013-11-05,14:15,31.8,31.4,98.9,0.0,E@7.4,10.3,0.71,39,38.3,"Davenport, Davenport, Lincoln County",330029,Davenport,2020-06-01 14:45:37.354667
2013-11-05,14:30,31.9,31.5,99.0,0.0,E@7.5,10.3,0.71,34,38.3,"Davenport, Davenport, Lincoln County",330029,Davenport,2020-06-01 14:45:37.354667
2013-11-05,14:45,32.0,31.6,99.1,0.0,E@6.8,9.9,0.72,36,38.3,"Davenport, Davenport, Lincoln County",330029,Davenport,2020-06-01 14:45:37.354667
2013-11-05,15:00,32.0,31.8,99.1,0.0,E@7.7,10.3,0.76,35,38.2,"Davenport, Davenport, Lincoln County",330029,Davenport,2020-06-01 14:45:37.354667
2013-11-05,15:15,32.1,31.9,99.1,0.0,E@7.3,9.9,0.78,26,38.2,"Davenport, Davenport, Lincoln County",330029,Davenport,2020-06-01 14:45:37.354667
2013-11-05,15:30,32.1,31.9,99.2,0.0,E@7.0,9.2,0.8,14,38.2,"Davenport, Davenport, Lincoln County",330029,Davenport,2020-06-01 14:45:37.354667
2013-11-05,15:45,32.2,32.0,99.1,0.0,E@6.0,7.4,0.82,8,38.2,"Davenport, Davenport, Lincoln County",330029,Davenport,2020-06-01 14:45:37.354667
2013-11-05,16:00,32.2,32.0,99.1,0.0,E@5.8,8.2,0.82,8,38.2,"Davenport, Davenport, Lincoln County",330029,Davenport,2020-06-01 14:45:37.354667
2013-11-05,16:15,32.3,32.1,99.1,0.0,E@5.5,8.2,0.83,3,38.2,"Davenport, Davenport, Lincoln County",330029,Davenport,2020-06-01 14:45:37.354667
2013-11-05,16:30,32.4,32.1,99.1,0.0,E@4.9,6.7,0.84,0,38.2,"Davenport, Davenport, Lincoln County",330029,Davenport,2020-06-01 14:45:37.354667
2013-11-05,16:45,32.4,32.2,99.2,0.0,NE@5.5,7.1,0.86,0,38.2,"Davenport, Davenport, Lincoln County",330029,Davenport,2020-06-01 14:45:37.354667
2013-11-05,17:00,32.3,32.1,99.3,0.0,E@5.6,7.1,0.86,0,38.2,"Davenport, Davenport, Lincoln County",330029,Davenport,2020-06-01 14:45:37.354667
2013-11-05,17:15,32.2,32.1,99.4,0.0,E@5.5,7.8,0.87,0,38.2,"Davenport, Davenport, Lincoln County",330029,Davenport,2020-06-01 14:45:37.354667
2013-11-05,17:30,32.2,32.1,99.5,0.0,E@5.5,8.2,0.87,0,38.2,"Davenport, Davenport, Lincoln County",330029,Davenport,2020-06-01 14:45:37.354667
2013-11-05,17:45,32.2,32.1,99.6,0.0,E@5.3,7.1,0.87,0,38.2,"Davenport, Davenport, Lincoln County",330029,Davenport,2020-06-01 14:45:37.354667
2013-11-05,18:00,32.1,32.1,99.7,0.0,E@5.5,7.8,0.88,0,38.2,"Davenport, Davenport, Lincoln County",330029,Davenport,2020-06-01 14:45:37.354667
2013-11-05,18:15,32.0,32.0,99.9,0.0,E@5.3,7.8,0.88,0,38.2,"Davenport, Davenport, Lincoln County",330029,Davenport,2020-06-01 14:45:37.354667
2013-11-05,18:30,32.1,32.1,100.0,0.0,NE@4.4,5.7,0.88,0,38.2,"Davenport, Davenport, Lincoln County",330029,Davenport,2020-06-01 14:45:37.354667
2013-11-05,18:45,32.1,32.1,100.0,0.0,NE@4.5,6.0,0.9,0,38.2,"Davenport, Davenport, Lincoln County",330029,Davenport,2020-06-01 14:45:37.354667
2013-11-05,19:00,32.1,32.1,100.0,0.0,NE@5.4,6.4,0.93,0,38.2,"Davenport, Davenport, Lincoln County",330029,Davenport,2020-06-01 14:45:37.354667
2013-11-05,19:15,32.1,32.1,100.0,0.0,NE@4.7,6.4,0.93,0,38.2,"Davenport, Davenport, Lincoln County",330029,Davenport,2020-06-01 14:45:37.354667
2013-11-05,19:30,32.0,32.0,100.0,0.0,NE@4.1,5.3,0.93,0,38.2,"Davenport, Davenport, Lincoln County",330029,Davenport,2020-06-01 14:45:37.354667
2013-11-05,19:45,32.1,32.1,100.0,0.0,NE@3.6,4.6,0.93,0,38.2,"Davenport, Davenport, Lincoln County",330029,Davenport,2020-06-01 14:45:37.354667
2013-11-05,20:00,32.2,32.2,100.0,0.0,NE@3.3,3.9,0.93,0,38.2,"Davenport, Davenport, Lincoln County",330029,Davenport,2020-06-01 14:45:37.354667
2013-11-05,20:15,32.1,32.1,100.0,0.0,NE@3.3,4.2,0.92,0,38.2,"Davenport, Davenport, Lincoln County",330029,Davenport,2020-06-01 14:45:37.354667
2013-11-05,20:30,32.1,32.1,100.0,0.0,NE@3.5,4.2,0.91,0,38.2,"Davenport, Davenport, Lincoln County",330029,Davenport,2020-06-01 14:45:37.354667
2013-11-05,20:45,32.2,32.2,100.0,0.0,E@1.3,3.5,0.91,0,38.2,"Davenport, Davenport, Lincoln County",330029,Davenport,2020-06-01 14:45:37.354667
2013-11-05,21:00,32.2,32.2,100.0,0.0,SE@0.5,2.1,0.91,0,38.2,"Davenport, Davenport, Lincoln County",330029,Davenport,2020-06-01 14:45:37.354667
2013-11-05,21:15,32.3,32.3,100.0,0.0,E@0.6,2.4,0.9,0,38.2,"Davenport, Davenport, Lincoln County",330029,Davenport,2020-06-01 14:45:37.354667
2013-11-05,21:30,32.6,32.6,100.0,0.0,SW@1.3,3.9,0.9,0,38.2,"Davenport, Davenport, Lincoln County",330029,Davenport,2020-06-01 14:45:37.354667
2013-11-05,21:45,32.6,32.6,100.0,0.0,SW@0.2,1.7,0.89,0,38.2,"Davenport, Davenport, Lincoln County",330029,Davenport,2020-06-01 14:45:37.354667
2013-11-05,22:00,32.9,32.9,100.0,0.0,W@0.9,3.1,0.89,0,38.2,"Davenport, Davenport, Lincoln County",330029,Davenport,2020-06-01 14:45:37.354667
2013-11-05,22:15,32.9,32.9,100.0,0.0,W@1.7,3.5,0.87,0,38.2,"Davenport, Davenport, Lincoln County",330029,Davenport,2020-06-01 14:45:37.354667
2013-11-05,22:30,32.9,32.9,100.0,0.0,W@1.6,3.5,0.86,0,38.2,"Davenport, Davenport, Lincoln County",330029,Davenport,2020-06-01 14:45:37.354667
2013-11-05,22:45,32.8,32.8,100.0,0.0,W@0.1,1.7,0.86,0,38.2,"Davenport, Davenport, Lincoln County",330029,Davenport,2020-06-01 14:45:37.354667
2013-11-05,23:00,32.7,32.7,100.0,0.0,SW@0.4,2.4,0.86,0,38.2,"Davenport, Davenport, Lincoln County",330029,Davenport,2020-06-01 14:45:37.354667
2013-11-05,23:15,32.7,32.7,100.0,0.0,SW@1.9,3.9,0.85,0,38.2,"Davenport, Davenport, Lincoln County",330029,Davenport,2020-06-01 14:45:37.354667
2013-11-05,23:30,32.7,32.7,100.0,0.0,SW@1.1,3.9,0.85,0,38.2,"Davenport, Davenport, Lincoln County",330029,Davenport,2020-06-01 14:45:37.354667
2013-11-05,23:45,32.5,32.5,100.0,0.0,S@0.7,3.5,0.83,0,38.2,"Davenport, Davenport, Lincoln County",330029,Davenport,2020-06-01 14:45:37.354667
2013-11-05,24:00,32.4,32.4,100.0,0.0,S@1.7,3.5,0.77,0,38.2,"Davenport, Davenport, Lincoln County",330029,Davenport,2020-06-01 14:45:37.354667
2013-11-06,00:15,32.5,32.5,100.0,0.0,S@0.7,2.4,0.78,0,38.2,"Davenport, Davenport, Lincoln County",330029,Davenport,2020-06-01 14:45:37.354667
2013-11-06,00:30,32.5,32.5,100.0,0.0,NW@1.2,3.9,0.81,0,38.2,"Davenport, Davenport, Lincoln County",330029,Davenport,2020-06-01 14:45:37.354667
2013-11-06,00:45,32.4,32.4,100.0,0.0,N @0.4,3.1,0.82,0,38.2,"Davenport, Davenport, Lincoln County",330029,Davenport,2020-06-01 14:45:37.354667
2013-11-06,01:00,32.4,32.4,100.0,0.0,N @0.0,0.0,0.82,0,38.2,"Davenport, Davenport, Lincoln County",330029,Davenport,2020-06-01 14:45:37.354667
2013-11-06,01:15,32.4,32.4,100.0,0.0,S@2.3,3.1,0.82,0,38.2,"Davenport, Davenport, Lincoln County",330029,Davenport,2020-06-01 14:45:37.354667
2013-11-06,01:30,32.4,32.4,100.0,0.0,S@2.3,3.1,0.82,0,38.2,"Davenport, Davenport, Lincoln County",330029,Davenport,2020-06-01 14:45:37.354667
2013-11-06,01:45,32.4,32.4,100.0,0.0,SW@0.3,2.8,0.82,0,38.2,"Davenport, Davenport, Lincoln County",330029,Davenport,2020-06-01 14:45:37.354667
2013-11-06,02:00,32.6,32.6,100.0,0.0,N @0.0,0.0,0.83,0,38.2,"Davenport, Davenport, Lincoln County",330029,Davenport,2020-06-01 14:45:37.354667
2013-11-06,02:15,32.4,32.4,100.0,0.0,N @1.8,3.5,0.83,0,38.2,"Davenport, Davenport, Lincoln County",330029,Davenport,2020-06-01 14:45:37.354667
2013-11-06,02:30,32.3,32.3,100.0,0.0,N @1.6,3.5,0.83,0,38.2,"Davenport, Davenport, Lincoln County",330029,Davenport,2020-06-01 14:45:37.354667
2013-11-06,02:45,32.4,32.4,100.0,0.0,N @1.4,3.1,0.84,0,38.2,"Davenport, Davenport, Lincoln County",330029,Davenport,2020-06-01 14:45:37.354667
2013-11-06,03:00,32.4,32.4,100.0,0.0,N @0.0,0.0,0.85,0,38.2,"Davenport, Davenport, Lincoln County",330029,Davenport,2020-06-01 14:45:37.354667
2013-11-06,03:15,32.4,32.4,100.0,0.0,N @0.0,0.0,0.86,0,38.2,"Davenport, Davenport, Lincoln County",330029,Davenport,2020-06-01 14:45:37.354667
2013-11-06,03:30,32.6,32.6,100.0,0.0,N @0.0,0.0,0.86,0,38.2,"Davenport, Davenport, Lincoln County",330029,Davenport,2020-06-01 14:45:37.354667
2013-11-06,03:45,32.5,32.5,100.0,0.0,SW@0.0,1.4,0.86,0,38.2,"Davenport, Davenport, Lincoln County",330029,Davenport,2020-06-01 14:45:37.354667
2013-11-06,04:00,32.3,32.3,100.0,0.0,N @0.0,0.0,0.86,0,38.2,"Davenport, Davenport, Lincoln County",330029,Davenport,2020-06-01 14:45:37.354667
2013-11-06,04:15,32.4,32.4,100.0,0.0,N @0.0,0.0,0.86,0,38.2,"Davenport, Davenport, Lincoln County",330029,Davenport,2020-06-01 14:45:37.354667
2013-11-06,04:30,32.5,32.5,100.0,0.0,SE@0.0,1.7,0.86,0,38.2,"Davenport, Davenport, Lincoln County",330029,Davenport,2020-06-01 14:45:37.354667
2013-11-06,04:45,32.5,32.5,100.0,0.0,SE@0.2,1.7,0.86,0,38.2,"Davenport, Davenport, Lincoln County",330029,Davenport,2020-06-01 14:45:37.354667
2013-11-06,05:00,32.6,32.6,100.0,0.0,SE@1.1,3.1,0.87,0,38.2,"Davenport, Davenport, Lincoln County",330029,Davenport,2020-06-01 14:45:37.354667
2013-11-06,05:15,32.8,32.8,100.0,0.0,W@0.0,1.4,0.87,0,38.2,"Davenport, Davenport, Lincoln County",330029,Davenport,2020-06-01 14:45:37.354667
2013-11-06,05:30,32.7,32.7,100.0,0.0,N @0.0,0.0,0.86,0,38.2,"Davenport, Davenport, Lincoln County",330029,Davenport,2020-06-01 14:45:37.354667
2013-11-06,05:45,32.8,32.8,100.0,0.0,N @0.0,0.0,0.86,0,38.2,"Davenport, Davenport, Lincoln County",330029,Davenport,2020-06-01 14:45:37.354667
2013-11-06,06:00,32.7,32.7,100.0,0.0,NE@0.4,4.2,0.86,0,38.2,"Davenport, Davenport, Lincoln County",330029,Davenport,2020-06-01 14:45:37.354667
2013-11-06,06:15,32.7,32.7,100.0,0.0,NE@2.8,5.7,0.85,0,38.2,"Davenport, Davenport, Lincoln County",330029,Davenport,2020-06-01 14:45:37.354667
2013-11-06,06:30,32.7,32.7,100.0,0.0,N@1.4,6.4,0.82,0,38.3,"Davenport, Davenport, Lincoln County",330029,Davenport,2020-06-01 14:45:37.354667
2013-11-06,06:45,32.6,32.6,99.9,0.0,N@2.9,5.3,0.78,2,38.3,"Davenport, Davenport, Lincoln County",330029,Davenport,2020-06-01 14:45:37.354667
2013-11-06,07:00,32.6,32.5,99.8,0.0,N @2.2,5.3,0.73,3,38.3,"Davenport, Davenport, Lincoln County",330029,Davenport,2020-06-01 14:45:37.354667
2013-11-06,07:15,32.5,32.4,99.8,0.0,NE@2.2,4.2,0.71,7,38.3,"Davenport, Davenport, Lincoln County",330029,Davenport,2020-06-01 14:45:37.354667
2013-11-06,07:30,32.5,32.5,99.7,0.0,N @2.4,4.2,0.69,13,38.3,"Davenport, Davenport, Lincoln County",330029,Davenport,2020-06-01 14:45:37.354667
2013-11-06,07:45,32.6,32.5,99.4,0.0,NE@2.6,5.7,0.68,20,38.3,"Davenport, Davenport, Lincoln County",330029,Davenport,2020-06-01 14:45:37.354667
2013-11-06,08:00,32.6,32.4,99.3,0.0,E@3.8,5.3,0.71,28,38.3,"Davenport, Davenport, Lincoln County",330029,Davenport,2020-06-01 14:45:37.354667
2013-11-06,08:15,32.7,32.3,98.5,0.0,NE@2.9,6.7,0.71,33,38.3,"Davenport, Davenport, Lincoln County",330029,Davenport,2020-06-01 14:45:37.354667
2013-11-06,08:30,32.8,32.2,97.5,0.0,NE@2.2,6.0,0.78,39,38.3,"Davenport, Davenport, Lincoln County",330029,Davenport,2020-06-01 14:45:37.354667
2013-11-06,08:45,32.8,32.0,96.8,0.0,E@4.2,6.7,0.82,52,38.3,"Davenport, Davenport, Lincoln County",330029,Davenport,2020-06-01 14:45:37.354667
2013-11-06,09:00,32.8,31.8,95.9,0.0,NE@4.9,7.1,0.81,60,38.3,"Davenport, Davenport, Lincoln County",330029,Davenport,2020-06-01 14:45:37.354667
2013-11-06,09:15,32.8,31.6,95.4,0.0,NE@5.4,8.2,0.81,57,38.3,"Davenport, Davenport, Lincoln County",330029,Davenport,2020-06-01 14:45:37.354667
2013-11-06,09:30,32.8,31.6,95.4,0.0,NE@5.2,8.2,0.79,58,38.3,"Davenport, Davenport, Lincoln County",330029,Davenport,2020-06-01 14:45:37.354667
2013-11-06,09:45,32.7,31.4,94.7,0.0,NE@6.5,8.9,0.76,68,38.3,"Davenport, Davenport, Lincoln County",330029,Davenport,2020-06-01 14:45:37.354667
2013-11-06,10:00,32.7,31.3,94.4,0.0,NE@6.4,8.9,0.71,67,38.3,"Davenport, Davenport, Lincoln County",330029,Davenport,2020-06-01 14:45:37.354667
2013-11-06,10:15,32.7,31.1,93.9,0.0,E@6.4,9.2,0.62,75,38.3,"Davenport, Davenport, Lincoln County",330029,Davenport,2020-06-01 14:45:37.354667
2013-11-06,10:30,32.5,30.9,93.6,0.01,E@6.7,9.9,0.48,58,38.3,"Davenport, Davenport, Lincoln County",330029,Davenport,2020-06-01 14:45:37.354667
2013-11-06,10:45,32.7,31.1,94.0,0.0,NE@6.6,9.2,0.32,62,38.3,"Davenport, Davenport, Lincoln County",330029,Davenport,2020-06-01 14:45:37.354667
2013-11-06,11:00,32.8,31.2,93.9,0.01,E@5.7,7.4,0.17,72,38.3,"Davenport, Davenport, Lincoln County",330029,Davenport,2020-06-01 14:45:37.354667
2013-11-06,11:15,32.9,31.4,93.9,0.0,NE@6.2,9.6,0.06,71,38.4,"Davenport, Davenport, Lincoln County",330029,Davenport,2020-06-01 14:45:37.354667
2013-11-06,11:30,32.8,31.1,93.5,0.0,NE@7.1,9.2,0.0,79,38.4,"Davenport, Davenport, Lincoln County",330029,Davenport,2020-06-01 14:45:37.354667
2013-11-06,11:45,33.1,31.5,93.6,0.0,NE@6.6,8.9,0.0,80,38.4,"Davenport, Davenport, Lincoln County",330029,Davenport,2020-06-01 14:45:37.354667
2013-11-06,12:00,33.2,31.4,93.0,0.0,E@7.6,9.9,0.0,97,38.4,"Davenport, Davenport, Lincoln County",330029,Davenport,2020-06-01 14:45:37.354667
2013-11-06,12:15,33.3,31.4,92.7,0.0,E@7.1,9.6,0.0,81,38.4,"Davenport, Davenport, Lincoln County",330029,Davenport,2020-06-01 14:45:37.354667
2013-11-06,12:30,33.4,31.5,92.8,0.0,E@7.3,10.3,0.0,98,38.5,"Davenport, Davenport, Lincoln County",330029,Davenport,2020-06-01 14:45:37.354667
2013-11-06,12:45,33.6,31.7,92.5,0.0,E@8.5,11.4,0.0,109,38.5,"Davenport, Davenport, Lincoln County",330029,Davenport,2020-06-01 14:45:37.354667
2013-11-06,13:00,34.0,32.0,92.2,0.0,E@7.9,11.7,0.0,135,38.5,"Davenport, Davenport, Lincoln County",330029,Davenport,2020-06-01 14:45:37.354667
2013-11-06,13:15,34.1,32.1,92.2,0.0,E@8.7,12.1,0.0,126,38.5,"Davenport, Davenport, Lincoln County",330029,Davenport,2020-06-01 14:45:37.354667
2013-11-06,13:30,34.3,32.2,91.8,0.0,E@8.3,11.4,0.0,111,38.6,"Davenport, Davenport, Lincoln County",330029,Davenport,2020-06-01 14:45:37.354667
2013-11-06,13:45,34.4,32.2,91.6,0.0,NE@8.0,10.3,0.0,91,38.6,"Davenport, Davenport, Lincoln County",330029,Davenport,2020-06-01 14:45:37.354667
2013-11-06,14:00,34.5,32.4,91.9,0.0,NE@8.0,10.7,0.0,63,38.6,"Davenport, Davenport, Lincoln County",330029,Davenport,2020-06-01 14:45:37.354667
2013-11-06,14:15,34.7,32.6,92.1,0.0,NE@7.9,10.7,0.0,79,38.7,"Davenport, Davenport, Lincoln County",330029,Davenport,2020-06-01 14:45:37.354667
2013-11-06,14:30,34.7,32.6,91.9,0.0,NE@8.4,11.0,0.0,67,38.7,"Davenport, Davenport, Lincoln County",330029,Davenport,2020-06-01 14:45:37.354667
2013-11-06,14:45,34.4,32.3,92.1,0.0,NE@8.8,11.4,0.0,54,38.7,"Davenport, Davenport, Lincoln County",330029,Davenport,2020-06-01 14:45:37.354667
2013-11-06,15:00,34.4,32.5,92.9,0.0,NE@8.8,12.4,0.0,35,38.8,"Davenport, Davenport, Lincoln County",330029,Davenport,2020-06-01 14:45:37.354667
2013-11-06,15:15,34.1,32.4,93.6,0.0,NE@9.8,12.8,0.0,36,38.8,"Davenport, Davenport, Lincoln County",330029,Davenport,2020-06-01 14:45:37.354667
2013-11-06,15:30,33.9,32.5,94.3,0.0,NE@9.6,13.2,0.0,27,38.8,"Davenport, Davenport, Lincoln County",330029,Davenport,2020-06-01 14:45:37.354667
2013-11-06,15:45,33.8,32.4,94.6,0.0,NE@10.3,12.8,0.0,21,38.9,"Davenport, Davenport, Lincoln County",330029,Davenport,2020-06-01 14:45:37.354667
2013-11-06,16:00,33.6,32.3,94.8,0.0,NE@10.1,12.1,0.0,17,38.9,"Davenport, Davenport, Lincoln County",330029,Davenport,2020-06-01 14:45:37.354667
2013-11-06,16:15,33.5,32.1,94.7,0.0,NE@10.0,12.8,0.0,9,39.0,"Davenport, Davenport, Lincoln County",330029,Davenport,2020-06-01 14:45:37.354667
2013-11-06,16:30,33.3,32.0,94.6,0.0,NE@10.3,12.8,0.0,2,39.0,"Davenport, Davenport, Lincoln County",330029,Davenport,2020-06-01 14:45:37.354667
2013-11-06,16:45,33.3,32.0,94.7,0.0,NE@10.2,12.8,0.0,0,39.0,"Davenport, Davenport, Lincoln County",330029,Davenport,2020-06-01 14:45:37.354667
2013-11-06,17:00,33.3,31.9,94.6,0.0,NE@10.3,12.8,0.0,0,39.0,"Davenport, Davenport, Lincoln County",330029,Davenport,2020-06-01 14:45:37.354667
2013-11-06,17:15,33.1,31.6,94.1,0.0,NE@11.2,13.9,0.0,0,39.1,"Davenport, Davenport, Lincoln County",330029,Davenport,2020-06-01 14:45:37.354667
2013-11-06,17:30,32.8,31.3,94.0,0.0,NE@11.0,14.6,0.0,0,39.1,"Davenport, Davenport, Lincoln County",330029,Davenport,2020-06-01 14:45:37.354667
2013-11-06,17:45,32.6,31.1,94.1,0.0,NE@11.3,13.9,0.0,0,39.1,"Davenport, Davenport, Lincoln County",330029,Davenport,2020-06-01 14:45:37.354667
2013-11-06,18:00,32.5,31.0,94.3,0.0,NE@11.2,13.9,0.0,0,39.1,"Davenport, Davenport, Lincoln County",330029,Davenport,2020-06-01 14:45:37.354667
2013-11-06,18:15,32.5,31.1,94.4,0.0,NE@11.5,14.6,0.0,0,39.2,"Davenport, Davenport, Lincoln County",330029,Davenport,2020-06-01 14:45:37.354667
2013-11-06,18:30,32.7,31.2,94.2,0.0,NE@11.3,14.2,0.0,0,39.2,"Davenport, Davenport, Lincoln County",330029,Davenport,2020-06-01 14:45:37.354667
2013-11-06,18:45,32.8,31.3,94.1,0.0,NE@11.3,14.2,0.0,0,39.2,"Davenport, Davenport, Lincoln County",330029,Davenport,2020-06-01 14:45:37.354667
2013-11-06,19:00,32.9,31.4,94.1,0.0,NE@11.0,13.2,0.0,0,39.2,"Davenport, Davenport, Lincoln County",330029,Davenport,2020-06-01 14:45:37.354667
2013-11-06,19:15,32.8,31.3,94.3,0.0,NE@10.8,13.5,0.0,0,39.2,"Davenport, Davenport, Lincoln County",330029,Davenport,2020-06-01 14:45:37.354667
2013-11-06,19:30,32.5,31.2,94.7,0.0,NE@10.6,13.5,0.0,0,39.2,"Davenport, Davenport, Lincoln County",330029,Davenport,2020-06-01 14:45:37.354667
2013-11-06,19:45,32.2,31.0,95.0,0.0,NE@10.8,13.9,0.0,0,39.2,"Davenport, Davenport, Lincoln County",330029,Davenport,2020-06-01 14:45:37.354667
2013-11-06,20:00,32.2,31.0,95.3,0.0,NE@10.7,12.8,0.0,0,39.2,"Davenport, Davenport, Lincoln County",330029,Davenport,2020-06-01 14:45:37.354667
2013-11-06,20:15,32.4,31.2,95.3,0.0,NE@11.1,13.5,0.0,0,39.2,"Davenport, Davenport, Lincoln County",330029,Davenport,2020-06-01 14:45:37.354667
2013-11-06,20:30,32.5,31.3,95.2,0.0,NE@11.2,15.7,0.0,0,39.2,"Davenport, Davenport, Lincoln County",330029,Davenport,2020-06-01 14:45:37.354667
2013-11-06,20:45,32.7,31.4,94.9,0.0,NE@11.4,13.9,0.0,0,39.2,"Davenport, Davenport, Lincoln County",330029,Davenport,2020-06-01 14:45:37.354667
2013-11-06,21:00,32.7,31.4,94.8,0.0,NE@10.8,15.0,0.0,0,39.1,"Davenport, Davenport, Lincoln County",330029,Davenport,2020-06-01 14:45:37.354667
2013-11-06,21:15,32.7,31.4,94.9,0.0,NE@11.1,13.5,0.0,0,39.1,"Davenport, Davenport, Lincoln County",330029,Davenport,2020-06-01 14:45:37.354667
2013-11-06,21:30,32.7,31.4,94.9,0.0,NE@11.6,13.9,0.0,0,39.1,"Davenport, Davenport, Lincoln County",330029,Davenport,2020-06-01 14:45:37.354667
2013-11-06,21:45,32.6,31.4,95.3,0.0,NE@12.2,15.0,0.0,0,39.1,"Davenport, Davenport, Lincoln County",330029,Davenport,2020-06-01 14:45:37.354667
2013-11-06,22:00,32.6,31.4,95.3,0.0,NE@12.6,15.7,0.0,0,39.1,"Davenport, Davenport, Lincoln County",330029,Davenport,2020-06-01 14:45:37.354667
2013-11-06,22:15,32.7,31.5,95.4,0.0,NE@12.3,16.0,0.0,0,39.1,"Davenport, Davenport, Lincoln County",330029,Davenport,2020-06-01 14:45:37.354667
2013-11-06,22:30,32.7,31.6,95.4,0.0,NE@11.5,15.3,0.0,0,39.0,"Davenport, Davenport, Lincoln County",330029,Davenport,2020-06-01 14:45:37.354667
2013-11-06,22:45,32.8,31.6,95.2,0.0,NE@12.7,15.3,0.0,0,39.0,"Davenport, Davenport, Lincoln County",330029,Davenport,2020-06-01 14:45:37.354667
2013-11-06,23:00,32.7,31.5,95.3,0.0,NE@12.3,16.0,0.0,0,39.0,"Davenport, Davenport, Lincoln County",330029,Davenport,2020-06-01 14:45:37.354667
