Date,Time PST,Air Temp °F, 2<sup>nd</sup> Air Temp °F, Dew Point °F, Rel Hum %, Leaf Wet u., Wind Dir @ Speed mph, Wind Gust mph, 8 in. Soil Tmp °F, Tot Prec in, Solar Rad W/m²,Location,Station ID,Station Name,Download Timestamp
2017-08-26,00:15,63.5,63.0,26.2,24.1,0.0,N@4.3,4.9,71.8,0.0,0,"Almira, Lincoln County",330150,Almira,2017-12-16 12:21:22.736207
2017-08-26,00:30,63.8,63.3,23.8,21.6,0.0,N@4.0,4.6,71.8,0.0,0,"Almira, Lincoln County",330150,Almira,2017-12-16 12:21:22.736207
2017-08-26,00:45,52.2,51.9,25.1,34.5,0.0,S@3.2,4.6,71.8,0.0,0,"Almira, Lincoln County",330150,Almira,2017-12-16 12:21:22.736207
2017-08-26,01:00,57.5,57.3,26.7,30.5,0.0,E@2.3,3.1,71.8,0.0,0,"Almira, Lincoln County",330150,Almira,2017-12-16 12:21:22.736207
2017-08-26,01:15,60.2,60.0,24.3,25.0,0.0,NE@2.8,4.6,71.7,0.0,0,"Almira, Lincoln County",330150,Almira,2017-12-16 12:21:22.736207
2017-08-26,01:30,61.5,61.2,22.3,21.9,0.0,N@3.0,4.6,71.7,0.0,0,"Almira, Lincoln County",330150,Almira,2017-12-16 12:21:22.736207
2017-08-26,01:45,58.6,58.4,23.3,25.4,0.0,NE@2.3,4.9,71.7,0.0,0,"Almira, Lincoln County",330150,Almira,2017-12-16 12:21:22.736207
2017-08-26,02:00,59.3,59.3,24.3,25.9,0.0,NE@5.2,6.0,71.7,0.0,0,"Almira, Lincoln County",330150,Almira,2017-12-16 12:21:22.736207
2017-08-26,02:15,59.4,59.4,24.0,25.4,0.0,NE@5.4,6.0,71.7,0.0,0,"Almira, Lincoln County",330150,Almira,2017-12-16 12:21:22.736207
2017-08-26,02:30,59.6,59.5,23.8,25.0,0.0,NE@4.7,5.3,71.6,0.0,0,"Almira, Lincoln County",330150,Almira,2017-12-16 12:21:22.736207
2017-08-26,02:45,58.7,58.7,25.3,27.5,0.0,NE@5.7,6.7,71.6,0.0,0,"Almira, Lincoln County",330150,Almira,2017-12-16 12:21:22.736207
2017-08-26,03:00,56.7,56.7,25.2,29.5,0.0,E@3.3,4.9,71.6,0.0,0,"Almira, Lincoln County",330150,Almira,2017-12-16 12:21:22.736207
2017-08-26,03:15,58.0,57.8,24.9,27.7,0.0,E@3.7,4.9,71.6,0.0,0,"Almira, Lincoln County",330150,Almira,2017-12-16 12:21:22.736207
2017-08-26,03:30,61.4,61.2,23.7,23.5,0.0,NE@3.8,4.6,71.5,0.0,0,"Almira, Lincoln County",330150,Almira,2017-12-16 12:21:22.736207
2017-08-26,03:45,62.1,61.9,23.6,22.7,0.0,NE@5.0,6.4,71.5,0.0,0,"Almira, Lincoln County",330150,Almira,2017-12-16 12:21:22.736207
2017-08-26,04:00,57.6,57.6,25.0,28.2,0.0,NE@5.6,6.7,71.5,0.0,0,"Almira, Lincoln County",330150,Almira,2017-12-16 12:21:22.736207
2017-08-26,04:15,57.7,57.5,25.5,28.8,0.0,NE@5.1,6.7,71.4,0.0,0,"Almira, Lincoln County",330150,Almira,2017-12-16 12:21:22.736207
2017-08-26,04:30,53.5,53.4,27.5,36.4,0.0,NE@5.9,7.1,71.4,0.0,0,"Almira, Lincoln County",330150,Almira,2017-12-16 12:21:22.736207
2017-08-26,04:45,53.1,53.0,28.1,37.8,0.0,NE@6.0,7.1,71.3,0.0,0,"Almira, Lincoln County",330150,Almira,2017-12-16 12:21:22.736207
2017-08-26,05:00,53.3,53.2,28.9,38.9,0.0,NE@6.0,6.7,71.3,0.0,2,"Almira, Lincoln County",330150,Almira,2017-12-16 12:21:22.736207
2017-08-26,05:15,53.8,53.6,29.2,38.5,0.0,NE@6.5,7.8,71.3,0.0,5,"Almira, Lincoln County",330150,Almira,2017-12-16 12:21:22.736207
2017-08-26,05:30,53.5,53.4,29.6,39.6,0.0,NE@6.5,7.8,71.2,0.0,19,"Almira, Lincoln County",330150,Almira,2017-12-16 12:21:22.736207
2017-08-26,05:45,54.6,54.2,29.9,38.7,0.0,NE@6.4,7.4,71.2,0.0,46,"Almira, Lincoln County",330150,Almira,2017-12-16 12:21:22.736207
2017-08-26,06:00,55.8,55.4,30.2,37.4,0.0,NE@6.6,8.5,71.1,0.0,82,"Almira, Lincoln County",330150,Almira,2017-12-16 12:21:22.736207
2017-08-26,06:15,56.9,56.5,30.6,36.6,0.0,NE@6.8,8.2,71.1,0.0,118,"Almira, Lincoln County",330150,Almira,2017-12-16 12:21:22.736207
2017-08-26,06:30,58.0,57.7,31.2,35.9,0.0,NE@7.1,8.5,71.0,0.0,154,"Almira, Lincoln County",330150,Almira,2017-12-16 12:21:22.736207
2017-08-26,06:45,59.6,59.3,31.4,34.2,0.0,NE@7.2,9.6,71.0,0.0,192,"Almira, Lincoln County",330150,Almira,2017-12-16 12:21:22.736207
2017-08-26,07:00,61.2,60.8,30.9,31.7,0.0,NE@7.3,9.2,70.9,0.0,230,"Almira, Lincoln County",330150,Almira,2017-12-16 12:21:22.736207
2017-08-26,07:15,63.0,62.6,31.1,30.0,0.0,NE@6.5,8.5,70.9,0.0,270,"Almira, Lincoln County",330150,Almira,2017-12-16 12:21:22.736207
2017-08-26,07:30,65.6,65.2,31.6,28.0,0.0,E@5.6,7.4,70.8,0.0,310,"Almira, Lincoln County",330150,Almira,2017-12-16 12:21:22.736207
2017-08-26,07:45,67.4,67.1,29.8,24.4,0.0,E@5.6,7.1,70.8,0.0,350,"Almira, Lincoln County",330150,Almira,2017-12-16 12:21:22.736207
2017-08-26,08:00,68.6,68.2,28.1,21.8,0.0,SE@5.6,8.5,70.7,0.0,390,"Almira, Lincoln County",330150,Almira,2017-12-16 12:21:22.736207
2017-08-26,08:15,69.3,68.9,28.0,21.3,0.0,SE@5.4,8.2,70.7,0.0,427,"Almira, Lincoln County",330150,Almira,2017-12-16 12:21:22.736207
2017-08-26,08:30,70.4,70.0,27.7,20.2,0.0,SE@5.6,8.2,70.6,0.0,466,"Almira, Lincoln County",330150,Almira,2017-12-16 12:21:22.736207
2017-08-26,08:45,70.9,70.4,28.3,20.3,0.0,SE@5.6,9.2,70.6,0.0,502,"Almira, Lincoln County",330150,Almira,2017-12-16 12:21:22.736207
2017-08-26,09:00,71.5,71.1,28.6,20.2,0.0,S@5.3,8.2,70.5,0.0,535,"Almira, Lincoln County",330150,Almira,2017-12-16 12:21:22.736207
2017-08-26,09:15,71.4,71.0,29.4,20.9,0.0,S@5.0,9.2,70.5,0.0,569,"Almira, Lincoln County",330150,Almira,2017-12-16 12:21:22.736207
2017-08-26,09:30,72.2,71.9,29.6,20.6,0.0,S@5.1,7.8,70.4,0.0,598,"Almira, Lincoln County",330150,Almira,2017-12-16 12:21:22.736207
2017-08-26,09:45,73.0,72.4,29.6,20.0,0.0,S@5.4,9.6,70.4,0.0,624,"Almira, Lincoln County",330150,Almira,2017-12-16 12:21:22.736207
2017-08-26,10:00,73.6,73.1,29.4,19.4,0.0,S@4.7,12.4,70.4,0.0,646,"Almira, Lincoln County",330150,Almira,2017-12-16 12:21:22.736207
2017-08-26,10:15,74.4,73.9,29.3,18.8,0.0,SE@4.9,11.7,70.3,0.0,681,"Almira, Lincoln County",330150,Almira,2017-12-16 12:21:22.736207
2017-08-26,10:30,74.8,74.3,29.1,18.4,0.0,S@4.7,9.2,70.3,0.0,701,"Almira, Lincoln County",330150,Almira,2017-12-16 12:21:22.736207
2017-08-26,10:45,76.0,75.4,28.7,17.5,0.0,S@4.9,8.2,70.2,0.0,718,"Almira, Lincoln County",330150,Almira,2017-12-16 12:21:22.736207
2017-08-26,11:00,75.9,75.4,28.5,17.4,0.0,S@4.4,8.9,70.2,0.0,737,"Almira, Lincoln County",330150,Almira,2017-12-16 12:21:22.736207
2017-08-26,11:15,76.6,76.2,28.5,17.0,0.0,S@4.9,11.0,70.1,0.0,748,"Almira, Lincoln County",330150,Almira,2017-12-16 12:21:22.736207
2017-08-26,11:30,76.9,76.3,28.1,16.5,0.0,SE@3.6,8.2,70.1,0.0,758,"Almira, Lincoln County",330150,Almira,2017-12-16 12:21:22.736207
2017-08-26,11:45,77.8,77.3,27.4,15.5,0.0,S@6.5,11.7,70.1,0.0,764,"Almira, Lincoln County",330150,Almira,2017-12-16 12:21:22.736207
2017-08-26,12:00,78.1,77.5,27.9,15.7,0.0,S@4.9,11.0,70.0,0.0,768,"Almira, Lincoln County",330150,Almira,2017-12-16 12:21:22.736207
2017-08-26,12:15,78.5,78.0,27.8,15.4,0.0,SE@4.5,9.2,70.0,0.0,766,"Almira, Lincoln County",330150,Almira,2017-12-16 12:21:22.736207
2017-08-26,12:30,79.2,78.5,27.6,15.0,0.0,SW@5.9,12.8,70.0,0.0,762,"Almira, Lincoln County",330150,Almira,2017-12-16 12:21:22.736207
2017-08-26,12:45,80.0,79.4,27.5,14.6,0.0,SE@4.7,10.7,70.0,0.0,753,"Almira, Lincoln County",330150,Almira,2017-12-16 12:21:22.736207
2017-08-26,13:00,80.1,79.5,27.2,14.3,0.0,SW@6.0,9.6,70.0,0.0,746,"Almira, Lincoln County",330150,Almira,2017-12-16 12:21:22.736207
2017-08-26,13:15,79.9,79.3,26.8,14.2,0.0,SW@5.8,10.7,69.9,0.0,730,"Almira, Lincoln County",330150,Almira,2017-12-16 12:21:22.736207
2017-08-26,13:30,80.4,79.9,27.0,14.1,0.0,S@4.8,9.9,69.9,0.0,714,"Almira, Lincoln County",330150,Almira,2017-12-16 12:21:22.736207
2017-08-26,13:45,81.1,80.5,27.2,13.8,0.0,S@5.9,10.7,69.9,0.0,695,"Almira, Lincoln County",330150,Almira,2017-12-16 12:21:22.736207
2017-08-26,14:00,80.9,80.5,27.3,14.0,0.0,S@5.1,9.6,69.9,0.0,673,"Almira, Lincoln County",330150,Almira,2017-12-16 12:21:22.736207
2017-08-26,14:15,81.4,81.0,27.3,13.8,0.0,S@6.1,10.3,70.0,0.0,648,"Almira, Lincoln County",330150,Almira,2017-12-16 12:21:22.736207
2017-08-26,14:30,81.3,80.8,27.5,14.0,0.0,S@5.4,9.2,70.0,0.0,621,"Almira, Lincoln County",330150,Almira,2017-12-16 12:21:22.736207
2017-08-26,14:45,81.7,81.2,27.5,13.7,0.0,S@7.4,13.5,70.0,0.0,591,"Almira, Lincoln County",330150,Almira,2017-12-16 12:21:22.736207
2017-08-26,15:00,81.4,80.9,27.6,14.0,0.0,S@6.5,9.9,70.0,0.0,559,"Almira, Lincoln County",330150,Almira,2017-12-16 12:21:22.736207
2017-08-26,15:15,81.5,80.9,27.6,13.9,0.0,SE@5.9,12.1,70.0,0.0,524,"Almira, Lincoln County",330150,Almira,2017-12-16 12:21:22.736207
2017-08-26,15:30,81.4,80.8,27.6,14.0,0.0,SE@5.4,9.9,70.1,0.0,490,"Almira, Lincoln County",330150,Almira,2017-12-16 12:21:22.736207
2017-08-26,15:45,81.7,81.1,27.7,13.9,0.0,S@5.2,9.6,70.1,0.0,453,"Almira, Lincoln County",330150,Almira,2017-12-16 12:21:22.736207
2017-08-26,16:00,82.0,81.5,27.6,13.7,0.0,S@5.7,9.2,70.1,0.0,417,"Almira, Lincoln County",330150,Almira,2017-12-16 12:21:22.736207
2017-08-26,16:15,81.2,80.7,27.6,14.1,0.0,SE@4.2,7.4,70.2,0.0,375,"Almira, Lincoln County",330150,Almira,2017-12-16 12:21:22.736207
2017-08-26,16:30,81.8,81.3,27.8,13.9,0.0,SW@4.0,6.4,70.2,0.0,334,"Almira, Lincoln County",330150,Almira,2017-12-16 12:21:22.736207
2017-08-26,16:45,81.7,81.2,27.9,14.0,0.0,SW@4.1,6.4,70.3,0.0,294,"Almira, Lincoln County",330150,Almira,2017-12-16 12:21:22.736207
2017-08-26,17:00,81.4,80.9,28.2,14.3,0.0,SW@3.6,6.4,70.3,0.0,253,"Almira, Lincoln County",330150,Almira,2017-12-16 12:21:22.736207
2017-08-26,17:15,81.4,81.0,28.4,14.4,0.0,W@3.3,6.0,70.4,0.0,212,"Almira, Lincoln County",330150,Almira,2017-12-16 12:21:22.736207
2017-08-26,17:30,81.4,81.0,28.5,14.5,0.0,SW@2.8,6.0,70.5,0.0,174,"Almira, Lincoln County",330150,Almira,2017-12-16 12:21:22.736207
2017-08-26,17:45,80.0,79.8,28.6,15.2,0.0,SW@3.2,6.0,70.5,0.0,136,"Almira, Lincoln County",330150,Almira,2017-12-16 12:21:22.736207
2017-08-26,18:00,78.7,78.5,29.0,16.1,0.0,S@3.2,4.9,70.6,0.0,100,"Almira, Lincoln County",330150,Almira,2017-12-16 12:21:22.736207
2017-08-26,18:15,76.6,76.4,29.9,17.9,0.0,S@3.2,4.6,70.6,0.0,67,"Almira, Lincoln County",330150,Almira,2017-12-16 12:21:22.736207
2017-08-26,18:30,75.2,75.1,30.5,19.3,0.0,S@2.2,3.1,70.7,0.0,36,"Almira, Lincoln County",330150,Almira,2017-12-16 12:21:22.736207
2017-08-26,18:45,73.3,73.2,30.6,20.6,0.0,S@2.3,3.9,70.8,0.0,13,"Almira, Lincoln County",330150,Almira,2017-12-16 12:21:22.736207
2017-08-26,19:00,72.5,72.3,30.9,21.4,0.0,S@2.4,3.5,70.8,0.0,3,"Almira, Lincoln County",330150,Almira,2017-12-16 12:21:22.736207
2017-08-26,19:15,71.2,70.8,30.8,22.3,0.0,S@0.6,2.8,70.9,0.0,1,"Almira, Lincoln County",330150,Almira,2017-12-16 12:21:22.736207
2017-08-26,19:30,70.3,70.0,30.8,23.0,0.0,S@0.3,2.4,70.9,0.0,0,"Almira, Lincoln County",330150,Almira,2017-12-16 12:21:22.736207
2017-08-26,19:45,70.0,69.6,30.9,23.3,0.0,SE@0.2,2.1,71.0,0.0,0,"Almira, Lincoln County",330150,Almira,2017-12-16 12:21:22.736207
2017-08-26,20:00,70.4,70.1,30.8,22.9,0.0,E@1.7,2.4,71.1,0.0,0,"Almira, Lincoln County",330150,Almira,2017-12-16 12:21:22.736207
2017-08-26,20:15,69.5,69.2,30.7,23.6,0.0,SE@1.1,2.1,71.1,0.0,0,"Almira, Lincoln County",330150,Almira,2017-12-16 12:21:22.736207
2017-08-26,20:30,69.0,68.7,30.7,23.9,0.0,S@0.4,2.1,71.2,0.0,0,"Almira, Lincoln County",330150,Almira,2017-12-16 12:21:22.736207
2017-08-26,20:45,68.1,67.8,30.8,24.8,0.0,SE@2.0,2.8,71.2,0.0,0,"Almira, Lincoln County",330150,Almira,2017-12-16 12:21:22.736207
2017-08-26,21:00,68.0,67.7,31.4,25.4,0.0,S@0.7,2.1,71.3,0.0,0,"Almira, Lincoln County",330150,Almira,2017-12-16 12:21:22.736207
2017-08-26,21:15,68.1,68.0,31.6,25.7,0.0,NW@1.5,2.8,71.3,0.0,0,"Almira, Lincoln County",330150,Almira,2017-12-16 12:21:22.736207
2017-08-26,21:30,67.7,67.8,31.9,26.3,0.0,N@1.1,2.4,71.4,0.0,0,"Almira, Lincoln County",330150,Almira,2017-12-16 12:21:22.736207
2017-08-26,21:45,68.4,68.0,32.1,25.8,0.0,NE@1.5,2.4,71.4,0.0,0,"Almira, Lincoln County",330150,Almira,2017-12-16 12:21:22.736207
2017-08-26,22:00,68.7,68.3,32.1,25.7,0.0,NE@0.5,2.4,71.5,0.0,0,"Almira, Lincoln County",330150,Almira,2017-12-16 12:21:22.736207
2017-08-26,22:15,68.4,68.1,32.2,26.0,0.0,NE@1.9,4.9,71.5,0.0,0,"Almira, Lincoln County",330150,Almira,2017-12-16 12:21:22.736207
2017-08-26,22:30,67.9,67.5,32.2,26.4,0.0,N@5.0,6.4,71.5,0.0,0,"Almira, Lincoln County",330150,Almira,2017-12-16 12:21:22.736207
2017-08-26,22:45,69.8,69.2,32.1,24.7,0.0,N@4.5,4.9,71.6,0.0,0,"Almira, Lincoln County",330150,Almira,2017-12-16 12:21:22.736207
2017-08-26,23:00,70.4,70.0,32.2,24.2,0.0,N@4.3,4.9,71.6,0.0,0,"Almira, Lincoln County",330150,Almira,2017-12-16 12:21:22.736207
2017-08-27,23:15,69.5,68.9,32.2,25.1,0.0,N@3.4,4.2,71.6,0.0,0,"Almira, Lincoln County",330150,Almira,2017-12-16 12:21:22.736207
2017-08-27,23:30,67.7,67.4,32.4,26.8,0.0,NE@3.5,4.9,71.6,0.0,0,"Almira, Lincoln County",330150,Almira,2017-12-16 12:21:22.736207
2017-08-27,23:45,69.0,68.7,32.6,25.9,0.0,N@3.9,5.3,71.7,0.0,0,"Almira, Lincoln County",330150,Almira,2017-12-16 12:21:22.736207
2017-08-27,24:00,69.1,68.8,32.6,25.8,0.0,NE@4.7,5.3,71.7,0.0,0,"Almira, Lincoln County",330150,Almira,2017-12-16 12:21:22.736207
2017-08-27,00:15,69.0,68.9,32.7,25.9,0.0,NE@5.7,6.7,71.7,0.0,0,"Almira, Lincoln County",330150,Almira,2017-12-16 12:21:22.736207
2017-08-27,00:30,68.2,68.0,34.3,28.5,0.0,NE@5.8,6.4,71.7,0.0,0,"Almira, Lincoln County",330150,Almira,2017-12-16 12:21:22.736207
2017-08-27,00:45,68.5,68.2,36.0,30.2,0.0,NE@5.6,6.4,71.7,0.0,0,"Almira, Lincoln County",330150,Almira,2017-12-16 12:21:22.736207
2017-08-27,01:00,67.5,67.3,34.7,29.6,0.0,NE@5.9,6.4,71.7,0.0,0,"Almira, Lincoln County",330150,Almira,2017-12-16 12:21:22.736207
2017-08-27,01:15,68.1,67.8,34.1,28.4,0.0,N@5.8,6.4,71.7,0.0,0,"Almira, Lincoln County",330150,Almira,2017-12-16 12:21:22.736207
2017-08-27,01:30,65.6,65.5,34.4,31.3,0.0,NE@6.5,7.4,71.7,0.0,0,"Almira, Lincoln County",330150,Almira,2017-12-16 12:21:22.736207
2017-08-27,01:45,63.3,63.2,33.9,33.2,0.0,NE@6.9,7.4,71.7,0.0,0,"Almira, Lincoln County",330150,Almira,2017-12-16 12:21:22.736207
2017-08-27,02:00,63.0,62.9,34.2,34.0,0.0,NE@6.8,7.4,71.7,0.0,0,"Almira, Lincoln County",330150,Almira,2017-12-16 12:21:22.736207
2017-08-27,02:15,63.7,63.7,33.7,32.6,0.0,NE@6.6,7.1,71.7,0.0,0,"Almira, Lincoln County",330150,Almira,2017-12-16 12:21:22.736207
2017-08-27,02:30,63.8,63.9,33.4,31.9,0.0,NE@6.7,7.4,71.7,0.0,0,"Almira, Lincoln County",330150,Almira,2017-12-16 12:21:22.736207
2017-08-27,02:45,63.2,63.2,33.5,32.9,0.0,NE@7.1,7.4,71.7,0.0,0,"Almira, Lincoln County",330150,Almira,2017-12-16 12:21:22.736207
2017-08-27,03:00,64.3,64.3,32.7,30.6,0.0,NE@6.7,7.4,71.6,0.0,0,"Almira, Lincoln County",330150,Almira,2017-12-16 12:21:22.736207
2017-08-27,03:15,64.4,64.3,32.0,29.7,0.0,NE@6.5,7.1,71.6,0.0,0,"Almira, Lincoln County",330150,Almira,2017-12-16 12:21:22.736207
2017-08-27,03:30,65.4,65.4,31.9,28.6,0.0,NE@6.5,6.7,71.6,0.0,0,"Almira, Lincoln County",330150,Almira,2017-12-16 12:21:22.736207
2017-08-27,03:45,65.7,65.7,31.7,27.9,0.0,NE@6.5,7.1,71.6,0.0,0,"Almira, Lincoln County",330150,Almira,2017-12-16 12:21:22.736207
2017-08-27,04:00,65.0,65.0,31.7,28.7,0.0,NE@6.2,6.7,71.6,0.0,0,"Almira, Lincoln County",330150,Almira,2017-12-16 12:21:22.736207
2017-08-27,04:15,63.5,63.4,32.0,30.6,0.0,NE@6.1,7.1,71.5,0.0,0,"Almira, Lincoln County",330150,Almira,2017-12-16 12:21:22.736207
2017-08-27,04:30,62.9,62.9,32.2,31.4,0.0,NE@6.3,7.4,71.5,0.0,0,"Almira, Lincoln County",330150,Almira,2017-12-16 12:21:22.736207
2017-08-27,04:45,62.9,62.8,32.1,31.3,0.0,NE@6.4,8.2,71.5,0.0,0,"Almira, Lincoln County",330150,Almira,2017-12-16 12:21:22.736207
2017-08-27,05:00,61.8,61.6,32.5,33.1,0.0,NE@7.4,8.5,71.5,0.0,2,"Almira, Lincoln County",330150,Almira,2017-12-16 12:21:22.736207
2017-08-27,05:15,61.8,61.6,32.7,33.4,0.0,NE@7.4,8.9,71.4,0.0,5,"Almira, Lincoln County",330150,Almira,2017-12-16 12:21:22.736207
2017-08-27,05:30,60.8,60.5,32.9,34.9,0.0,NE@6.9,8.5,71.4,0.0,21,"Almira, Lincoln County",330150,Almira,2017-12-16 12:21:22.736207
2017-08-27,05:45,62.8,62.4,33.1,32.6,0.0,E@6.5,7.8,71.4,0.0,48,"Almira, Lincoln County",330150,Almira,2017-12-16 12:21:22.736207
2017-08-27,06:00,64.0,63.5,33.3,31.6,0.0,NE@6.2,7.1,71.3,0.0,79,"Almira, Lincoln County",330150,Almira,2017-12-16 12:21:22.736207
2017-08-27,06:15,65.9,65.5,33.3,29.6,0.0,E@5.7,7.4,71.3,0.0,112,"Almira, Lincoln County",330150,Almira,2017-12-16 12:21:22.736207
2017-08-27,06:30,67.3,66.9,33.8,28.9,0.0,NE@5.0,7.4,71.3,0.0,148,"Almira, Lincoln County",330150,Almira,2017-12-16 12:21:22.736207
2017-08-27,06:45,69.0,68.6,33.9,27.3,0.0,E@6.0,8.2,71.2,0.0,187,"Almira, Lincoln County",330150,Almira,2017-12-16 12:21:22.736207
2017-08-27,07:00,70.6,70.3,33.9,25.8,0.0,E@6.1,7.4,71.2,0.0,228,"Almira, Lincoln County",330150,Almira,2017-12-16 12:21:22.736207
2017-08-27,07:15,72.5,72.2,34.1,24.3,0.0,E@5.8,7.4,71.2,0.0,269,"Almira, Lincoln County",330150,Almira,2017-12-16 12:21:22.736207
2017-08-27,07:30,74.3,74.0,33.2,22.1,0.0,E@5.2,7.1,71.1,0.0,306,"Almira, Lincoln County",330150,Almira,2017-12-16 12:21:22.736207
2017-08-27,07:45,75.8,75.4,32.7,20.7,0.0,E@5.2,7.1,71.1,0.0,348,"Almira, Lincoln County",330150,Almira,2017-12-16 12:21:22.736207
2017-08-27,08:00,76.6,76.2,32.6,20.0,0.0,E@5.5,7.8,71.1,0.0,375,"Almira, Lincoln County",330150,Almira,2017-12-16 12:21:22.736207
2017-08-27,08:15,76.8,76.5,32.4,19.7,0.0,E@5.8,8.2,71.0,0.0,404,"Almira, Lincoln County",330150,Almira,2017-12-16 12:21:22.736207
2017-08-27,08:30,77.5,77.0,31.0,18.2,0.0,E@5.8,8.5,71.0,0.0,445,"Almira, Lincoln County",330150,Almira,2017-12-16 12:21:22.736207
2017-08-27,08:45,78.4,77.9,30.8,17.6,0.0,SE@5.3,7.8,70.9,0.0,486,"Almira, Lincoln County",330150,Almira,2017-12-16 12:21:22.736207
2017-08-27,09:00,78.8,78.3,30.7,17.2,0.0,SE@5.1,8.2,70.9,0.0,527,"Almira, Lincoln County",330150,Almira,2017-12-16 12:21:22.736207
2017-08-27,09:15,79.5,79.0,31.2,17.2,0.0,SE@4.0,7.8,70.9,0.0,559,"Almira, Lincoln County",330150,Almira,2017-12-16 12:21:22.736207
2017-08-27,09:30,80.8,80.4,31.1,16.4,0.0,SE@4.7,8.5,70.8,0.0,595,"Almira, Lincoln County",330150,Almira,2017-12-16 12:21:22.736207
2017-08-27,09:45,80.6,80.0,30.3,16.0,0.0,S@4.2,8.2,70.8,0.0,626,"Almira, Lincoln County",330150,Almira,2017-12-16 12:21:22.736207
2017-08-27,10:00,81.7,81.3,29.2,14.7,0.0,S@4.2,8.2,70.8,0.0,654,"Almira, Lincoln County",330150,Almira,2017-12-16 12:21:22.736207
2017-08-27,10:15,82.8,82.2,28.5,13.8,0.0,SE@3.4,7.8,70.7,0.0,678,"Almira, Lincoln County",330150,Almira,2017-12-16 12:21:22.736207
2017-08-27,10:30,82.8,82.3,28.6,13.9,0.0,SE@4.0,7.1,70.7,0.0,700,"Almira, Lincoln County",330150,Almira,2017-12-16 12:21:22.736207
2017-08-27,10:45,83.4,82.9,28.4,13.5,0.0,S@4.5,7.8,70.7,0.0,719,"Almira, Lincoln County",330150,Almira,2017-12-16 12:21:22.736207
2017-08-27,11:00,83.7,82.9,28.4,13.4,0.0,W@4.4,9.2,70.7,0.0,735,"Almira, Lincoln County",330150,Almira,2017-12-16 12:21:22.736207
2017-08-27,11:15,83.8,83.3,28.2,13.2,0.0,S@5.3,9.9,70.6,0.0,749,"Almira, Lincoln County",330150,Almira,2017-12-16 12:21:22.736207
2017-08-27,11:30,84.9,84.4,28.3,12.8,0.0,S@4.3,8.9,70.6,0.0,758,"Almira, Lincoln County",330150,Almira,2017-12-16 12:21:22.736207
2017-08-27,11:45,84.9,84.5,28.2,12.8,0.0,S@5.9,11.4,70.6,0.0,763,"Almira, Lincoln County",330150,Almira,2017-12-16 12:21:22.736207
2017-08-27,12:00,86.5,85.5,27.9,12.0,0.0,W@3.6,7.1,70.6,0.0,766,"Almira, Lincoln County",330150,Almira,2017-12-16 12:21:22.736207
2017-08-27,12:15,86.5,85.9,27.9,12.0,0.0,SW@4.2,8.5,70.5,0.0,766,"Almira, Lincoln County",330150,Almira,2017-12-16 12:21:22.736207
2017-08-27,12:30,86.2,85.6,28.4,12.4,0.0,SW@4.7,8.5,70.5,0.0,762,"Almira, Lincoln County",330150,Almira,2017-12-16 12:21:22.736207
2017-08-27,12:45,86.9,86.0,30.4,13.1,0.0,N@6.5,11.0,70.5,0.0,753,"Almira, Lincoln County",330150,Almira,2017-12-16 12:21:22.736207
2017-08-27,13:00,87.0,86.5,29.3,12.5,0.0,NE@4.6,9.2,70.5,0.0,746,"Almira, Lincoln County",330150,Almira,2017-12-16 12:21:22.736207
2017-08-27,13:15,88.0,87.4,27.7,11.4,0.0,S@4.6,8.5,70.5,0.0,732,"Almira, Lincoln County",330150,Almira,2017-12-16 12:21:22.736207
2017-08-27,13:30,87.4,86.7,27.9,11.6,0.0,SE@4.0,9.6,70.5,0.0,716,"Almira, Lincoln County",330150,Almira,2017-12-16 12:21:22.736207
2017-08-27,13:45,88.2,87.7,28.4,11.6,0.0,SE@3.6,7.8,70.5,0.0,696,"Almira, Lincoln County",330150,Almira,2017-12-16 12:21:22.736207
2017-08-27,14:00,88.3,87.8,27.8,11.3,0.0,S@5.4,9.2,70.6,0.0,673,"Almira, Lincoln County",330150,Almira,2017-12-16 12:21:22.736207
2017-08-27,14:15,88.5,87.8,27.9,11.2,0.0,SW@4.0,10.3,70.6,0.0,648,"Almira, Lincoln County",330150,Almira,2017-12-16 12:21:22.736207
2017-08-27,14:30,89.5,88.8,27.5,10.7,0.0,SW@4.6,8.2,70.6,0.0,621,"Almira, Lincoln County",330150,Almira,2017-12-16 12:21:22.736207
2017-08-27,14:45,88.3,87.8,27.5,11.1,0.0,SE@4.2,7.8,70.6,0.0,587,"Almira, Lincoln County",330150,Almira,2017-12-16 12:21:22.736207
2017-08-27,15:00,89.1,88.5,27.5,10.9,0.0,SW@5.9,9.9,70.7,0.0,557,"Almira, Lincoln County",330150,Almira,2017-12-16 12:21:22.736207
2017-08-27,15:15,88.4,87.9,27.4,11.1,0.0,SE@4.5,7.8,70.7,0.0,523,"Almira, Lincoln County",330150,Almira,2017-12-16 12:21:22.736207
2017-08-27,15:30,88.9,88.5,27.0,10.7,0.0,SW@4.1,6.7,70.7,0.0,488,"Almira, Lincoln County",330150,Almira,2017-12-16 12:21:22.736207
2017-08-27,15:45,89.1,88.4,27.2,10.8,0.0,S@4.0,8.9,70.8,0.0,452,"Almira, Lincoln County",330150,Almira,2017-12-16 12:21:22.736207
2017-08-27,16:00,89.2,88.7,27.2,10.7,0.0,S@6.2,12.4,70.8,0.0,411,"Almira, Lincoln County",330150,Almira,2017-12-16 12:21:22.736207
2017-08-27,16:15,88.8,88.3,29.0,11.7,0.0,SW@3.9,6.4,70.9,0.0,371,"Almira, Lincoln County",330150,Almira,2017-12-16 12:21:22.736207
2017-08-27,16:30,89.1,88.6,28.2,11.2,0.0,SW@5.0,9.6,71.0,0.0,330,"Almira, Lincoln County",330150,Almira,2017-12-16 12:21:22.736207
2017-08-27,16:45,88.6,88.1,27.1,10.8,0.0,S@3.3,5.7,71.0,0.0,289,"Almira, Lincoln County",330150,Almira,2017-12-16 12:21:22.736207
2017-08-27,17:00,89.1,88.1,29.0,11.6,0.0,NW@3.1,6.7,71.1,0.0,249,"Almira, Lincoln County",330150,Almira,2017-12-16 12:21:22.736207
2017-08-27,17:15,88.3,87.0,29.7,12.2,0.0,NW@3.9,6.0,71.2,0.0,210,"Almira, Lincoln County",330150,Almira,2017-12-16 12:21:22.736207
2017-08-27,17:30,87.8,86.3,29.6,12.3,0.0,NW@4.2,6.0,71.2,0.0,162,"Almira, Lincoln County",330150,Almira,2017-12-16 12:21:22.736207
2017-08-27,17:45,85.9,84.6,29.8,13.2,0.0,N@3.8,4.6,71.3,0.0,92,"Almira, Lincoln County",330150,Almira,2017-12-16 12:21:22.736207
2017-08-27,18:00,83.2,82.4,30.2,14.6,0.0,N@4.2,4.9,71.4,0.0,72,"Almira, Lincoln County",330150,Almira,2017-12-16 12:21:22.736207
2017-08-27,18:15,82.4,82.1,30.4,15.2,0.0,N@4.2,4.9,71.4,0.0,69,"Almira, Lincoln County",330150,Almira,2017-12-16 12:21:22.736207
2017-08-27,18:30,80.9,81.0,31.3,16.5,0.0,N@4.0,4.6,71.5,0.0,33,"Almira, Lincoln County",330150,Almira,2017-12-16 12:21:22.736207
2017-08-27,18:45,80.5,80.1,31.1,16.6,0.0,N@4.3,4.6,71.6,0.0,16,"Almira, Lincoln County",330150,Almira,2017-12-16 12:21:22.736207
2017-08-27,19:00,79.9,79.8,31.1,16.9,0.0,N@3.2,4.2,71.7,0.0,4,"Almira, Lincoln County",330150,Almira,2017-12-16 12:21:22.736207
2017-08-27,19:15,78.8,79.0,31.2,17.6,0.0,N@3.1,3.9,71.7,0.0,1,"Almira, Lincoln County",330150,Almira,2017-12-16 12:21:22.736207
2017-08-27,19:30,76.0,76.3,31.2,19.3,0.0,NW@0.6,2.4,71.8,0.0,0,"Almira, Lincoln County",330150,Almira,2017-12-16 12:21:22.736207
2017-08-27,19:45,76.2,76.5,31.1,19.1,0.0,NW@1.6,2.1,71.9,0.0,0,"Almira, Lincoln County",330150,Almira,2017-12-16 12:21:22.736207
2017-08-27,20:00,75.5,76.0,31.1,19.6,0.0,NW@1.9,2.8,71.9,0.0,0,"Almira, Lincoln County",330150,Almira,2017-12-16 12:21:22.736207
2017-08-27,20:15,74.4,74.2,31.2,20.4,0.0,SW@1.9,2.4,72.0,0.0,0,"Almira, Lincoln County",330150,Almira,2017-12-16 12:21:22.736207
2017-08-27,20:30,73.3,73.0,31.3,21.2,0.0,S@0.6,1.7,72.1,0.0,0,"Almira, Lincoln County",330150,Almira,2017-12-16 12:21:22.736207
2017-08-27,20:45,73.1,72.7,31.3,21.4,0.0,SE@0.9,2.1,72.1,0.0,0,"Almira, Lincoln County",330150,Almira,2017-12-16 12:21:22.736207
2017-08-27,21:00,73.6,73.1,31.1,20.8,0.0,SE@1.4,2.4,72.2,0.0,0,"Almira, Lincoln County",330150,Almira,2017-12-16 12:21:22.736207
2017-08-27,21:15,73.0,72.7,31.1,21.2,0.0,SE@1.9,2.4,72.2,0.0,0,"Almira, Lincoln County",330150,Almira,2017-12-16 12:21:22.736207
2017-08-27,21:30,72.6,72.3,31.1,21.6,0.0,SE@0.2,1.7,72.3,0.0,0,"Almira, Lincoln County",330150,Almira,2017-12-16 12:21:22.736207
2017-08-27,21:45,72.7,72.3,31.2,21.6,0.0,E@1.1,2.1,72.3,0.0,0,"Almira, Lincoln County",330150,Almira,2017-12-16 12:21:22.736207
2017-08-27,22:00,72.7,72.4,31.1,21.5,0.0,N@1.8,2.4,72.4,0.0,0,"Almira, Lincoln County",330150,Almira,2017-12-16 12:21:22.736207
2017-08-27,22:15,70.5,70.3,31.2,23.2,0.0,N@4.9,6.4,72.4,0.0,0,"Almira, Lincoln County",330150,Almira,2017-12-16 12:21:22.736207
2017-08-27,22:30,72.5,72.8,30.9,21.5,0.0,N@3.6,4.6,72.5,0.0,0,"Almira, Lincoln County",330150,Almira,2017-12-16 12:21:22.736207
2017-08-27,22:45,73.3,73.4,31.0,21.0,0.0,N@2.5,4.2,72.5,0.0,0,"Almira, Lincoln County",330150,Almira,2017-12-16 12:21:22.736207
2017-08-27,23:00,73.6,73.3,31.4,21.1,0.0,NE@4.3,5.3,72.5,0.0,0,"Almira, Lincoln County",330150,Almira,2017-12-16 12:21:22.736207
2017-08-28,23:15,72.6,72.4,31.9,22.3,0.0,NE@3.9,5.3,72.6,0.0,0,"Almira, Lincoln County",330150,Almira,2017-12-16 12:21:22.736207
2017-08-28,23:30,72.7,72.7,32.1,22.4,0.0,NE@4.7,5.3,72.6,0.0,0,"Almira, Lincoln County",330150,Almira,2017-12-16 12:21:22.736207
2017-08-28,23:45,74.7,74.5,32.6,21.4,0.0,NE@5.2,5.7,72.6,0.0,0,"Almira, Lincoln County",330150,Almira,2017-12-16 12:21:22.736207
2017-08-28,24:00,75.6,75.4,32.6,20.7,0.0,NE@5.6,6.0,72.6,0.0,0,"Almira, Lincoln County",330150,Almira,2017-12-16 12:21:22.736207
2017-08-28,00:15,75.9,75.7,31.6,19.7,0.0,NE@5.5,6.4,72.7,0.0,0,"Almira, Lincoln County",330150,Almira,2017-12-16 12:21:22.736207
2017-08-28,00:30,73.8,73.7,31.5,21.1,0.0,NE@6.2,6.7,72.7,0.0,0,"Almira, Lincoln County",330150,Almira,2017-12-16 12:21:22.736207
2017-08-28,00:45,73.0,73.0,31.5,21.6,0.0,NE@6.4,7.1,72.7,0.0,0,"Almira, Lincoln County",330150,Almira,2017-12-16 12:21:22.736207
2017-08-28,01:00,73.2,73.2,31.6,21.6,0.0,NE@6.3,6.7,72.7,0.0,0,"Almira, Lincoln County",330150,Almira,2017-12-16 12:21:22.736207
2017-08-28,01:15,74.1,74.1,31.7,21.0,0.0,NE@5.7,6.7,72.7,0.0,0,"Almira, Lincoln County",330150,Almira,2017-12-16 12:21:22.736207
2017-08-28,01:30,75.1,75.0,31.6,20.2,0.0,NE@5.4,6.0,72.7,0.0,0,"Almira, Lincoln County",330150,Almira,2017-12-16 12:21:22.736207
2017-08-28,01:45,74.3,74.2,31.7,20.9,0.0,NE@5.6,6.0,72.7,0.0,0,"Almira, Lincoln County",330150,Almira,2017-12-16 12:21:22.736207
2017-08-28,02:00,73.4,73.3,31.5,21.3,0.0,NE@6.2,6.7,72.7,0.0,0,"Almira, Lincoln County",330150,Almira,2017-12-16 12:21:22.736207
2017-08-28,02:15,71.3,71.3,32.2,23.5,0.0,NE@6.6,7.1,72.7,0.0,0,"Almira, Lincoln County",330150,Almira,2017-12-16 12:21:22.736207
2017-08-28,02:30,70.8,70.8,32.6,24.3,0.0,NE@6.4,6.7,72.7,0.0,0,"Almira, Lincoln County",330150,Almira,2017-12-16 12:21:22.736207
2017-08-28,02:45,69.7,69.7,32.7,25.3,0.0,NE@6.2,6.7,72.6,0.0,0,"Almira, Lincoln County",330150,Almira,2017-12-16 12:21:22.736207
2017-08-28,03:00,69.2,69.3,32.6,25.8,0.0,NE@6.3,7.1,72.6,0.0,0,"Almira, Lincoln County",330150,Almira,2017-12-16 12:21:22.736207
2017-08-28,03:15,67.0,66.9,32.5,27.7,0.0,NE@6.9,7.4,72.6,0.0,0,"Almira, Lincoln County",330150,Almira,2017-12-16 12:21:22.736207
2017-08-28,03:30,65.8,65.7,32.5,28.7,0.0,NE@5.7,6.7,72.6,0.0,0,"Almira, Lincoln County",330150,Almira,2017-12-16 12:21:22.736207
2017-08-28,03:45,68.8,68.6,31.8,25.3,0.0,NE@5.6,6.7,72.6,0.0,0,"Almira, Lincoln County",330150,Almira,2017-12-16 12:21:22.736207
2017-08-28,04:00,66.1,65.9,32.2,28.1,0.0,NE@5.5,7.1,72.6,0.0,0,"Almira, Lincoln County",330150,Almira,2017-12-16 12:21:22.736207
2017-08-28,04:15,67.0,66.8,32.1,27.1,0.0,NE@5.7,7.1,72.5,0.0,0,"Almira, Lincoln County",330150,Almira,2017-12-16 12:21:22.736207
2017-08-28,04:30,66.0,65.8,32.1,28.1,0.0,NE@5.6,7.4,72.5,0.0,0,"Almira, Lincoln County",330150,Almira,2017-12-16 12:21:22.736207
2017-08-28,04:45,63.9,63.7,32.7,31.1,0.0,E@4.7,6.4,72.5,0.0,0,"Almira, Lincoln County",330150,Almira,2017-12-16 12:21:22.736207
2017-08-28,05:00,63.5,63.3,32.8,31.6,0.0,E@5.1,6.4,72.5,0.0,2,"Almira, Lincoln County",330150,Almira,2017-12-16 12:21:22.736207
2017-08-28,05:15,65.9,65.6,32.0,28.2,0.0,E@4.6,5.3,72.4,0.0,6,"Almira, Lincoln County",330150,Almira,2017-12-16 12:21:22.736207
2017-08-28,05:30,66.1,65.8,31.7,27.6,0.0,SE@4.1,4.9,72.4,0.0,19,"Almira, Lincoln County",330150,Almira,2017-12-16 12:21:22.736207
2017-08-28,05:45,65.5,65.2,31.9,28.3,0.0,E@4.3,5.3,72.4,0.0,36,"Almira, Lincoln County",330150,Almira,2017-12-16 12:21:22.736207
2017-08-28,06:00,66.2,65.9,33.1,29.1,0.0,E@4.1,4.9,72.4,0.0,57,"Almira, Lincoln County",330150,Almira,2017-12-16 12:21:22.736207
2017-08-28,06:15,68.0,67.8,33.4,27.7,0.0,E@4.8,6.4,72.3,0.0,77,"Almira, Lincoln County",330150,Almira,2017-12-16 12:21:22.736207
2017-08-28,06:30,70.8,70.5,32.8,24.6,0.0,E@4.8,6.4,72.3,0.0,71,"Almira, Lincoln County",330150,Almira,2017-12-16 12:21:22.736207
2017-08-28,06:45,71.1,70.8,33.2,24.7,0.0,E@4.5,6.7,72.3,0.0,84,"Almira, Lincoln County",330150,Almira,2017-12-16 12:21:22.736207
2017-08-28,07:00,71.8,71.6,33.4,24.3,0.0,E@6.4,8.5,72.2,0.0,87,"Almira, Lincoln County",330150,Almira,2017-12-16 12:21:22.736207
2017-08-28,07:15,72.5,72.2,33.8,24.1,0.0,E@6.8,8.9,72.2,0.0,162,"Almira, Lincoln County",330150,Almira,2017-12-16 12:21:22.736207
2017-08-28,07:30,74.2,73.9,33.9,22.8,0.0,E@8.1,10.7,72.2,0.0,173,"Almira, Lincoln County",330150,Almira,2017-12-16 12:21:22.736207
2017-08-28,07:45,74.9,74.5,34.0,22.4,0.0,E@7.9,10.3,72.1,0.0,224,"Almira, Lincoln County",330150,Almira,2017-12-16 12:21:22.736207
2017-08-28,08:00,75.0,74.7,33.9,22.2,0.0,E@7.4,9.2,72.1,0.0,187,"Almira, Lincoln County",330150,Almira,2017-12-16 12:21:22.736207
2017-08-28,08:15,75.6,75.3,34.4,22.2,0.0,E@7.3,9.9,72.0,0.0,221,"Almira, Lincoln County",330150,Almira,2017-12-16 12:21:22.736207
2017-08-28,08:30,77.0,76.7,33.9,20.9,0.0,E@7.9,10.7,72.0,0.0,253,"Almira, Lincoln County",330150,Almira,2017-12-16 12:21:22.736207
2017-08-28,08:45,78.1,77.7,33.6,19.9,0.0,SE@8.7,11.0,72.0,0.0,316,"Almira, Lincoln County",330150,Almira,2017-12-16 12:21:22.736207
2017-08-28,09:00,78.1,77.8,34.0,20.2,0.0,SE@10.4,13.9,71.9,0.0,321,"Almira, Lincoln County",330150,Almira,2017-12-16 12:21:22.736207
2017-08-28,09:15,77.6,77.2,33.8,20.3,0.0,SE@9.4,15.0,71.9,0.0,365,"Almira, Lincoln County",330150,Almira,2017-12-16 12:21:22.736207
2017-08-28,09:30,78.5,78.1,33.3,19.3,0.0,E@9.1,12.4,71.9,0.0,450,"Almira, Lincoln County",330150,Almira,2017-12-16 12:21:22.736207
2017-08-28,09:45,79.8,79.3,32.5,17.9,0.0,E@8.7,12.8,71.8,0.0,548,"Almira, Lincoln County",330150,Almira,2017-12-16 12:21:22.736207
2017-08-28,10:00,80.9,80.4,31.9,16.9,0.0,SE@8.4,12.1,71.8,0.0,591,"Almira, Lincoln County",330150,Almira,2017-12-16 12:21:22.736207
2017-08-28,10:15,81.6,81.1,32.8,17.1,0.0,E@7.9,12.1,71.8,0.0,588,"Almira, Lincoln County",330150,Almira,2017-12-16 12:21:22.736207
2017-08-28,10:30,82.4,81.9,33.8,17.4,0.0,E@8.9,13.2,71.7,0.0,618,"Almira, Lincoln County",330150,Almira,2017-12-16 12:21:22.736207
2017-08-28,10:45,82.9,82.4,33.8,17.1,0.0,E@8.4,13.9,71.7,0.0,631,"Almira, Lincoln County",330150,Almira,2017-12-16 12:21:22.736207
2017-08-28,11:00,83.3,82.8,34.0,17.0,0.0,E@8.0,14.2,71.7,0.0,648,"Almira, Lincoln County",330150,Almira,2017-12-16 12:21:22.736207
2017-08-28,11:15,84.2,83.7,33.4,16.1,0.0,E@6.8,10.7,71.6,0.0,680,"Almira, Lincoln County",330150,Almira,2017-12-16 12:21:22.736207
2017-08-28,11:30,85.6,85.1,33.3,15.3,0.0,E@8.1,12.8,71.6,0.0,661,"Almira, Lincoln County",330150,Almira,2017-12-16 12:21:22.736207
2017-08-28,11:45,85.9,85.3,33.5,15.3,0.0,E@7.3,11.7,71.6,0.0,688,"Almira, Lincoln County",330150,Almira,2017-12-16 12:21:22.736207
2017-08-28,12:00,86.4,85.8,31.7,14.1,0.0,SE@7.9,13.2,71.6,0.0,645,"Almira, Lincoln County",330150,Almira,2017-12-16 12:21:22.736207
2017-08-28,12:15,87.0,86.5,31.2,13.5,0.0,SE@7.8,12.4,71.5,0.0,625,"Almira, Lincoln County",330150,Almira,2017-12-16 12:21:22.736207
2017-08-28,12:30,86.9,86.3,31.3,13.6,0.0,SE@8.0,12.1,71.5,0.0,520,"Almira, Lincoln County",330150,Almira,2017-12-16 12:21:22.736207
2017-08-28,12:45,85.8,85.3,31.0,14.0,0.0,SE@6.5,12.4,71.5,0.0,385,"Almira, Lincoln County",330150,Almira,2017-12-16 12:21:22.736207
2017-08-28,13:00,88.0,87.4,31.2,13.1,0.0,E@7.2,12.1,71.5,0.0,674,"Almira, Lincoln County",330150,Almira,2017-12-16 12:21:22.736207
2017-08-28,13:15,87.2,86.7,32.5,14.1,0.0,E@8.1,13.9,71.5,0.0,482,"Almira, Lincoln County",330150,Almira,2017-12-16 12:21:22.736207
2017-08-28,13:30,88.2,87.6,33.3,14.2,0.0,E@8.6,11.7,71.5,0.0,637,"Almira, Lincoln County",330150,Almira,2017-12-16 12:21:22.736207
2017-08-28,13:45,88.3,87.7,32.6,13.7,0.0,E@9.2,13.9,71.5,0.0,551,"Almira, Lincoln County",330150,Almira,2017-12-16 12:21:22.736207
2017-08-28,14:00,88.1,87.6,32.2,13.6,0.0,E@8.6,14.2,71.5,0.0,508,"Almira, Lincoln County",330150,Almira,2017-12-16 12:21:22.736207
2017-08-28,14:15,88.2,87.7,31.2,13.0,0.0,SE@8.9,12.8,71.5,0.0,457,"Almira, Lincoln County",330150,Almira,2017-12-16 12:21:22.736207
2017-08-28,14:30,89.1,88.6,31.0,12.5,0.0,SE@9.3,14.2,71.5,0.0,552,"Almira, Lincoln County",330150,Almira,2017-12-16 12:21:22.736207
2017-08-28,14:45,88.8,88.3,31.2,12.7,0.0,SE@9.8,14.2,71.5,0.0,547,"Almira, Lincoln County",330150,Almira,2017-12-16 12:21:22.736207
2017-08-28,15:00,88.8,88.3,31.7,13.0,0.0,SE@9.1,13.2,71.5,0.0,446,"Almira, Lincoln County",330150,Almira,2017-12-16 12:21:22.736207
2017-08-28,15:15,87.8,87.3,31.8,13.5,0.0,SE@8.9,12.4,71.5,0.0,345,"Almira, Lincoln County",330150,Almira,2017-12-16 12:21:22.736207
2017-08-28,15:30,87.3,86.9,31.8,13.7,0.0,SE@8.3,12.4,71.6,0.0,272,"Almira, Lincoln County",330150,Almira,2017-12-16 12:21:22.736207
2017-08-28,15:45,87.5,87.1,32.3,13.9,0.0,SE@7.8,10.3,71.6,0.0,321,"Almira, Lincoln County",330150,Almira,2017-12-16 12:21:22.736207
2017-08-28,16:00,87.3,86.8,32.9,14.3,0.0,SE@7.9,10.7,71.6,0.0,278,"Almira, Lincoln County",330150,Almira,2017-12-16 12:21:22.736207
2017-08-28,16:15,86.6,86.2,33.1,14.8,0.0,SE@8.0,11.0,71.6,0.0,219,"Almira, Lincoln County",330150,Almira,2017-12-16 12:21:22.736207
2017-08-28,16:30,86.7,86.4,33.4,14.9,0.0,SE@8.2,11.0,71.7,0.0,195,"Almira, Lincoln County",330150,Almira,2017-12-16 12:21:22.736207
2017-08-28,16:45,86.2,85.9,33.4,15.1,0.0,SE@7.9,10.7,71.7,0.0,179,"Almira, Lincoln County",330150,Almira,2017-12-16 12:21:22.736207
2017-08-28,17:00,85.7,85.3,33.5,15.5,0.0,SE@6.7,9.9,71.7,0.0,161,"Almira, Lincoln County",330150,Almira,2017-12-16 12:21:22.736207
2017-08-28,17:15,85.7,85.3,33.7,15.5,0.0,E@7.4,11.0,71.8,0.0,164,"Almira, Lincoln County",330150,Almira,2017-12-16 12:21:22.736207
2017-08-28,17:30,84.5,84.1,33.7,16.2,0.0,E@6.4,9.2,71.8,0.0,114,"Almira, Lincoln County",330150,Almira,2017-12-16 12:21:22.736207
2017-08-28,17:45,83.0,82.6,34.1,17.3,0.0,E@6.7,8.2,71.9,0.0,89,"Almira, Lincoln County",330150,Almira,2017-12-16 12:21:22.736207
2017-08-28,18:00,80.9,80.6,34.3,18.6,0.0,E@6.0,7.8,71.9,0.0,39,"Almira, Lincoln County",330150,Almira,2017-12-16 12:21:22.736207
2017-08-28,18:15,78.3,78.0,34.4,20.4,0.0,E@5.2,6.0,71.9,0.0,15,"Almira, Lincoln County",330150,Almira,2017-12-16 12:21:22.736207
2017-08-28,18:30,77.3,77.0,34.3,20.9,0.0,E@5.5,6.0,72.0,0.0,9,"Almira, Lincoln County",330150,Almira,2017-12-16 12:21:22.736207
2017-08-28,18:45,76.6,76.3,33.5,20.8,0.0,E@6.2,7.1,72.0,0.0,4,"Almira, Lincoln County",330150,Almira,2017-12-16 12:21:22.736207
2017-08-28,19:00,75.7,75.5,33.1,21.0,0.0,E@6.2,7.1,72.1,0.0,2,"Almira, Lincoln County",330150,Almira,2017-12-16 12:21:22.736207
2017-08-28,19:15,74.6,74.4,33.3,22.0,0.0,E@6.4,7.4,72.1,0.0,1,"Almira, Lincoln County",330150,Almira,2017-12-16 12:21:22.736207
2017-08-28,19:30,72.8,72.6,33.5,23.6,0.0,NE@6.1,7.1,72.2,0.0,0,"Almira, Lincoln County",330150,Almira,2017-12-16 12:21:22.736207
2017-08-28,19:45,73.6,73.4,33.7,23.1,0.0,E@6.2,7.4,72.2,0.0,0,"Almira, Lincoln County",330150,Almira,2017-12-16 12:21:22.736207
2017-08-28,20:00,74.5,74.3,33.7,22.5,0.0,E@6.7,7.8,72.2,0.0,0,"Almira, Lincoln County",330150,Almira,2017-12-16 12:21:22.736207
2017-08-28,20:15,75.0,74.8,33.6,22.0,0.0,E@6.7,8.2,72.3,0.0,0,"Almira, Lincoln County",330150,Almira,2017-12-16 12:21:22.736207
2017-08-28,20:30,74.3,74.1,33.5,22.4,0.0,NE@6.4,7.8,72.3,0.0,0,"Almira, Lincoln County",330150,Almira,2017-12-16 12:21:22.736207
2017-08-28,20:45,73.6,73.4,33.7,23.1,0.0,NE@6.5,7.4,72.3,0.0,0,"Almira, Lincoln County",330150,Almira,2017-12-16 12:21:22.736207
2017-08-28,21:00,73.6,73.5,33.6,23.0,0.0,NE@6.9,7.4,72.4,0.0,0,"Almira, Lincoln County",330150,Almira,2017-12-16 12:21:22.736207
2017-08-28,21:15,74.0,73.9,33.7,22.8,0.0,NE@6.6,7.4,72.4,0.0,0,"Almira, Lincoln County",330150,Almira,2017-12-16 12:21:22.736207
2017-08-28,21:30,73.7,73.6,34.2,23.5,0.0,NE@6.7,7.4,72.4,0.0,0,"Almira, Lincoln County",330150,Almira,2017-12-16 12:21:22.736207
2017-08-28,21:45,74.0,73.8,34.8,23.9,0.0,NE@7.0,7.8,72.5,0.0,0,"Almira, Lincoln County",330150,Almira,2017-12-16 12:21:22.736207
2017-08-28,22:00,73.6,73.4,35.9,25.3,0.0,NE@7.1,7.8,72.5,0.0,0,"Almira, Lincoln County",330150,Almira,2017-12-16 12:21:22.736207
2017-08-28,22:15,73.6,73.4,36.4,25.8,0.0,NE@6.6,7.4,72.5,0.0,0,"Almira, Lincoln County",330150,Almira,2017-12-16 12:21:22.736207
2017-08-28,22:30,73.4,73.2,36.6,26.1,0.0,NE@6.3,7.1,72.5,0.0,0,"Almira, Lincoln County",330150,Almira,2017-12-16 12:21:22.736207
2017-08-28,22:45,73.5,73.4,36.2,25.7,0.0,NE@6.1,6.7,72.6,0.0,0,"Almira, Lincoln County",330150,Almira,2017-12-16 12:21:22.736207
2017-08-28,23:00,73.0,73.1,36.2,26.0,0.0,NE@6.7,7.4,72.6,0.0,0,"Almira, Lincoln County",330150,Almira,2017-12-16 12:21:22.736207
2017-08-29,23:15,72.4,72.3,35.8,26.2,0.0,NE@6.5,7.4,72.6,0.0,0,"Almira, Lincoln County",330150,Almira,2017-12-16 12:21:22.736207
2017-08-29,23:30,73.3,73.2,35.5,25.1,0.0,NE@6.4,7.1,72.6,0.0,0,"Almira, Lincoln County",330150,Almira,2017-12-16 12:21:22.736207
2017-08-29,23:45,72.8,72.6,35.5,25.5,0.0,NE@6.6,7.4,72.6,0.0,0,"Almira, Lincoln County",330150,Almira,2017-12-16 12:21:22.736207
2017-08-29,24:00,72.1,71.9,35.8,26.4,0.0,NE@6.1,7.4,72.6,0.0,0,"Almira, Lincoln County",330150,Almira,2017-12-16 12:21:22.736207
2017-08-29,00:15,71.5,71.3,35.9,27.2,0.0,NE@6.1,7.4,72.6,0.0,0,"Almira, Lincoln County",330150,Almira,2017-12-16 12:21:22.736207
2017-08-29,00:30,71.4,71.2,36.3,27.6,0.0,NE@5.4,6.4,72.6,0.0,0,"Almira, Lincoln County",330150,Almira,2017-12-16 12:21:22.736207
2017-08-29,00:45,70.5,70.4,36.6,28.8,0.0,NE@6.3,7.1,72.6,0.0,0,"Almira, Lincoln County",330150,Almira,2017-12-16 12:21:22.736207
2017-08-29,01:00,70.5,70.4,36.4,28.6,0.0,NE@6.5,7.4,72.6,0.0,0,"Almira, Lincoln County",330150,Almira,2017-12-16 12:21:22.736207
2017-08-29,01:15,70.8,70.7,36.2,28.1,0.0,NE@6.3,7.4,72.6,0.0,0,"Almira, Lincoln County",330150,Almira,2017-12-16 12:21:22.736207
2017-08-29,01:30,68.7,68.5,36.4,30.5,0.0,NE@6.9,8.2,72.6,0.0,0,"Almira, Lincoln County",330150,Almira,2017-12-16 12:21:22.736207
2017-08-29,01:45,68.8,68.6,36.2,30.1,0.0,NE@5.6,6.4,72.6,0.0,0,"Almira, Lincoln County",330150,Almira,2017-12-16 12:21:22.736207
2017-08-29,02:00,68.7,68.5,36.3,30.2,0.0,NE@5.8,7.4,72.6,0.0,0,"Almira, Lincoln County",330150,Almira,2017-12-16 12:21:22.736207
2017-08-29,02:15,69.5,69.4,36.1,29.2,0.0,NE@6.1,7.4,72.6,0.0,0,"Almira, Lincoln County",330150,Almira,2017-12-16 12:21:22.736207
2017-08-29,02:30,70.2,70.1,35.8,28.3,0.0,NE@6.9,7.8,72.6,0.0,0,"Almira, Lincoln County",330150,Almira,2017-12-16 12:21:22.736207
2017-08-29,02:45,69.8,69.6,36.0,28.8,0.0,NE@6.8,7.8,72.6,0.0,0,"Almira, Lincoln County",330150,Almira,2017-12-16 12:21:22.736207
2017-08-29,03:00,69.3,69.1,36.1,29.5,0.0,NE@6.2,7.1,72.5,0.0,0,"Almira, Lincoln County",330150,Almira,2017-12-16 12:21:22.736207
2017-08-29,03:15,70.1,70.0,35.8,28.3,0.0,NE@6.6,7.4,72.5,0.0,0,"Almira, Lincoln County",330150,Almira,2017-12-16 12:21:22.736207
2017-08-29,03:30,69.3,69.2,35.8,29.0,0.0,NE@5.9,7.4,72.5,0.0,0,"Almira, Lincoln County",330150,Almira,2017-12-16 12:21:22.736207
2017-08-29,03:45,67.3,67.1,36.1,31.5,0.0,NE@6.3,7.4,72.5,0.0,0,"Almira, Lincoln County",330150,Almira,2017-12-16 12:21:22.736207
2017-08-29,04:00,68.1,67.9,35.8,30.3,0.0,NE@7.7,9.6,72.5,0.0,0,"Almira, Lincoln County",330150,Almira,2017-12-16 12:21:22.736207
2017-08-29,04:15,67.7,67.6,35.9,30.8,0.0,NE@8.1,9.6,72.4,0.0,0,"Almira, Lincoln County",330150,Almira,2017-12-16 12:21:22.736207
2017-08-29,04:30,66.0,65.8,36.1,33.0,0.0,NE@6.6,8.5,72.4,0.0,0,"Almira, Lincoln County",330150,Almira,2017-12-16 12:21:22.736207
2017-08-29,04:45,64.8,64.4,36.1,34.4,0.0,NE@4.0,6.4,72.4,0.0,0,"Almira, Lincoln County",330150,Almira,2017-12-16 12:21:22.736207
2017-08-29,05:00,64.3,64.1,36.0,34.9,0.0,E@2.5,3.9,72.4,0.0,1,"Almira, Lincoln County",330150,Almira,2017-12-16 12:21:22.736207
2017-08-29,05:15,64.9,64.7,36.0,34.2,0.0,NE@4.3,4.9,72.4,0.0,2,"Almira, Lincoln County",330150,Almira,2017-12-16 12:21:22.736207
2017-08-29,05:30,65.3,65.1,36.1,33.8,0.0,NE@4.6,5.3,72.3,0.0,10,"Almira, Lincoln County",330150,Almira,2017-12-16 12:21:22.736207
2017-08-29,05:45,66.8,66.6,35.8,31.7,0.0,NE@4.4,5.3,72.3,0.0,24,"Almira, Lincoln County",330150,Almira,2017-12-16 12:21:22.736207
2017-08-29,06:00,67.5,67.3,35.8,30.9,0.0,NE@5.4,7.4,72.3,0.0,40,"Almira, Lincoln County",330150,Almira,2017-12-16 12:21:22.736207
2017-08-29,06:15,69.1,68.9,36.1,29.6,0.0,NE@7.0,9.2,72.2,0.0,58,"Almira, Lincoln County",330150,Almira,2017-12-16 12:21:22.736207
2017-08-29,06:30,70.2,69.9,36.0,28.5,0.0,E@8.8,11.4,72.2,0.0,86,"Almira, Lincoln County",330150,Almira,2017-12-16 12:21:22.736207
2017-08-29,06:45,70.4,70.1,35.9,28.1,0.0,NE@8.8,11.0,72.2,0.0,124,"Almira, Lincoln County",330150,Almira,2017-12-16 12:21:22.736207
2017-08-29,07:00,71.5,71.2,35.6,26.8,0.0,NE@8.6,11.0,72.2,0.0,146,"Almira, Lincoln County",330150,Almira,2017-12-16 12:21:22.736207
2017-08-29,07:15,73.3,73.0,35.9,25.5,0.0,NE@8.2,10.7,72.1,0.0,166,"Almira, Lincoln County",330150,Almira,2017-12-16 12:21:22.736207
2017-08-29,07:30,75.6,75.2,35.9,23.7,0.0,NE@7.6,9.6,72.1,0.0,225,"Almira, Lincoln County",330150,Almira,2017-12-16 12:21:22.736207
2017-08-29,07:45,76.9,76.6,35.6,22.4,0.0,NE@8.0,10.3,72.1,0.0,243,"Almira, Lincoln County",330150,Almira,2017-12-16 12:21:22.736207
2017-08-29,08:00,78.7,78.3,35.5,21.0,0.0,E@7.2,9.6,72.1,0.0,263,"Almira, Lincoln County",330150,Almira,2017-12-16 12:21:22.736207
2017-08-29,08:15,80.2,79.8,35.5,20.0,0.0,E@7.0,9.2,72.0,0.0,313,"Almira, Lincoln County",330150,Almira,2017-12-16 12:21:22.736207
2017-08-29,08:30,80.9,80.5,35.3,19.3,0.0,E@8.0,10.7,72.0,0.0,348,"Almira, Lincoln County",330150,Almira,2017-12-16 12:21:22.736207
2017-08-29,08:45,82.3,81.9,35.2,18.4,0.0,E@7.9,10.7,72.0,0.0,433,"Almira, Lincoln County",330150,Almira,2017-12-16 12:21:22.736207
2017-08-29,09:00,83.5,83.0,34.6,17.3,0.0,E@8.3,12.1,71.9,0.0,470,"Almira, Lincoln County",330150,Almira,2017-12-16 12:21:22.736207
2017-08-29,09:15,83.9,83.5,34.5,17.0,0.0,E@9.7,12.4,71.9,0.0,507,"Almira, Lincoln County",330150,Almira,2017-12-16 12:21:22.736207
2017-08-29,09:30,85.1,84.5,34.8,16.6,0.0,E@8.4,11.7,71.9,0.0,541,"Almira, Lincoln County",330150,Almira,2017-12-16 12:21:22.736207
2017-08-29,09:45,85.4,84.9,35.2,16.7,0.0,SE@8.6,12.8,71.8,0.0,573,"Almira, Lincoln County",330150,Almira,2017-12-16 12:21:22.736207
2017-08-29,10:00,86.0,85.5,35.7,16.7,0.0,SE@8.0,12.1,71.8,0.0,599,"Almira, Lincoln County",330150,Almira,2017-12-16 12:21:22.736207
2017-08-29,10:15,86.9,86.4,36.1,16.5,0.0,E@7.8,12.8,71.8,0.0,613,"Almira, Lincoln County",330150,Almira,2017-12-16 12:21:22.736207
2017-08-29,10:30,86.8,86.3,36.7,16.9,0.0,E@8.0,11.7,71.7,0.0,630,"Almira, Lincoln County",330150,Almira,2017-12-16 12:21:22.736207
2017-08-29,10:45,86.7,86.2,36.9,17.1,0.0,E@8.5,12.4,71.7,0.0,645,"Almira, Lincoln County",330150,Almira,2017-12-16 12:21:22.736207
2017-08-29,11:00,87.7,87.1,36.7,16.4,0.0,E@7.5,11.7,71.7,0.0,660,"Almira, Lincoln County",330150,Almira,2017-12-16 12:21:22.736207
2017-08-29,11:15,88.2,87.6,36.8,16.2,0.0,E@7.5,11.0,71.6,0.0,676,"Almira, Lincoln County",330150,Almira,2017-12-16 12:21:22.736207
2017-08-29,11:30,88.8,88.2,37.2,16.2,0.0,E@7.3,11.4,71.6,0.0,685,"Almira, Lincoln County",330150,Almira,2017-12-16 12:21:22.736207
2017-08-29,11:45,90.3,89.7,37.2,15.5,0.0,E@7.8,12.4,71.6,0.0,689,"Almira, Lincoln County",330150,Almira,2017-12-16 12:21:22.736207
2017-08-29,12:00,90.8,90.2,36.7,15.0,0.0,E@7.6,12.4,71.6,0.0,697,"Almira, Lincoln County",330150,Almira,2017-12-16 12:21:22.736207
2017-08-29,12:15,90.7,90.1,36.9,15.1,0.0,E@7.0,11.4,71.6,0.0,691,"Almira, Lincoln County",330150,Almira,2017-12-16 12:21:22.736207
2017-08-29,12:30,91.3,90.7,36.3,14.5,0.0,E@6.2,11.7,71.5,0.0,686,"Almira, Lincoln County",330150,Almira,2017-12-16 12:21:22.736207
2017-08-29,12:45,91.8,91.3,36.6,14.4,0.0,E@6.5,10.7,71.5,0.0,674,"Almira, Lincoln County",330150,Almira,2017-12-16 12:21:22.736207
2017-08-29,13:00,92.7,92.2,35.5,13.4,0.0,E@6.2,12.1,71.5,0.0,666,"Almira, Lincoln County",330150,Almira,2017-12-16 12:21:22.736207
2017-08-29,13:15,93.0,92.5,34.7,12.9,0.0,E@6.6,10.7,71.5,0.0,660,"Almira, Lincoln County",330150,Almira,2017-12-16 12:21:22.736207
2017-08-29,13:30,93.7,93.2,33.9,12.2,0.0,NE@7.0,12.1,71.5,0.0,646,"Almira, Lincoln County",330150,Almira,2017-12-16 12:21:22.736207
2017-08-29,13:45,93.7,93.3,33.3,11.9,0.0,NE@7.3,13.9,71.5,0.0,627,"Almira, Lincoln County",330150,Almira,2017-12-16 12:21:22.736207
2017-08-29,14:00,94.4,93.9,32.8,11.4,0.0,E@7.4,15.0,71.5,0.0,609,"Almira, Lincoln County",330150,Almira,2017-12-16 12:21:22.736207
2017-08-29,14:15,94.2,93.7,32.6,11.4,0.0,E@6.2,10.3,71.6,0.0,588,"Almira, Lincoln County",330150,Almira,2017-12-16 12:21:22.736207
2017-08-29,14:30,94.4,94.0,32.4,11.2,0.0,E@6.9,10.7,71.6,0.0,562,"Almira, Lincoln County",330150,Almira,2017-12-16 12:21:22.736207
2017-08-29,14:45,94.5,94.0,31.6,10.9,0.0,NE@7.9,13.2,71.6,0.0,535,"Almira, Lincoln County",330150,Almira,2017-12-16 12:21:22.736207
2017-08-29,15:00,94.3,93.8,31.2,10.8,0.0,E@6.6,11.0,71.6,0.0,511,"Almira, Lincoln County",330150,Almira,2017-12-16 12:21:22.736207
2017-08-29,15:15,94.8,94.3,29.8,10.0,0.0,E@6.3,10.3,71.7,0.0,479,"Almira, Lincoln County",330150,Almira,2017-12-16 12:21:22.736207
2017-08-29,15:30,94.6,94.0,26.9,9.0,0.0,SE@6.8,9.9,71.7,0.0,443,"Almira, Lincoln County",330150,Almira,2017-12-16 12:21:22.736207
2017-08-29,15:45,94.7,94.1,27.1,9.0,0.0,SE@3.7,6.7,71.7,0.0,408,"Almira, Lincoln County",330150,Almira,2017-12-16 12:21:22.736207
2017-08-29,16:00,94.5,94.0,28.4,9.5,0.0,SE@5.7,9.6,71.8,0.0,367,"Almira, Lincoln County",330150,Almira,2017-12-16 12:21:22.736207
2017-08-29,16:15,94.3,93.8,27.9,9.4,0.0,SE@5.2,7.8,71.8,0.0,329,"Almira, Lincoln County",330150,Almira,2017-12-16 12:21:22.736207
2017-08-29,16:30,94.1,93.5,28.6,9.7,0.0,SE@4.3,7.4,71.9,0.0,285,"Almira, Lincoln County",330150,Almira,2017-12-16 12:21:22.736207
2017-08-29,16:45,94.0,93.5,27.9,9.5,0.0,E@4.2,7.4,71.9,0.0,241,"Almira, Lincoln County",330150,Almira,2017-12-16 12:21:22.736207
2017-08-29,17:00,93.3,92.9,28.3,9.8,0.0,E@4.5,7.8,72.0,0.0,204,"Almira, Lincoln County",330150,Almira,2017-12-16 12:21:22.736207
2017-08-29,17:15,92.8,92.4,27.5,9.7,0.0,NE@5.7,7.8,72.0,0.0,168,"Almira, Lincoln County",330150,Almira,2017-12-16 12:21:22.736207
2017-08-29,17:30,91.9,91.6,27.8,10.1,0.0,NE@5.6,7.4,72.1,0.0,131,"Almira, Lincoln County",330150,Almira,2017-12-16 12:21:22.736207
2017-08-29,17:45,90.2,89.9,27.4,10.4,0.0,NE@5.1,6.4,72.1,0.0,96,"Almira, Lincoln County",330150,Almira,2017-12-16 12:21:22.736207
2017-08-29,18:00,87.8,87.6,27.2,11.2,0.0,NE@4.8,5.7,72.2,0.0,64,"Almira, Lincoln County",330150,Almira,2017-12-16 12:21:22.736207
2017-08-29,18:15,85.8,85.6,27.2,11.9,0.0,NE@5.1,5.7,72.2,0.0,35,"Almira, Lincoln County",330150,Almira,2017-12-16 12:21:22.736207
2017-08-29,18:30,84.0,83.9,27.1,12.6,0.0,NE@5.5,6.4,72.3,0.0,14,"Almira, Lincoln County",330150,Almira,2017-12-16 12:21:22.736207
2017-08-29,18:45,83.7,83.7,26.8,12.5,0.0,NE@5.8,6.4,72.4,0.0,4,"Almira, Lincoln County",330150,Almira,2017-12-16 12:21:22.736207
2017-08-29,19:00,83.1,83.1,26.5,12.6,0.0,NE@6.0,6.4,72.4,0.0,2,"Almira, Lincoln County",330150,Almira,2017-12-16 12:21:22.736207
2017-08-29,19:15,84.9,84.9,25.8,11.6,0.0,NE@5.6,6.0,72.5,0.0,0,"Almira, Lincoln County",330150,Almira,2017-12-16 12:21:22.736207
2017-08-29,19:30,85.0,84.8,25.4,11.4,0.0,NE@4.8,6.0,72.5,0.0,0,"Almira, Lincoln County",330150,Almira,2017-12-16 12:21:22.736207
2017-08-29,19:45,75.6,75.8,27.4,16.7,0.0,NW@3.6,6.0,72.6,0.0,0,"Almira, Lincoln County",330150,Almira,2017-12-16 12:21:22.736207
2017-08-29,20:00,76.3,76.1,27.0,16.1,0.0,SW@1.9,3.5,72.7,0.0,0,"Almira, Lincoln County",330150,Almira,2017-12-16 12:21:22.736207
2017-08-29,20:15,76.8,76.5,27.3,16.0,0.0,S@0.8,2.4,72.7,0.0,0,"Almira, Lincoln County",330150,Almira,2017-12-16 12:21:22.736207
2017-08-29,20:30,76.6,76.3,27.4,16.2,0.0,SE@2.2,3.1,72.8,0.0,0,"Almira, Lincoln County",330150,Almira,2017-12-16 12:21:22.736207
2017-08-29,20:45,77.6,77.3,27.4,15.7,0.0,SW@1.8,2.8,72.8,0.0,0,"Almira, Lincoln County",330150,Almira,2017-12-16 12:21:22.736207
2017-08-29,21:00,76.9,76.6,27.5,16.1,0.0,S@2.2,4.2,72.9,0.0,0,"Almira, Lincoln County",330150,Almira,2017-12-16 12:21:22.736207
2017-08-29,21:15,75.2,75.0,27.8,17.2,0.0,SE@1.1,2.1,72.9,0.0,0,"Almira, Lincoln County",330150,Almira,2017-12-16 12:21:22.736207
2017-08-29,21:30,76.7,76.5,28.8,17.1,0.0,W@1.1,2.4,73.0,0.0,0,"Almira, Lincoln County",330150,Almira,2017-12-16 12:21:22.736207
2017-08-29,21:45,76.6,76.2,29.0,17.3,0.0,N@0.3,1.7,73.0,0.0,0,"Almira, Lincoln County",330150,Almira,2017-12-16 12:21:22.736207
2017-08-29,22:00,77.5,77.0,29.6,17.2,0.0,E@0.3,2.1,73.0,0.0,0,"Almira, Lincoln County",330150,Almira,2017-12-16 12:21:22.736207
2017-08-29,22:15,77.2,76.8,29.6,17.4,0.0,SE@1.3,2.4,73.1,0.0,0,"Almira, Lincoln County",330150,Almira,2017-12-16 12:21:22.736207
2017-08-29,22:30,75.5,75.1,29.8,18.5,0.0,SE@2.0,2.8,73.1,0.0,0,"Almira, Lincoln County",330150,Almira,2017-12-16 12:21:22.736207
2017-08-29,22:45,75.3,75.0,30.4,19.1,0.0,NE@3.2,4.2,73.2,0.0,0,"Almira, Lincoln County",330150,Almira,2017-12-16 12:21:22.736207
2017-08-29,23:00,76.4,76.2,30.9,18.8,0.0,NE@3.0,3.9,73.2,0.0,0,"Almira, Lincoln County",330150,Almira,2017-12-16 12:21:22.736207
2017-08-30,23:15,76.6,76.3,31.7,19.3,0.0,NE@2.5,3.1,73.2,0.0,0,"Almira, Lincoln County",330150,Almira,2017-12-16 12:21:22.736207
2017-08-30,23:30,76.8,76.5,31.6,19.1,0.0,NE@3.2,3.9,73.2,0.0,0,"Almira, Lincoln County",330150,Almira,2017-12-16 12:21:22.736207
2017-08-30,23:45,76.2,75.9,32.1,19.9,0.0,E@3.1,3.9,73.3,0.0,0,"Almira, Lincoln County",330150,Almira,2017-12-16 12:21:22.736207
2017-08-30,24:00,75.6,75.3,32.8,20.8,0.0,E@3.4,4.2,73.3,0.0,0,"Almira, Lincoln County",330150,Almira,2017-12-16 12:21:22.736207
2017-08-30,00:15,76.9,76.5,33.2,20.3,0.0,E@3.2,3.9,73.3,0.0,0,"Almira, Lincoln County",330150,Almira,2017-12-16 12:21:22.736207
2017-08-30,00:30,70.9,70.5,34.0,25.7,0.0,SE@4.4,6.7,73.3,0.0,0,"Almira, Lincoln County",330150,Almira,2017-12-16 12:21:22.736207
2017-08-30,00:45,69.5,69.3,35.1,28.2,0.0,SE@4.5,5.3,73.3,0.0,0,"Almira, Lincoln County",330150,Almira,2017-12-16 12:21:22.736207
2017-08-30,01:00,70.6,70.3,33.4,25.4,0.0,SE@5.4,6.4,73.3,0.0,0,"Almira, Lincoln County",330150,Almira,2017-12-16 12:21:22.736207
2017-08-30,01:15,70.5,70.3,32.9,24.9,0.0,SE@4.6,5.7,73.3,0.0,0,"Almira, Lincoln County",330150,Almira,2017-12-16 12:21:22.736207
2017-08-30,01:30,72.1,71.9,33.5,24.1,0.0,SE@3.9,4.6,73.3,0.0,0,"Almira, Lincoln County",330150,Almira,2017-12-16 12:21:22.736207
2017-08-30,01:45,73.0,72.8,34.2,24.1,0.0,SE@3.4,3.9,73.3,0.0,0,"Almira, Lincoln County",330150,Almira,2017-12-16 12:21:22.736207
2017-08-30,02:00,73.0,72.8,35.0,24.8,0.0,E@3.5,4.2,73.3,0.0,0,"Almira, Lincoln County",330150,Almira,2017-12-16 12:21:22.736207
2017-08-30,02:15,73.3,73.1,35.2,24.8,0.0,E@3.2,3.9,73.3,0.0,0,"Almira, Lincoln County",330150,Almira,2017-12-16 12:21:22.736207
2017-08-30,02:30,74.5,74.1,35.1,23.7,0.0,E@2.7,3.5,73.3,0.0,0,"Almira, Lincoln County",330150,Almira,2017-12-16 12:21:22.736207
2017-08-30,02:45,74.9,74.6,34.9,23.2,0.0,E@1.4,3.9,73.3,0.0,0,"Almira, Lincoln County",330150,Almira,2017-12-16 12:21:22.736207
2017-08-30,03:00,73.7,73.3,35.0,24.4,0.0,E@3.9,4.9,73.3,0.0,0,"Almira, Lincoln County",330150,Almira,2017-12-16 12:21:22.736207
2017-08-30,03:15,68.7,68.4,35.2,29.0,0.0,E@5.0,6.4,73.3,0.0,0,"Almira, Lincoln County",330150,Almira,2017-12-16 12:21:22.736207
2017-08-30,03:30,68.0,67.8,35.2,29.7,0.0,E@4.9,6.7,73.2,0.0,0,"Almira, Lincoln County",330150,Almira,2017-12-16 12:21:22.736207
2017-08-30,03:45,66.8,66.6,35.4,31.2,0.0,SE@5.3,6.4,73.2,0.0,0,"Almira, Lincoln County",330150,Almira,2017-12-16 12:21:22.736207
2017-08-30,04:00,66.4,66.2,35.3,31.5,0.0,E@4.6,6.0,73.2,0.0,0,"Almira, Lincoln County",330150,Almira,2017-12-16 12:21:22.736207
2017-08-30,04:15,66.0,65.8,35.2,31.8,0.0,SE@5.0,7.4,73.2,0.0,0,"Almira, Lincoln County",330150,Almira,2017-12-16 12:21:22.736207
2017-08-30,04:30,65.9,65.7,35.0,31.8,0.0,SE@3.1,7.1,73.2,0.0,0,"Almira, Lincoln County",330150,Almira,2017-12-16 12:21:22.736207
2017-08-30,04:45,66.5,66.3,35.2,31.3,0.0,SE@5.7,7.1,73.1,0.0,0,"Almira, Lincoln County",330150,Almira,2017-12-16 12:21:22.736207
2017-08-30,05:00,66.2,66.0,35.4,31.9,0.0,E@5.1,7.1,73.1,0.0,1,"Almira, Lincoln County",330150,Almira,2017-12-16 12:21:22.736207
2017-08-30,05:15,66.4,66.2,37.4,34.3,0.0,E@5.6,8.9,73.1,0.0,2,"Almira, Lincoln County",330150,Almira,2017-12-16 12:21:22.736207
2017-08-30,05:30,68.5,68.3,39.0,34.0,0.0,E@7.0,10.7,73.1,0.0,15,"Almira, Lincoln County",330150,Almira,2017-12-16 12:21:22.736207
2017-08-30,05:45,69.2,69.0,38.4,32.3,0.0,E@7.5,11.4,73.0,0.0,23,"Almira, Lincoln County",330150,Almira,2017-12-16 12:21:22.736207
2017-08-30,06:00,69.0,68.8,39.7,34.3,0.01,E@7.1,9.6,73.0,0.0,35,"Almira, Lincoln County",330150,Almira,2017-12-16 12:21:22.736207
2017-08-30,06:15,69.3,69.0,41.0,35.7,0.0,E@6.4,10.3,73.0,0.0,62,"Almira, Lincoln County",330150,Almira,2017-12-16 12:21:22.736207
2017-08-30,06:30,70.1,69.8,41.2,35.0,0.0,E@7.6,11.0,72.9,0.0,96,"Almira, Lincoln County",330150,Almira,2017-12-16 12:21:22.736207
2017-08-30,06:45,70.9,70.7,41.3,34.1,0.0,E@8.9,14.2,72.9,0.0,136,"Almira, Lincoln County",330150,Almira,2017-12-16 12:21:22.736207
2017-08-30,07:00,71.5,71.2,41.5,33.7,0.0,SE@7.3,9.2,72.9,0.0,127,"Almira, Lincoln County",330150,Almira,2017-12-16 12:21:22.736207
2017-08-30,07:15,72.1,71.8,41.6,33.2,0.0,E@7.5,10.7,72.9,0.0,161,"Almira, Lincoln County",330150,Almira,2017-12-16 12:21:22.736207
2017-08-30,07:30,72.3,71.9,41.5,32.9,0.0,SE@8.1,11.7,72.8,0.0,163,"Almira, Lincoln County",330150,Almira,2017-12-16 12:21:22.736207
2017-08-30,07:45,73.8,73.5,41.5,31.2,0.0,SE@9.3,14.2,72.8,0.0,264,"Almira, Lincoln County",330150,Almira,2017-12-16 12:21:22.736207
2017-08-30,08:00,74.2,73.9,41.6,30.9,0.0,SE@9.3,12.8,72.8,0.0,294,"Almira, Lincoln County",330150,Almira,2017-12-16 12:21:22.736207
2017-08-30,08:15,73.3,73.0,41.6,31.8,0.0,SE@8.1,11.0,72.7,0.0,213,"Almira, Lincoln County",330150,Almira,2017-12-16 12:21:22.736207
2017-08-30,08:30,74.5,74.1,41.7,30.8,0.0,SE@8.9,12.4,72.7,0.0,376,"Almira, Lincoln County",330150,Almira,2017-12-16 12:21:22.736207
2017-08-30,08:45,75.3,74.8,41.9,30.2,0.0,SE@8.9,12.1,72.7,0.0,407,"Almira, Lincoln County",330150,Almira,2017-12-16 12:21:22.736207
2017-08-30,09:00,76.5,76.1,42.0,29.0,0.0,SE@8.5,11.7,72.6,0.0,440,"Almira, Lincoln County",330150,Almira,2017-12-16 12:21:22.736207
2017-08-30,09:15,77.2,76.8,42.2,28.7,0.0,SE@8.5,11.4,72.6,0.0,454,"Almira, Lincoln County",330150,Almira,2017-12-16 12:21:22.736207
2017-08-30,09:30,78.4,78.0,42.6,27.9,0.0,SE@8.4,11.4,72.6,0.0,508,"Almira, Lincoln County",330150,Almira,2017-12-16 12:21:22.736207
2017-08-30,09:45,79.5,79.0,42.4,26.8,0.0,SE@7.7,10.7,72.5,0.0,528,"Almira, Lincoln County",330150,Almira,2017-12-16 12:21:22.736207
2017-08-30,10:00,79.4,79.0,42.3,26.7,0.0,SE@8.8,12.1,72.5,0.0,562,"Almira, Lincoln County",330150,Almira,2017-12-16 12:21:22.736207
2017-08-30,10:15,80.8,80.4,41.8,25.0,0.0,SE@7.7,11.4,72.5,0.0,574,"Almira, Lincoln County",330150,Almira,2017-12-16 12:21:22.736207
2017-08-30,10:30,81.1,80.6,41.6,24.6,0.0,S@7.1,11.7,72.4,0.0,608,"Almira, Lincoln County",330150,Almira,2017-12-16 12:21:22.736207
2017-08-30,10:45,82.7,82.1,41.7,23.5,0.0,S@7.1,12.4,72.4,0.0,675,"Almira, Lincoln County",330150,Almira,2017-12-16 12:21:22.736207
2017-08-30,11:00,83.3,82.8,40.3,21.7,0.0,S@6.9,11.7,72.4,0.0,667,"Almira, Lincoln County",330150,Almira,2017-12-16 12:21:22.736207
2017-08-30,11:15,83.8,83.4,40.1,21.2,0.0,S@8.4,12.8,72.4,0.0,656,"Almira, Lincoln County",330150,Almira,2017-12-16 12:21:22.736207
2017-08-30,11:30,83.5,83.1,39.2,20.8,0.0,S@8.1,12.4,72.3,0.0,654,"Almira, Lincoln County",330150,Almira,2017-12-16 12:21:22.736207
2017-08-30,11:45,83.9,83.5,39.1,20.4,0.0,S@5.8,9.9,72.3,0.0,642,"Almira, Lincoln County",330150,Almira,2017-12-16 12:21:22.736207
2017-08-30,12:00,85.0,84.5,38.8,19.5,0.0,S@6.7,10.7,72.3,0.0,635,"Almira, Lincoln County",330150,Almira,2017-12-16 12:21:22.736207
2017-08-30,12:15,85.6,85.2,37.6,18.2,0.0,S@7.4,11.7,72.3,0.0,645,"Almira, Lincoln County",330150,Almira,2017-12-16 12:21:22.736207
2017-08-30,12:30,86.8,86.2,34.1,15.3,0.0,SW@7.6,11.7,72.3,0.0,648,"Almira, Lincoln County",330150,Almira,2017-12-16 12:21:22.736207
2017-08-30,12:45,86.6,86.2,33.2,14.8,0.0,SW@6.9,11.7,72.2,0.0,631,"Almira, Lincoln County",330150,Almira,2017-12-16 12:21:22.736207
2017-08-30,13:00,87.2,86.6,33.8,14.9,0.0,SW@6.2,12.8,72.2,0.0,629,"Almira, Lincoln County",330150,Almira,2017-12-16 12:21:22.736207
2017-08-30,13:15,87.3,86.7,32.5,14.1,0.0,SW@6.8,10.7,72.2,0.0,617,"Almira, Lincoln County",330150,Almira,2017-12-16 12:21:22.736207
2017-08-30,13:30,87.5,86.8,29.0,12.2,0.0,W@7.9,13.9,72.2,0.0,610,"Almira, Lincoln County",330150,Almira,2017-12-16 12:21:22.736207
2017-08-30,13:45,87.6,87.0,29.7,12.5,0.0,SW@7.7,13.5,72.2,0.0,582,"Almira, Lincoln County",330150,Almira,2017-12-16 12:21:22.736207
2017-08-30,14:00,87.8,87.2,30.6,12.8,0.0,SW@8.1,14.2,72.2,0.0,542,"Almira, Lincoln County",330150,Almira,2017-12-16 12:21:22.736207
2017-08-30,14:15,87.8,87.3,30.7,12.9,0.0,SW@5.6,9.9,72.2,0.0,509,"Almira, Lincoln County",330150,Almira,2017-12-16 12:21:22.736207
2017-08-30,14:30,88.2,87.7,28.8,11.8,0.0,SW@8.5,16.0,72.2,0.0,515,"Almira, Lincoln County",330150,Almira,2017-12-16 12:21:22.736207
2017-08-30,14:45,87.6,87.1,27.2,11.3,0.0,SW@7.9,13.2,72.2,0.0,464,"Almira, Lincoln County",330150,Almira,2017-12-16 12:21:22.736207
2017-08-30,15:00,88.0,87.5,28.1,11.5,0.0,SW@7.8,11.7,72.3,0.0,430,"Almira, Lincoln County",330150,Almira,2017-12-16 12:21:22.736207
2017-08-30,15:15,87.4,86.9,29.4,12.4,0.0,SW@8.1,14.6,72.3,0.0,376,"Almira, Lincoln County",330150,Almira,2017-12-16 12:21:22.736207
2017-08-30,15:30,86.6,86.2,29.6,12.8,0.0,SW@8.3,17.8,72.3,0.0,290,"Almira, Lincoln County",330150,Almira,2017-12-16 12:21:22.736207
2017-08-30,15:45,86.3,85.9,30.4,13.4,0.0,SW@9.0,13.2,72.3,0.0,305,"Almira, Lincoln County",330150,Almira,2017-12-16 12:21:22.736207
2017-08-30,16:00,86.1,85.7,32.4,14.6,0.0,SW@8.9,12.8,72.4,0.0,304,"Almira, Lincoln County",330150,Almira,2017-12-16 12:21:22.736207
2017-08-30,16:15,85.7,85.3,34.8,16.2,0.0,SW@8.9,13.2,72.4,0.0,291,"Almira, Lincoln County",330150,Almira,2017-12-16 12:21:22.736207
2017-08-30,16:30,84.9,84.5,34.2,16.3,0.0,SW@7.9,10.7,72.4,0.0,204,"Almira, Lincoln County",330150,Almira,2017-12-16 12:21:22.736207
2017-08-30,16:45,83.6,83.3,35.6,17.9,0.0,SW@8.4,12.1,72.5,0.0,160,"Almira, Lincoln County",330150,Almira,2017-12-16 12:21:22.736207
2017-08-30,17:00,82.0,81.8,35.2,18.6,0.0,SW@7.7,11.0,72.5,0.0,99,"Almira, Lincoln County",330150,Almira,2017-12-16 12:21:22.736207
2017-08-30,17:15,80.2,80.0,34.0,18.8,0.0,SW@7.0,9.9,72.6,0.0,77,"Almira, Lincoln County",330150,Almira,2017-12-16 12:21:22.736207
2017-08-30,17:30,78.8,78.5,32.9,18.9,0.0,S@6.6,9.2,72.6,0.0,75,"Almira, Lincoln County",330150,Almira,2017-12-16 12:21:22.736207
2017-08-30,17:45,78.3,78.0,33.4,19.6,0.0,S@6.2,9.2,72.6,0.0,70,"Almira, Lincoln County",330150,Almira,2017-12-16 12:21:22.736207
2017-08-30,18:00,78.6,78.3,32.7,18.8,0.0,S@6.8,8.9,72.7,0.0,55,"Almira, Lincoln County",330150,Almira,2017-12-16 12:21:22.736207
2017-08-30,18:15,77.6,77.3,32.1,19.0,0.0,S@6.2,8.5,72.7,0.0,33,"Almira, Lincoln County",330150,Almira,2017-12-16 12:21:22.736207
2017-08-30,18:30,75.5,75.2,30.7,19.2,0.0,S@6.4,8.9,72.8,0.0,14,"Almira, Lincoln County",330150,Almira,2017-12-16 12:21:22.736207
2017-08-30,18:45,74.6,74.3,29.5,18.9,0.0,S@7.4,9.2,72.8,0.0,6,"Almira, Lincoln County",330150,Almira,2017-12-16 12:21:22.736207
2017-08-30,19:00,73.1,72.9,29.3,19.7,0.0,S@7.1,9.2,72.9,0.0,2,"Almira, Lincoln County",330150,Almira,2017-12-16 12:21:22.736207
2017-08-30,19:15,71.5,71.2,32.7,23.9,0.0,S@7.2,9.6,72.9,0.0,0,"Almira, Lincoln County",330150,Almira,2017-12-16 12:21:22.736207
2017-08-30,19:30,71.6,71.4,39.1,30.6,0.0,S@7.8,11.0,73.0,0.0,0,"Almira, Lincoln County",330150,Almira,2017-12-16 12:21:22.736207
2017-08-30,19:45,69.8,69.6,39.6,33.2,0.0,S@5.9,9.2,73.0,0.0,0,"Almira, Lincoln County",330150,Almira,2017-12-16 12:21:22.736207
2017-08-30,20:00,68.4,68.2,40.2,35.7,0.0,S@4.2,5.3,73.0,0.0,0,"Almira, Lincoln County",330150,Almira,2017-12-16 12:21:22.736207
2017-08-30,20:15,67.8,67.5,40.7,37.1,0.0,S@4.7,7.4,73.1,0.0,0,"Almira, Lincoln County",330150,Almira,2017-12-16 12:21:22.736207
2017-08-30,20:30,67.4,67.1,38.9,35.2,0.0,S@4.3,8.2,73.1,0.0,0,"Almira, Lincoln County",330150,Almira,2017-12-16 12:21:22.736207
2017-08-30,20:45,67.2,67.0,36.1,31.6,0.0,S@4.7,7.4,73.2,0.0,0,"Almira, Lincoln County",330150,Almira,2017-12-16 12:21:22.736207
2017-08-30,21:00,65.2,65.0,37.3,35.5,0.0,W@4.1,6.7,73.2,0.0,0,"Almira, Lincoln County",330150,Almira,2017-12-16 12:21:22.736207
2017-08-30,21:15,64.6,64.3,39.1,39.0,0.0,W@4.5,6.7,73.2,0.0,0,"Almira, Lincoln County",330150,Almira,2017-12-16 12:21:22.736207
2017-08-30,21:30,64.1,63.9,39.7,40.5,0.0,SW@4.1,5.7,73.2,0.0,0,"Almira, Lincoln County",330150,Almira,2017-12-16 12:21:22.736207
2017-08-30,21:45,63.3,63.1,40.2,42.6,0.0,SW@3.8,4.9,73.3,0.0,0,"Almira, Lincoln County",330150,Almira,2017-12-16 12:21:22.736207
2017-08-30,22:00,63.1,62.9,40.6,43.5,0.0,SW@3.2,4.2,73.3,0.0,0,"Almira, Lincoln County",330150,Almira,2017-12-16 12:21:22.736207
2017-08-30,22:15,62.2,61.8,40.6,45.0,0.0,NW@0.1,1.7,73.3,0.0,0,"Almira, Lincoln County",330150,Almira,2017-12-16 12:21:22.736207
2017-08-30,22:30,62.1,61.8,40.4,44.8,0.0,W@2.7,4.2,73.4,0.0,0,"Almira, Lincoln County",330150,Almira,2017-12-16 12:21:22.736207
2017-08-30,22:45,60.1,59.9,39.7,46.8,0.0,W@3.4,4.6,73.4,0.0,0,"Almira, Lincoln County",330150,Almira,2017-12-16 12:21:22.736207
2017-08-30,23:00,59.0,58.9,39.3,47.8,0.0,S@2.1,4.2,73.4,0.0,0,"Almira, Lincoln County",330150,Almira,2017-12-16 12:21:22.736207
2017-08-31,23:15,61.4,61.2,39.6,44.5,0.0,SW@3.0,4.6,73.4,0.0,0,"Almira, Lincoln County",330150,Almira,2017-12-16 12:21:22.736207
2017-08-31,23:30,61.8,61.6,39.5,43.5,0.0,W@2.6,3.5,73.4,0.0,0,"Almira, Lincoln County",330150,Almira,2017-12-16 12:21:22.736207
2017-08-31,23:45,60.3,60.1,39.3,45.7,0.0,SE@2.4,3.9,73.4,0.0,0,"Almira, Lincoln County",330150,Almira,2017-12-16 12:21:22.736207
2017-08-31,24:00,58.8,58.6,38.9,47.4,0.0,SE@3.4,4.6,73.4,0.0,0,"Almira, Lincoln County",330150,Almira,2017-12-16 12:21:22.736207
2017-08-31,00:15,59.4,59.2,37.8,44.5,0.0,S@2.8,3.5,73.4,0.0,0,"Almira, Lincoln County",330150,Almira,2017-12-16 12:21:22.736207
2017-08-31,00:30,59.0,58.7,37.6,44.8,0.0,N@1.8,3.5,73.4,0.0,0,"Almira, Lincoln County",330150,Almira,2017-12-16 12:21:22.736207
2017-08-31,00:45,59.3,58.9,37.2,43.6,0.0,W@2.5,5.7,73.4,0.0,0,"Almira, Lincoln County",330150,Almira,2017-12-16 12:21:22.736207
2017-08-31,01:00,57.7,57.5,36.8,45.5,0.0,SW@4.4,5.3,73.4,0.0,0,"Almira, Lincoln County",330150,Almira,2017-12-16 12:21:22.736207
2017-08-31,01:15,54.4,54.1,36.2,50.1,0.0,W@4.4,5.7,73.4,0.0,0,"Almira, Lincoln County",330150,Almira,2017-12-16 12:21:22.736207
2017-08-31,01:30,57.1,57.0,36.1,45.1,0.0,SW@3.2,6.0,73.4,0.0,0,"Almira, Lincoln County",330150,Almira,2017-12-16 12:21:22.736207
2017-08-31,01:45,58.9,58.7,36.5,43.0,0.0,S@2.4,6.0,73.3,0.0,0,"Almira, Lincoln County",330150,Almira,2017-12-16 12:21:22.736207
2017-08-31,02:00,59.1,59.0,36.9,43.3,0.0,NW@4.2,6.4,73.3,0.0,0,"Almira, Lincoln County",330150,Almira,2017-12-16 12:21:22.736207
2017-08-31,02:15,58.5,58.3,37.6,45.7,0.0,W@5.0,8.2,73.3,0.0,0,"Almira, Lincoln County",330150,Almira,2017-12-16 12:21:22.736207
2017-08-31,02:30,58.8,58.7,38.2,46.2,0.0,NW@3.8,5.7,73.3,0.0,0,"Almira, Lincoln County",330150,Almira,2017-12-16 12:21:22.736207
2017-08-31,02:45,58.2,58.0,38.8,48.4,0.0,W@3.7,6.0,73.3,0.0,0,"Almira, Lincoln County",330150,Almira,2017-12-16 12:21:22.736207
2017-08-31,03:00,57.4,57.2,39.2,50.6,0.0,W@4.0,5.7,73.2,0.0,0,"Almira, Lincoln County",330150,Almira,2017-12-16 12:21:22.736207
2017-08-31,03:15,55.5,55.3,39.2,54.1,0.0,W@4.1,5.7,73.2,0.0,0,"Almira, Lincoln County",330150,Almira,2017-12-16 12:21:22.736207
2017-08-31,03:30,54.9,54.8,39.6,56.1,0.0,W@5.2,6.0,73.2,0.0,0,"Almira, Lincoln County",330150,Almira,2017-12-16 12:21:22.736207
2017-08-31,03:45,56.3,56.1,40.0,54.2,0.0,W@2.9,5.3,73.1,0.0,0,"Almira, Lincoln County",330150,Almira,2017-12-16 12:21:22.736207
2017-08-31,04:00,55.9,55.8,40.2,55.4,0.0,NW@5.7,8.2,73.1,0.0,0,"Almira, Lincoln County",330150,Almira,2017-12-16 12:21:22.736207
2017-08-31,04:15,57.5,57.3,40.9,53.8,0.0,NW@4.9,8.2,73.1,0.0,0,"Almira, Lincoln County",330150,Almira,2017-12-16 12:21:22.736207
2017-08-31,04:30,58.6,58.5,41.3,52.3,0.0,W@2.8,3.9,73.0,0.0,0,"Almira, Lincoln County",330150,Almira,2017-12-16 12:21:22.736207
2017-08-31,04:45,59.3,59.2,41.3,51.1,0.0,W@3.0,4.9,73.0,0.0,0,"Almira, Lincoln County",330150,Almira,2017-12-16 12:21:22.736207
2017-08-31,05:00,60.1,59.9,41.1,49.4,0.0,W@6.0,11.0,72.9,0.0,1,"Almira, Lincoln County",330150,Almira,2017-12-16 12:21:22.736207
2017-08-31,05:15,60.2,60.0,40.9,48.8,0.0,W@5.5,8.9,72.9,0.0,2,"Almira, Lincoln County",330150,Almira,2017-12-16 12:21:22.736207
2017-08-31,05:30,59.9,59.7,40.8,49.3,0.0,W@6.3,8.9,72.9,0.0,10,"Almira, Lincoln County",330150,Almira,2017-12-16 12:21:22.736207
2017-08-31,05:45,57.5,57.2,40.5,52.8,0.0,NW@4.2,6.7,72.8,0.0,25,"Almira, Lincoln County",330150,Almira,2017-12-16 12:21:22.736207
2017-08-31,06:00,58.8,58.4,41.0,51.6,0.0,E@3.1,5.7,72.8,0.0,44,"Almira, Lincoln County",330150,Almira,2017-12-16 12:21:22.736207
2017-08-31,06:15,60.0,59.6,41.0,49.3,0.0,NW@3.5,5.7,72.7,0.0,73,"Almira, Lincoln County",330150,Almira,2017-12-16 12:21:22.736207
2017-08-31,06:30,58.6,58.1,41.1,52.0,0.0,S@3.6,6.4,72.7,0.0,117,"Almira, Lincoln County",330150,Almira,2017-12-16 12:21:22.736207
2017-08-31,06:45,60.4,60.0,41.6,49.7,0.0,W@3.9,6.7,72.6,0.0,156,"Almira, Lincoln County",330150,Almira,2017-12-16 12:21:22.736207
2017-08-31,07:00,62.3,61.8,42.2,47.7,0.0,W@5.1,6.7,72.6,0.0,193,"Almira, Lincoln County",330150,Almira,2017-12-16 12:21:22.736207
2017-08-31,07:15,64.4,64.0,43.0,45.6,0.0,W@8.3,11.0,72.5,0.0,237,"Almira, Lincoln County",330150,Almira,2017-12-16 12:21:22.736207
2017-08-31,07:30,65.6,65.1,43.0,43.9,0.0,W@8.8,11.4,72.5,0.0,273,"Almira, Lincoln County",330150,Almira,2017-12-16 12:21:22.736207
2017-08-31,07:45,66.3,65.7,42.6,42.1,0.0,NW@9.3,12.1,72.4,0.0,314,"Almira, Lincoln County",330150,Almira,2017-12-16 12:21:22.736207
2017-08-31,08:00,67.7,66.9,41.8,38.8,0.0,NW@7.2,10.7,72.4,0.0,355,"Almira, Lincoln County",330150,Almira,2017-12-16 12:21:22.736207
2017-08-31,08:15,68.9,67.8,40.4,35.4,0.0,NW@5.8,7.8,72.3,0.0,397,"Almira, Lincoln County",330150,Almira,2017-12-16 12:21:22.736207
2017-08-31,08:30,70.0,69.0,39.6,33.0,0.0,NW@5.7,8.2,72.3,0.0,433,"Almira, Lincoln County",330150,Almira,2017-12-16 12:21:22.736207
2017-08-31,08:45,71.3,70.1,39.1,30.9,0.0,NW@5.1,8.2,72.2,0.0,468,"Almira, Lincoln County",330150,Almira,2017-12-16 12:21:22.736207
2017-08-31,09:00,71.7,70.6,39.0,30.4,0.0,NW@5.5,9.6,72.2,0.0,500,"Almira, Lincoln County",330150,Almira,2017-12-16 12:21:22.736207
2017-08-31,09:15,72.3,71.1,38.6,29.4,0.0,NW@5.1,8.5,72.1,0.0,537,"Almira, Lincoln County",330150,Almira,2017-12-16 12:21:22.736207
2017-08-31,09:30,73.2,72.2,39.9,29.9,0.0,NW@5.4,9.6,72.1,0.0,566,"Almira, Lincoln County",330150,Almira,2017-12-16 12:21:22.736207
2017-08-31,09:45,73.7,72.8,39.8,29.3,0.0,NW@5.6,12.1,72.0,0.0,602,"Almira, Lincoln County",330150,Almira,2017-12-16 12:21:22.736207
2017-08-31,10:00,74.1,73.1,39.5,28.7,0.0,NW@7.4,11.7,72.0,0.0,621,"Almira, Lincoln County",330150,Almira,2017-12-16 12:21:22.736207
2017-08-31,10:15,74.5,73.5,38.8,27.4,0.0,NW@8.2,12.8,71.9,0.0,642,"Almira, Lincoln County",330150,Almira,2017-12-16 12:21:22.736207
2017-08-31,10:30,75.1,74.4,37.7,25.7,0.0,W@10.4,16.4,71.9,0.0,658,"Almira, Lincoln County",330150,Almira,2017-12-16 12:21:22.736207
2017-08-31,10:45,75.3,74.5,36.9,24.9,0.0,NW@10.1,15.3,71.8,0.0,679,"Almira, Lincoln County",330150,Almira,2017-12-16 12:21:22.736207
2017-08-31,11:00,75.5,74.7,36.9,24.6,0.0,W@9.8,17.8,71.8,0.0,699,"Almira, Lincoln County",330150,Almira,2017-12-16 12:21:22.736207
2017-08-31,11:15,76.4,75.3,37.7,24.7,0.0,NW@7.2,14.2,71.8,0.0,710,"Almira, Lincoln County",330150,Almira,2017-12-16 12:21:22.736207
2017-08-31,11:30,76.7,75.6,37.9,24.6,0.0,NW@8.9,15.7,71.7,0.0,719,"Almira, Lincoln County",330150,Almira,2017-12-16 12:21:22.736207
2017-08-31,11:45,77.1,76.3,36.1,22.6,0.0,NW@8.6,15.3,71.7,0.0,733,"Almira, Lincoln County",330150,Almira,2017-12-16 12:21:22.736207
2017-08-31,12:00,77.5,76.7,35.1,21.5,0.0,W@9.4,15.3,71.6,0.0,737,"Almira, Lincoln County",330150,Almira,2017-12-16 12:21:22.736207
2017-08-31,12:15,77.6,76.8,34.8,21.1,0.0,NW@10.4,18.9,71.6,0.0,733,"Almira, Lincoln County",330150,Almira,2017-12-16 12:21:22.736207
2017-08-31,12:30,78.7,78.0,34.9,20.5,0.0,W@9.4,13.5,71.6,0.0,735,"Almira, Lincoln County",330150,Almira,2017-12-16 12:21:22.736207
2017-08-31,12:45,78.8,78.1,34.8,20.4,0.0,W@11.1,17.1,71.6,0.0,724,"Almira, Lincoln County",330150,Almira,2017-12-16 12:21:22.736207
2017-08-31,13:00,79.4,78.7,34.6,19.8,0.0,W@10.2,15.7,71.5,0.0,717,"Almira, Lincoln County",330150,Almira,2017-12-16 12:21:22.736207
2017-08-31,13:15,79.5,78.8,34.0,19.2,0.0,W@9.9,16.4,71.5,0.0,702,"Almira, Lincoln County",330150,Almira,2017-12-16 12:21:22.736207
2017-08-31,13:30,80.2,79.5,34.2,19.0,0.0,W@10.8,16.7,71.5,0.0,684,"Almira, Lincoln County",330150,Almira,2017-12-16 12:21:22.736207
2017-08-31,13:45,79.9,79.3,33.9,19.0,0.0,W@10.5,16.4,71.5,0.0,665,"Almira, Lincoln County",330150,Almira,2017-12-16 12:21:22.736207
2017-08-31,14:00,81.0,80.4,32.8,17.4,0.0,W@12.2,18.2,71.5,0.0,642,"Almira, Lincoln County",330150,Almira,2017-12-16 12:21:22.736207
2017-08-31,14:15,80.8,80.2,31.1,16.4,0.0,W@12.3,17.5,71.5,0.0,617,"Almira, Lincoln County",330150,Almira,2017-12-16 12:21:22.736207
2017-08-31,14:30,81.4,80.8,28.8,14.7,0.0,W@11.6,17.5,71.5,0.0,587,"Almira, Lincoln County",330150,Almira,2017-12-16 12:21:22.736207
2017-08-31,14:45,81.3,80.6,29.5,15.2,0.0,W@9.7,15.3,71.5,0.0,563,"Almira, Lincoln County",330150,Almira,2017-12-16 12:21:22.736207
2017-08-31,15:00,81.3,80.7,32.2,16.9,0.0,W@9.2,14.2,71.5,0.0,527,"Almira, Lincoln County",330150,Almira,2017-12-16 12:21:22.736207
2017-08-31,15:15,82.2,81.3,32.2,16.4,0.0,NW@7.3,13.9,71.6,0.0,499,"Almira, Lincoln County",330150,Almira,2017-12-16 12:21:22.736207
2017-08-31,15:30,82.0,81.4,33.0,17.1,0.0,W@10.8,17.8,71.6,0.0,467,"Almira, Lincoln County",330150,Almira,2017-12-16 12:21:22.736207
2017-08-31,15:45,81.7,81.0,33.4,17.5,0.0,W@8.1,13.2,71.6,0.0,427,"Almira, Lincoln County",330150,Almira,2017-12-16 12:21:22.736207
2017-08-31,16:00,81.7,81.1,33.0,17.3,0.0,W@7.3,13.5,71.7,0.0,385,"Almira, Lincoln County",330150,Almira,2017-12-16 12:21:22.736207
2017-08-31,16:15,81.7,81.2,33.0,17.2,0.0,W@7.8,13.9,71.7,0.0,344,"Almira, Lincoln County",330150,Almira,2017-12-16 12:21:22.736207
2017-08-31,16:30,81.7,81.3,33.4,17.5,0.0,W@10.2,15.0,71.7,0.0,305,"Almira, Lincoln County",330150,Almira,2017-12-16 12:21:22.736207
2017-08-31,16:45,81.4,80.9,33.7,17.9,0.0,W@9.0,13.5,71.8,0.0,261,"Almira, Lincoln County",330150,Almira,2017-12-16 12:21:22.736207
2017-08-31,17:00,81.0,80.5,35.1,19.2,0.0,W@8.9,14.6,71.8,0.0,225,"Almira, Lincoln County",330150,Almira,2017-12-16 12:21:22.736207
2017-08-31,17:15,80.3,79.9,38.3,22.2,0.0,SW@10.0,14.2,71.8,0.0,208,"Almira, Lincoln County",330150,Almira,2017-12-16 12:21:22.736207
2017-08-31,17:30,79.2,78.9,39.2,23.9,0.0,SW@10.5,14.6,71.9,0.0,161,"Almira, Lincoln County",330150,Almira,2017-12-16 12:21:22.736207
2017-08-31,17:45,78.1,77.8,39.5,25.0,0.0,SW@10.3,14.6,71.9,0.0,105,"Almira, Lincoln County",330150,Almira,2017-12-16 12:21:22.736207
2017-08-31,18:00,76.7,76.3,39.5,26.2,0.0,SW@10.7,18.2,72.0,0.0,72,"Almira, Lincoln County",330150,Almira,2017-12-16 12:21:22.736207
2017-08-31,18:15,75.0,74.8,39.2,27.4,0.0,SW@9.3,13.9,72.0,0.0,43,"Almira, Lincoln County",330150,Almira,2017-12-16 12:21:22.736207
2017-08-31,18:30,73.2,73.0,39.0,28.9,0.0,S@7.9,11.4,72.1,0.0,20,"Almira, Lincoln County",330150,Almira,2017-12-16 12:21:22.736207
2017-08-31,18:45,71.9,71.6,38.8,30.0,0.0,S@7.8,11.4,72.1,0.0,5,"Almira, Lincoln County",330150,Almira,2017-12-16 12:21:22.736207
2017-08-31,19:00,70.5,70.3,38.7,31.2,0.0,S@7.4,9.9,72.2,0.0,2,"Almira, Lincoln County",330150,Almira,2017-12-16 12:21:22.736207
2017-08-31,19:15,69.3,69.0,38.3,32.1,0.0,S@6.5,8.2,72.2,0.0,0,"Almira, Lincoln County",330150,Almira,2017-12-16 12:21:22.736207
2017-08-31,19:30,69.1,68.8,38.1,32.1,0.0,S@6.8,9.2,72.3,0.0,0,"Almira, Lincoln County",330150,Almira,2017-12-16 12:21:22.736207
2017-08-31,19:45,68.5,68.2,38.2,32.9,0.0,S@6.6,8.5,72.3,0.0,0,"Almira, Lincoln County",330150,Almira,2017-12-16 12:21:22.736207
2017-08-31,20:00,67.9,67.7,38.7,34.1,0.0,S@6.0,8.2,72.4,0.0,0,"Almira, Lincoln County",330150,Almira,2017-12-16 12:21:22.736207
2017-08-31,20:15,67.5,67.3,39.6,35.9,0.0,S@6.6,10.3,72.4,0.0,0,"Almira, Lincoln County",330150,Almira,2017-12-16 12:21:22.736207
2017-08-31,20:30,67.7,67.5,40.5,37.0,0.0,S@7.3,9.9,72.4,0.0,0,"Almira, Lincoln County",330150,Almira,2017-12-16 12:21:22.736207
2017-08-31,20:45,66.2,65.9,40.7,39.3,0.0,S@5.2,7.1,72.5,0.0,0,"Almira, Lincoln County",330150,Almira,2017-12-16 12:21:22.736207
2017-08-31,21:00,64.8,64.6,40.2,40.4,0.0,S@4.0,6.0,72.5,0.0,0,"Almira, Lincoln County",330150,Almira,2017-12-16 12:21:22.736207
2017-08-31,21:15,64.0,63.8,38.2,38.4,0.0,SW@3.4,4.9,72.6,0.0,0,"Almira, Lincoln County",330150,Almira,2017-12-16 12:21:22.736207
2017-08-31,21:30,65.0,64.8,38.0,36.8,0.0,S@3.2,6.0,72.6,0.0,0,"Almira, Lincoln County",330150,Almira,2017-12-16 12:21:22.736207
2017-08-31,21:45,64.9,64.7,38.3,37.3,0.0,S@3.7,6.4,72.6,0.0,0,"Almira, Lincoln County",330150,Almira,2017-12-16 12:21:22.736207
2017-08-31,22:00,64.5,64.2,38.6,38.3,0.0,SW@3.8,6.7,72.7,0.0,0,"Almira, Lincoln County",330150,Almira,2017-12-16 12:21:22.736207
2017-08-31,22:15,64.3,64.1,38.7,38.7,0.0,SW@2.8,5.3,72.7,0.0,0,"Almira, Lincoln County",330150,Almira,2017-12-16 12:21:22.736207
2017-08-31,22:30,64.7,64.5,38.4,37.9,0.0,W@2.5,3.9,72.7,0.0,0,"Almira, Lincoln County",330150,Almira,2017-12-16 12:21:22.736207
2017-08-31,22:45,63.2,63.0,37.8,38.9,0.0,W@3.7,4.6,72.7,0.0,0,"Almira, Lincoln County",330150,Almira,2017-12-16 12:21:22.736207
2017-08-31,23:00,63.0,62.8,37.2,38.2,0.0,W@4.1,5.3,72.8,0.0,0,"Almira, Lincoln County",330150,Almira,2017-12-16 12:21:22.736207
2017-09-01,23:15,60.6,60.4,36.8,41.0,0.0,W@3.1,3.9,72.8,0.0,0,"Almira, Lincoln County",330150,Almira,2017-12-16 12:21:22.736207
2017-09-01,23:30,59.8,59.6,36.5,41.7,0.0,W@3.5,4.2,72.8,0.0,0,"Almira, Lincoln County",330150,Almira,2017-12-16 12:21:22.736207
2017-09-01,23:45,60.1,60.0,36.4,41.1,0.0,W@3.8,4.2,72.8,0.0,0,"Almira, Lincoln County",330150,Almira,2017-12-16 12:21:22.736207
2017-09-01,24:00,59.3,59.1,36.3,42.1,0.0,W@2.4,4.2,72.8,0.0,0,"Almira, Lincoln County",330150,Almira,2017-12-16 12:21:22.736207
2017-09-01,00:15,59.9,59.8,35.9,40.5,0.0,W@3.1,6.0,72.8,0.0,0,"Almira, Lincoln County",330150,Almira,2017-12-16 12:21:22.736207
2017-09-01,00:30,60.6,60.4,35.3,38.6,0.0,W@4.3,6.4,72.8,0.0,0,"Almira, Lincoln County",330150,Almira,2017-12-16 12:21:22.736207
2017-09-01,00:45,61.2,61.1,35.4,37.9,0.0,NW@5.4,7.4,72.8,0.0,0,"Almira, Lincoln County",330150,Almira,2017-12-16 12:21:22.736207
2017-09-01,01:00,61.8,61.7,36.0,38.1,0.0,NW@4.5,7.1,72.8,0.0,0,"Almira, Lincoln County",330150,Almira,2017-12-16 12:21:22.736207
2017-09-01,01:15,59.7,59.6,36.7,42.2,0.0,NW@3.7,4.6,72.8,0.0,0,"Almira, Lincoln County",330150,Almira,2017-12-16 12:21:22.736207
2017-09-01,01:30,58.4,58.3,36.9,44.5,0.0,NW@3.7,4.6,72.8,0.0,0,"Almira, Lincoln County",330150,Almira,2017-12-16 12:21:22.736207
2017-09-01,01:45,59.7,60.1,37.1,42.8,0.0,N@4.3,4.9,72.8,0.0,0,"Almira, Lincoln County",330150,Almira,2017-12-16 12:21:22.736207
2017-09-01,02:00,59.4,59.5,37.0,43.1,0.0,N@4.1,4.9,72.7,0.0,0,"Almira, Lincoln County",330150,Almira,2017-12-16 12:21:22.736207
2017-09-01,02:15,57.5,57.3,37.8,47.6,0.0,NW@4.7,5.7,72.7,0.0,0,"Almira, Lincoln County",330150,Almira,2017-12-16 12:21:22.736207
2017-09-01,02:30,57.6,57.7,37.7,47.3,0.0,NW@4.6,5.3,72.7,0.0,0,"Almira, Lincoln County",330150,Almira,2017-12-16 12:21:22.736207
2017-09-01,02:45,59.1,59.2,38.4,46.1,0.0,N@4.9,5.7,72.7,0.0,0,"Almira, Lincoln County",330150,Almira,2017-12-16 12:21:22.736207
2017-09-01,03:00,59.8,60.2,39.2,46.4,0.0,N@5.3,6.0,72.7,0.0,0,"Almira, Lincoln County",330150,Almira,2017-12-16 12:21:22.736207
2017-09-01,03:15,61.3,61.6,38.7,43.2,0.0,NW@3.1,4.6,72.6,0.0,0,"Almira, Lincoln County",330150,Almira,2017-12-16 12:21:22.736207
2017-09-01,03:30,59.4,59.2,38.2,45.1,0.0,W@2.7,3.9,72.6,0.0,0,"Almira, Lincoln County",330150,Almira,2017-12-16 12:21:22.736207
2017-09-01,03:45,58.6,58.4,38.2,46.5,0.0,NW@3.1,3.9,72.6,0.0,0,"Almira, Lincoln County",330150,Almira,2017-12-16 12:21:22.736207
2017-09-01,04:00,58.8,58.7,38.3,46.4,0.0,NW@3.5,4.2,72.6,0.0,0,"Almira, Lincoln County",330150,Almira,2017-12-16 12:21:22.736207
2017-09-01,04:15,57.6,57.4,38.0,47.9,0.0,NW@2.9,4.2,72.5,0.0,0,"Almira, Lincoln County",330150,Almira,2017-12-16 12:21:22.736207
2017-09-01,04:30,56.7,56.6,38.1,49.6,0.0,NE@2.7,4.6,72.5,0.0,0,"Almira, Lincoln County",330150,Almira,2017-12-16 12:21:22.736207
2017-09-01,04:45,59.6,59.6,38.1,44.8,0.0,N@4.5,4.9,72.5,0.0,0,"Almira, Lincoln County",330150,Almira,2017-12-16 12:21:22.736207
2017-09-01,05:00,60.2,60.5,37.4,42.5,0.0,N@4.9,5.7,72.4,0.0,1,"Almira, Lincoln County",330150,Almira,2017-12-16 12:21:22.736207
2017-09-01,05:15,58.2,58.2,36.7,44.4,0.0,N@3.9,5.7,72.4,0.0,2,"Almira, Lincoln County",330150,Almira,2017-12-16 12:21:22.736207
2017-09-01,05:30,55.8,55.7,37.3,49.6,0.0,E@2.9,4.2,72.3,0.0,7,"Almira, Lincoln County",330150,Almira,2017-12-16 12:21:22.736207
2017-09-01,05:45,58.6,58.3,36.8,44.1,0.0,NE@2.5,3.5,72.3,0.0,22,"Almira, Lincoln County",330150,Almira,2017-12-16 12:21:22.736207
2017-09-01,06:00,59.7,59.3,36.4,41.7,0.0,N@4.1,4.6,72.3,0.0,49,"Almira, Lincoln County",330150,Almira,2017-12-16 12:21:22.736207
2017-09-01,06:15,58.2,57.7,37.0,45.2,0.0,NE@1.7,4.6,72.2,0.0,79,"Almira, Lincoln County",330150,Almira,2017-12-16 12:21:22.736207
2017-09-01,06:30,59.8,59.5,38.5,45.1,0.0,NE@3.8,5.3,72.2,0.0,118,"Almira, Lincoln County",330150,Almira,2017-12-16 12:21:22.736207
2017-09-01,06:45,61.5,61.2,38.7,42.7,0.0,E@3.1,4.9,72.1,0.0,162,"Almira, Lincoln County",330150,Almira,2017-12-16 12:21:22.736207
2017-09-01,07:00,63.5,63.2,39.0,40.4,0.0,S@1.9,3.5,72.1,0.0,197,"Almira, Lincoln County",330150,Almira,2017-12-16 12:21:22.736207
2017-09-01,07:15,63.4,62.7,38.9,40.4,0.0,W@2.1,3.1,72.1,0.0,233,"Almira, Lincoln County",330150,Almira,2017-12-16 12:21:22.736207
2017-09-01,07:30,64.9,64.2,38.5,37.7,0.0,W@2.4,3.1,72.0,0.0,275,"Almira, Lincoln County",330150,Almira,2017-12-16 12:21:22.736207
2017-09-01,07:45,66.6,66.3,38.2,35.1,0.0,S@3.0,5.7,72.0,0.0,302,"Almira, Lincoln County",330150,Almira,2017-12-16 12:21:22.736207
2017-09-01,08:00,68.1,67.6,38.5,33.6,0.0,S@3.4,6.7,71.9,0.0,341,"Almira, Lincoln County",330150,Almira,2017-12-16 12:21:22.736207
2017-09-01,08:15,69.1,68.7,38.4,32.5,0.0,S@3.0,4.6,71.9,0.0,381,"Almira, Lincoln County",330150,Almira,2017-12-16 12:21:22.736207
2017-09-01,08:30,70.0,69.6,37.7,30.7,0.0,S@3.9,6.0,71.8,0.0,416,"Almira, Lincoln County",330150,Almira,2017-12-16 12:21:22.736207
2017-09-01,08:45,71.4,71.0,37.3,28.8,0.0,SE@3.6,7.1,71.8,0.0,452,"Almira, Lincoln County",330150,Almira,2017-12-16 12:21:22.736207
2017-09-01,09:00,72.1,71.6,37.0,27.7,0.0,S@3.7,7.4,71.7,0.0,490,"Almira, Lincoln County",330150,Almira,2017-12-16 12:21:22.736207
2017-09-01,09:15,73.2,72.8,36.5,26.3,0.0,S@3.9,6.7,71.7,0.0,517,"Almira, Lincoln County",330150,Almira,2017-12-16 12:21:22.736207
2017-09-01,09:30,74.0,73.5,36.7,25.7,0.0,S@4.7,8.2,71.6,0.0,547,"Almira, Lincoln County",330150,Almira,2017-12-16 12:21:22.736207
2017-09-01,09:45,74.9,74.4,35.4,23.7,0.0,S@4.6,7.1,71.6,0.0,580,"Almira, Lincoln County",330150,Almira,2017-12-16 12:21:22.736207
2017-09-01,10:00,75.6,75.2,34.2,22.1,0.0,S@4.5,8.2,71.5,0.0,606,"Almira, Lincoln County",330150,Almira,2017-12-16 12:21:22.736207
2017-09-01,10:15,76.6,76.2,34.1,21.3,0.0,S@4.2,7.4,71.5,0.0,631,"Almira, Lincoln County",330150,Almira,2017-12-16 12:21:22.736207
2017-09-01,10:30,78.1,77.6,32.8,19.2,0.0,S@5.0,8.5,71.5,0.0,656,"Almira, Lincoln County",330150,Almira,2017-12-16 12:21:22.736207
2017-09-01,10:45,79.4,78.8,31.7,17.6,0.0,SW@5.1,8.9,71.4,0.0,680,"Almira, Lincoln County",330150,Almira,2017-12-16 12:21:22.736207
2017-09-01,11:00,80.1,79.5,31.0,16.7,0.0,S@4.8,9.6,71.4,0.0,691,"Almira, Lincoln County",330150,Almira,2017-12-16 12:21:22.736207
2017-09-01,11:15,80.9,80.4,30.0,15.6,0.0,S@6.7,12.4,71.4,0.0,704,"Almira, Lincoln County",330150,Almira,2017-12-16 12:21:22.736207
2017-09-01,11:30,81.4,80.9,29.1,14.8,0.0,S@6.6,16.0,71.3,0.0,704,"Almira, Lincoln County",330150,Almira,2017-12-16 12:21:22.736207
2017-09-01,11:45,81.9,81.3,28.0,14.0,0.0,SW@7.3,12.1,71.3,0.0,716,"Almira, Lincoln County",330150,Almira,2017-12-16 12:21:22.736207
2017-09-01,12:00,82.0,81.5,27.0,13.4,0.0,SW@6.3,12.8,71.2,0.0,727,"Almira, Lincoln County",330150,Almira,2017-12-16 12:21:22.736207
2017-09-01,12:15,82.6,82.1,26.8,13.0,0.0,SW@6.9,11.0,71.2,0.0,726,"Almira, Lincoln County",330150,Almira,2017-12-16 12:21:22.736207
2017-09-01,12:30,83.3,82.8,25.9,12.2,0.0,SW@7.4,14.2,71.2,0.0,720,"Almira, Lincoln County",330150,Almira,2017-12-16 12:21:22.736207
2017-09-01,12:45,83.6,83.1,25.8,12.1,0.0,SW@7.2,11.4,71.2,0.0,713,"Almira, Lincoln County",330150,Almira,2017-12-16 12:21:22.736207
2017-09-01,13:00,84.3,83.8,25.1,11.5,0.0,SW@7.5,12.4,71.2,0.0,704,"Almira, Lincoln County",330150,Almira,2017-12-16 12:21:22.736207
2017-09-01,13:15,84.4,83.8,25.1,11.4,0.0,SW@6.7,11.4,71.2,0.0,688,"Almira, Lincoln County",330150,Almira,2017-12-16 12:21:22.736207
2017-09-01,13:30,84.6,84.1,25.8,11.7,0.0,SW@8.2,16.7,71.1,0.0,676,"Almira, Lincoln County",330150,Almira,2017-12-16 12:21:22.736207
2017-09-01,13:45,84.7,84.2,26.1,11.8,0.0,SW@6.9,12.8,71.1,0.0,657,"Almira, Lincoln County",330150,Almira,2017-12-16 12:21:22.736207
2017-09-01,14:00,84.5,84.0,26.8,12.2,0.0,SW@7.1,12.4,71.1,0.0,632,"Almira, Lincoln County",330150,Almira,2017-12-16 12:21:22.736207
2017-09-01,14:15,85.2,84.5,28.3,12.7,0.0,SW@6.9,12.1,71.2,0.0,610,"Almira, Lincoln County",330150,Almira,2017-12-16 12:21:22.736207
2017-09-01,14:30,85.5,85.0,27.2,12.0,0.0,SW@7.2,13.5,71.2,0.0,578,"Almira, Lincoln County",330150,Almira,2017-12-16 12:21:22.736207
2017-09-01,14:45,85.7,85.2,26.4,11.6,0.0,SW@8.1,13.9,71.2,0.0,554,"Almira, Lincoln County",330150,Almira,2017-12-16 12:21:22.736207
2017-09-01,15:00,85.2,84.8,27.3,12.2,0.0,SW@7.4,12.4,71.2,0.0,515,"Almira, Lincoln County",330150,Almira,2017-12-16 12:21:22.736207
2017-09-01,15:15,85.4,85.0,27.2,12.1,0.0,SW@7.0,10.3,71.2,0.0,485,"Almira, Lincoln County",330150,Almira,2017-12-16 12:21:22.736207
2017-09-01,15:30,85.5,85.0,27.4,12.1,0.0,SW@6.3,11.4,71.2,0.0,445,"Almira, Lincoln County",330150,Almira,2017-12-16 12:21:22.736207
2017-09-01,15:45,85.1,84.7,27.9,12.5,0.0,SW@6.7,9.6,71.3,0.0,411,"Almira, Lincoln County",330150,Almira,2017-12-16 12:21:22.736207
2017-09-01,16:00,85.0,84.6,28.9,13.1,0.0,SW@7.2,15.0,71.3,0.0,320,"Almira, Lincoln County",330150,Almira,2017-12-16 12:21:22.736207
2017-09-01,16:15,84.7,84.3,29.6,13.6,0.0,S@7.7,12.4,71.3,0.0,313,"Almira, Lincoln County",330150,Almira,2017-12-16 12:21:22.736207
2017-09-01,16:30,84.4,84.0,29.6,13.7,0.0,SW@6.3,9.2,71.4,0.0,264,"Almira, Lincoln County",330150,Almira,2017-12-16 12:21:22.736207
2017-09-01,16:45,83.9,83.5,30.3,14.4,0.0,SW@6.9,9.2,71.4,0.0,224,"Almira, Lincoln County",330150,Almira,2017-12-16 12:21:22.736207
2017-09-01,17:00,83.7,83.3,30.5,14.6,0.0,SW@6.5,10.7,71.5,0.0,204,"Almira, Lincoln County",330150,Almira,2017-12-16 12:21:22.736207
2017-09-01,17:15,83.4,83.0,31.0,15.0,0.0,S@5.8,9.2,71.5,0.0,175,"Almira, Lincoln County",330150,Almira,2017-12-16 12:21:22.736207
2017-09-01,17:30,82.2,81.8,31.1,15.7,0.0,S@5.7,8.2,71.6,0.0,121,"Almira, Lincoln County",330150,Almira,2017-12-16 12:21:22.736207
2017-09-01,17:45,80.2,79.8,32.3,17.6,0.0,S@5.0,6.4,71.6,0.0,77,"Almira, Lincoln County",330150,Almira,2017-12-16 12:21:22.736207
2017-09-01,18:00,78.6,78.3,32.6,18.7,0.0,S@4.8,6.0,71.7,0.0,60,"Almira, Lincoln County",330150,Almira,2017-12-16 12:21:22.736207
2017-09-01,18:15,76.9,76.6,32.5,19.8,0.0,S@4.9,5.7,71.7,0.0,39,"Almira, Lincoln County",330150,Almira,2017-12-16 12:21:22.736207
2017-09-01,18:30,75.8,75.5,32.7,20.6,0.0,S@4.9,5.3,71.8,0.0,15,"Almira, Lincoln County",330150,Almira,2017-12-16 12:21:22.736207
2017-09-01,18:45,74.3,74.0,32.8,21.8,0.0,S@4.4,5.3,71.8,0.0,4,"Almira, Lincoln County",330150,Almira,2017-12-16 12:21:22.736207
2017-09-01,19:00,72.6,72.4,33.0,23.3,0.0,S@3.7,4.9,71.9,0.0,2,"Almira, Lincoln County",330150,Almira,2017-12-16 12:21:22.736207
2017-09-01,19:15,71.6,71.4,33.5,24.5,0.0,SW@0.9,3.5,72.0,0.0,0,"Almira, Lincoln County",330150,Almira,2017-12-16 12:21:22.736207
2017-09-01,19:30,72.9,72.6,33.9,23.9,0.0,SW@2.9,5.7,72.0,0.0,0,"Almira, Lincoln County",330150,Almira,2017-12-16 12:21:22.736207
2017-09-01,19:45,72.9,72.7,33.9,23.8,0.0,SE@2.4,4.2,72.1,0.0,0,"Almira, Lincoln County",330150,Almira,2017-12-16 12:21:22.736207
2017-09-01,20:00,73.2,72.9,33.8,23.5,0.0,SE@2.4,3.5,72.1,0.0,0,"Almira, Lincoln County",330150,Almira,2017-12-16 12:21:22.736207
2017-09-01,20:15,73.4,73.2,33.9,23.5,0.0,S@3.0,3.5,72.2,0.0,0,"Almira, Lincoln County",330150,Almira,2017-12-16 12:21:22.736207
2017-09-01,20:30,72.0,71.8,33.8,24.5,0.0,S@2.3,3.1,72.2,0.0,0,"Almira, Lincoln County",330150,Almira,2017-12-16 12:21:22.736207
2017-09-01,20:45,72.2,72.0,33.4,23.9,0.0,S@2.0,3.5,72.2,0.0,0,"Almira, Lincoln County",330150,Almira,2017-12-16 12:21:22.736207
2017-09-01,21:00,70.6,70.3,33.1,25.0,0.0,E@3.6,5.3,72.3,0.0,0,"Almira, Lincoln County",330150,Almira,2017-12-16 12:21:22.736207
2017-09-01,21:15,70.6,70.4,32.8,24.6,0.0,E@3.6,5.3,72.3,0.0,0,"Almira, Lincoln County",330150,Almira,2017-12-16 12:21:22.736207
2017-09-01,21:30,72.6,72.4,32.8,23.1,0.0,E@3.5,4.2,72.4,0.0,0,"Almira, Lincoln County",330150,Almira,2017-12-16 12:21:22.736207
2017-09-01,21:45,73.6,73.3,32.5,22.1,0.0,SE@2.8,3.5,72.4,0.0,0,"Almira, Lincoln County",330150,Almira,2017-12-16 12:21:22.736207
2017-09-01,22:00,69.9,69.5,32.6,25.1,0.0,E@3.9,4.6,72.4,0.0,0,"Almira, Lincoln County",330150,Almira,2017-12-16 12:21:22.736207
2017-09-01,22:15,71.2,70.9,32.9,24.3,0.0,E@3.9,4.2,72.5,0.0,0,"Almira, Lincoln County",330150,Almira,2017-12-16 12:21:22.736207
2017-09-01,22:30,71.2,71.0,33.1,24.5,0.0,E@3.6,3.9,72.5,0.0,0,"Almira, Lincoln County",330150,Almira,2017-12-16 12:21:22.736207
2017-09-01,22:45,71.1,70.9,33.3,24.7,0.0,E@4.1,5.3,72.5,0.0,0,"Almira, Lincoln County",330150,Almira,2017-12-16 12:21:22.736207
2017-09-01,23:00,72.5,72.3,33.3,23.6,0.0,E@3.9,4.6,72.5,0.0,0,"Almira, Lincoln County",330150,Almira,2017-12-16 12:21:22.736207
2017-09-02,23:15,74.0,73.8,33.5,22.6,0.0,E@2.8,3.5,72.6,0.0,0,"Almira, Lincoln County",330150,Almira,2017-12-16 12:21:22.736207
2017-09-02,23:30,73.1,72.8,33.5,23.4,0.0,E@3.3,4.2,72.6,0.0,0,"Almira, Lincoln County",330150,Almira,2017-12-16 12:21:22.736207
2017-09-02,23:45,72.1,71.8,33.6,24.3,0.0,E@2.9,3.5,72.6,0.0,0,"Almira, Lincoln County",330150,Almira,2017-12-16 12:21:22.736207
2017-09-02,24:00,72.3,72.0,33.6,24.1,0.0,E@3.6,4.2,72.6,0.0,0,"Almira, Lincoln County",330150,Almira,2017-12-16 12:21:22.736207
