Date,Time PST,Air Temp °F, 2<sup>nd</sup> Air Temp °F, Dew Point °F, Rel Hum %, Leaf Wet u., Wind Dir @ Speed mph, Wind Gust mph, 8 in. Soil Tmp °F, Tot Prec in, Solar Rad W/m²,Location,Station ID,Station Name,Download Timestamp
2016-09-24,00:15,55.2,55.2,46.0,70.9,0.0,W@12.5,18.5,66.9,0.0,0,"Canoe Ridge, Benton County",110023,Canoe Ridge,2017-12-14 20:10:50.109635
2016-09-24,00:30,54.7,54.7,45.7,71.5,0.0,W@12.6,15.7,66.9,0.0,0,"Canoe Ridge, Benton County",110023,Canoe Ridge,2017-12-14 20:10:50.109635
2016-09-24,00:45,53.9,53.8,45.4,72.7,0.0,W@11.3,14.6,66.9,0.0,0,"Canoe Ridge, Benton County",110023,Canoe Ridge,2017-12-14 20:10:50.109635
2016-09-24,01:00,53.6,53.6,45.1,72.9,0.0,W@11.4,14.6,66.9,0.0,0,"Canoe Ridge, Benton County",110023,Canoe Ridge,2017-12-14 20:10:50.109635
2016-09-24,01:15,53.7,53.6,44.4,70.6,0.0,W@11.4,15.7,66.9,0.0,0,"Canoe Ridge, Benton County",110023,Canoe Ridge,2017-12-14 20:10:50.109635
2016-09-24,01:30,53.8,53.7,43.5,68.0,0.0,W@11.8,15.3,66.8,0.0,0,"Canoe Ridge, Benton County",110023,Canoe Ridge,2017-12-14 20:10:50.109635
2016-09-24,01:45,53.7,53.6,42.5,65.6,0.0,W@10.9,14.6,66.8,0.0,0,"Canoe Ridge, Benton County",110023,Canoe Ridge,2017-12-14 20:10:50.109635
2016-09-24,02:00,53.8,53.8,41.7,63.4,0.0,W@11.4,14.2,66.8,0.0,0,"Canoe Ridge, Benton County",110023,Canoe Ridge,2017-12-14 20:10:50.109635
2016-09-24,02:15,54.1,54.0,41.2,61.5,0.0,W@10.5,14.2,66.8,0.0,0,"Canoe Ridge, Benton County",110023,Canoe Ridge,2017-12-14 20:10:50.109635
2016-09-24,02:30,53.9,53.9,40.2,59.5,0.0,SW@9.2,12.1,66.7,0.0,0,"Canoe Ridge, Benton County",110023,Canoe Ridge,2017-12-14 20:10:50.109635
2016-09-24,02:45,53.7,53.6,40.0,59.5,0.0,W@9.2,12.4,66.7,0.0,0,"Canoe Ridge, Benton County",110023,Canoe Ridge,2017-12-14 20:10:50.109635
2016-09-24,03:00,52.6,52.6,40.8,63.9,0.0,W@9.6,15.7,66.7,0.0,0,"Canoe Ridge, Benton County",110023,Canoe Ridge,2017-12-14 20:10:50.109635
2016-09-24,03:15,52.7,52.7,40.8,63.6,0.0,W@10.8,15.0,66.6,0.0,0,"Canoe Ridge, Benton County",110023,Canoe Ridge,2017-12-14 20:10:50.109635
2016-09-24,03:30,51.6,51.5,41.1,67.2,0.0,W@8.7,11.7,66.6,0.0,0,"Canoe Ridge, Benton County",110023,Canoe Ridge,2017-12-14 20:10:50.109635
2016-09-24,03:45,50.1,50.0,43.2,77.1,0.01,SW@7.3,10.7,66.6,0.0,0,"Canoe Ridge, Benton County",110023,Canoe Ridge,2017-12-14 20:10:50.109635
2016-09-24,04:00,49.3,49.2,43.3,79.7,0.01,W@9.1,12.1,66.6,0.0,0,"Canoe Ridge, Benton County",110023,Canoe Ridge,2017-12-14 20:10:50.109635
2016-09-24,04:15,49.0,48.9,43.2,80.4,0.01,W@8.1,11.7,66.5,0.0,0,"Canoe Ridge, Benton County",110023,Canoe Ridge,2017-12-14 20:10:50.109635
2016-09-24,04:30,48.8,48.8,43.4,81.2,0.01,W@8.0,9.9,66.5,0.0,0,"Canoe Ridge, Benton County",110023,Canoe Ridge,2017-12-14 20:10:50.109635
2016-09-24,04:45,48.2,48.1,43.4,83.1,0.01,W@7.4,9.6,66.4,0.0,0,"Canoe Ridge, Benton County",110023,Canoe Ridge,2017-12-14 20:10:50.109635
2016-09-24,05:00,47.8,47.7,43.6,85.1,0.02,SW@7.2,9.9,66.4,0.0,0,"Canoe Ridge, Benton County",110023,Canoe Ridge,2017-12-14 20:10:50.109635
2016-09-24,05:15,47.7,47.6,43.5,85.2,0.03,W@6.9,9.6,66.4,0.0,0,"Canoe Ridge, Benton County",110023,Canoe Ridge,2017-12-14 20:10:50.109635
2016-09-24,05:30,47.5,47.4,43.3,85.2,0.03,W@6.1,8.2,66.3,0.0,0,"Canoe Ridge, Benton County",110023,Canoe Ridge,2017-12-14 20:10:50.109635
2016-09-24,05:45,47.7,47.6,43.1,83.9,0.02,SW@6.7,8.5,66.3,0.0,2,"Canoe Ridge, Benton County",110023,Canoe Ridge,2017-12-14 20:10:50.109635
2016-09-24,06:00,47.4,47.3,43.3,85.4,0.03,SW@5.9,8.9,66.2,0.0,8,"Canoe Ridge, Benton County",110023,Canoe Ridge,2017-12-14 20:10:50.109635
2016-09-24,06:15,47.4,47.4,43.1,84.8,0.03,SW@5.4,7.4,66.2,0.0,39,"Canoe Ridge, Benton County",110023,Canoe Ridge,2017-12-14 20:10:50.109635
2016-09-24,06:30,47.2,47.1,43.8,87.8,0.04,W@5.0,7.1,66.1,0.0,76,"Canoe Ridge, Benton County",110023,Canoe Ridge,2017-12-14 20:10:50.109635
2016-09-24,06:45,48.5,48.3,44.1,84.7,0.03,SW@4.0,5.7,66.1,0.0,115,"Canoe Ridge, Benton County",110023,Canoe Ridge,2017-12-14 20:10:50.109635
2016-09-24,07:00,48.9,48.7,44.5,84.6,0.02,SW@3.4,5.7,66.0,0.0,156,"Canoe Ridge, Benton County",110023,Canoe Ridge,2017-12-14 20:10:50.109635
2016-09-24,07:15,49.5,49.5,44.1,81.5,0.01,SW@2.4,5.3,66.0,0.0,197,"Canoe Ridge, Benton County",110023,Canoe Ridge,2017-12-14 20:10:50.109635
2016-09-24,07:30,50.5,50.3,44.5,79.8,0.01,SW@5.1,7.4,65.9,0.0,240,"Canoe Ridge, Benton County",110023,Canoe Ridge,2017-12-14 20:10:50.109635
2016-09-24,07:45,51.9,51.7,43.5,72.8,0.0,SW@3.0,6.7,65.9,0.0,283,"Canoe Ridge, Benton County",110023,Canoe Ridge,2017-12-14 20:10:50.109635
2016-09-24,08:00,51.8,51.9,40.7,65.6,0.0,S@2.7,4.9,65.8,0.0,324,"Canoe Ridge, Benton County",110023,Canoe Ridge,2017-12-14 20:10:50.109635
2016-09-24,08:15,52.7,52.6,41.8,66.3,0.0,SE@2.6,4.6,65.7,0.0,367,"Canoe Ridge, Benton County",110023,Canoe Ridge,2017-12-14 20:10:50.109635
2016-09-24,08:30,54.1,53.7,43.1,66.3,0.0,NE@2.7,4.6,65.7,0.0,410,"Canoe Ridge, Benton County",110023,Canoe Ridge,2017-12-14 20:10:50.109635
2016-09-24,08:45,55.0,54.7,43.9,66.2,0.0,E@4.5,7.8,65.6,0.0,427,"Canoe Ridge, Benton County",110023,Canoe Ridge,2017-12-14 20:10:50.109635
2016-09-24,09:00,55.7,55.5,44.4,65.6,0.0,E@4.7,8.5,65.6,0.0,480,"Canoe Ridge, Benton County",110023,Canoe Ridge,2017-12-14 20:10:50.109635
2016-09-24,09:15,57.7,57.5,43.9,60.0,0.0,S@6.4,9.9,65.5,0.0,514,"Canoe Ridge, Benton County",110023,Canoe Ridge,2017-12-14 20:10:50.109635
2016-09-24,09:30,58.4,58.3,44.2,58.9,0.0,SW@7.6,10.7,65.5,0.0,545,"Canoe Ridge, Benton County",110023,Canoe Ridge,2017-12-14 20:10:50.109635
2016-09-24,09:45,59.3,59.0,44.2,57.1,0.0,SW@6.9,10.3,65.4,0.0,574,"Canoe Ridge, Benton County",110023,Canoe Ridge,2017-12-14 20:10:50.109635
2016-09-24,10:00,60.1,59.9,44.1,55.4,0.0,SW@4.9,8.5,65.3,0.0,601,"Canoe Ridge, Benton County",110023,Canoe Ridge,2017-12-14 20:10:50.109635
2016-09-24,10:15,61.7,61.5,44.0,52.2,0.0,W@5.9,9.9,65.3,0.0,625,"Canoe Ridge, Benton County",110023,Canoe Ridge,2017-12-14 20:10:50.109635
2016-09-24,10:30,63.3,63.1,43.2,47.8,0.0,W@6.9,11.7,65.2,0.0,645,"Canoe Ridge, Benton County",110023,Canoe Ridge,2017-12-14 20:10:50.109635
2016-09-24,10:45,64.5,64.3,42.5,44.6,0.0,SW@7.1,10.3,65.2,0.0,662,"Canoe Ridge, Benton County",110023,Canoe Ridge,2017-12-14 20:10:50.109635
2016-09-24,11:00,65.2,65.0,42.2,42.9,0.0,SW@8.3,13.2,65.1,0.0,676,"Canoe Ridge, Benton County",110023,Canoe Ridge,2017-12-14 20:10:50.109635
2016-09-24,11:15,65.4,65.3,40.7,40.3,0.0,SE@7.6,10.7,65.0,0.0,687,"Canoe Ridge, Benton County",110023,Canoe Ridge,2017-12-14 20:10:50.109635
2016-09-24,11:30,66.2,66.1,39.6,37.5,0.0,SW@7.2,10.7,65.0,0.0,694,"Canoe Ridge, Benton County",110023,Canoe Ridge,2017-12-14 20:10:50.109635
2016-09-24,11:45,66.6,66.4,39.4,36.9,0.0,S@7.3,11.0,65.0,0.0,698,"Canoe Ridge, Benton County",110023,Canoe Ridge,2017-12-14 20:10:50.109635
2016-09-24,12:00,66.9,66.8,39.9,37.1,0.0,SE@7.8,12.1,64.9,0.0,699,"Canoe Ridge, Benton County",110023,Canoe Ridge,2017-12-14 20:10:50.109635
2016-09-24,12:15,67.4,67.3,40.7,37.5,0.0,SE@6.9,12.1,64.9,0.0,696,"Canoe Ridge, Benton County",110023,Canoe Ridge,2017-12-14 20:10:50.109635
2016-09-24,12:30,68.0,67.9,41.4,37.8,0.0,S@7.8,12.4,64.9,0.0,689,"Canoe Ridge, Benton County",110023,Canoe Ridge,2017-12-14 20:10:50.109635
2016-09-24,12:45,68.1,67.9,39.9,35.6,0.0,SE@8.5,12.4,64.8,0.0,679,"Canoe Ridge, Benton County",110023,Canoe Ridge,2017-12-14 20:10:50.109635
2016-09-24,13:00,69.1,69.0,40.2,34.8,0.0,SE@8.1,12.4,64.8,0.0,666,"Canoe Ridge, Benton County",110023,Canoe Ridge,2017-12-14 20:10:50.109635
2016-09-24,13:15,69.8,69.6,39.9,33.6,0.0,S@9.5,14.6,64.8,0.0,649,"Canoe Ridge, Benton County",110023,Canoe Ridge,2017-12-14 20:10:50.109635
2016-09-24,13:30,69.8,69.7,39.8,33.4,0.0,SE@7.7,11.0,64.8,0.0,630,"Canoe Ridge, Benton County",110023,Canoe Ridge,2017-12-14 20:10:50.109635
2016-09-24,13:45,70.3,70.0,40.3,33.6,0.0,SE@8.3,11.0,64.8,0.0,607,"Canoe Ridge, Benton County",110023,Canoe Ridge,2017-12-14 20:10:50.109635
2016-09-24,14:00,70.0,70.0,40.1,33.6,0.0,SE@6.8,12.4,64.8,0.0,582,"Canoe Ridge, Benton County",110023,Canoe Ridge,2017-12-14 20:10:50.109635
2016-09-24,14:15,69.3,69.2,39.7,33.9,0.0,E@7.3,11.0,64.8,0.0,554,"Canoe Ridge, Benton County",110023,Canoe Ridge,2017-12-14 20:10:50.109635
2016-09-24,14:30,69.3,69.3,39.2,33.2,0.0,SE@5.3,8.9,64.9,0.0,524,"Canoe Ridge, Benton County",110023,Canoe Ridge,2017-12-14 20:10:50.109635
2016-09-24,14:45,69.8,69.7,39.6,33.2,0.0,SE@6.4,10.7,64.9,0.0,491,"Canoe Ridge, Benton County",110023,Canoe Ridge,2017-12-14 20:10:50.109635
2016-09-24,15:00,70.0,69.8,39.5,32.8,0.0,SE@5.5,9.6,65.0,0.0,456,"Canoe Ridge, Benton County",110023,Canoe Ridge,2017-12-14 20:10:50.109635
2016-09-24,15:15,69.8,69.7,39.3,32.9,0.0,SE@5.5,8.5,65.0,0.0,419,"Canoe Ridge, Benton County",110023,Canoe Ridge,2017-12-14 20:10:50.109635
2016-09-24,15:30,70.5,70.3,38.9,31.6,0.0,E@4.9,9.2,65.1,0.0,380,"Canoe Ridge, Benton County",110023,Canoe Ridge,2017-12-14 20:10:50.109635
2016-09-24,15:45,70.3,70.2,39.0,31.9,0.0,SE@5.1,9.2,65.1,0.0,341,"Canoe Ridge, Benton County",110023,Canoe Ridge,2017-12-14 20:10:50.109635
2016-09-24,16:00,70.1,70.0,39.3,32.4,0.0,SE@5.8,8.5,65.2,0.0,294,"Canoe Ridge, Benton County",110023,Canoe Ridge,2017-12-14 20:10:50.109635
2016-09-24,16:15,69.6,69.5,39.3,33.0,0.0,SE@5.2,6.7,65.3,0.0,251,"Canoe Ridge, Benton County",110023,Canoe Ridge,2017-12-14 20:10:50.109635
2016-09-24,16:30,69.9,69.9,38.8,32.0,0.0,E@3.6,7.1,65.4,0.0,180,"Canoe Ridge, Benton County",110023,Canoe Ridge,2017-12-14 20:10:50.109635
2016-09-24,16:45,69.0,68.9,39.9,34.5,0.0,E@4.0,5.3,65.5,0.0,161,"Canoe Ridge, Benton County",110023,Canoe Ridge,2017-12-14 20:10:50.109635
2016-09-24,17:00,68.4,68.4,39.2,34.3,0.0,NE@3.2,5.3,65.6,0.0,132,"Canoe Ridge, Benton County",110023,Canoe Ridge,2017-12-14 20:10:50.109635
2016-09-24,17:15,68.4,68.3,38.1,32.8,0.0,E@2.9,3.5,65.7,0.0,102,"Canoe Ridge, Benton County",110023,Canoe Ridge,2017-12-14 20:10:50.109635
2016-09-24,17:30,67.9,67.8,37.3,32.4,0.0,E@2.9,3.9,65.8,0.0,67,"Canoe Ridge, Benton County",110023,Canoe Ridge,2017-12-14 20:10:50.109635
2016-09-24,17:45,67.1,67.1,36.7,32.6,0.0,NE@1.5,4.2,65.9,0.0,28,"Canoe Ridge, Benton County",110023,Canoe Ridge,2017-12-14 20:10:50.109635
2016-09-24,18:00,66.0,65.9,37.3,34.6,0.0,NE@0.3,3.1,66.0,0.0,8,"Canoe Ridge, Benton County",110023,Canoe Ridge,2017-12-14 20:10:50.109635
2016-09-24,18:15,64.6,64.6,37.8,37.0,0.0,NE@3.7,4.9,66.1,0.0,2,"Canoe Ridge, Benton County",110023,Canoe Ridge,2017-12-14 20:10:50.109635
2016-09-24,18:30,64.6,64.6,37.4,36.4,0.0,NE@3.8,5.3,66.3,0.0,0,"Canoe Ridge, Benton County",110023,Canoe Ridge,2017-12-14 20:10:50.109635
2016-09-24,18:45,64.2,64.1,37.4,37.0,0.0,NE@4.5,6.4,66.4,0.0,0,"Canoe Ridge, Benton County",110023,Canoe Ridge,2017-12-14 20:10:50.109635
2016-09-24,19:00,64.1,64.1,37.4,37.1,0.0,NE@6.2,8.2,66.5,0.0,0,"Canoe Ridge, Benton County",110023,Canoe Ridge,2017-12-14 20:10:50.109635
2016-09-24,19:15,63.6,63.5,38.4,39.4,0.0,NE@5.9,7.4,66.7,0.0,0,"Canoe Ridge, Benton County",110023,Canoe Ridge,2017-12-14 20:10:50.109635
2016-09-24,19:30,63.3,63.3,39.4,41.3,0.0,NE@6.0,8.2,66.8,0.0,0,"Canoe Ridge, Benton County",110023,Canoe Ridge,2017-12-14 20:10:50.109635
2016-09-24,19:45,63.3,63.3,39.8,41.9,0.0,E@6.1,8.5,66.9,0.0,0,"Canoe Ridge, Benton County",110023,Canoe Ridge,2017-12-14 20:10:50.109635
2016-09-24,20:00,62.5,62.5,41.8,46.6,0.0,E@5.9,7.4,67.0,0.0,0,"Canoe Ridge, Benton County",110023,Canoe Ridge,2017-12-14 20:10:50.109635
2016-09-24,20:15,61.5,61.5,43.2,50.9,0.0,E@5.9,7.4,67.1,0.0,0,"Canoe Ridge, Benton County",110023,Canoe Ridge,2017-12-14 20:10:50.109635
2016-09-24,20:30,60.8,60.8,42.8,51.4,0.0,SW@6.8,9.2,67.2,0.0,0,"Canoe Ridge, Benton County",110023,Canoe Ridge,2017-12-14 20:10:50.109635
2016-09-24,20:45,60.5,60.5,41.6,49.5,0.0,W@5.4,8.2,67.3,0.0,0,"Canoe Ridge, Benton County",110023,Canoe Ridge,2017-12-14 20:10:50.109635
2016-09-24,21:00,59.9,59.8,41.4,50.2,0.0,SW@2.5,4.2,67.4,0.0,0,"Canoe Ridge, Benton County",110023,Canoe Ridge,2017-12-14 20:10:50.109635
2016-09-24,21:15,57.3,57.3,41.0,54.3,0.0,N@4.2,6.4,67.5,0.0,0,"Canoe Ridge, Benton County",110023,Canoe Ridge,2017-12-14 20:10:50.109635
2016-09-24,21:30,57.7,57.7,40.8,53.2,0.0,N@4.1,5.3,67.5,0.0,0,"Canoe Ridge, Benton County",110023,Canoe Ridge,2017-12-14 20:10:50.109635
2016-09-24,21:45,59.5,59.5,40.1,48.4,0.0,NE@2.5,4.9,67.6,0.0,0,"Canoe Ridge, Benton County",110023,Canoe Ridge,2017-12-14 20:10:50.109635
2016-09-24,22:00,59.2,59.1,39.7,48.2,0.0,NW@2.3,3.1,67.7,0.0,0,"Canoe Ridge, Benton County",110023,Canoe Ridge,2017-12-14 20:10:50.109635
2016-09-24,22:15,58.5,58.4,39.8,49.7,0.0,W@2.1,3.5,67.7,0.0,0,"Canoe Ridge, Benton County",110023,Canoe Ridge,2017-12-14 20:10:50.109635
2016-09-24,22:30,57.6,57.4,39.2,50.3,0.0,SW@2.3,3.1,67.8,0.0,0,"Canoe Ridge, Benton County",110023,Canoe Ridge,2017-12-14 20:10:50.109635
2016-09-24,22:45,57.2,57.0,39.3,51.1,0.0,S@2.4,3.1,67.8,0.0,0,"Canoe Ridge, Benton County",110023,Canoe Ridge,2017-12-14 20:10:50.109635
2016-09-24,23:00,57.3,57.1,39.7,51.6,0.0,W@2.2,3.5,67.9,0.0,0,"Canoe Ridge, Benton County",110023,Canoe Ridge,2017-12-14 20:10:50.109635
2016-09-25,23:15,57.6,57.4,40.2,52.0,0.0,N@0.0,0.0,67.9,0.0,0,"Canoe Ridge, Benton County",110023,Canoe Ridge,2017-12-14 20:10:50.109635
2016-09-25,23:30,57.4,57.1,40.4,52.9,0.0,N@0.0,0.0,67.9,0.0,0,"Canoe Ridge, Benton County",110023,Canoe Ridge,2017-12-14 20:10:50.109635
2016-09-25,23:45,54.8,54.7,39.4,56.0,0.0,N@2.3,4.2,67.9,0.0,0,"Canoe Ridge, Benton County",110023,Canoe Ridge,2017-12-14 20:10:50.109635
2016-09-25,24:00,54.6,54.4,39.6,56.8,0.0,NE@1.7,3.5,67.9,0.0,0,"Canoe Ridge, Benton County",110023,Canoe Ridge,2017-12-14 20:10:50.109635
2016-09-25,00:15,54.6,54.5,40.5,58.9,0.0,N@0.0,0.0,68.0,0.0,0,"Canoe Ridge, Benton County",110023,Canoe Ridge,2017-12-14 20:10:50.109635
2016-09-25,00:30,54.3,54.2,40.8,60.1,0.0,N@0.0,0.0,68.0,0.0,0,"Canoe Ridge, Benton County",110023,Canoe Ridge,2017-12-14 20:10:50.109635
2016-09-25,00:45,55.4,55.3,40.5,57.1,0.0,N@0.0,0.0,68.0,0.0,0,"Canoe Ridge, Benton County",110023,Canoe Ridge,2017-12-14 20:10:50.109635
2016-09-25,01:00,55.7,55.6,41.5,58.8,0.0,SW@2.5,4.2,68.0,0.0,0,"Canoe Ridge, Benton County",110023,Canoe Ridge,2017-12-14 20:10:50.109635
2016-09-25,01:15,56.0,56.0,41.4,57.7,0.0,W@3.3,3.9,67.9,0.0,0,"Canoe Ridge, Benton County",110023,Canoe Ridge,2017-12-14 20:10:50.109635
2016-09-25,01:30,54.7,54.6,39.7,56.8,0.0,W@3.4,5.7,67.9,0.0,0,"Canoe Ridge, Benton County",110023,Canoe Ridge,2017-12-14 20:10:50.109635
2016-09-25,01:45,53.4,53.3,40.0,60.3,0.0,N@1.8,3.1,67.9,0.0,0,"Canoe Ridge, Benton County",110023,Canoe Ridge,2017-12-14 20:10:50.109635
2016-09-25,02:00,54.7,54.7,40.8,59.2,0.0,N@1.7,3.1,67.9,0.0,0,"Canoe Ridge, Benton County",110023,Canoe Ridge,2017-12-14 20:10:50.109635
2016-09-25,02:15,55.4,55.4,41.1,58.5,0.0,N@3.1,3.5,67.9,0.0,0,"Canoe Ridge, Benton County",110023,Canoe Ridge,2017-12-14 20:10:50.109635
2016-09-25,02:30,55.0,55.0,40.5,57.8,0.0,N@3.3,4.2,67.8,0.0,0,"Canoe Ridge, Benton County",110023,Canoe Ridge,2017-12-14 20:10:50.109635
2016-09-25,02:45,54.1,54.0,40.4,59.7,0.0,SE@2.9,3.9,67.8,0.0,0,"Canoe Ridge, Benton County",110023,Canoe Ridge,2017-12-14 20:10:50.109635
2016-09-25,03:00,52.8,52.7,40.6,63.0,0.0,S@2.8,3.9,67.8,0.0,0,"Canoe Ridge, Benton County",110023,Canoe Ridge,2017-12-14 20:10:50.109635
2016-09-25,03:15,52.6,52.5,40.3,62.8,0.0,NE@2.4,3.9,67.7,0.0,0,"Canoe Ridge, Benton County",110023,Canoe Ridge,2017-12-14 20:10:50.109635
2016-09-25,03:30,52.2,52.1,40.1,63.2,0.0,N@2.9,4.2,67.7,0.0,0,"Canoe Ridge, Benton County",110023,Canoe Ridge,2017-12-14 20:10:50.109635
2016-09-25,03:45,50.3,50.2,39.5,66.2,0.0,NE@3.0,5.3,67.6,0.0,0,"Canoe Ridge, Benton County",110023,Canoe Ridge,2017-12-14 20:10:50.109635
2016-09-25,04:00,50.9,50.7,40.9,68.4,0.0,N@2.5,3.5,67.6,0.0,0,"Canoe Ridge, Benton County",110023,Canoe Ridge,2017-12-14 20:10:50.109635
2016-09-25,04:15,51.5,51.2,41.8,69.3,0.01,N@0.6,2.1,67.6,0.0,0,"Canoe Ridge, Benton County",110023,Canoe Ridge,2017-12-14 20:10:50.109635
2016-09-25,04:30,51.8,51.7,40.7,65.6,0.01,N@0.0,0.0,67.5,0.0,0,"Canoe Ridge, Benton County",110023,Canoe Ridge,2017-12-14 20:10:50.109635
2016-09-25,04:45,51.2,51.1,41.3,68.6,0.01,N@0.0,0.0,67.5,0.0,0,"Canoe Ridge, Benton County",110023,Canoe Ridge,2017-12-14 20:10:50.109635
2016-09-25,05:00,51.5,51.3,41.2,67.7,0.01,N@0.0,0.0,67.4,0.0,0,"Canoe Ridge, Benton County",110023,Canoe Ridge,2017-12-14 20:10:50.109635
2016-09-25,05:15,50.6,50.5,40.7,68.7,0.01,N@0.0,0.0,67.4,0.0,0,"Canoe Ridge, Benton County",110023,Canoe Ridge,2017-12-14 20:10:50.109635
2016-09-25,05:30,49.8,49.6,40.8,71.1,0.01,N@0.0,0.0,67.3,0.0,0,"Canoe Ridge, Benton County",110023,Canoe Ridge,2017-12-14 20:10:50.109635
2016-09-25,05:45,46.7,46.7,39.8,76.8,0.01,N@2.1,4.6,67.3,0.0,1,"Canoe Ridge, Benton County",110023,Canoe Ridge,2017-12-14 20:10:50.109635
2016-09-25,06:00,49.7,49.6,40.8,71.4,0.01,S@3.4,4.9,67.2,0.0,5,"Canoe Ridge, Benton County",110023,Canoe Ridge,2017-12-14 20:10:50.109635
2016-09-25,06:15,50.5,50.5,40.9,69.3,0.01,N@2.3,3.5,67.1,0.0,23,"Canoe Ridge, Benton County",110023,Canoe Ridge,2017-12-14 20:10:50.109635
2016-09-25,06:30,50.9,51.0,41.5,70.1,0.01,S@2.4,4.6,67.1,0.0,69,"Canoe Ridge, Benton County",110023,Canoe Ridge,2017-12-14 20:10:50.109635
2016-09-25,06:45,51.2,51.0,42.7,72.6,0.01,N@3.9,4.9,67.0,0.0,107,"Canoe Ridge, Benton County",110023,Canoe Ridge,2017-12-14 20:10:50.109635
2016-09-25,07:00,53.0,52.9,43.1,69.0,0.0,W@1.5,3.5,67.0,0.0,153,"Canoe Ridge, Benton County",110023,Canoe Ridge,2017-12-14 20:10:50.109635
2016-09-25,07:15,53.1,53.0,43.4,69.4,0.0,W@3.3,4.9,66.9,0.0,198,"Canoe Ridge, Benton County",110023,Canoe Ridge,2017-12-14 20:10:50.109635
2016-09-25,07:30,52.5,52.2,44.1,73.1,0.0,SW@3.9,6.4,66.8,0.0,219,"Canoe Ridge, Benton County",110023,Canoe Ridge,2017-12-14 20:10:50.109635
2016-09-25,07:45,53.2,53.0,43.5,69.4,0.0,SW@5.0,7.1,66.7,0.0,267,"Canoe Ridge, Benton County",110023,Canoe Ridge,2017-12-14 20:10:50.109635
2016-09-25,08:00,53.8,53.6,43.8,68.6,0.0,SW@4.9,7.8,66.7,0.0,286,"Canoe Ridge, Benton County",110023,Canoe Ridge,2017-12-14 20:10:50.109635
2016-09-25,08:15,55.2,55.0,42.9,63.1,0.0,W@4.0,6.0,66.6,0.0,354,"Canoe Ridge, Benton County",110023,Canoe Ridge,2017-12-14 20:10:50.109635
2016-09-25,08:30,56.6,56.4,42.9,60.0,0.0,S@2.9,4.9,66.5,0.0,392,"Canoe Ridge, Benton County",110023,Canoe Ridge,2017-12-14 20:10:50.109635
2016-09-25,08:45,58.4,58.2,43.3,57.1,0.0,S@2.3,5.3,66.5,0.0,430,"Canoe Ridge, Benton County",110023,Canoe Ridge,2017-12-14 20:10:50.109635
2016-09-25,09:00,59.3,59.1,43.7,56.1,0.0,S@3.1,5.7,66.4,0.0,466,"Canoe Ridge, Benton County",110023,Canoe Ridge,2017-12-14 20:10:50.109635
2016-09-25,09:15,60.9,60.7,43.7,53.1,0.0,E@1.9,4.2,66.3,0.0,501,"Canoe Ridge, Benton County",110023,Canoe Ridge,2017-12-14 20:10:50.109635
2016-09-25,09:30,61.2,60.9,44.4,54.0,0.0,SE@2.4,5.3,66.3,0.0,532,"Canoe Ridge, Benton County",110023,Canoe Ridge,2017-12-14 20:10:50.109635
2016-09-25,09:45,61.6,61.2,45.0,54.5,0.0,E@3.0,6.0,66.2,0.0,560,"Canoe Ridge, Benton County",110023,Canoe Ridge,2017-12-14 20:10:50.109635
2016-09-25,10:00,61.9,61.8,44.9,53.6,0.0,NE@2.7,4.6,66.1,0.0,587,"Canoe Ridge, Benton County",110023,Canoe Ridge,2017-12-14 20:10:50.109635
2016-09-25,10:15,63.5,63.3,45.2,51.1,0.0,E@2.9,7.8,66.1,0.0,605,"Canoe Ridge, Benton County",110023,Canoe Ridge,2017-12-14 20:10:50.109635
2016-09-25,10:30,64.6,64.5,45.8,50.5,0.0,E@5.1,8.5,66.0,0.0,630,"Canoe Ridge, Benton County",110023,Canoe Ridge,2017-12-14 20:10:50.109635
2016-09-25,10:45,65.1,64.9,45.4,48.9,0.0,SE@4.6,8.2,65.9,0.0,648,"Canoe Ridge, Benton County",110023,Canoe Ridge,2017-12-14 20:10:50.109635
2016-09-25,11:00,66.5,66.4,45.5,46.5,0.0,E@3.7,8.5,65.9,0.0,665,"Canoe Ridge, Benton County",110023,Canoe Ridge,2017-12-14 20:10:50.109635
2016-09-25,11:15,67.1,67.0,45.6,45.9,0.0,SE@5.3,8.9,65.8,0.0,674,"Canoe Ridge, Benton County",110023,Canoe Ridge,2017-12-14 20:10:50.109635
2016-09-25,11:30,67.8,67.8,45.1,43.9,0.0,E@5.0,8.5,65.8,0.0,679,"Canoe Ridge, Benton County",110023,Canoe Ridge,2017-12-14 20:10:50.109635
2016-09-25,11:45,69.4,69.3,44.5,40.5,0.0,NE@4.9,8.5,65.7,0.0,684,"Canoe Ridge, Benton County",110023,Canoe Ridge,2017-12-14 20:10:50.109635
2016-09-25,12:00,70.6,70.4,43.5,37.7,0.0,E@4.9,8.2,65.7,0.0,685,"Canoe Ridge, Benton County",110023,Canoe Ridge,2017-12-14 20:10:50.109635
2016-09-25,12:15,71.4,71.4,42.1,34.6,0.0,SE@5.1,7.8,65.7,0.0,676,"Canoe Ridge, Benton County",110023,Canoe Ridge,2017-12-14 20:10:50.109635
2016-09-25,12:30,72.0,71.9,41.4,33.1,0.0,E@4.8,9.6,65.6,0.0,665,"Canoe Ridge, Benton County",110023,Canoe Ridge,2017-12-14 20:10:50.109635
2016-09-25,12:45,73.3,73.3,41.5,31.7,0.0,NE@4.7,8.5,65.6,0.0,663,"Canoe Ridge, Benton County",110023,Canoe Ridge,2017-12-14 20:10:50.109635
2016-09-25,13:00,74.3,74.1,41.0,30.2,0.0,NE@4.0,12.8,65.6,0.0,650,"Canoe Ridge, Benton County",110023,Canoe Ridge,2017-12-14 20:10:50.109635
2016-09-25,13:15,75.4,75.2,40.1,28.1,0.0,NE@4.0,9.6,65.6,0.0,633,"Canoe Ridge, Benton County",110023,Canoe Ridge,2017-12-14 20:10:50.109635
2016-09-25,13:30,75.7,75.5,39.7,27.3,0.0,E@4.6,8.2,65.6,0.0,614,"Canoe Ridge, Benton County",110023,Canoe Ridge,2017-12-14 20:10:50.109635
2016-09-25,13:45,76.0,75.9,38.5,25.8,0.0,E@5.1,7.8,65.6,0.0,592,"Canoe Ridge, Benton County",110023,Canoe Ridge,2017-12-14 20:10:50.109635
2016-09-25,14:00,76.2,76.1,36.1,23.3,0.0,E@4.1,6.7,65.6,0.0,568,"Canoe Ridge, Benton County",110023,Canoe Ridge,2017-12-14 20:10:50.109635
2016-09-25,14:15,77.3,77.3,36.8,23.1,0.0,E@3.4,5.7,65.6,0.0,541,"Canoe Ridge, Benton County",110023,Canoe Ridge,2017-12-14 20:10:50.109635
2016-09-25,14:30,78.8,78.9,36.5,21.7,0.0,NE@2.4,4.2,65.7,0.0,506,"Canoe Ridge, Benton County",110023,Canoe Ridge,2017-12-14 20:10:50.109635
2016-09-25,14:45,78.4,78.2,37.3,22.7,0.0,E@2.9,4.9,65.7,0.0,476,"Canoe Ridge, Benton County",110023,Canoe Ridge,2017-12-14 20:10:50.109635
2016-09-25,15:00,79.1,79.0,35.3,20.5,0.0,E@3.7,7.4,65.8,0.0,444,"Canoe Ridge, Benton County",110023,Canoe Ridge,2017-12-14 20:10:50.109635
2016-09-25,15:15,78.5,78.1,32.9,19.0,0.0,E@3.7,7.1,65.8,0.0,408,"Canoe Ridge, Benton County",110023,Canoe Ridge,2017-12-14 20:10:50.109635
2016-09-25,15:30,78.4,78.1,32.3,18.7,0.0,NE@3.6,6.4,65.9,0.0,370,"Canoe Ridge, Benton County",110023,Canoe Ridge,2017-12-14 20:10:50.109635
2016-09-25,15:45,79.5,79.1,34.7,19.8,0.0,E@2.5,4.9,66.0,0.0,330,"Canoe Ridge, Benton County",110023,Canoe Ridge,2017-12-14 20:10:50.109635
2016-09-25,16:00,79.4,79.1,35.6,20.6,0.0,E@2.6,4.6,66.1,0.0,289,"Canoe Ridge, Benton County",110023,Canoe Ridge,2017-12-14 20:10:50.109635
2016-09-25,16:15,78.8,78.5,35.6,21.0,0.0,E@3.1,5.7,66.2,0.0,249,"Canoe Ridge, Benton County",110023,Canoe Ridge,2017-12-14 20:10:50.109635
2016-09-25,16:30,78.3,78.1,34.2,20.2,0.0,E@4.3,6.4,66.3,0.0,206,"Canoe Ridge, Benton County",110023,Canoe Ridge,2017-12-14 20:10:50.109635
2016-09-25,16:45,78.3,78.1,34.0,20.0,0.0,NE@3.4,4.9,66.4,0.0,169,"Canoe Ridge, Benton County",110023,Canoe Ridge,2017-12-14 20:10:50.109635
2016-09-25,17:00,77.8,77.6,33.7,20.1,0.0,NE@3.4,4.6,66.5,0.0,112,"Canoe Ridge, Benton County",110023,Canoe Ridge,2017-12-14 20:10:50.109635
2016-09-25,17:15,77.4,77.2,36.2,22.5,0.0,N@3.3,4.9,66.7,0.0,84,"Canoe Ridge, Benton County",110023,Canoe Ridge,2017-12-14 20:10:50.109635
2016-09-25,17:30,76.5,76.3,41.1,28.1,0.0,W@3.3,3.9,66.8,0.0,49,"Canoe Ridge, Benton County",110023,Canoe Ridge,2017-12-14 20:10:50.109635
2016-09-25,17:45,75.8,75.8,42.3,30.1,0.0,W@3.6,4.2,67.0,0.0,11,"Canoe Ridge, Benton County",110023,Canoe Ridge,2017-12-14 20:10:50.109635
2016-09-25,18:00,75.8,75.8,39.5,27.0,0.0,W@3.5,4.2,67.1,0.0,3,"Canoe Ridge, Benton County",110023,Canoe Ridge,2017-12-14 20:10:50.109635
2016-09-25,18:15,75.7,75.7,38.0,25.5,0.0,W@3.4,4.6,67.3,0.0,0,"Canoe Ridge, Benton County",110023,Canoe Ridge,2017-12-14 20:10:50.109635
2016-09-25,18:30,75.9,75.9,37.0,24.5,0.0,W@2.7,3.5,67.4,0.0,0,"Canoe Ridge, Benton County",110023,Canoe Ridge,2017-12-14 20:10:50.109635
2016-09-25,18:45,75.6,75.6,38.2,25.8,0.0,W@1.5,2.4,67.6,0.0,0,"Canoe Ridge, Benton County",110023,Canoe Ridge,2017-12-14 20:10:50.109635
2016-09-25,19:00,75.1,75.1,38.9,27.0,0.0,W@1.0,2.4,67.7,0.0,0,"Canoe Ridge, Benton County",110023,Canoe Ridge,2017-12-14 20:10:50.109635
2016-09-25,19:15,74.2,74.2,40.0,29.0,0.0,S@2.3,2.8,67.9,0.0,0,"Canoe Ridge, Benton County",110023,Canoe Ridge,2017-12-14 20:10:50.109635
2016-09-25,19:30,72.1,72.1,39.6,30.7,0.0,NE@4.3,6.4,68.0,0.0,0,"Canoe Ridge, Benton County",110023,Canoe Ridge,2017-12-14 20:10:50.109635
2016-09-25,19:45,69.8,69.8,39.1,32.6,0.0,NE@4.0,5.3,68.2,0.0,0,"Canoe Ridge, Benton County",110023,Canoe Ridge,2017-12-14 20:10:50.109635
2016-09-25,20:00,69.2,69.2,39.5,33.8,0.0,SE@4.4,6.7,68.3,0.0,0,"Canoe Ridge, Benton County",110023,Canoe Ridge,2017-12-14 20:10:50.109635
2016-09-25,20:15,69.9,69.8,39.1,32.4,0.0,S@3.7,4.2,68.4,0.0,0,"Canoe Ridge, Benton County",110023,Canoe Ridge,2017-12-14 20:10:50.109635
2016-09-25,20:30,68.0,68.0,40.2,36.2,0.0,W@4.4,7.4,68.6,0.0,0,"Canoe Ridge, Benton County",110023,Canoe Ridge,2017-12-14 20:10:50.109635
2016-09-25,20:45,66.7,66.7,40.1,37.7,0.0,W@5.5,10.7,68.7,0.0,0,"Canoe Ridge, Benton County",110023,Canoe Ridge,2017-12-14 20:10:50.109635
2016-09-25,21:00,66.0,66.0,40.5,39.2,0.0,SW@4.8,6.0,68.8,0.0,0,"Canoe Ridge, Benton County",110023,Canoe Ridge,2017-12-14 20:10:50.109635
2016-09-25,21:15,65.3,65.3,40.0,39.3,0.0,S@4.9,6.4,68.9,0.0,0,"Canoe Ridge, Benton County",110023,Canoe Ridge,2017-12-14 20:10:50.109635
2016-09-25,21:30,64.9,64.8,38.8,38.2,0.0,SE@4.7,6.4,69.0,0.0,0,"Canoe Ridge, Benton County",110023,Canoe Ridge,2017-12-14 20:10:50.109635
2016-09-25,21:45,66.2,66.2,38.9,36.6,0.0,NW@4.1,6.0,69.1,0.0,0,"Canoe Ridge, Benton County",110023,Canoe Ridge,2017-12-14 20:10:50.109635
2016-09-25,22:00,67.2,67.2,39.2,35.7,0.0,NW@3.4,5.7,69.2,0.0,0,"Canoe Ridge, Benton County",110023,Canoe Ridge,2017-12-14 20:10:50.109635
2016-09-25,22:15,67.5,67.6,39.5,35.8,0.0,W@2.1,4.2,69.3,0.0,0,"Canoe Ridge, Benton County",110023,Canoe Ridge,2017-12-14 20:10:50.109635
2016-09-25,22:30,68.8,68.9,40.0,34.9,0.0,N@2.8,4.2,69.3,0.0,0,"Canoe Ridge, Benton County",110023,Canoe Ridge,2017-12-14 20:10:50.109635
2016-09-25,22:45,69.2,69.3,40.6,35.2,0.0,N@2.5,3.5,69.4,0.0,0,"Canoe Ridge, Benton County",110023,Canoe Ridge,2017-12-14 20:10:50.109635
2016-09-25,23:00,66.4,66.4,40.8,39.0,0.0,N@3.5,6.0,69.5,0.0,0,"Canoe Ridge, Benton County",110023,Canoe Ridge,2017-12-14 20:10:50.109635
2016-09-26,23:15,66.1,66.0,41.8,41.0,0.0,NE@2.8,3.9,69.5,0.0,0,"Canoe Ridge, Benton County",110023,Canoe Ridge,2017-12-14 20:10:50.109635
2016-09-26,23:30,65.9,65.8,43.2,43.6,0.0,NW@3.1,4.6,69.5,0.0,0,"Canoe Ridge, Benton County",110023,Canoe Ridge,2017-12-14 20:10:50.109635
2016-09-26,23:45,65.0,64.9,43.8,46.1,0.0,E@3.3,4.2,69.6,0.0,0,"Canoe Ridge, Benton County",110023,Canoe Ridge,2017-12-14 20:10:50.109635
2016-09-26,24:00,63.6,63.5,44.2,49.1,0.0,E@3.2,3.9,69.6,0.0,0,"Canoe Ridge, Benton County",110023,Canoe Ridge,2017-12-14 20:10:50.109635
2016-09-26,00:15,64.0,63.8,43.3,46.7,0.0,N@3.6,4.2,69.6,0.0,0,"Canoe Ridge, Benton County",110023,Canoe Ridge,2017-12-14 20:10:50.109635
2016-09-26,00:30,64.3,64.2,42.5,44.9,0.0,N@3.8,4.6,69.6,0.0,0,"Canoe Ridge, Benton County",110023,Canoe Ridge,2017-12-14 20:10:50.109635
2016-09-26,00:45,64.2,64.1,42.3,44.8,0.0,N@4.0,6.4,69.7,0.0,0,"Canoe Ridge, Benton County",110023,Canoe Ridge,2017-12-14 20:10:50.109635
2016-09-26,01:00,64.0,63.9,42.4,45.3,0.0,NE@3.8,6.4,69.7,0.0,0,"Canoe Ridge, Benton County",110023,Canoe Ridge,2017-12-14 20:10:50.109635
2016-09-26,01:15,63.9,63.8,41.7,44.3,0.0,NE@3.9,5.7,69.7,0.0,0,"Canoe Ridge, Benton County",110023,Canoe Ridge,2017-12-14 20:10:50.109635
2016-09-26,01:30,62.8,62.7,42.2,46.8,0.0,N@4.2,6.0,69.7,0.0,0,"Canoe Ridge, Benton County",110023,Canoe Ridge,2017-12-14 20:10:50.109635
2016-09-26,01:45,62.5,62.5,42.3,47.5,0.0,SE@4.5,7.4,69.7,0.0,0,"Canoe Ridge, Benton County",110023,Canoe Ridge,2017-12-14 20:10:50.109635
2016-09-26,02:00,62.7,62.7,42.3,47.1,0.0,E@4.4,5.3,69.7,0.0,0,"Canoe Ridge, Benton County",110023,Canoe Ridge,2017-12-14 20:10:50.109635
2016-09-26,02:15,63.2,63.1,43.2,48.0,0.0,N@4.2,4.9,69.7,0.0,0,"Canoe Ridge, Benton County",110023,Canoe Ridge,2017-12-14 20:10:50.109635
2016-09-26,02:30,63.1,63.0,43.7,49.0,0.0,N@3.9,6.0,69.6,0.0,0,"Canoe Ridge, Benton County",110023,Canoe Ridge,2017-12-14 20:10:50.109635
2016-09-26,02:45,62.0,61.9,44.5,52.7,0.0,N@3.1,3.9,69.6,0.0,0,"Canoe Ridge, Benton County",110023,Canoe Ridge,2017-12-14 20:10:50.109635
2016-09-26,03:00,60.9,60.8,44.7,55.0,0.0,E@1.7,4.2,69.6,0.0,0,"Canoe Ridge, Benton County",110023,Canoe Ridge,2017-12-14 20:10:50.109635
2016-09-26,03:15,60.6,60.5,44.5,55.2,0.0,E@0.9,4.2,69.6,0.0,0,"Canoe Ridge, Benton County",110023,Canoe Ridge,2017-12-14 20:10:50.109635
2016-09-26,03:30,61.0,61.0,44.4,54.3,0.0,N@0.7,2.8,69.6,0.0,0,"Canoe Ridge, Benton County",110023,Canoe Ridge,2017-12-14 20:10:50.109635
2016-09-26,03:45,61.8,61.8,43.9,51.7,0.0,N@0.8,3.1,69.5,0.0,0,"Canoe Ridge, Benton County",110023,Canoe Ridge,2017-12-14 20:10:50.109635
2016-09-26,04:00,61.6,61.5,43.1,50.4,0.0,N@1.5,2.8,69.5,0.0,0,"Canoe Ridge, Benton County",110023,Canoe Ridge,2017-12-14 20:10:50.109635
2016-09-26,04:15,61.8,61.8,42.6,49.2,0.0,SE@2.4,3.5,69.5,0.0,0,"Canoe Ridge, Benton County",110023,Canoe Ridge,2017-12-14 20:10:50.109635
2016-09-26,04:30,61.1,61.1,43.2,51.7,0.0,N@1.3,3.5,69.4,0.0,0,"Canoe Ridge, Benton County",110023,Canoe Ridge,2017-12-14 20:10:50.109635
2016-09-26,04:45,62.0,62.0,43.5,50.6,0.0,N@2.1,3.5,69.4,0.0,0,"Canoe Ridge, Benton County",110023,Canoe Ridge,2017-12-14 20:10:50.109635
2016-09-26,05:00,62.4,62.3,43.4,49.7,0.0,N@2.2,4.2,69.4,0.0,0,"Canoe Ridge, Benton County",110023,Canoe Ridge,2017-12-14 20:10:50.109635
2016-09-26,05:15,61.0,60.8,43.7,53.0,0.0,N@0.0,1.7,69.3,0.0,0,"Canoe Ridge, Benton County",110023,Canoe Ridge,2017-12-14 20:10:50.109635
2016-09-26,05:30,58.4,58.3,47.0,65.7,0.01,N@1.4,3.9,69.3,0.0,0,"Canoe Ridge, Benton County",110023,Canoe Ridge,2017-12-14 20:10:50.109635
2016-09-26,05:45,59.5,59.5,44.5,57.4,0.01,N@1.0,4.2,69.2,0.0,1,"Canoe Ridge, Benton County",110023,Canoe Ridge,2017-12-14 20:10:50.109635
2016-09-26,06:00,59.2,59.1,44.2,57.4,0.0,N@0.0,0.0,69.2,0.0,5,"Canoe Ridge, Benton County",110023,Canoe Ridge,2017-12-14 20:10:50.109635
2016-09-26,06:15,59.9,60.0,43.7,54.8,0.0,NE@1.5,4.2,69.1,0.0,21,"Canoe Ridge, Benton County",110023,Canoe Ridge,2017-12-14 20:10:50.109635
2016-09-26,06:30,61.0,61.0,43.6,52.8,0.0,N@3.2,5.3,69.1,0.0,41,"Canoe Ridge, Benton County",110023,Canoe Ridge,2017-12-14 20:10:50.109635
2016-09-26,06:45,60.7,60.6,44.2,54.5,0.0,SW@2.6,5.3,69.1,0.0,107,"Canoe Ridge, Benton County",110023,Canoe Ridge,2017-12-14 20:10:50.109635
2016-09-26,07:00,60.3,60.2,44.6,56.1,0.0,SW@2.7,4.6,69.0,0.0,164,"Canoe Ridge, Benton County",110023,Canoe Ridge,2017-12-14 20:10:50.109635
2016-09-26,07:15,63.7,63.5,43.9,48.4,0.0,W@3.4,6.0,68.9,0.0,197,"Canoe Ridge, Benton County",110023,Canoe Ridge,2017-12-14 20:10:50.109635
2016-09-26,07:30,63.5,63.3,43.7,48.4,0.0,SW@3.6,5.3,68.9,0.0,231,"Canoe Ridge, Benton County",110023,Canoe Ridge,2017-12-14 20:10:50.109635
2016-09-26,07:45,63.1,62.8,44.0,49.7,0.0,SE@3.3,6.4,68.8,0.0,226,"Canoe Ridge, Benton County",110023,Canoe Ridge,2017-12-14 20:10:50.109635
2016-09-26,08:00,63.1,62.9,44.4,50.3,0.0,E@2.6,5.3,68.8,0.0,254,"Canoe Ridge, Benton County",110023,Canoe Ridge,2017-12-14 20:10:50.109635
2016-09-26,08:15,62.8,62.5,44.9,51.9,0.0,SE@2.8,5.7,68.7,0.0,329,"Canoe Ridge, Benton County",110023,Canoe Ridge,2017-12-14 20:10:50.109635
2016-09-26,08:30,63.9,63.7,45.1,50.2,0.0,SE@2.5,5.7,68.7,0.0,393,"Canoe Ridge, Benton County",110023,Canoe Ridge,2017-12-14 20:10:50.109635
2016-09-26,08:45,64.0,63.7,46.8,53.4,0.0,E@3.1,4.9,68.6,0.0,436,"Canoe Ridge, Benton County",110023,Canoe Ridge,2017-12-14 20:10:50.109635
2016-09-26,09:00,64.5,64.4,47.5,53.9,0.0,E@3.0,6.0,68.5,0.0,470,"Canoe Ridge, Benton County",110023,Canoe Ridge,2017-12-14 20:10:50.109635
2016-09-26,09:15,66.1,65.9,48.3,52.5,0.0,SE@2.7,5.3,68.5,0.0,505,"Canoe Ridge, Benton County",110023,Canoe Ridge,2017-12-14 20:10:50.109635
2016-09-26,09:30,67.3,67.0,47.9,49.6,0.0,SE@2.9,5.3,68.4,0.0,527,"Canoe Ridge, Benton County",110023,Canoe Ridge,2017-12-14 20:10:50.109635
2016-09-26,09:45,68.6,68.4,48.4,48.4,0.0,SE@2.9,5.3,68.4,0.0,557,"Canoe Ridge, Benton County",110023,Canoe Ridge,2017-12-14 20:10:50.109635
2016-09-26,10:00,69.5,69.3,47.7,45.7,0.0,NE@3.8,6.0,68.3,0.0,589,"Canoe Ridge, Benton County",110023,Canoe Ridge,2017-12-14 20:10:50.109635
2016-09-26,10:15,70.3,69.9,46.4,42.4,0.0,E@3.7,7.8,68.2,0.0,611,"Canoe Ridge, Benton County",110023,Canoe Ridge,2017-12-14 20:10:50.109635
2016-09-26,10:30,71.0,70.7,45.7,40.3,0.0,E@3.9,6.7,68.2,0.0,631,"Canoe Ridge, Benton County",110023,Canoe Ridge,2017-12-14 20:10:50.109635
2016-09-26,10:45,71.6,71.4,44.6,37.9,0.0,NE@4.2,6.7,68.1,0.0,646,"Canoe Ridge, Benton County",110023,Canoe Ridge,2017-12-14 20:10:50.109635
2016-09-26,11:00,73.4,73.2,45.1,36.3,0.0,SE@2.8,10.7,68.1,0.0,665,"Canoe Ridge, Benton County",110023,Canoe Ridge,2017-12-14 20:10:50.109635
2016-09-26,11:15,74.0,73.9,45.6,36.3,0.0,SE@3.4,8.5,68.0,0.0,673,"Canoe Ridge, Benton County",110023,Canoe Ridge,2017-12-14 20:10:50.109635
2016-09-26,11:30,74.0,73.8,45.9,36.8,0.0,SE@3.3,6.4,68.0,0.0,677,"Canoe Ridge, Benton County",110023,Canoe Ridge,2017-12-14 20:10:50.109635
2016-09-26,11:45,76.4,76.3,46.6,34.8,0.0,SE@3.1,4.9,67.9,0.0,681,"Canoe Ridge, Benton County",110023,Canoe Ridge,2017-12-14 20:10:50.109635
2016-09-26,12:00,76.7,76.6,47.1,35.0,0.0,S@3.5,6.7,67.9,0.0,684,"Canoe Ridge, Benton County",110023,Canoe Ridge,2017-12-14 20:10:50.109635
2016-09-26,12:15,76.8,76.7,47.1,35.0,0.0,SE@3.5,6.4,67.9,0.0,679,"Canoe Ridge, Benton County",110023,Canoe Ridge,2017-12-14 20:10:50.109635
2016-09-26,12:30,78.4,78.1,47.9,34.1,0.0,SE@2.8,5.7,67.8,0.0,672,"Canoe Ridge, Benton County",110023,Canoe Ridge,2017-12-14 20:10:50.109635
2016-09-26,12:45,79.1,78.8,48.5,34.2,0.0,SE@2.6,6.4,67.8,0.0,661,"Canoe Ridge, Benton County",110023,Canoe Ridge,2017-12-14 20:10:50.109635
2016-09-26,13:00,81.2,81.1,48.5,31.9,0.0,S@2.7,9.2,67.8,0.0,649,"Canoe Ridge, Benton County",110023,Canoe Ridge,2017-12-14 20:10:50.109635
2016-09-26,13:15,80.8,80.7,48.6,32.4,0.0,S@3.1,5.3,67.8,0.0,633,"Canoe Ridge, Benton County",110023,Canoe Ridge,2017-12-14 20:10:50.109635
2016-09-26,13:30,81.3,81.3,48.7,32.0,0.0,S@2.7,4.9,67.8,0.0,613,"Canoe Ridge, Benton County",110023,Canoe Ridge,2017-12-14 20:10:50.109635
2016-09-26,13:45,81.2,81.1,49.6,33.3,0.0,SE@3.3,5.7,67.8,0.0,589,"Canoe Ridge, Benton County",110023,Canoe Ridge,2017-12-14 20:10:50.109635
2016-09-26,14:00,81.1,80.9,49.5,33.3,0.0,SE@4.5,7.8,67.8,0.0,566,"Canoe Ridge, Benton County",110023,Canoe Ridge,2017-12-14 20:10:50.109635
2016-09-26,14:15,81.5,81.4,49.5,32.8,0.0,SE@5.0,8.5,67.9,0.0,539,"Canoe Ridge, Benton County",110023,Canoe Ridge,2017-12-14 20:10:50.109635
2016-09-26,14:30,83.3,83.2,49.4,30.8,0.0,S@2.6,4.9,67.9,0.0,508,"Canoe Ridge, Benton County",110023,Canoe Ridge,2017-12-14 20:10:50.109635
2016-09-26,14:45,82.9,82.8,50.0,31.9,0.0,S@4.5,7.4,67.9,0.0,475,"Canoe Ridge, Benton County",110023,Canoe Ridge,2017-12-14 20:10:50.109635
2016-09-26,15:00,81.9,81.8,49.9,32.8,0.0,SE@5.7,8.5,68.0,0.0,440,"Canoe Ridge, Benton County",110023,Canoe Ridge,2017-12-14 20:10:50.109635
2016-09-26,15:15,82.2,82.1,49.1,31.6,0.0,S@4.8,7.1,68.1,0.0,404,"Canoe Ridge, Benton County",110023,Canoe Ridge,2017-12-14 20:10:50.109635
2016-09-26,15:30,82.8,82.7,49.0,30.8,0.0,SE@3.7,6.4,68.1,0.0,365,"Canoe Ridge, Benton County",110023,Canoe Ridge,2017-12-14 20:10:50.109635
2016-09-26,15:45,82.9,82.8,48.6,30.3,0.0,SE@4.9,7.1,68.2,0.0,326,"Canoe Ridge, Benton County",110023,Canoe Ridge,2017-12-14 20:10:50.109635
2016-09-26,16:00,82.2,82.0,48.0,30.3,0.0,SE@4.7,7.4,68.3,0.0,285,"Canoe Ridge, Benton County",110023,Canoe Ridge,2017-12-14 20:10:50.109635
2016-09-26,16:15,82.5,82.5,47.6,29.5,0.0,SE@3.3,4.9,68.4,0.0,244,"Canoe Ridge, Benton County",110023,Canoe Ridge,2017-12-14 20:10:50.109635
2016-09-26,16:30,82.2,82.2,47.3,29.4,0.0,SE@3.7,5.3,68.5,0.0,203,"Canoe Ridge, Benton County",110023,Canoe Ridge,2017-12-14 20:10:50.109635
2016-09-26,16:45,81.3,81.2,48.4,31.7,0.0,W@4.4,5.3,68.6,0.0,163,"Canoe Ridge, Benton County",110023,Canoe Ridge,2017-12-14 20:10:50.109635
2016-09-26,17:00,80.8,80.7,47.5,31.0,0.0,NW@4.6,6.0,68.8,0.0,124,"Canoe Ridge, Benton County",110023,Canoe Ridge,2017-12-14 20:10:50.109635
2016-09-26,17:15,80.8,80.8,46.5,29.9,0.0,W@4.7,6.0,68.9,0.0,87,"Canoe Ridge, Benton County",110023,Canoe Ridge,2017-12-14 20:10:50.109635
2016-09-26,17:30,80.1,80.1,45.7,29.7,0.0,W@4.5,6.4,69.0,0.0,52,"Canoe Ridge, Benton County",110023,Canoe Ridge,2017-12-14 20:10:50.109635
2016-09-26,17:45,78.7,78.8,46.2,31.7,0.0,W@4.0,4.9,69.1,0.0,15,"Canoe Ridge, Benton County",110023,Canoe Ridge,2017-12-14 20:10:50.109635
2016-09-26,18:00,78.7,78.7,45.9,31.4,0.0,W@3.9,4.9,69.3,0.0,3,"Canoe Ridge, Benton County",110023,Canoe Ridge,2017-12-14 20:10:50.109635
2016-09-26,18:15,78.0,78.0,45.5,31.7,0.0,SW@4.6,5.3,69.4,0.0,1,"Canoe Ridge, Benton County",110023,Canoe Ridge,2017-12-14 20:10:50.109635
2016-09-26,18:30,77.4,77.3,45.6,32.5,0.0,W@4.6,5.3,69.6,0.0,0,"Canoe Ridge, Benton County",110023,Canoe Ridge,2017-12-14 20:10:50.109635
2016-09-26,18:45,77.8,77.7,46.3,32.8,0.0,S@4.3,5.3,69.7,0.0,0,"Canoe Ridge, Benton County",110023,Canoe Ridge,2017-12-14 20:10:50.109635
2016-09-26,19:00,77.3,77.3,46.4,33.5,0.0,S@5.2,6.4,69.9,0.0,0,"Canoe Ridge, Benton County",110023,Canoe Ridge,2017-12-14 20:10:50.109635
2016-09-26,19:15,77.2,77.2,46.4,33.7,0.0,S@5.3,6.0,70.0,0.0,0,"Canoe Ridge, Benton County",110023,Canoe Ridge,2017-12-14 20:10:50.109635
2016-09-26,19:30,76.9,77.0,45.6,32.9,0.0,W@4.9,6.0,70.1,0.0,0,"Canoe Ridge, Benton County",110023,Canoe Ridge,2017-12-14 20:10:50.109635
2016-09-26,19:45,76.4,76.5,44.7,32.3,0.0,NE@4.7,5.7,70.3,0.0,0,"Canoe Ridge, Benton County",110023,Canoe Ridge,2017-12-14 20:10:50.109635
2016-09-26,20:00,76.9,76.9,45.3,32.5,0.0,E@5.0,6.0,70.4,0.0,0,"Canoe Ridge, Benton County",110023,Canoe Ridge,2017-12-14 20:10:50.109635
2016-09-26,20:15,75.9,75.9,45.7,34.2,0.0,SE@3.5,4.9,70.5,0.0,0,"Canoe Ridge, Benton County",110023,Canoe Ridge,2017-12-14 20:10:50.109635
2016-09-26,20:30,75.8,75.8,46.0,34.8,0.0,N@3.8,4.6,70.6,0.0,0,"Canoe Ridge, Benton County",110023,Canoe Ridge,2017-12-14 20:10:50.109635
2016-09-26,20:45,75.0,75.0,46.1,35.7,0.0,W@3.9,5.7,70.7,0.0,0,"Canoe Ridge, Benton County",110023,Canoe Ridge,2017-12-14 20:10:50.109635
2016-09-26,21:00,73.6,73.6,46.0,37.4,0.0,W@3.8,5.7,70.8,0.0,0,"Canoe Ridge, Benton County",110023,Canoe Ridge,2017-12-14 20:10:50.109635
2016-09-26,21:15,72.2,72.2,47.1,40.8,0.0,S@3.0,3.9,70.9,0.0,0,"Canoe Ridge, Benton County",110023,Canoe Ridge,2017-12-14 20:10:50.109635
2016-09-26,21:30,71.2,71.2,49.4,46.1,0.0,N@3.1,4.2,71.0,0.0,0,"Canoe Ridge, Benton County",110023,Canoe Ridge,2017-12-14 20:10:50.109635
2016-09-26,21:45,71.0,71.0,49.5,46.5,0.0,N@2.9,4.2,71.1,0.0,0,"Canoe Ridge, Benton County",110023,Canoe Ridge,2017-12-14 20:10:50.109635
2016-09-26,22:00,69.6,69.5,49.5,48.8,0.0,N@3.3,4.2,71.2,0.0,0,"Canoe Ridge, Benton County",110023,Canoe Ridge,2017-12-14 20:10:50.109635
2016-09-26,22:15,69.0,69.0,49.5,49.8,0.0,N@3.8,4.9,71.3,0.0,0,"Canoe Ridge, Benton County",110023,Canoe Ridge,2017-12-14 20:10:50.109635
2016-09-26,22:30,68.9,68.8,49.2,49.4,0.0,N@3.7,5.3,71.3,0.0,0,"Canoe Ridge, Benton County",110023,Canoe Ridge,2017-12-14 20:10:50.109635
2016-09-26,22:45,68.0,68.0,49.3,51.2,0.0,W@5.2,6.0,71.4,0.0,0,"Canoe Ridge, Benton County",110023,Canoe Ridge,2017-12-14 20:10:50.109635
2016-09-26,23:00,66.4,66.4,48.2,51.7,0.0,N@5.4,6.4,71.4,0.0,0,"Canoe Ridge, Benton County",110023,Canoe Ridge,2017-12-14 20:10:50.109635
2016-09-27,23:15,66.5,66.5,45.0,45.8,0.0,SW@5.8,7.4,71.5,0.0,0,"Canoe Ridge, Benton County",110023,Canoe Ridge,2017-12-14 20:10:50.109635
2016-09-27,23:30,66.6,66.6,44.4,44.5,0.0,N@5.4,7.1,71.5,0.0,0,"Canoe Ridge, Benton County",110023,Canoe Ridge,2017-12-14 20:10:50.109635
2016-09-27,23:45,66.4,66.4,44.6,45.3,0.0,N@5.2,7.8,71.5,0.0,0,"Canoe Ridge, Benton County",110023,Canoe Ridge,2017-12-14 20:10:50.109635
2016-09-27,24:00,65.7,65.7,44.9,46.9,0.0,E@4.6,5.7,71.5,0.0,0,"Canoe Ridge, Benton County",110023,Canoe Ridge,2017-12-14 20:10:50.109635
2016-09-27,00:15,64.8,64.8,45.2,48.8,0.0,E@4.1,6.0,71.5,0.0,0,"Canoe Ridge, Benton County",110023,Canoe Ridge,2017-12-14 20:10:50.109635
2016-09-27,00:30,64.4,64.4,45.2,49.6,0.0,E@4.8,6.7,71.6,0.0,0,"Canoe Ridge, Benton County",110023,Canoe Ridge,2017-12-14 20:10:50.109635
2016-09-27,00:45,64.2,64.2,45.5,50.6,0.0,NE@5.0,6.7,71.6,0.0,0,"Canoe Ridge, Benton County",110023,Canoe Ridge,2017-12-14 20:10:50.109635
2016-09-27,01:00,63.6,63.5,46.1,52.9,0.0,NE@4.6,6.0,71.6,0.0,0,"Canoe Ridge, Benton County",110023,Canoe Ridge,2017-12-14 20:10:50.109635
2016-09-27,01:15,63.7,63.6,46.3,53.0,0.0,NE@5.1,6.4,71.6,0.0,0,"Canoe Ridge, Benton County",110023,Canoe Ridge,2017-12-14 20:10:50.109635
2016-09-27,01:30,64.0,64.0,46.5,52.8,0.0,N@5.8,7.4,71.6,0.0,0,"Canoe Ridge, Benton County",110023,Canoe Ridge,2017-12-14 20:10:50.109635
2016-09-27,01:45,63.2,63.2,46.4,54.2,0.0,N@4.8,6.0,71.5,0.0,0,"Canoe Ridge, Benton County",110023,Canoe Ridge,2017-12-14 20:10:50.109635
2016-09-27,02:00,61.8,61.7,46.7,57.6,0.0,SW@5.6,7.1,71.5,0.0,0,"Canoe Ridge, Benton County",110023,Canoe Ridge,2017-12-14 20:10:50.109635
2016-09-27,02:15,61.5,61.5,47.3,59.4,0.01,N@5.4,7.4,71.5,0.0,0,"Canoe Ridge, Benton County",110023,Canoe Ridge,2017-12-14 20:10:50.109635
2016-09-27,02:30,62.8,62.8,47.1,56.4,0.0,N@6.3,8.5,71.5,0.0,0,"Canoe Ridge, Benton County",110023,Canoe Ridge,2017-12-14 20:10:50.109635
2016-09-27,02:45,64.4,64.4,46.8,52.7,0.0,N@5.4,7.8,71.5,0.0,0,"Canoe Ridge, Benton County",110023,Canoe Ridge,2017-12-14 20:10:50.109635
2016-09-27,03:00,63.4,63.4,47.2,55.3,0.0,N@4.7,6.7,71.4,0.0,0,"Canoe Ridge, Benton County",110023,Canoe Ridge,2017-12-14 20:10:50.109635
2016-09-27,03:15,61.5,61.4,47.9,61.0,0.01,N@3.4,4.9,71.4,0.0,0,"Canoe Ridge, Benton County",110023,Canoe Ridge,2017-12-14 20:10:50.109635
2016-09-27,03:30,60.0,59.9,48.9,66.7,0.01,N@4.6,6.4,71.4,0.0,0,"Canoe Ridge, Benton County",110023,Canoe Ridge,2017-12-14 20:10:50.109635
2016-09-27,03:45,58.9,58.8,49.6,71.3,0.02,N@4.7,7.4,71.3,0.0,0,"Canoe Ridge, Benton County",110023,Canoe Ridge,2017-12-14 20:10:50.109635
2016-09-27,04:00,59.3,59.3,49.3,69.1,0.01,SE@4.3,5.3,71.3,0.0,0,"Canoe Ridge, Benton County",110023,Canoe Ridge,2017-12-14 20:10:50.109635
2016-09-27,04:15,61.0,60.9,48.7,63.7,0.01,NE@3.3,4.6,71.3,0.0,0,"Canoe Ridge, Benton County",110023,Canoe Ridge,2017-12-14 20:10:50.109635
2016-09-27,04:30,61.1,61.0,48.6,63.4,0.01,NE@0.2,2.8,71.2,0.0,0,"Canoe Ridge, Benton County",110023,Canoe Ridge,2017-12-14 20:10:50.109635
2016-09-27,04:45,61.7,61.6,48.3,61.5,0.01,NE@1.2,3.1,71.2,0.0,0,"Canoe Ridge, Benton County",110023,Canoe Ridge,2017-12-14 20:10:50.109635
2016-09-27,05:00,62.4,62.4,48.0,59.1,0.01,N@0.9,2.8,71.1,0.0,0,"Canoe Ridge, Benton County",110023,Canoe Ridge,2017-12-14 20:10:50.109635
2016-09-27,05:15,62.2,62.1,48.3,60.2,0.01,N@0.4,2.8,71.1,0.0,0,"Canoe Ridge, Benton County",110023,Canoe Ridge,2017-12-14 20:10:50.109635
2016-09-27,05:30,62.5,62.4,48.6,60.3,0.01,N@1.2,3.5,71.0,0.0,0,"Canoe Ridge, Benton County",110023,Canoe Ridge,2017-12-14 20:10:50.109635
2016-09-27,05:45,61.7,61.6,48.7,62.2,0.01,N@1.4,3.5,71.0,0.0,1,"Canoe Ridge, Benton County",110023,Canoe Ridge,2017-12-14 20:10:50.109635
2016-09-27,06:00,61.1,61.1,49.4,65.2,0.01,N@3.9,5.3,70.9,0.0,6,"Canoe Ridge, Benton County",110023,Canoe Ridge,2017-12-14 20:10:50.109635
2016-09-27,06:15,60.5,60.6,49.7,67.3,0.01,N@3.8,5.3,70.9,0.0,29,"Canoe Ridge, Benton County",110023,Canoe Ridge,2017-12-14 20:10:50.109635
2016-09-27,06:30,60.3,60.4,49.8,68.2,0.01,N@2.3,4.2,70.8,0.0,64,"Canoe Ridge, Benton County",110023,Canoe Ridge,2017-12-14 20:10:50.109635
2016-09-27,06:45,62.4,62.3,50.5,64.9,0.01,NE@4.6,6.4,70.8,0.0,101,"Canoe Ridge, Benton County",110023,Canoe Ridge,2017-12-14 20:10:50.109635
2016-09-27,07:00,63.5,63.4,50.7,62.9,0.01,SE@5.3,7.1,70.7,0.0,140,"Canoe Ridge, Benton County",110023,Canoe Ridge,2017-12-14 20:10:50.109635
2016-09-27,07:15,63.5,63.3,50.8,63.3,0.01,S@4.6,6.7,70.7,0.0,181,"Canoe Ridge, Benton County",110023,Canoe Ridge,2017-12-14 20:10:50.109635
2016-09-27,07:30,62.0,61.8,52.1,69.8,0.01,SE@3.5,5.3,70.6,0.0,222,"Canoe Ridge, Benton County",110023,Canoe Ridge,2017-12-14 20:10:50.109635
2016-09-27,07:45,64.2,64.0,52.3,65.3,0.01,SE@4.3,6.7,70.5,0.0,264,"Canoe Ridge, Benton County",110023,Canoe Ridge,2017-12-14 20:10:50.109635
2016-09-27,08:00,63.5,63.3,53.5,69.9,0.01,S@3.6,7.1,70.5,0.0,304,"Canoe Ridge, Benton County",110023,Canoe Ridge,2017-12-14 20:10:50.109635
2016-09-27,08:15,64.2,64.1,53.8,68.7,0.01,SE@3.5,6.0,70.4,0.0,345,"Canoe Ridge, Benton County",110023,Canoe Ridge,2017-12-14 20:10:50.109635
2016-09-27,08:30,64.9,64.8,51.0,60.6,0.0,SE@2.1,4.2,70.3,0.0,384,"Canoe Ridge, Benton County",110023,Canoe Ridge,2017-12-14 20:10:50.109635
2016-09-27,08:45,65.6,65.7,49.8,56.4,0.0,E@2.1,4.2,70.2,0.0,422,"Canoe Ridge, Benton County",110023,Canoe Ridge,2017-12-14 20:10:50.109635
2016-09-27,09:00,67.5,67.6,51.3,56.0,0.0,E@2.1,6.4,70.2,0.0,458,"Canoe Ridge, Benton County",110023,Canoe Ridge,2017-12-14 20:10:50.109635
2016-09-27,09:15,66.8,66.7,50.2,55.0,0.0,E@3.7,5.7,70.1,0.0,492,"Canoe Ridge, Benton County",110023,Canoe Ridge,2017-12-14 20:10:50.109635
2016-09-27,09:30,68.2,68.2,50.7,53.5,0.0,SE@4.8,8.2,70.0,0.0,522,"Canoe Ridge, Benton County",110023,Canoe Ridge,2017-12-14 20:10:50.109635
2016-09-27,09:45,71.4,71.3,53.0,52.2,0.0,SE@4.0,6.7,70.0,0.0,549,"Canoe Ridge, Benton County",110023,Canoe Ridge,2017-12-14 20:10:50.109635
2016-09-27,10:00,73.3,73.2,52.2,47.5,0.0,SE@4.7,8.9,69.9,0.0,573,"Canoe Ridge, Benton County",110023,Canoe Ridge,2017-12-14 20:10:50.109635
2016-09-27,10:15,74.1,74.0,52.5,46.9,0.0,SE@3.6,6.4,69.8,0.0,596,"Canoe Ridge, Benton County",110023,Canoe Ridge,2017-12-14 20:10:50.109635
2016-09-27,10:30,74.9,74.9,51.1,43.2,0.0,SE@4.0,8.5,69.8,0.0,616,"Canoe Ridge, Benton County",110023,Canoe Ridge,2017-12-14 20:10:50.109635
2016-09-27,10:45,77.2,77.2,51.0,39.8,0.0,SE@2.7,6.4,69.7,0.0,633,"Canoe Ridge, Benton County",110023,Canoe Ridge,2017-12-14 20:10:50.109635
2016-09-27,11:00,76.6,76.4,51.2,40.9,0.0,E@3.1,5.3,69.6,0.0,649,"Canoe Ridge, Benton County",110023,Canoe Ridge,2017-12-14 20:10:50.109635
2016-09-27,11:15,77.5,77.3,51.0,39.6,0.0,E@3.0,4.6,69.6,0.0,659,"Canoe Ridge, Benton County",110023,Canoe Ridge,2017-12-14 20:10:50.109635
2016-09-27,11:30,78.5,78.4,49.7,36.5,0.0,SE@2.8,5.3,69.5,0.0,663,"Canoe Ridge, Benton County",110023,Canoe Ridge,2017-12-14 20:10:50.109635
2016-09-27,11:45,79.6,79.4,50.1,35.6,0.0,SE@2.4,5.7,69.5,0.0,663,"Canoe Ridge, Benton County",110023,Canoe Ridge,2017-12-14 20:10:50.109635
2016-09-27,12:00,79.1,78.9,51.7,38.4,0.0,SE@5.3,9.9,69.4,0.0,666,"Canoe Ridge, Benton County",110023,Canoe Ridge,2017-12-14 20:10:50.109635
2016-09-27,12:15,78.9,78.7,50.7,37.4,0.0,SE@3.4,6.0,69.4,0.0,663,"Canoe Ridge, Benton County",110023,Canoe Ridge,2017-12-14 20:10:50.109635
2016-09-27,12:30,79.0,78.9,51.0,37.6,0.0,SE@4.4,8.9,69.4,0.0,659,"Canoe Ridge, Benton County",110023,Canoe Ridge,2017-12-14 20:10:50.109635
2016-09-27,12:45,79.4,79.3,52.0,38.4,0.0,SE@6.6,9.9,69.4,0.0,652,"Canoe Ridge, Benton County",110023,Canoe Ridge,2017-12-14 20:10:50.109635
2016-09-27,13:00,79.4,79.1,52.1,38.6,0.0,SE@7.4,10.7,69.3,0.0,639,"Canoe Ridge, Benton County",110023,Canoe Ridge,2017-12-14 20:10:50.109635
2016-09-27,13:15,79.0,78.9,51.6,38.5,0.0,E@6.1,9.2,69.3,0.0,623,"Canoe Ridge, Benton County",110023,Canoe Ridge,2017-12-14 20:10:50.109635
2016-09-27,13:30,79.5,79.3,52.0,38.5,0.0,NE@5.3,8.9,69.3,0.0,603,"Canoe Ridge, Benton County",110023,Canoe Ridge,2017-12-14 20:10:50.109635
2016-09-27,13:45,80.2,80.1,51.8,37.2,0.0,NE@4.6,8.9,69.3,0.0,581,"Canoe Ridge, Benton County",110023,Canoe Ridge,2017-12-14 20:10:50.109635
2016-09-27,14:00,80.9,80.8,51.9,36.5,0.0,SE@4.9,9.6,69.3,0.0,558,"Canoe Ridge, Benton County",110023,Canoe Ridge,2017-12-14 20:10:50.109635
2016-09-27,14:15,81.6,81.5,51.5,35.2,0.0,SE@4.9,8.2,69.4,0.0,531,"Canoe Ridge, Benton County",110023,Canoe Ridge,2017-12-14 20:10:50.109635
2016-09-27,14:30,82.2,82.1,51.3,34.3,0.0,SE@3.1,5.7,69.4,0.0,502,"Canoe Ridge, Benton County",110023,Canoe Ridge,2017-12-14 20:10:50.109635
2016-09-27,14:45,82.4,82.4,50.8,33.4,0.0,SE@2.4,4.9,69.4,0.0,468,"Canoe Ridge, Benton County",110023,Canoe Ridge,2017-12-14 20:10:50.109635
2016-09-27,15:00,83.3,83.2,50.6,32.3,0.0,SE@2.4,4.2,69.5,0.0,432,"Canoe Ridge, Benton County",110023,Canoe Ridge,2017-12-14 20:10:50.109635
2016-09-27,15:15,81.7,81.6,51.0,34.4,0.0,SE@4.0,7.1,69.5,0.0,396,"Canoe Ridge, Benton County",110023,Canoe Ridge,2017-12-14 20:10:50.109635
2016-09-27,15:30,81.2,81.1,50.7,34.6,0.0,SE@5.3,8.2,69.6,0.0,359,"Canoe Ridge, Benton County",110023,Canoe Ridge,2017-12-14 20:10:50.109635
2016-09-27,15:45,81.3,81.2,50.9,34.7,0.0,SE@5.6,8.5,69.7,0.0,320,"Canoe Ridge, Benton County",110023,Canoe Ridge,2017-12-14 20:10:50.109635
2016-09-27,16:00,81.2,81.1,50.5,34.5,0.0,SE@4.4,6.0,69.8,0.0,279,"Canoe Ridge, Benton County",110023,Canoe Ridge,2017-12-14 20:10:50.109635
2016-09-27,16:15,81.4,81.2,50.2,33.8,0.0,SE@4.1,5.7,69.9,0.0,238,"Canoe Ridge, Benton County",110023,Canoe Ridge,2017-12-14 20:10:50.109635
2016-09-27,16:30,81.1,81.0,50.6,34.6,0.0,SE@3.1,4.9,69.9,0.0,197,"Canoe Ridge, Benton County",110023,Canoe Ridge,2017-12-14 20:10:50.109635
2016-09-27,16:45,80.3,80.3,51.8,37.1,0.0,SE@3.3,4.9,70.1,0.0,156,"Canoe Ridge, Benton County",110023,Canoe Ridge,2017-12-14 20:10:50.109635
2016-09-27,17:00,80.0,79.9,49.9,35.0,0.0,NE@2.7,3.5,70.2,0.0,117,"Canoe Ridge, Benton County",110023,Canoe Ridge,2017-12-14 20:10:50.109635
2016-09-27,17:15,79.4,79.3,48.9,34.4,0.0,NE@3.2,4.6,70.3,0.0,75,"Canoe Ridge, Benton County",110023,Canoe Ridge,2017-12-14 20:10:50.109635
2016-09-27,17:30,78.8,78.7,48.6,34.6,0.0,NE@1.5,3.1,70.4,0.0,46,"Canoe Ridge, Benton County",110023,Canoe Ridge,2017-12-14 20:10:50.109635
2016-09-27,17:45,78.5,78.5,48.6,35.0,0.0,N@0.0,0.0,70.5,0.0,12,"Canoe Ridge, Benton County",110023,Canoe Ridge,2017-12-14 20:10:50.109635
2016-09-27,18:00,77.3,77.3,48.9,36.8,0.0,NE@1.8,3.5,70.6,0.0,3,"Canoe Ridge, Benton County",110023,Canoe Ridge,2017-12-14 20:10:50.109635
2016-09-27,18:15,76.8,76.8,49.8,38.7,0.0,N@2.6,3.5,70.8,0.0,0,"Canoe Ridge, Benton County",110023,Canoe Ridge,2017-12-14 20:10:50.109635
2016-09-27,18:30,76.7,76.6,49.1,37.8,0.0,N@3.0,3.9,70.9,0.0,0,"Canoe Ridge, Benton County",110023,Canoe Ridge,2017-12-14 20:10:50.109635
2016-09-27,18:45,76.1,76.0,49.6,39.3,0.0,E@3.2,3.9,71.0,0.0,0,"Canoe Ridge, Benton County",110023,Canoe Ridge,2017-12-14 20:10:50.109635
2016-09-27,19:00,76.0,76.0,50.0,40.1,0.0,S@2.7,3.9,71.2,0.0,0,"Canoe Ridge, Benton County",110023,Canoe Ridge,2017-12-14 20:10:50.109635
2016-09-27,19:15,75.7,75.7,49.9,40.3,0.0,W@2.1,3.9,71.3,0.0,0,"Canoe Ridge, Benton County",110023,Canoe Ridge,2017-12-14 20:10:50.109635
2016-09-27,19:30,73.6,73.6,50.4,44.0,0.0,N@1.4,2.4,71.4,0.0,0,"Canoe Ridge, Benton County",110023,Canoe Ridge,2017-12-14 20:10:50.109635
2016-09-27,19:45,72.3,72.2,50.0,45.4,0.0,W@0.7,4.2,71.5,0.0,0,"Canoe Ridge, Benton County",110023,Canoe Ridge,2017-12-14 20:10:50.109635
2016-09-27,20:00,68.9,68.8,52.4,55.5,0.01,SW@3.1,4.9,71.7,0.0,0,"Canoe Ridge, Benton County",110023,Canoe Ridge,2017-12-14 20:10:50.109635
2016-09-27,20:15,70.6,70.6,51.6,51.0,0.0,NW@2.5,4.6,71.8,0.0,0,"Canoe Ridge, Benton County",110023,Canoe Ridge,2017-12-14 20:10:50.109635
2016-09-27,20:30,71.5,71.5,51.0,48.3,0.0,W@3.4,4.9,71.9,0.0,0,"Canoe Ridge, Benton County",110023,Canoe Ridge,2017-12-14 20:10:50.109635
2016-09-27,20:45,71.4,71.4,50.2,47.0,0.0,SW@2.9,4.6,72.0,0.0,0,"Canoe Ridge, Benton County",110023,Canoe Ridge,2017-12-14 20:10:50.109635
2016-09-27,21:00,70.0,70.0,50.5,49.8,0.0,W@3.2,4.9,72.1,0.0,0,"Canoe Ridge, Benton County",110023,Canoe Ridge,2017-12-14 20:10:50.109635
2016-09-27,21:15,68.9,68.8,50.8,52.3,0.0,SW@3.5,6.4,72.2,0.0,0,"Canoe Ridge, Benton County",110023,Canoe Ridge,2017-12-14 20:10:50.109635
2016-09-27,21:30,66.0,65.9,50.7,57.9,0.01,SW@4.2,5.7,72.2,0.0,0,"Canoe Ridge, Benton County",110023,Canoe Ridge,2017-12-14 20:10:50.109635
2016-09-27,21:45,66.4,66.4,50.1,55.6,0.01,E@3.1,4.2,72.3,0.0,0,"Canoe Ridge, Benton County",110023,Canoe Ridge,2017-12-14 20:10:50.109635
2016-09-27,22:00,68.4,68.3,50.5,52.7,0.0,SW@3.7,5.3,72.4,0.0,0,"Canoe Ridge, Benton County",110023,Canoe Ridge,2017-12-14 20:10:50.109635
2016-09-27,22:15,64.7,64.7,49.0,56.8,0.01,NW@4.9,6.0,72.4,0.0,0,"Canoe Ridge, Benton County",110023,Canoe Ridge,2017-12-14 20:10:50.109635
2016-09-27,22:30,63.2,63.2,48.7,59.0,0.01,SE@4.3,6.0,72.5,0.0,0,"Canoe Ridge, Benton County",110023,Canoe Ridge,2017-12-14 20:10:50.109635
2016-09-27,22:45,68.2,68.0,50.4,52.9,0.01,S@2.4,3.9,72.5,0.0,0,"Canoe Ridge, Benton County",110023,Canoe Ridge,2017-12-14 20:10:50.109635
2016-09-27,23:00,65.1,65.0,50.0,58.1,0.01,NW@1.4,3.5,72.5,0.0,0,"Canoe Ridge, Benton County",110023,Canoe Ridge,2017-12-14 20:10:50.109635
2016-09-28,23:15,64.5,64.4,49.7,58.5,0.01,NW@2.1,3.5,72.6,0.0,0,"Canoe Ridge, Benton County",110023,Canoe Ridge,2017-12-14 20:10:50.109635
2016-09-28,23:30,64.7,64.7,49.5,57.6,0.01,W@3.3,6.0,72.6,0.0,0,"Canoe Ridge, Benton County",110023,Canoe Ridge,2017-12-14 20:10:50.109635
2016-09-28,23:45,61.3,61.2,49.6,65.3,0.01,NE@3.5,5.3,72.6,0.0,0,"Canoe Ridge, Benton County",110023,Canoe Ridge,2017-12-14 20:10:50.109635
2016-09-28,24:00,63.8,63.7,50.5,61.8,0.01,E@2.2,3.5,72.6,0.0,0,"Canoe Ridge, Benton County",110023,Canoe Ridge,2017-12-14 20:10:50.109635
2016-09-28,00:15,64.1,64.0,50.2,60.6,0.01,N@1.0,3.9,72.6,0.0,0,"Canoe Ridge, Benton County",110023,Canoe Ridge,2017-12-14 20:10:50.109635
2016-09-28,00:30,63.6,63.6,49.7,60.3,0.01,NE@2.7,4.2,72.6,0.0,0,"Canoe Ridge, Benton County",110023,Canoe Ridge,2017-12-14 20:10:50.109635
2016-09-28,00:45,62.4,62.3,48.9,61.3,0.01,E@2.9,4.9,72.6,0.0,0,"Canoe Ridge, Benton County",110023,Canoe Ridge,2017-12-14 20:10:50.109635
2016-09-28,01:00,62.8,62.7,48.9,60.4,0.01,N@2.6,4.2,72.6,0.0,0,"Canoe Ridge, Benton County",110023,Canoe Ridge,2017-12-14 20:10:50.109635
2016-09-28,01:15,61.1,61.0,49.7,66.0,0.01,N@3.2,4.9,72.6,0.0,0,"Canoe Ridge, Benton County",110023,Canoe Ridge,2017-12-14 20:10:50.109635
2016-09-28,01:30,61.0,61.0,48.1,62.3,0.01,N@3.4,4.2,72.6,0.0,0,"Canoe Ridge, Benton County",110023,Canoe Ridge,2017-12-14 20:10:50.109635
2016-09-28,01:45,60.2,60.1,49.0,66.4,0.01,N@2.9,3.9,72.5,0.0,0,"Canoe Ridge, Benton County",110023,Canoe Ridge,2017-12-14 20:10:50.109635
2016-09-28,02:00,61.1,61.0,47.7,61.3,0.01,N@2.5,4.6,72.5,0.0,0,"Canoe Ridge, Benton County",110023,Canoe Ridge,2017-12-14 20:10:50.109635
2016-09-28,02:15,61.2,61.1,48.2,62.3,0.01,N@2.2,4.2,72.5,0.0,0,"Canoe Ridge, Benton County",110023,Canoe Ridge,2017-12-14 20:10:50.109635
2016-09-28,02:30,61.7,61.6,47.5,59.6,0.01,N@2.9,3.9,72.4,0.0,0,"Canoe Ridge, Benton County",110023,Canoe Ridge,2017-12-14 20:10:50.109635
2016-09-28,02:45,61.7,61.6,47.5,59.6,0.01,N@2.6,3.5,72.4,0.0,0,"Canoe Ridge, Benton County",110023,Canoe Ridge,2017-12-14 20:10:50.109635
2016-09-28,03:00,61.1,61.1,47.2,60.0,0.01,N@2.9,3.9,72.4,0.0,0,"Canoe Ridge, Benton County",110023,Canoe Ridge,2017-12-14 20:10:50.109635
2016-09-28,03:15,61.1,61.0,46.8,59.1,0.01,N@2.8,3.5,72.3,0.0,0,"Canoe Ridge, Benton County",110023,Canoe Ridge,2017-12-14 20:10:50.109635
2016-09-28,03:30,60.7,60.6,46.4,59.2,0.01,N@3.0,3.9,72.3,0.0,0,"Canoe Ridge, Benton County",110023,Canoe Ridge,2017-12-14 20:10:50.109635
2016-09-28,03:45,60.6,60.6,47.3,61.3,0.01,N@2.8,3.5,72.2,0.0,0,"Canoe Ridge, Benton County",110023,Canoe Ridge,2017-12-14 20:10:50.109635
2016-09-28,04:00,60.4,60.4,47.6,62.4,0.01,N@1.7,3.9,72.2,0.0,0,"Canoe Ridge, Benton County",110023,Canoe Ridge,2017-12-14 20:10:50.109635
2016-09-28,04:15,60.1,60.0,48.6,65.7,0.02,N@0.0,0.0,72.1,0.0,0,"Canoe Ridge, Benton County",110023,Canoe Ridge,2017-12-14 20:10:50.109635
2016-09-28,04:30,59.7,59.6,48.1,65.4,0.02,N@0.0,0.0,72.1,0.0,0,"Canoe Ridge, Benton County",110023,Canoe Ridge,2017-12-14 20:10:50.109635
2016-09-28,04:45,59.9,59.8,47.8,64.2,0.02,N@0.0,0.0,72.0,0.0,0,"Canoe Ridge, Benton County",110023,Canoe Ridge,2017-12-14 20:10:50.109635
2016-09-28,05:00,59.5,59.5,48.3,66.2,0.02,N@0.2,2.4,71.9,0.0,0,"Canoe Ridge, Benton County",110023,Canoe Ridge,2017-12-14 20:10:50.109635
2016-09-28,05:15,59.9,59.8,48.1,65.0,0.02,N@0.1,1.4,71.9,0.0,0,"Canoe Ridge, Benton County",110023,Canoe Ridge,2017-12-14 20:10:50.109635
2016-09-28,05:30,59.2,59.1,48.8,68.2,0.03,N@2.4,3.1,71.8,0.0,0,"Canoe Ridge, Benton County",110023,Canoe Ridge,2017-12-14 20:10:50.109635
2016-09-28,05:45,58.9,58.8,49.0,69.6,0.04,N@0.7,4.2,71.7,0.0,1,"Canoe Ridge, Benton County",110023,Canoe Ridge,2017-12-14 20:10:50.109635
2016-09-28,06:00,58.7,58.7,48.5,68.7,0.02,N@2.5,3.5,71.7,0.0,5,"Canoe Ridge, Benton County",110023,Canoe Ridge,2017-12-14 20:10:50.109635
2016-09-28,06:15,58.8,58.8,48.5,68.5,0.02,N@2.5,3.5,71.6,0.0,23,"Canoe Ridge, Benton County",110023,Canoe Ridge,2017-12-14 20:10:50.109635
2016-09-28,06:30,59.0,59.1,48.6,68.3,0.02,N@2.7,3.5,71.5,0.0,57,"Canoe Ridge, Benton County",110023,Canoe Ridge,2017-12-14 20:10:50.109635
2016-09-28,06:45,59.4,59.3,48.6,67.4,0.01,N@3.2,4.2,71.5,0.0,95,"Canoe Ridge, Benton County",110023,Canoe Ridge,2017-12-14 20:10:50.109635
2016-09-28,07:00,59.9,59.8,49.3,67.8,0.01,N@2.9,4.2,71.4,0.0,134,"Canoe Ridge, Benton County",110023,Canoe Ridge,2017-12-14 20:10:50.109635
2016-09-28,07:15,59.3,59.1,50.5,72.6,0.02,N@1.3,3.1,71.3,0.0,174,"Canoe Ridge, Benton County",110023,Canoe Ridge,2017-12-14 20:10:50.109635
2016-09-28,07:30,60.0,59.8,50.0,69.3,0.01,NW@1.1,4.2,71.2,0.0,216,"Canoe Ridge, Benton County",110023,Canoe Ridge,2017-12-14 20:10:50.109635
2016-09-28,07:45,59.7,59.5,51.0,72.9,0.01,S@1.8,3.9,71.1,0.0,257,"Canoe Ridge, Benton County",110023,Canoe Ridge,2017-12-14 20:10:50.109635
2016-09-28,08:00,59.9,59.7,50.6,71.4,0.01,S@3.5,5.3,71.1,0.0,299,"Canoe Ridge, Benton County",110023,Canoe Ridge,2017-12-14 20:10:50.109635
2016-09-28,08:15,60.0,59.8,50.7,71.4,0.01,SE@4.3,5.7,71.0,0.0,339,"Canoe Ridge, Benton County",110023,Canoe Ridge,2017-12-14 20:10:50.109635
2016-09-28,08:30,60.8,60.6,49.1,65.3,0.01,SE@4.5,6.7,70.9,0.0,379,"Canoe Ridge, Benton County",110023,Canoe Ridge,2017-12-14 20:10:50.109635
2016-09-28,08:45,61.8,61.6,49.2,63.1,0.01,SW@5.3,7.4,70.8,0.0,417,"Canoe Ridge, Benton County",110023,Canoe Ridge,2017-12-14 20:10:50.109635
2016-09-28,09:00,62.2,62.0,47.0,57.4,0.0,W@5.4,7.8,70.7,0.0,452,"Canoe Ridge, Benton County",110023,Canoe Ridge,2017-12-14 20:10:50.109635
2016-09-28,09:15,63.3,63.1,45.5,52.1,0.0,W@5.2,7.8,70.7,0.0,486,"Canoe Ridge, Benton County",110023,Canoe Ridge,2017-12-14 20:10:50.109635
2016-09-28,09:30,65.1,65.0,44.3,46.9,0.0,W@5.5,8.2,70.6,0.0,518,"Canoe Ridge, Benton County",110023,Canoe Ridge,2017-12-14 20:10:50.109635
2016-09-28,09:45,65.8,65.6,45.1,47.1,0.0,SW@5.6,8.5,70.5,0.0,548,"Canoe Ridge, Benton County",110023,Canoe Ridge,2017-12-14 20:10:50.109635
2016-09-28,10:00,67.0,66.8,45.8,46.4,0.0,W@6.0,10.3,70.4,0.0,574,"Canoe Ridge, Benton County",110023,Canoe Ridge,2017-12-14 20:10:50.109635
2016-09-28,10:15,67.6,67.4,44.7,43.6,0.0,W@5.8,9.6,70.3,0.0,595,"Canoe Ridge, Benton County",110023,Canoe Ridge,2017-12-14 20:10:50.109635
2016-09-28,10:30,68.3,68.2,44.5,42.3,0.0,SW@6.2,9.6,70.2,0.0,615,"Canoe Ridge, Benton County",110023,Canoe Ridge,2017-12-14 20:10:50.109635
2016-09-28,10:45,69.3,69.3,44.3,40.5,0.0,SW@6.4,10.3,70.2,0.0,632,"Canoe Ridge, Benton County",110023,Canoe Ridge,2017-12-14 20:10:50.109635
2016-09-28,11:00,70.3,70.1,42.8,37.0,0.0,S@6.2,9.9,70.1,0.0,646,"Canoe Ridge, Benton County",110023,Canoe Ridge,2017-12-14 20:10:50.109635
2016-09-28,11:15,70.9,70.8,42.3,35.4,0.0,SE@6.0,10.3,70.0,0.0,655,"Canoe Ridge, Benton County",110023,Canoe Ridge,2017-12-14 20:10:50.109635
2016-09-28,11:30,71.7,71.5,40.4,32.1,0.0,SE@6.1,8.9,70.0,0.0,662,"Canoe Ridge, Benton County",110023,Canoe Ridge,2017-12-14 20:10:50.109635
2016-09-28,11:45,72.0,71.8,39.0,30.1,0.0,SE@5.8,9.2,69.9,0.0,666,"Canoe Ridge, Benton County",110023,Canoe Ridge,2017-12-14 20:10:50.109635
2016-09-28,12:00,72.4,72.4,39.3,30.1,0.0,SE@5.5,9.2,69.8,0.0,666,"Canoe Ridge, Benton County",110023,Canoe Ridge,2017-12-14 20:10:50.109635
2016-09-28,12:15,73.2,73.1,40.4,30.5,0.0,SE@4.3,8.9,69.8,0.0,662,"Canoe Ridge, Benton County",110023,Canoe Ridge,2017-12-14 20:10:50.109635
2016-09-28,12:30,73.8,73.8,40.9,30.5,0.0,SE@4.9,8.2,69.7,0.0,654,"Canoe Ridge, Benton County",110023,Canoe Ridge,2017-12-14 20:10:50.109635
2016-09-28,12:45,73.8,73.8,41.3,31.0,0.0,SE@5.4,7.8,69.7,0.0,645,"Canoe Ridge, Benton County",110023,Canoe Ridge,2017-12-14 20:10:50.109635
2016-09-28,13:00,74.7,74.6,41.7,30.5,0.0,SE@5.8,8.5,69.7,0.0,632,"Canoe Ridge, Benton County",110023,Canoe Ridge,2017-12-14 20:10:50.109635
2016-09-28,13:15,75.2,75.1,41.9,30.2,0.0,SE@5.3,8.2,69.6,0.0,615,"Canoe Ridge, Benton County",110023,Canoe Ridge,2017-12-14 20:10:50.109635
2016-09-28,13:30,75.2,75.1,41.9,30.2,0.0,SE@4.9,7.8,69.6,0.0,596,"Canoe Ridge, Benton County",110023,Canoe Ridge,2017-12-14 20:10:50.109635
2016-09-28,13:45,75.5,75.4,42.0,30.1,0.0,SE@6.8,10.3,69.6,0.0,574,"Canoe Ridge, Benton County",110023,Canoe Ridge,2017-12-14 20:10:50.109635
2016-09-28,14:00,74.9,74.7,41.6,30.2,0.0,SE@6.6,10.7,69.6,0.0,548,"Canoe Ridge, Benton County",110023,Canoe Ridge,2017-12-14 20:10:50.109635
2016-09-28,14:15,75.8,75.7,41.8,29.5,0.0,S@6.5,10.3,69.6,0.0,521,"Canoe Ridge, Benton County",110023,Canoe Ridge,2017-12-14 20:10:50.109635
2016-09-28,14:30,76.5,76.4,42.0,29.1,0.0,S@6.4,9.6,69.6,0.0,491,"Canoe Ridge, Benton County",110023,Canoe Ridge,2017-12-14 20:10:50.109635
2016-09-28,14:45,76.4,76.3,42.7,29.9,0.0,S@6.7,9.9,69.6,0.0,459,"Canoe Ridge, Benton County",110023,Canoe Ridge,2017-12-14 20:10:50.109635
2016-09-28,15:00,76.9,76.8,42.5,29.2,0.0,SE@5.6,8.2,69.6,0.0,425,"Canoe Ridge, Benton County",110023,Canoe Ridge,2017-12-14 20:10:50.109635
2016-09-28,15:15,77.2,77.1,42.7,29.2,0.0,S@5.6,7.4,69.7,0.0,388,"Canoe Ridge, Benton County",110023,Canoe Ridge,2017-12-14 20:10:50.109635
2016-09-28,15:30,77.5,77.4,42.4,28.6,0.0,SE@4.2,7.4,69.7,0.0,350,"Canoe Ridge, Benton County",110023,Canoe Ridge,2017-12-14 20:10:50.109635
2016-09-28,15:45,78.5,78.5,42.4,27.6,0.0,SE@3.1,4.9,69.8,0.0,311,"Canoe Ridge, Benton County",110023,Canoe Ridge,2017-12-14 20:10:50.109635
2016-09-28,16:00,77.5,77.4,43.5,29.8,0.0,SE@4.4,6.4,69.8,0.0,269,"Canoe Ridge, Benton County",110023,Canoe Ridge,2017-12-14 20:10:50.109635
2016-09-28,16:15,77.1,77.1,43.0,29.6,0.0,SE@3.8,5.3,69.9,0.0,228,"Canoe Ridge, Benton County",110023,Canoe Ridge,2017-12-14 20:10:50.109635
2016-09-28,16:30,76.7,76.6,43.3,30.4,0.0,SE@3.6,5.3,70.0,0.0,188,"Canoe Ridge, Benton County",110023,Canoe Ridge,2017-12-14 20:10:50.109635
2016-09-28,16:45,76.2,76.1,42.9,30.5,0.0,SE@3.7,4.9,70.0,0.0,148,"Canoe Ridge, Benton County",110023,Canoe Ridge,2017-12-14 20:10:50.109635
2016-09-28,17:00,76.0,75.9,42.1,29.7,0.0,SE@3.3,4.2,70.1,0.0,111,"Canoe Ridge, Benton County",110023,Canoe Ridge,2017-12-14 20:10:50.109635
2016-09-28,17:15,75.7,75.6,41.7,29.6,0.0,NW@2.9,3.5,70.2,0.0,75,"Canoe Ridge, Benton County",110023,Canoe Ridge,2017-12-14 20:10:50.109635
2016-09-28,17:30,74.5,74.5,42.3,31.4,0.0,NW@3.4,4.2,70.3,0.0,40,"Canoe Ridge, Benton County",110023,Canoe Ridge,2017-12-14 20:10:50.109635
2016-09-28,17:45,73.5,73.5,42.8,33.1,0.0,NW@3.1,3.5,70.4,0.0,10,"Canoe Ridge, Benton County",110023,Canoe Ridge,2017-12-14 20:10:50.109635
2016-09-28,18:00,73.1,73.1,42.4,33.2,0.0,NW@3.2,3.9,70.5,0.0,2,"Canoe Ridge, Benton County",110023,Canoe Ridge,2017-12-14 20:10:50.109635
2016-09-28,18:15,73.3,73.3,41.7,32.0,0.0,NW@3.2,3.5,70.6,0.0,0,"Canoe Ridge, Benton County",110023,Canoe Ridge,2017-12-14 20:10:50.109635
2016-09-28,18:30,73.2,73.2,40.8,31.0,0.0,SW@2.8,3.5,70.7,0.0,0,"Canoe Ridge, Benton County",110023,Canoe Ridge,2017-12-14 20:10:50.109635
2016-09-28,18:45,73.0,73.1,40.3,30.6,0.0,S@2.8,3.5,70.8,0.0,0,"Canoe Ridge, Benton County",110023,Canoe Ridge,2017-12-14 20:10:50.109635
2016-09-28,19:00,72.7,72.7,40.3,30.9,0.0,SW@2.6,3.5,70.9,0.0,0,"Canoe Ridge, Benton County",110023,Canoe Ridge,2017-12-14 20:10:50.109635
2016-09-28,19:15,72.7,72.7,41.0,31.8,0.0,N@2.5,3.5,71.0,0.0,0,"Canoe Ridge, Benton County",110023,Canoe Ridge,2017-12-14 20:10:50.109635
2016-09-28,19:30,72.1,72.0,42.7,34.6,0.0,N@2.9,3.5,71.1,0.0,0,"Canoe Ridge, Benton County",110023,Canoe Ridge,2017-12-14 20:10:50.109635
2016-09-28,19:45,71.8,71.8,42.7,35.0,0.0,N@2.6,3.1,71.2,0.0,0,"Canoe Ridge, Benton County",110023,Canoe Ridge,2017-12-14 20:10:50.109635
2016-09-28,20:00,71.7,71.7,42.0,34.2,0.0,SE@3.2,3.9,71.3,0.0,0,"Canoe Ridge, Benton County",110023,Canoe Ridge,2017-12-14 20:10:50.109635
2016-09-28,20:15,71.7,71.7,41.4,33.3,0.0,SW@3.0,3.9,71.4,0.0,0,"Canoe Ridge, Benton County",110023,Canoe Ridge,2017-12-14 20:10:50.109635
2016-09-28,20:30,71.3,71.2,41.6,34.1,0.0,E@3.7,4.6,71.5,0.0,0,"Canoe Ridge, Benton County",110023,Canoe Ridge,2017-12-14 20:10:50.109635
2016-09-28,20:45,69.3,69.3,41.8,36.7,0.0,NE@4.7,6.7,71.5,0.0,0,"Canoe Ridge, Benton County",110023,Canoe Ridge,2017-12-14 20:10:50.109635
2016-09-28,21:00,68.9,68.9,41.2,36.4,0.0,E@5.9,7.1,71.6,0.0,0,"Canoe Ridge, Benton County",110023,Canoe Ridge,2017-12-14 20:10:50.109635
2016-09-28,21:15,68.8,68.8,41.3,36.7,0.0,N@5.1,6.4,71.7,0.0,0,"Canoe Ridge, Benton County",110023,Canoe Ridge,2017-12-14 20:10:50.109635
2016-09-28,21:30,69.1,69.0,41.8,37.0,0.0,N@2.7,6.0,71.7,0.0,0,"Canoe Ridge, Benton County",110023,Canoe Ridge,2017-12-14 20:10:50.109635
2016-09-28,21:45,67.4,67.3,42.4,40.2,0.0,E@1.7,4.6,71.8,0.0,0,"Canoe Ridge, Benton County",110023,Canoe Ridge,2017-12-14 20:10:50.109635
2016-09-28,22:00,67.1,67.1,41.3,38.9,0.0,E@4.1,5.3,71.8,0.0,0,"Canoe Ridge, Benton County",110023,Canoe Ridge,2017-12-14 20:10:50.109635
2016-09-28,22:15,66.9,66.9,41.7,39.7,0.0,N@3.5,4.6,71.9,0.0,0,"Canoe Ridge, Benton County",110023,Canoe Ridge,2017-12-14 20:10:50.109635
2016-09-28,22:30,67.5,67.5,41.6,38.9,0.0,NE@2.3,3.5,71.9,0.0,0,"Canoe Ridge, Benton County",110023,Canoe Ridge,2017-12-14 20:10:50.109635
2016-09-28,22:45,66.5,66.4,42.4,41.5,0.0,N@0.1,1.7,71.9,0.0,0,"Canoe Ridge, Benton County",110023,Canoe Ridge,2017-12-14 20:10:50.109635
2016-09-28,23:00,64.5,64.4,44.6,48.4,0.0,N@1.8,3.5,72.0,0.0,0,"Canoe Ridge, Benton County",110023,Canoe Ridge,2017-12-14 20:10:50.109635
2016-09-29,23:15,63.0,63.0,47.0,55.7,0.01,N@3.5,4.6,72.0,0.0,0,"Canoe Ridge, Benton County",110023,Canoe Ridge,2017-12-14 20:10:50.109635
2016-09-29,23:30,62.6,62.6,47.3,57.2,0.01,NW@2.9,3.9,72.0,0.0,0,"Canoe Ridge, Benton County",110023,Canoe Ridge,2017-12-14 20:10:50.109635
2016-09-29,23:45,63.4,63.3,44.8,50.8,0.0,NW@3.4,4.2,72.0,0.0,0,"Canoe Ridge, Benton County",110023,Canoe Ridge,2017-12-14 20:10:50.109635
2016-09-29,24:00,63.3,63.3,42.1,45.8,0.0,W@4.3,5.3,72.0,0.0,0,"Canoe Ridge, Benton County",110023,Canoe Ridge,2017-12-14 20:10:50.109635
2016-09-29,00:15,61.9,61.9,42.5,48.9,0.0,SW@4.4,6.0,72.0,0.0,0,"Canoe Ridge, Benton County",110023,Canoe Ridge,2017-12-14 20:10:50.109635
2016-09-29,00:30,60.5,60.4,44.3,55.1,0.01,N@3.8,4.9,72.0,0.0,0,"Canoe Ridge, Benton County",110023,Canoe Ridge,2017-12-14 20:10:50.109635
2016-09-29,00:45,60.3,60.3,44.1,54.9,0.01,N@3.2,3.9,71.9,0.0,0,"Canoe Ridge, Benton County",110023,Canoe Ridge,2017-12-14 20:10:50.109635
2016-09-29,01:00,59.6,59.6,44.5,57.1,0.01,SE@2.1,3.5,71.9,0.0,0,"Canoe Ridge, Benton County",110023,Canoe Ridge,2017-12-14 20:10:50.109635
2016-09-29,01:15,59.5,59.4,44.6,57.6,0.01,NW@1.0,4.9,71.9,0.0,0,"Canoe Ridge, Benton County",110023,Canoe Ridge,2017-12-14 20:10:50.109635
2016-09-29,01:30,59.9,59.8,43.4,54.4,0.01,W@4.0,5.7,71.9,0.0,0,"Canoe Ridge, Benton County",110023,Canoe Ridge,2017-12-14 20:10:50.109635
2016-09-29,01:45,59.7,59.6,44.2,56.3,0.01,NW@0.3,2.8,71.9,0.0,0,"Canoe Ridge, Benton County",110023,Canoe Ridge,2017-12-14 20:10:50.109635
2016-09-29,02:00,58.7,58.6,45.5,61.2,0.01,N@0.0,0.0,71.8,0.0,0,"Canoe Ridge, Benton County",110023,Canoe Ridge,2017-12-14 20:10:50.109635
2016-09-29,02:15,57.4,57.3,47.4,69.1,0.03,N@0.0,0.0,71.8,0.0,0,"Canoe Ridge, Benton County",110023,Canoe Ridge,2017-12-14 20:10:50.109635
2016-09-29,02:30,56.2,56.1,48.8,76.0,0.05,N@0.0,0.0,71.7,0.0,0,"Canoe Ridge, Benton County",110023,Canoe Ridge,2017-12-14 20:10:50.109635
2016-09-29,02:45,55.9,55.9,48.7,76.5,0.05,N@0.0,0.0,71.7,0.0,0,"Canoe Ridge, Benton County",110023,Canoe Ridge,2017-12-14 20:10:50.109635
2016-09-29,03:00,56.7,56.7,46.0,67.2,0.02,N@3.6,4.6,71.7,0.0,0,"Canoe Ridge, Benton County",110023,Canoe Ridge,2017-12-14 20:10:50.109635
2016-09-29,03:15,57.9,57.9,44.4,60.5,0.01,N@2.8,4.2,71.6,0.0,0,"Canoe Ridge, Benton County",110023,Canoe Ridge,2017-12-14 20:10:50.109635
2016-09-29,03:30,56.2,56.0,43.7,62.7,0.02,N@0.0,0.0,71.6,0.0,0,"Canoe Ridge, Benton County",110023,Canoe Ridge,2017-12-14 20:10:50.109635
2016-09-29,03:45,56.5,56.4,43.6,61.7,0.01,N@0.0,0.0,71.5,0.0,0,"Canoe Ridge, Benton County",110023,Canoe Ridge,2017-12-14 20:10:50.109635
2016-09-29,04:00,55.6,55.4,44.5,66.3,0.02,N@0.0,0.0,71.5,0.0,0,"Canoe Ridge, Benton County",110023,Canoe Ridge,2017-12-14 20:10:50.109635
2016-09-29,04:15,55.5,55.4,44.3,65.8,0.02,N@0.0,0.0,71.4,0.0,0,"Canoe Ridge, Benton County",110023,Canoe Ridge,2017-12-14 20:10:50.109635
2016-09-29,04:30,55.2,55.1,44.4,66.9,0.02,N@0.0,0.0,71.4,0.0,0,"Canoe Ridge, Benton County",110023,Canoe Ridge,2017-12-14 20:10:50.109635
2016-09-29,04:45,54.4,54.4,44.8,69.7,0.02,N@0.0,0.0,71.3,0.0,0,"Canoe Ridge, Benton County",110023,Canoe Ridge,2017-12-14 20:10:50.109635
2016-09-29,05:00,55.1,55.0,42.0,61.3,0.01,N@2.5,4.6,71.2,0.0,0,"Canoe Ridge, Benton County",110023,Canoe Ridge,2017-12-14 20:10:50.109635
2016-09-29,05:15,54.9,54.8,41.6,60.6,0.01,N@3.6,4.9,71.2,0.0,0,"Canoe Ridge, Benton County",110023,Canoe Ridge,2017-12-14 20:10:50.109635
2016-09-29,05:30,55.5,55.4,41.5,59.2,0.01,N@3.0,4.2,71.1,0.0,0,"Canoe Ridge, Benton County",110023,Canoe Ridge,2017-12-14 20:10:50.109635
2016-09-29,05:45,54.1,54.0,43.7,67.7,0.02,N@0.0,0.0,71.1,0.0,1,"Canoe Ridge, Benton County",110023,Canoe Ridge,2017-12-14 20:10:50.109635
2016-09-29,06:00,54.0,53.8,45.3,72.2,0.04,N@0.0,0.0,71.0,0.0,3,"Canoe Ridge, Benton County",110023,Canoe Ridge,2017-12-14 20:10:50.109635
2016-09-29,06:15,52.6,52.5,47.7,83.4,0.11,N@0.0,0.0,70.9,0.0,17,"Canoe Ridge, Benton County",110023,Canoe Ridge,2017-12-14 20:10:50.109635
2016-09-29,06:30,52.8,52.7,48.2,84.3,0.15,N@0.0,0.0,70.9,0.0,54,"Canoe Ridge, Benton County",110023,Canoe Ridge,2017-12-14 20:10:50.109635
2016-09-29,06:45,53.5,53.3,48.9,84.4,0.12,N@0.0,0.0,70.8,0.0,95,"Canoe Ridge, Benton County",110023,Canoe Ridge,2017-12-14 20:10:50.109635
2016-09-29,07:00,54.8,54.7,49.2,81.5,0.08,N@0.0,0.0,70.7,0.0,135,"Canoe Ridge, Benton County",110023,Canoe Ridge,2017-12-14 20:10:50.109635
2016-09-29,07:15,55.0,54.9,48.5,78.8,0.03,N@0.1,3.9,70.6,0.0,174,"Canoe Ridge, Benton County",110023,Canoe Ridge,2017-12-14 20:10:50.109635
2016-09-29,07:30,55.2,55.0,48.7,78.6,0.03,N@3.3,4.6,70.6,0.0,218,"Canoe Ridge, Benton County",110023,Canoe Ridge,2017-12-14 20:10:50.109635
2016-09-29,07:45,56.9,56.8,48.4,73.3,0.01,N@2.2,4.2,70.5,0.0,262,"Canoe Ridge, Benton County",110023,Canoe Ridge,2017-12-14 20:10:50.109635
2016-09-29,08:00,57.6,57.5,48.5,71.7,0.01,SE@3.7,5.7,70.4,0.0,306,"Canoe Ridge, Benton County",110023,Canoe Ridge,2017-12-14 20:10:50.109635
2016-09-29,08:15,57.3,57.2,48.6,72.7,0.01,SE@3.9,6.4,70.3,0.0,359,"Canoe Ridge, Benton County",110023,Canoe Ridge,2017-12-14 20:10:50.109635
2016-09-29,08:30,58.3,58.2,48.7,70.4,0.01,SE@3.4,5.3,70.2,0.0,385,"Canoe Ridge, Benton County",110023,Canoe Ridge,2017-12-14 20:10:50.109635
2016-09-29,08:45,59.2,59.1,48.8,68.4,0.01,SE@3.2,5.3,70.2,0.0,403,"Canoe Ridge, Benton County",110023,Canoe Ridge,2017-12-14 20:10:50.109635
2016-09-29,09:00,61.3,61.2,49.0,63.9,0.01,E@2.7,4.9,70.1,0.0,473,"Canoe Ridge, Benton County",110023,Canoe Ridge,2017-12-14 20:10:50.109635
2016-09-29,09:15,62.5,62.3,49.3,62.1,0.0,E@3.4,6.4,70.0,0.0,503,"Canoe Ridge, Benton County",110023,Canoe Ridge,2017-12-14 20:10:50.109635
2016-09-29,09:30,62.7,62.5,49.9,62.9,0.01,SE@3.2,5.3,69.9,0.0,478,"Canoe Ridge, Benton County",110023,Canoe Ridge,2017-12-14 20:10:50.109635
2016-09-29,09:45,64.6,64.4,49.9,58.9,0.0,SE@2.7,4.9,69.8,0.0,546,"Canoe Ridge, Benton County",110023,Canoe Ridge,2017-12-14 20:10:50.109635
2016-09-29,10:00,64.7,64.5,49.9,58.6,0.0,SE@3.7,6.0,69.7,0.0,558,"Canoe Ridge, Benton County",110023,Canoe Ridge,2017-12-14 20:10:50.109635
2016-09-29,10:15,65.0,65.0,50.2,58.7,0.0,SE@3.9,7.1,69.7,0.0,592,"Canoe Ridge, Benton County",110023,Canoe Ridge,2017-12-14 20:10:50.109635
2016-09-29,10:30,66.7,66.8,50.4,55.5,0.0,SE@3.6,6.0,69.6,0.0,593,"Canoe Ridge, Benton County",110023,Canoe Ridge,2017-12-14 20:10:50.109635
2016-09-29,10:45,67.8,67.6,50.4,53.7,0.0,SE@3.7,6.4,69.5,0.0,619,"Canoe Ridge, Benton County",110023,Canoe Ridge,2017-12-14 20:10:50.109635
2016-09-29,11:00,68.1,68.0,50.4,53.2,0.0,SE@3.9,6.7,69.4,0.0,606,"Canoe Ridge, Benton County",110023,Canoe Ridge,2017-12-14 20:10:50.109635
2016-09-29,11:15,70.3,70.3,50.0,48.5,0.0,SE@3.2,5.3,69.4,0.0,636,"Canoe Ridge, Benton County",110023,Canoe Ridge,2017-12-14 20:10:50.109635
2016-09-29,11:30,71.4,71.3,47.1,41.9,0.0,SE@2.8,4.9,69.3,0.0,676,"Canoe Ridge, Benton County",110023,Canoe Ridge,2017-12-14 20:10:50.109635
2016-09-29,11:45,71.4,71.3,47.1,41.9,0.0,E@3.3,7.1,69.2,0.0,640,"Canoe Ridge, Benton County",110023,Canoe Ridge,2017-12-14 20:10:50.109635
2016-09-29,12:00,73.0,72.8,45.7,37.6,0.0,SE@4.5,7.4,69.2,0.0,675,"Canoe Ridge, Benton County",110023,Canoe Ridge,2017-12-14 20:10:50.109635
2016-09-29,12:15,74.0,73.8,44.9,35.3,0.0,SE@4.2,7.1,69.1,0.0,659,"Canoe Ridge, Benton County",110023,Canoe Ridge,2017-12-14 20:10:50.109635
2016-09-29,12:30,74.4,74.4,44.8,34.7,0.0,SE@4.4,7.1,69.1,0.0,632,"Canoe Ridge, Benton County",110023,Canoe Ridge,2017-12-14 20:10:50.109635
2016-09-29,12:45,74.9,74.8,44.6,33.8,0.0,SE@5.0,7.8,69.1,0.0,652,"Canoe Ridge, Benton County",110023,Canoe Ridge,2017-12-14 20:10:50.109635
2016-09-29,13:00,75.6,75.5,43.8,32.1,0.0,SE@5.4,8.5,69.0,0.0,617,"Canoe Ridge, Benton County",110023,Canoe Ridge,2017-12-14 20:10:50.109635
2016-09-29,13:15,76.0,75.9,44.3,32.3,0.0,SE@5.5,8.5,69.0,0.0,551,"Canoe Ridge, Benton County",110023,Canoe Ridge,2017-12-14 20:10:50.109635
2016-09-29,13:30,76.0,76.0,44.5,32.6,0.0,SE@5.3,8.5,69.0,0.0,568,"Canoe Ridge, Benton County",110023,Canoe Ridge,2017-12-14 20:10:50.109635
2016-09-29,13:45,76.3,76.2,44.4,32.2,0.0,SE@5.0,8.9,69.0,0.0,567,"Canoe Ridge, Benton County",110023,Canoe Ridge,2017-12-14 20:10:50.109635
2016-09-29,14:00,76.6,76.5,44.5,31.9,0.0,SE@4.4,7.4,69.0,0.0,522,"Canoe Ridge, Benton County",110023,Canoe Ridge,2017-12-14 20:10:50.109635
2016-09-29,14:15,77.1,76.9,43.6,30.4,0.0,SE@4.7,7.4,69.0,0.0,474,"Canoe Ridge, Benton County",110023,Canoe Ridge,2017-12-14 20:10:50.109635
2016-09-29,14:30,77.1,77.0,44.4,31.3,0.0,SE@4.7,7.1,69.0,0.0,500,"Canoe Ridge, Benton County",110023,Canoe Ridge,2017-12-14 20:10:50.109635
2016-09-29,14:45,77.6,77.4,43.6,29.8,0.0,SE@5.1,7.1,69.0,0.0,427,"Canoe Ridge, Benton County",110023,Canoe Ridge,2017-12-14 20:10:50.109635
2016-09-29,15:00,77.0,76.9,42.8,29.5,0.0,SE@4.2,6.7,69.1,0.0,314,"Canoe Ridge, Benton County",110023,Canoe Ridge,2017-12-14 20:10:50.109635
2016-09-29,15:15,77.5,77.4,42.0,28.1,0.0,SE@4.4,6.7,69.1,0.0,336,"Canoe Ridge, Benton County",110023,Canoe Ridge,2017-12-14 20:10:50.109635
2016-09-29,15:30,77.9,77.8,40.9,26.6,0.0,E@4.8,7.1,69.2,0.0,291,"Canoe Ridge, Benton County",110023,Canoe Ridge,2017-12-14 20:10:50.109635
2016-09-29,15:45,77.4,77.3,40.3,26.5,0.0,E@4.2,6.0,69.2,0.0,199,"Canoe Ridge, Benton County",110023,Canoe Ridge,2017-12-14 20:10:50.109635
2016-09-29,16:00,76.9,76.9,41.3,27.9,0.0,NE@4.2,6.0,69.3,0.0,147,"Canoe Ridge, Benton County",110023,Canoe Ridge,2017-12-14 20:10:50.109635
2016-09-29,16:15,77.0,77.0,42.0,28.5,0.0,NE@3.4,4.9,69.4,0.0,169,"Canoe Ridge, Benton County",110023,Canoe Ridge,2017-12-14 20:10:50.109635
2016-09-29,16:30,77.4,77.4,43.4,29.7,0.0,E@4.2,5.3,69.4,0.0,168,"Canoe Ridge, Benton County",110023,Canoe Ridge,2017-12-14 20:10:50.109635
2016-09-29,16:45,76.8,76.7,43.5,30.6,0.0,NE@3.9,4.9,69.5,0.0,116,"Canoe Ridge, Benton County",110023,Canoe Ridge,2017-12-14 20:10:50.109635
2016-09-29,17:00,76.4,76.4,43.2,30.5,0.0,NE@4.0,5.3,69.6,0.0,77,"Canoe Ridge, Benton County",110023,Canoe Ridge,2017-12-14 20:10:50.109635
2016-09-29,17:15,75.6,75.5,43.2,31.4,0.0,N@5.3,7.4,69.7,0.0,54,"Canoe Ridge, Benton County",110023,Canoe Ridge,2017-12-14 20:10:50.109635
2016-09-29,17:30,73.9,73.9,43.9,34.1,0.0,E@6.4,7.8,69.8,0.0,22,"Canoe Ridge, Benton County",110023,Canoe Ridge,2017-12-14 20:10:50.109635
2016-09-29,17:45,72.7,72.7,41.6,32.5,0.0,NE@6.5,7.8,69.9,0.0,5,"Canoe Ridge, Benton County",110023,Canoe Ridge,2017-12-14 20:10:50.109635
2016-09-29,18:00,72.0,72.1,39.7,30.9,0.0,NW@7.0,8.2,70.0,0.0,1,"Canoe Ridge, Benton County",110023,Canoe Ridge,2017-12-14 20:10:50.109635
2016-09-29,18:15,72.4,72.4,41.2,32.4,0.0,NW@5.9,14.2,70.1,0.0,0,"Canoe Ridge, Benton County",110023,Canoe Ridge,2017-12-14 20:10:50.109635
2016-09-29,18:30,72.2,72.2,47.4,41.2,0.0,W@13.3,21.0,70.2,0.0,0,"Canoe Ridge, Benton County",110023,Canoe Ridge,2017-12-14 20:10:50.109635
2016-09-29,18:45,71.0,71.1,47.3,42.7,0.0,W@13.4,18.9,70.3,0.0,0,"Canoe Ridge, Benton County",110023,Canoe Ridge,2017-12-14 20:10:50.109635
2016-09-29,19:00,70.3,70.3,46.7,42.9,0.0,SW@14.9,20.3,70.4,0.0,0,"Canoe Ridge, Benton County",110023,Canoe Ridge,2017-12-14 20:10:50.109635
2016-09-29,19:15,69.6,69.6,45.1,41.4,0.0,SW@14.6,20.3,70.6,0.0,0,"Canoe Ridge, Benton County",110023,Canoe Ridge,2017-12-14 20:10:50.109635
2016-09-29,19:30,68.8,68.8,43.2,39.5,0.0,SW@14.3,21.4,70.7,0.0,0,"Canoe Ridge, Benton County",110023,Canoe Ridge,2017-12-14 20:10:50.109635
2016-09-29,19:45,67.4,67.5,41.7,39.1,0.0,SW@13.2,18.2,70.7,0.0,0,"Canoe Ridge, Benton County",110023,Canoe Ridge,2017-12-14 20:10:50.109635
2016-09-29,20:00,66.4,66.5,41.4,40.0,0.0,SW@12.5,17.1,70.8,0.0,0,"Canoe Ridge, Benton County",110023,Canoe Ridge,2017-12-14 20:10:50.109635
2016-09-29,20:15,65.4,65.5,42.8,43.7,0.0,SW@14.2,20.0,70.9,0.0,0,"Canoe Ridge, Benton County",110023,Canoe Ridge,2017-12-14 20:10:50.109635
2016-09-29,20:30,64.8,64.8,42.2,43.6,0.0,SW@16.3,21.8,71.0,0.0,0,"Canoe Ridge, Benton County",110023,Canoe Ridge,2017-12-14 20:10:50.109635
2016-09-29,20:45,64.2,64.2,42.3,44.7,0.0,SW@16.6,23.9,71.1,0.0,0,"Canoe Ridge, Benton County",110023,Canoe Ridge,2017-12-14 20:10:50.109635
2016-09-29,21:00,63.8,63.8,42.4,45.6,0.0,SW@15.5,21.8,71.2,0.0,0,"Canoe Ridge, Benton County",110023,Canoe Ridge,2017-12-14 20:10:50.109635
2016-09-29,21:15,63.3,63.4,43.4,48.1,0.0,SW@16.9,25.0,71.2,0.0,0,"Canoe Ridge, Benton County",110023,Canoe Ridge,2017-12-14 20:10:50.109635
2016-09-29,21:30,63.0,63.0,44.4,50.6,0.0,SW@15.7,21.8,71.3,0.0,0,"Canoe Ridge, Benton County",110023,Canoe Ridge,2017-12-14 20:10:50.109635
2016-09-29,21:45,62.3,62.4,45.5,54.0,0.0,SW@15.0,21.0,71.3,0.0,0,"Canoe Ridge, Benton County",110023,Canoe Ridge,2017-12-14 20:10:50.109635
2016-09-29,22:00,61.3,61.3,46.4,57.8,0.01,SW@14.7,20.7,71.4,0.0,0,"Canoe Ridge, Benton County",110023,Canoe Ridge,2017-12-14 20:10:50.109635
2016-09-29,22:15,60.8,60.8,47.4,61.3,0.01,SW@17.1,22.1,71.4,0.0,0,"Canoe Ridge, Benton County",110023,Canoe Ridge,2017-12-14 20:10:50.109635
2016-09-29,22:30,60.4,60.4,46.8,60.7,0.01,SW@18.3,22.5,71.5,0.0,0,"Canoe Ridge, Benton County",110023,Canoe Ridge,2017-12-14 20:10:50.109635
2016-09-29,22:45,60.1,60.2,47.0,61.8,0.01,SW@17.9,22.8,71.5,0.0,0,"Canoe Ridge, Benton County",110023,Canoe Ridge,2017-12-14 20:10:50.109635
2016-09-29,23:00,59.8,59.9,46.9,62.2,0.01,S@18.5,25.3,71.5,0.0,0,"Canoe Ridge, Benton County",110023,Canoe Ridge,2017-12-14 20:10:50.109635
2016-09-30,23:15,59.5,59.5,47.0,63.2,0.01,S@16.2,22.1,71.5,0.0,0,"Canoe Ridge, Benton County",110023,Canoe Ridge,2017-12-14 20:10:50.109635
2016-09-30,23:30,59.7,59.7,46.4,61.3,0.01,SW@16.6,22.5,71.6,0.0,0,"Canoe Ridge, Benton County",110023,Canoe Ridge,2017-12-14 20:10:50.109635
2016-09-30,23:45,59.8,59.8,46.1,60.5,0.01,SW@17.6,22.5,71.6,0.0,0,"Canoe Ridge, Benton County",110023,Canoe Ridge,2017-12-14 20:10:50.109635
2016-09-30,24:00,59.6,59.6,46.5,61.9,0.01,SW@13.7,19.2,71.6,0.0,0,"Canoe Ridge, Benton County",110023,Canoe Ridge,2017-12-14 20:10:50.109635
2016-09-30,00:15,59.2,59.2,47.2,64.4,0.01,SW@11.3,20.0,71.6,0.0,0,"Canoe Ridge, Benton County",110023,Canoe Ridge,2017-12-14 20:10:50.109635
2016-09-30,00:30,58.8,58.8,47.1,65.0,0.01,SW@14.8,20.7,71.6,0.0,0,"Canoe Ridge, Benton County",110023,Canoe Ridge,2017-12-14 20:10:50.109635
2016-09-30,00:45,58.3,58.3,47.6,67.5,0.01,SW@14.3,22.5,71.6,0.0,0,"Canoe Ridge, Benton County",110023,Canoe Ridge,2017-12-14 20:10:50.109635
2016-09-30,01:00,58.5,58.5,46.4,64.0,0.01,SW@15.7,20.0,71.6,0.0,0,"Canoe Ridge, Benton County",110023,Canoe Ridge,2017-12-14 20:10:50.109635
2016-09-30,01:15,58.9,58.9,46.0,62.2,0.01,SW@16.0,21.8,71.6,0.0,0,"Canoe Ridge, Benton County",110023,Canoe Ridge,2017-12-14 20:10:50.109635
2016-09-30,01:30,59.1,59.1,46.0,61.8,0.01,SW@16.6,21.4,71.5,0.0,0,"Canoe Ridge, Benton County",110023,Canoe Ridge,2017-12-14 20:10:50.109635
2016-09-30,01:45,58.7,58.7,46.9,64.6,0.01,SW@13.9,19.2,71.5,0.0,0,"Canoe Ridge, Benton County",110023,Canoe Ridge,2017-12-14 20:10:50.109635
2016-09-30,02:00,58.3,58.2,47.2,66.6,0.01,SW@14.1,19.6,71.5,0.0,0,"Canoe Ridge, Benton County",110023,Canoe Ridge,2017-12-14 20:10:50.109635
2016-09-30,02:15,57.5,57.5,46.9,67.7,0.01,SW@12.9,17.8,71.5,0.0,0,"Canoe Ridge, Benton County",110023,Canoe Ridge,2017-12-14 20:10:50.109635
2016-09-30,02:30,57.3,57.3,46.2,66.4,0.01,SW@13.9,19.2,71.4,0.0,0,"Canoe Ridge, Benton County",110023,Canoe Ridge,2017-12-14 20:10:50.109635
2016-09-30,02:45,57.1,57.1,45.6,65.3,0.01,SW@12.6,18.9,71.4,0.0,0,"Canoe Ridge, Benton County",110023,Canoe Ridge,2017-12-14 20:10:50.109635
2016-09-30,03:00,56.4,56.3,45.1,65.9,0.01,SW@12.1,16.4,71.4,0.0,0,"Canoe Ridge, Benton County",110023,Canoe Ridge,2017-12-14 20:10:50.109635
2016-09-30,03:15,55.9,55.9,44.4,65.2,0.01,SW@10.9,15.7,71.3,0.0,0,"Canoe Ridge, Benton County",110023,Canoe Ridge,2017-12-14 20:10:50.109635
2016-09-30,03:30,55.9,55.9,44.3,65.1,0.01,SW@12.6,17.5,71.3,0.0,0,"Canoe Ridge, Benton County",110023,Canoe Ridge,2017-12-14 20:10:50.109635
2016-09-30,03:45,54.9,54.8,43.8,66.2,0.01,SW@12.8,16.0,71.3,0.0,0,"Canoe Ridge, Benton County",110023,Canoe Ridge,2017-12-14 20:10:50.109635
2016-09-30,04:00,54.5,54.5,43.6,66.5,0.01,SW@12.4,16.4,71.2,0.0,0,"Canoe Ridge, Benton County",110023,Canoe Ridge,2017-12-14 20:10:50.109635
2016-09-30,04:15,54.3,54.3,43.3,66.1,0.01,SW@11.6,16.4,71.2,0.0,0,"Canoe Ridge, Benton County",110023,Canoe Ridge,2017-12-14 20:10:50.109635
2016-09-30,04:30,54.7,54.6,43.3,65.2,0.01,SW@12.1,16.4,71.2,0.0,0,"Canoe Ridge, Benton County",110023,Canoe Ridge,2017-12-14 20:10:50.109635
2016-09-30,04:45,55.0,55.0,43.3,64.6,0.01,S@10.6,13.5,71.1,0.0,0,"Canoe Ridge, Benton County",110023,Canoe Ridge,2017-12-14 20:10:50.109635
2016-09-30,05:00,55.4,55.4,43.1,63.1,0.01,SW@12.5,16.7,71.1,0.0,0,"Canoe Ridge, Benton County",110023,Canoe Ridge,2017-12-14 20:10:50.109635
2016-09-30,05:15,55.3,55.3,42.5,61.8,0.01,SW@10.8,15.0,71.0,0.0,0,"Canoe Ridge, Benton County",110023,Canoe Ridge,2017-12-14 20:10:50.109635
2016-09-30,05:30,54.8,54.8,41.9,61.5,0.01,SW@9.4,12.4,71.0,0.0,0,"Canoe Ridge, Benton County",110023,Canoe Ridge,2017-12-14 20:10:50.109635
2016-09-30,05:45,54.6,54.6,42.3,63.0,0.01,SW@11.3,14.6,70.9,0.0,0,"Canoe Ridge, Benton County",110023,Canoe Ridge,2017-12-14 20:10:50.109635
2016-09-30,06:00,54.2,54.1,42.3,63.9,0.01,SW@9.6,15.3,70.9,0.0,3,"Canoe Ridge, Benton County",110023,Canoe Ridge,2017-12-14 20:10:50.109635
2016-09-30,06:15,54.2,54.2,42.1,63.3,0.01,SW@10.8,15.7,70.8,0.0,12,"Canoe Ridge, Benton County",110023,Canoe Ridge,2017-12-14 20:10:50.109635
2016-09-30,06:30,54.3,54.2,41.5,61.8,0.01,SW@8.7,12.1,70.8,0.0,45,"Canoe Ridge, Benton County",110023,Canoe Ridge,2017-12-14 20:10:50.109635
2016-09-30,06:45,55.0,54.9,41.6,60.5,0.01,SW@10.2,13.9,70.7,0.0,73,"Canoe Ridge, Benton County",110023,Canoe Ridge,2017-12-14 20:10:50.109635
2016-09-30,07:00,55.2,55.1,41.7,60.3,0.01,SW@9.8,12.4,70.7,0.0,110,"Canoe Ridge, Benton County",110023,Canoe Ridge,2017-12-14 20:10:50.109635
2016-09-30,07:15,56.3,56.1,42.1,58.9,0.01,SW@10.1,12.8,70.6,0.0,156,"Canoe Ridge, Benton County",110023,Canoe Ridge,2017-12-14 20:10:50.109635
2016-09-30,07:30,56.4,56.3,42.6,59.6,0.01,SW@10.4,13.9,70.5,0.0,133,"Canoe Ridge, Benton County",110023,Canoe Ridge,2017-12-14 20:10:50.109635
2016-09-30,07:45,57.4,57.3,42.8,58.1,0.0,SW@9.3,12.8,70.5,0.0,160,"Canoe Ridge, Benton County",110023,Canoe Ridge,2017-12-14 20:10:50.109635
2016-09-30,08:00,59.3,59.1,42.6,54.0,0.0,SW@10.1,13.9,70.4,0.0,310,"Canoe Ridge, Benton County",110023,Canoe Ridge,2017-12-14 20:10:50.109635
2016-09-30,08:15,60.2,60.0,42.1,51.3,0.0,SW@9.8,14.6,70.4,0.0,344,"Canoe Ridge, Benton County",110023,Canoe Ridge,2017-12-14 20:10:50.109635
2016-09-30,08:30,60.2,60.0,42.4,51.8,0.0,SW@10.5,13.9,70.3,0.0,319,"Canoe Ridge, Benton County",110023,Canoe Ridge,2017-12-14 20:10:50.109635
2016-09-30,08:45,59.5,59.4,42.8,53.9,0.0,SW@9.1,12.1,70.2,0.0,205,"Canoe Ridge, Benton County",110023,Canoe Ridge,2017-12-14 20:10:50.109635
2016-09-30,09:00,59.8,59.7,42.7,53.0,0.0,W@9.7,12.4,70.2,0.0,314,"Canoe Ridge, Benton County",110023,Canoe Ridge,2017-12-14 20:10:50.109635
2016-09-30,09:15,62.4,62.2,42.6,48.1,0.0,SW@9.8,14.2,70.1,0.0,474,"Canoe Ridge, Benton County",110023,Canoe Ridge,2017-12-14 20:10:50.109635
2016-09-30,09:30,62.9,62.7,42.1,46.5,0.0,SW@9.1,12.8,70.0,0.0,515,"Canoe Ridge, Benton County",110023,Canoe Ridge,2017-12-14 20:10:50.109635
2016-09-30,09:45,64.0,63.9,41.6,43.8,0.0,SW@8.1,12.1,70.0,0.0,543,"Canoe Ridge, Benton County",110023,Canoe Ridge,2017-12-14 20:10:50.109635
2016-09-30,10:00,64.9,64.7,41.7,42.6,0.0,SW@8.0,14.2,69.9,0.0,577,"Canoe Ridge, Benton County",110023,Canoe Ridge,2017-12-14 20:10:50.109635
2016-09-30,10:15,65.0,64.9,40.3,40.3,0.0,W@8.0,12.4,69.8,0.0,482,"Canoe Ridge, Benton County",110023,Canoe Ridge,2017-12-14 20:10:50.109635
2016-09-30,10:30,66.9,66.7,40.0,37.3,0.0,W@7.5,11.4,69.8,0.0,720,"Canoe Ridge, Benton County",110023,Canoe Ridge,2017-12-14 20:10:50.109635
2016-09-30,10:45,67.6,67.4,39.8,36.1,0.0,SW@8.2,12.4,69.7,0.0,688,"Canoe Ridge, Benton County",110023,Canoe Ridge,2017-12-14 20:10:50.109635
2016-09-30,11:00,66.1,66.1,38.3,35.7,0.0,W@6.1,9.9,69.6,0.0,357,"Canoe Ridge, Benton County",110023,Canoe Ridge,2017-12-14 20:10:50.109635
2016-09-30,11:15,66.8,66.7,35.5,31.3,0.0,W@5.6,8.2,69.6,0.0,483,"Canoe Ridge, Benton County",110023,Canoe Ridge,2017-12-14 20:10:50.109635
2016-09-30,11:30,67.9,67.8,35.4,30.0,0.0,W@4.8,8.2,69.5,0.0,484,"Canoe Ridge, Benton County",110023,Canoe Ridge,2017-12-14 20:10:50.109635
2016-09-30,11:45,68.2,68.1,35.7,30.1,0.0,W@5.6,8.9,69.5,0.0,556,"Canoe Ridge, Benton County",110023,Canoe Ridge,2017-12-14 20:10:50.109635
2016-09-30,12:00,68.8,68.7,34.7,28.4,0.0,SW@5.6,10.3,69.4,0.0,560,"Canoe Ridge, Benton County",110023,Canoe Ridge,2017-12-14 20:10:50.109635
2016-09-30,12:15,69.4,69.4,31.2,24.1,0.0,W@6.3,9.9,69.4,0.0,503,"Canoe Ridge, Benton County",110023,Canoe Ridge,2017-12-14 20:10:50.109635
2016-09-30,12:30,69.8,69.6,30.7,23.3,0.0,W@4.5,7.4,69.4,0.0,562,"Canoe Ridge, Benton County",110023,Canoe Ridge,2017-12-14 20:10:50.109635
2016-09-30,12:45,70.9,70.7,30.1,21.9,0.0,S@4.0,7.4,69.3,0.0,518,"Canoe Ridge, Benton County",110023,Canoe Ridge,2017-12-14 20:10:50.109635
2016-09-30,13:00,71.2,71.1,37.5,29.2,0.0,SE@3.6,6.0,69.3,0.0,524,"Canoe Ridge, Benton County",110023,Canoe Ridge,2017-12-14 20:10:50.109635
2016-09-30,13:15,70.9,70.9,38.8,31.0,0.0,E@3.7,6.7,69.3,0.0,556,"Canoe Ridge, Benton County",110023,Canoe Ridge,2017-12-14 20:10:50.109635
2016-09-30,13:30,71.4,71.3,37.4,28.9,0.0,SE@4.7,8.2,69.2,0.0,464,"Canoe Ridge, Benton County",110023,Canoe Ridge,2017-12-14 20:10:50.109635
2016-09-30,13:45,70.7,70.6,37.2,29.3,0.0,SE@6.4,9.9,69.2,0.0,397,"Canoe Ridge, Benton County",110023,Canoe Ridge,2017-12-14 20:10:50.109635
2016-09-30,14:00,70.8,70.7,35.1,26.9,0.0,E@5.6,8.9,69.2,0.0,424,"Canoe Ridge, Benton County",110023,Canoe Ridge,2017-12-14 20:10:50.109635
2016-09-30,14:15,71.1,71.0,34.0,25.4,0.0,E@6.2,9.2,69.2,0.0,389,"Canoe Ridge, Benton County",110023,Canoe Ridge,2017-12-14 20:10:50.109635
2016-09-30,14:30,72.0,71.9,30.6,21.5,0.0,NE@6.5,8.5,69.2,0.0,438,"Canoe Ridge, Benton County",110023,Canoe Ridge,2017-12-14 20:10:50.109635
2016-09-30,14:45,72.3,72.2,32.0,22.5,0.0,E@5.9,8.2,69.2,0.0,403,"Canoe Ridge, Benton County",110023,Canoe Ridge,2017-12-14 20:10:50.109635
2016-09-30,15:00,72.4,72.2,33.6,24.0,0.0,E@6.1,8.5,69.2,0.0,385,"Canoe Ridge, Benton County",110023,Canoe Ridge,2017-12-14 20:10:50.109635
2016-09-30,15:15,73.5,73.3,35.7,25.2,0.0,E@6.6,9.2,69.3,0.0,444,"Canoe Ridge, Benton County",110023,Canoe Ridge,2017-12-14 20:10:50.109635
2016-09-30,15:30,73.5,73.3,35.0,24.4,0.0,E@8.1,11.4,69.3,0.0,415,"Canoe Ridge, Benton County",110023,Canoe Ridge,2017-12-14 20:10:50.109635
2016-09-30,15:45,73.4,73.3,36.6,26.2,0.0,NE@8.6,11.4,69.3,0.0,316,"Canoe Ridge, Benton County",110023,Canoe Ridge,2017-12-14 20:10:50.109635
2016-09-30,16:00,72.7,72.5,37.4,27.6,0.0,NE@6.8,10.3,69.4,0.0,216,"Canoe Ridge, Benton County",110023,Canoe Ridge,2017-12-14 20:10:50.109635
2016-09-30,16:15,73.0,72.8,37.2,27.1,0.0,NE@6.8,9.6,69.4,0.0,230,"Canoe Ridge, Benton County",110023,Canoe Ridge,2017-12-14 20:10:50.109635
2016-09-30,16:30,73.0,72.8,35.9,25.8,0.0,NE@6.4,9.2,69.5,0.0,188,"Canoe Ridge, Benton County",110023,Canoe Ridge,2017-12-14 20:10:50.109635
2016-09-30,16:45,71.9,71.9,37.0,27.9,0.0,E@8.3,12.4,69.5,0.0,82,"Canoe Ridge, Benton County",110023,Canoe Ridge,2017-12-14 20:10:50.109635
2016-09-30,17:00,70.7,70.6,39.3,31.9,0.0,NE@4.0,7.1,69.6,0.0,72,"Canoe Ridge, Benton County",110023,Canoe Ridge,2017-12-14 20:10:50.109635
2016-09-30,17:15,70.0,69.9,39.3,32.6,0.0,E@3.3,5.3,69.6,0.0,40,"Canoe Ridge, Benton County",110023,Canoe Ridge,2017-12-14 20:10:50.109635
2016-09-30,17:30,69.1,69.1,39.3,33.6,0.0,NE@3.3,6.0,69.7,0.0,29,"Canoe Ridge, Benton County",110023,Canoe Ridge,2017-12-14 20:10:50.109635
2016-09-30,17:45,69.2,69.2,38.9,33.0,0.0,NE@4.8,8.9,69.8,0.0,8,"Canoe Ridge, Benton County",110023,Canoe Ridge,2017-12-14 20:10:50.109635
2016-09-30,18:00,68.5,68.5,41.3,37.1,0.0,E@5.6,9.6,69.9,0.0,1,"Canoe Ridge, Benton County",110023,Canoe Ridge,2017-12-14 20:10:50.109635
2016-09-30,18:15,68.3,68.3,42.3,38.9,0.0,NW@5.0,6.4,69.9,0.0,0,"Canoe Ridge, Benton County",110023,Canoe Ridge,2017-12-14 20:10:50.109635
2016-09-30,18:30,68.6,68.6,40.8,36.2,0.0,W@5.6,15.7,70.0,0.0,0,"Canoe Ridge, Benton County",110023,Canoe Ridge,2017-12-14 20:10:50.109635
2016-09-30,18:45,67.2,67.3,37.7,33.7,0.0,W@12.5,18.5,70.1,0.0,0,"Canoe Ridge, Benton County",110023,Canoe Ridge,2017-12-14 20:10:50.109635
2016-09-30,19:00,66.9,66.9,35.8,31.5,0.0,SW@13.6,20.3,70.2,0.0,0,"Canoe Ridge, Benton County",110023,Canoe Ridge,2017-12-14 20:10:50.109635
2016-09-30,19:15,66.3,66.4,34.1,30.1,0.0,W@11.8,15.3,70.2,0.0,0,"Canoe Ridge, Benton County",110023,Canoe Ridge,2017-12-14 20:10:50.109635
2016-09-30,19:30,66.0,66.0,33.3,29.5,0.0,W@10.2,15.3,70.3,0.0,0,"Canoe Ridge, Benton County",110023,Canoe Ridge,2017-12-14 20:10:50.109635
2016-09-30,19:45,65.7,65.7,33.8,30.4,0.0,W@12.5,20.7,70.4,0.0,0,"Canoe Ridge, Benton County",110023,Canoe Ridge,2017-12-14 20:10:50.109635
2016-09-30,20:00,65.1,65.2,33.6,30.8,0.0,W@13.1,17.8,70.5,0.0,0,"Canoe Ridge, Benton County",110023,Canoe Ridge,2017-12-14 20:10:50.109635
2016-09-30,20:15,64.7,64.7,31.8,29.1,0.0,W@15.1,21.0,70.5,0.0,0,"Canoe Ridge, Benton County",110023,Canoe Ridge,2017-12-14 20:10:50.109635
2016-09-30,20:30,64.5,64.6,30.8,28.0,0.0,W@16.0,21.8,70.6,0.0,0,"Canoe Ridge, Benton County",110023,Canoe Ridge,2017-12-14 20:10:50.109635
2016-09-30,20:45,64.6,64.6,31.0,28.3,0.0,SW@17.2,24.3,70.6,0.0,0,"Canoe Ridge, Benton County",110023,Canoe Ridge,2017-12-14 20:10:50.109635
2016-09-30,21:00,64.3,64.3,30.4,27.9,0.0,SW@16.1,22.1,70.7,0.0,0,"Canoe Ridge, Benton County",110023,Canoe Ridge,2017-12-14 20:10:50.109635
2016-09-30,21:15,64.1,64.2,29.6,27.2,0.0,W@14.9,21.4,70.7,0.0,0,"Canoe Ridge, Benton County",110023,Canoe Ridge,2017-12-14 20:10:50.109635
2016-09-30,21:30,63.7,63.8,30.0,27.9,0.0,W@14.3,21.4,70.8,0.0,0,"Canoe Ridge, Benton County",110023,Canoe Ridge,2017-12-14 20:10:50.109635
2016-09-30,21:45,63.2,63.2,29.9,28.4,0.0,W@10.3,15.7,70.8,0.0,0,"Canoe Ridge, Benton County",110023,Canoe Ridge,2017-12-14 20:10:50.109635
2016-09-30,22:00,62.4,62.4,30.0,29.3,0.0,W@6.9,12.8,70.9,0.0,0,"Canoe Ridge, Benton County",110023,Canoe Ridge,2017-12-14 20:10:50.109635
2016-09-30,22:15,62.2,62.3,29.5,28.8,0.0,SW@8.6,13.5,70.9,0.0,0,"Canoe Ridge, Benton County",110023,Canoe Ridge,2017-12-14 20:10:50.109635
2016-09-30,22:30,61.9,61.9,30.8,30.8,0.0,SW@7.5,11.4,70.9,0.0,0,"Canoe Ridge, Benton County",110023,Canoe Ridge,2017-12-14 20:10:50.109635
2016-09-30,22:45,61.5,61.5,31.8,32.5,0.0,SW@7.9,11.0,70.9,0.0,0,"Canoe Ridge, Benton County",110023,Canoe Ridge,2017-12-14 20:10:50.109635
2016-09-30,23:00,61.3,61.3,33.9,35.6,0.0,SW@9.4,14.2,71.0,0.0,0,"Canoe Ridge, Benton County",110023,Canoe Ridge,2017-12-14 20:10:50.109635
2016-10-01,23:15,60.8,60.8,37.9,42.5,0.0,SW@11.0,16.7,71.0,0.0,0,"Canoe Ridge, Benton County",110023,Canoe Ridge,2017-12-14 20:10:50.109635
2016-10-01,23:30,60.7,60.7,39.0,44.6,0.0,SW@11.9,16.7,71.0,0.0,0,"Canoe Ridge, Benton County",110023,Canoe Ridge,2017-12-14 20:10:50.109635
2016-10-01,23:45,60.0,60.0,39.1,45.9,0.0,SW@12.0,16.4,71.0,0.0,0,"Canoe Ridge, Benton County",110023,Canoe Ridge,2017-12-14 20:10:50.109635
2016-10-01,24:00,59.9,59.9,39.1,45.9,0.0,SW@14.6,20.3,71.0,0.0,0,"Canoe Ridge, Benton County",110023,Canoe Ridge,2017-12-14 20:10:50.109635
